# ------------------------------------------------------------------------
# Radiance spectrum
# NASA-GSFC Planetary Spectrum Generator (PSG) (Villanueva et al. 2018, 2022)
# Synthesized on Sat Dec 23 00:05:16 2023
# Doppler velocities [km/s] (vobs,vrot+vorb,vwidth,vrfl,vstr): 0.00000,-0.00000,0.00000,-119.41115,-0.00000
# Spectral unit: Wavelength [um]
# Radiance unit: Spectral irradiance [W/m2/um]
# Wave/freq Total Object Reflected Thermal
5.000000000e-01  8.6913530e-13  8.69135e-13  8.69135e-13  3.07497e-53
5.025000000e-01  8.7641368e-13  8.76414e-13  8.76414e-13  5.24387e-53
5.050125000e-01  8.9817232e-13  8.98172e-13  8.98172e-13  8.89917e-53
5.075375625e-01  9.0208162e-13  9.02082e-13  9.02082e-13  1.51012e-52
5.100752503e-01  9.1512161e-13  9.15122e-13  9.15122e-13  2.55225e-52
5.126256266e-01  9.2734985e-13  9.27350e-13  9.27350e-13  4.30248e-52
5.151887547e-01  9.3969802e-13  9.39698e-13  9.39698e-13  7.23350e-52
5.177646985e-01  9.5659993e-13  9.56600e-13  9.56600e-13  1.21212e-51
5.203535220e-01  9.7256493e-13  9.72565e-13  9.72565e-13  2.02608e-51
5.229552896e-01  1.0001217e-12  1.00012e-12  1.00012e-12  3.37234e-51
5.255700660e-01  1.0075228e-12  1.00752e-12  1.00752e-12  5.61418e-51
5.281979164e-01  1.0223810e-12  1.02238e-12  1.02238e-12  9.31244e-51
5.308389059e-01  1.0317427e-12  1.03174e-12  1.03174e-12  1.54184e-50
5.334931005e-01  1.0526353e-12  1.05264e-12  1.05264e-12  2.54226e-50
5.361605660e-01  1.0706904e-12  1.07069e-12  1.07069e-12  4.18270e-50
5.388413688e-01  1.0838404e-12  1.08384e-12  1.08384e-12  6.86864e-50
5.415355756e-01  1.1036402e-12  1.10364e-12  1.10364e-12  1.12409e-49
5.442432535e-01  1.1134621e-12  1.11346e-12  1.11346e-12  1.83740e-49
5.469644698e-01  1.1259060e-12  1.12591e-12  1.12591e-12  2.99476e-49
5.496992921e-01  1.1484463e-12  1.14845e-12  1.14845e-12  4.86261e-49
5.524477886e-01  1.1697072e-12  1.16971e-12  1.16971e-12  7.87719e-49
5.552100275e-01  1.1718726e-12  1.17187e-12  1.17187e-12  1.27601e-48
5.579860777e-01  1.1976402e-12  1.19764e-12  1.19764e-12  2.05572e-48
5.607760081e-01  1.2156830e-12  1.21568e-12  1.21568e-12  3.30702e-48
5.635798881e-01  1.2262843e-12  1.22628e-12  1.22628e-12  5.31193e-48
5.663977875e-01  1.2447893e-12  1.24479e-12  1.24479e-12  8.50326e-48
5.692297765e-01  1.2619553e-12  1.26196e-12  1.26196e-12  1.35813e-47
5.720759254e-01  1.2713978e-12  1.27140e-12  1.27140e-12  2.16602e-47
5.749363050e-01  1.2909925e-12  1.29099e-12  1.29099e-12  3.44196e-47
5.778109865e-01  1.3059546e-12  1.30595e-12  1.30595e-12  5.45957e-47
5.807000414e-01  1.3206363e-12  1.32064e-12  1.32064e-12  8.63964e-47
5.836035417e-01  1.3364904e-12  1.33649e-12  1.33649e-12  1.36379e-46
5.865215594e-01  1.3442218e-12  1.34422e-12  1.34422e-12  2.14978e-46
5.894541672e-01  1.3626192e-12  1.36262e-12  1.36262e-12  3.37659e-46
5.924014380e-01  1.3674527e-12  1.36745e-12  1.36745e-12  5.29958e-46
5.953634452e-01  1.3855497e-12  1.38555e-12  1.38555e-12  8.28560e-46
5.983402624e-01  1.3912107e-12  1.39121e-12  1.39121e-12  1.29429e-45
6.013319637e-01  1.4060604e-12  1.40606e-12  1.40606e-12  2.01502e-45
6.043386235e-01  1.4158111e-12  1.41581e-12  1.41581e-12  3.13177e-45
6.073603167e-01  1.4321451e-12  1.43215e-12  1.43215e-12  4.85274e-45
6.103971182e-01  1.4376693e-12  1.43767e-12  1.43767e-12  7.51160e-45
6.134491038e-01  1.4479388e-12  1.44794e-12  1.44794e-12  1.15949e-44
6.165163494e-01  1.4662634e-12  1.46626e-12  1.46626e-12  1.78416e-44
6.195989311e-01  1.4676414e-12  1.46764e-12  1.46764e-12  2.74444e-44
6.226969258e-01  1.4803286e-12  1.48033e-12  1.48033e-12  4.20691e-44
6.258104104e-01  1.4985804e-12  1.49858e-12  1.49858e-12  6.43053e-44
6.289394624e-01  1.5068408e-12  1.50684e-12  1.50684e-12  9.81872e-44
6.320841597e-01  1.5160758e-12  1.51608e-12  1.51608e-12  1.49577e-43
6.352445805e-01  1.5244729e-12  1.52447e-12  1.52447e-12  2.27389e-43
6.384208035e-01  1.5463870e-12  1.54639e-12  1.54639e-12  3.44426e-43
6.416129075e-01  1.5518382e-12  1.55184e-12  1.55184e-12  5.21508e-43
6.448209720e-01  1.5693806e-12  1.56938e-12  1.56938e-12  7.86919e-43
6.480450769e-01  1.5827481e-12  1.58275e-12  1.58275e-12  1.18541e-42
6.512853022e-01  1.5937519e-12  1.59375e-12  1.59375e-12  1.78235e-42
6.545417288e-01  1.6087720e-12  1.60877e-12  1.60877e-12  2.67310e-42
6.578144374e-01  1.6244178e-12  1.62442e-12  1.62442e-12  4.00035e-42
6.611035096e-01  1.6377952e-12  1.63780e-12  1.63780e-12  5.97553e-42
6.644090271e-01  1.6559304e-12  1.65593e-12  1.65593e-12  8.90296e-42
6.677310723e-01  1.6747193e-12  1.67472e-12  1.67472e-12  1.32362e-41
6.710697276e-01  1.6956351e-12  1.69564e-12  1.69564e-12  1.96339e-41
6.744250763e-01  1.7101962e-12  1.71020e-12  1.71020e-12  2.90834e-41
6.777972017e-01  1.7204876e-12  1.72049e-12  1.72049e-12  4.30120e-41
6.811861877e-01  1.7400556e-12  1.74006e-12  1.74006e-12  6.34214e-41
6.845921186e-01  1.7565028e-12  1.75650e-12  1.75650e-12  9.33568e-41
6.880150792e-01  1.7685259e-12  1.76853e-12  1.76853e-12  1.37208e-40
6.914551546e-01  1.7908607e-12  1.79086e-12  1.79086e-12  2.01042e-40
6.949124304e-01  1.8018224e-12  1.80182e-12  1.80182e-12  2.94330e-40
6.983869925e-01  1.8287392e-12  1.82874e-12  1.82874e-12  4.29354e-40
7.018789275e-01  1.8423636e-12  1.84236e-12  1.84236e-12  6.25936e-40
7.053883221e-01  1.8520439e-12  1.85204e-12  1.85204e-12  9.11099e-40
7.089152637e-01  1.8678409e-12  1.86784e-12  1.86784e-12  1.32277e-39
7.124598400e-01  1.8907526e-12  1.89075e-12  1.89075e-12  1.91534e-39
7.160221392e-01  1.9058369e-12  1.90584e-12  1.90584e-12  2.77020e-39
7.196022499e-01  1.9125481e-12  1.91255e-12  1.91255e-12  4.00229e-39
7.232002612e-01  1.9247152e-12  1.92472e-12  1.92472e-12  5.76812e-39
7.268162625e-01  1.9422643e-12  1.94226e-12  1.94226e-12  8.29274e-39
7.304503438e-01  1.9510219e-12  1.95102e-12  1.95102e-12  1.19102e-38
7.341025955e-01  1.9663676e-12  1.96637e-12  1.96637e-12  1.70623e-38
7.377731085e-01  1.9664983e-12  1.96650e-12  1.96650e-12  2.44341e-38
7.414619740e-01  1.9803082e-12  1.98031e-12  1.98031e-12  3.48780e-38
7.451692839e-01  1.9882311e-12  1.98823e-12  1.98823e-12  4.97224e-38
7.488951303e-01  1.9962712e-12  1.99627e-12  1.99627e-12  7.07528e-38
7.526396060e-01  2.0037023e-12  2.00370e-12  2.00370e-12  1.00499e-37
7.564028040e-01  2.0051768e-12  2.00518e-12  2.00518e-12  1.42572e-37
7.601848180e-01  2.0082033e-12  2.00820e-12  2.00820e-12  2.01860e-37
7.639857421e-01  2.0123048e-12  2.01230e-12  2.01230e-12  2.85253e-37
7.678056708e-01  2.0206647e-12  2.02066e-12  2.02066e-12  4.02201e-37
7.716446992e-01  2.0187428e-12  2.01874e-12  2.01874e-12  5.66647e-37
7.755029227e-01  2.0180096e-12  2.01801e-12  2.01801e-12  7.96806e-37
7.793804373e-01  2.0273160e-12  2.02732e-12  2.02732e-12  1.11736e-36
7.832773395e-01  2.0229708e-12  2.02297e-12  2.02297e-12  1.56618e-36
7.871937262e-01  2.0241300e-12  2.02413e-12  2.02413e-12  2.19023e-36
7.911296948e-01  2.0293400e-12  2.02934e-12  2.02934e-12  3.05637e-36
7.950853433e-01  2.0300935e-12  2.03009e-12  2.03009e-12  4.25942e-36
7.990607700e-01  2.0282287e-12  2.02823e-12  2.02823e-12  5.92720e-36
8.030560739e-01  2.0267102e-12  2.02671e-12  2.02671e-12  8.23347e-36
8.070713542e-01  2.0210760e-12  2.02108e-12  2.02108e-12  1.14220e-35
8.111067110e-01  2.0136731e-12  2.01367e-12  2.01367e-12  1.58208e-35
8.151622446e-01  2.0176743e-12  2.01767e-12  2.01767e-12  2.18523e-35
8.192380558e-01  2.0198029e-12  2.01980e-12  2.01980e-12  3.01377e-35
8.233342461e-01  2.0226695e-12  2.02267e-12  2.02267e-12  4.14916e-35
8.274509173e-01  2.0307642e-12  2.03076e-12  2.03076e-12  5.69984e-35
8.315881719e-01  2.0347438e-12  2.03474e-12  2.03474e-12  7.82009e-35
8.357461127e-01  2.0367213e-12  2.03672e-12  2.03672e-12  1.07133e-34
8.399248433e-01  2.0321959e-12  2.03220e-12  2.03220e-12  1.46617e-34
8.441244675e-01  2.0272814e-12  2.02728e-12  2.02728e-12  2.00331e-34
8.483450899e-01  2.0216040e-12  2.02160e-12  2.02160e-12  2.73296e-34
8.525868153e-01  2.0136631e-12  2.01366e-12  2.01366e-12  3.72309e-34
8.568497494e-01  2.0019560e-12  2.00196e-12  2.00196e-12  5.06553e-34
8.611339981e-01  1.9924916e-12  1.99249e-12  1.99249e-12  6.87942e-34
8.654396681e-01  1.9854001e-12  1.98540e-12  1.98540e-12  9.32576e-34
8.697668665e-01  1.9780550e-12  1.97806e-12  1.97806e-12  1.26221e-33
8.741157008e-01  1.9692055e-12  1.96921e-12  1.96921e-12  1.70590e-33
8.784862793e-01  1.9594798e-12  1.95948e-12  1.95948e-12  2.30210e-33
8.828787107e-01  1.9496322e-12  1.94963e-12  1.94963e-12  3.10181e-33
8.872931042e-01  1.9547013e-12  1.95470e-12  1.95470e-12  4.16692e-33
8.917295698e-01  1.9600267e-12  1.96003e-12  1.96003e-12  5.58892e-33
8.961882176e-01  1.9578411e-12  1.95784e-12  1.95784e-12  7.48991e-33
9.006691587e-01  1.9477736e-12  1.94777e-12  1.94777e-12  1.00295e-32
9.051725045e-01  1.9354660e-12  1.93547e-12  1.93547e-12  1.34125e-32
9.096983670e-01  1.9174184e-12  1.91742e-12  1.91742e-12  1.79189e-32
9.142468589e-01  1.9001464e-12  1.90015e-12  1.90015e-12  2.39012e-32
9.188180931e-01  1.8997856e-12  1.89979e-12  1.89979e-12  3.17820e-32
9.234121836e-01  1.8993139e-12  1.89931e-12  1.89931e-12  4.21983e-32
9.280292445e-01  1.9017305e-12  1.90173e-12  1.90173e-12  5.59294e-32
9.326693908e-01  1.9044087e-12  1.90441e-12  1.90441e-12  7.40164e-32
9.373327377e-01  1.9022329e-12  1.90223e-12  1.90223e-12  9.78526e-32
9.420194014e-01  1.8954630e-12  1.89546e-12  1.89546e-12  1.29231e-31
9.467294984e-01  1.8738964e-12  1.87390e-12  1.87390e-12  1.70660e-31
9.514631459e-01  1.8665723e-12  1.86657e-12  1.86657e-12  2.24739e-31
9.562204616e-01  1.8725854e-12  1.87259e-12  1.87259e-12  2.95153e-31
9.610015639e-01  1.8773639e-12  1.87736e-12  1.87736e-12  3.87114e-31
9.658065718e-01  1.8811591e-12  1.88116e-12  1.88116e-12  5.07046e-31
9.706356046e-01  1.8829820e-12  1.88298e-12  1.88298e-12  6.63308e-31
9.754887826e-01  1.8797431e-12  1.87974e-12  1.87974e-12  8.66911e-31
9.803662265e-01  1.8725735e-12  1.87257e-12  1.87257e-12  1.13183e-30
9.852680577e-01  1.8758183e-12  1.87582e-12  1.87582e-12  1.47417e-30
9.901943980e-01  1.8777183e-12  1.87772e-12  1.87772e-12  1.91760e-30
9.951453700e-01  1.8724879e-12  1.87249e-12  1.87249e-12  2.49265e-30
1.000121097e+00  1.8724603e-12  1.87246e-12  1.87246e-12  3.23403e-30
1.005121702e+00  1.8685226e-12  1.86852e-12  1.86852e-12  4.19171e-30
1.010147311e+00  1.8756586e-12  1.87566e-12  1.87566e-12  5.41974e-30
1.015198047e+00  1.8690762e-12  1.86908e-12  1.86908e-12  7.00722e-30
1.020274038e+00  1.8714633e-12  1.87146e-12  1.87146e-12  9.03956e-30
1.025375408e+00  1.8877819e-12  1.88778e-12  1.88778e-12  1.16299e-29
1.030502285e+00  1.8884668e-12  1.88847e-12  1.88847e-12  1.49648e-29
1.035654796e+00  1.8850338e-12  1.88503e-12  1.88503e-12  1.92381e-29
1.040833070e+00  1.8813915e-12  1.88139e-12  1.88139e-12  2.46991e-29
1.046037236e+00  1.8825114e-12  1.88251e-12  1.88251e-12  3.16536e-29
1.051267422e+00  1.8876413e-12  1.88764e-12  1.88764e-12  4.04968e-29
1.056523759e+00  1.8992932e-12  1.89929e-12  1.89929e-12  5.17092e-29
1.061806378e+00  1.8986277e-12  1.89863e-12  1.89863e-12  6.60194e-29
1.067115410e+00  1.9037581e-12  1.90376e-12  1.90376e-12  8.41321e-29
1.072450987e+00  1.9128480e-12  1.91285e-12  1.91285e-12  1.07033e-28
1.077813242e+00  1.9208413e-12  1.92084e-12  1.92084e-12  1.36006e-28
1.083202308e+00  1.9235617e-12  1.92356e-12  1.92356e-12  1.72691e-28
1.088618319e+00  1.9143669e-12  1.91437e-12  1.91437e-12  2.19252e-28
1.094061411e+00  1.9432973e-12  1.94330e-12  1.94330e-12  2.76953e-28
1.099531718e+00  1.9429184e-12  1.94292e-12  1.94292e-12  3.50424e-28
1.105029377e+00  1.9484787e-12  1.94848e-12  1.94848e-12  4.42563e-28
1.110554523e+00  1.9549744e-12  1.95497e-12  1.95497e-12  5.58174e-28
1.116107296e+00  1.9613373e-12  1.96134e-12  1.96134e-12  7.03118e-28
1.121687832e+00  1.9750885e-12  1.97509e-12  1.97509e-12  8.83930e-28
1.127296272e+00  1.9797598e-12  1.97976e-12  1.97976e-12  1.11089e-27
1.132932753e+00  1.9822008e-12  1.98220e-12  1.98220e-12  1.39474e-27
1.138597417e+00  1.9967700e-12  1.99677e-12  1.99677e-12  1.74678e-27
1.144290404e+00  1.9969721e-12  1.99697e-12  1.99697e-12  2.18825e-27
1.150011856e+00  1.9974185e-12  1.99742e-12  1.99742e-12  2.73792e-27
1.155761915e+00  2.0077055e-12  2.00771e-12  2.00771e-12  3.41802e-27
1.161540725e+00  2.0064156e-12  2.00642e-12  2.00642e-12  4.26709e-27
1.167348428e+00  2.0000858e-12  2.00009e-12  2.00009e-12  5.32358e-27
1.173185171e+00  2.0036650e-12  2.00367e-12  2.00367e-12  6.62685e-27
1.179051096e+00  2.0257540e-12  2.02575e-12  2.02575e-12  8.22324e-27
1.184946352e+00  2.0215087e-12  2.02151e-12  2.02151e-12  1.02207e-26
1.190871084e+00  2.0222989e-12  2.02230e-12  2.02230e-12  1.26817e-26
1.196825439e+00  2.0127861e-12  2.01279e-12  2.01279e-12  1.57344e-26
1.202809566e+00  2.0183610e-12  2.01836e-12  2.01836e-12  1.94678e-26
1.208823614e+00  2.0153555e-12  2.01536e-12  2.01536e-12  2.40816e-26
1.214867732e+00  2.0169788e-12  2.01698e-12  2.01698e-12  2.97398e-26
1.220942071e+00  2.0065217e-12  2.00652e-12  2.00652e-12  3.67340e-26
1.227046781e+00  2.0010467e-12  2.00105e-12  2.00105e-12  4.52972e-26
1.233182015e+00  2.0081712e-12  2.00817e-12  2.00817e-12  5.57166e-26
1.239347925e+00  2.0051801e-12  2.00518e-12  2.00518e-12  6.85318e-26
1.245544665e+00  1.9969203e-12  1.99692e-12  1.99692e-12  8.42498e-26
1.251772388e+00  1.9930137e-12  1.99301e-12  1.99301e-12  1.03408e-25
1.258031250e+00  1.9954980e-12  1.99550e-12  1.99550e-12  1.26693e-25
1.264321406e+00  1.9844310e-12  1.98443e-12  1.98443e-12  1.55284e-25
1.270643013e+00  1.9784550e-12  1.97845e-12  1.97845e-12  1.90013e-25
1.276996228e+00  1.9797931e-12  1.97979e-12  1.97979e-12  2.32065e-25
1.283381209e+00  1.9776714e-12  1.97767e-12  1.97767e-12  2.83227e-25
1.289798116e+00  1.9677143e-12  1.96771e-12  1.96771e-12  3.45602e-25
1.296247106e+00  1.9622335e-12  1.96223e-12  1.96223e-12  4.21051e-25
1.302728342e+00  1.9516718e-12  1.95167e-12  1.95167e-12  5.12723e-25
1.309241983e+00  1.9501355e-12  1.95014e-12  1.95014e-12  6.23049e-25
1.315788193e+00  1.9420435e-12  1.94204e-12  1.94204e-12  7.56886e-25
1.322367134e+00  1.9315903e-12  1.93159e-12  1.93159e-12  9.18763e-25
1.328978970e+00  1.9225914e-12  1.92259e-12  1.92259e-12  1.11391e-24
1.335623865e+00  1.9221560e-12  1.92216e-12  1.92216e-12  1.34777e-24
1.342301984e+00  1.9078482e-12  1.90785e-12  1.90785e-12  1.63168e-24
1.349013494e+00  1.8965704e-12  1.89657e-12  1.89657e-12  1.97268e-24
1.355758561e+00  1.8878733e-12  1.88787e-12  1.88787e-12  2.38180e-24
1.362537354e+00  1.8799739e-12  1.87997e-12  1.87997e-12  2.87257e-24
1.369350041e+00  1.8840556e-12  1.88406e-12  1.88406e-12  3.45603e-24
1.376196791e+00  1.8626459e-12  1.86265e-12  1.86265e-12  4.16647e-24
1.383077775e+00  1.8283846e-12  1.82838e-12  1.82838e-12  5.02571e-24
1.389993164e+00  1.7704857e-12  1.77049e-12  1.77049e-12  6.07337e-24
1.396943130e+00  1.7619547e-12  1.76195e-12  1.76195e-12  7.28910e-24
1.403927846e+00  1.7110774e-12  1.71108e-12  1.71108e-12  8.78417e-24
1.410947485e+00  1.6706580e-12  1.67066e-12  1.67066e-12  1.05625e-23
1.418002222e+00  1.6395706e-12  1.63957e-12  1.63957e-12  1.26744e-23
1.425092233e+00  1.6451861e-12  1.64519e-12  1.64519e-12  1.51271e-23
1.432217694e+00  1.6428612e-12  1.64286e-12  1.64286e-12  1.80541e-23
1.439378783e+00  1.6593548e-12  1.65935e-12  1.65935e-12  2.14773e-23
1.446575677e+00  1.6626895e-12  1.66269e-12  1.66269e-12  2.55656e-23
1.453808555e+00  1.6862784e-12  1.68628e-12  1.68628e-12  3.03266e-23
1.461077598e+00  1.6755078e-12  1.67551e-12  1.67551e-12  3.60929e-23
1.468382986e+00  1.6752744e-12  1.67527e-12  1.67527e-12  4.28588e-23
1.475724901e+00  1.6786079e-12  1.67861e-12  1.67861e-12  5.08221e-23
1.483103525e+00  1.6831612e-12  1.68316e-12  1.68316e-12  6.01986e-23
1.490519043e+00  1.6760580e-12  1.67606e-12  1.67606e-12  7.13438e-23
1.497971638e+00  1.6935798e-12  1.69358e-12  1.69358e-12  8.42081e-23
1.505461496e+00  1.6967881e-12  1.69679e-12  1.69679e-12  9.94807e-23
1.512988804e+00  1.6949927e-12  1.69499e-12  1.69499e-12  1.17491e-22
1.520553748e+00  1.6830311e-12  1.68303e-12  1.68303e-12  1.38818e-22
1.528156517e+00  1.6816030e-12  1.68160e-12  1.68160e-12  1.63643e-22
1.535797299e+00  1.6731574e-12  1.67316e-12  1.67316e-12  1.92912e-22
1.543476286e+00  1.6646119e-12  1.66461e-12  1.66461e-12  2.27214e-22
1.551193667e+00  1.6665074e-12  1.66651e-12  1.66651e-12  2.67007e-22
1.558949636e+00  1.6583547e-12  1.65835e-12  1.65835e-12  3.13909e-22
1.566744384e+00  1.6511911e-12  1.65119e-12  1.65119e-12  3.68676e-22
1.574578106e+00  1.6454538e-12  1.64545e-12  1.64545e-12  4.32535e-22
1.582450996e+00  1.6405829e-12  1.64058e-12  1.64058e-12  5.06950e-22
1.590363251e+00  1.6290583e-12  1.62906e-12  1.62906e-12  5.94192e-22
1.598315067e+00  1.6193400e-12  1.61934e-12  1.61934e-12  6.95676e-22
1.606306643e+00  1.6152053e-12  1.61521e-12  1.61521e-12  8.13168e-22
1.614338176e+00  1.6046882e-12  1.60469e-12  1.60469e-12  9.50528e-22
1.622409867e+00  1.5960299e-12  1.59603e-12  1.59603e-12  1.10986e-21
1.630521916e+00  1.5885058e-12  1.58851e-12  1.58851e-12  1.29461e-21
1.638674526e+00  1.5810592e-12  1.58106e-12  1.58106e-12  1.50881e-21
1.646867898e+00  1.5789466e-12  1.57895e-12  1.57895e-12  1.75566e-21
1.655102238e+00  1.5689678e-12  1.56897e-12  1.56897e-12  2.04347e-21
1.663377749e+00  1.5624184e-12  1.56242e-12  1.56242e-12  2.37532e-21
1.671694638e+00  1.5494908e-12  1.54949e-12  1.54949e-12  2.76132e-21
1.680053111e+00  1.5389771e-12  1.53898e-12  1.53898e-12  3.20632e-21
1.688453377e+00  1.5362937e-12  1.53629e-12  1.53629e-12  3.71576e-21
1.696895643e+00  1.5230387e-12  1.52304e-12  1.52304e-12  4.30929e-21
1.705380122e+00  1.5053604e-12  1.50536e-12  1.50536e-12  4.99688e-21
1.713907022e+00  1.4905967e-12  1.49060e-12  1.49060e-12  5.78712e-21
1.722476557e+00  1.4846119e-12  1.48461e-12  1.48461e-12  6.68831e-21
1.731088940e+00  1.4837521e-12  1.48375e-12  1.48375e-12  7.71774e-21
1.739744385e+00  1.4790026e-12  1.47900e-12  1.47900e-12  8.90367e-21
1.748443107e+00  1.4695400e-12  1.46954e-12  1.46954e-12  1.02710e-20
1.757185322e+00  1.4535974e-12  1.45360e-12  1.45360e-12  1.18508e-20
1.765971249e+00  1.4484469e-12  1.44845e-12  1.44845e-12  1.36405e-20
1.774801105e+00  1.4202544e-12  1.42025e-12  1.42025e-12  1.57440e-20
1.783675111e+00  1.4171592e-12  1.41716e-12  1.41716e-12  1.80881e-20
1.792593486e+00  1.4145674e-12  1.41457e-12  1.41457e-12  2.07635e-20
1.801556454e+00  1.3867235e-12  1.38672e-12  1.38672e-12  2.39103e-20
1.810564236e+00  1.3723835e-12  1.37238e-12  1.37238e-12  2.74558e-20
1.819617057e+00  1.3634507e-12  1.36345e-12  1.36345e-12  3.14767e-20
1.828715142e+00  1.3533923e-12  1.35339e-12  1.35339e-12  3.60659e-20
1.837858718e+00  1.3487082e-12  1.34871e-12  1.34871e-12  4.12581e-20
1.847048012e+00  1.3355886e-12  1.33559e-12  1.33559e-12  4.72262e-20
1.856283252e+00  1.3122990e-12  1.31230e-12  1.31230e-12  5.41066e-20
1.865564668e+00  1.2925764e-12  1.29258e-12  1.29258e-12  6.19095e-20
1.874892491e+00  1.2469536e-12  1.24695e-12  1.24695e-12  7.10843e-20
1.884266954e+00  1.1762651e-12  1.17627e-12  1.17627e-12  8.18919e-20
1.893688289e+00  1.0663278e-12  1.06633e-12  1.06633e-12  9.48679e-20
1.903156730e+00  9.4966807e-13  9.49668e-13  9.49668e-13  1.09929e-19
1.912672514e+00  9.0696069e-13  9.06961e-13  9.06961e-13  1.25814e-19
1.922235876e+00  9.1622427e-13  9.16224e-13  9.16224e-13  1.42722e-19
1.931847056e+00  9.4140702e-13  9.41407e-13  9.41407e-13  1.61370e-19
1.941506291e+00  9.5880654e-13  9.58807e-13  9.58806e-13  1.82540e-19
1.951213822e+00  9.7820770e-13  9.78208e-13  9.78207e-13  2.06261e-19
1.960969892e+00  9.8518784e-13  9.85188e-13  9.85188e-13  2.33365e-19
1.970774741e+00  9.8908094e-13  9.89081e-13  9.89081e-13  2.63972e-19
1.980628615e+00  1.0050534e-12  1.00505e-12  1.00505e-12  2.97777e-19
1.990531758e+00  1.0172393e-12  1.01724e-12  1.01724e-12  3.35875e-19
2.000484417e+00  1.0208917e-12  1.02089e-12  1.02089e-12  3.79121e-19
2.010486839e+00  1.0307252e-12  1.03073e-12  1.03072e-12  4.27178e-19
2.020539273e+00  1.0350086e-12  1.03501e-12  1.03501e-12  4.81444e-19
2.030641969e+00  1.0355312e-12  1.03553e-12  1.03553e-12  5.42579e-19
2.040795179e+00  1.0385332e-12  1.03853e-12  1.03853e-12  6.10789e-19
2.050999155e+00  1.0443666e-12  1.04437e-12  1.04437e-12  6.86751e-19
2.061254151e+00  1.0399974e-12  1.04000e-12  1.04000e-12  7.73035e-19
2.071560421e+00  1.0316063e-12  1.03161e-12  1.03161e-12  8.70211e-19
2.081918224e+00  1.0347001e-12  1.03470e-12  1.03470e-12  9.76923e-19
2.092327815e+00  1.0245690e-12  1.02457e-12  1.02457e-12  1.09863e-18
2.102789454e+00  1.0251543e-12  1.02515e-12  1.02515e-12  1.23227e-18
2.113303401e+00  1.0058534e-12  1.00585e-12  1.00585e-12  1.38635e-18
2.123869918e+00  1.0103129e-12  1.01031e-12  1.01031e-12  1.55185e-18
2.134489268e+00  1.0346556e-12  1.03466e-12  1.03465e-12  1.72944e-18
2.145161714e+00  9.9811958e-13  9.98120e-13  9.98118e-13  1.94833e-18
2.155887523e+00  9.8036483e-13  9.80365e-13  9.80363e-13  2.18583e-18
2.166666960e+00  9.7773931e-13  9.77739e-13  9.77737e-13  2.44372e-18
2.177500295e+00  9.6546768e-13  9.65468e-13  9.65465e-13  2.73537e-18
2.188387796e+00  9.5593059e-13  9.55931e-13  9.55928e-13  3.05833e-18
2.199329735e+00  9.2053536e-13  9.20535e-13  9.20532e-13  3.43453e-18
2.210326384e+00  9.0398619e-13  9.03986e-13  9.03982e-13  3.84069e-18
2.221378016e+00  9.0369218e-13  9.03692e-13  9.03688e-13  4.27871e-18
2.232484906e+00  8.9582929e-13  8.95829e-13  8.95825e-13  4.77081e-18
2.243647331e+00  8.7841557e-13  8.78416e-13  8.78410e-13  5.32637e-18
2.254865567e+00  8.6777014e-13  8.67770e-13  8.67764e-13  5.93517e-18
2.266139895e+00  8.3219095e-13  8.32191e-13  8.32184e-13  6.64267e-18
2.277470595e+00  8.4534729e-13  8.45347e-13  8.45340e-13  7.35810e-18
2.288857948e+00  8.1040284e-13  8.10403e-13  8.10395e-13  8.22499e-18
2.300302237e+00  7.8109035e-13  7.81090e-13  7.81081e-13  9.17851e-18
2.311803748e+00  7.6862380e-13  7.68624e-13  7.68614e-13  1.02020e-17
2.323362767e+00  7.7882414e-13  7.78824e-13  7.78813e-13  1.12807e-17
2.334979581e+00  7.7996857e-13  7.79969e-13  7.79956e-13  1.24889e-17
2.346654479e+00  7.6683367e-13  7.66834e-13  7.66820e-13  1.38593e-17
2.358387751e+00  7.5028581e-13  7.50286e-13  7.50270e-13  1.53825e-17
2.370179690e+00  7.3512556e-13  7.35126e-13  7.35109e-13  1.70587e-17
2.382030589e+00  7.2995364e-13  7.29954e-13  7.29935e-13  1.88673e-17
2.393940742e+00  7.0837653e-13  7.08377e-13  7.08356e-13  2.09287e-17
2.405910445e+00  6.9356642e-13  6.93566e-13  6.93543e-13  2.31695e-17
2.417939997e+00  6.9068000e-13  6.90680e-13  6.90654e-13  2.55708e-17
2.430029697e+00  6.6591141e-13  6.65911e-13  6.65883e-13  2.83386e-17
2.442179846e+00  6.4376362e-13  6.43764e-13  6.43732e-13  3.13718e-17
2.454390745e+00  6.3334938e-13  6.33349e-13  6.33315e-13  3.46236e-17
2.466662699e+00  6.2288324e-13  6.22883e-13  6.22845e-13  3.81922e-17
2.478996012e+00  6.1035448e-13  6.10354e-13  6.10312e-13  4.21253e-17
2.491390992e+00  5.9791027e-13  5.97910e-13  5.97864e-13  4.64380e-17
2.503847947e+00  5.8544919e-13  5.85449e-13  5.85398e-13  5.11657e-17
2.516367187e+00  5.7302429e-13  5.73024e-13  5.72968e-13  5.63450e-17
2.528949023e+00  5.6154028e-13  5.61540e-13  5.61478e-13  6.20033e-17
2.541593768e+00  5.6029721e-13  5.60297e-13  5.60229e-13  6.80370e-17
2.554301737e+00  5.5903512e-13  5.59035e-13  5.58961e-13  7.46176e-17
2.567073246e+00  5.5996480e-13  5.59965e-13  5.59883e-13  8.17492e-17
2.579908612e+00  5.6260026e-13  5.62600e-13  5.62511e-13  8.94781e-17
2.592808155e+00  5.6380552e-13  5.63806e-13  5.63708e-13  9.79164e-17
2.605772196e+00  5.4481482e-13  5.44815e-13  5.44707e-13  1.07602e-16
2.618801057e+00  5.2596530e-13  5.25965e-13  5.25847e-13  1.18185e-16
2.631895062e+00  5.0540965e-13  5.05410e-13  5.05280e-13  1.29799e-16
2.645054537e+00  4.8375294e-13  4.83753e-13  4.83610e-13  1.42523e-16
2.658279810e+00  4.5775431e-13  4.57754e-13  4.57598e-13  1.56583e-16
2.671571209e+00  4.0998947e-13  4.09989e-13  4.09817e-13  1.72841e-16
2.684929065e+00  3.5248994e-13  3.52490e-13  3.52299e-13  1.91135e-16
2.698353710e+00  3.4993889e-13  3.49939e-13  3.49730e-13  2.08547e-16
2.711845479e+00  3.4740285e-13  3.47403e-13  3.47175e-13  2.27430e-16
2.725404706e+00  3.4488196e-13  3.44882e-13  3.44634e-13  2.47897e-16
2.739031730e+00  3.4237634e-13  3.42376e-13  3.42106e-13  2.70069e-16
2.752726889e+00  3.3988613e-13  3.39886e-13  3.39592e-13  2.94078e-16
2.766490523e+00  3.3741146e-13  3.37411e-13  3.37091e-13  3.20062e-16
2.780322976e+00  3.3495248e-13  3.34952e-13  3.34604e-13  3.48168e-16
2.794224591e+00  3.3250937e-13  3.32509e-13  3.32131e-13  3.78557e-16
2.808195713e+00  3.3008227e-13  3.30082e-13  3.29671e-13  4.11395e-16
2.822236692e+00  3.2767138e-13  3.27671e-13  3.27225e-13  4.46864e-16
2.836347875e+00  3.2527688e-13  3.25277e-13  3.24792e-13  4.85155e-16
2.850529615e+00  3.2289896e-13  3.22899e-13  3.22372e-13  5.26473e-16
2.864782263e+00  3.2053785e-13  3.20538e-13  3.19967e-13  5.71035e-16
2.879106174e+00  3.1819376e-13  3.18194e-13  3.17575e-13  6.19072e-16
2.893501705e+00  3.1586693e-13  3.15867e-13  3.15196e-13  6.70830e-16
2.907969214e+00  3.1355761e-13  3.13558e-13  3.12831e-13  7.26572e-16
2.922509060e+00  3.1126607e-13  3.11266e-13  3.10479e-13  7.86574e-16
2.937121605e+00  3.0899259e-13  3.08993e-13  3.08141e-13  8.51132e-16
2.951807213e+00  3.0673748e-13  3.06737e-13  3.05817e-13  9.20558e-16
2.966566249e+00  3.0450104e-13  3.04501e-13  3.03506e-13  9.95185e-16
2.981399080e+00  3.0228361e-13  3.02284e-13  3.01208e-13  1.07536e-15
2.996306076e+00  3.0008555e-13  3.00086e-13  2.98924e-13  1.16147e-15
3.011287606e+00  2.9790724e-13  2.97907e-13  2.96653e-13  1.25390e-15
3.026344044e+00  2.9574907e-13  2.95749e-13  2.94396e-13  1.35306e-15
3.041475764e+00  2.9361147e-13  2.93611e-13  2.92152e-13  1.45941e-15
3.056683143e+00  2.9149488e-13  2.91495e-13  2.89921e-13  1.57340e-15
3.071966559e+00  2.8939977e-13  2.89400e-13  2.87704e-13  1.69554e-15
3.087326392e+00  2.8732665e-13  2.87327e-13  2.85500e-13  1.82634e-15
3.102763024e+00  2.8527603e-13  2.85276e-13  2.83310e-13  1.96636e-15
3.118276839e+00  2.8324849e-13  2.83248e-13  2.81132e-13  2.11618e-15
3.133868223e+00  2.8124460e-13  2.81245e-13  2.78968e-13  2.27642e-15
3.149537564e+00  2.7926498e-13  2.79265e-13  2.76817e-13  2.44771e-15
3.165285252e+00  2.7731029e-13  2.77310e-13  2.74680e-13  2.63075e-15
3.181111678e+00  2.7538123e-13  2.75381e-13  2.72555e-13  2.82625e-15
3.197017237e+00  2.7347850e-13  2.73479e-13  2.70444e-13  3.03497e-15
3.213002323e+00  2.7160290e-13  2.71603e-13  2.68345e-13  3.25771e-15
3.229067334e+00  2.6975521e-13  2.69755e-13  2.66260e-13  3.49531e-15
3.245212671e+00  2.6793629e-13  2.67936e-13  2.64188e-13  3.74864e-15
3.261438734e+00  2.6614703e-13  2.66147e-13  2.62128e-13  4.01863e-15
3.277745928e+00  2.6438837e-13  2.64388e-13  2.60082e-13  4.30626e-15
3.294134658e+00  2.6266129e-13  2.62661e-13  2.58049e-13  4.61254e-15
3.310605331e+00  2.6096684e-13  2.60967e-13  2.56028e-13  4.93855e-15
3.327158358e+00  2.5930610e-13  2.59306e-13  2.54021e-13  5.28542e-15
3.343794149e+00  2.5768021e-13  2.57680e-13  2.52026e-13  5.65431e-15
3.360513120e+00  2.5609038e-13  2.56090e-13  2.50044e-13  6.04647e-15
3.377315686e+00  2.5453785e-13  2.54538e-13  2.48075e-13  6.46320e-15
3.394202264e+00  2.5302394e-13  2.53024e-13  2.46118e-13  6.90584e-15
3.411173276e+00  2.5155004e-13  2.51550e-13  2.44174e-13  7.37581e-15
3.428229142e+00  2.5011758e-13  2.50118e-13  2.42243e-13  7.87460e-15
3.445370288e+00  2.4872808e-13  2.48728e-13  2.40324e-13  8.40376e-15
3.462597139e+00  2.4738312e-13  2.47383e-13  2.38418e-13  8.96491e-15
3.479910125e+00  2.4608434e-13  2.46084e-13  2.36525e-13  9.55975e-15
3.497309675e+00  2.4483347e-13  2.44833e-13  2.34643e-13  1.01900e-14
3.514796224e+00  2.4363232e-13  2.43632e-13  2.32775e-13  1.08576e-14
3.532370205e+00  2.4248277e-13  2.42483e-13  2.30918e-13  1.15644e-14
3.550032056e+00  2.4138678e-13  2.41387e-13  2.29074e-13  1.23125e-14
3.567782216e+00  2.4034641e-13  2.40346e-13  2.27243e-13  1.31038e-14
3.585621127e+00  2.3936377e-13  2.39364e-13  2.25423e-13  1.39407e-14
3.603549233e+00  2.3844111e-13  2.38441e-13  2.23616e-13  1.48253e-14
3.621566979e+00  2.3758074e-13  2.37581e-13  2.21821e-13  1.57601e-14
3.639674814e+00  2.3678508e-13  2.36785e-13  2.20038e-13  1.67475e-14
3.657873188e+00  2.3605662e-13  2.36057e-13  2.18267e-13  1.77900e-14
3.676162554e+00  2.3539799e-13  2.35398e-13  2.16508e-13  1.88904e-14
3.694543367e+00  2.3481191e-13  2.34812e-13  2.14761e-13  2.00513e-14
3.713016084e+00  2.3430118e-13  2.34301e-13  2.13026e-13  2.12756e-14
3.731581164e+00  2.3386875e-13  2.33869e-13  2.11302e-13  2.25664e-14
3.750239070e+00  2.3351766e-13  2.33518e-13  2.09591e-13  2.39268e-14
3.768990265e+00  2.3325106e-13  2.33251e-13  2.07891e-13  2.53598e-14
3.787835216e+00  2.3307224e-13  2.33072e-13  2.06203e-13  2.68689e-14
3.806774393e+00  2.3298458e-13  2.32985e-13  2.04527e-13  2.84575e-14
3.825808265e+00  2.3299162e-13  2.32992e-13  2.02862e-13  3.01291e-14
3.844937306e+00  2.3309699e-13  2.33097e-13  2.01209e-13  3.18876e-14
3.864161992e+00  2.3330447e-13  2.33304e-13  1.99568e-13  3.37366e-14
3.883482802e+00  2.3361798e-13  2.33618e-13  1.97938e-13  3.56802e-14
3.902900216e+00  2.3404155e-13  2.34042e-13  1.96319e-13  3.77224e-14
3.922414717e+00  2.3457937e-13  2.34579e-13  1.94712e-13  3.98675e-14
3.942026791e+00  2.3523576e-13  2.35236e-13  1.93116e-13  4.21198e-14
3.961736925e+00  2.3601518e-13  2.36015e-13  1.91531e-13  4.44840e-14
3.981545610e+00  2.3692226e-13  2.36922e-13  1.89958e-13  4.69645e-14
4.001453338e+00  2.3796174e-13  2.37962e-13  1.88395e-13  4.95663e-14
4.021460604e+00  2.3913854e-13  2.39139e-13  1.86844e-13  5.22944e-14
4.041567907e+00  2.4045774e-13  2.40458e-13  1.85304e-13  5.51537e-14
4.061775747e+00  2.4192455e-13  2.41925e-13  1.83775e-13  5.81497e-14
4.082084626e+00  2.4354435e-13  2.43544e-13  1.82257e-13  6.12877e-14
4.102495049e+00  2.4532270e-13  2.45323e-13  1.80749e-13  6.45734e-14
4.123007524e+00  2.4726530e-13  2.47265e-13  1.79253e-13  6.80125e-14
4.143622562e+00  2.4937803e-13  2.49378e-13  1.77767e-13  7.16109e-14
4.164340674e+00  2.5166693e-13  2.51667e-13  1.76292e-13  7.53747e-14
4.185162378e+00  2.5413822e-13  2.54138e-13  1.74828e-13  7.93103e-14
4.206088190e+00  2.5679828e-13  2.56798e-13  1.73374e-13  8.34240e-14
4.227118631e+00  2.5965370e-13  2.59654e-13  1.71931e-13  8.77225e-14
4.248254224e+00  2.6271119e-13  2.62711e-13  1.70499e-13  9.22125e-14
4.269495495e+00  2.6597769e-13  2.65978e-13  1.69077e-13  9.69011e-14
4.290842972e+00  2.6946029e-13  2.69460e-13  1.67665e-13  1.01795e-13
4.312297187e+00  2.7316628e-13  2.73166e-13  1.66264e-13  1.06903e-13
4.333858673e+00  2.7710313e-13  2.77103e-13  1.64873e-13  1.12231e-13
4.355527967e+00  2.8127848e-13  2.81278e-13  1.63492e-13  1.17787e-13
4.377305606e+00  2.8570018e-13  2.85700e-13  1.62121e-13  1.23579e-13
4.399192134e+00  2.9037625e-13  2.90376e-13  1.60761e-13  1.29615e-13
4.421188095e+00  2.9531490e-13  2.95315e-13  1.59410e-13  1.35904e-13
4.443294036e+00  3.0052454e-13  3.00525e-13  1.58070e-13  1.42454e-13
4.465510506e+00  3.0601376e-13  3.06014e-13  1.56740e-13  1.49274e-13
4.487838058e+00  3.1179133e-13  3.11791e-13  1.55419e-13  1.56372e-13
4.510277249e+00  3.1786625e-13  3.17866e-13  1.54109e-13  1.63757e-13
4.532828635e+00  3.2424766e-13  3.24248e-13  1.52808e-13  1.71440e-13
4.555492778e+00  3.3094492e-13  3.30945e-13  1.51517e-13  1.79428e-13
4.578270242e+00  3.3796759e-13  3.37968e-13  1.50236e-13  1.87732e-13
4.601161593e+00  3.4532539e-13  3.45325e-13  1.48964e-13  1.96361e-13
4.624167401e+00  3.5302826e-13  3.53028e-13  1.47702e-13  2.05326e-13
4.647288238e+00  3.6108630e-13  3.61086e-13  1.46450e-13  2.14637e-13
4.670524679e+00  3.6950982e-13  3.69510e-13  1.45206e-13  2.24303e-13
4.693877303e+00  3.7830932e-13  3.78309e-13  1.43973e-13  2.34336e-13
4.717346689e+00  3.8749547e-13  3.87495e-13  1.42749e-13  2.44747e-13
4.740933423e+00  3.9707912e-13  3.97079e-13  1.41534e-13  2.55545e-13
4.764638090e+00  4.0707133e-13  4.07071e-13  1.40328e-13  2.66743e-13
4.788461280e+00  4.1748332e-13  4.17483e-13  1.39132e-13  2.78352e-13
4.812403587e+00  4.2832650e-13  4.28326e-13  1.37944e-13  2.90382e-13
4.836465604e+00  4.3961244e-13  4.39612e-13  1.36766e-13  3.02846e-13
4.860647933e+00  4.5135289e-13  4.51353e-13  1.35597e-13  3.15756e-13
4.884951172e+00  4.6355979e-13  4.63560e-13  1.34437e-13  3.29123e-13
4.909375928e+00  4.7624523e-13  4.76245e-13  1.33286e-13  3.42960e-13
4.933922808e+00  4.8942146e-13  4.89421e-13  1.32143e-13  3.57278e-13
4.958592422e+00  5.0310091e-13  5.03101e-13  1.31010e-13  3.72091e-13
4.983385384e+00  5.1729615e-13  5.17296e-13  1.29885e-13  3.87411e-13
5.008302311e+00  5.3201992e-13  5.32020e-13  1.28769e-13  4.03251e-13
5.033343822e+00  5.4728509e-13  5.47285e-13  1.27662e-13  4.19623e-13
5.058510541e+00  5.6310470e-13  5.63105e-13  1.26563e-13  4.36542e-13
5.083803094e+00  5.7949191e-13  5.79492e-13  1.25473e-13  4.54019e-13
5.109222110e+00  5.9646002e-13  5.96460e-13  1.24391e-13  4.72069e-13
5.134768220e+00  6.1402247e-13  6.14022e-13  1.23318e-13  4.90704e-13
5.160442061e+00  6.3219282e-13  6.32193e-13  1.22253e-13  5.09939e-13
5.186244272e+00  6.5098476e-13  6.50985e-13  1.21197e-13  5.29788e-13
5.212175493e+00  6.7041206e-13  6.70412e-13  1.20149e-13  5.50263e-13
5.238236370e+00  6.9048865e-13  6.90489e-13  1.19109e-13  5.71380e-13
5.264427552e+00  7.1122852e-13  7.11229e-13  1.18077e-13  5.93151e-13
5.290749690e+00  7.3264577e-13  7.32646e-13  1.17054e-13  6.15592e-13
5.317203438e+00  7.5475460e-13  7.54755e-13  1.16038e-13  6.38716e-13
5.343789456e+00  7.7756928e-13  7.77569e-13  1.15031e-13  6.62538e-13
5.370508403e+00  8.0110414e-13  8.01104e-13  1.14031e-13  6.87073e-13
5.397360945e+00  8.2537362e-13  8.25374e-13  1.13040e-13  7.12334e-13
5.424347750e+00  8.5039218e-13  8.50392e-13  1.12056e-13  7.38336e-13
5.451469488e+00  8.7617434e-13  8.76174e-13  1.11080e-13  7.65094e-13
5.478726836e+00  9.0273469e-13  9.02735e-13  1.10112e-13  7.92622e-13
5.506120470e+00  9.3008782e-13  9.30088e-13  1.09152e-13  8.20936e-13
5.533651072e+00  9.5824838e-13  9.58248e-13  1.08199e-13  8.50049e-13
5.561319328e+00  9.8723102e-13  9.87231e-13  1.07254e-13  8.79977e-13
5.589125924e+00  1.0170504e-12  1.01705e-12  1.06317e-13  9.10733e-13
5.617071554e+00  1.0477212e-12  1.04772e-12  1.05387e-13  9.42334e-13
5.645156912e+00  1.0792580e-12  1.07926e-12  1.04465e-13  9.74793e-13
5.673382696e+00  1.1116756e-12  1.11168e-12  1.03550e-13  1.00813e-12
5.701749610e+00  1.1449885e-12  1.14499e-12  1.02642e-13  1.04235e-12
5.730258358e+00  1.1792113e-12  1.17921e-12  1.01742e-13  1.07747e-12
5.758909650e+00  1.2143585e-12  1.21436e-12  1.00849e-13  1.11351e-12
5.787704198e+00  1.2504446e-12  1.25044e-12  9.99629e-14  1.15048e-12
5.816642719e+00  1.2874841e-12  1.28748e-12  9.90843e-14  1.18840e-12
5.845725932e+00  1.3254913e-12  1.32549e-12  9.82128e-14  1.22728e-12
5.874954562e+00  1.3644804e-12  1.36448e-12  9.73483e-14  1.26713e-12
5.904329335e+00  1.4044655e-12  1.40447e-12  9.64909e-14  1.30797e-12
5.933850982e+00  1.4454608e-12  1.44546e-12  9.56405e-14  1.34982e-12
5.963520237e+00  1.4874801e-12  1.48748e-12  9.47970e-14  1.39268e-12
5.993337838e+00  1.5305373e-12  1.53054e-12  9.39604e-14  1.43658e-12
6.023304527e+00  1.5746461e-12  1.57465e-12  9.31306e-14  1.48152e-12
6.053421050e+00  1.6198198e-12  1.61982e-12  9.23076e-14  1.52751e-12
6.083688155e+00  1.6660720e-12  1.66607e-12  9.14914e-14  1.57458e-12
6.114106596e+00  1.7134158e-12  1.71342e-12  9.06818e-14  1.62273e-12
6.144677129e+00  1.7618641e-12  1.76186e-12  8.98789e-14  1.67199e-12
6.175400514e+00  1.8114298e-12  1.81143e-12  8.90826e-14  1.72235e-12
6.206277517e+00  1.8621255e-12  1.86213e-12  8.82928e-14  1.77383e-12
6.237308904e+00  1.9139636e-12  1.91396e-12  8.75096e-14  1.82645e-12
6.268495449e+00  1.9669563e-12  1.96696e-12  8.67328e-14  1.88022e-12
6.299837926e+00  2.0211154e-12  2.02112e-12  8.59624e-14  1.93515e-12
6.331337116e+00  2.0764526e-12  2.07645e-12  8.51984e-14  1.99125e-12
6.362993801e+00  2.1329795e-12  2.13298e-12  8.44407e-14  2.04854e-12
6.394808770e+00  2.1907070e-12  2.19071e-12  8.36893e-14  2.10702e-12
6.426782814e+00  2.2496461e-12  2.24965e-12  8.29442e-14  2.16670e-12
6.458916728e+00  2.3098074e-12  2.30981e-12  8.22052e-14  2.22760e-12
6.491211312e+00  2.3712011e-12  2.37120e-12  8.14723e-14  2.28973e-12
6.523667368e+00  2.4338372e-12  2.43384e-12  8.07456e-14  2.35309e-12
6.556285705e+00  2.4977253e-12  2.49773e-12  8.00249e-14  2.41770e-12
6.589067134e+00  2.5628748e-12  2.56287e-12  7.93102e-14  2.48356e-12
6.622012469e+00  2.6292945e-12  2.62929e-12  7.86015e-14  2.55069e-12
6.655122532e+00  2.6969931e-12  2.69699e-12  7.78987e-14  2.61909e-12
6.688398144e+00  2.7659789e-12  2.76598e-12  7.72018e-14  2.68878e-12
6.721840135e+00  2.8362596e-12  2.83626e-12  7.65108e-14  2.75975e-12
6.755449336e+00  2.9078428e-12  2.90784e-12  7.58255e-14  2.83202e-12
6.789226583e+00  2.9807356e-12  2.98074e-12  7.51460e-14  2.90559e-12
6.823172715e+00  3.0549446e-12  3.05494e-12  7.44721e-14  2.98047e-12
6.857288579e+00  3.1304762e-12  3.13048e-12  7.38040e-14  3.05667e-12
6.891575022e+00  3.2073361e-12  3.20734e-12  7.31415e-14  3.13419e-12
6.926032897e+00  3.2855299e-12  3.28553e-12  7.24845e-14  3.21305e-12
6.960663062e+00  3.3650624e-12  3.36506e-12  7.18331e-14  3.29323e-12
6.995466377e+00  3.4459382e-12  3.44594e-12  7.11872e-14  3.37475e-12
7.030443709e+00  3.5281614e-12  3.52816e-12  7.05468e-14  3.45761e-12
7.065595927e+00  3.6117356e-12  3.61174e-12  6.99118e-14  3.54182e-12
7.100923907e+00  3.6966640e-12  3.69666e-12  6.92821e-14  3.62738e-12
7.136428526e+00  3.7829492e-12  3.78295e-12  6.86578e-14  3.71429e-12
7.172110669e+00  3.8705935e-12  3.87059e-12  6.80388e-14  3.80255e-12
7.207971222e+00  3.9595984e-12  3.95960e-12  6.74250e-14  3.89217e-12
7.244011079e+00  4.0499653e-12  4.04997e-12  6.68165e-14  3.98315e-12
7.280231134e+00  4.1416948e-12  4.14169e-12  6.62131e-14  4.07548e-12
7.316632290e+00  4.2347871e-12  4.23479e-12  6.56149e-14  4.16917e-12
7.353215451e+00  4.3292418e-12  4.32924e-12  6.50217e-14  4.26422e-12
7.389981528e+00  4.4250581e-12  4.42506e-12  6.44337e-14  4.36062e-12
7.426931436e+00  4.5222346e-12  4.52223e-12  6.38506e-14  4.45838e-12
7.464066093e+00  4.6207695e-12  4.62077e-12  6.32726e-14  4.55750e-12
7.501386424e+00  4.7206601e-12  4.72066e-12  6.26994e-14  4.65796e-12
7.538893356e+00  4.8219037e-12  4.82190e-12  6.21312e-14  4.75977e-12
7.576587822e+00  4.9244966e-12  4.92450e-12  6.15679e-14  4.86293e-12
7.614470762e+00  5.0284348e-12  5.02843e-12  6.10094e-14  4.96743e-12
7.652543115e+00  5.1337136e-12  5.13371e-12  6.04556e-14  5.07326e-12
7.690805831e+00  5.2403279e-12  5.24033e-12  5.99067e-14  5.18042e-12
7.729259860e+00  5.3482719e-12  5.34827e-12  5.93624e-14  5.28891e-12
7.767906159e+00  5.4575393e-12  5.45754e-12  5.88229e-14  5.39872e-12
7.806745690e+00  5.5681234e-12  5.56812e-12  5.82880e-14  5.50984e-12
7.845779419e+00  5.6800166e-12  5.68002e-12  5.77577e-14  5.62226e-12
7.885008316e+00  5.7932111e-12  5.79321e-12  5.72319e-14  5.73598e-12
7.924433357e+00  5.9076984e-12  5.90770e-12  5.67107e-14  5.85099e-12
7.964055524e+00  6.0234692e-12  6.02347e-12  5.61941e-14  5.96728e-12
8.003875802e+00  6.1405141e-12  6.14051e-12  5.56818e-14  6.08483e-12
8.043895181e+00  6.2588227e-12  6.25882e-12  5.51741e-14  6.20365e-12
8.084114657e+00  6.3783844e-12  6.37838e-12  5.46707e-14  6.32371e-12
8.124535230e+00  6.4991879e-12  6.49919e-12  5.41716e-14  6.44502e-12
8.165157906e+00  6.6212212e-12  6.62122e-12  5.36770e-14  6.56754e-12
8.205983696e+00  6.7444719e-12  6.74447e-12  5.31866e-14  6.69129e-12
8.247013614e+00  6.8689271e-12  6.86893e-12  5.27004e-14  6.81623e-12
8.288248682e+00  6.9945732e-12  6.99457e-12  5.22185e-14  6.94235e-12
8.329689926e+00  7.1213962e-12  7.12140e-12  5.17408e-14  7.06966e-12
8.371338375e+00  7.2493815e-12  7.24938e-12  5.12672e-14  7.19811e-12
8.413195067e+00  7.3785140e-12  7.37851e-12  5.07978e-14  7.32772e-12
8.455261042e+00  7.5087779e-12  7.50878e-12  5.03325e-14  7.45845e-12
8.497537348e+00  7.6401570e-12  7.64016e-12  4.98712e-14  7.59029e-12
8.540025034e+00  7.7726348e-12  7.77263e-12  4.94140e-14  7.72322e-12
8.582725160e+00  7.9061938e-12  7.90619e-12  4.89607e-14  7.85723e-12
8.625638785e+00  8.0408164e-12  8.04082e-12  4.85115e-14  7.99230e-12
8.668766979e+00  8.1764843e-12  8.17648e-12  4.80661e-14  8.12842e-12
8.712110814e+00  8.3131788e-12  8.31318e-12  4.76247e-14  8.26555e-12
8.755671368e+00  8.4508806e-12  8.45088e-12  4.71871e-14  8.40369e-12
8.799449725e+00  8.5895700e-12  8.58957e-12  4.67534e-14  8.54282e-12
8.843446974e+00  8.7292267e-12  8.72923e-12  4.63235e-14  8.68290e-12
8.887664209e+00  8.8698302e-12  8.86983e-12  4.58973e-14  8.82393e-12
8.932102530e+00  9.0113592e-12  9.01136e-12  4.54749e-14  8.96588e-12
8.976763042e+00  9.1537922e-12  9.15379e-12  4.50562e-14  9.10874e-12
9.021646857e+00  9.2971071e-12  9.29711e-12  4.46412e-14  9.25247e-12
9.066755092e+00  9.4412814e-12  9.44128e-12  4.42299e-14  9.39705e-12
9.112088867e+00  9.5862923e-12  9.58629e-12  4.38222e-14  9.54247e-12
9.157649312e+00  9.7321164e-12  9.73212e-12  4.34181e-14  9.68870e-12
9.203437558e+00  9.8787301e-12  9.87873e-12  4.30175e-14  9.83571e-12
9.249454746e+00  1.0026109e-11  1.00261e-11  4.26205e-14  9.98349e-12
9.295702020e+00  1.0174229e-11  1.01742e-11  4.22270e-14  1.01320e-11
9.342180530e+00  1.0323065e-11  1.03231e-11  4.18370e-14  1.02812e-11
9.388891432e+00  1.0472591e-11  1.04726e-11  4.14505e-14  1.04311e-11
9.435835890e+00  1.0622783e-11  1.06228e-11  4.10673e-14  1.05817e-11
9.483015069e+00  1.0773614e-11  1.07736e-11  4.06876e-14  1.07329e-11
9.530430144e+00  1.0925057e-11  1.09251e-11  4.03112e-14  1.08847e-11
9.578082295e+00  1.1077087e-11  1.10771e-11  3.99382e-14  1.10371e-11
9.625972707e+00  1.1229676e-11  1.12297e-11  3.95684e-14  1.11901e-11
9.674102570e+00  1.1382797e-11  1.13828e-11  3.92020e-14  1.13436e-11
9.722473083e+00  1.1536423e-11  1.15364e-11  3.88388e-14  1.14976e-11
9.771085448e+00  1.1690526e-11  1.16905e-11  3.84789e-14  1.16520e-11
9.819940876e+00  1.1845077e-11  1.18451e-11  3.81221e-14  1.18070e-11
9.869040580e+00  1.2000048e-11  1.20000e-11  3.77686e-14  1.19623e-11
9.918385783e+00  1.2155411e-11  1.21554e-11  3.74182e-14  1.21180e-11
9.967977712e+00  1.2311138e-11  1.23111e-11  3.70709e-14  1.22741e-11
1.001781760e+01  1.2467198e-11  1.24672e-11  3.67267e-14  1.24305e-11
1.006790669e+01  1.2623564e-11  1.26236e-11  3.63856e-14  1.25872e-11
1.011824622e+01  1.2780205e-11  1.27802e-11  3.60475e-14  1.27442e-11
1.016883745e+01  1.2937092e-11  1.29371e-11  3.57125e-14  1.29014e-11
1.021968164e+01  1.3094195e-11  1.30942e-11  3.53804e-14  1.30588e-11
1.027078005e+01  1.3251484e-11  1.32515e-11  3.50514e-14  1.32164e-11
1.032213395e+01  1.3408930e-11  1.34089e-11  3.47253e-14  1.33742e-11
1.037374462e+01  1.3566503e-11  1.35665e-11  3.44021e-14  1.35321e-11
1.042561334e+01  1.3724171e-11  1.37242e-11  3.40817e-14  1.36901e-11
1.047774141e+01  1.3881905e-11  1.38819e-11  3.37643e-14  1.38481e-11
1.053013012e+01  1.4039675e-11  1.40397e-11  3.34497e-14  1.40062e-11
1.058278077e+01  1.4197449e-11  1.41974e-11  3.31380e-14  1.41643e-11
1.063569467e+01  1.4355198e-11  1.43552e-11  3.28290e-14  1.43224e-11
1.068887314e+01  1.4512890e-11  1.45129e-11  3.25229e-14  1.44804e-11
1.074231751e+01  1.4670496e-11  1.46705e-11  3.22194e-14  1.46383e-11
1.079602910e+01  1.4827984e-11  1.48280e-11  3.19188e-14  1.47961e-11
1.085000924e+01  1.4985325e-11  1.49853e-11  3.16208e-14  1.49537e-11
1.090425929e+01  1.5142486e-11  1.51425e-11  3.13255e-14  1.51112e-11
1.095878058e+01  1.5299439e-11  1.52994e-11  3.10329e-14  1.52684e-11
1.101357449e+01  1.5456152e-11  1.54562e-11  3.07429e-14  1.54254e-11
1.106864236e+01  1.5612594e-11  1.56126e-11  3.04555e-14  1.55821e-11
1.112398557e+01  1.5768736e-11  1.57687e-11  3.01707e-14  1.57386e-11
1.117960550e+01  1.5924546e-11  1.59245e-11  2.98885e-14  1.58947e-11
1.123550353e+01  1.6079995e-11  1.60800e-11  2.96089e-14  1.60504e-11
1.129168104e+01  1.6235053e-11  1.62351e-11  2.93318e-14  1.62057e-11
1.134813945e+01  1.6389689e-11  1.63897e-11  2.90571e-14  1.63606e-11
1.140488015e+01  1.6543873e-11  1.65439e-11  2.87850e-14  1.65151e-11
1.146190455e+01  1.6697576e-11  1.66976e-11  2.85154e-14  1.66691e-11
1.151921407e+01  1.6850767e-11  1.68508e-11  2.82481e-14  1.68225e-11
1.157681014e+01  1.7003419e-11  1.70034e-11  2.79833e-14  1.69754e-11
1.163469419e+01  1.7155500e-11  1.71555e-11  2.77210e-14  1.71278e-11
1.169286766e+01  1.7306982e-11  1.73070e-11  2.74609e-14  1.72795e-11
1.175133200e+01  1.7457836e-11  1.74578e-11  2.72033e-14  1.74306e-11
1.181008866e+01  1.7608033e-11  1.76080e-11  2.69480e-14  1.75811e-11
1.186913910e+01  1.7757544e-11  1.77575e-11  2.66950e-14  1.77308e-11
1.192848480e+01  1.7906342e-11  1.79063e-11  2.64443e-14  1.78799e-11
1.198812722e+01  1.8054398e-11  1.80544e-11  2.61959e-14  1.80282e-11
1.204806786e+01  1.8201684e-11  1.82017e-11  2.59498e-14  1.81757e-11
1.210830820e+01  1.8348173e-11  1.83482e-11  2.57059e-14  1.83225e-11
1.216884974e+01  1.8493837e-11  1.84938e-11  2.54642e-14  1.84684e-11
1.222969399e+01  1.8638650e-11  1.86386e-11  2.52247e-14  1.86134e-11
1.229084246e+01  1.8782584e-11  1.87826e-11  2.49874e-14  1.87576e-11
1.235229667e+01  1.8925613e-11  1.89256e-11  2.47523e-14  1.89009e-11
1.241405815e+01  1.9067710e-11  1.90677e-11  2.45194e-14  1.90432e-11
1.247612845e+01  1.9208851e-11  1.92089e-11  2.42885e-14  1.91846e-11
1.253850909e+01  1.9349010e-11  1.93490e-11  2.40598e-14  1.93249e-11
1.260120163e+01  1.9488160e-11  1.94882e-11  2.38331e-14  1.94643e-11
1.266420764e+01  1.9626278e-11  1.96263e-11  2.36085e-14  1.96027e-11
1.272752868e+01  1.9763339e-11  1.97633e-11  2.33860e-14  1.97400e-11
1.279116632e+01  1.9899318e-11  1.98993e-11  2.31656e-14  1.98762e-11
1.285512215e+01  2.0034192e-11  2.00342e-11  2.29471e-14  2.00112e-11
1.291939776e+01  2.0167937e-11  2.01679e-11  2.27306e-14  2.01452e-11
1.298399475e+01  2.0300530e-11  2.03005e-11  2.25162e-14  2.02780e-11
1.304891473e+01  2.0431949e-11  2.04319e-11  2.23037e-14  2.04096e-11
1.311415930e+01  2.0562172e-11  2.05622e-11  2.20931e-14  2.05401e-11
1.317973010e+01  2.0691175e-11  2.06912e-11  2.18845e-14  2.06693e-11
1.324562875e+01  2.0818938e-11  2.08189e-11  2.16778e-14  2.07973e-11
1.331185689e+01  2.0945440e-11  2.09454e-11  2.14730e-14  2.09240e-11
1.337841618e+01  2.1070659e-11  2.10707e-11  2.12700e-14  2.10494e-11
1.344530826e+01  2.1194576e-11  2.11946e-11  2.10690e-14  2.11735e-11
1.351253480e+01  2.1317171e-11  2.13172e-11  2.08698e-14  2.12963e-11
1.358009747e+01  2.1438423e-11  2.14384e-11  2.06724e-14  2.14178e-11
1.364799796e+01  2.1558315e-11  2.15583e-11  2.04768e-14  2.15378e-11
1.371623795e+01  2.1676827e-11  2.16768e-11  2.02831e-14  2.16565e-11
1.378481914e+01  2.1793942e-11  2.17939e-11  2.00911e-14  2.17739e-11
1.385374323e+01  2.1909641e-11  2.19096e-11  1.99009e-14  2.18897e-11
1.392301195e+01  2.2023907e-11  2.20239e-11  1.97124e-14  2.20042e-11
1.399262701e+01  2.2136724e-11  2.21367e-11  1.95257e-14  2.21172e-11
1.406259015e+01  2.2248074e-11  2.22481e-11  1.93407e-14  2.22287e-11
1.413290310e+01  2.2357943e-11  2.23579e-11  1.91574e-14  2.23388e-11
1.420356761e+01  2.2466314e-11  2.24663e-11  1.89758e-14  2.24473e-11
1.427458545e+01  2.2573173e-11  2.25732e-11  1.87959e-14  2.25544e-11
1.434595838e+01  2.2678505e-11  2.26785e-11  1.86177e-14  2.26599e-11
1.441768817e+01  2.2782295e-11  2.27823e-11  1.84411e-14  2.27639e-11
1.448977661e+01  2.2884530e-11  2.28845e-11  1.82661e-14  2.28663e-11
1.456222549e+01  2.2985197e-11  2.29852e-11  1.80928e-14  2.29671e-11
1.463503662e+01  2.3084283e-11  2.30843e-11  1.79210e-14  2.30664e-11
1.470821180e+01  2.3181776e-11  2.31818e-11  1.77509e-14  2.31640e-11
1.478175286e+01  2.3277664e-11  2.32777e-11  1.75823e-14  2.32601e-11
1.485566163e+01  2.3371936e-11  2.33719e-11  1.74153e-14  2.33545e-11
1.492993994e+01  2.3464580e-11  2.34646e-11  1.72498e-14  2.34473e-11
1.500458964e+01  2.3555587e-11  2.35556e-11  1.70859e-14  2.35385e-11
1.507961258e+01  2.3644946e-11  2.36449e-11  1.69235e-14  2.36280e-11
1.515501065e+01  2.3732647e-11  2.37326e-11  1.67626e-14  2.37159e-11
1.523078570e+01  2.3818682e-11  2.38187e-11  1.66032e-14  2.38021e-11
1.530693963e+01  2.3903043e-11  2.39030e-11  1.64453e-14  2.38866e-11
1.538347433e+01  2.3985720e-11  2.39857e-11  1.62888e-14  2.39694e-11
1.546039170e+01  2.4066706e-11  2.40667e-11  1.61338e-14  2.40506e-11
1.553769366e+01  2.4145995e-11  2.41460e-11  1.59802e-14  2.41300e-11
1.561538212e+01  2.4223579e-11  2.42236e-11  1.58281e-14  2.42078e-11
1.569345903e+01  2.4299452e-11  2.42995e-11  1.56774e-14  2.42838e-11
1.577192633e+01  2.4373608e-11  2.43736e-11  1.55281e-14  2.43581e-11
1.585078596e+01  2.4446042e-11  2.44460e-11  1.53801e-14  2.44307e-11
1.593003989e+01  2.4516748e-11  2.45167e-11  1.52336e-14  2.45015e-11
1.600969009e+01  2.4585723e-11  2.45857e-11  1.50884e-14  2.45706e-11
1.608973854e+01  2.4652961e-11  2.46530e-11  1.49446e-14  2.46380e-11
1.617018723e+01  2.4718460e-11  2.47185e-11  1.48021e-14  2.47037e-11
1.625103817e+01  2.4782217e-11  2.47822e-11  1.46609e-14  2.47676e-11
1.633229336e+01  2.4844227e-11  2.48442e-11  1.45211e-14  2.48297e-11
1.641395483e+01  2.4904490e-11  2.49045e-11  1.43825e-14  2.48901e-11
1.649602460e+01  2.4963003e-11  2.49630e-11  1.42453e-14  2.49488e-11
1.657850473e+01  2.5019765e-11  2.50198e-11  1.41093e-14  2.50057e-11
1.666139725e+01  2.5074774e-11  2.50748e-11  1.39747e-14  2.50608e-11
1.674470424e+01  2.5128029e-11  2.51280e-11  1.38412e-14  2.51142e-11
1.682842776e+01  2.5179532e-11  2.51795e-11  1.37090e-14  2.51658e-11
1.691256990e+01  2.5229281e-11  2.52293e-11  1.35781e-14  2.52157e-11
1.699713274e+01  2.5277277e-11  2.52773e-11  1.34484e-14  2.52638e-11
1.708211841e+01  2.5323521e-11  2.53235e-11  1.33198e-14  2.53102e-11
1.716752900e+01  2.5368014e-11  2.53680e-11  1.31925e-14  2.53548e-11
1.725336665e+01  2.5410759e-11  2.54108e-11  1.30664e-14  2.53977e-11
1.733963348e+01  2.5451756e-11  2.54518e-11  1.29415e-14  2.54388e-11
1.742633165e+01  2.5491009e-11  2.54910e-11  1.28177e-14  2.54782e-11
1.751346330e+01  2.5528521e-11  2.55285e-11  1.26951e-14  2.55158e-11
1.760103062e+01  2.5564294e-11  2.55643e-11  1.25737e-14  2.55517e-11
1.768903577e+01  2.5598332e-11  2.55983e-11  1.24534e-14  2.55859e-11
1.777748095e+01  2.5630639e-11  2.56306e-11  1.23342e-14  2.56183e-11
1.786636836e+01  2.5661219e-11  2.56612e-11  1.22161e-14  2.56490e-11
1.795570020e+01  2.5690077e-11  2.56901e-11  1.20991e-14  2.56780e-11
1.804547870e+01  2.5717218e-11  2.57172e-11  1.19833e-14  2.57052e-11
1.813570609e+01  2.5742647e-11  2.57426e-11  1.18685e-14  2.57308e-11
1.822638462e+01  2.5766369e-11  2.57664e-11  1.17548e-14  2.57546e-11
1.831751655e+01  2.5788391e-11  2.57884e-11  1.16422e-14  2.57767e-11
1.840910413e+01  2.5808719e-11  2.58087e-11  1.15306e-14  2.57972e-11
1.850114965e+01  2.5827359e-11  2.58274e-11  1.14201e-14  2.58159e-11
1.859365540e+01  2.5844318e-11  2.58443e-11  1.13106e-14  2.58330e-11
1.868662368e+01  2.5859604e-11  2.58596e-11  1.12022e-14  2.58484e-11
1.878005679e+01  2.5873223e-11  2.58732e-11  1.10947e-14  2.58621e-11
1.887395708e+01  2.5885184e-11  2.58852e-11  1.09883e-14  2.58742e-11
1.896832686e+01  2.5895494e-11  2.58955e-11  1.08829e-14  2.58846e-11
1.906316850e+01  2.5904163e-11  2.59042e-11  1.07785e-14  2.58934e-11
1.915848434e+01  2.5911197e-11  2.59112e-11  1.06750e-14  2.59005e-11
1.925427676e+01  2.5916607e-11  2.59166e-11  1.05726e-14  2.59060e-11
1.935054815e+01  2.5920401e-11  2.59204e-11  1.04711e-14  2.59099e-11
1.944730089e+01  2.5922589e-11  2.59226e-11  1.03705e-14  2.59122e-11
1.954453739e+01  2.5923180e-11  2.59232e-11  1.02710e-14  2.59129e-11
1.964226008e+01  2.5922184e-11  2.59222e-11  1.01723e-14  2.59120e-11
1.974047138e+01  2.5919612e-11  2.59196e-11  1.00746e-14  2.59095e-11
1.983917374e+01  2.5915473e-11  2.59155e-11  9.97778e-15  2.59055e-11
1.993836960e+01  2.5909778e-11  2.59098e-11  9.88190e-15  2.58999e-11
2.003806145e+01  2.5902537e-11  2.59025e-11  9.78692e-15  2.58928e-11
2.013825176e+01  2.5893763e-11  2.58938e-11  9.69283e-15  2.58841e-11
2.023894302e+01  2.5883465e-11  2.58835e-11  9.59964e-15  2.58739e-11
2.034013773e+01  2.5871656e-11  2.58717e-11  9.50733e-15  2.58621e-11
2.044183842e+01  2.5858346e-11  2.58583e-11  9.41589e-15  2.58489e-11
2.054404761e+01  2.5843549e-11  2.58435e-11  9.32531e-15  2.58342e-11
2.064676785e+01  2.5827274e-11  2.58273e-11  9.23560e-15  2.58180e-11
2.075000169e+01  2.5809535e-11  2.58095e-11  9.14673e-15  2.58004e-11
2.085375170e+01  2.5790345e-11  2.57903e-11  9.05870e-15  2.57813e-11
2.095802046e+01  2.5769714e-11  2.57697e-11  8.97150e-15  2.57607e-11
2.106281056e+01  2.5747657e-11  2.57477e-11  8.88514e-15  2.57388e-11
2.116812461e+01  2.5724185e-11  2.57242e-11  8.79958e-15  2.57154e-11
2.127396524e+01  2.5699312e-11  2.56993e-11  8.71484e-15  2.56906e-11
2.138033506e+01  2.5673050e-11  2.56731e-11  8.63091e-15  2.56644e-11
2.148723674e+01  2.5645414e-11  2.56454e-11  8.54776e-15  2.56369e-11
2.159467292e+01  2.5616416e-11  2.56164e-11  8.46541e-15  2.56080e-11
2.170264629e+01  2.5586069e-11  2.55861e-11  8.38384e-15  2.55777e-11
2.181115952e+01  2.5554388e-11  2.55544e-11  8.30304e-15  2.55461e-11
2.192021532e+01  2.5521386e-11  2.55214e-11  8.22301e-15  2.55132e-11
2.202981639e+01  2.5487076e-11  2.54871e-11  8.14373e-15  2.54789e-11
2.213996547e+01  2.5451473e-11  2.54515e-11  8.06521e-15  2.54434e-11
2.225066530e+01  2.5414591e-11  2.54146e-11  7.98744e-15  2.54066e-11
2.236191863e+01  2.5376443e-11  2.53764e-11  7.91040e-15  2.53685e-11
2.247372822e+01  2.5337044e-11  2.53370e-11  7.83410e-15  2.53292e-11
2.258609686e+01  2.5296409e-11  2.52964e-11  7.75852e-15  2.52887e-11
2.269902735e+01  2.5254551e-11  2.52546e-11  7.68365e-15  2.52469e-11
2.281252248e+01  2.5211485e-11  2.52115e-11  7.60950e-15  2.52039e-11
2.292658510e+01  2.5167226e-11  2.51672e-11  7.53606e-15  2.51597e-11
2.304121802e+01  2.5121787e-11  2.51218e-11  7.46331e-15  2.51143e-11
2.315642411e+01  2.5075185e-11  2.50752e-11  7.39126e-15  2.50678e-11
2.327220623e+01  2.5027432e-11  2.50274e-11  7.31989e-15  2.50201e-11
2.338856726e+01  2.4978545e-11  2.49785e-11  7.24920e-15  2.49713e-11
2.350551010e+01  2.4928538e-11  2.49285e-11  7.17918e-15  2.49214e-11
2.362303765e+01  2.4877425e-11  2.48774e-11  7.10983e-15  2.48703e-11
2.374115284e+01  2.4825222e-11  2.48252e-11  7.04114e-15  2.48182e-11
2.385985860e+01  2.4771943e-11  2.47719e-11  6.97310e-15  2.47650e-11
2.397915789e+01  2.4717603e-11  2.47176e-11  6.90572e-15  2.47107e-11
2.409905368e+01  2.4662218e-11  2.46622e-11  6.83897e-15  2.46554e-11
2.421954895e+01  2.4605802e-11  2.46058e-11  6.77286e-15  2.45990e-11
2.434064670e+01  2.4548370e-11  2.45484e-11  6.70738e-15  2.45417e-11
2.446234993e+01  2.4489938e-11  2.44899e-11  6.64253e-15  2.44833e-11
2.458466168e+01  2.4430519e-11  2.44305e-11  6.57829e-15  2.44239e-11
2.470758499e+01  2.4370130e-11  2.43701e-11  6.51467e-15  2.43636e-11
2.483112291e+01  2.4308785e-11  2.43088e-11  6.45165e-15  2.43023e-11
2.495527853e+01  2.4246499e-11  2.42465e-11  6.38923e-15  2.42401e-11
