# ------------------------------------------------------------------------
# Radiance spectrum
# NASA-GSFC Planetary Spectrum Generator (PSG) (Villanueva et al. 2018, 2022)
# Synthesized on Sat Dec 23 00:00:20 2023
# Doppler velocities [km/s] (vobs,vrot+vorb,vwidth,vrfl,vstr): 0.00000,-0.00000,0.00000,-119.41115,-0.00000
# Spectral unit: Wavelength [um]
# Radiance unit: Spectral irradiance [W/m2/um]
# Wave/freq Total Object Reflected Thermal
5.000000000e-01  8.6913530e-13  8.69135e-13  8.69135e-13  8.83883e-45
5.025000000e-01  8.7641368e-13  8.76414e-13  8.76414e-13  1.36812e-44
5.050125000e-01  8.9817232e-13  8.98172e-13  8.98172e-13  2.10838e-44
5.075375625e-01  9.0208162e-13  9.02082e-13  9.02082e-13  3.25048e-44
5.100752503e-01  9.1512161e-13  9.15122e-13  9.15122e-13  4.99344e-44
5.126256266e-01  9.2734985e-13  9.27350e-13  9.27350e-13  7.65500e-44
5.151887547e-01  9.3969802e-13  9.39698e-13  9.39698e-13  1.17092e-43
5.177646985e-01  9.5659993e-13  9.56600e-13  9.56600e-13  1.78601e-43
5.203535220e-01  9.7256493e-13  9.72565e-13  9.72565e-13  2.71867e-43
5.229552896e-01  1.0001217e-12  1.00012e-12  1.00012e-12  4.12282e-43
5.255700660e-01  1.0075228e-12  1.00752e-12  1.00752e-12  6.25626e-43
5.281979164e-01  1.0223810e-12  1.02238e-12  1.02238e-12  9.46361e-43
5.308389059e-01  1.0317427e-12  1.03174e-12  1.03174e-12  1.42954e-42
5.334931005e-01  1.0526353e-12  1.05264e-12  1.05264e-12  2.15150e-42
5.361605660e-01  1.0706904e-12  1.07069e-12  1.07069e-12  3.23249e-42
5.388413688e-01  1.0838404e-12  1.08384e-12  1.08384e-12  4.84960e-42
5.415355756e-01  1.1036402e-12  1.10364e-12  1.10364e-12  7.25417e-42
5.442432535e-01  1.1134621e-12  1.11346e-12  1.11346e-12  1.08427e-41
5.469644698e-01  1.1259060e-12  1.12591e-12  1.12591e-12  1.61671e-41
5.496992921e-01  1.1484463e-12  1.14845e-12  1.14845e-12  2.40254e-41
5.524477886e-01  1.1697072e-12  1.16971e-12  1.16971e-12  3.56365e-41
5.552100275e-01  1.1718726e-12  1.17187e-12  1.17187e-12  5.28798e-41
5.579860777e-01  1.1976402e-12  1.19764e-12  1.19764e-12  7.80734e-41
5.607760081e-01  1.2156830e-12  1.21568e-12  1.21568e-12  1.15151e-40
5.635798881e-01  1.2262843e-12  1.22628e-12  1.22628e-12  1.69653e-40
5.663977875e-01  1.2447893e-12  1.24479e-12  1.24479e-12  2.49206e-40
5.692297765e-01  1.2619553e-12  1.26196e-12  1.26196e-12  3.65398e-40
5.720759254e-01  1.2713978e-12  1.27140e-12  1.27140e-12  5.35208e-40
5.749363050e-01  1.2909925e-12  1.29099e-12  1.29099e-12  7.81422e-40
5.778109865e-01  1.3059546e-12  1.30595e-12  1.30595e-12  1.13931e-39
5.807000414e-01  1.3206363e-12  1.32064e-12  1.32064e-12  1.65792e-39
5.836035417e-01  1.3364904e-12  1.33649e-12  1.33649e-12  2.40757e-39
5.865215594e-01  1.3442218e-12  1.34422e-12  1.34422e-12  3.49280e-39
5.894541672e-01  1.3626192e-12  1.36262e-12  1.36262e-12  5.05106e-39
5.924014380e-01  1.3674527e-12  1.36745e-12  1.36745e-12  7.30213e-39
5.953634452e-01  1.3855497e-12  1.38555e-12  1.38555e-12  1.05200e-38
5.983402624e-01  1.3912107e-12  1.39121e-12  1.39121e-12  1.51489e-38
6.013319637e-01  1.4060604e-12  1.40606e-12  1.40606e-12  2.17502e-38
6.043386235e-01  1.4158111e-12  1.41581e-12  1.41581e-12  3.11876e-38
6.073603167e-01  1.4321451e-12  1.43215e-12  1.43215e-12  4.46027e-38
6.103971182e-01  1.4376693e-12  1.43767e-12  1.43767e-12  6.37475e-38
6.134491038e-01  1.4479388e-12  1.44794e-12  1.44794e-12  9.08919e-38
6.165163494e-01  1.4662634e-12  1.46626e-12  1.46626e-12  1.29239e-37
6.195989311e-01  1.4676414e-12  1.46764e-12  1.46764e-12  1.83774e-37
6.226969258e-01  1.4803286e-12  1.48033e-12  1.48033e-12  2.60516e-37
6.258104104e-01  1.4985804e-12  1.49858e-12  1.49858e-12  3.68407e-37
6.289394624e-01  1.5068408e-12  1.50684e-12  1.50684e-12  5.20611e-37
6.320841597e-01  1.5160758e-12  1.51608e-12  1.51608e-12  7.34292e-37
6.352445805e-01  1.5244729e-12  1.52447e-12  1.52447e-12  1.03391e-36
6.384208035e-01  1.5463870e-12  1.54639e-12  1.54639e-12  1.45107e-36
6.416129075e-01  1.5518382e-12  1.55184e-12  1.55184e-12  2.03655e-36
6.448209720e-01  1.5693806e-12  1.56938e-12  1.56938e-12  2.84951e-36
6.480450769e-01  1.5827481e-12  1.58275e-12  1.58275e-12  3.98177e-36
6.512853022e-01  1.5937519e-12  1.59375e-12  1.59375e-12  5.55563e-36
6.545417288e-01  1.6087720e-12  1.60877e-12  1.60877e-12  7.73479e-36
6.578144374e-01  1.6244178e-12  1.62442e-12  1.62442e-12  1.07494e-35
6.611035096e-01  1.6377952e-12  1.63780e-12  1.63780e-12  1.49168e-35
6.644090271e-01  1.6559304e-12  1.65593e-12  1.65593e-12  2.06541e-35
6.677310723e-01  1.6747193e-12  1.67472e-12  1.67472e-12  2.85475e-35
6.710697276e-01  1.6956351e-12  1.69564e-12  1.69564e-12  3.93820e-35
6.744250763e-01  1.7101962e-12  1.71020e-12  1.71020e-12  5.42727e-35
6.777972017e-01  1.7204876e-12  1.72049e-12  1.72049e-12  7.47013e-35
6.811861877e-01  1.7400556e-12  1.74006e-12  1.74006e-12  1.02549e-34
6.845921186e-01  1.7565028e-12  1.75650e-12  1.75650e-12  1.40589e-34
6.880150792e-01  1.7685259e-12  1.76853e-12  1.76853e-12  1.92509e-34
6.914551546e-01  1.7908607e-12  1.79086e-12  1.79086e-12  2.62891e-34
6.949124304e-01  1.8018224e-12  1.80182e-12  1.80182e-12  3.58833e-34
6.983869925e-01  1.8287392e-12  1.82874e-12  1.82874e-12  4.88196e-34
7.018789275e-01  1.8423636e-12  1.84236e-12  1.84236e-12  6.64019e-34
7.053883221e-01  1.8520439e-12  1.85204e-12  1.85204e-12  9.02065e-34
7.089152637e-01  1.8678409e-12  1.86784e-12  1.86784e-12  1.22272e-33
7.124598400e-01  1.8907526e-12  1.89075e-12  1.89075e-12  1.65351e-33
7.160221392e-01  1.9058369e-12  1.90584e-12  1.90584e-12  2.23430e-33
7.196022499e-01  1.9125481e-12  1.91255e-12  1.91255e-12  3.01683e-33
7.232002612e-01  1.9247152e-12  1.92472e-12  1.92472e-12  4.06478e-33
7.268162625e-01  1.9422643e-12  1.94226e-12  1.94226e-12  5.46520e-33
7.304503438e-01  1.9510219e-12  1.95102e-12  1.95102e-12  7.34309e-33
7.341025955e-01  1.9663676e-12  1.96637e-12  1.96637e-12  9.84441e-33
7.377731085e-01  1.9664983e-12  1.96650e-12  1.96650e-12  1.31974e-32
7.414619740e-01  1.9803082e-12  1.98031e-12  1.98031e-12  1.76409e-32
7.451692839e-01  1.9882311e-12  1.98823e-12  1.98823e-12  2.35584e-32
7.488951303e-01  1.9962712e-12  1.99627e-12  1.99627e-12  3.14123e-32
7.526396060e-01  2.0037023e-12  2.00370e-12  2.00370e-12  4.18235e-32
7.564028040e-01  2.0051768e-12  2.00518e-12  2.00518e-12  5.56338e-32
7.601848180e-01  2.0082033e-12  2.00820e-12  2.00820e-12  7.38816e-32
7.639857421e-01  2.0123048e-12  2.01230e-12  2.01230e-12  9.79574e-32
7.678056708e-01  2.0206647e-12  2.02066e-12  2.02066e-12  1.29631e-31
7.716446992e-01  2.0187428e-12  2.01874e-12  2.01874e-12  1.71464e-31
7.755029227e-01  2.0180096e-12  2.01801e-12  2.01801e-12  2.26436e-31
7.793804373e-01  2.0273160e-12  2.02732e-12  2.02732e-12  2.98300e-31
7.832773395e-01  2.0229708e-12  2.02297e-12  2.02297e-12  3.92920e-31
7.871937262e-01  2.0241300e-12  2.02413e-12  2.02413e-12  5.16524e-31
7.911296948e-01  2.0293400e-12  2.02934e-12  2.02934e-12  6.77761e-31
7.950853433e-01  2.0300935e-12  2.03009e-12  2.03009e-12  8.88433e-31
7.990607700e-01  2.0282287e-12  2.02823e-12  2.02823e-12  1.16322e-30
8.030560739e-01  2.0267102e-12  2.02671e-12  2.02671e-12  1.52076e-30
8.070713542e-01  2.0210760e-12  2.02108e-12  2.02108e-12  1.98618e-30
8.111067110e-01  2.0136731e-12  2.01367e-12  2.01367e-12  2.59080e-30
8.151622446e-01  2.0176743e-12  2.01767e-12  2.01767e-12  3.37103e-30
8.192380558e-01  2.0198029e-12  2.01980e-12  2.01980e-12  4.38089e-30
8.233342461e-01  2.0226695e-12  2.02267e-12  2.02267e-12  5.68497e-30
8.274509173e-01  2.0307642e-12  2.03076e-12  2.03076e-12  7.36334e-30
8.315881719e-01  2.0347438e-12  2.03474e-12  2.03474e-12  9.52786e-30
8.357461127e-01  2.0367213e-12  2.03672e-12  2.03672e-12  1.23141e-29
8.399248433e-01  2.0321959e-12  2.03220e-12  2.03220e-12  1.59034e-29
8.441244675e-01  2.0272814e-12  2.02728e-12  2.02728e-12  2.05117e-29
8.483450899e-01  2.0216040e-12  2.02160e-12  2.02160e-12  2.64217e-29
8.525868153e-01  2.0136631e-12  2.01366e-12  2.01366e-12  3.39960e-29
8.568497494e-01  2.0019560e-12  2.00196e-12  2.00196e-12  4.36988e-29
8.611339981e-01  1.9924916e-12  1.99249e-12  1.99249e-12  5.60842e-29
8.654396681e-01  1.9854001e-12  1.98540e-12  1.98540e-12  7.18684e-29
8.697668665e-01  1.9780550e-12  1.97806e-12  1.97806e-12  9.19760e-29
8.741157008e-01  1.9692055e-12  1.96921e-12  1.96921e-12  1.17572e-28
8.784862793e-01  1.9594798e-12  1.95948e-12  1.95948e-12  1.50107e-28
8.828787107e-01  1.9496322e-12  1.94963e-12  1.94963e-12  1.91400e-28
8.872931042e-01  1.9547013e-12  1.95470e-12  1.95470e-12  2.43394e-28
8.917295698e-01  1.9600267e-12  1.96003e-12  1.96003e-12  3.09107e-28
8.961882176e-01  1.9578411e-12  1.95784e-12  1.95784e-12  3.92339e-28
9.006691587e-01  1.9477736e-12  1.94777e-12  1.94777e-12  4.97721e-28
9.051725045e-01  1.9354660e-12  1.93547e-12  1.93547e-12  6.30744e-28
9.096983670e-01  1.9174184e-12  1.91742e-12  1.91742e-12  7.98746e-28
9.142468589e-01  1.9001464e-12  1.90015e-12  1.90015e-12  1.01016e-27
9.188180931e-01  1.8997856e-12  1.89979e-12  1.89979e-12  1.27390e-27
9.234121836e-01  1.8993139e-12  1.89931e-12  1.89931e-12  1.60453e-27
9.280292445e-01  1.9017305e-12  1.90173e-12  1.90173e-12  2.01794e-27
9.326693908e-01  1.9044087e-12  1.90441e-12  1.90441e-12  2.53468e-27
9.373327377e-01  1.9022329e-12  1.90223e-12  1.90223e-12  3.18132e-27
9.420194014e-01  1.8954630e-12  1.89546e-12  1.89546e-12  3.98981e-27
9.467294984e-01  1.8738964e-12  1.87390e-12  1.87390e-12  5.00473e-27
9.514631459e-01  1.8665723e-12  1.86657e-12  1.86657e-12  6.26185e-27
9.562204616e-01  1.8725854e-12  1.87259e-12  1.87259e-12  7.81551e-27
9.610015639e-01  1.8773639e-12  1.87736e-12  1.87736e-12  9.74417e-27
9.658065718e-01  1.8811591e-12  1.88116e-12  1.88116e-12  1.21355e-26
9.706356046e-01  1.8829820e-12  1.88298e-12  1.88298e-12  1.50987e-26
9.754887826e-01  1.8797431e-12  1.87974e-12  1.87974e-12  1.87725e-26
9.803662265e-01  1.8725735e-12  1.87257e-12  1.87257e-12  2.33216e-26
9.852680577e-01  1.8758183e-12  1.87582e-12  1.87582e-12  2.89109e-26
9.901943980e-01  1.8777183e-12  1.87772e-12  1.87772e-12  3.58028e-26
9.951453700e-01  1.8724879e-12  1.87249e-12  1.87249e-12  4.43169e-26
1.000121097e+00  1.8724603e-12  1.87246e-12  1.87246e-12  5.47658e-26
1.005121702e+00  1.8685226e-12  1.86852e-12  1.86852e-12  6.76266e-26
1.010147311e+00  1.8756586e-12  1.87566e-12  1.87566e-12  8.33242e-26
1.015198047e+00  1.8690762e-12  1.86908e-12  1.86908e-12  1.02685e-25
1.020274038e+00  1.8714633e-12  1.87146e-12  1.87146e-12  1.26294e-25
1.025375408e+00  1.8877819e-12  1.88778e-12  1.88778e-12  1.54949e-25
1.030502285e+00  1.8884668e-12  1.88847e-12  1.88847e-12  1.90180e-25
1.035654796e+00  1.8850338e-12  1.88503e-12  1.88503e-12  2.33258e-25
1.040833070e+00  1.8813915e-12  1.88139e-12  1.88139e-12  2.85785e-25
1.046037236e+00  1.8825114e-12  1.88251e-12  1.88251e-12  3.49595e-25
1.051267422e+00  1.8876413e-12  1.88764e-12  1.88764e-12  4.27019e-25
1.056523759e+00  1.8992932e-12  1.89929e-12  1.89929e-12  5.20691e-25
1.061806378e+00  1.8986277e-12  1.89863e-12  1.89863e-12  6.34992e-25
1.067115410e+00  1.9037581e-12  1.90376e-12  1.90376e-12  7.73111e-25
1.072450987e+00  1.9128480e-12  1.91285e-12  1.91285e-12  9.39896e-25
1.077813242e+00  1.9208413e-12  1.92084e-12  1.92084e-12  1.14157e-24
1.083202308e+00  1.9235617e-12  1.92356e-12  1.92356e-12  1.38577e-24
1.088618319e+00  1.9143669e-12  1.91437e-12  1.91437e-12  1.68244e-24
1.094061411e+00  1.9432973e-12  1.94330e-12  1.94330e-12  2.03270e-24
1.099531718e+00  1.9429184e-12  1.94292e-12  1.94292e-12  2.46053e-24
1.105029377e+00  1.9484787e-12  1.94848e-12  1.94848e-12  2.97354e-24
1.110554523e+00  1.9549744e-12  1.95497e-12  1.95497e-12  3.58944e-24
1.116107296e+00  1.9613373e-12  1.96134e-12  1.96134e-12  4.32851e-24
1.121687832e+00  1.9750885e-12  1.97509e-12  1.97509e-12  5.21046e-24
1.127296272e+00  1.9797598e-12  1.97976e-12  1.97976e-12  6.27152e-24
1.132932753e+00  1.9822008e-12  1.98220e-12  1.98220e-12  7.54272e-24
1.138597417e+00  1.9967700e-12  1.99677e-12  1.99677e-12  9.05107e-24
1.144290404e+00  1.9969721e-12  1.99697e-12  1.99697e-12  1.08662e-23
1.150011856e+00  1.9974185e-12  1.99742e-12  1.99742e-12  1.30321e-23
1.155761915e+00  2.0077055e-12  2.00771e-12  2.00771e-12  1.55981e-23
1.161540725e+00  2.0064156e-12  2.00642e-12  2.00642e-12  1.86735e-23
1.167348428e+00  2.0000858e-12  2.00009e-12  2.00009e-12  2.23450e-23
1.173185171e+00  2.0036650e-12  2.00367e-12  2.00367e-12  2.66846e-23
1.179051096e+00  2.0257540e-12  2.02575e-12  2.02575e-12  3.17732e-23
1.184946352e+00  2.0215087e-12  2.02151e-12  2.02151e-12  3.79012e-23
1.190871084e+00  2.0222989e-12  2.02230e-12  2.02230e-12  4.51433e-23
1.196825439e+00  2.0127861e-12  2.01279e-12  2.01279e-12  5.37770e-23
1.202809566e+00  2.0183610e-12  2.01836e-12  2.01836e-12  6.38974e-23
1.208823614e+00  2.0153555e-12  2.01536e-12  2.01536e-12  7.59203e-23
1.214867732e+00  2.0169788e-12  2.01698e-12  2.01698e-12  9.00750e-23
1.220942071e+00  2.0065217e-12  2.00652e-12  2.00652e-12  1.06909e-22
1.227046781e+00  2.0010467e-12  2.00105e-12  2.00105e-12  1.26702e-22
1.233182015e+00  2.0081712e-12  2.00817e-12  2.00817e-12  1.49813e-22
1.239347925e+00  2.0051801e-12  2.00518e-12  2.00518e-12  1.77172e-22
1.245544665e+00  1.9969203e-12  1.99692e-12  1.99692e-12  2.09456e-22
1.251772388e+00  1.9930137e-12  1.99301e-12  1.99301e-12  2.47278e-22
1.258031250e+00  1.9954980e-12  1.99550e-12  1.99550e-12  2.91456e-22
1.264321406e+00  1.9844310e-12  1.98443e-12  1.98443e-12  3.43736e-22
1.270643013e+00  1.9784550e-12  1.97845e-12  1.97845e-12  4.04798e-22
1.276996228e+00  1.9797931e-12  1.97979e-12  1.97979e-12  4.75888e-22
1.283381209e+00  1.9776714e-12  1.97767e-12  1.97767e-12  5.59180e-22
1.289798116e+00  1.9677143e-12  1.96771e-12  1.96771e-12  6.57052e-22
1.296247106e+00  1.9622335e-12  1.96223e-12  1.96223e-12  7.70981e-22
1.302728342e+00  1.9516718e-12  1.95167e-12  1.95167e-12  9.04398e-22
1.309241983e+00  1.9501355e-12  1.95014e-12  1.95014e-12  1.05888e-21
1.315788193e+00  1.9420435e-12  1.94204e-12  1.94204e-12  1.23961e-21
1.322367134e+00  1.9315903e-12  1.93159e-12  1.93159e-12  1.45033e-21
1.328978970e+00  1.9225914e-12  1.92259e-12  1.92259e-12  1.69513e-21
1.335623865e+00  1.9221560e-12  1.92216e-12  1.92216e-12  1.97758e-21
1.342301984e+00  1.9078482e-12  1.90785e-12  1.90785e-12  2.30887e-21
1.349013494e+00  1.8965704e-12  1.89657e-12  1.89657e-12  2.69244e-21
1.355758561e+00  1.8878733e-12  1.88787e-12  1.88787e-12  3.13615e-21
1.362537354e+00  1.8799739e-12  1.87997e-12  1.87997e-12  3.64958e-21
1.369350041e+00  1.8840557e-12  1.88406e-12  1.88406e-12  4.23747e-21
1.376196791e+00  1.8626459e-12  1.86265e-12  1.86265e-12  4.93096e-21
1.383077775e+00  1.8283846e-12  1.82838e-12  1.82838e-12  5.74210e-21
1.389993164e+00  1.7704857e-12  1.77049e-12  1.77049e-12  6.70024e-21
1.396943130e+00  1.7619547e-12  1.76195e-12  1.76195e-12  7.76599e-21
1.403927846e+00  1.7110774e-12  1.71108e-12  1.71108e-12  9.03985e-21
1.410947485e+00  1.6706580e-12  1.67066e-12  1.67066e-12  1.05012e-20
1.418002222e+00  1.6395706e-12  1.63957e-12  1.63957e-12  1.21756e-20
1.425092233e+00  1.6451861e-12  1.64519e-12  1.64519e-12  1.40436e-20
1.432217694e+00  1.6428612e-12  1.64286e-12  1.64286e-12  1.62007e-20
1.439378783e+00  1.6593548e-12  1.65935e-12  1.65935e-12  1.86314e-20
1.446575677e+00  1.6626895e-12  1.66269e-12  1.66269e-12  2.14439e-20
1.453808555e+00  1.6862784e-12  1.68628e-12  1.68628e-12  2.45995e-20
1.461077598e+00  1.6755078e-12  1.67551e-12  1.67551e-12  2.83172e-20
1.468382986e+00  1.6752744e-12  1.67527e-12  1.67527e-12  3.25288e-20
1.475724901e+00  1.6786079e-12  1.67861e-12  1.67861e-12  3.73208e-20
1.483103525e+00  1.6831613e-12  1.68316e-12  1.68316e-12  4.27786e-20
1.490519043e+00  1.6760581e-12  1.67606e-12  1.67606e-12  4.90692e-20
1.497971638e+00  1.6935798e-12  1.69358e-12  1.69358e-12  5.60647e-20
1.505461496e+00  1.6967882e-12  1.69679e-12  1.69679e-12  6.41252e-20
1.512988804e+00  1.6949928e-12  1.69499e-12  1.69499e-12  7.33358e-20
1.520553748e+00  1.6830312e-12  1.68303e-12  1.68303e-12  8.39174e-20
1.528156517e+00  1.6816031e-12  1.68160e-12  1.68160e-12  9.58222e-20
1.535797299e+00  1.6731576e-12  1.67316e-12  1.67316e-12  1.09435e-19
1.543476286e+00  1.6646120e-12  1.66461e-12  1.66461e-12  1.24892e-19
1.551193667e+00  1.6665075e-12  1.66651e-12  1.66651e-12  1.42229e-19
1.558949636e+00  1.6583548e-12  1.65835e-12  1.65835e-12  1.62071e-19
1.566744384e+00  1.6511913e-12  1.65119e-12  1.65119e-12  1.84523e-19
1.574578106e+00  1.6454540e-12  1.64545e-12  1.64545e-12  2.09892e-19
1.582450996e+00  1.6405832e-12  1.64058e-12  1.64058e-12  2.38549e-19
1.590363251e+00  1.6290586e-12  1.62906e-12  1.62906e-12  2.71170e-19
1.598315067e+00  1.6193404e-12  1.61934e-12  1.61934e-12  3.07958e-19
1.606306643e+00  1.6152057e-12  1.61521e-12  1.61521e-12  3.49221e-19
1.614338176e+00  1.6046886e-12  1.60469e-12  1.60469e-12  3.96083e-19
1.622409867e+00  1.5960303e-12  1.59603e-12  1.59603e-12  4.48804e-19
1.630521916e+00  1.5885063e-12  1.58851e-12  1.58851e-12  5.08108e-19
1.638674526e+00  1.5810597e-12  1.58106e-12  1.58106e-12  5.74843e-19
1.646867898e+00  1.5789472e-12  1.57895e-12  1.57895e-12  6.49402e-19
1.655102238e+00  1.5689685e-12  1.56897e-12  1.56897e-12  7.33946e-19
1.663377749e+00  1.5624192e-12  1.56242e-12  1.56242e-12  8.28525e-19
1.671694638e+00  1.5494917e-12  1.54949e-12  1.54949e-12  9.35515e-19
1.680053111e+00  1.5389782e-12  1.53898e-12  1.53898e-12  1.05525e-18
1.688453377e+00  1.5362948e-12  1.53629e-12  1.53629e-12  1.18815e-18
1.696895643e+00  1.5230400e-12  1.52304e-12  1.52304e-12  1.33896e-18
1.705380122e+00  1.5053619e-12  1.50536e-12  1.50536e-12  1.50890e-18
1.713907022e+00  1.4905984e-12  1.49060e-12  1.49060e-12  1.69858e-18
1.722476557e+00  1.4846138e-12  1.48461e-12  1.48461e-12  1.90837e-18
1.731088940e+00  1.4837542e-12  1.48375e-12  1.48375e-12  2.14102e-18
1.739744385e+00  1.4790050e-12  1.47900e-12  1.47900e-12  2.40185e-18
1.748443107e+00  1.4695427e-12  1.46954e-12  1.46954e-12  2.69461e-18
1.757185322e+00  1.4536004e-12  1.45360e-12  1.45360e-12  3.02409e-18
1.765971249e+00  1.4484503e-12  1.44845e-12  1.44845e-12  3.38613e-18
1.774801105e+00  1.4202582e-12  1.42026e-12  1.42025e-12  3.80253e-18
1.783675111e+00  1.4171635e-12  1.41716e-12  1.41716e-12  4.25105e-18
1.792593486e+00  1.4145721e-12  1.41457e-12  1.41457e-12  4.74906e-18
1.801556454e+00  1.3867288e-12  1.38673e-12  1.38672e-12  5.32297e-18
1.810564236e+00  1.3723894e-12  1.37239e-12  1.37238e-12  5.95009e-18
1.819617057e+00  1.3634573e-12  1.36346e-12  1.36345e-12  6.64137e-18
1.828715142e+00  1.3533997e-12  1.35340e-12  1.35339e-12  7.40971e-18
1.837858718e+00  1.3487164e-12  1.34872e-12  1.34871e-12  8.25482e-18
1.847048012e+00  1.3355978e-12  1.33560e-12  1.33559e-12  9.20307e-18
1.856283252e+00  1.3123092e-12  1.31231e-12  1.31230e-12  1.02709e-17
1.865564668e+00  1.2925878e-12  1.29259e-12  1.29258e-12  1.14493e-17
1.874892491e+00  1.2469663e-12  1.24697e-12  1.24695e-12  1.28091e-17
1.884266954e+00  1.1762794e-12  1.17628e-12  1.17627e-12  1.43801e-17
1.893688289e+00  1.0663440e-12  1.06634e-12  1.06633e-12  1.62358e-17
1.903156730e+00  9.4968630e-13  9.49686e-13  9.49668e-13  1.83381e-17
1.912672514e+00  9.0698102e-13  9.06981e-13  9.06961e-13  2.04606e-17
1.922235876e+00  9.1624675e-13  9.16247e-13  9.16224e-13  2.26297e-17
1.931847056e+00  9.4143181e-13  9.41432e-13  9.41407e-13  2.49496e-17
1.941506291e+00  9.5883388e-13  9.58834e-13  9.58806e-13  2.75236e-17
1.951213822e+00  9.7823782e-13  9.78238e-13  9.78207e-13  3.03339e-17
1.960969892e+00  9.8522108e-13  9.85221e-13  9.85188e-13  3.34782e-17
1.970774741e+00  9.8911762e-13  9.89118e-13  9.89081e-13  3.69450e-17
1.980628615e+00  1.0050937e-12  1.00509e-12  1.00505e-12  4.06642e-17
1.990531758e+00  1.0172837e-12  1.01728e-12  1.01724e-12  4.47584e-17
2.000484417e+00  1.0209407e-12  1.02094e-12  1.02089e-12  4.93066e-17
2.010486839e+00  1.0307790e-12  1.03078e-12  1.03072e-12  5.42273e-17
2.020539273e+00  1.0350677e-12  1.03507e-12  1.03501e-12  5.96607e-17
2.030641969e+00  1.0355963e-12  1.03560e-12  1.03553e-12  6.56435e-17
2.040795179e+00  1.0386047e-12  1.03860e-12  1.03853e-12  7.21537e-17
2.050999155e+00  1.0444452e-12  1.04445e-12  1.04437e-12  7.92240e-17
2.061254151e+00  1.0400837e-12  1.04008e-12  1.04000e-12  8.70959e-17
2.071560421e+00  1.0317012e-12  1.03170e-12  1.03161e-12  9.57668e-17
2.081918224e+00  1.0348042e-12  1.03480e-12  1.03470e-12  1.05025e-16
2.092327815e+00  1.0246833e-12  1.02468e-12  1.02457e-12  1.15393e-16
2.102789454e+00  1.0252796e-12  1.02528e-12  1.02515e-12  1.26467e-16
2.113303401e+00  1.0059911e-12  1.00599e-12  1.00585e-12  1.39039e-16
2.123869918e+00  1.0104635e-12  1.01046e-12  1.01031e-12  1.52109e-16
2.134489268e+00  1.0348195e-12  1.03482e-12  1.03465e-12  1.65693e-16
2.145161714e+00  9.9830010e-13  9.98300e-13  9.98118e-13  1.82476e-16
2.155887523e+00  9.8056279e-13  9.80563e-13  9.80363e-13  2.00147e-16
2.166666960e+00  9.7795565e-13  9.77956e-13  9.77737e-13  2.18789e-16
2.177500295e+00  9.6570443e-13  9.65704e-13  9.65465e-13  2.39485e-16
2.188387796e+00  9.5618940e-13  9.56189e-13  9.55928e-13  2.61869e-16
2.199329735e+00  9.2081957e-13  9.20820e-13  9.20532e-13  2.87641e-16
2.210326384e+00  9.0429700e-13  9.04297e-13  9.03982e-13  3.14650e-16
2.221378016e+00  9.0403083e-13  9.04031e-13  9.03688e-13  3.42934e-16
2.232484906e+00  8.9619864e-13  8.96199e-13  8.95825e-13  3.74126e-16
2.243647331e+00  8.7881897e-13  8.78819e-13  8.78410e-13  4.08726e-16
2.254865567e+00  8.6820992e-13  8.68210e-13  8.67764e-13  4.45714e-16
2.266139895e+00  8.3267255e-13  8.32673e-13  8.32184e-13  4.88241e-16
2.277470595e+00  8.4586932e-13  8.45869e-13  8.45340e-13  5.29386e-16
2.288857948e+00  8.1097391e-13  8.10974e-13  8.10395e-13  5.79299e-16
2.300302237e+00  7.8171409e-13  7.81714e-13  7.81081e-13  6.32917e-16
2.311803748e+00  7.6930243e-13  7.69302e-13  7.68614e-13  6.88833e-16
2.323362767e+00  7.7955873e-13  7.79559e-13  7.78813e-13  7.45870e-16
2.334979581e+00  7.8076480e-13  7.80765e-13  7.79956e-13  8.08713e-16
2.346654479e+00  7.6769883e-13  7.67699e-13  7.66820e-13  8.79024e-16
2.358387751e+00  7.5122612e-13  7.51226e-13  7.50270e-13  9.55694e-16
2.370179690e+00  7.3614678e-13  7.36147e-13  7.35109e-13  1.03828e-15
2.382030589e+00  7.3105991e-13  7.31060e-13  7.29935e-13  1.12513e-15
2.393940742e+00  7.0957853e-13  7.09579e-13  7.08356e-13  1.22293e-15
2.405910445e+00  6.9486999e-13  6.94870e-13  6.93543e-13  1.32674e-15
2.417939997e+00  6.9208949e-13  6.92089e-13  6.90654e-13  1.43506e-15
2.430029697e+00  6.6744190e-13  6.67442e-13  6.65883e-13  1.55883e-15
2.442179846e+00  6.4542387e-13  6.45424e-13  6.43732e-13  1.69162e-15
2.454390745e+00  6.3514504e-13  6.35145e-13  6.33315e-13  1.83029e-15
2.466662699e+00  6.2482452e-13  6.24825e-13  6.22845e-13  1.97947e-15
2.478996012e+00  6.1245320e-13  6.12453e-13  6.10312e-13  2.14085e-15
2.491390992e+00  6.0017819e-13  6.00178e-13  5.97864e-13  2.31436e-15
2.503847947e+00  5.8789889e-13  5.87899e-13  5.85398e-13  2.50086e-15
2.516367187e+00  5.7566918e-13  5.75669e-13  5.72968e-13  2.70124e-15
2.528949023e+00  5.6439410e-13  5.64394e-13  5.61478e-13  2.91582e-15
2.541593768e+00  5.6336803e-13  5.63368e-13  5.60229e-13  3.13885e-15
2.554301737e+00  5.6233795e-13  5.62338e-13  5.58961e-13  3.37745e-15
2.567073246e+00  5.6351377e-13  5.63514e-13  5.59883e-13  3.63072e-15
2.579908612e+00  5.6641046e-13  5.66410e-13  5.62511e-13  3.89969e-15
2.592808155e+00  5.6789566e-13  5.67896e-13  5.63708e-13  4.18806e-15
2.605772196e+00  5.4922435e-13  5.49224e-13  5.44707e-13  4.51714e-15
2.618801057e+00  5.3071712e-13  5.30717e-13  5.25847e-13  4.87001e-15
2.631895062e+00  5.1053038e-13  5.10530e-13  5.05280e-13  5.25053e-15
2.645054537e+00  4.8927052e-13  4.89271e-13  4.83610e-13  5.66010e-15
2.658279810e+00  4.6370332e-13  4.63703e-13  4.57598e-13  6.10560e-15
2.671571209e+00  4.1643444e-13  4.16434e-13  4.09817e-13  6.61781e-15
2.684929065e+00  3.5948555e-13  3.59486e-13  3.52299e-13  7.18675e-15
2.698353710e+00  3.5743156e-13  3.57432e-13  3.49730e-13  7.70122e-15
2.711845479e+00  3.5542448e-13  3.55424e-13  3.47175e-13  8.24906e-15
2.725404706e+00  3.5346626e-13  3.53466e-13  3.44634e-13  8.83220e-15
2.739031730e+00  3.5155891e-13  3.51559e-13  3.42106e-13  9.45264e-15
2.752726889e+00  3.4970454e-13  3.49705e-13  3.39592e-13  1.01125e-14
2.766490523e+00  3.4790537e-13  3.47905e-13  3.37091e-13  1.08140e-14
2.780322976e+00  3.4616372e-13  3.46164e-13  3.34604e-13  1.15594e-14
2.794224591e+00  3.4448201e-13  3.44482e-13  3.32131e-13  1.23512e-14
2.808195713e+00  3.4286277e-13  3.42863e-13  3.29671e-13  1.31919e-14
2.822236692e+00  3.4130867e-13  3.41309e-13  3.27225e-13  1.40842e-14
2.836347875e+00  3.3982246e-13  3.39822e-13  3.24792e-13  1.50307e-14
2.850529615e+00  3.3840706e-13  3.38407e-13  3.22372e-13  1.60346e-14
2.864782263e+00  3.3706548e-13  3.37065e-13  3.19967e-13  1.70987e-14
2.879106174e+00  3.3580088e-13  3.35801e-13  3.17575e-13  1.82262e-14
2.893501705e+00  3.3461655e-13  3.34617e-13  3.15196e-13  1.94205e-14
2.907969214e+00  3.3351593e-13  3.33516e-13  3.12831e-13  2.06849e-14
2.922509060e+00  3.3250261e-13  3.32503e-13  3.10479e-13  2.20231e-14
2.937121605e+00  3.3158031e-13  3.31580e-13  3.08141e-13  2.34388e-14
2.951807213e+00  3.3075292e-13  3.30753e-13  3.05817e-13  2.49360e-14
2.966566249e+00  3.3002450e-13  3.30024e-13  3.03506e-13  2.65186e-14
2.981399080e+00  3.2939925e-13  3.29399e-13  3.01208e-13  2.81910e-14
2.996306076e+00  3.2888156e-13  3.28882e-13  2.98924e-13  2.99575e-14
3.011287606e+00  3.2847600e-13  3.28476e-13  2.96653e-13  3.18227e-14
3.026344044e+00  3.2818729e-13  3.28187e-13  2.94396e-13  3.37913e-14
3.041475764e+00  3.2802037e-13  3.28020e-13  2.92152e-13  3.58683e-14
3.056683143e+00  3.2798035e-13  3.27980e-13  2.89921e-13  3.80589e-14
3.071966559e+00  3.2807254e-13  3.28073e-13  2.87704e-13  4.03683e-14
3.087326392e+00  3.2830245e-13  3.28302e-13  2.85500e-13  4.28021e-14
3.102763024e+00  3.2867580e-13  3.28676e-13  2.83310e-13  4.53661e-14
3.118276839e+00  3.2919852e-13  3.29199e-13  2.81132e-13  4.80662e-14
3.133868223e+00  3.2987674e-13  3.29877e-13  2.78968e-13  5.09086e-14
3.149537564e+00  3.3071683e-13  3.30717e-13  2.76817e-13  5.38996e-14
3.165285252e+00  3.3172539e-13  3.31725e-13  2.74680e-13  5.70458e-14
3.181111678e+00  3.3290922e-13  3.32909e-13  2.72555e-13  6.03542e-14
3.197017237e+00  3.3427540e-13  3.34275e-13  2.70444e-13  6.38319e-14
3.213002323e+00  3.3583122e-13  3.35831e-13  2.68345e-13  6.74860e-14
3.229067334e+00  3.3758422e-13  3.37584e-13  2.66260e-13  7.13243e-14
3.245212671e+00  3.3954221e-13  3.39542e-13  2.64188e-13  7.53546e-14
3.261438734e+00  3.4171324e-13  3.41713e-13  2.62128e-13  7.95848e-14
3.277745928e+00  3.4410561e-13  3.44106e-13  2.60082e-13  8.40235e-14
3.294134658e+00  3.4672793e-13  3.46728e-13  2.58049e-13  8.86792e-14
3.310605331e+00  3.4958903e-13  3.49589e-13  2.56028e-13  9.35607e-14
3.327158358e+00  3.5269805e-13  3.52698e-13  2.54021e-13  9.86774e-14
3.343794149e+00  3.5606441e-13  3.56064e-13  2.52026e-13  1.04039e-13
3.360513120e+00  3.5969778e-13  3.59698e-13  2.50044e-13  1.09654e-13
3.377315686e+00  3.6360816e-13  3.63608e-13  2.48075e-13  1.15534e-13
3.394202264e+00  3.6780583e-13  3.67806e-13  2.46118e-13  1.21688e-13
3.411173276e+00  3.7230137e-13  3.72301e-13  2.44174e-13  1.28127e-13
3.428229142e+00  3.7710564e-13  3.77106e-13  2.42243e-13  1.34863e-13
3.445370288e+00  3.8222984e-13  3.82230e-13  2.40324e-13  1.41906e-13
3.462597139e+00  3.8768547e-13  3.87685e-13  2.38418e-13  1.49267e-13
3.479910125e+00  3.9348431e-13  3.93484e-13  2.36525e-13  1.56960e-13
3.497309675e+00  3.9963852e-13  3.99639e-13  2.34643e-13  1.64995e-13
3.514796224e+00  4.0616051e-13  4.06161e-13  2.32775e-13  1.73386e-13
3.532370205e+00  4.1306308e-13  4.13063e-13  2.30918e-13  1.82145e-13
3.550032056e+00  4.2035930e-13  4.20359e-13  2.29074e-13  1.91285e-13
3.567782216e+00  4.2806260e-13  4.28063e-13  2.27243e-13  2.00820e-13
3.585621127e+00  4.3618673e-13  4.36187e-13  2.25423e-13  2.10764e-13
3.603549233e+00  4.4474578e-13  4.44746e-13  2.23616e-13  2.21130e-13
3.621566979e+00  4.5375418e-13  4.53754e-13  2.21821e-13  2.31934e-13
3.639674814e+00  4.6322667e-13  4.63227e-13  2.20038e-13  2.43189e-13
3.657873188e+00  4.7317836e-13  4.73178e-13  2.18267e-13  2.54912e-13
3.676162554e+00  4.8362468e-13  4.83625e-13  2.16508e-13  2.67117e-13
3.694543367e+00  4.9458141e-13  4.94581e-13  2.14761e-13  2.79821e-13
3.713016084e+00  5.0606468e-13  5.06065e-13  2.13026e-13  2.93039e-13
3.731581164e+00  5.1809093e-13  5.18091e-13  2.11302e-13  3.06789e-13
3.750239070e+00  5.3067697e-13  5.30677e-13  2.09591e-13  3.21086e-13
3.768990265e+00  5.4383994e-13  5.43840e-13  2.07891e-13  3.35949e-13
3.787835216e+00  5.5759733e-13  5.57597e-13  2.06203e-13  3.51394e-13
3.806774393e+00  5.7196697e-13  5.71967e-13  2.04527e-13  3.67440e-13
3.825808265e+00  5.8696700e-13  5.86967e-13  2.02862e-13  3.84105e-13
3.844937306e+00  6.0261594e-13  6.02616e-13  2.01209e-13  4.01407e-13
3.864161992e+00  6.1893262e-13  6.18933e-13  1.99568e-13  4.19365e-13
3.883482802e+00  6.3593620e-13  6.35936e-13  1.97938e-13  4.37998e-13
3.902900216e+00  6.5364618e-13  6.53646e-13  1.96319e-13  4.57327e-13
3.922414717e+00  6.7208239e-13  6.72082e-13  1.94712e-13  4.77371e-13
3.942026791e+00  6.9126498e-13  6.91265e-13  1.93116e-13  4.98149e-13
3.961736925e+00  7.1121442e-13  7.11214e-13  1.91531e-13  5.19683e-13
3.981545610e+00  7.3195148e-13  7.31951e-13  1.89958e-13  5.41994e-13
4.001453338e+00  7.5349727e-13  7.53497e-13  1.88395e-13  5.65102e-13
4.021460604e+00  7.7587319e-13  7.75873e-13  1.86844e-13  5.89029e-13
4.041567907e+00  7.9910095e-13  7.99101e-13  1.85304e-13  6.13797e-13
4.061775747e+00  8.2320254e-13  8.23203e-13  1.83775e-13  6.39428e-13
4.082084626e+00  8.4820024e-13  8.48200e-13  1.82257e-13  6.65944e-13
4.102495049e+00  8.7411664e-13  8.74117e-13  1.80749e-13  6.93367e-13
4.123007524e+00  9.0097458e-13  9.00975e-13  1.79253e-13  7.21722e-13
4.143622562e+00  9.2879717e-13  9.28797e-13  1.77767e-13  7.51030e-13
4.164340674e+00  9.5760779e-13  9.57608e-13  1.76292e-13  7.81316e-13
4.185162378e+00  9.8743007e-13  9.87430e-13  1.74828e-13  8.12602e-13
4.206088190e+00  1.0182879e-12  1.01829e-12  1.73374e-13  8.44914e-13
4.227118631e+00  1.0502053e-12  1.05021e-12  1.71931e-13  8.78274e-13
4.248254224e+00  1.0832067e-12  1.08321e-12  1.70499e-13  9.12708e-13
4.269495495e+00  1.1173166e-12  1.11732e-12  1.69077e-13  9.48240e-13
4.290842972e+00  1.1525598e-12  1.15256e-12  1.67665e-13  9.84895e-13
4.312297187e+00  1.1889612e-12  1.18896e-12  1.66264e-13  1.02270e-12
4.333858673e+00  1.2265459e-12  1.22655e-12  1.64873e-13  1.06167e-12
4.355527967e+00  1.2653392e-12  1.26534e-12  1.63492e-13  1.10185e-12
4.377305606e+00  1.3053667e-12  1.30537e-12  1.62121e-13  1.14325e-12
4.399192134e+00  1.3466538e-12  1.34665e-12  1.60761e-13  1.18589e-12
4.421188095e+00  1.3892263e-12  1.38923e-12  1.59410e-13  1.22982e-12
4.443294036e+00  1.4331102e-12  1.43311e-12  1.58070e-13  1.27504e-12
4.465510506e+00  1.4783313e-12  1.47833e-12  1.56740e-13  1.32159e-12
4.487838058e+00  1.5249158e-12  1.52492e-12  1.55419e-13  1.36950e-12
4.510277249e+00  1.5728897e-12  1.57289e-12  1.54109e-13  1.41878e-12
4.532828635e+00  1.6222793e-12  1.62228e-12  1.52808e-13  1.46947e-12
4.555492778e+00  1.6731108e-12  1.67311e-12  1.51517e-13  1.52159e-12
4.578270242e+00  1.7254106e-12  1.72541e-12  1.50236e-13  1.57517e-12
4.601161593e+00  1.7792049e-12  1.77920e-12  1.48964e-13  1.63024e-12
4.624167401e+00  1.8345200e-12  1.83452e-12  1.47702e-13  1.68682e-12
4.647288238e+00  1.8913823e-12  1.89138e-12  1.46450e-13  1.74493e-12
4.670524679e+00  1.9498180e-12  1.94982e-12  1.45206e-13  1.80461e-12
4.693877303e+00  2.0098533e-12  2.00985e-12  1.43973e-13  1.86588e-12
4.717346689e+00  2.0715145e-12  2.07151e-12  1.42749e-13  1.92877e-12
4.740933423e+00  2.1348275e-12  2.13483e-12  1.41534e-13  1.99329e-12
4.764638090e+00  2.1998184e-12  2.19982e-12  1.40328e-13  2.05949e-12
4.788461280e+00  2.2665130e-12  2.26651e-12  1.39132e-13  2.12738e-12
4.812403587e+00  2.3349370e-12  2.33494e-12  1.37944e-13  2.19699e-12
4.836465604e+00  2.4051160e-12  2.40512e-12  1.36766e-13  2.26835e-12
4.860647933e+00  2.4770755e-12  2.47708e-12  1.35597e-13  2.34148e-12
4.884951172e+00  2.5508406e-12  2.55084e-12  1.34437e-13  2.41640e-12
4.909375928e+00  2.6264363e-12  2.62644e-12  1.33286e-13  2.49315e-12
4.933922808e+00  2.7038874e-12  2.70389e-12  1.32143e-13  2.57174e-12
4.958592422e+00  2.7832184e-12  2.78322e-12  1.31010e-13  2.65221e-12
4.983385384e+00  2.8644536e-12  2.86445e-12  1.29885e-13  2.73457e-12
5.008302311e+00  2.9476170e-12  2.94762e-12  1.28769e-13  2.81885e-12
5.033343822e+00  3.0327321e-12  3.03273e-12  1.27662e-13  2.90507e-12
5.058510541e+00  3.1198223e-12  3.11982e-12  1.26563e-13  2.99326e-12
5.083803094e+00  3.2089107e-12  3.20891e-12  1.25473e-13  3.08344e-12
5.109222110e+00  3.3000198e-12  3.30002e-12  1.24391e-13  3.17563e-12
5.134768220e+00  3.3931719e-12  3.39317e-12  1.23318e-13  3.26985e-12
5.160442061e+00  3.4883888e-12  3.48839e-12  1.22253e-13  3.36614e-12
5.186244272e+00  3.5856918e-12  3.58569e-12  1.21197e-13  3.46449e-12
5.212175493e+00  3.6851021e-12  3.68510e-12  1.20149e-13  3.56495e-12
5.238236370e+00  3.7866401e-12  3.78664e-12  1.19109e-13  3.66753e-12
5.264427552e+00  3.8903257e-12  3.89033e-12  1.18077e-13  3.77225e-12
5.290749690e+00  3.9961786e-12  3.99618e-12  1.17054e-13  3.87912e-12
5.317203438e+00  4.1042176e-12  4.10422e-12  1.16038e-13  3.98818e-12
5.343789456e+00  4.2144613e-12  4.21446e-12  1.15031e-13  4.09943e-12
5.370508403e+00  4.3269275e-12  4.32693e-12  1.14031e-13  4.21290e-12
5.397360945e+00  4.4416335e-12  4.44163e-12  1.13040e-13  4.32859e-12
5.424347750e+00  4.5585961e-12  4.55860e-12  1.12056e-13  4.44654e-12
5.451469488e+00  4.6778313e-12  4.67783e-12  1.11080e-13  4.56675e-12
5.478726836e+00  4.7993546e-12  4.79935e-12  1.10112e-13  4.68924e-12
5.506120470e+00  4.9231809e-12  4.92318e-12  1.09152e-13  4.81403e-12
5.533651072e+00  5.0493241e-12  5.04932e-12  1.08199e-13  4.94112e-12
5.561319328e+00  5.1777979e-12  5.17780e-12  1.07254e-13  5.07054e-12
5.589125924e+00  5.3086149e-12  5.30861e-12  1.06317e-13  5.20230e-12
5.617071554e+00  5.4417872e-12  5.44179e-12  1.05387e-13  5.33640e-12
5.645156912e+00  5.5773260e-12  5.57733e-12  1.04465e-13  5.47286e-12
5.673382696e+00  5.7152418e-12  5.71524e-12  1.03550e-13  5.61169e-12
5.701749610e+00  5.8555445e-12  5.85554e-12  1.02642e-13  5.75290e-12
5.730258358e+00  5.9982431e-12  5.99824e-12  1.01742e-13  5.89650e-12
5.758909650e+00  6.1433455e-12  6.14335e-12  1.00849e-13  6.04250e-12
5.787704198e+00  6.2908594e-12  6.29086e-12  9.99629e-14  6.19090e-12
5.816642719e+00  6.4407911e-12  6.44079e-12  9.90843e-14  6.34171e-12
5.845725932e+00  6.5931463e-12  6.59315e-12  9.82128e-14  6.49493e-12
5.874954562e+00  6.7479300e-12  6.74793e-12  9.73483e-14  6.65058e-12
5.904329335e+00  6.9051460e-12  6.90515e-12  9.64909e-14  6.80866e-12
5.933850982e+00  7.0647974e-12  7.06480e-12  9.56405e-14  6.96916e-12
5.963520237e+00  7.2268864e-12  7.22689e-12  9.47970e-14  7.13209e-12
5.993337838e+00  7.3914144e-12  7.39141e-12  9.39604e-14  7.29745e-12
6.023304527e+00  7.5583816e-12  7.55838e-12  9.31306e-14  7.46525e-12
6.053421050e+00  7.7277876e-12  7.72779e-12  9.23076e-14  7.63548e-12
6.083688155e+00  7.8996309e-12  7.89963e-12  9.14914e-14  7.80814e-12
6.114106596e+00  8.0739089e-12  8.07391e-12  9.06818e-14  7.98323e-12
6.144677129e+00  8.2506184e-12  8.25062e-12  8.98789e-14  8.16074e-12
6.175400514e+00  8.4297550e-12  8.42976e-12  8.90826e-14  8.34067e-12
6.206277517e+00  8.6113134e-12  8.61131e-12  8.82928e-14  8.52302e-12
6.237308904e+00  8.7952874e-12  8.79529e-12  8.75096e-14  8.70778e-12
6.268495449e+00  8.9816696e-12  8.98167e-12  8.67328e-14  8.89494e-12
6.299837926e+00  9.1704518e-12  9.17045e-12  8.59624e-14  9.08449e-12
6.331337116e+00  9.3616248e-12  9.36162e-12  8.51984e-14  9.27643e-12
6.362993801e+00  9.5551785e-12  9.55518e-12  8.44407e-14  9.47074e-12
6.394808770e+00  9.7511015e-12  9.75110e-12  8.36893e-14  9.66741e-12
6.426782814e+00  9.9493816e-12  9.94938e-12  8.29442e-14  9.86644e-12
6.458916728e+00  1.0150006e-11  1.01500e-11  8.22052e-14  1.00678e-11
6.491211312e+00  1.0352960e-11  1.03530e-11  8.14723e-14  1.02715e-11
6.523667368e+00  1.0558228e-11  1.05582e-11  8.07456e-14  1.04775e-11
6.556285705e+00  1.0765794e-11  1.07658e-11  8.00249e-14  1.06858e-11
6.589067134e+00  1.0975642e-11  1.09756e-11  7.93102e-14  1.08963e-11
6.622012469e+00  1.1187753e-11  1.11878e-11  7.86015e-14  1.11092e-11
6.655122532e+00  1.1402107e-11  1.14021e-11  7.78987e-14  1.13242e-11
6.688398144e+00  1.1618684e-11  1.16187e-11  7.72018e-14  1.15415e-11
6.721840135e+00  1.1837464e-11  1.18375e-11  7.65108e-14  1.17610e-11
6.755449336e+00  1.2058423e-11  1.20584e-11  7.58255e-14  1.19826e-11
6.789226583e+00  1.2281539e-11  1.22815e-11  7.51460e-14  1.22064e-11
6.823172715e+00  1.2506788e-11  1.25068e-11  7.44721e-14  1.24323e-11
6.857288579e+00  1.2734145e-11  1.27341e-11  7.38040e-14  1.26603e-11
6.891575022e+00  1.2963582e-11  1.29636e-11  7.31415e-14  1.28904e-11
6.926032897e+00  1.3195074e-11  1.31951e-11  7.24845e-14  1.31226e-11
6.960663062e+00  1.3428592e-11  1.34286e-11  7.18331e-14  1.33568e-11
6.995466377e+00  1.3664107e-11  1.36641e-11  7.11872e-14  1.35929e-11
7.030443709e+00  1.3901589e-11  1.39016e-11  7.05468e-14  1.38310e-11
7.065595927e+00  1.4141008e-11  1.41410e-11  6.99118e-14  1.40711e-11
7.100923907e+00  1.4382332e-11  1.43823e-11  6.92821e-14  1.43130e-11
7.136428526e+00  1.4625527e-11  1.46255e-11  6.86578e-14  1.45569e-11
7.172110669e+00  1.4870561e-11  1.48706e-11  6.80388e-14  1.48025e-11
7.207971222e+00  1.5117399e-11  1.51174e-11  6.74250e-14  1.50500e-11
7.244011079e+00  1.5366006e-11  1.53660e-11  6.68165e-14  1.52992e-11
7.280231134e+00  1.5616345e-11  1.56163e-11  6.62131e-14  1.55501e-11
7.316632290e+00  1.5868380e-11  1.58684e-11  6.56149e-14  1.58028e-11
7.353215451e+00  1.6122072e-11  1.61221e-11  6.50217e-14  1.60571e-11
7.389981528e+00  1.6377384e-11  1.63774e-11  6.44337e-14  1.63129e-11
7.426931436e+00  1.6634275e-11  1.66343e-11  6.38506e-14  1.65704e-11
7.464066093e+00  1.6892705e-11  1.68927e-11  6.32726e-14  1.68294e-11
7.501386424e+00  1.7152634e-11  1.71526e-11  6.26994e-14  1.70899e-11
7.538893356e+00  1.7414019e-11  1.74140e-11  6.21312e-14  1.73519e-11
7.576587822e+00  1.7676819e-11  1.76768e-11  6.15679e-14  1.76153e-11
7.614470762e+00  1.7940989e-11  1.79410e-11  6.10094e-14  1.78800e-11
7.652543115e+00  1.8206487e-11  1.82065e-11  6.04556e-14  1.81460e-11
7.690805831e+00  1.8473267e-11  1.84733e-11  5.99067e-14  1.84134e-11
7.729259860e+00  1.8741284e-11  1.87413e-11  5.93624e-14  1.86819e-11
7.767906159e+00  1.9010493e-11  1.90105e-11  5.88229e-14  1.89517e-11
7.806745690e+00  1.9280847e-11  1.92808e-11  5.82880e-14  1.92226e-11
7.845779419e+00  1.9552298e-11  1.95523e-11  5.77577e-14  1.94945e-11
7.885008316e+00  1.9824800e-11  1.98248e-11  5.72319e-14  1.97676e-11
7.924433357e+00  2.0098303e-11  2.00983e-11  5.67107e-14  2.00416e-11
7.964055524e+00  2.0372760e-11  2.03728e-11  5.61941e-14  2.03166e-11
8.003875802e+00  2.0648121e-11  2.06481e-11  5.56818e-14  2.05924e-11
8.043895181e+00  2.0924335e-11  2.09243e-11  5.51741e-14  2.08692e-11
8.084114657e+00  2.1201354e-11  2.12014e-11  5.46707e-14  2.11467e-11
8.124535230e+00  2.1479126e-11  2.14791e-11  5.41716e-14  2.14250e-11
8.165157906e+00  2.1757600e-11  2.17576e-11  5.36770e-14  2.17039e-11
8.205983696e+00  2.2036724e-11  2.20367e-11  5.31866e-14  2.19835e-11
8.247013614e+00  2.2316448e-11  2.23164e-11  5.27004e-14  2.22637e-11
8.288248682e+00  2.2596717e-11  2.25967e-11  5.22185e-14  2.25445e-11
8.329689926e+00  2.2877481e-11  2.28775e-11  5.17408e-14  2.28257e-11
8.371338375e+00  2.3158685e-11  2.31587e-11  5.12672e-14  2.31074e-11
8.413195067e+00  2.3440277e-11  2.34403e-11  5.07978e-14  2.33895e-11
8.455261042e+00  2.3722203e-11  2.37222e-11  5.03325e-14  2.36719e-11
8.497537348e+00  2.4004409e-11  2.40044e-11  4.98712e-14  2.39545e-11
8.540025034e+00  2.4286842e-11  2.42868e-11  4.94140e-14  2.42374e-11
8.582725160e+00  2.4569448e-11  2.45694e-11  4.89607e-14  2.45205e-11
8.625638785e+00  2.4852171e-11  2.48522e-11  4.85115e-14  2.48037e-11
8.668766979e+00  2.5134958e-11  2.51350e-11  4.80661e-14  2.50869e-11
8.712110814e+00  2.5417755e-11  2.54178e-11  4.76247e-14  2.53701e-11
8.755671368e+00  2.5700505e-11  2.57005e-11  4.71871e-14  2.56533e-11
8.799449725e+00  2.5983156e-11  2.59832e-11  4.67534e-14  2.59364e-11
8.843446974e+00  2.6265651e-11  2.62657e-11  4.63235e-14  2.62193e-11
8.887664209e+00  2.6547936e-11  2.65479e-11  4.58973e-14  2.65020e-11
8.932102530e+00  2.6829956e-11  2.68300e-11  4.54749e-14  2.67845e-11
8.976763042e+00  2.7111656e-11  2.71117e-11  4.50562e-14  2.70666e-11
9.021646857e+00  2.7392982e-11  2.73930e-11  4.46412e-14  2.73483e-11
9.066755092e+00  2.7673879e-11  2.76739e-11  4.42299e-14  2.76296e-11
9.112088867e+00  2.7954292e-11  2.79543e-11  4.38222e-14  2.79105e-11
9.157649312e+00  2.8234166e-11  2.82342e-11  4.34181e-14  2.81907e-11
9.203437558e+00  2.8513448e-11  2.85134e-11  4.30175e-14  2.84704e-11
9.249454746e+00  2.8792082e-11  2.87921e-11  4.26205e-14  2.87495e-11
9.295702020e+00  2.9070016e-11  2.90700e-11  4.22270e-14  2.90278e-11
9.342180530e+00  2.9347194e-11  2.93472e-11  4.18370e-14  2.93054e-11
9.388891432e+00  2.9623563e-11  2.96236e-11  4.14505e-14  2.95821e-11
9.435835890e+00  2.9899071e-11  2.98991e-11  4.10673e-14  2.98580e-11
9.483015069e+00  3.0173663e-11  3.01737e-11  4.06876e-14  3.01330e-11
9.530430144e+00  3.0447287e-11  3.04473e-11  4.03112e-14  3.04070e-11
9.578082295e+00  3.0719890e-11  3.07199e-11  3.99382e-14  3.06800e-11
9.625972707e+00  3.0991420e-11  3.09914e-11  3.95684e-14  3.09519e-11
9.674102570e+00  3.1261825e-11  3.12618e-11  3.92020e-14  3.12226e-11
9.722473083e+00  3.1531054e-11  3.15311e-11  3.88388e-14  3.14922e-11
9.771085448e+00  3.1799055e-11  3.17991e-11  3.84789e-14  3.17606e-11
9.819940876e+00  3.2065778e-11  3.20658e-11  3.81221e-14  3.20277e-11
9.869040580e+00  3.2331172e-11  3.23312e-11  3.77686e-14  3.22934e-11
9.918385783e+00  3.2595187e-11  3.25952e-11  3.74182e-14  3.25578e-11
9.967977712e+00  3.2857774e-11  3.28578e-11  3.70709e-14  3.28207e-11
1.001781760e+01  3.3118884e-11  3.31189e-11  3.67267e-14  3.30822e-11
1.006790669e+01  3.3378468e-11  3.33785e-11  3.63856e-14  3.33421e-11
1.011824622e+01  3.3636479e-11  3.36365e-11  3.60475e-14  3.36004e-11
1.016883745e+01  3.3892869e-11  3.38929e-11  3.57125e-14  3.38572e-11
1.021968164e+01  3.4147591e-11  3.41476e-11  3.53804e-14  3.41122e-11
1.027078005e+01  3.4400599e-11  3.44006e-11  3.50514e-14  3.43655e-11
1.032213395e+01  3.4651846e-11  3.46518e-11  3.47253e-14  3.46171e-11
1.037374462e+01  3.4901289e-11  3.49013e-11  3.44021e-14  3.48669e-11
1.042561334e+01  3.5148881e-11  3.51489e-11  3.40817e-14  3.51148e-11
1.047774141e+01  3.5394580e-11  3.53946e-11  3.37643e-14  3.53608e-11
1.053013012e+01  3.5638342e-11  3.56383e-11  3.34497e-14  3.56049e-11
1.058278077e+01  3.5880123e-11  3.58801e-11  3.31380e-14  3.58470e-11
1.063569467e+01  3.6119883e-11  3.61199e-11  3.28290e-14  3.60871e-11
1.068887314e+01  3.6357579e-11  3.63576e-11  3.25229e-14  3.63251e-11
1.074231751e+01  3.6593172e-11  3.65932e-11  3.22194e-14  3.65610e-11
1.079602910e+01  3.6826620e-11  3.68266e-11  3.19188e-14  3.67947e-11
1.085000924e+01  3.7057885e-11  3.70579e-11  3.16208e-14  3.70263e-11
1.090425929e+01  3.7286928e-11  3.72869e-11  3.13255e-14  3.72556e-11
1.095878058e+01  3.7513712e-11  3.75137e-11  3.10329e-14  3.74827e-11
1.101357449e+01  3.7738198e-11  3.77382e-11  3.07429e-14  3.77075e-11
1.106864236e+01  3.7960351e-11  3.79604e-11  3.04555e-14  3.79299e-11
1.112398557e+01  3.8180135e-11  3.81801e-11  3.01707e-14  3.81500e-11
1.117960550e+01  3.8397515e-11  3.83975e-11  2.98885e-14  3.83676e-11
1.123550353e+01  3.8612456e-11  3.86125e-11  2.96089e-14  3.85828e-11
1.129168104e+01  3.8824927e-11  3.88249e-11  2.93318e-14  3.87956e-11
1.134813945e+01  3.9034893e-11  3.90349e-11  2.90571e-14  3.90058e-11
1.140488015e+01  3.9242323e-11  3.92423e-11  2.87850e-14  3.92135e-11
1.146190455e+01  3.9447187e-11  3.94472e-11  2.85154e-14  3.94187e-11
1.151921407e+01  3.9649453e-11  3.96495e-11  2.82481e-14  3.96212e-11
1.157681014e+01  3.9849093e-11  3.98491e-11  2.79833e-14  3.98211e-11
1.163469419e+01  4.0046078e-11  4.00461e-11  2.77210e-14  4.00184e-11
1.169286766e+01  4.0240380e-11  4.02404e-11  2.74609e-14  4.02129e-11
1.175133200e+01  4.0431971e-11  4.04320e-11  2.72033e-14  4.04048e-11
1.181008866e+01  4.0620827e-11  4.06208e-11  2.69480e-14  4.05939e-11
1.186913910e+01  4.0806922e-11  4.08069e-11  2.66950e-14  4.07802e-11
1.192848480e+01  4.0990230e-11  4.09902e-11  2.64443e-14  4.09638e-11
1.198812722e+01  4.1170729e-11  4.11707e-11  2.61959e-14  4.11445e-11
1.204806786e+01  4.1348396e-11  4.13484e-11  2.59498e-14  4.13224e-11
1.210830820e+01  4.1523208e-11  4.15232e-11  2.57059e-14  4.14975e-11
1.216884974e+01  4.1695144e-11  4.16951e-11  2.54642e-14  4.16697e-11
1.222969399e+01  4.1864184e-11  4.18642e-11  2.52247e-14  4.18390e-11
1.229084246e+01  4.2030308e-11  4.20303e-11  2.49874e-14  4.20053e-11
1.235229667e+01  4.2193498e-11  4.21935e-11  2.47523e-14  4.21687e-11
1.241405815e+01  4.2353736e-11  4.23537e-11  2.45194e-14  4.23292e-11
1.247612845e+01  4.2511004e-11  4.25110e-11  2.42885e-14  4.24867e-11
1.253850909e+01  4.2665287e-11  4.26653e-11  2.40598e-14  4.26412e-11
1.260120163e+01  4.2816568e-11  4.28166e-11  2.38331e-14  4.27927e-11
1.266420764e+01  4.2964834e-11  4.29648e-11  2.36085e-14  4.29412e-11
1.272752868e+01  4.3110071e-11  4.31101e-11  2.33860e-14  4.30867e-11
1.279116632e+01  4.3252265e-11  4.32523e-11  2.31656e-14  4.32291e-11
1.285512215e+01  4.3391405e-11  4.33914e-11  2.29471e-14  4.33685e-11
1.291939776e+01  4.3527479e-11  4.35275e-11  2.27306e-14  4.35047e-11
1.298399475e+01  4.3660477e-11  4.36605e-11  2.25162e-14  4.36380e-11
1.304891473e+01  4.3790389e-11  4.37904e-11  2.23037e-14  4.37681e-11
1.311415930e+01  4.3917205e-11  4.39172e-11  2.20931e-14  4.38951e-11
1.317973010e+01  4.4040919e-11  4.40409e-11  2.18845e-14  4.40190e-11
1.324562875e+01  4.4161522e-11  4.41615e-11  2.16778e-14  4.41398e-11
1.331185689e+01  4.4279007e-11  4.42790e-11  2.14730e-14  4.42575e-11
1.337841618e+01  4.4393371e-11  4.43934e-11  2.12700e-14  4.43721e-11
1.344530826e+01  4.4504606e-11  4.45046e-11  2.10690e-14  4.44835e-11
1.351253480e+01  4.4612709e-11  4.46127e-11  2.08698e-14  4.45918e-11
1.358009747e+01  4.4717676e-11  4.47177e-11  2.06724e-14  4.46970e-11
1.364799796e+01  4.4819505e-11  4.48195e-11  2.04768e-14  4.47990e-11
1.371623795e+01  4.4918194e-11  4.49182e-11  2.02831e-14  4.48979e-11
1.378481914e+01  4.5013741e-11  4.50137e-11  2.00911e-14  4.49937e-11
1.385374323e+01  4.5106146e-11  4.51061e-11  1.99009e-14  4.50862e-11
1.392301195e+01  4.5195409e-11  4.51954e-11  1.97124e-14  4.51757e-11
1.399262701e+01  4.5281532e-11  4.52815e-11  1.95257e-14  4.52620e-11
1.406259015e+01  4.5364514e-11  4.53645e-11  1.93407e-14  4.53452e-11
1.413290310e+01  4.5444360e-11  4.54444e-11  1.91574e-14  4.54252e-11
1.420356761e+01  4.5521071e-11  4.55211e-11  1.89758e-14  4.55021e-11
1.427458545e+01  4.5594652e-11  4.55947e-11  1.87959e-14  4.55759e-11
1.434595838e+01  4.5665107e-11  4.56651e-11  1.86177e-14  4.56465e-11
1.441768817e+01  4.5732441e-11  4.57324e-11  1.84411e-14  4.57140e-11
1.448977661e+01  4.5796660e-11  4.57967e-11  1.82661e-14  4.57784e-11
1.456222549e+01  4.5857770e-11  4.58578e-11  1.80928e-14  4.58397e-11
1.463503662e+01  4.5915777e-11  4.59158e-11  1.79210e-14  4.58979e-11
1.470821180e+01  4.5970690e-11  4.59707e-11  1.77509e-14  4.59529e-11
1.478175286e+01  4.6022517e-11  4.60225e-11  1.75823e-14  4.60049e-11
1.485566163e+01  4.6071267e-11  4.60713e-11  1.74153e-14  4.60539e-11
1.492993994e+01  4.6116949e-11  4.61169e-11  1.72498e-14  4.60997e-11
1.500458964e+01  4.6159572e-11  4.61596e-11  1.70859e-14  4.61425e-11
1.507961258e+01  4.6199149e-11  4.61991e-11  1.69235e-14  4.61822e-11
1.515501065e+01  4.6235689e-11  4.62357e-11  1.67626e-14  4.62189e-11
1.523078570e+01  4.6269205e-11  4.62692e-11  1.66032e-14  4.62526e-11
1.530693963e+01  4.6299708e-11  4.62997e-11  1.64453e-14  4.62833e-11
1.538347433e+01  4.6327212e-11  4.63272e-11  1.62888e-14  4.63109e-11
1.546039170e+01  4.6351730e-11  4.63517e-11  1.61338e-14  4.63356e-11
1.553769366e+01  4.6373276e-11  4.63733e-11  1.59802e-14  4.63573e-11
1.561538212e+01  4.6391864e-11  4.63919e-11  1.58281e-14  4.63760e-11
1.569345903e+01  4.6407509e-11  4.64075e-11  1.56774e-14  4.63918e-11
1.577192633e+01  4.6420226e-11  4.64202e-11  1.55281e-14  4.64047e-11
1.585078596e+01  4.6430032e-11  4.64300e-11  1.53801e-14  4.64147e-11
1.593003989e+01  4.6436942e-11  4.64369e-11  1.52336e-14  4.64217e-11
1.600969009e+01  4.6440973e-11  4.64410e-11  1.50884e-14  4.64259e-11
1.608973854e+01  4.6442143e-11  4.64421e-11  1.49446e-14  4.64272e-11
1.617018723e+01  4.6440468e-11  4.64405e-11  1.48021e-14  4.64257e-11
1.625103817e+01  4.6435968e-11  4.64360e-11  1.46609e-14  4.64213e-11
1.633229336e+01  4.6428660e-11  4.64287e-11  1.45211e-14  4.64141e-11
1.641395483e+01  4.6418564e-11  4.64186e-11  1.43825e-14  4.64042e-11
1.649602460e+01  4.6405698e-11  4.64057e-11  1.42453e-14  4.63915e-11
1.657850473e+01  4.6390083e-11  4.63901e-11  1.41093e-14  4.63760e-11
1.666139725e+01  4.6371738e-11  4.63717e-11  1.39747e-14  4.63578e-11
1.674470424e+01  4.6350683e-11  4.63507e-11  1.38412e-14  4.63368e-11
1.682842776e+01  4.6326940e-11  4.63269e-11  1.37090e-14  4.63132e-11
1.691256990e+01  4.6300529e-11  4.63005e-11  1.35781e-14  4.62870e-11
1.699713274e+01  4.6271472e-11  4.62715e-11  1.34484e-14  4.62580e-11
1.708211841e+01  4.6239791e-11  4.62398e-11  1.33198e-14  4.62265e-11
1.716752900e+01  4.6205507e-11  4.62055e-11  1.31925e-14  4.61923e-11
1.725336665e+01  4.6168642e-11  4.61686e-11  1.30664e-14  4.61556e-11
1.733963348e+01  4.6129220e-11  4.61292e-11  1.29415e-14  4.61163e-11
1.742633165e+01  4.6087264e-11  4.60873e-11  1.28177e-14  4.60744e-11
1.751346330e+01  4.6042795e-11  4.60428e-11  1.26951e-14  4.60301e-11
1.760103062e+01  4.5995839e-11  4.59958e-11  1.25737e-14  4.59833e-11
1.768903577e+01  4.5946417e-11  4.59464e-11  1.24534e-14  4.59340e-11
1.777748095e+01  4.5894555e-11  4.58946e-11  1.23342e-14  4.58822e-11
1.786636836e+01  4.5840277e-11  4.58403e-11  1.22161e-14  4.58281e-11
1.795570020e+01  4.5783606e-11  4.57836e-11  1.20991e-14  4.57715e-11
1.804547870e+01  4.5724567e-11  4.57246e-11  1.19833e-14  4.57126e-11
1.813570609e+01  4.5663185e-11  4.56632e-11  1.18685e-14  4.56513e-11
1.822638462e+01  4.5599485e-11  4.55995e-11  1.17548e-14  4.55877e-11
1.831751655e+01  4.5533491e-11  4.55335e-11  1.16422e-14  4.55218e-11
1.840910413e+01  4.5465230e-11  4.54652e-11  1.15306e-14  4.54537e-11
1.850114965e+01  4.5394727e-11  4.53947e-11  1.14201e-14  4.53833e-11
1.859365540e+01  4.5322006e-11  4.53220e-11  1.13106e-14  4.53107e-11
1.868662368e+01  4.5247095e-11  4.52471e-11  1.12022e-14  4.52359e-11
1.878005679e+01  4.5170018e-11  4.51700e-11  1.10947e-14  4.51589e-11
1.887395708e+01  4.5090802e-11  4.50908e-11  1.09883e-14  4.50798e-11
1.896832686e+01  4.5009472e-11  4.50095e-11  1.08829e-14  4.49986e-11
1.906316850e+01  4.4926056e-11  4.49261e-11  1.07785e-14  4.49153e-11
1.915848434e+01  4.4840579e-11  4.48406e-11  1.06750e-14  4.48299e-11
1.925427676e+01  4.4753067e-11  4.47531e-11  1.05726e-14  4.47425e-11
1.935054815e+01  4.4663548e-11  4.46635e-11  1.04711e-14  4.46531e-11
1.944730089e+01  4.4572047e-11  4.45720e-11  1.03705e-14  4.45617e-11
1.954453739e+01  4.4478592e-11  4.44786e-11  1.02710e-14  4.44683e-11
1.964226008e+01  4.4383208e-11  4.43832e-11  1.01723e-14  4.43730e-11
1.974047138e+01  4.4285924e-11  4.42859e-11  1.00746e-14  4.42758e-11
1.983917374e+01  4.4186764e-11  4.41868e-11  9.97778e-15  4.41768e-11
1.993836960e+01  4.4085757e-11  4.40858e-11  9.88190e-15  4.40759e-11
2.003806145e+01  4.3982929e-11  4.39829e-11  9.78692e-15  4.39731e-11
2.013825176e+01  4.3878307e-11  4.38783e-11  9.69283e-15  4.38686e-11
2.023894302e+01  4.3771918e-11  4.37719e-11  9.59964e-15  4.37623e-11
2.034013773e+01  4.3663789e-11  4.36638e-11  9.50733e-15  4.36543e-11
2.044183842e+01  4.3553946e-11  4.35539e-11  9.41589e-15  4.35445e-11
2.054404761e+01  4.3442416e-11  4.34424e-11  9.32531e-15  4.34331e-11
2.064676785e+01  4.3329227e-11  4.33292e-11  9.23560e-15  4.33200e-11
2.075000169e+01  4.3214405e-11  4.32144e-11  9.14673e-15  4.32053e-11
2.085375170e+01  4.3097977e-11  4.30980e-11  9.05870e-15  4.30889e-11
2.095802046e+01  4.2979969e-11  4.29800e-11  8.97150e-15  4.29710e-11
2.106281056e+01  4.2860409e-11  4.28604e-11  8.88514e-15  4.28515e-11
2.116812461e+01  4.2739323e-11  4.27393e-11  8.79958e-15  4.27305e-11
2.127396524e+01  4.2616738e-11  4.26167e-11  8.71484e-15  4.26080e-11
2.138033506e+01  4.2492681e-11  4.24927e-11  8.63091e-15  4.24840e-11
2.148723674e+01  4.2367177e-11  4.23672e-11  8.54776e-15  4.23586e-11
2.159467292e+01  4.2240254e-11  4.22403e-11  8.46541e-15  4.22318e-11
2.170264629e+01  4.2111937e-11  4.21119e-11  8.38384e-15  4.21036e-11
2.181115952e+01  4.1982253e-11  4.19823e-11  8.30304e-15  4.19740e-11
2.192021532e+01  4.1851229e-11  4.18512e-11  8.22301e-15  4.18430e-11
2.202981639e+01  4.1718890e-11  4.17189e-11  8.14373e-15  4.17107e-11
2.213996547e+01  4.1585262e-11  4.15853e-11  8.06521e-15  4.15772e-11
2.225066530e+01  4.1450372e-11  4.14504e-11  7.98744e-15  4.14424e-11
2.236191863e+01  4.1314245e-11  4.13142e-11  7.91040e-15  4.13063e-11
2.247372822e+01  4.1176907e-11  4.11769e-11  7.83410e-15  4.11691e-11
2.258609686e+01  4.1038384e-11  4.10384e-11  7.75852e-15  4.10306e-11
2.269902735e+01  4.0898701e-11  4.08987e-11  7.68365e-15  4.08910e-11
2.281252248e+01  4.0757883e-11  4.07579e-11  7.60950e-15  4.07503e-11
2.292658510e+01  4.0615956e-11  4.06160e-11  7.53606e-15  4.06084e-11
2.304121802e+01  4.0472945e-11  4.04729e-11  7.46331e-15  4.04655e-11
2.315642411e+01  4.0328874e-11  4.03289e-11  7.39126e-15  4.03215e-11
2.327220623e+01  4.0183770e-11  4.01838e-11  7.31989e-15  4.01764e-11
2.338856726e+01  4.0037656e-11  4.00377e-11  7.24920e-15  4.00304e-11
2.350551010e+01  3.9890556e-11  3.98906e-11  7.17918e-15  3.98834e-11
2.362303765e+01  3.9742497e-11  3.97425e-11  7.10983e-15  3.97354e-11
2.374115284e+01  3.9593500e-11  3.95935e-11  7.04114e-15  3.95865e-11
2.385985860e+01  3.9443592e-11  3.94436e-11  6.97310e-15  3.94366e-11
2.397915789e+01  3.9292796e-11  3.92928e-11  6.90572e-15  3.92859e-11
2.409905368e+01  3.9141135e-11  3.91411e-11  6.83897e-15  3.91343e-11
2.421954895e+01  3.8988634e-11  3.89886e-11  6.77286e-15  3.89819e-11
2.434064670e+01  3.8835315e-11  3.88353e-11  6.70738e-15  3.88286e-11
2.446234993e+01  3.8681202e-11  3.86812e-11  6.64253e-15  3.86746e-11
2.458466168e+01  3.8526319e-11  3.85263e-11  6.57829e-15  3.85197e-11
2.470758499e+01  3.8370687e-11  3.83707e-11  6.51467e-15  3.83642e-11
2.483112291e+01  3.8214331e-11  3.82143e-11  6.45165e-15  3.82079e-11
2.495527853e+01  3.8057272e-11  3.80573e-11  6.38923e-15  3.80509e-11
