# ------------------------------------------------------------------------
# Radiance spectrum
# NASA-GSFC Planetary Spectrum Generator (PSG) (Villanueva et al. 2018, 2022)
# Synthesized on Fri Dec 22 23:59:12 2023
# Doppler velocities [km/s] (vobs,vrot+vorb,vwidth,vrfl,vstr): 0.00000,-0.00000,0.00000,-119.41115,-0.00000
# Spectral unit: Wavelength [um]
# Radiance unit: Spectral irradiance [W/m2/um]
# Wave/freq Total Object Reflected Thermal
5.000000000e-01  8.6913530e-13  8.69135e-13  8.69135e-13  4.77209e-44
5.025000000e-01  8.7641368e-13  8.76414e-13  8.76414e-13  7.32478e-44
5.050125000e-01  8.9817232e-13  8.98172e-13  8.98172e-13  1.11942e-43
5.075375625e-01  9.0208162e-13  9.02082e-13  9.02082e-13  1.71153e-43
5.100752503e-01  9.1512161e-13  9.15122e-13  9.15122e-13  2.60765e-43
5.126256266e-01  9.2734985e-13  9.27350e-13  9.27350e-13  3.96481e-43
5.151887547e-01  9.3969802e-13  9.39698e-13  9.39698e-13  6.01523e-43
5.177646985e-01  9.5659993e-13  9.56600e-13  9.56600e-13  9.10065e-43
5.203535220e-01  9.7256493e-13  9.72565e-13  9.72565e-13  1.37413e-42
5.229552896e-01  1.0001217e-12  1.00012e-12  1.00012e-12  2.06711e-42
5.255700660e-01  1.0075228e-12  1.00752e-12  1.00752e-12  3.11172e-42
5.281979164e-01  1.0223810e-12  1.02238e-12  1.02238e-12  4.66956e-42
5.308389059e-01  1.0317427e-12  1.03174e-12  1.03174e-12  6.99790e-42
5.334931005e-01  1.0526353e-12  1.05264e-12  1.05264e-12  1.04491e-41
5.361605660e-01  1.0706904e-12  1.07069e-12  1.07069e-12  1.55762e-41
5.388413688e-01  1.0838404e-12  1.08384e-12  1.08384e-12  2.31864e-41
5.415355756e-01  1.1036402e-12  1.10364e-12  1.10364e-12  3.44139e-41
5.442432535e-01  1.1134621e-12  1.11346e-12  1.11346e-12  5.10408e-41
5.469644698e-01  1.1259060e-12  1.12591e-12  1.12591e-12  7.55210e-41
5.496992921e-01  1.1484463e-12  1.14845e-12  1.14845e-12  1.11372e-40
5.524477886e-01  1.1697072e-12  1.16971e-12  1.16971e-12  1.63940e-40
5.552100275e-01  1.1718726e-12  1.17187e-12  1.17187e-12  2.41425e-40
5.579860777e-01  1.1976402e-12  1.19764e-12  1.19764e-12  3.53765e-40
5.607760081e-01  1.2156830e-12  1.21568e-12  1.21568e-12  5.17862e-40
5.635798881e-01  1.2262843e-12  1.22628e-12  1.22628e-12  7.57285e-40
5.663977875e-01  1.2447893e-12  1.24479e-12  1.24479e-12  1.10414e-39
5.692297765e-01  1.2619553e-12  1.26196e-12  1.26196e-12  1.60700e-39
5.720759254e-01  1.2713978e-12  1.27140e-12  1.27140e-12  2.33654e-39
5.749363050e-01  1.2909925e-12  1.29099e-12  1.29099e-12  3.38650e-39
5.778109865e-01  1.3059546e-12  1.30595e-12  1.30595e-12  4.90160e-39
5.807000414e-01  1.3206363e-12  1.32064e-12  1.32064e-12  7.08120e-39
5.836035417e-01  1.3364904e-12  1.33649e-12  1.33649e-12  1.02091e-38
5.865215594e-01  1.3442218e-12  1.34422e-12  1.34422e-12  1.47048e-38
5.894541672e-01  1.3626192e-12  1.36262e-12  1.36262e-12  2.11136e-38
5.924014380e-01  1.3674527e-12  1.36745e-12  1.36745e-12  3.03067e-38
5.953634452e-01  1.3855497e-12  1.38555e-12  1.38555e-12  4.33539e-38
5.983402624e-01  1.3912107e-12  1.39121e-12  1.39121e-12  6.19918e-38
6.013319637e-01  1.4060604e-12  1.40606e-12  1.40606e-12  8.83837e-38
6.043386235e-01  1.4158111e-12  1.41581e-12  1.41581e-12  1.25853e-37
6.073603167e-01  1.4321451e-12  1.43215e-12  1.43215e-12  1.78742e-37
6.103971182e-01  1.4376693e-12  1.43767e-12  1.43767e-12  2.53706e-37
6.134491038e-01  1.4479388e-12  1.44794e-12  1.44794e-12  3.59259e-37
6.165163494e-01  1.4662634e-12  1.46626e-12  1.46626e-12  5.07348e-37
6.195989311e-01  1.4676414e-12  1.46764e-12  1.46764e-12  7.16544e-37
6.226969258e-01  1.4803286e-12  1.48033e-12  1.48033e-12  1.00891e-36
6.258104104e-01  1.4985804e-12  1.49858e-12  1.49858e-12  1.41716e-36
6.289394624e-01  1.5068408e-12  1.50684e-12  1.50684e-12  1.98928e-36
6.320841597e-01  1.5160758e-12  1.51608e-12  1.51608e-12  2.78711e-36
6.352445805e-01  1.5244729e-12  1.52447e-12  1.52447e-12  3.89840e-36
6.384208035e-01  1.5463870e-12  1.54639e-12  1.54639e-12  5.43531e-36
6.416129075e-01  1.5518382e-12  1.55184e-12  1.55184e-12  7.57839e-36
6.448209720e-01  1.5693806e-12  1.56938e-12  1.56938e-12  1.05345e-35
6.480450769e-01  1.5827481e-12  1.58275e-12  1.58275e-12  1.46249e-35
6.512853022e-01  1.5937519e-12  1.59375e-12  1.59375e-12  2.02740e-35
6.545417288e-01  1.6087720e-12  1.60877e-12  1.60877e-12  2.80452e-35
6.578144374e-01  1.6244178e-12  1.62442e-12  1.62442e-12  3.87267e-35
6.611035096e-01  1.6377952e-12  1.63780e-12  1.63780e-12  5.33990e-35
6.644090271e-01  1.6559304e-12  1.65593e-12  1.65593e-12  7.34697e-35
6.677310723e-01  1.6747193e-12  1.67472e-12  1.67472e-12  1.00909e-34
6.710697276e-01  1.6956351e-12  1.69564e-12  1.69564e-12  1.38334e-34
6.744250763e-01  1.7101962e-12  1.71020e-12  1.71020e-12  1.89452e-34
6.777972017e-01  1.7204876e-12  1.72049e-12  1.72049e-12  2.59146e-34
6.811861877e-01  1.7400556e-12  1.74006e-12  1.74006e-12  3.53557e-34
6.845921186e-01  1.7565028e-12  1.75650e-12  1.75650e-12  4.81733e-34
6.880150792e-01  1.7685259e-12  1.76853e-12  1.76853e-12  6.55608e-34
6.914551546e-01  1.7908607e-12  1.79086e-12  1.79086e-12  8.89858e-34
6.949124304e-01  1.8018224e-12  1.80182e-12  1.80182e-12  1.20727e-33
6.983869925e-01  1.8287392e-12  1.82874e-12  1.82874e-12  1.63262e-33
7.018789275e-01  1.8423636e-12  1.84236e-12  1.84236e-12  2.20730e-33
7.053883221e-01  1.8520439e-12  1.85204e-12  1.85204e-12  2.98074e-33
7.089152637e-01  1.8678409e-12  1.86784e-12  1.86784e-12  4.01633e-33
7.124598400e-01  1.8907526e-12  1.89075e-12  1.89075e-12  5.39934e-33
7.160221392e-01  1.9058369e-12  1.90584e-12  1.90584e-12  7.25299e-33
7.196022499e-01  1.9125481e-12  1.91255e-12  1.91255e-12  9.73607e-33
7.232002612e-01  1.9247152e-12  1.92472e-12  1.92472e-12  1.30418e-32
7.268162625e-01  1.9422643e-12  1.94226e-12  1.94226e-12  1.74337e-32
7.304503438e-01  1.9510219e-12  1.95102e-12  1.95102e-12  2.32892e-32
7.341025955e-01  1.9663676e-12  1.96637e-12  1.96637e-12  3.10436e-32
7.377731085e-01  1.9664983e-12  1.96650e-12  1.96650e-12  4.13797e-32
7.414619740e-01  1.9803082e-12  1.98031e-12  1.98031e-12  5.49988e-32
7.451692839e-01  1.9882311e-12  1.98823e-12  1.98823e-12  7.30330e-32
7.488951303e-01  1.9962712e-12  1.99627e-12  1.99627e-12  9.68343e-32
7.526396060e-01  2.0037023e-12  2.00370e-12  2.00370e-12  1.28209e-31
7.564028040e-01  2.0051768e-12  2.00518e-12  2.00518e-12  1.69596e-31
7.601848180e-01  2.0082033e-12  2.00820e-12  2.00820e-12  2.23978e-31
7.639857421e-01  2.0123048e-12  2.01230e-12  2.01230e-12  2.95331e-31
7.678056708e-01  2.0206647e-12  2.02066e-12  2.02066e-12  3.88684e-31
7.716446992e-01  2.0187428e-12  2.01874e-12  2.01874e-12  5.11315e-31
7.755029227e-01  2.0180096e-12  2.01801e-12  2.01801e-12  6.71583e-31
7.793804373e-01  2.0273160e-12  2.02732e-12  2.02732e-12  8.79952e-31
7.832773395e-01  2.0229708e-12  2.02297e-12  2.02297e-12  1.15285e-30
7.871937262e-01  2.0241300e-12  2.02413e-12  2.02413e-12  1.50741e-30
7.911296948e-01  2.0293400e-12  2.02934e-12  2.02934e-12  1.96745e-30
7.950853433e-01  2.0300935e-12  2.03009e-12  2.03009e-12  2.56537e-30
7.990607700e-01  2.0282287e-12  2.02823e-12  2.02823e-12  3.34114e-30
8.030560739e-01  2.0267102e-12  2.02671e-12  2.02671e-12  4.34526e-30
8.070713542e-01  2.0210760e-12  2.02108e-12  2.02108e-12  5.64552e-30
8.111067110e-01  2.0136731e-12  2.01367e-12  2.01367e-12  7.32592e-30
8.151622446e-01  2.0176743e-12  2.01767e-12  2.01767e-12  9.48300e-30
8.192380558e-01  2.0198029e-12  2.01980e-12  2.01980e-12  1.22606e-29
8.233342461e-01  2.0226695e-12  2.02267e-12  2.02267e-12  1.58290e-29
8.274509173e-01  2.0307642e-12  2.03076e-12  2.03076e-12  2.03980e-29
8.315881719e-01  2.0347438e-12  2.03474e-12  2.03474e-12  2.62607e-29
8.357461127e-01  2.0367213e-12  2.03672e-12  2.03672e-12  3.37694e-29
8.399248433e-01  2.0321959e-12  2.03220e-12  2.03220e-12  4.33940e-29
8.441244675e-01  2.0272814e-12  2.02728e-12  2.02728e-12  5.56896e-29
8.483450899e-01  2.0216040e-12  2.02160e-12  2.02160e-12  7.13795e-29
8.525868153e-01  2.0136631e-12  2.01366e-12  2.01366e-12  9.13889e-29
8.568497494e-01  2.0019560e-12  2.00196e-12  2.00196e-12  1.16896e-28
8.611339981e-01  1.9924916e-12  1.99249e-12  1.99249e-12  1.49294e-28
8.654396681e-01  1.9854001e-12  1.98540e-12  1.98540e-12  1.90382e-28
8.697668665e-01  1.9780550e-12  1.97806e-12  1.97806e-12  2.42470e-28
8.741157008e-01  1.9692055e-12  1.96921e-12  1.96921e-12  3.08455e-28
8.784862793e-01  1.9594798e-12  1.95948e-12  1.95948e-12  3.91928e-28
8.828787107e-01  1.9496322e-12  1.94963e-12  1.94963e-12  4.97362e-28
8.872931042e-01  1.9547013e-12  1.95470e-12  1.95470e-12  6.29472e-28
8.917295698e-01  1.9600267e-12  1.96003e-12  1.96003e-12  7.95651e-28
8.961882176e-01  1.9578411e-12  1.95784e-12  1.95784e-12  1.00515e-27
9.006691587e-01  1.9477736e-12  1.94777e-12  1.94777e-12  1.26918e-27
9.051725045e-01  1.9354660e-12  1.93547e-12  1.93547e-12  1.60092e-27
9.096983670e-01  1.9174184e-12  1.91742e-12  1.91742e-12  2.01796e-27
9.142468589e-01  1.9001464e-12  1.90015e-12  1.90015e-12  2.54033e-27
9.188180931e-01  1.8997856e-12  1.89979e-12  1.89979e-12  3.18892e-27
9.234121836e-01  1.8993139e-12  1.89931e-12  1.89931e-12  3.99829e-27
9.280292445e-01  1.9017305e-12  1.90173e-12  1.90173e-12  5.00565e-27
9.326693908e-01  1.9044087e-12  1.90441e-12  1.90441e-12  6.25911e-27
9.373327377e-01  1.9022329e-12  1.90223e-12  1.90223e-12  7.82067e-27
9.420194014e-01  1.8954630e-12  1.89546e-12  1.89546e-12  9.76441e-27
9.467294984e-01  1.8738964e-12  1.87390e-12  1.87390e-12  1.21938e-26
9.514631459e-01  1.8665723e-12  1.86657e-12  1.86657e-12  1.51893e-26
9.562204616e-01  1.8725854e-12  1.87259e-12  1.87259e-12  1.88746e-26
9.610015639e-01  1.8773639e-12  1.87736e-12  1.87736e-12  2.34294e-26
9.658065718e-01  1.8811591e-12  1.88116e-12  1.88116e-12  2.90521e-26
9.706356046e-01  1.8829820e-12  1.88298e-12  1.88298e-12  3.59893e-26
9.754887826e-01  1.8797431e-12  1.87974e-12  1.87974e-12  4.45532e-26
9.803662265e-01  1.8725735e-12  1.87257e-12  1.87257e-12  5.51124e-26
9.852680577e-01  1.8758183e-12  1.87582e-12  1.87582e-12  6.80289e-26
9.901943980e-01  1.8777183e-12  1.87772e-12  1.87772e-12  8.38880e-26
9.951453700e-01  1.8724879e-12  1.87249e-12  1.87249e-12  1.03398e-25
1.000121097e+00  1.8724603e-12  1.87246e-12  1.87246e-12  1.27239e-25
1.005121702e+00  1.8685226e-12  1.86852e-12  1.86852e-12  1.56462e-25
1.010147311e+00  1.8756586e-12  1.87566e-12  1.87566e-12  1.91977e-25
1.015198047e+00  1.8690762e-12  1.86908e-12  1.86908e-12  2.35605e-25
1.020274038e+00  1.8714633e-12  1.87146e-12  1.87146e-12  2.88579e-25
1.025375408e+00  1.8877819e-12  1.88778e-12  1.88778e-12  3.52601e-25
1.030502285e+00  1.8884668e-12  1.88847e-12  1.88847e-12  4.31007e-25
1.035654796e+00  1.8850338e-12  1.88503e-12  1.88503e-12  5.26487e-25
1.040833070e+00  1.8813915e-12  1.88139e-12  1.88139e-12  6.42438e-25
1.046037236e+00  1.8825114e-12  1.88251e-12  1.88251e-12  7.82722e-25
1.051267422e+00  1.8876413e-12  1.88764e-12  1.88764e-12  9.52244e-25
1.056523759e+00  1.8992932e-12  1.89929e-12  1.89929e-12  1.15651e-24
1.061806378e+00  1.8986277e-12  1.89863e-12  1.89863e-12  1.40479e-24
1.067115410e+00  1.9037581e-12  1.90376e-12  1.90376e-12  1.70361e-24
1.072450987e+00  1.9128480e-12  1.91285e-12  1.91285e-12  2.06301e-24
1.077813242e+00  1.9208413e-12  1.92084e-12  1.92084e-12  2.49588e-24
1.083202308e+00  1.9235617e-12  1.92356e-12  1.92356e-12  3.01802e-24
1.088618319e+00  1.9143669e-12  1.91437e-12  1.91437e-12  3.64996e-24
1.094061411e+00  1.9432973e-12  1.94330e-12  1.94330e-12  4.39288e-24
1.099531718e+00  1.9429184e-12  1.94292e-12  1.94292e-12  5.29713e-24
1.105029377e+00  1.9484787e-12  1.94848e-12  1.94848e-12  6.37718e-24
1.110554523e+00  1.9549744e-12  1.95497e-12  1.95497e-12  7.66891e-24
1.116107296e+00  1.9613373e-12  1.96134e-12  1.96134e-12  9.21308e-24
1.121687832e+00  1.9750885e-12  1.97509e-12  1.97509e-12  1.10487e-23
1.127296272e+00  1.9797598e-12  1.97976e-12  1.97976e-12  1.32490e-23
1.132932753e+00  1.9822008e-12  1.98220e-12  1.98220e-12  1.58753e-23
1.138597417e+00  1.9967700e-12  1.99677e-12  1.99677e-12  1.89795e-23
1.144290404e+00  1.9969721e-12  1.99697e-12  1.99697e-12  2.27021e-23
1.150011856e+00  1.9974185e-12  1.99742e-12  1.99742e-12  2.71275e-23
1.155761915e+00  2.0077055e-12  2.00771e-12  2.00771e-12  3.23506e-23
1.161540725e+00  2.0064156e-12  2.00642e-12  2.00642e-12  3.85886e-23
1.167348428e+00  2.0000858e-12  2.00009e-12  2.00009e-12  4.60094e-23
1.173185171e+00  2.0036650e-12  2.00367e-12  2.00367e-12  5.47476e-23
1.179051096e+00  2.0257540e-12  2.02575e-12  2.02575e-12  6.49551e-23
1.184946352e+00  2.0215087e-12  2.02151e-12  2.02151e-12  7.72076e-23
1.190871084e+00  2.0222989e-12  2.02230e-12  2.02230e-12  9.16353e-23
1.196825439e+00  2.0127861e-12  2.01279e-12  2.01279e-12  1.08777e-22
1.202809566e+00  2.0183610e-12  2.01836e-12  2.01836e-12  1.28796e-22
1.208823614e+00  2.0153555e-12  2.01536e-12  2.01536e-12  1.52497e-22
1.214867732e+00  2.0169788e-12  2.01698e-12  2.01698e-12  1.80302e-22
1.220942071e+00  2.0065217e-12  2.00652e-12  2.00652e-12  2.13261e-22
1.227046781e+00  2.0010467e-12  2.00105e-12  2.00105e-12  2.51877e-22
1.233182015e+00  2.0081712e-12  2.00817e-12  2.00817e-12  2.96804e-22
1.239347925e+00  2.0051801e-12  2.00518e-12  2.00518e-12  3.49814e-22
1.245544665e+00  1.9969203e-12  1.99692e-12  1.99692e-12  4.12161e-22
1.251772388e+00  1.9930137e-12  1.99301e-12  1.99301e-12  4.84950e-22
1.258031250e+00  1.9954980e-12  1.99550e-12  1.99550e-12  5.69678e-22
1.264321406e+00  1.9844310e-12  1.98443e-12  1.98443e-12  6.69626e-22
1.270643013e+00  1.9784550e-12  1.97845e-12  1.97845e-12  7.85968e-22
1.276996228e+00  1.9797931e-12  1.97979e-12  1.97979e-12  9.20954e-22
1.283381209e+00  1.9776714e-12  1.97767e-12  1.97767e-12  1.07859e-21
1.289798116e+00  1.9677143e-12  1.96771e-12  1.96771e-12  1.26324e-21
1.296247106e+00  1.9622335e-12  1.96223e-12  1.96223e-12  1.47747e-21
1.302728342e+00  1.9516718e-12  1.95167e-12  1.95167e-12  1.72754e-21
1.309241983e+00  1.9501355e-12  1.95014e-12  1.95014e-12  2.01613e-21
1.315788193e+00  1.9420435e-12  1.94204e-12  1.94204e-12  2.35269e-21
1.322367134e+00  1.9315903e-12  1.93159e-12  1.93159e-12  2.74385e-21
1.328978970e+00  1.9225914e-12  1.92259e-12  1.92259e-12  3.19683e-21
1.335623865e+00  1.9221560e-12  1.92216e-12  1.92216e-12  3.71775e-21
1.342301984e+00  1.9078482e-12  1.90785e-12  1.90785e-12  4.32696e-21
1.349013494e+00  1.8965704e-12  1.89657e-12  1.89657e-12  5.03005e-21
1.355758561e+00  1.8878733e-12  1.88787e-12  1.88787e-12  5.84080e-21
1.362537354e+00  1.8799739e-12  1.87997e-12  1.87997e-12  6.77602e-21
1.369350041e+00  1.8840557e-12  1.88406e-12  1.88406e-12  7.84336e-21
1.376196791e+00  1.8626459e-12  1.86265e-12  1.86265e-12  9.09905e-21
1.383077775e+00  1.8283846e-12  1.82838e-12  1.82838e-12  1.05636e-20
1.389993164e+00  1.7704857e-12  1.77049e-12  1.77049e-12  1.22889e-20
1.396943130e+00  1.7619547e-12  1.76195e-12  1.76195e-12  1.42007e-20
1.403927846e+00  1.7110774e-12  1.71108e-12  1.71108e-12  1.64805e-20
1.410947485e+00  1.6706580e-12  1.67066e-12  1.67066e-12  1.90875e-20
1.418002222e+00  1.6395707e-12  1.63957e-12  1.63957e-12  2.20653e-20
1.425092233e+00  1.6451861e-12  1.64519e-12  1.64519e-12  2.53754e-20
1.432217694e+00  1.6428612e-12  1.64286e-12  1.64286e-12  2.91871e-20
1.439378783e+00  1.6593548e-12  1.65935e-12  1.65935e-12  3.34681e-20
1.446575677e+00  1.6626895e-12  1.66269e-12  1.66269e-12  3.84081e-20
1.453808555e+00  1.6862785e-12  1.68628e-12  1.68628e-12  4.39325e-20
1.461077598e+00  1.6755078e-12  1.67551e-12  1.67551e-12  5.04264e-20
1.468382986e+00  1.6752745e-12  1.67527e-12  1.67527e-12  5.77602e-20
1.475724901e+00  1.6786079e-12  1.67861e-12  1.67861e-12  6.60801e-20
1.483103525e+00  1.6831613e-12  1.68316e-12  1.68316e-12  7.55287e-20
1.490519043e+00  1.6760581e-12  1.67606e-12  1.67606e-12  8.63906e-20
1.497971638e+00  1.6935799e-12  1.69358e-12  1.69358e-12  9.84295e-20
1.505461496e+00  1.6967883e-12  1.69679e-12  1.69679e-12  1.12266e-19
1.512988804e+00  1.6949928e-12  1.69499e-12  1.69499e-12  1.28034e-19
1.520553748e+00  1.6830312e-12  1.68303e-12  1.68303e-12  1.46102e-19
1.528156517e+00  1.6816032e-12  1.68160e-12  1.68160e-12  1.66369e-19
1.535797299e+00  1.6731576e-12  1.67316e-12  1.67316e-12  1.89484e-19
1.543476286e+00  1.6646121e-12  1.66461e-12  1.66461e-12  2.15657e-19
1.551193667e+00  1.6665076e-12  1.66651e-12  1.66651e-12  2.44928e-19
1.558949636e+00  1.6583550e-12  1.65835e-12  1.65835e-12  2.78343e-19
1.566744384e+00  1.6511914e-12  1.65119e-12  1.65119e-12  3.16050e-19
1.574578106e+00  1.6454542e-12  1.64545e-12  1.64545e-12  3.58541e-19
1.582450996e+00  1.6405833e-12  1.64058e-12  1.64058e-12  4.06409e-19
1.590363251e+00  1.6290588e-12  1.62906e-12  1.62906e-12  4.60762e-19
1.598315067e+00  1.6193406e-12  1.61934e-12  1.61934e-12  5.21893e-19
1.606306643e+00  1.6152059e-12  1.61521e-12  1.61521e-12  5.90269e-19
1.614338176e+00  1.6046888e-12  1.60469e-12  1.60469e-12  6.67731e-19
1.622409867e+00  1.5960306e-12  1.59603e-12  1.59603e-12  7.54647e-19
1.630521916e+00  1.5885066e-12  1.58851e-12  1.58851e-12  8.52158e-19
1.638674526e+00  1.5810601e-12  1.58106e-12  1.58106e-12  9.61604e-19
1.646867898e+00  1.5789476e-12  1.57895e-12  1.57895e-12  1.08355e-18
1.655102238e+00  1.5689690e-12  1.56897e-12  1.56897e-12  1.22150e-18
1.663377749e+00  1.5624198e-12  1.56242e-12  1.56242e-12  1.37542e-18
1.671694638e+00  1.5494923e-12  1.54949e-12  1.54949e-12  1.54912e-18
1.680053111e+00  1.5389788e-12  1.53898e-12  1.53898e-12  1.74300e-18
1.688453377e+00  1.5362956e-12  1.53630e-12  1.53629e-12  1.95763e-18
1.696895643e+00  1.5230409e-12  1.52304e-12  1.52304e-12  2.20063e-18
1.705380122e+00  1.5053629e-12  1.50536e-12  1.50536e-12  2.47382e-18
1.713907022e+00  1.4905994e-12  1.49060e-12  1.49060e-12  2.77795e-18
1.722476557e+00  1.4846150e-12  1.48461e-12  1.48461e-12  3.11343e-18
1.731088940e+00  1.4837556e-12  1.48376e-12  1.48375e-12  3.48449e-18
1.739744385e+00  1.4790065e-12  1.47901e-12  1.47900e-12  3.89952e-18
1.748443107e+00  1.4695443e-12  1.46954e-12  1.46954e-12  4.36430e-18
1.757185322e+00  1.4536023e-12  1.45360e-12  1.45360e-12  4.88620e-18
1.765971249e+00  1.4484523e-12  1.44845e-12  1.44845e-12  5.45814e-18
1.774801105e+00  1.4202605e-12  1.42026e-12  1.42025e-12  6.11478e-18
1.783675111e+00  1.4171660e-12  1.41717e-12  1.41716e-12  6.81990e-18
1.792593486e+00  1.4145749e-12  1.41457e-12  1.41457e-12  7.60096e-18
1.801556454e+00  1.3867320e-12  1.38673e-12  1.38672e-12  8.49961e-18
1.810564236e+00  1.3723929e-12  1.37239e-12  1.37238e-12  9.47888e-18
1.819617057e+00  1.3634613e-12  1.36346e-12  1.36345e-12  1.05557e-17
1.828715142e+00  1.3534040e-12  1.35340e-12  1.35339e-12  1.17497e-17
1.837858718e+00  1.3487212e-12  1.34872e-12  1.34871e-12  1.30598e-17
1.847048012e+00  1.3356031e-12  1.33560e-12  1.33559e-12  1.45269e-17
1.856283252e+00  1.3123151e-12  1.31232e-12  1.31230e-12  1.61756e-17
1.865564668e+00  1.2925943e-12  1.29259e-12  1.29258e-12  1.79908e-17
1.874892491e+00  1.2469736e-12  1.24697e-12  1.24695e-12  2.00823e-17
1.884266954e+00  1.1762875e-12  1.17629e-12  1.17627e-12  2.24950e-17
1.893688289e+00  1.0663531e-12  1.06635e-12  1.06633e-12  2.53414e-17
1.903156730e+00  9.4969652e-13  9.49697e-13  9.49668e-13  2.85594e-17
1.912672514e+00  9.0699236e-13  9.06992e-13  9.06961e-13  3.17947e-17
1.922235876e+00  9.1625921e-13  9.16259e-13  9.16224e-13  3.50884e-17
1.931847056e+00  9.4144546e-13  9.41445e-13  9.41407e-13  3.86012e-17
1.941506291e+00  9.5884885e-13  9.58849e-13  9.58806e-13  4.24913e-17
1.951213822e+00  9.7825422e-13  9.78254e-13  9.78207e-13  4.67288e-17
1.960969892e+00  9.8523907e-13  9.85239e-13  9.85188e-13  5.14618e-17
1.970774741e+00  9.8913735e-13  9.89137e-13  9.89081e-13  5.66695e-17
1.980628615e+00  1.0051153e-12  1.00512e-12  1.00505e-12  6.22417e-17
1.990531758e+00  1.0173073e-12  1.01731e-12  1.01724e-12  6.83635e-17
2.000484417e+00  1.0209665e-12  1.02097e-12  1.02089e-12  7.51517e-17
2.010486839e+00  1.0308073e-12  1.03081e-12  1.03072e-12  8.24786e-17
2.020539273e+00  1.0350986e-12  1.03510e-12  1.03501e-12  9.05536e-17
2.030641969e+00  1.0356301e-12  1.03563e-12  1.03553e-12  9.94278e-17
2.040795179e+00  1.0386417e-12  1.03864e-12  1.03853e-12  1.09063e-16
2.050999155e+00  1.0444855e-12  1.04449e-12  1.04437e-12  1.19504e-16
2.061254151e+00  1.0401277e-12  1.04013e-12  1.04000e-12  1.31110e-16
2.071560421e+00  1.0317493e-12  1.03175e-12  1.03161e-12  1.43870e-16
2.081918224e+00  1.0348566e-12  1.03486e-12  1.03470e-12  1.57459e-16
2.092327815e+00  1.0247406e-12  1.02474e-12  1.02457e-12  1.72654e-16
2.102789454e+00  1.0253419e-12  1.02534e-12  1.02515e-12  1.88845e-16
2.113303401e+00  1.0060592e-12  1.00606e-12  1.00585e-12  2.07204e-16
2.123869918e+00  1.0105376e-12  1.01054e-12  1.01031e-12  2.26233e-16
2.134489268e+00  1.0348998e-12  1.03490e-12  1.03465e-12  2.45951e-16
2.145161714e+00  9.9838796e-13  9.98388e-13  9.98118e-13  2.70330e-16
2.155887523e+00  9.8065857e-13  9.80659e-13  9.80363e-13  2.95931e-16
2.166666960e+00  9.7805973e-13  9.78060e-13  9.77737e-13  3.22865e-16
2.177500295e+00  9.6581767e-13  9.65818e-13  9.65465e-13  3.52723e-16
2.188387796e+00  9.5631248e-13  9.56312e-13  9.55928e-13  3.84948e-16
2.199329735e+00  9.2095395e-13  9.20954e-13  9.20532e-13  4.22024e-16
2.210326384e+00  9.0444312e-13  9.04443e-13  9.03982e-13  4.60770e-16
2.221378016e+00  9.0418914e-13  9.04189e-13  9.03688e-13  5.01238e-16
2.232484906e+00  8.9637031e-13  8.96370e-13  8.95825e-13  5.45797e-16
2.243647331e+00  8.7900540e-13  8.79005e-13  8.78410e-13  5.95155e-16
2.254865567e+00  8.6841200e-13  8.68412e-13  8.67764e-13  6.47800e-16
2.266139895e+00  8.3289260e-13  8.32893e-13  8.32184e-13  7.08291e-16
2.277470595e+00  8.4610649e-13  8.46106e-13  8.45340e-13  7.66559e-16
2.288857948e+00  8.1123190e-13  8.11232e-13  8.10395e-13  8.37291e-16
2.300302237e+00  7.8199428e-13  7.81994e-13  7.81081e-13  9.13114e-16
2.311803748e+00  7.6960557e-13  7.69606e-13  7.68614e-13  9.91973e-16
2.323362767e+00  7.7988502e-13  7.79885e-13  7.78813e-13  1.07216e-15
2.334979581e+00  7.8111649e-13  7.81116e-13  7.79956e-13  1.16040e-15
2.346654479e+00  7.6807883e-13  7.68079e-13  7.66820e-13  1.25903e-15
2.358387751e+00  7.5163682e-13  7.51637e-13  7.50270e-13  1.36639e-15
2.370179690e+00  7.3659034e-13  7.36590e-13  7.35109e-13  1.48184e-15
2.382030589e+00  7.3153772e-13  7.31538e-13  7.29935e-13  1.60295e-15
2.393940742e+00  7.1009481e-13  7.10095e-13  7.08356e-13  1.73921e-15
2.405910445e+00  6.9542680e-13  6.95427e-13  6.93543e-13  1.88355e-15
2.417939997e+00  6.9268820e-13  6.92688e-13  6.90654e-13  2.03377e-15
2.430029697e+00  6.6808843e-13  6.68088e-13  6.65883e-13  2.20536e-15
2.442179846e+00  6.4612134e-13  6.46121e-13  6.43732e-13  2.38910e-15
2.454390745e+00  6.3589525e-13  6.35895e-13  6.33315e-13  2.58050e-15
2.466662699e+00  6.2563112e-13  6.25631e-13  6.22845e-13  2.78607e-15
2.478996012e+00  6.1332044e-13  6.13320e-13  6.10312e-13  3.00809e-15
2.491390992e+00  6.0111022e-13  6.01110e-13  5.97864e-13  3.24638e-15
2.503847947e+00  5.8890012e-13  5.88900e-13  5.85398e-13  3.50210e-15
2.516367187e+00  5.7674429e-13  5.76744e-13  5.72968e-13  3.77635e-15
2.528949023e+00  5.6554783e-13  5.65548e-13  5.61478e-13  4.06955e-15
2.541593768e+00  5.6460275e-13  5.64603e-13  5.60229e-13  4.37358e-15
2.554301737e+00  5.6365877e-13  5.63659e-13  5.58961e-13  4.69826e-15
2.567073246e+00  5.6492536e-13  5.64925e-13  5.59883e-13  5.04230e-15
2.579908612e+00  5.6791777e-13  5.67918e-13  5.62511e-13  5.40700e-15
2.592808155e+00  5.6950500e-13  5.69505e-13  5.63708e-13  5.79740e-15
2.605772196e+00  5.5095004e-13  5.50950e-13  5.44707e-13  6.24282e-15
2.618801057e+00  5.3256679e-13  5.32567e-13  5.25847e-13  6.71968e-15
2.631895062e+00  5.1251298e-13  5.12513e-13  5.05280e-13  7.23313e-15
2.645054537e+00  4.9139535e-13  4.91395e-13  4.83610e-13  7.78493e-15
2.658279810e+00  4.6598209e-13  4.65982e-13  4.57598e-13  8.38437e-15
2.671571209e+00  4.1889005e-13  4.18890e-13  4.09817e-13  9.07342e-15
2.684929065e+00  3.6213682e-13  3.62137e-13  3.52299e-13  9.83802e-15
2.698353710e+00  3.6025616e-13  3.60256e-13  3.49730e-13  1.05258e-14
2.711845479e+00  3.5843251e-13  3.58433e-13  3.47175e-13  1.12571e-14
2.725404706e+00  3.5666830e-13  3.56668e-13  3.44634e-13  1.20342e-14
2.739031730e+00  3.5496607e-13  3.54966e-13  3.42106e-13  1.28598e-14
2.752726889e+00  3.5332850e-13  3.53328e-13  3.39592e-13  1.37364e-14
2.766490523e+00  3.5175835e-13  3.51758e-13  3.37091e-13  1.46670e-14
2.780322976e+00  3.5025853e-13  3.50259e-13  3.34604e-13  1.56542e-14
2.794224591e+00  3.4883209e-13  3.48832e-13  3.32131e-13  1.67013e-14
2.808195713e+00  3.4748219e-13  3.47482e-13  3.29671e-13  1.78113e-14
2.822236692e+00  3.4621214e-13  3.46212e-13  3.27225e-13  1.89876e-14
2.836347875e+00  3.4502541e-13  3.45025e-13  3.24792e-13  2.02337e-14
2.850529615e+00  3.4392558e-13  3.43926e-13  3.22372e-13  2.15531e-14
2.864782263e+00  3.4291643e-13  3.42916e-13  3.19967e-13  2.29496e-14
2.879106174e+00  3.4200186e-13  3.42002e-13  3.17575e-13  2.44272e-14
2.893501705e+00  3.4118596e-13  3.41186e-13  3.15196e-13  2.59899e-14
2.907969214e+00  3.4047297e-13  3.40473e-13  3.12831e-13  2.76419e-14
2.922509060e+00  3.3986731e-13  3.39867e-13  3.10479e-13  2.93878e-14
2.937121605e+00  3.3937359e-13  3.39374e-13  3.08141e-13  3.12321e-14
2.951807213e+00  3.3899658e-13  3.38997e-13  3.05817e-13  3.31797e-14
2.966566249e+00  3.3874126e-13  3.38741e-13  3.03506e-13  3.52354e-14
2.981399080e+00  3.3861279e-13  3.38613e-13  3.01208e-13  3.74045e-14
2.996306076e+00  3.3861655e-13  3.38617e-13  2.98924e-13  3.96925e-14
3.011287606e+00  3.3875811e-13  3.38758e-13  2.96653e-13  4.21048e-14
3.026344044e+00  3.3904325e-13  3.39043e-13  2.94396e-13  4.46472e-14
3.041475764e+00  3.3947796e-13  3.39478e-13  2.92152e-13  4.73259e-14
3.056683143e+00  3.4006848e-13  3.40068e-13  2.89921e-13  5.01470e-14
3.071966559e+00  3.4082124e-13  3.40821e-13  2.87704e-13  5.31170e-14
3.087326392e+00  3.4174294e-13  3.41743e-13  2.85500e-13  5.62426e-14
3.102763024e+00  3.4284048e-13  3.42840e-13  2.83310e-13  5.95308e-14
3.118276839e+00  3.4412103e-13  3.44121e-13  2.81132e-13  6.29887e-14
3.133868223e+00  3.4559200e-13  3.45592e-13  2.78968e-13  6.66238e-14
3.149537564e+00  3.4726106e-13  3.47261e-13  2.76817e-13  7.04438e-14
3.165285252e+00  3.4913612e-13  3.49136e-13  2.74680e-13  7.44566e-14
3.181111678e+00  3.5122538e-13  3.51225e-13  2.72555e-13  7.86704e-14
3.197017237e+00  3.5353730e-13  3.53537e-13  2.70444e-13  8.30938e-14
3.213002323e+00  3.5608062e-13  3.56081e-13  2.68345e-13  8.77354e-14
3.229067334e+00  3.5886434e-13  3.58864e-13  2.66260e-13  9.26044e-14
3.245212671e+00  3.6189777e-13  3.61898e-13  2.64188e-13  9.77101e-14
3.261438734e+00  3.6519050e-13  3.65191e-13  2.62128e-13  1.03062e-13
3.277745928e+00  3.6875242e-13  3.68752e-13  2.60082e-13  1.08670e-13
3.294134658e+00  3.7259372e-13  3.72594e-13  2.58049e-13  1.14545e-13
3.310605331e+00  3.7672489e-13  3.76725e-13  2.56028e-13  1.20697e-13
3.327158358e+00  3.8115673e-13  3.81157e-13  2.54021e-13  1.27136e-13
3.343794149e+00  3.8590036e-13  3.85900e-13  2.52026e-13  1.33874e-13
3.360513120e+00  3.9096721e-13  3.90967e-13  2.50044e-13  1.40923e-13
3.377315686e+00  3.9636905e-13  3.96369e-13  2.48075e-13  1.48294e-13
3.394202264e+00  4.0211795e-13  4.02118e-13  2.46118e-13  1.56000e-13
3.411173276e+00  4.0822634e-13  4.08226e-13  2.44174e-13  1.64052e-13
3.428229142e+00  4.1470696e-13  4.14707e-13  2.42243e-13  1.72464e-13
3.445370288e+00  4.2157290e-13  4.21573e-13  2.40324e-13  1.81249e-13
3.462597139e+00  4.2883759e-13  4.28838e-13  2.38418e-13  1.90419e-13
3.479910125e+00  4.3651480e-13  4.36515e-13  2.36525e-13  1.99990e-13
3.497309675e+00  4.4461865e-13  4.44619e-13  2.34643e-13  2.09975e-13
3.514796224e+00  4.5316361e-13  4.53164e-13  2.32775e-13  2.20389e-13
3.532370205e+00  4.6216450e-13  4.62165e-13  2.30918e-13  2.31246e-13
3.550032056e+00  4.7163650e-13  4.71636e-13  2.29074e-13  2.42562e-13
3.567782216e+00  4.8159513e-13  4.81595e-13  2.27243e-13  2.54353e-13
3.585621127e+00  4.9205628e-13  4.92056e-13  2.25423e-13  2.66633e-13
3.603549233e+00  5.0303621e-13  5.03036e-13  2.23616e-13  2.79420e-13
3.621566979e+00  5.1455152e-13  5.14552e-13  2.21821e-13  2.92731e-13
3.639674814e+00  5.2661918e-13  5.26619e-13  2.20038e-13  3.06582e-13
3.657873188e+00  5.3925652e-13  5.39257e-13  2.18267e-13  3.20990e-13
3.676162554e+00  5.5248123e-13  5.52481e-13  2.16508e-13  3.35974e-13
3.694543367e+00  5.6631136e-13  5.66311e-13  2.14761e-13  3.51551e-13
3.713016084e+00  5.8076532e-13  5.80765e-13  2.13026e-13  3.67740e-13
3.731581164e+00  5.9586190e-13  5.95862e-13  2.11302e-13  3.84560e-13
3.750239070e+00  6.1162021e-13  6.11620e-13  2.09591e-13  4.02029e-13
3.768990265e+00  6.2805975e-13  6.28060e-13  2.07891e-13  4.20168e-13
3.787835216e+00  6.4520036e-13  6.45200e-13  2.06203e-13  4.38997e-13
3.806774393e+00  6.6306224e-13  6.63062e-13  2.04527e-13  4.58535e-13
3.825808265e+00  6.8166594e-13  6.81666e-13  2.02862e-13  4.78803e-13
3.844937306e+00  7.0103234e-13  7.01032e-13  2.01209e-13  4.99823e-13
3.864161992e+00  7.2118269e-13  7.21183e-13  1.99568e-13  5.21615e-13
3.883482802e+00  7.4213855e-13  7.42139e-13  1.97938e-13  5.44201e-13
3.902900216e+00  7.6392185e-13  7.63922e-13  1.96319e-13  5.67603e-13
3.922414717e+00  7.8655482e-13  7.86555e-13  1.94712e-13  5.91843e-13
3.942026791e+00  8.1006003e-13  8.10060e-13  1.93116e-13  6.16944e-13
3.961736925e+00  8.3446037e-13  8.34460e-13  1.91531e-13  6.42929e-13
3.981545610e+00  8.5977905e-13  8.59779e-13  1.89958e-13  6.69821e-13
4.001453338e+00  8.8603956e-13  8.86040e-13  1.88395e-13  6.97644e-13
4.021460604e+00  9.1326572e-13  9.13266e-13  1.86844e-13  7.26422e-13
4.041567907e+00  9.4148163e-13  9.41482e-13  1.85304e-13  7.56178e-13
4.061775747e+00  9.7071168e-13  9.70712e-13  1.83775e-13  7.86937e-13
4.082084626e+00  1.0009805e-12  1.00098e-12  1.82257e-13  8.18724e-13
4.102495049e+00  1.0323131e-12  1.03231e-12  1.80749e-13  8.51564e-13
4.123007524e+00  1.0647347e-12  1.06473e-12  1.79253e-13  8.85482e-13
4.143622562e+00  1.0982706e-12  1.09827e-12  1.77767e-13  9.20503e-13
4.164340674e+00  1.1329466e-12  1.13295e-12  1.76292e-13  9.56654e-13
4.185162378e+00  1.1687885e-12  1.16879e-12  1.74828e-13  9.93961e-13
4.206088190e+00  1.2058226e-12  1.20582e-12  1.73374e-13  1.03245e-12
4.227118631e+00  1.2440752e-12  1.24408e-12  1.71931e-13  1.07214e-12
4.248254224e+00  1.2835727e-12  1.28357e-12  1.70499e-13  1.11307e-12
4.269495495e+00  1.3243420e-12  1.32434e-12  1.69077e-13  1.15527e-12
4.290842972e+00  1.3664099e-12  1.36641e-12  1.67665e-13  1.19875e-12
4.312297187e+00  1.4098035e-12  1.40980e-12  1.66264e-13  1.24354e-12
4.333858673e+00  1.4545499e-12  1.45455e-12  1.64873e-13  1.28968e-12
4.355527967e+00  1.5006766e-12  1.50068e-12  1.63492e-13  1.33718e-12
4.377305606e+00  1.5482109e-12  1.54821e-12  1.62121e-13  1.38609e-12
4.399192134e+00  1.5971804e-12  1.59718e-12  1.60761e-13  1.43642e-12
4.421188095e+00  1.6476128e-12  1.64761e-12  1.59410e-13  1.48820e-12
4.443294036e+00  1.6995357e-12  1.69954e-12  1.58070e-13  1.54147e-12
4.465510506e+00  1.7529769e-12  1.75298e-12  1.56740e-13  1.59624e-12
4.487838058e+00  1.8079643e-12  1.80796e-12  1.55419e-13  1.65254e-12
4.510277249e+00  1.8645256e-12  1.86453e-12  1.54109e-13  1.71042e-12
4.532828635e+00  1.9226888e-12  1.92269e-12  1.52808e-13  1.76988e-12
4.555492778e+00  1.9824815e-12  1.98248e-12  1.51517e-13  1.83096e-12
4.578270242e+00  2.0439318e-12  2.04393e-12  1.50236e-13  1.89370e-12
4.601161593e+00  2.1070672e-12  2.10707e-12  1.48964e-13  1.95810e-12
4.624167401e+00  2.1719155e-12  2.17192e-12  1.47702e-13  2.02421e-12
4.647288238e+00  2.2385043e-12  2.23850e-12  1.46450e-13  2.09205e-12
4.670524679e+00  2.3068611e-12  2.30686e-12  1.45206e-13  2.16165e-12
4.693877303e+00  2.3770133e-12  2.37701e-12  1.43973e-13  2.23304e-12
4.717346689e+00  2.4489882e-12  2.44899e-12  1.42749e-13  2.30624e-12
4.740933423e+00  2.5228128e-12  2.52281e-12  1.41534e-13  2.38128e-12
4.764638090e+00  2.5985141e-12  2.59851e-12  1.40328e-13  2.45819e-12
4.788461280e+00  2.6761188e-12  2.67612e-12  1.39132e-13  2.53699e-12
4.812403587e+00  2.7556534e-12  2.75565e-12  1.37944e-13  2.61771e-12
4.836465604e+00  2.8371441e-12  2.83714e-12  1.36766e-13  2.70038e-12
4.860647933e+00  2.9206171e-12  2.92062e-12  1.35597e-13  2.78502e-12
4.884951172e+00  3.0060979e-12  3.00610e-12  1.34437e-13  2.87166e-12
4.909375928e+00  3.0936120e-12  3.09361e-12  1.33286e-13  2.96033e-12
4.933922808e+00  3.1831846e-12  3.18318e-12  1.32143e-13  3.05104e-12
4.958592422e+00  3.2748405e-12  3.27484e-12  1.31010e-13  3.14383e-12
4.983385384e+00  3.3686039e-12  3.36860e-12  1.29885e-13  3.23872e-12
5.008302311e+00  3.4644990e-12  3.46450e-12  1.28769e-13  3.33573e-12
5.033343822e+00  3.5625494e-12  3.56255e-12  1.27662e-13  3.43489e-12
5.058510541e+00  3.6627782e-12  3.66278e-12  1.26563e-13  3.53622e-12
5.083803094e+00  3.7652083e-12  3.76521e-12  1.25473e-13  3.63974e-12
5.109222110e+00  3.8698620e-12  3.86986e-12  1.24391e-13  3.74547e-12
5.134768220e+00  3.9767609e-12  3.97676e-12  1.23318e-13  3.85344e-12
5.160442061e+00  4.0859266e-12  4.08593e-12  1.22253e-13  3.96367e-12
5.186244272e+00  4.1973796e-12  4.19738e-12  1.21197e-13  4.07618e-12
5.212175493e+00  4.3111403e-12  4.31114e-12  1.20149e-13  4.19099e-12
5.238236370e+00  4.4272282e-12  4.42723e-12  1.19109e-13  4.30812e-12
5.264427552e+00  4.5456626e-12  4.54566e-12  1.18077e-13  4.42759e-12
5.290749690e+00  4.6664618e-12  4.66646e-12  1.17054e-13  4.54941e-12
5.317203438e+00  4.7896436e-12  4.78964e-12  1.16038e-13  4.67361e-12
5.343789456e+00  4.9152253e-12  4.91523e-12  1.15031e-13  4.80019e-12
5.370508403e+00  5.0432234e-12  5.04322e-12  1.14031e-13  4.92919e-12
5.397360945e+00  5.1736536e-12  5.17365e-12  1.13040e-13  5.06061e-12
5.424347750e+00  5.3065312e-12  5.30653e-12  1.12056e-13  5.19447e-12
5.451469488e+00  5.4418706e-12  5.44187e-12  1.11080e-13  5.33079e-12
5.478726836e+00  5.5796853e-12  5.57969e-12  1.10112e-13  5.46957e-12
5.506120470e+00  5.7199883e-12  5.71999e-12  1.09152e-13  5.61084e-12
5.533651072e+00  5.8627918e-12  5.86279e-12  1.08199e-13  5.75459e-12
5.561319328e+00  6.0081071e-12  6.00811e-12  1.07254e-13  5.90085e-12
5.589125924e+00  6.1559446e-12  6.15594e-12  1.06317e-13  6.04963e-12
5.617071554e+00  6.3063142e-12  6.30631e-12  1.05387e-13  6.20093e-12
5.645156912e+00  6.4592246e-12  6.45922e-12  1.04465e-13  6.35476e-12
5.673382696e+00  6.6146838e-12  6.61468e-12  1.03550e-13  6.51113e-12
5.701749610e+00  6.7726990e-12  6.77270e-12  1.02642e-13  6.67006e-12
5.730258358e+00  6.9332764e-12  6.93328e-12  1.01742e-13  6.83153e-12
5.758909650e+00  7.0964214e-12  7.09642e-12  1.00849e-13  6.99557e-12
5.787704198e+00  7.2621383e-12  7.26214e-12  9.99629e-14  7.16218e-12
5.816642719e+00  7.4304306e-12  7.43043e-12  9.90843e-14  7.33135e-12
5.845725932e+00  7.6013009e-12  7.60130e-12  9.82128e-14  7.50309e-12
5.874954562e+00  7.7747508e-12  7.77475e-12  9.73483e-14  7.67740e-12
5.904329335e+00  7.9507809e-12  7.95078e-12  9.64909e-14  7.85429e-12
5.933850982e+00  8.1293908e-12  8.12939e-12  9.56405e-14  8.03375e-12
5.963520237e+00  8.3105793e-12  8.31058e-12  9.47970e-14  8.21578e-12
5.993337838e+00  8.4943441e-12  8.49434e-12  9.39604e-14  8.40038e-12
6.023304527e+00  8.6806816e-12  8.68068e-12  9.31306e-14  8.58755e-12
6.053421050e+00  8.8695878e-12  8.86959e-12  9.23076e-14  8.77728e-12
6.083688155e+00  9.0610571e-12  9.06106e-12  9.14914e-14  8.96957e-12
6.114106596e+00  9.2550832e-12  9.25508e-12  9.06818e-14  9.16440e-12
6.144677129e+00  9.4516586e-12  9.45166e-12  8.98789e-14  9.36178e-12
6.175400514e+00  9.6507750e-12  9.65078e-12  8.90826e-14  9.56169e-12
6.206277517e+00  9.8524228e-12  9.85242e-12  8.82928e-14  9.76413e-12
6.237308904e+00  1.0056591e-11  1.00566e-11  8.75096e-14  9.96908e-12
6.268495449e+00  1.0263269e-11  1.02633e-11  8.67328e-14  1.01765e-11
6.299837926e+00  1.0472444e-11  1.04724e-11  8.59624e-14  1.03865e-11
6.331337116e+00  1.0684101e-11  1.06841e-11  8.51984e-14  1.05989e-11
6.362993801e+00  1.0898226e-11  1.08982e-11  8.44407e-14  1.08138e-11
6.394808770e+00  1.1114804e-11  1.11148e-11  8.36893e-14  1.10311e-11
6.426782814e+00  1.1333816e-11  1.13338e-11  8.29442e-14  1.12509e-11
6.458916728e+00  1.1555247e-11  1.15552e-11  8.22052e-14  1.14730e-11
6.491211312e+00  1.1779075e-11  1.17791e-11  8.14723e-14  1.16976e-11
6.523667368e+00  1.2005282e-11  1.20053e-11  8.07456e-14  1.19245e-11
6.556285705e+00  1.2233845e-11  1.22338e-11  8.00249e-14  1.21538e-11
6.589067134e+00  1.2464744e-11  1.24647e-11  7.93102e-14  1.23854e-11
6.622012469e+00  1.2697954e-11  1.26980e-11  7.86015e-14  1.26194e-11
6.655122532e+00  1.2933452e-11  1.29335e-11  7.78987e-14  1.28556e-11
6.688398144e+00  1.3171212e-11  1.31712e-11  7.72018e-14  1.30940e-11
6.721840135e+00  1.3411207e-11  1.34112e-11  7.65108e-14  1.33347e-11
6.755449336e+00  1.3653411e-11  1.36534e-11  7.58255e-14  1.35776e-11
6.789226583e+00  1.3897795e-11  1.38978e-11  7.51460e-14  1.38226e-11
6.823172715e+00  1.4144329e-11  1.41443e-11  7.44721e-14  1.40699e-11
6.857288579e+00  1.4392983e-11  1.43930e-11  7.38040e-14  1.43192e-11
6.891575022e+00  1.4643726e-11  1.46437e-11  7.31415e-14  1.45706e-11
6.926032897e+00  1.4896525e-11  1.48965e-11  7.24845e-14  1.48240e-11
6.960663062e+00  1.5151347e-11  1.51513e-11  7.18331e-14  1.50795e-11
6.995466377e+00  1.5408157e-11  1.54082e-11  7.11872e-14  1.53370e-11
7.030443709e+00  1.5666921e-11  1.56669e-11  7.05468e-14  1.55964e-11
7.065595927e+00  1.5927602e-11  1.59276e-11  6.99118e-14  1.58577e-11
7.100923907e+00  1.6190163e-11  1.61902e-11  6.92821e-14  1.61209e-11
7.136428526e+00  1.6454566e-11  1.64546e-11  6.86578e-14  1.63859e-11
7.172110669e+00  1.6720771e-11  1.67208e-11  6.80388e-14  1.66527e-11
7.207971222e+00  1.6988740e-11  1.69887e-11  6.74250e-14  1.69213e-11
7.244011079e+00  1.7258432e-11  1.72584e-11  6.68165e-14  1.71916e-11
7.280231134e+00  1.7529804e-11  1.75298e-11  6.62131e-14  1.74636e-11
7.316632290e+00  1.7802815e-11  1.78028e-11  6.56149e-14  1.77372e-11
7.353215451e+00  1.8077422e-11  1.80774e-11  6.50217e-14  1.80124e-11
7.389981528e+00  1.8353580e-11  1.83536e-11  6.44337e-14  1.82891e-11
7.426931436e+00  1.8631244e-11  1.86312e-11  6.38506e-14  1.85674e-11
7.464066093e+00  1.8910370e-11  1.89104e-11  6.32726e-14  1.88471e-11
7.501386424e+00  1.9190911e-11  1.91909e-11  6.26994e-14  1.91282e-11
7.538893356e+00  1.9472819e-11  1.94728e-11  6.21312e-14  1.94107e-11
7.576587822e+00  1.9756049e-11  1.97560e-11  6.15679e-14  1.96945e-11
7.614470762e+00  2.0040549e-11  2.00405e-11  6.10094e-14  1.99795e-11
7.652543115e+00  2.0326273e-11  2.03263e-11  6.04556e-14  2.02658e-11
7.690805831e+00  2.0613170e-11  2.06132e-11  5.99067e-14  2.05533e-11
7.729259860e+00  2.0901191e-11  2.09012e-11  5.93624e-14  2.08418e-11
7.767906159e+00  2.1190283e-11  2.11903e-11  5.88229e-14  2.11315e-11
7.806745690e+00  2.1480396e-11  2.14804e-11  5.82880e-14  2.14221e-11
7.845779419e+00  2.1771477e-11  2.17715e-11  5.77577e-14  2.17137e-11
7.885008316e+00  2.2063475e-11  2.20635e-11  5.72319e-14  2.20062e-11
7.924433357e+00  2.2356336e-11  2.23563e-11  5.67107e-14  2.22996e-11
7.964055524e+00  2.2650006e-11  2.26500e-11  5.61941e-14  2.25938e-11
8.003875802e+00  2.2944432e-11  2.29444e-11  5.56818e-14  2.28888e-11
8.043895181e+00  2.3239559e-11  2.32396e-11  5.51741e-14  2.31844e-11
8.084114657e+00  2.3535333e-11  2.35353e-11  5.46707e-14  2.34807e-11
8.124535230e+00  2.3831698e-11  2.38317e-11  5.41716e-14  2.37775e-11
8.165157906e+00  2.4128599e-11  2.41286e-11  5.36770e-14  2.40749e-11
8.205983696e+00  2.4425979e-11  2.44260e-11  5.31866e-14  2.43728e-11
8.247013614e+00  2.4723783e-11  2.47238e-11  5.27004e-14  2.46711e-11
8.288248682e+00  2.5021954e-11  2.50220e-11  5.22185e-14  2.49697e-11
8.329689926e+00  2.5320435e-11  2.53204e-11  5.17408e-14  2.52687e-11
8.371338375e+00  2.5619170e-11  2.56192e-11  5.12672e-14  2.55679e-11
8.413195067e+00  2.5918100e-11  2.59181e-11  5.07978e-14  2.58673e-11
8.455261042e+00  2.6217169e-11  2.62172e-11  5.03325e-14  2.61668e-11
8.497537348e+00  2.6516320e-11  2.65163e-11  4.98712e-14  2.64664e-11
8.540025034e+00  2.6815493e-11  2.68155e-11  4.94140e-14  2.67661e-11
8.582725160e+00  2.7114632e-11  2.71146e-11  4.89607e-14  2.70657e-11
8.625638785e+00  2.7413679e-11  2.74137e-11  4.85115e-14  2.73652e-11
8.668766979e+00  2.7712576e-11  2.77126e-11  4.80661e-14  2.76645e-11
8.712110814e+00  2.8011264e-11  2.80113e-11  4.76247e-14  2.79636e-11
8.755671368e+00  2.8309686e-11  2.83097e-11  4.71871e-14  2.82625e-11
8.799449725e+00  2.8607783e-11  2.86078e-11  4.67534e-14  2.85610e-11
8.843446974e+00  2.8905498e-11  2.89055e-11  4.63235e-14  2.88592e-11
8.887664209e+00  2.9202773e-11  2.92028e-11  4.58973e-14  2.91569e-11
8.932102530e+00  2.9499550e-11  2.94996e-11  4.54749e-14  2.94541e-11
8.976763042e+00  2.9795771e-11  2.97958e-11  4.50562e-14  2.97507e-11
9.021646857e+00  3.0091379e-11  3.00914e-11  4.46412e-14  3.00467e-11
9.066755092e+00  3.0386316e-11  3.03863e-11  4.42299e-14  3.03421e-11
9.112088867e+00  3.0680524e-11  3.06805e-11  4.38222e-14  3.06367e-11
9.157649312e+00  3.0973948e-11  3.09739e-11  4.34181e-14  3.09305e-11
9.203437558e+00  3.1266529e-11  3.12665e-11  4.30175e-14  3.12235e-11
9.249454746e+00  3.1558212e-11  3.15582e-11  4.26205e-14  3.15156e-11
9.295702020e+00  3.1848941e-11  3.18489e-11  4.22270e-14  3.18067e-11
9.342180530e+00  3.2138658e-11  3.21387e-11  4.18370e-14  3.20968e-11
9.388891432e+00  3.2427309e-11  3.24273e-11  4.14505e-14  3.23859e-11
9.435835890e+00  3.2714837e-11  3.27148e-11  4.10673e-14  3.26738e-11
9.483015069e+00  3.3001189e-11  3.30012e-11  4.06876e-14  3.29605e-11
9.530430144e+00  3.3286309e-11  3.32863e-11  4.03112e-14  3.32460e-11
9.578082295e+00  3.3570144e-11  3.35701e-11  3.99382e-14  3.35302e-11
9.625972707e+00  3.3852639e-11  3.38526e-11  3.95684e-14  3.38131e-11
9.674102570e+00  3.4133741e-11  3.41337e-11  3.92020e-14  3.40945e-11
9.722473083e+00  3.4413397e-11  3.44134e-11  3.88388e-14  3.43746e-11
9.771085448e+00  3.4691555e-11  3.46916e-11  3.84789e-14  3.46531e-11
9.819940876e+00  3.4968162e-11  3.49682e-11  3.81221e-14  3.49300e-11
9.869040580e+00  3.5243168e-11  3.52432e-11  3.77686e-14  3.52054e-11
9.918385783e+00  3.5516521e-11  3.55165e-11  3.74182e-14  3.54791e-11
9.967977712e+00  3.5788172e-11  3.57882e-11  3.70709e-14  3.57511e-11
1.001781760e+01  3.6058070e-11  3.60581e-11  3.67267e-14  3.60213e-11
1.006790669e+01  3.6326166e-11  3.63262e-11  3.63856e-14  3.62898e-11
1.011824622e+01  3.6592411e-11  3.65924e-11  3.60475e-14  3.65564e-11
1.016883745e+01  3.6856759e-11  3.68568e-11  3.57125e-14  3.68210e-11
1.021968164e+01  3.7119160e-11  3.71192e-11  3.53804e-14  3.70838e-11
1.027078005e+01  3.7379570e-11  3.73796e-11  3.50514e-14  3.73445e-11
1.032213395e+01  3.7637941e-11  3.76379e-11  3.47253e-14  3.76032e-11
1.037374462e+01  3.7894228e-11  3.78942e-11  3.44021e-14  3.78598e-11
1.042561334e+01  3.8148387e-11  3.81484e-11  3.40817e-14  3.81143e-11
1.047774141e+01  3.8400373e-11  3.84004e-11  3.37643e-14  3.83666e-11
1.053013012e+01  3.8650144e-11  3.86501e-11  3.34497e-14  3.86167e-11
1.058278077e+01  3.8897657e-11  3.88977e-11  3.31380e-14  3.88645e-11
1.063569467e+01  3.9142871e-11  3.91429e-11  3.28290e-14  3.91100e-11
1.068887314e+01  3.9385743e-11  3.93857e-11  3.25229e-14  3.93532e-11
1.074231751e+01  3.9626234e-11  3.96262e-11  3.22194e-14  3.95940e-11
1.079602910e+01  3.9864305e-11  3.98643e-11  3.19188e-14  3.98324e-11
1.085000924e+01  4.0099916e-11  4.00999e-11  3.16208e-14  4.00683e-11
1.090425929e+01  4.0333031e-11  4.03330e-11  3.13255e-14  4.03017e-11
1.095878058e+01  4.0563610e-11  4.05636e-11  3.10329e-14  4.05326e-11
1.101357449e+01  4.0791620e-11  4.07916e-11  3.07429e-14  4.07609e-11
1.106864236e+01  4.1017023e-11  4.10170e-11  3.04555e-14  4.09866e-11
1.112398557e+01  4.1239785e-11  4.12398e-11  3.01707e-14  4.12096e-11
1.117960550e+01  4.1459873e-11  4.14599e-11  2.98885e-14  4.14300e-11
1.123550353e+01  4.1677253e-11  4.16773e-11  2.96089e-14  4.16476e-11
1.129168104e+01  4.1891893e-11  4.18919e-11  2.93318e-14  4.18626e-11
1.134813945e+01  4.2103762e-11  4.21038e-11  2.90571e-14  4.20747e-11
1.140488015e+01  4.2312829e-11  4.23128e-11  2.87850e-14  4.22840e-11
1.146190455e+01  4.2519065e-11  4.25191e-11  2.85154e-14  4.24905e-11
1.151921407e+01  4.2722441e-11  4.27224e-11  2.82481e-14  4.26942e-11
1.157681014e+01  4.2922930e-11  4.29229e-11  2.79833e-14  4.28949e-11
1.163469419e+01  4.3120503e-11  4.31205e-11  2.77210e-14  4.30928e-11
1.169286766e+01  4.3315136e-11  4.33151e-11  2.74609e-14  4.32877e-11
1.175133200e+01  4.3506802e-11  4.35068e-11  2.72033e-14  4.34796e-11
1.181008866e+01  4.3695477e-11  4.36955e-11  2.69480e-14  4.36685e-11
1.186913910e+01  4.3881138e-11  4.38811e-11  2.66950e-14  4.38544e-11
1.192848480e+01  4.4063763e-11  4.40638e-11  2.64443e-14  4.40373e-11
1.198812722e+01  4.4243328e-11  4.42433e-11  2.61959e-14  4.42171e-11
1.204806786e+01  4.4419814e-11  4.44198e-11  2.59498e-14  4.43939e-11
1.210830820e+01  4.4593201e-11  4.45932e-11  2.57059e-14  4.45675e-11
1.216884974e+01  4.4763469e-11  4.47635e-11  2.54642e-14  4.47380e-11
1.222969399e+01  4.4930599e-11  4.49306e-11  2.52247e-14  4.49054e-11
1.229084246e+01  4.5094576e-11  4.50946e-11  2.49874e-14  4.50696e-11
1.235229667e+01  4.5255382e-11  4.52554e-11  2.47523e-14  4.52306e-11
1.241405815e+01  4.5413001e-11  4.54130e-11  2.45194e-14  4.53885e-11
1.247612845e+01  4.5567418e-11  4.55674e-11  2.42885e-14  4.55431e-11
1.253850909e+01  4.5718621e-11  4.57186e-11  2.40598e-14  4.56946e-11
1.260120163e+01  4.5866595e-11  4.58666e-11  2.38331e-14  4.58428e-11
1.266420764e+01  4.6011329e-11  4.60113e-11  2.36085e-14  4.59877e-11
1.272752868e+01  4.6152811e-11  4.61528e-11  2.33860e-14  4.61294e-11
1.279116632e+01  4.6291031e-11  4.62910e-11  2.31656e-14  4.62679e-11
1.285512215e+01  4.6425979e-11  4.64260e-11  2.29471e-14  4.64030e-11
1.291939776e+01  4.6557646e-11  4.65576e-11  2.27306e-14  4.65349e-11
1.298399475e+01  4.6686024e-11  4.66860e-11  2.25162e-14  4.66635e-11
1.304891473e+01  4.6811106e-11  4.68111e-11  2.23037e-14  4.67888e-11
1.311415930e+01  4.6932887e-11  4.69329e-11  2.20931e-14  4.69108e-11
1.317973010e+01  4.7051359e-11  4.70514e-11  2.18845e-14  4.70295e-11
1.324562875e+01  4.7166519e-11  4.71665e-11  2.16778e-14  4.71448e-11
1.331185689e+01  4.7278363e-11  4.72784e-11  2.14730e-14  4.72569e-11
1.337841618e+01  4.7386888e-11  4.73869e-11  2.12700e-14  4.73656e-11
1.344530826e+01  4.7492091e-11  4.74921e-11  2.10690e-14  4.74710e-11
1.351253480e+01  4.7593970e-11  4.75940e-11  2.08698e-14  4.75731e-11
1.358009747e+01  4.7692526e-11  4.76925e-11  2.06724e-14  4.76719e-11
1.364799796e+01  4.7787758e-11  4.77878e-11  2.04768e-14  4.77673e-11
1.371623795e+01  4.7879666e-11  4.78797e-11  2.02831e-14  4.78594e-11
1.378481914e+01  4.7968253e-11  4.79683e-11  2.00911e-14  4.79482e-11
1.385374323e+01  4.8053521e-11  4.80535e-11  1.99009e-14  4.80336e-11
1.392301195e+01  4.8135473e-11  4.81355e-11  1.97124e-14  4.81158e-11
1.399262701e+01  4.8214112e-11  4.82141e-11  1.95257e-14  4.81946e-11
1.406259015e+01  4.8289442e-11  4.82894e-11  1.93407e-14  4.82701e-11
1.413290310e+01  4.8361470e-11  4.83615e-11  1.91574e-14  4.83423e-11
1.420356761e+01  4.8430201e-11  4.84302e-11  1.89758e-14  4.84112e-11
1.427458545e+01  4.8495641e-11  4.84956e-11  1.87959e-14  4.84768e-11
1.434595838e+01  4.8557797e-11  4.85578e-11  1.86177e-14  4.85392e-11
1.441768817e+01  4.8616678e-11  4.86167e-11  1.84411e-14  4.85982e-11
1.448977661e+01  4.8672292e-11  4.86723e-11  1.82661e-14  4.86540e-11
1.456222549e+01  4.8724649e-11  4.87246e-11  1.80928e-14  4.87066e-11
1.463503662e+01  4.8773757e-11  4.87738e-11  1.79210e-14  4.87558e-11
1.470821180e+01  4.8819628e-11  4.88196e-11  1.77509e-14  4.88019e-11
1.478175286e+01  4.8862272e-11  4.88623e-11  1.75823e-14  4.88447e-11
1.485566163e+01  4.8901702e-11  4.89017e-11  1.74153e-14  4.88843e-11
1.492993994e+01  4.8937929e-11  4.89379e-11  1.72498e-14  4.89207e-11
1.500458964e+01  4.8970966e-11  4.89710e-11  1.70859e-14  4.89539e-11
1.507961258e+01  4.9000827e-11  4.90008e-11  1.69235e-14  4.89839e-11
1.515501065e+01  4.9027525e-11  4.90275e-11  1.67626e-14  4.90108e-11
1.523078570e+01  4.9051076e-11  4.90511e-11  1.66032e-14  4.90345e-11
1.530693963e+01  4.9071494e-11  4.90715e-11  1.64453e-14  4.90550e-11
1.538347433e+01  4.9088795e-11  4.90888e-11  1.62888e-14  4.90725e-11
1.546039170e+01  4.9102995e-11  4.91030e-11  1.61338e-14  4.90869e-11
1.553769366e+01  4.9114111e-11  4.91141e-11  1.59802e-14  4.90981e-11
1.561538212e+01  4.9122159e-11  4.91222e-11  1.58281e-14  4.91063e-11
1.569345903e+01  4.9127157e-11  4.91272e-11  1.56774e-14  4.91115e-11
1.577192633e+01  4.9129124e-11  4.91291e-11  1.55281e-14  4.91136e-11
1.585078596e+01  4.9128078e-11  4.91281e-11  1.53801e-14  4.91127e-11
1.593003989e+01  4.9124038e-11  4.91240e-11  1.52336e-14  4.91088e-11
1.600969009e+01  4.9117023e-11  4.91170e-11  1.50884e-14  4.91019e-11
1.608973854e+01  4.9107053e-11  4.91071e-11  1.49446e-14  4.90921e-11
1.617018723e+01  4.9094149e-11  4.90941e-11  1.48021e-14  4.90793e-11
1.625103817e+01  4.9078330e-11  4.90783e-11  1.46609e-14  4.90637e-11
1.633229336e+01  4.9059619e-11  4.90596e-11  1.45211e-14  4.90451e-11
1.641395483e+01  4.9038037e-11  4.90380e-11  1.43825e-14  4.90237e-11
1.649602460e+01  4.9013605e-11  4.90136e-11  1.42453e-14  4.89994e-11
1.657850473e+01  4.8986345e-11  4.89863e-11  1.41093e-14  4.89722e-11
1.666139725e+01  4.8956281e-11  4.89563e-11  1.39747e-14  4.89423e-11
1.674470424e+01  4.8923435e-11  4.89234e-11  1.38412e-14  4.89096e-11
1.682842776e+01  4.8887830e-11  4.88878e-11  1.37090e-14  4.88741e-11
1.691256990e+01  4.8849490e-11  4.88495e-11  1.35781e-14  4.88359e-11
1.699713274e+01  4.8808438e-11  4.88084e-11  1.34484e-14  4.87950e-11
1.708211841e+01  4.8764699e-11  4.87647e-11  1.33198e-14  4.87514e-11
1.716752900e+01  4.8718297e-11  4.87183e-11  1.31925e-14  4.87051e-11
1.725336665e+01  4.8669257e-11  4.86693e-11  1.30664e-14  4.86562e-11
1.733963348e+01  4.8617603e-11  4.86176e-11  1.29415e-14  4.86047e-11
1.742633165e+01  4.8563361e-11  4.85634e-11  1.28177e-14  4.85505e-11
1.751346330e+01  4.8506557e-11  4.85066e-11  1.26951e-14  4.84939e-11
1.760103062e+01  4.8447216e-11  4.84472e-11  1.25737e-14  4.84346e-11
1.768903577e+01  4.8385363e-11  4.83854e-11  1.24534e-14  4.83729e-11
1.777748095e+01  4.8321026e-11  4.83210e-11  1.23342e-14  4.83087e-11
1.786636836e+01  4.8254229e-11  4.82542e-11  1.22161e-14  4.82420e-11
1.795570020e+01  4.8185001e-11  4.81850e-11  1.20991e-14  4.81729e-11
1.804547870e+01  4.8113367e-11  4.81134e-11  1.19833e-14  4.81014e-11
1.813570609e+01  4.8039354e-11  4.80394e-11  1.18685e-14  4.80275e-11
1.822638462e+01  4.7962990e-11  4.79630e-11  1.17548e-14  4.79512e-11
1.831751655e+01  4.7884301e-11  4.78843e-11  1.16422e-14  4.78727e-11
1.840910413e+01  4.7803315e-11  4.78033e-11  1.15306e-14  4.77918e-11
1.850114965e+01  4.7720059e-11  4.77201e-11  1.14201e-14  4.77086e-11
1.859365540e+01  4.7634561e-11  4.76346e-11  1.13106e-14  4.76233e-11
1.868662368e+01  4.7546849e-11  4.75468e-11  1.12022e-14  4.75356e-11
1.878005679e+01  4.7456950e-11  4.74569e-11  1.10947e-14  4.74459e-11
1.887395708e+01  4.7364892e-11  4.73649e-11  1.09883e-14  4.73539e-11
1.896832686e+01  4.7270703e-11  4.72707e-11  1.08829e-14  4.72598e-11
1.906316850e+01  4.7174412e-11  4.71744e-11  1.07785e-14  4.71636e-11
1.915848434e+01  4.7076045e-11  4.70760e-11  1.06750e-14  4.70654e-11
1.925427676e+01  4.6975633e-11  4.69756e-11  1.05726e-14  4.69651e-11
1.935054815e+01  4.6873202e-11  4.68732e-11  1.04711e-14  4.68627e-11
1.944730089e+01  4.6768782e-11  4.67688e-11  1.03705e-14  4.67584e-11
1.954453739e+01  4.6662400e-11  4.66624e-11  1.02710e-14  4.66521e-11
1.964226008e+01  4.6554084e-11  4.65541e-11  1.01723e-14  4.65439e-11
1.974047138e+01  4.6443864e-11  4.64439e-11  1.00746e-14  4.64338e-11
1.983917374e+01  4.6331768e-11  4.63318e-11  9.97778e-15  4.63218e-11
1.993836960e+01  4.6217824e-11  4.62178e-11  9.88190e-15  4.62079e-11
2.003806145e+01  4.6102061e-11  4.61021e-11  9.78692e-15  4.60923e-11
2.013825176e+01  4.5984506e-11  4.59845e-11  9.69283e-15  4.59748e-11
2.023894302e+01  4.5865189e-11  4.58652e-11  9.59964e-15  4.58556e-11
2.034013773e+01  4.5744138e-11  4.57441e-11  9.50733e-15  4.57346e-11
2.044183842e+01  4.5621380e-11  4.56214e-11  9.41589e-15  4.56120e-11
2.054404761e+01  4.5496946e-11  4.54969e-11  9.32531e-15  4.54876e-11
2.064676785e+01  4.5370862e-11  4.53709e-11  9.23560e-15  4.53616e-11
2.075000169e+01  4.5243157e-11  4.52432e-11  9.14673e-15  4.52340e-11
2.085375170e+01  4.5113859e-11  4.51139e-11  9.05870e-15  4.51048e-11
2.095802046e+01  4.4982997e-11  4.49830e-11  8.97150e-15  4.49740e-11
2.106281056e+01  4.4850598e-11  4.48506e-11  8.88514e-15  4.48417e-11
2.116812461e+01  4.4716691e-11  4.47167e-11  8.79958e-15  4.47079e-11
2.127396524e+01  4.4581303e-11  4.45813e-11  8.71484e-15  4.45726e-11
2.138033506e+01  4.4444463e-11  4.44445e-11  8.63091e-15  4.44358e-11
2.148723674e+01  4.4306197e-11  4.43062e-11  8.54776e-15  4.42976e-11
2.159467292e+01  4.4166534e-11  4.41665e-11  8.46541e-15  4.41581e-11
2.170264629e+01  4.4025501e-11  4.40255e-11  8.38384e-15  4.40171e-11
2.181115952e+01  4.3883126e-11  4.38831e-11  8.30304e-15  4.38748e-11
2.192021532e+01  4.3739437e-11  4.37394e-11  8.22301e-15  4.37312e-11
2.202981639e+01  4.3594459e-11  4.35945e-11  8.14373e-15  4.35863e-11
2.213996547e+01  4.3448221e-11  4.34482e-11  8.06521e-15  4.34402e-11
2.225066530e+01  4.3300749e-11  4.33007e-11  7.98744e-15  4.32928e-11
2.236191863e+01  4.3152071e-11  4.31521e-11  7.91040e-15  4.31442e-11
2.247372822e+01  4.3002213e-11  4.30022e-11  7.83410e-15  4.29944e-11
2.258609686e+01  4.2851202e-11  4.28512e-11  7.75852e-15  4.28434e-11
2.269902735e+01  4.2699063e-11  4.26991e-11  7.68365e-15  4.26914e-11
2.281252248e+01  4.2545825e-11  4.25458e-11  7.60950e-15  4.25382e-11
2.292658510e+01  4.2391512e-11  4.23915e-11  7.53606e-15  4.23840e-11
2.304121802e+01  4.2236151e-11  4.22362e-11  7.46331e-15  4.22287e-11
2.315642411e+01  4.2079767e-11  4.20798e-11  7.39126e-15  4.20724e-11
2.327220623e+01  4.1922387e-11  4.19224e-11  7.31989e-15  4.19151e-11
2.338856726e+01  4.1764036e-11  4.17640e-11  7.24920e-15  4.17568e-11
2.350551010e+01  4.1604739e-11  4.16047e-11  7.17918e-15  4.15976e-11
2.362303765e+01  4.1444521e-11  4.14445e-11  7.10983e-15  4.14374e-11
2.374115284e+01  4.1283408e-11  4.12834e-11  7.04114e-15  4.12764e-11
2.385985860e+01  4.1121425e-11  4.11214e-11  6.97310e-15  4.11145e-11
2.397915789e+01  4.0958596e-11  4.09586e-11  6.90572e-15  4.09517e-11
2.409905368e+01  4.0794946e-11  4.07949e-11  6.83897e-15  4.07881e-11
2.421954895e+01  4.0630498e-11  4.06305e-11  6.77286e-15  4.06237e-11
2.434064670e+01  4.0465278e-11  4.04653e-11  6.70738e-15  4.04586e-11
2.446234993e+01  4.0299309e-11  4.02993e-11  6.64253e-15  4.02927e-11
2.458466168e+01  4.0132615e-11  4.01326e-11  6.57829e-15  4.01260e-11
2.470758499e+01  3.9965220e-11  3.99652e-11  6.51467e-15  3.99587e-11
2.483112291e+01  3.9797146e-11  3.97971e-11  6.45165e-15  3.97907e-11
2.495527853e+01  3.9628418e-11  3.96284e-11  6.38923e-15  3.96220e-11
