# ------------------------------------------------------------------------
# Radiance spectrum
# NASA-GSFC Planetary Spectrum Generator (PSG) (Villanueva et al. 2018, 2022)
# Synthesized on Sat Dec 23 00:01:17 2023
# Doppler velocities [km/s] (vobs,vrot+vorb,vwidth,vrfl,vstr): 0.00000,-0.00000,0.00000,-119.41115,-0.00000
# Spectral unit: Wavelength [um]
# Radiance unit: Spectral irradiance [W/m2/um]
# Wave/freq Total Object Reflected Thermal
5.000000000e-01  8.6913530e-13  8.69135e-13  8.69135e-13  1.53400e-45
5.025000000e-01  8.7641368e-13  8.76414e-13  8.76414e-13  2.39518e-45
5.050125000e-01  8.9817232e-13  8.98172e-13  8.98172e-13  3.72329e-45
5.075375625e-01  9.0208162e-13  9.02082e-13  9.02082e-13  5.78991e-45
5.100752503e-01  9.1512161e-13  9.15122e-13  9.15122e-13  8.97124e-45
5.126256266e-01  9.2734985e-13  9.27350e-13  9.27350e-13  1.38710e-44
5.151887547e-01  9.3969802e-13  9.39698e-13  9.39698e-13  2.13984e-44
5.177646985e-01  9.5659993e-13  9.56600e-13  9.56600e-13  3.29162e-44
5.203535220e-01  9.7256493e-13  9.72565e-13  9.72565e-13  5.05284e-44
5.229552896e-01  1.0001217e-12  1.00012e-12  1.00012e-12  7.72698e-44
5.255700660e-01  1.0075228e-12  1.00752e-12  1.00752e-12  1.18235e-43
5.281979164e-01  1.0223810e-12  1.02238e-12  1.02238e-12  1.80339e-43
5.308389059e-01  1.0317427e-12  1.03174e-12  1.03174e-12  2.74670e-43
5.334931005e-01  1.0526353e-12  1.05264e-12  1.05264e-12  4.16792e-43
5.361605660e-01  1.0706904e-12  1.07069e-12  1.07069e-12  6.31338e-43
5.388413688e-01  1.0838404e-12  1.08384e-12  1.08384e-12  9.54905e-43
5.415355756e-01  1.1036402e-12  1.10364e-12  1.10364e-12  1.43997e-42
5.442432535e-01  1.1134621e-12  1.11346e-12  1.11346e-12  2.16967e-42
5.469644698e-01  1.1259060e-12  1.12591e-12  1.12591e-12  3.26113e-42
5.496992921e-01  1.1484463e-12  1.14845e-12  1.14845e-12  4.88500e-42
5.524477886e-01  1.1697072e-12  1.16971e-12  1.16971e-12  7.30350e-42
5.552100275e-01  1.1718726e-12  1.17187e-12  1.17187e-12  1.09232e-41
5.579860777e-01  1.1976402e-12  1.19764e-12  1.19764e-12  1.62544e-41
5.607760081e-01  1.2156830e-12  1.21568e-12  1.21568e-12  2.41616e-41
5.635798881e-01  1.2262843e-12  1.22628e-12  1.22628e-12  3.58751e-41
5.663977875e-01  1.2447893e-12  1.24479e-12  1.24479e-12  5.31066e-41
5.692297765e-01  1.2619553e-12  1.26196e-12  1.26196e-12  7.84686e-41
5.720759254e-01  1.2713978e-12  1.27140e-12  1.27140e-12  1.15818e-40
5.749363050e-01  1.2909925e-12  1.29099e-12  1.29099e-12  1.70391e-40
5.778109865e-01  1.3059546e-12  1.30595e-12  1.30595e-12  2.50318e-40
5.807000414e-01  1.3206363e-12  1.32064e-12  1.32064e-12  3.67019e-40
5.836035417e-01  1.3364904e-12  1.33649e-12  1.33649e-12  5.36986e-40
5.865215594e-01  1.3442218e-12  1.34422e-12  1.34422e-12  7.84873e-40
5.894541672e-01  1.3626192e-12  1.36262e-12  1.36262e-12  1.14349e-39
5.924014380e-01  1.3674527e-12  1.36745e-12  1.36745e-12  1.66537e-39
5.953634452e-01  1.3855497e-12  1.38555e-12  1.38555e-12  2.41696e-39
5.983402624e-01  1.3912107e-12  1.39121e-12  1.39121e-12  3.50601e-39
6.013319637e-01  1.4060604e-12  1.40606e-12  1.40606e-12  5.07058e-39
6.043386235e-01  1.4158111e-12  1.41581e-12  1.41581e-12  7.32357e-39
6.073603167e-01  1.4321451e-12  1.43215e-12  1.43215e-12  1.05495e-38
6.103971182e-01  1.4376693e-12  1.43767e-12  1.43767e-12  1.51862e-38
6.134491038e-01  1.4479388e-12  1.44794e-12  1.44794e-12  2.18078e-38
6.165163494e-01  1.4662634e-12  1.46626e-12  1.46626e-12  3.12294e-38
6.195989311e-01  1.4676414e-12  1.46764e-12  1.46764e-12  4.47223e-38
6.226969258e-01  1.4803286e-12  1.48033e-12  1.48033e-12  6.38451e-38
6.258104104e-01  1.4985804e-12  1.49858e-12  1.49858e-12  9.09200e-38
6.289394624e-01  1.5068408e-12  1.50684e-12  1.50684e-12  1.29380e-37
6.320841597e-01  1.5160758e-12  1.51608e-12  1.51608e-12  1.83752e-37
6.352445805e-01  1.5244729e-12  1.52447e-12  1.52447e-12  2.60519e-37
6.384208035e-01  1.5463870e-12  1.54639e-12  1.54639e-12  3.68148e-37
6.416129075e-01  1.5518382e-12  1.55184e-12  1.55184e-12  5.20227e-37
6.448209720e-01  1.5693806e-12  1.56938e-12  1.56938e-12  7.32852e-37
6.480450769e-01  1.5827481e-12  1.58275e-12  1.58275e-12  1.03100e-36
6.512853022e-01  1.5937519e-12  1.59375e-12  1.59375e-12  1.44822e-36
6.545417288e-01  1.6087720e-12  1.60877e-12  1.60877e-12  2.02980e-36
6.578144374e-01  1.6244178e-12  1.62442e-12  1.62442e-12  2.83975e-36
6.611035096e-01  1.6377952e-12  1.63780e-12  1.63780e-12  3.96687e-36
6.644090271e-01  1.6559304e-12  1.65593e-12  1.65593e-12  5.52892e-36
6.677310723e-01  1.6747193e-12  1.67472e-12  1.67472e-12  7.69218e-36
6.710697276e-01  1.6956351e-12  1.69564e-12  1.69564e-12  1.06810e-35
6.744250763e-01  1.7101962e-12  1.71020e-12  1.71020e-12  1.48155e-35
6.777972017e-01  1.7204876e-12  1.72049e-12  1.72049e-12  2.05243e-35
6.811861877e-01  1.7400556e-12  1.74006e-12  1.74006e-12  2.83571e-35
6.845921186e-01  1.7565028e-12  1.75650e-12  1.75650e-12  3.91255e-35
6.880150792e-01  1.7685259e-12  1.76853e-12  1.76853e-12  5.39167e-35
6.914551546e-01  1.7908607e-12  1.79086e-12  1.79086e-12  7.40963e-35
6.949124304e-01  1.8018224e-12  1.80182e-12  1.80182e-12  1.01777e-34
6.983869925e-01  1.8287392e-12  1.82874e-12  1.82874e-12  1.39340e-34
7.018789275e-01  1.8423636e-12  1.84236e-12  1.84236e-12  1.90709e-34
7.053883221e-01  1.8520439e-12  1.85204e-12  1.85204e-12  2.60689e-34
7.089152637e-01  1.8678409e-12  1.86784e-12  1.86784e-12  3.55544e-34
7.124598400e-01  1.8907526e-12  1.89075e-12  1.89075e-12  4.83775e-34
7.160221392e-01  1.9058369e-12  1.90584e-12  1.90584e-12  6.57707e-34
7.196022499e-01  1.9125481e-12  1.91255e-12  1.91255e-12  8.93481e-34
7.232002612e-01  1.9247152e-12  1.92472e-12  1.92472e-12  1.21116e-33
7.268162625e-01  1.9422643e-12  1.94226e-12  1.94226e-12  1.63827e-33
7.304503438e-01  1.9510219e-12  1.95102e-12  1.95102e-12  2.21443e-33
7.341025955e-01  1.9663676e-12  1.96637e-12  1.96637e-12  2.98650e-33
7.377731085e-01  1.9664983e-12  1.96650e-12  1.96650e-12  4.02751e-33
7.414619740e-01  1.9803082e-12  1.98031e-12  1.98031e-12  5.41547e-33
7.451692839e-01  1.9882311e-12  1.98823e-12  1.98823e-12  7.27463e-33
7.488951303e-01  1.9962712e-12  1.99627e-12  1.99627e-12  9.75673e-33
7.526396060e-01  2.0037023e-12  2.00370e-12  2.00370e-12  1.30663e-32
7.564028040e-01  2.0051768e-12  2.00518e-12  2.00518e-12  1.74817e-32
7.601848180e-01  2.0082033e-12  2.00820e-12  2.00820e-12  2.33498e-32
7.639857421e-01  2.0123048e-12  2.01230e-12  2.01230e-12  3.11367e-32
7.678056708e-01  2.0206647e-12  2.02066e-12  2.02066e-12  4.14401e-32
7.716446992e-01  2.0187428e-12  2.01874e-12  2.01874e-12  5.51251e-32
7.755029227e-01  2.0180096e-12  2.01801e-12  2.01801e-12  7.32104e-32
7.793804373e-01  2.0273160e-12  2.02732e-12  2.02732e-12  9.69886e-32
7.832773395e-01  2.0229708e-12  2.02297e-12  2.02297e-12  1.28469e-31
7.871937262e-01  2.0241300e-12  2.02413e-12  2.02413e-12  1.69825e-31
7.911296948e-01  2.0293400e-12  2.02934e-12  2.02934e-12  2.24073e-31
7.950853433e-01  2.0300935e-12  2.03009e-12  2.03009e-12  2.95345e-31
7.990607700e-01  2.0282287e-12  2.02823e-12  2.02823e-12  3.88817e-31
8.030560739e-01  2.0267102e-12  2.02671e-12  2.02671e-12  5.11109e-31
8.070713542e-01  2.0210760e-12  2.02108e-12  2.02108e-12  6.71160e-31
8.111067110e-01  2.0136731e-12  2.01367e-12  2.01367e-12  8.80210e-31
8.151622446e-01  2.0176743e-12  2.01767e-12  2.01767e-12  1.15146e-30
8.192380558e-01  2.0198029e-12  2.01980e-12  2.01980e-12  1.50442e-30
8.233342461e-01  2.0226695e-12  2.02267e-12  2.02267e-12  1.96265e-30
8.274509173e-01  2.0307642e-12  2.03076e-12  2.03076e-12  2.55557e-30
8.315881719e-01  2.0347438e-12  2.03474e-12  2.03474e-12  3.32426e-30
8.357461127e-01  2.0367213e-12  2.03672e-12  2.03672e-12  4.31895e-30
8.399248433e-01  2.0321959e-12  2.03220e-12  2.03220e-12  5.60698e-30
8.441244675e-01  2.0272814e-12  2.02728e-12  2.02728e-12  7.26932e-30
8.483450899e-01  2.0216040e-12  2.02160e-12  2.02160e-12  9.41224e-30
8.525868153e-01  2.0136631e-12  2.01366e-12  2.01366e-12  1.21728e-29
8.568497494e-01  2.0019560e-12  2.00196e-12  2.00196e-12  1.57272e-29
8.611339981e-01  1.9924916e-12  1.99249e-12  1.99249e-12  2.02876e-29
8.654396681e-01  1.9854001e-12  1.98540e-12  1.98540e-12  2.61292e-29
8.697668665e-01  1.9780550e-12  1.97806e-12  1.97806e-12  3.36084e-29
8.741157008e-01  1.9692055e-12  1.96921e-12  1.96921e-12  4.31769e-29
8.784862793e-01  1.9594798e-12  1.95948e-12  1.95948e-12  5.54007e-29
8.828787107e-01  1.9496322e-12  1.94963e-12  1.94963e-12  7.09919e-29
8.872931042e-01  1.9547013e-12  1.95470e-12  1.95470e-12  9.07233e-29
8.917295698e-01  1.9600267e-12  1.96003e-12  1.96003e-12  1.15784e-28
8.961882176e-01  1.9578411e-12  1.95784e-12  1.95784e-12  1.47681e-28
9.006691587e-01  1.9477736e-12  1.94777e-12  1.94777e-12  1.88261e-28
9.051725045e-01  1.9354660e-12  1.93547e-12  1.93547e-12  2.39733e-28
9.096983670e-01  1.9174184e-12  1.91742e-12  1.91742e-12  3.05052e-28
9.142468589e-01  1.9001464e-12  1.90015e-12  1.90015e-12  3.87645e-28
9.188180931e-01  1.8997856e-12  1.89979e-12  1.89979e-12  4.91191e-28
9.234121836e-01  1.8993139e-12  1.89931e-12  1.89931e-12  6.21616e-28
9.280292445e-01  1.9017305e-12  1.90173e-12  1.90173e-12  7.85471e-28
9.326693908e-01  1.9044087e-12  1.90441e-12  1.90441e-12  9.91252e-28
9.373327377e-01  1.9022329e-12  1.90223e-12  1.90223e-12  1.24996e-27
9.420194014e-01  1.8954630e-12  1.89546e-12  1.89546e-12  1.57493e-27
9.467294984e-01  1.8738964e-12  1.87390e-12  1.87390e-12  1.98471e-27
9.514631459e-01  1.8665723e-12  1.86657e-12  1.86657e-12  2.49470e-27
9.562204616e-01  1.8725854e-12  1.87259e-12  1.87259e-12  3.12796e-27
9.610015639e-01  1.8773639e-12  1.87736e-12  1.87736e-12  3.91766e-27
9.658065718e-01  1.8811591e-12  1.88116e-12  1.88116e-12  4.90127e-27
9.706356046e-01  1.8829820e-12  1.88298e-12  1.88298e-12  6.12562e-27
9.754887826e-01  1.8797431e-12  1.87974e-12  1.87974e-12  7.65034e-27
9.803662265e-01  1.8725735e-12  1.87257e-12  1.87257e-12  9.54680e-27
9.852680577e-01  1.8758183e-12  1.87582e-12  1.87582e-12  1.18875e-26
9.901943980e-01  1.8777183e-12  1.87772e-12  1.87772e-12  1.47865e-26
9.951453700e-01  1.8724879e-12  1.87249e-12  1.87249e-12  1.83835e-26
1.000121097e+00  1.8724603e-12  1.87246e-12  1.87246e-12  2.28176e-26
1.005121702e+00  1.8685226e-12  1.86852e-12  1.86852e-12  2.82989e-26
1.010147311e+00  1.8756586e-12  1.87566e-12  1.87566e-12  3.50192e-26
1.015198047e+00  1.8690762e-12  1.86908e-12  1.86908e-12  4.33428e-26
1.020274038e+00  1.8714633e-12  1.87146e-12  1.87146e-12  5.35371e-26
1.025375408e+00  1.8877819e-12  1.88778e-12  1.88778e-12  6.59650e-26
1.030502285e+00  1.8884668e-12  1.88847e-12  1.88847e-12  8.13085e-26
1.035654796e+00  1.8850338e-12  1.88503e-12  1.88503e-12  1.00148e-25
1.040833070e+00  1.8813915e-12  1.88139e-12  1.88139e-12  1.23218e-25
1.046037236e+00  1.8825114e-12  1.88251e-12  1.88251e-12  1.51362e-25
1.051267422e+00  1.8876413e-12  1.88764e-12  1.88764e-12  1.85656e-25
1.056523759e+00  1.8992932e-12  1.89929e-12  1.89929e-12  2.27321e-25
1.061806378e+00  1.8986277e-12  1.89863e-12  1.89863e-12  2.78368e-25
1.067115410e+00  1.9037581e-12  1.90376e-12  1.90376e-12  3.40310e-25
1.072450987e+00  1.9128480e-12  1.91285e-12  1.91285e-12  4.15418e-25
1.077813242e+00  1.9208413e-12  1.92084e-12  1.92084e-12  5.06607e-25
1.083202308e+00  1.9235617e-12  1.92356e-12  1.92356e-12  6.17469e-25
1.088618319e+00  1.9143669e-12  1.91437e-12  1.91437e-12  7.52679e-25
1.094061411e+00  1.9432973e-12  1.94330e-12  1.94330e-12  9.13025e-25
1.099531718e+00  1.9429184e-12  1.94292e-12  1.94292e-12  1.10960e-24
1.105029377e+00  1.9484787e-12  1.94848e-12  1.94848e-12  1.34627e-24
1.110554523e+00  1.9549744e-12  1.95497e-12  1.95497e-12  1.63154e-24
1.116107296e+00  1.9613373e-12  1.96134e-12  1.96134e-12  1.97521e-24
1.121687832e+00  1.9750885e-12  1.97509e-12  1.97509e-12  2.38697e-24
1.127296272e+00  1.9797598e-12  1.97976e-12  1.97976e-12  2.88423e-24
1.132932753e+00  1.9822008e-12  1.98220e-12  1.98220e-12  3.48228e-24
1.138597417e+00  1.9967700e-12  1.99677e-12  1.99677e-12  4.19474e-24
1.144290404e+00  1.9969721e-12  1.99697e-12  1.99697e-12  5.05530e-24
1.150011856e+00  1.9974185e-12  1.99742e-12  1.99742e-12  6.08605e-24
1.155761915e+00  2.0077055e-12  2.00771e-12  2.00771e-12  7.31203e-24
1.161540725e+00  2.0064156e-12  2.00642e-12  2.00642e-12  8.78673e-24
1.167348428e+00  2.0000858e-12  2.00009e-12  2.00009e-12  1.05539e-23
1.173185171e+00  2.0036650e-12  2.00367e-12  2.00367e-12  1.26506e-23
1.179051096e+00  2.0257540e-12  2.02575e-12  2.02575e-12  1.51191e-23
1.184946352e+00  2.0215087e-12  2.02151e-12  2.02151e-12  1.81018e-23
1.190871084e+00  2.0222989e-12  2.02230e-12  2.02230e-12  2.16401e-23
1.196825439e+00  2.0127861e-12  2.01279e-12  2.01279e-12  2.58733e-23
1.202809566e+00  2.0183610e-12  2.01836e-12  2.01836e-12  3.08545e-23
1.208823614e+00  2.0153555e-12  2.01536e-12  2.01536e-12  3.67931e-23
1.214867732e+00  2.0169788e-12  2.01698e-12  2.01698e-12  4.38105e-23
1.220942071e+00  2.0065217e-12  2.00652e-12  2.00652e-12  5.21849e-23
1.227046781e+00  2.0010467e-12  2.00105e-12  2.00105e-12  6.20675e-23
1.233182015e+00  2.0081712e-12  2.00817e-12  2.00817e-12  7.36499e-23
1.239347925e+00  2.0051801e-12  2.00518e-12  2.00518e-12  8.74080e-23
1.245544665e+00  1.9969203e-12  1.99692e-12  1.99692e-12  1.03699e-22
1.251772388e+00  1.9930137e-12  1.99301e-12  1.99301e-12  1.22854e-22
1.258031250e+00  1.9954980e-12  1.99550e-12  1.99550e-12  1.45307e-22
1.264321406e+00  1.9844310e-12  1.98443e-12  1.98443e-12  1.71966e-22
1.270643013e+00  1.9784550e-12  1.97845e-12  1.97845e-12  2.03214e-22
1.276996228e+00  1.9797931e-12  1.97979e-12  1.97979e-12  2.39722e-22
1.283381209e+00  1.9776714e-12  1.97767e-12  1.97767e-12  2.82642e-22
1.289798116e+00  1.9677143e-12  1.96771e-12  1.96771e-12  3.33241e-22
1.296247106e+00  1.9622335e-12  1.96223e-12  1.96223e-12  3.92346e-22
1.302728342e+00  1.9516718e-12  1.95167e-12  1.95167e-12  4.61791e-22
1.309241983e+00  1.9501355e-12  1.95014e-12  1.95014e-12  5.42481e-22
1.315788193e+00  1.9420435e-12  1.94204e-12  1.94204e-12  6.37188e-22
1.322367134e+00  1.9315903e-12  1.93159e-12  1.93159e-12  7.47974e-22
1.328978970e+00  1.9225914e-12  1.92259e-12  1.92259e-12  8.77110e-22
1.335623865e+00  1.9221560e-12  1.92216e-12  1.92216e-12  1.02662e-21
1.342301984e+00  1.9078482e-12  1.90785e-12  1.90785e-12  1.20252e-21
1.349013494e+00  1.8965704e-12  1.89657e-12  1.89657e-12  1.40685e-21
1.355758561e+00  1.8878733e-12  1.88787e-12  1.88787e-12  1.64399e-21
1.362537354e+00  1.8799739e-12  1.87997e-12  1.87997e-12  1.91930e-21
1.369350041e+00  1.8840557e-12  1.88406e-12  1.88406e-12  2.23560e-21
1.376196791e+00  1.8626459e-12  1.86265e-12  1.86265e-12  2.60976e-21
1.383077775e+00  1.8283846e-12  1.82838e-12  1.82838e-12  3.04870e-21
1.389993164e+00  1.7704857e-12  1.77049e-12  1.77049e-12  3.56864e-21
1.396943130e+00  1.7619547e-12  1.76195e-12  1.76195e-12  4.14925e-21
1.403927846e+00  1.7110774e-12  1.71108e-12  1.71108e-12  4.84494e-21
1.410947485e+00  1.6706580e-12  1.67066e-12  1.67066e-12  5.64565e-21
1.418002222e+00  1.6395706e-12  1.63957e-12  1.63957e-12  6.56606e-21
1.425092233e+00  1.6451861e-12  1.64519e-12  1.64519e-12  7.59676e-21
1.432217694e+00  1.6428612e-12  1.64286e-12  1.64286e-12  8.79047e-21
1.439378783e+00  1.6593548e-12  1.65935e-12  1.65935e-12  1.01401e-20
1.446575677e+00  1.6626895e-12  1.66269e-12  1.66269e-12  1.17062e-20
1.453808555e+00  1.6862784e-12  1.68628e-12  1.68628e-12  1.34694e-20
1.461077598e+00  1.6755078e-12  1.67551e-12  1.67551e-12  1.55515e-20
1.468382986e+00  1.6752744e-12  1.67527e-12  1.67527e-12  1.79178e-20
1.475724901e+00  1.6786079e-12  1.67861e-12  1.67861e-12  2.06185e-20
1.483103525e+00  1.6831613e-12  1.68316e-12  1.68316e-12  2.37036e-20
1.490519043e+00  1.6760581e-12  1.67606e-12  1.67606e-12  2.72692e-20
1.497971638e+00  1.6935798e-12  1.69358e-12  1.69358e-12  3.12481e-20
1.505461496e+00  1.6967882e-12  1.69679e-12  1.69679e-12  3.58447e-20
1.512988804e+00  1.6949927e-12  1.69499e-12  1.69499e-12  4.11120e-20
1.520553748e+00  1.6830311e-12  1.68303e-12  1.68303e-12  4.71797e-20
1.528156517e+00  1.6816031e-12  1.68160e-12  1.68160e-12  5.40274e-20
1.535797299e+00  1.6731575e-12  1.67316e-12  1.67316e-12  6.18790e-20
1.543476286e+00  1.6646120e-12  1.66461e-12  1.66461e-12  7.08194e-20
1.551193667e+00  1.6665074e-12  1.66651e-12  1.66651e-12  8.08784e-20
1.558949636e+00  1.6583548e-12  1.65835e-12  1.65835e-12  9.24207e-20
1.566744384e+00  1.6511912e-12  1.65119e-12  1.65119e-12  1.05518e-19
1.574578106e+00  1.6454539e-12  1.64545e-12  1.64545e-12  1.20359e-19
1.582450996e+00  1.6405830e-12  1.64058e-12  1.64058e-12  1.37171e-19
1.590363251e+00  1.6290585e-12  1.62906e-12  1.62906e-12  1.56359e-19
1.598315067e+00  1.6193402e-12  1.61934e-12  1.61934e-12  1.78059e-19
1.606306643e+00  1.6152055e-12  1.61521e-12  1.61521e-12  2.02468e-19
1.614338176e+00  1.6046884e-12  1.60469e-12  1.60469e-12  2.30260e-19
1.622409867e+00  1.5960301e-12  1.59603e-12  1.59603e-12  2.61614e-19
1.630521916e+00  1.5885061e-12  1.58851e-12  1.58851e-12  2.96980e-19
1.638674526e+00  1.5810595e-12  1.58106e-12  1.58106e-12  3.36884e-19
1.646867898e+00  1.5789469e-12  1.57895e-12  1.57895e-12  3.81592e-19
1.655102238e+00  1.5689682e-12  1.56897e-12  1.56897e-12  4.32413e-19
1.663377749e+00  1.5624189e-12  1.56242e-12  1.56242e-12  4.89422e-19
1.671694638e+00  1.5494913e-12  1.54949e-12  1.54949e-12  5.54072e-19
1.680053111e+00  1.5389777e-12  1.53898e-12  1.53898e-12  6.26615e-19
1.688453377e+00  1.5362944e-12  1.53629e-12  1.53629e-12  7.07366e-19
1.696895643e+00  1.5230395e-12  1.52304e-12  1.52304e-12  7.99210e-19
1.705380122e+00  1.5053613e-12  1.50536e-12  1.50536e-12  9.02962e-19
1.713907022e+00  1.4905977e-12  1.49060e-12  1.49060e-12  1.01907e-18
1.722476557e+00  1.4846130e-12  1.48461e-12  1.48461e-12  1.14785e-18
1.731088940e+00  1.4837534e-12  1.48375e-12  1.48375e-12  1.29105e-18
1.739744385e+00  1.4790040e-12  1.47900e-12  1.47900e-12  1.45197e-18
1.748443107e+00  1.4695416e-12  1.46954e-12  1.46954e-12  1.63304e-18
1.757185322e+00  1.4535992e-12  1.45360e-12  1.45360e-12  1.83729e-18
1.765971249e+00  1.4484490e-12  1.44845e-12  1.44845e-12  2.06235e-18
1.774801105e+00  1.4202567e-12  1.42026e-12  1.42025e-12  2.32168e-18
1.783675111e+00  1.4171618e-12  1.41716e-12  1.41716e-12  2.60191e-18
1.792593486e+00  1.4145703e-12  1.41457e-12  1.41457e-12  2.91383e-18
1.801556454e+00  1.3867268e-12  1.38673e-12  1.38672e-12  3.27391e-18
1.810564236e+00  1.3723871e-12  1.37239e-12  1.37238e-12  3.66848e-18
1.819617057e+00  1.3634548e-12  1.36345e-12  1.36345e-12  4.10455e-18
1.828715142e+00  1.3533969e-12  1.35340e-12  1.35339e-12  4.59039e-18
1.837858718e+00  1.3487133e-12  1.34871e-12  1.34871e-12  5.12614e-18
1.847048012e+00  1.3355943e-12  1.33559e-12  1.33559e-12  5.72855e-18
1.856283252e+00  1.3123053e-12  1.31231e-12  1.31230e-12  6.40832e-18
1.865564668e+00  1.2925835e-12  1.29258e-12  1.29258e-12  7.16037e-18
1.874892491e+00  1.2469615e-12  1.24696e-12  1.24695e-12  8.02947e-18
1.884266954e+00  1.1762741e-12  1.17627e-12  1.17627e-12  9.03526e-18
1.893688289e+00  1.0663380e-12  1.06634e-12  1.06633e-12  1.02248e-17
1.903156730e+00  9.4967954e-13  9.49680e-13  9.49668e-13  1.15754e-17
1.912672514e+00  9.0697351e-13  9.06974e-13  9.06961e-13  1.29448e-17
1.922235876e+00  9.1623847e-13  9.16238e-13  9.16224e-13  1.43497e-17
1.931847056e+00  9.4142271e-13  9.41423e-13  9.41407e-13  1.58567e-17
1.941506291e+00  9.5882389e-13  9.58824e-13  9.58806e-13  1.75321e-17
1.951213822e+00  9.7822686e-13  9.78227e-13  9.78207e-13  1.93656e-17
1.960969892e+00  9.8520903e-13  9.85209e-13  9.85188e-13  2.14208e-17
1.970774741e+00  9.8910437e-13  9.89104e-13  9.89081e-13  2.36916e-17
1.980628615e+00  1.0050792e-12  1.00508e-12  1.00505e-12  2.61343e-17
1.990531758e+00  1.0172678e-12  1.01727e-12  1.01724e-12  2.88289e-17
2.000484417e+00  1.0209232e-12  1.02092e-12  1.02089e-12  3.18279e-17
2.010486839e+00  1.0307599e-12  1.03076e-12  1.03072e-12  3.50806e-17
2.020539273e+00  1.0350468e-12  1.03505e-12  1.03501e-12  3.86793e-17
2.030641969e+00  1.0355734e-12  1.03557e-12  1.03553e-12  4.26500e-17
2.040795179e+00  1.0385796e-12  1.03858e-12  1.03853e-12  4.69804e-17
2.050999155e+00  1.0444177e-12  1.04442e-12  1.04437e-12  5.16942e-17
2.061254151e+00  1.0400536e-12  1.04005e-12  1.04000e-12  5.69515e-17
2.071560421e+00  1.0316681e-12  1.03167e-12  1.03161e-12  6.27539e-17
2.081918224e+00  1.0347681e-12  1.03477e-12  1.03470e-12  6.89656e-17
2.092327815e+00  1.0246439e-12  1.02464e-12  1.02457e-12  7.59321e-17
2.102789454e+00  1.0252365e-12  1.02524e-12  1.02515e-12  8.33928e-17
2.113303401e+00  1.0059439e-12  1.00594e-12  1.00585e-12  9.18730e-17
2.123869918e+00  1.0104121e-12  1.01041e-12  1.01031e-12  1.00717e-16
2.134489268e+00  1.0347638e-12  1.03476e-12  1.03465e-12  1.09937e-16
2.145161714e+00  9.9823895e-13  9.98239e-13  9.98118e-13  1.21319e-16
2.155887523e+00  9.8049598e-13  9.80496e-13  9.80363e-13  1.33339e-16
2.166666960e+00  9.7788292e-13  9.77883e-13  9.77737e-13  1.46053e-16
2.177500295e+00  9.6562513e-13  9.65625e-13  9.65465e-13  1.60190e-16
2.188387796e+00  9.5610304e-13  9.56103e-13  9.55928e-13  1.75513e-16
2.199329735e+00  9.2072510e-13  9.20725e-13  9.20532e-13  1.93171e-16
2.210326384e+00  9.0419408e-13  9.04194e-13  9.03982e-13  2.11728e-16
2.221378016e+00  9.0391911e-13  9.03919e-13  9.03688e-13  2.31216e-16
2.232484906e+00  8.9607726e-13  8.96077e-13  8.95825e-13  2.52742e-16
2.243647331e+00  8.7868690e-13  8.78687e-13  8.78410e-13  2.76655e-16
2.254865567e+00  8.6806648e-13  8.68066e-13  8.67764e-13  3.02277e-16
2.266139895e+00  8.3251607e-13  8.32516e-13  8.32184e-13  3.31759e-16
2.277470595e+00  8.4570034e-13  8.45700e-13  8.45340e-13  3.60409e-16
2.288857948e+00  8.1078976e-13  8.10790e-13  8.10395e-13  3.95145e-16
2.300302237e+00  7.8151371e-13  7.81514e-13  7.81081e-13  4.32541e-16
2.311803748e+00  7.6908524e-13  7.69085e-13  7.68614e-13  4.71647e-16
2.323362767e+00  7.7932452e-13  7.79325e-13  7.78813e-13  5.11663e-16
2.334979581e+00  7.8051190e-13  7.80512e-13  7.79956e-13  5.55814e-16
2.346654479e+00  7.6742507e-13  7.67425e-13  7.66820e-13  6.05266e-16
2.358387751e+00  7.5092971e-13  7.50930e-13  7.50270e-13  6.59281e-16
2.370179690e+00  7.3582608e-13  7.35826e-13  7.35109e-13  7.17580e-16
2.382030589e+00  7.3071381e-13  7.30714e-13  7.29935e-13  7.79033e-16
2.393940742e+00  7.0920390e-13  7.09204e-13  7.08356e-13  8.48296e-16
2.405910445e+00  6.9446524e-13  6.94465e-13  6.93543e-13  9.21982e-16
2.417939997e+00  6.9165349e-13  6.91653e-13  6.90654e-13  9.99061e-16
2.430029697e+00  6.6697026e-13  6.66970e-13  6.65883e-13  1.08719e-15
2.442179846e+00  6.4491416e-13  6.44914e-13  6.43732e-13  1.18192e-15
2.454390745e+00  6.3459584e-13  6.34596e-13  6.33315e-13  1.28109e-15
2.466662699e+00  6.2423302e-13  6.24233e-13  6.22845e-13  1.38797e-15
2.478996012e+00  6.1181613e-13  6.11816e-13  6.10312e-13  1.50378e-15
2.491390992e+00  5.9949235e-13  5.99492e-13  5.97864e-13  1.62851e-15
2.503847947e+00  5.8716086e-13  5.87161e-13  5.85398e-13  1.76283e-15
2.516367187e+00  5.7487532e-13  5.74875e-13  5.72968e-13  1.90738e-15
2.528949023e+00  5.6354075e-13  5.63541e-13  5.61478e-13  2.06247e-15
2.541593768e+00  5.6245323e-13  5.62453e-13  5.60229e-13  2.22406e-15
2.554301737e+00  5.6135772e-13  5.61358e-13  5.58961e-13  2.39722e-15
2.567073246e+00  5.6246444e-13  5.62464e-13  5.59883e-13  2.58139e-15
2.579908612e+00  5.6528811e-13  5.65288e-13  5.62511e-13  2.77733e-15
2.592808155e+00  5.6669534e-13  5.66695e-13  5.63708e-13  2.98774e-15
2.605772196e+00  5.4793514e-13  5.47935e-13  5.44707e-13  3.22793e-15
2.618801057e+00  5.2933302e-13  5.29333e-13  5.25847e-13  3.48591e-15
2.631895062e+00  5.0904439e-13  5.09044e-13  5.05280e-13  3.76454e-15
2.645054537e+00  4.8767534e-13  4.87675e-13  4.83610e-13  4.06492e-15
2.658279810e+00  4.6198981e-13  4.61990e-13  4.57598e-13  4.39209e-15
2.671571209e+00  4.1458499e-13  4.14585e-13  4.09817e-13  4.76836e-15
2.684929065e+00  3.5748555e-13  3.57486e-13  3.52299e-13  5.18675e-15
2.698353710e+00  3.5529741e-13  3.55297e-13  3.49730e-13  5.56707e-15
2.711845479e+00  3.5314816e-13  3.53148e-13  3.47175e-13  5.97274e-15
2.725404706e+00  3.5103930e-13  3.51039e-13  3.44634e-13  6.40524e-15
2.739031730e+00  3.4897243e-13  3.48972e-13  3.42106e-13  6.86616e-15
2.752726889e+00  3.4694920e-13  3.46949e-13  3.39592e-13  7.35715e-15
2.766490523e+00  3.4497136e-13  3.44971e-13  3.37091e-13  7.87996e-15
2.780322976e+00  3.4304073e-13  3.43041e-13  3.34604e-13  8.43642e-15
2.794224591e+00  3.4115924e-13  3.41159e-13  3.32131e-13  9.02843e-15
2.808195713e+00  3.3932888e-13  3.39329e-13  3.29671e-13  9.65800e-15
2.822236692e+00  3.3755176e-13  3.37552e-13  3.27225e-13  1.03272e-14
2.836347875e+00  3.3583009e-13  3.35830e-13  3.24792e-13  1.10384e-14
2.850529615e+00  3.3416615e-13  3.34166e-13  3.22372e-13  1.17937e-14
2.864782263e+00  3.3256237e-13  3.32562e-13  3.19967e-13  1.25956e-14
2.879106174e+00  3.3102125e-13  3.31021e-13  3.17575e-13  1.34466e-14
2.893501705e+00  3.2954544e-13  3.29545e-13  3.15196e-13  1.43493e-14
2.907969214e+00  3.2813768e-13  3.28138e-13  3.12831e-13  1.53066e-14
2.922509060e+00  3.2680084e-13  3.26801e-13  3.10479e-13  1.63213e-14
2.937121605e+00  3.2553792e-13  3.25538e-13  3.08141e-13  1.73965e-14
2.951807213e+00  3.2435204e-13  3.24352e-13  3.05817e-13  1.85351e-14
2.966566249e+00  3.2324648e-13  3.23246e-13  3.03506e-13  1.97406e-14
2.981399080e+00  3.2222462e-13  3.22225e-13  3.01208e-13  2.10164e-14
2.996306076e+00  3.2129002e-13  3.21290e-13  2.98924e-13  2.23659e-14
3.011287606e+00  3.2044637e-13  3.20446e-13  2.96653e-13  2.37930e-14
3.026344044e+00  3.1969751e-13  3.19698e-13  2.94396e-13  2.53015e-14
3.041475764e+00  3.1904744e-13  3.19047e-13  2.92152e-13  2.68954e-14
3.056683143e+00  3.1850033e-13  3.18500e-13  2.89921e-13  2.85789e-14
3.071966559e+00  3.1806050e-13  3.18060e-13  2.87704e-13  3.03563e-14
3.087326392e+00  3.1773245e-13  3.17732e-13  2.85500e-13  3.22321e-14
3.102763024e+00  3.1752087e-13  3.17521e-13  2.83310e-13  3.42112e-14
3.118276839e+00  3.1743060e-13  3.17431e-13  2.81132e-13  3.62983e-14
3.133868223e+00  3.1746668e-13  3.17467e-13  2.78968e-13  3.84985e-14
3.149537564e+00  3.1763435e-13  3.17634e-13  2.76817e-13  4.08171e-14
3.165285252e+00  3.1793904e-13  3.17939e-13  2.74680e-13  4.32595e-14
3.181111678e+00  3.1838636e-13  3.18386e-13  2.72555e-13  4.58314e-14
3.197017237e+00  3.1898216e-13  3.18982e-13  2.70444e-13  4.85386e-14
3.213002323e+00  3.1973246e-13  3.19732e-13  2.68345e-13  5.13873e-14
3.229067334e+00  3.2064353e-13  3.20644e-13  2.66260e-13  5.43836e-14
3.245212671e+00  3.2172184e-13  3.21722e-13  2.64188e-13  5.75342e-14
3.261438734e+00  3.2297408e-13  3.22974e-13  2.62128e-13  6.08457e-14
3.277745928e+00  3.2440719e-13  3.24407e-13  2.60082e-13  6.43251e-14
3.294134658e+00  3.2602832e-13  3.26028e-13  2.58049e-13  6.79796e-14
3.310605331e+00  3.2784487e-13  3.27845e-13  2.56028e-13  7.18166e-14
3.327158358e+00  3.2986449e-13  3.29864e-13  2.54021e-13  7.58438e-14
3.343794149e+00  3.3209507e-13  3.32095e-13  2.52026e-13  8.00692e-14
3.360513120e+00  3.3454474e-13  3.34545e-13  2.50044e-13  8.45008e-14
3.377315686e+00  3.3722191e-13  3.37222e-13  2.48075e-13  8.91473e-14
3.394202264e+00  3.4013523e-13  3.40135e-13  2.46118e-13  9.40171e-14
3.411173276e+00  3.4329364e-13  3.43294e-13  2.44174e-13  9.91194e-14
3.428229142e+00  3.4670633e-13  3.46706e-13  2.42243e-13  1.04463e-13
3.445370288e+00  3.5038277e-13  3.50383e-13  2.40324e-13  1.10058e-13
3.462597139e+00  3.5433270e-13  3.54333e-13  2.38418e-13  1.15915e-13
3.479910125e+00  3.5856617e-13  3.58566e-13  2.36525e-13  1.22042e-13
3.497309675e+00  3.6309348e-13  3.63093e-13  2.34643e-13  1.28450e-13
3.514796224e+00  3.6792524e-13  3.67925e-13  2.32775e-13  1.35151e-13
3.532370205e+00  3.7307236e-13  3.73072e-13  2.30918e-13  1.42154e-13
3.550032056e+00  3.7854601e-13  3.78546e-13  2.29074e-13  1.49472e-13
3.567782216e+00  3.8435772e-13  3.84358e-13  2.27243e-13  1.57115e-13
3.585621127e+00  3.9051926e-13  3.90519e-13  2.25423e-13  1.65096e-13
3.603549233e+00  3.9704274e-13  3.97043e-13  2.23616e-13  1.73427e-13
3.621566979e+00  4.0394058e-13  4.03941e-13  2.21821e-13  1.82120e-13
3.639674814e+00  4.1122549e-13  4.11225e-13  2.20038e-13  1.91188e-13
3.657873188e+00  4.1891052e-13  4.18911e-13  2.18267e-13  2.00644e-13
3.676162554e+00  4.2700901e-13  4.27009e-13  2.16508e-13  2.10501e-13
3.694543367e+00  4.3553464e-13  4.35535e-13  2.14761e-13  2.20774e-13
3.713016084e+00  4.4450138e-13  4.44501e-13  2.13026e-13  2.31476e-13
3.731581164e+00  4.5392355e-13  4.53924e-13  2.11302e-13  2.42621e-13
3.750239070e+00  4.6381576e-13  4.63816e-13  2.09591e-13  2.54225e-13
3.768990265e+00  4.7419298e-13  4.74193e-13  2.07891e-13  2.66302e-13
3.787835216e+00  4.8507046e-13  4.85070e-13  2.06203e-13  2.78867e-13
3.806774393e+00  4.9646380e-13  4.96464e-13  2.04527e-13  2.91937e-13
3.825808265e+00  5.0838893e-13  5.08389e-13  2.02862e-13  3.05526e-13
3.844937306e+00  5.2086207e-13  5.20862e-13  2.01209e-13  3.19653e-13
3.864161992e+00  5.3389979e-13  5.33900e-13  1.99568e-13  3.34332e-13
3.883482802e+00  5.4751896e-13  5.47519e-13  1.97938e-13  3.49581e-13
3.902900216e+00  5.6173680e-13  5.61737e-13  1.96319e-13  3.65418e-13
3.922414717e+00  5.7657081e-13  5.76571e-13  1.94712e-13  3.81859e-13
3.942026791e+00  5.9203883e-13  5.92039e-13  1.93116e-13  3.98923e-13
3.961736925e+00  6.0815901e-13  6.08159e-13  1.91531e-13  4.16628e-13
3.981545610e+00  6.2494981e-13  6.24950e-13  1.89958e-13  4.34992e-13
4.001453338e+00  6.4243000e-13  6.42430e-13  1.88395e-13  4.54035e-13
4.021460604e+00  6.6061865e-13  6.60619e-13  1.86844e-13  4.73774e-13
4.041567907e+00  6.7953514e-13  6.79535e-13  1.85304e-13  4.94231e-13
4.061775747e+00  6.9919914e-13  6.99199e-13  1.83775e-13  5.15424e-13
4.082084626e+00  7.1963062e-13  7.19631e-13  1.82257e-13  5.37374e-13
4.102495049e+00  7.4084983e-13  7.40850e-13  1.80749e-13  5.60101e-13
4.123007524e+00  7.6287731e-13  7.62877e-13  1.79253e-13  5.83624e-13
4.143622562e+00  7.8573388e-13  7.85734e-13  1.77767e-13  6.07967e-13
4.164340674e+00  8.0944062e-13  8.09441e-13  1.76292e-13  6.33148e-13
4.185162378e+00  8.3401889e-13  8.34019e-13  1.74828e-13  6.59191e-13
4.206088190e+00  8.5949031e-13  8.59490e-13  1.73374e-13  6.86116e-13
4.227118631e+00  8.8587674e-13  8.85877e-13  1.71931e-13  7.13946e-13
4.248254224e+00  9.1320028e-13  9.13200e-13  1.70499e-13  7.42702e-13
4.269495495e+00  9.4148329e-13  9.41483e-13  1.69077e-13  7.72407e-13
4.290842972e+00  9.7074835e-13  9.70748e-13  1.67665e-13  8.03083e-13
4.312297187e+00  1.0010182e-12  1.00102e-12  1.66264e-13  8.34755e-13
4.333858673e+00  1.0323160e-12  1.03232e-12  1.64873e-13  8.67443e-13
4.355527967e+00  1.0646648e-12  1.06466e-12  1.63492e-13  9.01173e-13
4.377305606e+00  1.0980880e-12  1.09809e-12  1.62121e-13  9.35967e-13
4.399192134e+00  1.1326093e-12  1.13261e-12  1.60761e-13  9.71849e-13
4.421188095e+00  1.1682524e-12  1.16825e-12  1.59410e-13  1.00884e-12
4.443294036e+00  1.2050411e-12  1.20504e-12  1.58070e-13  1.04697e-12
4.465510506e+00  1.2429996e-12  1.24300e-12  1.56740e-13  1.08626e-12
4.487838058e+00  1.2821521e-12  1.28215e-12  1.55419e-13  1.12673e-12
4.510277249e+00  1.3225229e-12  1.32252e-12  1.54109e-13  1.16841e-12
4.532828635e+00  1.3641364e-12  1.36414e-12  1.52808e-13  1.21133e-12
4.555492778e+00  1.4070171e-12  1.40702e-12  1.51517e-13  1.25550e-12
4.578270242e+00  1.4511897e-12  1.45119e-12  1.50236e-13  1.30095e-12
4.601161593e+00  1.4966789e-12  1.49668e-12  1.48964e-13  1.34771e-12
4.624167401e+00  1.5435094e-12  1.54351e-12  1.47702e-13  1.39581e-12
4.647288238e+00  1.5917060e-12  1.59171e-12  1.46450e-13  1.44526e-12
4.670524679e+00  1.6412935e-12  1.64129e-12  1.45206e-13  1.49609e-12
4.693877303e+00  1.6922969e-12  1.69230e-12  1.43973e-13  1.54832e-12
4.717346689e+00  1.7447408e-12  1.74474e-12  1.42749e-13  1.60199e-12
4.740933423e+00  1.7986503e-12  1.79865e-12  1.41534e-13  1.65712e-12
4.764638090e+00  1.8540499e-12  1.85405e-12  1.40328e-13  1.71372e-12
4.788461280e+00  1.9109646e-12  1.91096e-12  1.39132e-13  1.77183e-12
4.812403587e+00  1.9694190e-12  1.96942e-12  1.37944e-13  1.83147e-12
4.836465604e+00  2.0294377e-12  2.02944e-12  1.36766e-13  1.89267e-12
4.860647933e+00  2.0910452e-12  2.09105e-12  1.35597e-13  1.95545e-12
4.884951172e+00  2.1542659e-12  2.15427e-12  1.34437e-13  2.01983e-12
4.909375928e+00  2.2191240e-12  2.21912e-12  1.33286e-13  2.08584e-12
4.933922808e+00  2.2856438e-12  2.28564e-12  1.32143e-13  2.15350e-12
4.958592422e+00  2.3538491e-12  2.35385e-12  1.31010e-13  2.22284e-12
4.983385384e+00  2.4237637e-12  2.42376e-12  1.29885e-13  2.29388e-12
5.008302311e+00  2.4954112e-12  2.49541e-12  1.28769e-13  2.36664e-12
5.033343822e+00  2.5688149e-12  2.56881e-12  1.27662e-13  2.44115e-12
5.058510541e+00  2.6439980e-12  2.64400e-12  1.26563e-13  2.51743e-12
5.083803094e+00  2.7209833e-12  2.72098e-12  1.25473e-13  2.59551e-12
5.109222110e+00  2.7997933e-12  2.79979e-12  1.24391e-13  2.67540e-12
5.134768220e+00  2.8804505e-12  2.88045e-12  1.23318e-13  2.75713e-12
5.160442061e+00  2.9629766e-12  2.96298e-12  1.22253e-13  2.84072e-12
5.186244272e+00  3.0473935e-12  3.04739e-12  1.21197e-13  2.92620e-12
5.212175493e+00  3.1337224e-12  3.13372e-12  1.20149e-13  3.01357e-12
5.238236370e+00  3.2219842e-12  3.22198e-12  1.19109e-13  3.10288e-12
5.264427552e+00  3.3121994e-12  3.31220e-12  1.18077e-13  3.19412e-12
5.290749690e+00  3.4043883e-12  3.40439e-12  1.17054e-13  3.28733e-12
5.317203438e+00  3.4985705e-12  3.49857e-12  1.16038e-13  3.38253e-12
5.343789456e+00  3.5947653e-12  3.59477e-12  1.15031e-13  3.47973e-12
5.370508403e+00  3.6929916e-12  3.69299e-12  1.14031e-13  3.57896e-12
5.397360945e+00  3.7932676e-12  3.79327e-12  1.13040e-13  3.68023e-12
5.424347750e+00  3.8956112e-12  3.89561e-12  1.12056e-13  3.78355e-12
5.451469488e+00  4.0000398e-12  4.00004e-12  1.11080e-13  3.88896e-12
5.478726836e+00  4.1065701e-12  4.10657e-12  1.10112e-13  3.99646e-12
5.506120470e+00  4.2152184e-12  4.21522e-12  1.09152e-13  4.10607e-12
5.533651072e+00  4.3260004e-12  4.32600e-12  1.08199e-13  4.21780e-12
5.561319328e+00  4.4389312e-12  4.43893e-12  1.07254e-13  4.33168e-12
5.589125924e+00  4.5540252e-12  4.55403e-12  1.06317e-13  4.44771e-12
5.617071554e+00  4.6712963e-12  4.67130e-12  1.05387e-13  4.56591e-12
5.645156912e+00  4.7907578e-12  4.79076e-12  1.04465e-13  4.68629e-12
5.673382696e+00  4.9124223e-12  4.91242e-12  1.03550e-13  4.80887e-12
5.701749610e+00  5.0363017e-12  5.03630e-12  1.02642e-13  4.93366e-12
5.730258358e+00  5.1624071e-12  5.16241e-12  1.01742e-13  5.06067e-12
5.758909650e+00  5.2907492e-12  5.29075e-12  1.00849e-13  5.18990e-12
5.787704198e+00  5.4213378e-12  5.42134e-12  9.99629e-14  5.32137e-12
5.816642719e+00  5.5541819e-12  5.55418e-12  9.90843e-14  5.45510e-12
5.845725932e+00  5.6892899e-12  5.68929e-12  9.82128e-14  5.59108e-12
5.874954562e+00  5.8266695e-12  5.82667e-12  9.73483e-14  5.72932e-12
5.904329335e+00  5.9663273e-12  5.96633e-12  9.64909e-14  5.86984e-12
5.933850982e+00  6.1082694e-12  6.10827e-12  9.56405e-14  6.01263e-12
5.963520237e+00  6.2525011e-12  6.25250e-12  9.47970e-14  6.15770e-12
5.993337838e+00  6.3990268e-12  6.39903e-12  9.39604e-14  6.30507e-12
6.023304527e+00  6.5478501e-12  6.54785e-12  9.31306e-14  6.45472e-12
6.053421050e+00  6.6989738e-12  6.69897e-12  9.23076e-14  6.60667e-12
6.083688155e+00  6.8523997e-12  6.85240e-12  9.14914e-14  6.76091e-12
6.114106596e+00  7.0081290e-12  7.00813e-12  9.06818e-14  6.91745e-12
6.144677129e+00  7.1661618e-12  7.16616e-12  8.98789e-14  7.07628e-12
6.175400514e+00  7.3264975e-12  7.32650e-12  8.90826e-14  7.23741e-12
6.206277517e+00  7.4891346e-12  7.48913e-12  8.82928e-14  7.40084e-12
6.237308904e+00  7.6540705e-12  7.65407e-12  8.75096e-14  7.56656e-12
6.268495449e+00  7.8213020e-12  7.82130e-12  8.67328e-14  7.73457e-12
6.299837926e+00  7.9908248e-12  7.99082e-12  8.59624e-14  7.90486e-12
6.331337116e+00  8.1626337e-12  8.16263e-12  8.51984e-14  8.07744e-12
6.362993801e+00  8.3367226e-12  8.33672e-12  8.44407e-14  8.25228e-12
6.394808770e+00  8.5130846e-12  8.51308e-12  8.36893e-14  8.42940e-12
6.426782814e+00  8.6917117e-12  8.69171e-12  8.29442e-14  8.60877e-12
6.458916728e+00  8.8725949e-12  8.87259e-12  8.22052e-14  8.79039e-12
6.491211312e+00  9.0557247e-12  9.05572e-12  8.14723e-14  8.97425e-12
6.523667368e+00  9.2410900e-12  9.24109e-12  8.07456e-14  9.16034e-12
6.556285705e+00  9.4286793e-12  9.42868e-12  8.00249e-14  9.34865e-12
6.589067134e+00  9.6184800e-12  9.61848e-12  7.93102e-14  9.53917e-12
6.622012469e+00  9.8104784e-12  9.81048e-12  7.86015e-14  9.73188e-12
6.655122532e+00  1.0004660e-11  1.00047e-11  7.78987e-14  9.92676e-12
6.688398144e+00  1.0201009e-11  1.02010e-11  7.72018e-14  1.01238e-11
6.721840135e+00  1.0399510e-11  1.03995e-11  7.65108e-14  1.03230e-11
6.755449336e+00  1.0600144e-11  1.06001e-11  7.58255e-14  1.05243e-11
6.789226583e+00  1.0802895e-11  1.08029e-11  7.51460e-14  1.07277e-11
6.823172715e+00  1.1007741e-11  1.10077e-11  7.44721e-14  1.09333e-11
6.857288579e+00  1.1214664e-11  1.12147e-11  7.38040e-14  1.11409e-11
6.891575022e+00  1.1423641e-11  1.14236e-11  7.31415e-14  1.13505e-11
6.926032897e+00  1.1634652e-11  1.16347e-11  7.24845e-14  1.15622e-11
6.960663062e+00  1.1847673e-11  1.18477e-11  7.18331e-14  1.17758e-11
6.995466377e+00  1.2062679e-11  1.20627e-11  7.11872e-14  1.19915e-11
7.030443709e+00  1.2279647e-11  1.22796e-11  7.05468e-14  1.22091e-11
7.065595927e+00  1.2498550e-11  1.24986e-11  6.99118e-14  1.24286e-11
7.100923907e+00  1.2719363e-11  1.27194e-11  6.92821e-14  1.26501e-11
7.136428526e+00  1.2942056e-11  1.29421e-11  6.86578e-14  1.28734e-11
7.172110669e+00  1.3166603e-11  1.31666e-11  6.80388e-14  1.30986e-11
7.207971222e+00  1.3392973e-11  1.33930e-11  6.74250e-14  1.33255e-11
7.244011079e+00  1.3621137e-11  1.36211e-11  6.68165e-14  1.35543e-11
7.280231134e+00  1.3851063e-11  1.38511e-11  6.62131e-14  1.37849e-11
7.316632290e+00  1.4082721e-11  1.40827e-11  6.56149e-14  1.40171e-11
7.353215451e+00  1.4316076e-11  1.43161e-11  6.50217e-14  1.42511e-11
7.389981528e+00  1.4551096e-11  1.45511e-11  6.44337e-14  1.44867e-11
7.426931436e+00  1.4787746e-11  1.47877e-11  6.38506e-14  1.47239e-11
7.464066093e+00  1.5025991e-11  1.50260e-11  6.32726e-14  1.49627e-11
7.501386424e+00  1.5265796e-11  1.52658e-11  6.26994e-14  1.52031e-11
7.538893356e+00  1.5507123e-11  1.55071e-11  6.21312e-14  1.54450e-11
7.576587822e+00  1.5749936e-11  1.57499e-11  6.15679e-14  1.56884e-11
7.614470762e+00  1.5994196e-11  1.59942e-11  6.10094e-14  1.59332e-11
7.652543115e+00  1.6239865e-11  1.62399e-11  6.04556e-14  1.61794e-11
7.690805831e+00  1.6486902e-11  1.64869e-11  5.99067e-14  1.64270e-11
7.729259860e+00  1.6735268e-11  1.67353e-11  5.93624e-14  1.66759e-11
7.767906159e+00  1.6984922e-11  1.69849e-11  5.88229e-14  1.69261e-11
7.806745690e+00  1.7235822e-11  1.72358e-11  5.82880e-14  1.71775e-11
7.845779419e+00  1.7487926e-11  1.74879e-11  5.77577e-14  1.74302e-11
7.885008316e+00  1.7741191e-11  1.77412e-11  5.72319e-14  1.76840e-11
7.924433357e+00  1.7995574e-11  1.79956e-11  5.67107e-14  1.79389e-11
7.964055524e+00  1.8251031e-11  1.82510e-11  5.61941e-14  1.81948e-11
8.003875802e+00  1.8507517e-11  1.85075e-11  5.56818e-14  1.84518e-11
8.043895181e+00  1.8764987e-11  1.87650e-11  5.51741e-14  1.87098e-11
8.084114657e+00  1.9023396e-11  1.90234e-11  5.46707e-14  1.89687e-11
8.124535230e+00  1.9282696e-11  1.92827e-11  5.41716e-14  1.92285e-11
8.165157906e+00  1.9542843e-11  1.95428e-11  5.36770e-14  1.94892e-11
8.205983696e+00  1.9803789e-11  1.98038e-11  5.31866e-14  1.97506e-11
8.247013614e+00  2.0065485e-11  2.00655e-11  5.27004e-14  2.00128e-11
8.288248682e+00  2.0327885e-11  2.03279e-11  5.22185e-14  2.02757e-11
8.329689926e+00  2.0590940e-11  2.05909e-11  5.17408e-14  2.05392e-11
8.371338375e+00  2.0854601e-11  2.08546e-11  5.12672e-14  2.08033e-11
8.413195067e+00  2.1118819e-11  2.11188e-11  5.07978e-14  2.10680e-11
8.455261042e+00  2.1383545e-11  2.13835e-11  5.03325e-14  2.13332e-11
8.497537348e+00  2.1648728e-11  2.16487e-11  4.98712e-14  2.15989e-11
8.540025034e+00  2.1914320e-11  2.19143e-11  4.94140e-14  2.18649e-11
8.582725160e+00  2.2180269e-11  2.21803e-11  4.89607e-14  2.21313e-11
8.625638785e+00  2.2446526e-11  2.24465e-11  4.85115e-14  2.23980e-11
8.668766979e+00  2.2713038e-11  2.27130e-11  4.80661e-14  2.26650e-11
8.712110814e+00  2.2979757e-11  2.29798e-11  4.76247e-14  2.29321e-11
8.755671368e+00  2.3246629e-11  2.32466e-11  4.71871e-14  2.31994e-11
8.799449725e+00  2.3513604e-11  2.35136e-11  4.67534e-14  2.34669e-11
8.843446974e+00  2.3780631e-11  2.37806e-11  4.63235e-14  2.37343e-11
8.887664209e+00  2.4047658e-11  2.40477e-11  4.58973e-14  2.40018e-11
8.932102530e+00  2.4314633e-11  2.43146e-11  4.54749e-14  2.42692e-11
8.976763042e+00  2.4581505e-11  2.45815e-11  4.50562e-14  2.45364e-11
9.021646857e+00  2.4848222e-11  2.48482e-11  4.46412e-14  2.48036e-11
9.066755092e+00  2.5114731e-11  2.51147e-11  4.42299e-14  2.50705e-11
9.112088867e+00  2.5380982e-11  2.53810e-11  4.38222e-14  2.53372e-11
9.157649312e+00  2.5646923e-11  2.56469e-11  4.34181e-14  2.56035e-11
9.203437558e+00  2.5912501e-11  2.59125e-11  4.30175e-14  2.58695e-11
9.249454746e+00  2.6177665e-11  2.61777e-11  4.26205e-14  2.61350e-11
9.295702020e+00  2.6442363e-11  2.64424e-11  4.22270e-14  2.64001e-11
9.342180530e+00  2.6706545e-11  2.67065e-11  4.18370e-14  2.66647e-11
9.388891432e+00  2.6970158e-11  2.69702e-11  4.14505e-14  2.69287e-11
9.435835890e+00  2.7233152e-11  2.72332e-11  4.10673e-14  2.71921e-11
9.483015069e+00  2.7495475e-11  2.74955e-11  4.06876e-14  2.74548e-11
9.530430144e+00  2.7757076e-11  2.77571e-11  4.03112e-14  2.77168e-11
9.578082295e+00  2.8017906e-11  2.80179e-11  3.99382e-14  2.79780e-11
9.625972707e+00  2.8277913e-11  2.82779e-11  3.95684e-14  2.82383e-11
9.674102570e+00  2.8537047e-11  2.85370e-11  3.92020e-14  2.84978e-11
9.722473083e+00  2.8795259e-11  2.87953e-11  3.88388e-14  2.87564e-11
9.771085448e+00  2.9052498e-11  2.90525e-11  3.84789e-14  2.90140e-11
9.819940876e+00  2.9308716e-11  2.93087e-11  3.81221e-14  2.92706e-11
9.869040580e+00  2.9563864e-11  2.95639e-11  3.77686e-14  2.95261e-11
9.918385783e+00  2.9817893e-11  2.98179e-11  3.74182e-14  2.97805e-11
9.967977712e+00  3.0070754e-11  3.00708e-11  3.70709e-14  3.00337e-11
1.001781760e+01  3.0322400e-11  3.03224e-11  3.67267e-14  3.02857e-11
1.006790669e+01  3.0572784e-11  3.05728e-11  3.63856e-14  3.05364e-11
1.011824622e+01  3.0821858e-11  3.08219e-11  3.60475e-14  3.07858e-11
1.016883745e+01  3.1069575e-11  3.10696e-11  3.57125e-14  3.10339e-11
1.021968164e+01  3.1315890e-11  3.13159e-11  3.53804e-14  3.12805e-11
1.027078005e+01  3.1560757e-11  3.15608e-11  3.50514e-14  3.15257e-11
1.032213395e+01  3.1804131e-11  3.18041e-11  3.47253e-14  3.17694e-11
1.037374462e+01  3.2045966e-11  3.20460e-11  3.44021e-14  3.20116e-11
1.042561334e+01  3.2286219e-11  3.22862e-11  3.40817e-14  3.22521e-11
1.047774141e+01  3.2524846e-11  3.25248e-11  3.37643e-14  3.24911e-11
1.053013012e+01  3.2761804e-11  3.27618e-11  3.34497e-14  3.27284e-11
1.058278077e+01  3.2997050e-11  3.29971e-11  3.31380e-14  3.29639e-11
1.063569467e+01  3.3230543e-11  3.32305e-11  3.28290e-14  3.31977e-11
1.068887314e+01  3.3462240e-11  3.34622e-11  3.25229e-14  3.34297e-11
1.074231751e+01  3.3692101e-11  3.36921e-11  3.22194e-14  3.36599e-11
1.079602910e+01  3.3920086e-11  3.39201e-11  3.19188e-14  3.38882e-11
1.085000924e+01  3.4146155e-11  3.41462e-11  3.16208e-14  3.41145e-11
1.090425929e+01  3.4370269e-11  3.43703e-11  3.13255e-14  3.43389e-11
1.095878058e+01  3.4592390e-11  3.45924e-11  3.10329e-14  3.45614e-11
1.101357449e+01  3.4812481e-11  3.48125e-11  3.07429e-14  3.47817e-11
1.106864236e+01  3.5030503e-11  3.50305e-11  3.04555e-14  3.50000e-11
1.112398557e+01  3.5246421e-11  3.52464e-11  3.01707e-14  3.52163e-11
1.117960550e+01  3.5460200e-11  3.54602e-11  2.98885e-14  3.54303e-11
1.123550353e+01  3.5671804e-11  3.56718e-11  2.96089e-14  3.56422e-11
1.129168104e+01  3.5881198e-11  3.58812e-11  2.93318e-14  3.58519e-11
1.134813945e+01  3.6088350e-11  3.60884e-11  2.90571e-14  3.60593e-11
1.140488015e+01  3.6293227e-11  3.62932e-11  2.87850e-14  3.62644e-11
1.146190455e+01  3.6495796e-11  3.64958e-11  2.85154e-14  3.64673e-11
1.151921407e+01  3.6696026e-11  3.66960e-11  2.82481e-14  3.66678e-11
1.157681014e+01  3.6893886e-11  3.68939e-11  2.79833e-14  3.68659e-11
1.163469419e+01  3.7089347e-11  3.70893e-11  2.77210e-14  3.70616e-11
1.169286766e+01  3.7282379e-11  3.72824e-11  2.74609e-14  3.72549e-11
1.175133200e+01  3.7472954e-11  3.74730e-11  2.72033e-14  3.74458e-11
1.181008866e+01  3.7661044e-11  3.76610e-11  2.69480e-14  3.76341e-11
1.186913910e+01  3.7846623e-11  3.78466e-11  2.66950e-14  3.78199e-11
1.192848480e+01  3.8029664e-11  3.80297e-11  2.64443e-14  3.80032e-11
1.198812722e+01  3.8210142e-11  3.82101e-11  2.61959e-14  3.81839e-11
1.204806786e+01  3.8388032e-11  3.83880e-11  2.59498e-14  3.83621e-11
1.210830820e+01  3.8563311e-11  3.85633e-11  2.57059e-14  3.85376e-11
1.216884974e+01  3.8735955e-11  3.87360e-11  2.54642e-14  3.87105e-11
1.222969399e+01  3.8905943e-11  3.89059e-11  2.52247e-14  3.88807e-11
1.229084246e+01  3.9073252e-11  3.90733e-11  2.49874e-14  3.90483e-11
1.235229667e+01  3.9237863e-11  3.92379e-11  2.47523e-14  3.92131e-11
1.241405815e+01  3.9399755e-11  3.93998e-11  2.45194e-14  3.93752e-11
1.247612845e+01  3.9558908e-11  3.95589e-11  2.42885e-14  3.95346e-11
1.253850909e+01  3.9715306e-11  3.97153e-11  2.40598e-14  3.96912e-11
1.260120163e+01  3.9868930e-11  3.98689e-11  2.38331e-14  3.98451e-11
1.266420764e+01  4.0019763e-11  4.00198e-11  2.36085e-14  3.99962e-11
1.272752868e+01  4.0167790e-11  4.01678e-11  2.33860e-14  4.01444e-11
1.279116632e+01  4.0312995e-11  4.03130e-11  2.31656e-14  4.02898e-11
1.285512215e+01  4.0455364e-11  4.04554e-11  2.29471e-14  4.04324e-11
1.291939776e+01  4.0594883e-11  4.05949e-11  2.27306e-14  4.05722e-11
1.298399475e+01  4.0731540e-11  4.07315e-11  2.25162e-14  4.07090e-11
1.304891473e+01  4.0865322e-11  4.08653e-11  2.23037e-14  4.08430e-11
1.311415930e+01  4.0996217e-11  4.09962e-11  2.20931e-14  4.09741e-11
1.317973010e+01  4.1124216e-11  4.11242e-11  2.18845e-14  4.11023e-11
1.324562875e+01  4.1249308e-11  4.12493e-11  2.16778e-14  4.12276e-11
1.331185689e+01  4.1371485e-11  4.13715e-11  2.14730e-14  4.13500e-11
1.337841618e+01  4.1490738e-11  4.14907e-11  2.12700e-14  4.14695e-11
1.344530826e+01  4.1607060e-11  4.16071e-11  2.10690e-14  4.15860e-11
1.351253480e+01  4.1720443e-11  4.17204e-11  2.08698e-14  4.16996e-11
1.358009747e+01  4.1830882e-11  4.18309e-11  2.06724e-14  4.18102e-11
1.364799796e+01  4.1938371e-11  4.19384e-11  2.04768e-14  4.19179e-11
1.371623795e+01  4.2042906e-11  4.20429e-11  2.02831e-14  4.20226e-11
1.378481914e+01  4.2144483e-11  4.21445e-11  2.00911e-14  4.21244e-11
1.385374323e+01  4.2243098e-11  4.22431e-11  1.99009e-14  4.22232e-11
1.392301195e+01  4.2338750e-11  4.23387e-11  1.97124e-14  4.23190e-11
1.399262701e+01  4.2431436e-11  4.24314e-11  1.95257e-14  4.24119e-11
1.406259015e+01  4.2521155e-11  4.25212e-11  1.93407e-14  4.25018e-11
1.413290310e+01  4.2607907e-11  4.26079e-11  1.91574e-14  4.25887e-11
1.420356761e+01  4.2691693e-11  4.26917e-11  1.89758e-14  4.26727e-11
1.427458545e+01  4.2772513e-11  4.27725e-11  1.87959e-14  4.27537e-11
1.434595838e+01  4.2850368e-11  4.28504e-11  1.86177e-14  4.28318e-11
1.441768817e+01  4.2925262e-11  4.29253e-11  1.84411e-14  4.29068e-11
1.448977661e+01  4.2997197e-11  4.29972e-11  1.82661e-14  4.29789e-11
1.456222549e+01  4.3066177e-11  4.30662e-11  1.80928e-14  4.30481e-11
1.463503662e+01  4.3132205e-11  4.31322e-11  1.79210e-14  4.31143e-11
1.470821180e+01  4.3195287e-11  4.31953e-11  1.77509e-14  4.31775e-11
1.478175286e+01  4.3255429e-11  4.32554e-11  1.75823e-14  4.32378e-11
1.485566163e+01  4.3312636e-11  4.33126e-11  1.74153e-14  4.32952e-11
1.492993994e+01  4.3366915e-11  4.33669e-11  1.72498e-14  4.33497e-11
1.500458964e+01  4.3418273e-11  4.34183e-11  1.70859e-14  4.34012e-11
1.507961258e+01  4.3466718e-11  4.34667e-11  1.69235e-14  4.34498e-11
1.515501065e+01  4.3512259e-11  4.35123e-11  1.67626e-14  4.34955e-11
1.523078570e+01  4.3554904e-11  4.35549e-11  1.66032e-14  4.35383e-11
1.530693963e+01  4.3594664e-11  4.35947e-11  1.64453e-14  4.35782e-11
1.538347433e+01  4.3631547e-11  4.36315e-11  1.62888e-14  4.36153e-11
1.546039170e+01  4.3665566e-11  4.36656e-11  1.61338e-14  4.36494e-11
1.553769366e+01  4.3696730e-11  4.36967e-11  1.59802e-14  4.36807e-11
1.561538212e+01  4.3725052e-11  4.37251e-11  1.58281e-14  4.37092e-11
1.569345903e+01  4.3750544e-11  4.37505e-11  1.56774e-14  4.37349e-11
1.577192633e+01  4.3773219e-11  4.37732e-11  1.55281e-14  4.37577e-11
1.585078596e+01  4.3793089e-11  4.37931e-11  1.53801e-14  4.37777e-11
1.593003989e+01  4.3810168e-11  4.38102e-11  1.52336e-14  4.37949e-11
1.600969009e+01  4.3824471e-11  4.38245e-11  1.50884e-14  4.38094e-11
1.608973854e+01  4.3836012e-11  4.38360e-11  1.49446e-14  4.38211e-11
1.617018723e+01  4.3844806e-11  4.38448e-11  1.48021e-14  4.38300e-11
1.625103817e+01  4.3850868e-11  4.38509e-11  1.46609e-14  4.38362e-11
1.633229336e+01  4.3854215e-11  4.38542e-11  1.45211e-14  4.38397e-11
1.641395483e+01  4.3854862e-11  4.38549e-11  1.43825e-14  4.38405e-11
1.649602460e+01  4.3852827e-11  4.38528e-11  1.42453e-14  4.38386e-11
1.657850473e+01  4.3848126e-11  4.38481e-11  1.41093e-14  4.38340e-11
1.666139725e+01  4.3840777e-11  4.38408e-11  1.39747e-14  4.38268e-11
1.674470424e+01  4.3830798e-11  4.38308e-11  1.38412e-14  4.38170e-11
1.682842776e+01  4.3818207e-11  4.38182e-11  1.37090e-14  4.38045e-11
1.691256990e+01  4.3803023e-11  4.38030e-11  1.35781e-14  4.37894e-11
1.699713274e+01  4.3785264e-11  4.37853e-11  1.34484e-14  4.37718e-11
1.708211841e+01  4.3764951e-11  4.37650e-11  1.33198e-14  4.37516e-11
1.716752900e+01  4.3742101e-11  4.37421e-11  1.31925e-14  4.37289e-11
1.725336665e+01  4.3716736e-11  4.37167e-11  1.30664e-14  4.37037e-11
1.733963348e+01  4.3688876e-11  4.36889e-11  1.29415e-14  4.36759e-11
1.742633165e+01  4.3658541e-11  4.36585e-11  1.28177e-14  4.36457e-11
1.751346330e+01  4.3625752e-11  4.36258e-11  1.26951e-14  4.36131e-11
1.760103062e+01  4.3590530e-11  4.35905e-11  1.25737e-14  4.35780e-11
1.768903577e+01  4.3552897e-11  4.35529e-11  1.24534e-14  4.35404e-11
1.777748095e+01  4.3512874e-11  4.35129e-11  1.23342e-14  4.35005e-11
1.786636836e+01  4.3470482e-11  4.34705e-11  1.22161e-14  4.34583e-11
1.795570020e+01  4.3425745e-11  4.34257e-11  1.20991e-14  4.34136e-11
1.804547870e+01  4.3378685e-11  4.33787e-11  1.19833e-14  4.33667e-11
1.813570609e+01  4.3329323e-11  4.33293e-11  1.18685e-14  4.33175e-11
1.822638462e+01  4.3277684e-11  4.32777e-11  1.17548e-14  4.32659e-11
1.831751655e+01  4.3223789e-11  4.32238e-11  1.16422e-14  4.32121e-11
1.840910413e+01  4.3167662e-11  4.31677e-11  1.15306e-14  4.31561e-11
1.850114965e+01  4.3109327e-11  4.31093e-11  1.14201e-14  4.30979e-11
1.859365540e+01  4.3048806e-11  4.30488e-11  1.13106e-14  4.30375e-11
1.868662368e+01  4.2986125e-11  4.29861e-11  1.12022e-14  4.29749e-11
1.878005679e+01  4.2921305e-11  4.29213e-11  1.10947e-14  4.29102e-11
1.887395708e+01  4.2854373e-11  4.28544e-11  1.09883e-14  4.28434e-11
1.896832686e+01  4.2785351e-11  4.27854e-11  1.08829e-14  4.27745e-11
1.906316850e+01  4.2714265e-11  4.27143e-11  1.07785e-14  4.27035e-11
1.915848434e+01  4.2641137e-11  4.26411e-11  1.06750e-14  4.26305e-11
1.925427676e+01  4.2565994e-11  4.25660e-11  1.05726e-14  4.25554e-11
1.935054815e+01  4.2488860e-11  4.24889e-11  1.04711e-14  4.24784e-11
1.944730089e+01  4.2409759e-11  4.24098e-11  1.03705e-14  4.23994e-11
1.954453739e+01  4.2328716e-11  4.23287e-11  1.02710e-14  4.23184e-11
1.964226008e+01  4.2245757e-11  4.22458e-11  1.01723e-14  4.22356e-11
1.974047138e+01  4.2160905e-11  4.21609e-11  1.00746e-14  4.21508e-11
1.983917374e+01  4.2074187e-11  4.20742e-11  9.97778e-15  4.20642e-11
1.993836960e+01  4.1985628e-11  4.19856e-11  9.88190e-15  4.19757e-11
2.003806145e+01  4.1895252e-11  4.18953e-11  9.78692e-15  4.18855e-11
2.013825176e+01  4.1803085e-11  4.18031e-11  9.69283e-15  4.17934e-11
2.023894302e+01  4.1709153e-11  4.17092e-11  9.59964e-15  4.16996e-11
2.034013773e+01  4.1613479e-11  4.16135e-11  9.50733e-15  4.16040e-11
2.044183842e+01  4.1516091e-11  4.15161e-11  9.41589e-15  4.15067e-11
2.054404761e+01  4.1417013e-11  4.14170e-11  9.32531e-15  4.14077e-11
2.064676785e+01  4.1316270e-11  4.13163e-11  9.23560e-15  4.13070e-11
2.075000169e+01  4.1213888e-11  4.12139e-11  9.14673e-15  4.12047e-11
2.085375170e+01  4.1109893e-11  4.11099e-11  9.05870e-15  4.11008e-11
2.095802046e+01  4.1004309e-11  4.10043e-11  8.97150e-15  4.09953e-11
2.106281056e+01  4.0897163e-11  4.08972e-11  8.88514e-15  4.08883e-11
2.116812461e+01  4.0788479e-11  4.07885e-11  8.79958e-15  4.07797e-11
2.127396524e+01  4.0678282e-11  4.06783e-11  8.71484e-15  4.06696e-11
2.138033506e+01  4.0566599e-11  4.05666e-11  8.63091e-15  4.05580e-11
2.148723674e+01  4.0453453e-11  4.04535e-11  8.54776e-15  4.04449e-11
2.159467292e+01  4.0338871e-11  4.03389e-11  8.46541e-15  4.03304e-11
2.170264629e+01  4.0222878e-11  4.02229e-11  8.38384e-15  4.02145e-11
2.181115952e+01  4.0105498e-11  4.01055e-11  8.30304e-15  4.00972e-11
2.192021532e+01  3.9986758e-11  3.99868e-11  8.22301e-15  3.99785e-11
2.202981639e+01  3.9866680e-11  3.98667e-11  8.14373e-15  3.98585e-11
2.213996547e+01  3.9745292e-11  3.97453e-11  8.06521e-15  3.97372e-11
2.225066530e+01  3.9622616e-11  3.96226e-11  7.98744e-15  3.96146e-11
2.236191863e+01  3.9498679e-11  3.94987e-11  7.91040e-15  3.94908e-11
2.247372822e+01  3.9373505e-11  3.93735e-11  7.83410e-15  3.93657e-11
2.258609686e+01  3.9247118e-11  3.92471e-11  7.75852e-15  3.92394e-11
2.269902735e+01  3.9119543e-11  3.91195e-11  7.68365e-15  3.91119e-11
2.281252248e+01  3.8990804e-11  3.89908e-11  7.60950e-15  3.89832e-11
2.292658510e+01  3.8860926e-11  3.88609e-11  7.53606e-15  3.88534e-11
2.304121802e+01  3.8729932e-11  3.87299e-11  7.46331e-15  3.87225e-11
2.315642411e+01  3.8597848e-11  3.85978e-11  7.39126e-15  3.85905e-11
2.327220623e+01  3.8464696e-11  3.84647e-11  7.31989e-15  3.84574e-11
2.338856726e+01  3.8330500e-11  3.83305e-11  7.24920e-15  3.83233e-11
2.350551010e+01  3.8195285e-11  3.81953e-11  7.17918e-15  3.81881e-11
2.362303765e+01  3.8059073e-11  3.80591e-11  7.10983e-15  3.80520e-11
2.374115284e+01  3.7921889e-11  3.79219e-11  7.04114e-15  3.79148e-11
2.385985860e+01  3.7783756e-11  3.77838e-11  6.97310e-15  3.77768e-11
2.397915789e+01  3.7644696e-11  3.76447e-11  6.90572e-15  3.76378e-11
2.409905368e+01  3.7504733e-11  3.75047e-11  6.83897e-15  3.74979e-11
2.421954895e+01  3.7363890e-11  3.73639e-11  6.77286e-15  3.73571e-11
2.434064670e+01  3.7222190e-11  3.72222e-11  6.70738e-15  3.72155e-11
2.446234993e+01  3.7079654e-11  3.70797e-11  6.64253e-15  3.70730e-11
2.458466168e+01  3.6936306e-11  3.69363e-11  6.57829e-15  3.69297e-11
2.470758499e+01  3.6792168e-11  3.67922e-11  6.51467e-15  3.67857e-11
2.483112291e+01  3.6647262e-11  3.66473e-11  6.45165e-15  3.66408e-11
2.495527853e+01  3.6501610e-11  3.65016e-11  6.38923e-15  3.64952e-11
