# ------------------------------------------------------------------------
# Radiance spectrum
# NASA-GSFC Planetary Spectrum Generator (PSG) (Villanueva et al. 2018, 2022)
# Synthesized on Tue Dec 19 08:10:36 2023
# Doppler velocities [km/s] (vobs,vrot+vorb,vwidth,vrfl,vstr): 0.00000,-0.00000,0.00000,-119.41115,-0.00000
# Spectral unit: Wavelength [um]
# Radiance unit: Spectral irradiance [W/m2/um]
# Wave/freq Total Object Reflected Thermal
5.000000000e-01  6.0283357e-12  6.02834e-12  6.02834e-12  4.06385e-52
5.025000000e-01  6.0888489e-12  6.08885e-12  6.08885e-12  6.78993e-52
5.050125000e-01  6.1492329e-12  6.14923e-12  6.14923e-12  1.13149e-51
5.075375625e-01  6.2094760e-12  6.20948e-12  6.20948e-12  1.88063e-51
5.100752503e-01  6.2695666e-12  6.26957e-12  6.26957e-12  3.11762e-51
5.126256266e-01  6.3294930e-12  6.32949e-12  6.32949e-12  5.15488e-51
5.151887547e-01  6.3892437e-12  6.38924e-12  6.38924e-12  8.50151e-51
5.177646985e-01  6.4488072e-12  6.44881e-12  6.44881e-12  1.39849e-50
5.203535220e-01  6.5081719e-12  6.50817e-12  6.50817e-12  2.29465e-50
5.229552896e-01  6.5673264e-12  6.56733e-12  6.56733e-12  3.75552e-50
5.255700660e-01  6.6262595e-12  6.62626e-12  6.62626e-12  6.13094e-50
5.281979164e-01  6.6849598e-12  6.68496e-12  6.68496e-12  9.98372e-50
5.308389059e-01  6.7434161e-12  6.74342e-12  6.74342e-12  1.62171e-49
5.334931005e-01  6.8016174e-12  6.80162e-12  6.80162e-12  2.62768e-49
5.361605660e-01  6.8595525e-12  6.85955e-12  6.85955e-12  4.24713e-49
5.388413688e-01  6.9172105e-12  6.91721e-12  6.91721e-12  6.84779e-49
5.415355756e-01  6.9745806e-12  6.97458e-12  6.97458e-12  1.10139e-48
5.442432535e-01  7.0316520e-12  7.03165e-12  7.03165e-12  1.76714e-48
5.469644698e-01  7.0884140e-12  7.08841e-12  7.08841e-12  2.82845e-48
5.496992921e-01  7.1448561e-12  7.14486e-12  7.14486e-12  4.51624e-48
5.524477886e-01  7.2009678e-12  7.20097e-12  7.20097e-12  7.19386e-48
5.552100275e-01  7.2567387e-12  7.25674e-12  7.25674e-12  1.14316e-47
5.579860777e-01  7.3121586e-12  7.31216e-12  7.31216e-12  1.81227e-47
5.607760081e-01  7.3672175e-12  7.36722e-12  7.36722e-12  2.86621e-47
5.635798881e-01  7.4219052e-12  7.42191e-12  7.42191e-12  4.52242e-47
5.663977875e-01  7.4762119e-12  7.47621e-12  7.47621e-12  7.11895e-47
5.692297765e-01  7.5301279e-12  7.53013e-12  7.53013e-12  1.11802e-46
5.720759254e-01  7.5836436e-12  7.58364e-12  7.58364e-12  1.75176e-46
5.749363050e-01  7.6367494e-12  7.63675e-12  7.63675e-12  2.73839e-46
5.778109865e-01  7.6894361e-12  7.68944e-12  7.68944e-12  4.27091e-46
5.807000414e-01  7.7416943e-12  7.74169e-12  7.74169e-12  6.64588e-46
5.836035417e-01  7.7935151e-12  7.79352e-12  7.79352e-12  1.03180e-45
5.865215594e-01  7.8448895e-12  7.84489e-12  7.84489e-12  1.59830e-45
5.894541672e-01  7.8958087e-12  7.89581e-12  7.89581e-12  2.47026e-45
5.924014380e-01  7.9462641e-12  7.94626e-12  7.94626e-12  3.80937e-45
5.953634452e-01  7.9962472e-12  7.99625e-12  7.99625e-12  5.86132e-45
5.983402624e-01  8.0457497e-12  8.04575e-12  8.04575e-12  8.99859e-45
6.013319637e-01  8.0947635e-12  8.09476e-12  8.09476e-12  1.37846e-44
6.043386235e-01  8.1432804e-12  8.14328e-12  8.14328e-12  2.10699e-44
6.073603167e-01  8.1912928e-12  8.19129e-12  8.19129e-12  3.21351e-44
6.103971182e-01  8.2387927e-12  8.23879e-12  8.23879e-12  4.89049e-44
6.134491038e-01  8.2857729e-12  8.28577e-12  8.28577e-12  7.42653e-44
6.165163494e-01  8.3322258e-12  8.33223e-12  8.33223e-12  1.12534e-43
6.195989311e-01  8.3781443e-12  8.37814e-12  8.37814e-12  1.70158e-43
6.226969258e-01  8.4235213e-12  8.42352e-12  8.42352e-12  2.56741e-43
6.258104104e-01  8.4683501e-12  8.46835e-12  8.46835e-12  3.86560e-43
6.289394624e-01  8.5126239e-12  8.51262e-12  8.51262e-12  5.80793e-43
6.320841597e-01  8.5563362e-12  8.55634e-12  8.55634e-12  8.70792e-43
6.352445805e-01  8.5994806e-12  8.59948e-12  8.59948e-12  1.30287e-42
6.384208035e-01  8.6420511e-12  8.64205e-12  8.64205e-12  1.94528e-42
6.416129075e-01  8.6840415e-12  8.68404e-12  8.68404e-12  2.89846e-42
6.448209720e-01  8.7254462e-12  8.72545e-12  8.72545e-12  4.30980e-42
6.480450769e-01  8.7662593e-12  8.76626e-12  8.76626e-12  6.39525e-42
6.512853022e-01  8.8064756e-12  8.80648e-12  8.80648e-12  9.47051e-42
6.545417288e-01  8.8460897e-12  8.84609e-12  8.84609e-12  1.39961e-41
6.578144374e-01  8.8850965e-12  8.88510e-12  8.88510e-12  2.06427e-41
6.611035096e-01  8.9234910e-12  8.92349e-12  8.92349e-12  3.03846e-41
6.644090271e-01  8.9612686e-12  8.96127e-12  8.96127e-12  4.46348e-41
6.677310723e-01  8.9984246e-12  8.99842e-12  8.99842e-12  6.54379e-41
6.710697276e-01  9.0349547e-12  9.03495e-12  9.03495e-12  9.57473e-41
6.744250763e-01  9.0708546e-12  9.07085e-12  9.07085e-12  1.39820e-40
6.777972017e-01  9.1061203e-12  9.10612e-12  9.10612e-12  2.03780e-40
6.811861877e-01  9.1407480e-12  9.14075e-12  9.14075e-12  2.96419e-40
6.845921186e-01  9.1747340e-12  9.17473e-12  9.17473e-12  4.30338e-40
6.880150792e-01  9.2080748e-12  9.20807e-12  9.20807e-12  6.23556e-40
6.914551546e-01  9.2407670e-12  9.24077e-12  9.24077e-12  9.01795e-40
6.949124304e-01  9.2728076e-12  9.27281e-12  9.27281e-12  1.30170e-39
6.983869925e-01  9.3041935e-12  9.30419e-12  9.30419e-12  1.87537e-39
7.018789275e-01  9.3349221e-12  9.33492e-12  9.33492e-12  2.69677e-39
7.053883221e-01  9.3649905e-12  9.36499e-12  9.36499e-12  3.87064e-39
7.089152637e-01  9.3943965e-12  9.39440e-12  9.39440e-12  5.54508e-39
7.124598400e-01  9.4231378e-12  9.42314e-12  9.42314e-12  7.92911e-39
7.160221392e-01  9.4512122e-12  9.45121e-12  9.45121e-12  1.13171e-38
7.196022499e-01  9.4786179e-12  9.47862e-12  9.47862e-12  1.61230e-38
7.232002612e-01  9.5053531e-12  9.50535e-12  9.50535e-12  2.29277e-38
7.268162625e-01  9.5314162e-12  9.53142e-12  9.53142e-12  3.25447e-38
7.304503438e-01  9.5568059e-12  9.55681e-12  9.55681e-12  4.61118e-38
7.341025955e-01  9.5815208e-12  9.58152e-12  9.58152e-12  6.52165e-38
7.377731085e-01  9.6055599e-12  9.60556e-12  9.60556e-12  9.20709e-38
7.414619740e-01  9.6289223e-12  9.62892e-12  9.62892e-12  1.29751e-37
7.451692839e-01  9.6516073e-12  9.65161e-12  9.65161e-12  1.82525e-37
7.488951303e-01  9.6736142e-12  9.67361e-12  9.67361e-12  2.56311e-37
7.526396060e-01  9.6949427e-12  9.69494e-12  9.69494e-12  3.59290e-37
7.564028040e-01  9.7155924e-12  9.71559e-12  9.71559e-12  5.02761e-37
7.601848180e-01  9.7355634e-12  9.73556e-12  9.73556e-12  7.02295e-37
7.639857421e-01  9.7548555e-12  9.75486e-12  9.75486e-12  9.79315e-37
7.678056708e-01  9.7734691e-12  9.77347e-12  9.77347e-12  1.36325e-36
7.716446992e-01  9.7914044e-12  9.79140e-12  9.79140e-12  1.89444e-36
7.755029227e-01  9.8086621e-12  9.80866e-12  9.80866e-12  2.62810e-36
7.793804373e-01  9.8252427e-12  9.82524e-12  9.82524e-12  3.63970e-36
7.832773395e-01  9.8411471e-12  9.84115e-12  9.84115e-12  5.03213e-36
7.871937262e-01  9.8563761e-12  9.85638e-12  9.85638e-12  6.94554e-36
7.911296948e-01  9.8709310e-12  9.87093e-12  9.87093e-12  9.57044e-36
7.950853433e-01  9.8848129e-12  9.88481e-12  9.88481e-12  1.31654e-35
7.990607700e-01  9.8980232e-12  9.89802e-12  9.89802e-12  1.80806e-35
8.030560739e-01  9.9105635e-12  9.91056e-12  9.91056e-12  2.47898e-35
8.070713542e-01  9.9224353e-12  9.92244e-12  9.92244e-12  3.39329e-35
8.111067110e-01  9.9336404e-12  9.93364e-12  9.93364e-12  4.63722e-35
8.151622446e-01  9.9441809e-12  9.94418e-12  9.94418e-12  6.32685e-35
8.192380558e-01  9.9540586e-12  9.95406e-12  9.95406e-12  8.61813e-35
8.233342461e-01  9.9632758e-12  9.96328e-12  9.96328e-12  1.17203e-34
8.274509173e-01  9.9718348e-12  9.97183e-12  9.97183e-12  1.59136e-34
8.315881719e-01  9.9797379e-12  9.97974e-12  9.97974e-12  2.15727e-34
8.357461127e-01  9.9869878e-12  9.98699e-12  9.98699e-12  2.91978e-34
8.399248433e-01  9.9935871e-12  9.99359e-12  9.99359e-12  3.94558e-34
8.441244675e-01  9.9995385e-12  9.99954e-12  9.99954e-12  5.32338e-34
8.483450899e-01  1.0004845e-11  1.00048e-11  1.00048e-11  7.17109e-34
8.525868153e-01  1.0009509e-11  1.00095e-11  1.00095e-11  9.64510e-34
8.568497494e-01  1.0013535e-11  1.00135e-11  1.00135e-11  1.29526e-33
8.611339981e-01  1.0016925e-11  1.00169e-11  1.00169e-11  1.73674e-33
8.654396681e-01  1.0019683e-11  1.00197e-11  1.00197e-11  2.32514e-33
8.697668665e-01  1.0021811e-11  1.00218e-11  1.00218e-11  3.10813e-33
8.741157008e-01  1.0023315e-11  1.00233e-11  1.00233e-11  4.14849e-33
8.784862793e-01  1.0024196e-11  1.00242e-11  1.00242e-11  5.52873e-33
8.828787107e-01  1.0024460e-11  1.00245e-11  1.00245e-11  7.35711e-33
8.872931042e-01  1.0024109e-11  1.00241e-11  1.00241e-11  9.77551e-33
8.917295698e-01  1.0023148e-11  1.00231e-11  1.00231e-11  1.29696e-32
8.961882176e-01  1.0021581e-11  1.00216e-11  1.00216e-11  1.71818e-32
9.006691587e-01  1.0019412e-11  1.00194e-11  1.00194e-11  2.27285e-32
9.051725045e-01  1.0016644e-11  1.00166e-11  1.00166e-11  3.00218e-32
9.096983670e-01  1.0013282e-11  1.00133e-11  1.00133e-11  3.95977e-32
9.142468589e-01  1.0009331e-11  1.00093e-11  1.00093e-11  5.21520e-32
9.188180931e-01  1.0004795e-11  1.00048e-11  1.00048e-11  6.85876e-32
9.234121836e-01  9.9996784e-12  9.99968e-12  9.99968e-12  9.00733e-32
9.280292445e-01  9.9939855e-12  9.99399e-12  9.99399e-12  1.18120e-31
9.326693908e-01  9.9877211e-12  9.98772e-12  9.98772e-12  1.54681e-31
9.373327377e-01  9.9808899e-12  9.98089e-12  9.98089e-12  2.02270e-31
9.420194014e-01  9.9734967e-12  9.97350e-12  9.97350e-12  2.64129e-31
9.467294984e-01  9.9655462e-12  9.96555e-12  9.96555e-12  3.44423e-31
9.514631459e-01  9.9570435e-12  9.95704e-12  9.95704e-12  4.48499e-31
9.562204616e-01  9.9479933e-12  9.94799e-12  9.94799e-12  5.83214e-31
9.610015639e-01  9.9384007e-12  9.93840e-12  9.93840e-12  7.57346e-31
9.658065718e-01  9.9282708e-12  9.92827e-12  9.92827e-12  9.82120e-31
9.706356046e-01  9.9176086e-12  9.91761e-12  9.91761e-12  1.27186e-30
9.754887826e-01  9.9064194e-12  9.90642e-12  9.90642e-12  1.64485e-30
9.803662265e-01  9.8947083e-12  9.89471e-12  9.89471e-12  2.12434e-30
9.852680577e-01  9.8824805e-12  9.88248e-12  9.88248e-12  2.73990e-30
9.901943980e-01  9.8697415e-12  9.86974e-12  9.86974e-12  3.52911e-30
9.951453700e-01  9.8564965e-12  9.85650e-12  9.85650e-12  4.53958e-30
1.000121097e+00  9.8427508e-12  9.84275e-12  9.84275e-12  5.83163e-30
1.005121702e+00  9.8285100e-12  9.82851e-12  9.82851e-12  7.48154e-30
1.010147311e+00  9.8137795e-12  9.81378e-12  9.81378e-12  9.58565e-30
1.015198047e+00  9.7985648e-12  9.79856e-12  9.79856e-12  1.22655e-29
1.020274038e+00  9.7828713e-12  9.78287e-12  9.78287e-12  1.56741e-29
1.025375408e+00  9.7667047e-12  9.76670e-12  9.76670e-12  2.00040e-29
1.030502285e+00  9.7500705e-12  9.75007e-12  9.75007e-12  2.54972e-29
1.035654796e+00  9.7329744e-12  9.73297e-12  9.73297e-12  3.24573e-29
1.040833070e+00  9.7154220e-12  9.71542e-12  9.71542e-12  4.12646e-29
1.046037236e+00  9.6974189e-12  9.69742e-12  9.69742e-12  5.23953e-29
1.051267422e+00  9.6789708e-12  9.67897e-12  9.67897e-12  6.64444e-29
1.056523759e+00  9.6600835e-12  9.66008e-12  9.66008e-12  8.41548e-29
1.061806378e+00  9.6407626e-12  9.64076e-12  9.64076e-12  1.06453e-28
1.067115410e+00  9.6210139e-12  9.62101e-12  9.62101e-12  1.34491e-28
1.072450987e+00  9.6008431e-12  9.60084e-12  9.60084e-12  1.69705e-28
1.077813242e+00  9.5802559e-12  9.58026e-12  9.58026e-12  2.13875e-28
1.083202308e+00  9.5592583e-12  9.55926e-12  9.55926e-12  2.69211e-28
1.088618319e+00  9.5378559e-12  9.53786e-12  9.53786e-12  3.38451e-28
1.094061411e+00  9.5160545e-12  9.51605e-12  9.51605e-12  4.24984e-28
1.099531718e+00  9.4938599e-12  9.49386e-12  9.49386e-12  5.32997e-28
1.105029377e+00  9.4712780e-12  9.47128e-12  9.47128e-12  6.67660e-28
1.110554523e+00  9.4483145e-12  9.44831e-12  9.44831e-12  8.35348e-28
1.116107296e+00  9.4249752e-12  9.42498e-12  9.42498e-12  1.04391e-27
1.121687832e+00  9.4012660e-12  9.40127e-12  9.40127e-12  1.30300e-27
1.127296272e+00  9.3771926e-12  9.37719e-12  9.37719e-12  1.62448e-27
1.132932753e+00  9.3527609e-12  9.35276e-12  9.35276e-12  2.02290e-27
1.138597417e+00  9.3279766e-12  9.32798e-12  9.32798e-12  2.51611e-27
1.144290404e+00  9.3028455e-12  9.30285e-12  9.30285e-12  3.12594e-27
1.150011856e+00  9.2773734e-12  9.27737e-12  9.27737e-12  3.87910e-27
1.155761915e+00  9.2515661e-12  9.25157e-12  9.25157e-12  4.80820e-27
1.161540725e+00  9.2254294e-12  9.22543e-12  9.22543e-12  5.95302e-27
1.167348428e+00  9.1989690e-12  9.19897e-12  9.19897e-12  7.36204e-27
1.173185171e+00  9.1721906e-12  9.17219e-12  9.17219e-12  9.09428e-27
1.179051096e+00  9.1451000e-12  9.14510e-12  9.14510e-12  1.12215e-26
1.184946352e+00  9.1177029e-12  9.11770e-12  9.11770e-12  1.38307e-26
1.190871084e+00  9.0900049e-12  9.09000e-12  9.09000e-12  1.70276e-26
1.196825439e+00  9.0620119e-12  9.06201e-12  9.06201e-12  2.09403e-26
1.202809566e+00  9.0337294e-12  9.03373e-12  9.03373e-12  2.57236e-26
1.208823614e+00  9.0051630e-12  9.00516e-12  9.00516e-12  3.15649e-26
1.214867732e+00  8.9763184e-12  8.97632e-12  8.97632e-12  3.86904e-26
1.220942071e+00  8.9472013e-12  8.94720e-12  8.94720e-12  4.73728e-26
1.227046781e+00  8.9178171e-12  8.91782e-12  8.91782e-12  5.79409e-26
1.233182015e+00  8.8881715e-12  8.88817e-12  8.88817e-12  7.07904e-26
1.239347925e+00  8.8582699e-12  8.85827e-12  8.85827e-12  8.63969e-26
1.245544665e+00  8.8281179e-12  8.82812e-12  8.82812e-12  1.05332e-25
1.251772388e+00  8.7977210e-12  8.79772e-12  8.79772e-12  1.28280e-25
1.258031250e+00  8.7670846e-12  8.76708e-12  8.76708e-12  1.56064e-25
1.264321406e+00  8.7362141e-12  8.73621e-12  8.73621e-12  1.89665e-25
1.270643013e+00  8.7051149e-12  8.70511e-12  8.70511e-12  2.30261e-25
1.276996228e+00  8.6737925e-12  8.67379e-12  8.67379e-12  2.79256e-25
1.283381209e+00  8.6422521e-12  8.64225e-12  8.64225e-12  3.38325e-25
1.289798116e+00  8.6104990e-12  8.61050e-12  8.61050e-12  4.09467e-25
1.296247106e+00  8.5785386e-12  8.57854e-12  8.57854e-12  4.95062e-25
1.302728342e+00  8.5463761e-12  8.54638e-12  8.54638e-12  5.97940e-25
1.309241983e+00  8.5140166e-12  8.51402e-12  8.51402e-12  7.21466e-25
1.315788193e+00  8.4814653e-12  8.48147e-12  8.48147e-12  8.69632e-25
1.322367134e+00  8.4487275e-12  8.44873e-12  8.44873e-12  1.04717e-24
1.328978970e+00  8.4158082e-12  8.41581e-12  8.41581e-12  1.25971e-24
1.335623865e+00  8.3827124e-12  8.38271e-12  8.38271e-12  1.51387e-24
1.342301984e+00  8.3494452e-12  8.34945e-12  8.34945e-12  1.81751e-24
1.349013494e+00  8.3160116e-12  8.31601e-12  8.31601e-12  2.17991e-24
1.355758561e+00  8.2824166e-12  8.28242e-12  8.28242e-12  2.61201e-24
1.362537354e+00  8.2486651e-12  8.24867e-12  8.24867e-12  3.12671e-24
1.369350041e+00  8.2147619e-12  8.21476e-12  8.21476e-12  3.73922e-24
1.376196791e+00  8.1807120e-12  8.18071e-12  8.18071e-12  4.46740e-24
1.383077775e+00  8.1465200e-12  8.14652e-12  8.14652e-12  5.33226e-24
1.389993164e+00  8.1121908e-12  8.11219e-12  8.11219e-12  6.35848e-24
1.396943130e+00  8.0777292e-12  8.07773e-12  8.07773e-12  7.57501e-24
1.403927846e+00  8.0431397e-12  8.04314e-12  8.04314e-12  9.01575e-24
1.410947485e+00  8.0084270e-12  8.00843e-12  8.00843e-12  1.07204e-23
1.418002222e+00  7.9735958e-12  7.97360e-12  7.97360e-12  1.27355e-23
1.425092233e+00  7.9386506e-12  7.93865e-12  7.93865e-12  1.51153e-23
1.432217694e+00  7.9035958e-12  7.90360e-12  7.90360e-12  1.79231e-23
1.439378783e+00  7.8684361e-12  7.86844e-12  7.86844e-12  2.12329e-23
1.446575677e+00  7.8331758e-12  7.83318e-12  7.83318e-12  2.51308e-23
1.453808555e+00  7.7978193e-12  7.79782e-12  7.79782e-12  2.97173e-23
1.461077598e+00  7.7623709e-12  7.76237e-12  7.76237e-12  3.51088e-23
1.468382986e+00  7.7268350e-12  7.72683e-12  7.72683e-12  4.14410e-23
1.475724901e+00  7.6912158e-12  7.69122e-12  7.69122e-12  4.88713e-23
1.483103525e+00  7.6555176e-12  7.65552e-12  7.65552e-12  5.75823e-23
1.490519043e+00  7.6197444e-12  7.61974e-12  7.61974e-12  6.77856e-23
1.497971638e+00  7.5839005e-12  7.58390e-12  7.58390e-12  7.97262e-23
1.505461496e+00  7.5479900e-12  7.54799e-12  7.54799e-12  9.36875e-23
1.512988804e+00  7.5120168e-12  7.51202e-12  7.51202e-12  1.09997e-22
1.520553748e+00  7.4759849e-12  7.47598e-12  7.47598e-12  1.29033e-22
1.528156517e+00  7.4398984e-12  7.43990e-12  7.43990e-12  1.51233e-22
1.535797299e+00  7.4037610e-12  7.40376e-12  7.40376e-12  1.77098e-22
1.543476286e+00  7.3675768e-12  7.36758e-12  7.36758e-12  2.07209e-22
1.551193667e+00  7.3313494e-12  7.33135e-12  7.33135e-12  2.42232e-22
1.558949636e+00  7.2950827e-12  7.29508e-12  7.29508e-12  2.82933e-22
1.566744384e+00  7.2587804e-12  7.25878e-12  7.25878e-12  3.30194e-22
1.574578106e+00  7.2224462e-12  7.22245e-12  7.22245e-12  3.85025e-22
1.582450996e+00  7.1860837e-12  7.18608e-12  7.18608e-12  4.48584e-22
1.590363251e+00  7.1496965e-12  7.14970e-12  7.14970e-12  5.22199e-22
1.598315067e+00  7.1132881e-12  7.11329e-12  7.11329e-12  6.07391e-22
1.606306643e+00  7.0768621e-12  7.07686e-12  7.07686e-12  7.05897e-22
1.614338176e+00  7.0404219e-12  7.04042e-12  7.04042e-12  8.19704e-22
1.622409867e+00  7.0039710e-12  7.00397e-12  7.00397e-12  9.51081e-22
1.630521916e+00  6.9675126e-12  6.96751e-12  6.96751e-12  1.10262e-21
1.638674526e+00  6.9310501e-12  6.93105e-12  6.93105e-12  1.27726e-21
1.646867898e+00  6.8945868e-12  6.89459e-12  6.89459e-12  1.47838e-21
1.655102238e+00  6.8581259e-12  6.85813e-12  6.85813e-12  1.70979e-21
1.663377749e+00  6.8216707e-12  6.82167e-12  6.82167e-12  1.97585e-21
1.671694638e+00  6.7852242e-12  6.78522e-12  6.78522e-12  2.28149e-21
1.680053111e+00  6.7487896e-12  6.74879e-12  6.74879e-12  2.63234e-21
1.688453377e+00  6.7123699e-12  6.71237e-12  6.71237e-12  3.03475e-21
1.696895643e+00  6.6759681e-12  6.67597e-12  6.67597e-12  3.49594e-21
1.705380122e+00  6.6395872e-12  6.63959e-12  6.63959e-12  4.02409e-21
1.713907022e+00  6.6032301e-12  6.60323e-12  6.60323e-12  4.62844e-21
1.722476557e+00  6.5668997e-12  6.56690e-12  6.56690e-12  5.31945e-21
1.731088940e+00  6.5305989e-12  6.53060e-12  6.53060e-12  6.10895e-21
1.739744385e+00  6.4943304e-12  6.49433e-12  6.49433e-12  7.01027e-21
1.748443107e+00  6.4580970e-12  6.45810e-12  6.45810e-12  8.03847e-21
1.757185322e+00  6.4219014e-12  6.42190e-12  6.42190e-12  9.21051e-21
1.765971249e+00  6.3857462e-12  6.38575e-12  6.38575e-12  1.05455e-20
1.774801105e+00  6.3496342e-12  6.34963e-12  6.34963e-12  1.20650e-20
1.783675111e+00  6.3135678e-12  6.31357e-12  6.31357e-12  1.37931e-20
1.792593486e+00  6.2775496e-12  6.27755e-12  6.27755e-12  1.57572e-20
1.801556454e+00  6.2415822e-12  6.24158e-12  6.24158e-12  1.79876e-20
1.810564236e+00  6.2056679e-12  6.20567e-12  6.20567e-12  2.05186e-20
1.819617057e+00  6.1698092e-12  6.16981e-12  6.16981e-12  2.33888e-20
1.828715142e+00  6.1340084e-12  6.13401e-12  6.13401e-12  2.66411e-20
1.837858718e+00  6.0982680e-12  6.09827e-12  6.09827e-12  3.03237e-20
1.847048012e+00  6.0625901e-12  6.06259e-12  6.06259e-12  3.44906e-20
1.856283252e+00  6.0269771e-12  6.02698e-12  6.02698e-12  3.92021e-20
1.865564668e+00  5.9914311e-12  5.99143e-12  5.99143e-12  4.45254e-20
1.874892491e+00  5.9559543e-12  5.95595e-12  5.95595e-12  5.05358e-20
1.884266954e+00  5.9205489e-12  5.92055e-12  5.92055e-12  5.73172e-20
1.893688289e+00  5.8852170e-12  5.88522e-12  5.88522e-12  6.49630e-20
1.903156730e+00  5.8499606e-12  5.84996e-12  5.84996e-12  7.35774e-20
1.912672514e+00  5.8147817e-12  5.81478e-12  5.81478e-12  8.32763e-20
1.922235876e+00  5.7796823e-12  5.77968e-12  5.77968e-12  9.41886e-20
1.931847056e+00  5.7446644e-12  5.74466e-12  5.74466e-12  1.06458e-19
1.941506291e+00  5.7097298e-12  5.70973e-12  5.70973e-12  1.20243e-19
1.951213822e+00  5.6748804e-12  5.67488e-12  5.67488e-12  1.35720e-19
1.960969892e+00  5.6401181e-12  5.64012e-12  5.64012e-12  1.53087e-19
1.970774741e+00  5.6054446e-12  5.60544e-12  5.60544e-12  1.72559e-19
1.980628615e+00  5.5708618e-12  5.57086e-12  5.57086e-12  1.94378e-19
1.990531758e+00  5.5363712e-12  5.53637e-12  5.53637e-12  2.18809e-19
2.000484417e+00  5.5019747e-12  5.50197e-12  5.50197e-12  2.46148e-19
2.010486839e+00  5.4676738e-12  5.46767e-12  5.46767e-12  2.76720e-19
2.020539273e+00  5.4334701e-12  5.43347e-12  5.43347e-12  3.10885e-19
2.030641969e+00  5.3993653e-12  5.39937e-12  5.39936e-12  3.49040e-19
2.040795179e+00  5.3653609e-12  5.36536e-12  5.36536e-12  3.91623e-19
2.050999155e+00  5.3314583e-12  5.33146e-12  5.33146e-12  4.39117e-19
2.061254151e+00  5.2976592e-12  5.29766e-12  5.29766e-12  4.92053e-19
2.071560421e+00  5.2639648e-12  5.26396e-12  5.26396e-12  5.51018e-19
2.081918224e+00  5.2303766e-12  5.23038e-12  5.23038e-12  6.16656e-19
2.092327815e+00  5.1968961e-12  5.19690e-12  5.19690e-12  6.89675e-19
2.102789454e+00  5.1635245e-12  5.16352e-12  5.16352e-12  7.70853e-19
2.113303401e+00  5.1302631e-12  5.13026e-12  5.13026e-12  8.61046e-19
2.123869918e+00  5.0971132e-12  5.09711e-12  5.09711e-12  9.61191e-19
2.134489268e+00  5.0640761e-12  5.06408e-12  5.06408e-12  1.07232e-18
2.145161714e+00  5.0311530e-12  5.03115e-12  5.03115e-12  1.19555e-18
2.155887523e+00  4.9983450e-12  4.99835e-12  4.99834e-12  1.33212e-18
2.166666960e+00  4.9656534e-12  4.96565e-12  4.96565e-12  1.48339e-18
2.177500295e+00  4.9330792e-12  4.93308e-12  4.93308e-12  1.65083e-18
2.188387796e+00  4.9006236e-12  4.90062e-12  4.90062e-12  1.83605e-18
2.199329735e+00  4.8682875e-12  4.86829e-12  4.86829e-12  2.04082e-18
2.210326384e+00  4.8360721e-12  4.83607e-12  4.83607e-12  2.26707e-18
2.221378016e+00  4.8039783e-12  4.80398e-12  4.80398e-12  2.51690e-18
2.232484906e+00  4.7720071e-12  4.77201e-12  4.77200e-12  2.79259e-18
2.243647331e+00  4.7401595e-12  4.74016e-12  4.74016e-12  3.09666e-18
2.254865567e+00  4.7084364e-12  4.70844e-12  4.70843e-12  3.43181e-18
2.266139895e+00  4.6768387e-12  4.67684e-12  4.67683e-12  3.80100e-18
2.277470595e+00  4.6453672e-12  4.64537e-12  4.64536e-12  4.20746e-18
2.288857948e+00  4.6140228e-12  4.61402e-12  4.61402e-12  4.65469e-18
2.300302237e+00  4.5828063e-12  4.58281e-12  4.58280e-12  5.14648e-18
2.311803748e+00  4.5517185e-12  4.55172e-12  4.55171e-12  5.68697e-18
2.323362767e+00  4.5207601e-12  4.52076e-12  4.52075e-12  6.28063e-18
2.334979581e+00  4.4899319e-12  4.48993e-12  4.48992e-12  6.93233e-18
2.346654479e+00  4.4592345e-12  4.45923e-12  4.45923e-12  7.64731e-18
2.358387751e+00  4.4286688e-12  4.42867e-12  4.42866e-12  8.43129e-18
2.370179690e+00  4.3982353e-12  4.39824e-12  4.39823e-12  9.29044e-18
2.382030589e+00  4.3679347e-12  4.36793e-12  4.36792e-12  1.02314e-17
2.393940742e+00  4.3377675e-12  4.33777e-12  4.33776e-12  1.12615e-17
2.405910445e+00  4.3077345e-12  4.30773e-12  4.30772e-12  1.23884e-17
2.417939997e+00  4.2778360e-12  4.27784e-12  4.27782e-12  1.36206e-17
2.430029697e+00  4.2480728e-12  4.24807e-12  4.24806e-12  1.49672e-17
2.442179846e+00  4.2184453e-12  4.21845e-12  4.21843e-12  1.64380e-17
2.454390745e+00  4.1889540e-12  4.18895e-12  4.18894e-12  1.80436e-17
2.466662699e+00  4.1595994e-12  4.15960e-12  4.15958e-12  1.97953e-17
2.478996012e+00  4.1303819e-12  4.13038e-12  4.13036e-12  2.17055e-17
2.491390992e+00  4.1013020e-12  4.10130e-12  4.10128e-12  2.37873e-17
2.503847947e+00  4.0723602e-12  4.07236e-12  4.07233e-12  2.60550e-17
2.516367187e+00  4.0435567e-12  4.04356e-12  4.04353e-12  2.85238e-17
2.528949023e+00  4.0148920e-12  4.01489e-12  4.01486e-12  3.12102e-17
2.541593768e+00  3.9863664e-12  3.98637e-12  3.98633e-12  3.41317e-17
2.554301737e+00  3.9579803e-12  3.95798e-12  3.95794e-12  3.73074e-17
2.567073246e+00  3.9297340e-12  3.92973e-12  3.92969e-12  4.07574e-17
2.579908612e+00  3.9016278e-12  3.90163e-12  3.90158e-12  4.45035e-17
2.592808155e+00  3.8736620e-12  3.87366e-12  3.87361e-12  4.85691e-17
2.605772196e+00  3.8458369e-12  3.84584e-12  3.84578e-12  5.29791e-17
2.618801057e+00  3.8181526e-12  3.81815e-12  3.81809e-12  5.77602e-17
2.631895062e+00  3.7906095e-12  3.79061e-12  3.79055e-12  6.29411e-17
2.645054537e+00  3.7632077e-12  3.76321e-12  3.76314e-12  6.85523e-17
2.658279810e+00  3.7359475e-12  3.73595e-12  3.73587e-12  7.46264e-17
2.671571209e+00  3.7088290e-12  3.70883e-12  3.70875e-12  8.11984e-17
2.684929065e+00  3.6818524e-12  3.68185e-12  3.68176e-12  8.83055e-17
2.698353710e+00  3.6550179e-12  3.65502e-12  3.65492e-12  9.59874e-17
2.711845479e+00  3.6283256e-12  3.62833e-12  3.62822e-12  1.04287e-16
2.725404706e+00  3.6017756e-12  3.60178e-12  3.60166e-12  1.13248e-16
2.739031730e+00  3.5753681e-12  3.57537e-12  3.57525e-12  1.22920e-16
2.752726889e+00  3.5491032e-12  3.54910e-12  3.54897e-12  1.33354e-16
2.766490523e+00  3.5229809e-12  3.52298e-12  3.52284e-12  1.44604e-16
2.780322976e+00  3.4970013e-12  3.49700e-12  3.49684e-12  1.56728e-16
2.794224591e+00  3.4711645e-12  3.47116e-12  3.47099e-12  1.69788e-16
2.808195713e+00  3.4454706e-12  3.44547e-12  3.44529e-12  1.83850e-16
2.822236692e+00  3.4199196e-12  3.41992e-12  3.41972e-12  1.98982e-16
2.836347875e+00  3.3945115e-12  3.39451e-12  3.39430e-12  2.15259e-16
2.850529615e+00  3.3692464e-12  3.36925e-12  3.36901e-12  2.32760e-16
2.864782263e+00  3.3441242e-12  3.34412e-12  3.34387e-12  2.51566e-16
2.879106174e+00  3.3191450e-12  3.31915e-12  3.31887e-12  2.71767e-16
2.893501705e+00  3.2943088e-12  3.29431e-12  3.29402e-12  2.93455e-16
2.907969214e+00  3.2696156e-12  3.26962e-12  3.26930e-12  3.16729e-16
2.922509060e+00  3.2450654e-12  3.24507e-12  3.24472e-12  3.41695e-16
2.937121605e+00  3.2206581e-12  3.22066e-12  3.22029e-12  3.68461e-16
2.951807213e+00  3.1963937e-12  3.19639e-12  3.19600e-12  3.97145e-16
2.966566249e+00  3.1722722e-12  3.17227e-12  3.17184e-12  4.27871e-16
2.981399080e+00  3.1482935e-12  3.14829e-12  3.14783e-12  4.60769e-16
2.996306076e+00  3.1244576e-12  3.12446e-12  3.12396e-12  4.95977e-16
3.011287606e+00  3.1007645e-12  3.10076e-12  3.10023e-12  5.33640e-16
3.026344044e+00  3.0772141e-12  3.07721e-12  3.07664e-12  5.73911e-16
3.041475764e+00  3.0538064e-12  3.05381e-12  3.05319e-12  6.16952e-16
3.056683143e+00  3.0305412e-12  3.03054e-12  3.02988e-12  6.62932e-16
3.071966559e+00  3.0074186e-12  3.00742e-12  3.00671e-12  7.12032e-16
3.087326392e+00  2.9844384e-12  2.98444e-12  2.98367e-12  7.64440e-16
3.102763024e+00  2.9616007e-12  2.96160e-12  2.96078e-12  8.20354e-16
3.118276839e+00  2.9389054e-12  2.93891e-12  2.93803e-12  8.79983e-16
3.133868223e+00  2.9163523e-12  2.91635e-12  2.91541e-12  9.43546e-16
3.149537564e+00  2.8939416e-12  2.89394e-12  2.89293e-12  1.01128e-15
3.165285252e+00  2.8716730e-12  2.87167e-12  2.87059e-12  1.08341e-15
3.181111678e+00  2.8495466e-12  2.84955e-12  2.84839e-12  1.16021e-15
3.197017237e+00  2.8275623e-12  2.82756e-12  2.82632e-12  1.24193e-15
3.213002323e+00  2.8057201e-12  2.80572e-12  2.80439e-12  1.32887e-15
3.229067334e+00  2.7840199e-12  2.78402e-12  2.78260e-12  1.42130e-15
3.245212671e+00  2.7624617e-12  2.76246e-12  2.76094e-12  1.51954e-15
3.261438734e+00  2.7410454e-12  2.74105e-12  2.73942e-12  1.62391e-15
3.277745928e+00  2.7197712e-12  2.71977e-12  2.71804e-12  1.73475e-15
3.294134658e+00  2.6986389e-12  2.69864e-12  2.69679e-12  1.85241e-15
3.310605331e+00  2.6776485e-12  2.67765e-12  2.67567e-12  1.97725e-15
3.327158358e+00  2.6568001e-12  2.65680e-12  2.65469e-12  2.10967e-15
3.343794149e+00  2.6360936e-12  2.63609e-12  2.63384e-12  2.25006e-15
3.360513120e+00  2.6155291e-12  2.61553e-12  2.61313e-12  2.39884e-15
3.377315686e+00  2.5951067e-12  2.59511e-12  2.59255e-12  2.55646e-15
3.394202264e+00  2.5748264e-12  2.57483e-12  2.57210e-12  2.72337e-15
3.411173276e+00  2.5546882e-12  2.55469e-12  2.55179e-12  2.90005e-15
3.428229142e+00  2.5346923e-12  2.53469e-12  2.53161e-12  3.08699e-15
3.445370288e+00  2.5148387e-12  2.51484e-12  2.51155e-12  3.28472e-15
3.462597139e+00  2.4951275e-12  2.49513e-12  2.49163e-12  3.49378e-15
3.479910125e+00  2.4755589e-12  2.47556e-12  2.47184e-12  3.71472e-15
3.497309675e+00  2.4561330e-12  2.45613e-12  2.45218e-12  3.94814e-15
3.514796224e+00  2.4368500e-12  2.43685e-12  2.43266e-12  4.19464e-15
3.532370205e+00  2.4177100e-12  2.41771e-12  2.41326e-12  4.45486e-15
3.550032056e+00  2.3987133e-12  2.39871e-12  2.39398e-12  4.72945e-15
3.567782216e+00  2.3798600e-12  2.37986e-12  2.37484e-12  5.01910e-15
3.585621127e+00  2.3611504e-12  2.36115e-12  2.35583e-12  5.32451e-15
3.603549233e+00  2.3425848e-12  2.34258e-12  2.33694e-12  5.64643e-15
3.621566979e+00  2.3241635e-12  2.32416e-12  2.31818e-12  5.98562e-15
3.639674814e+00  2.3058867e-12  2.30589e-12  2.29954e-12  6.34287e-15
3.657873188e+00  2.2877549e-12  2.28775e-12  2.28104e-12  6.71901e-15
3.676162554e+00  2.2697682e-12  2.26977e-12  2.26265e-12  7.11488e-15
3.694543367e+00  2.2519273e-12  2.25193e-12  2.24440e-12  7.53137e-15
3.713016084e+00  2.2342324e-12  2.23423e-12  2.22626e-12  7.96939e-15
3.731581164e+00  2.2166840e-12  2.21668e-12  2.20825e-12  8.42989e-15
3.750239070e+00  2.1992825e-12  2.19928e-12  2.19037e-12  8.91384e-15
3.768990265e+00  2.1820285e-12  2.18203e-12  2.17261e-12  9.42225e-15
3.787835216e+00  2.1649226e-12  2.16492e-12  2.15497e-12  9.95618e-15
3.806774393e+00  2.1479651e-12  2.14797e-12  2.13745e-12  1.05167e-14
3.825808265e+00  2.1311569e-12  2.13116e-12  2.12005e-12  1.11049e-14
3.844937306e+00  2.1144984e-12  2.11450e-12  2.10278e-12  1.17220e-14
3.864161992e+00  2.0979903e-12  2.09799e-12  2.08562e-12  1.23691e-14
3.883482802e+00  2.0816334e-12  2.08163e-12  2.06859e-12  1.30474e-14
3.902900216e+00  2.0654283e-12  2.06543e-12  2.05167e-12  1.37583e-14
3.922414717e+00  2.0493759e-12  2.04938e-12  2.03487e-12  1.45031e-14
3.942026791e+00  2.0334768e-12  2.03348e-12  2.01819e-12  1.52829e-14
3.961736925e+00  2.0177321e-12  2.01773e-12  2.00163e-12  1.60994e-14
3.981545610e+00  2.0021424e-12  2.00214e-12  1.98519e-12  1.69538e-14
4.001453338e+00  1.9867088e-12  1.98671e-12  1.96886e-12  1.78476e-14
4.021460604e+00  1.9714322e-12  1.97143e-12  1.95265e-12  1.87823e-14
4.041567907e+00  1.9563136e-12  1.95631e-12  1.93655e-12  1.97595e-14
4.061775747e+00  1.9413541e-12  1.94135e-12  1.92057e-12  2.07807e-14
4.082084626e+00  1.9265546e-12  1.92655e-12  1.90471e-12  2.18477e-14
4.102495049e+00  1.9119163e-12  1.91192e-12  1.88895e-12  2.29619e-14
4.123007524e+00  1.8974404e-12  1.89744e-12  1.87332e-12  2.41253e-14
4.143622562e+00  1.8831281e-12  1.88313e-12  1.85779e-12  2.53394e-14
4.164340674e+00  1.8689806e-12  1.86898e-12  1.84237e-12  2.66062e-14
4.185162378e+00  1.8549992e-12  1.85500e-12  1.82707e-12  2.79274e-14
4.206088190e+00  1.8411852e-12  1.84119e-12  1.81188e-12  2.93050e-14
4.227118631e+00  1.8275400e-12  1.82754e-12  1.79680e-12  3.07409e-14
4.248254224e+00  1.8140651e-12  1.81407e-12  1.78183e-12  3.22371e-14
4.269495495e+00  1.8007618e-12  1.80076e-12  1.76697e-12  3.37957e-14
4.290842972e+00  1.7876317e-12  1.78763e-12  1.75221e-12  3.54186e-14
4.312297187e+00  1.7746764e-12  1.77468e-12  1.73757e-12  3.71080e-14
4.333858673e+00  1.7618974e-12  1.76190e-12  1.72303e-12  3.88660e-14
4.355527967e+00  1.7492965e-12  1.74930e-12  1.70860e-12  4.06950e-14
4.377305606e+00  1.7368751e-12  1.73688e-12  1.69428e-12  4.25972e-14
4.399192134e+00  1.7246352e-12  1.72464e-12  1.68006e-12  4.45747e-14
4.421188095e+00  1.7125785e-12  1.71258e-12  1.66595e-12  4.66301e-14
4.443294036e+00  1.7007069e-12  1.70071e-12  1.65194e-12  4.87658e-14
4.465510506e+00  1.6890221e-12  1.68902e-12  1.63804e-12  5.09840e-14
4.487838058e+00  1.6775261e-12  1.67753e-12  1.62424e-12  5.32874e-14
4.510277249e+00  1.6662210e-12  1.66622e-12  1.61054e-12  5.56785e-14
4.532828635e+00  1.6551086e-12  1.65511e-12  1.59695e-12  5.81598e-14
4.555492778e+00  1.6441910e-12  1.64419e-12  1.58346e-12  6.07341e-14
4.578270242e+00  1.6334704e-12  1.63347e-12  1.57007e-12  6.34039e-14
4.601161593e+00  1.6229489e-12  1.62295e-12  1.55678e-12  6.61719e-14
4.624167401e+00  1.6126286e-12  1.61263e-12  1.54359e-12  6.90410e-14
4.647288238e+00  1.6025119e-12  1.60251e-12  1.53050e-12  7.20139e-14
4.670524679e+00  1.5926009e-12  1.59260e-12  1.51751e-12  7.50935e-14
4.693877303e+00  1.5828980e-12  1.58290e-12  1.50462e-12  7.82827e-14
4.717346689e+00  1.5734056e-12  1.57341e-12  1.49182e-12  8.15843e-14
4.740933423e+00  1.5641259e-12  1.56413e-12  1.47912e-12  8.50014e-14
4.764638090e+00  1.5550616e-12  1.55506e-12  1.46652e-12  8.85369e-14
4.788461280e+00  1.5462150e-12  1.54622e-12  1.45402e-12  9.21940e-14
4.812403587e+00  1.5375887e-12  1.53759e-12  1.44161e-12  9.59756e-14
4.836465604e+00  1.5291852e-12  1.52919e-12  1.42930e-12  9.98849e-14
4.860647933e+00  1.5210071e-12  1.52101e-12  1.41708e-12  1.03925e-13
4.884951172e+00  1.5130570e-12  1.51306e-12  1.40496e-12  1.08099e-13
4.909375928e+00  1.5053376e-12  1.50534e-12  1.39293e-12  1.12411e-13
4.933922808e+00  1.4978516e-12  1.49785e-12  1.38099e-12  1.16863e-13
4.958592422e+00  1.4906017e-12  1.49060e-12  1.36914e-12  1.21459e-13
4.983385384e+00  1.4835907e-12  1.48359e-12  1.35739e-12  1.26202e-13
5.008302311e+00  1.4768213e-12  1.47682e-12  1.34573e-12  1.31095e-13
5.033343822e+00  1.4702963e-12  1.47030e-12  1.33415e-12  1.36143e-13
5.058510541e+00  1.4640186e-12  1.46402e-12  1.32267e-12  1.41347e-13
5.083803094e+00  1.4579911e-12  1.45799e-12  1.31128e-12  1.46712e-13
5.109222110e+00  1.4522166e-12  1.45222e-12  1.29997e-12  1.52242e-13
5.134768220e+00  1.4466981e-12  1.44670e-12  1.28876e-12  1.57939e-13
5.160442061e+00  1.4414384e-12  1.44144e-12  1.27763e-12  1.63806e-13
5.186244272e+00  1.4364405e-12  1.43644e-12  1.26659e-12  1.69849e-13
5.212175493e+00  1.4317075e-12  1.43171e-12  1.25564e-12  1.76070e-13
5.238236370e+00  1.4272421e-12  1.42724e-12  1.24477e-12  1.82472e-13
5.264427552e+00  1.4230476e-12  1.42305e-12  1.23399e-12  1.89059e-13
5.290749690e+00  1.4191268e-12  1.41913e-12  1.22329e-12  1.95835e-13
5.317203438e+00  1.4154828e-12  1.41548e-12  1.21268e-12  2.02803e-13
5.343789456e+00  1.4121185e-12  1.41212e-12  1.20215e-12  2.09967e-13
5.370508403e+00  1.4090371e-12  1.40904e-12  1.19171e-12  2.17331e-13
5.397360945e+00  1.4062415e-12  1.40624e-12  1.18134e-12  2.24897e-13
5.424347750e+00  1.4037347e-12  1.40373e-12  1.17106e-12  2.32670e-13
5.451469488e+00  1.4015199e-12  1.40152e-12  1.16087e-12  2.40653e-13
5.478726836e+00  1.3995999e-12  1.39960e-12  1.15075e-12  2.48850e-13
5.506120470e+00  1.3979779e-12  1.39798e-12  1.14071e-12  2.57263e-13
5.533651072e+00  1.3966568e-12  1.39666e-12  1.13076e-12  2.65898e-13
5.561319328e+00  1.3956397e-12  1.39564e-12  1.12088e-12  2.74757e-13
5.589125924e+00  1.3949295e-12  1.39493e-12  1.11109e-12  2.83843e-13
5.617071554e+00  1.3945292e-12  1.39453e-12  1.10137e-12  2.93161e-13
5.645156912e+00  1.3944417e-12  1.39444e-12  1.09173e-12  3.02714e-13
5.673382696e+00  1.3946700e-12  1.39467e-12  1.08217e-12  3.12504e-13
5.701749610e+00  1.3952169e-12  1.39522e-12  1.07268e-12  3.22537e-13
5.730258358e+00  1.3960854e-12  1.39609e-12  1.06327e-12  3.32814e-13
5.758909650e+00  1.3972784e-12  1.39728e-12  1.05394e-12  3.43340e-13
5.787704198e+00  1.3987986e-12  1.39880e-12  1.04468e-12  3.54117e-13
5.816642719e+00  1.4006488e-12  1.40065e-12  1.03550e-12  3.65150e-13
5.845725932e+00  1.4028318e-12  1.40283e-12  1.02639e-12  3.76441e-13
5.874954562e+00  1.4053503e-12  1.40535e-12  1.01736e-12  3.87993e-13
5.904329335e+00  1.4082069e-12  1.40821e-12  1.00840e-12  3.99811e-13
5.933850982e+00  1.4114044e-12  1.41140e-12  9.99509e-13  4.11896e-13
5.963520237e+00  1.4149453e-12  1.41495e-12  9.90694e-13  4.24252e-13
5.993337838e+00  1.4188321e-12  1.41883e-12  9.81950e-13  4.36882e-13
6.023304527e+00  1.4230674e-12  1.42307e-12  9.73279e-13  4.49789e-13
6.053421050e+00  1.4276535e-12  1.42765e-12  9.64678e-13  4.62976e-13
6.083688155e+00  1.4325928e-12  1.43259e-12  9.56147e-13  4.76445e-13
6.114106596e+00  1.4378877e-12  1.43789e-12  9.47687e-13  4.90201e-13
6.144677129e+00  1.4435404e-12  1.44354e-12  9.39296e-13  5.04244e-13
6.175400514e+00  1.4495530e-12  1.44955e-12  9.30974e-13  5.18579e-13
6.206277517e+00  1.4559277e-12  1.45593e-12  9.22721e-13  5.33207e-13
6.237308904e+00  1.4626667e-12  1.46267e-12  9.14535e-13  5.48131e-13
6.268495449e+00  1.4697717e-12  1.46977e-12  9.06417e-13  5.63354e-13
6.299837926e+00  1.4772448e-12  1.47724e-12  8.98366e-13  5.78879e-13
6.331337116e+00  1.4850877e-12  1.48509e-12  8.90382e-13  5.94706e-13
6.362993801e+00  1.4933022e-12  1.49330e-12  8.82464e-13  6.10839e-13
6.394808770e+00  1.5018900e-12  1.50189e-12  8.74611e-13  6.27279e-13
6.426782814e+00  1.5108527e-12  1.51085e-12  8.66823e-13  6.44029e-13
6.458916728e+00  1.5201917e-12  1.52019e-12  8.59100e-13  6.61091e-13
6.491211312e+00  1.5299084e-12  1.52991e-12  8.51442e-13  6.78467e-13
6.523667368e+00  1.5400042e-12  1.54000e-12  8.43847e-13  6.96157e-13
6.556285705e+00  1.5504802e-12  1.55048e-12  8.36315e-13  7.14165e-13
6.589067134e+00  1.5613376e-12  1.56134e-12  8.28846e-13  7.32491e-13
6.622012469e+00  1.5725775e-12  1.57258e-12  8.21440e-13  7.51138e-13
6.655122532e+00  1.5842006e-12  1.58420e-12  8.14095e-13  7.70105e-13
6.688398144e+00  1.5962078e-12  1.59621e-12  8.06812e-13  7.89396e-13
6.721840135e+00  1.6085999e-12  1.60860e-12  7.99590e-13  8.09010e-13
6.755449336e+00  1.6213775e-12  1.62138e-12  7.92428e-13  8.28949e-13
6.789226583e+00  1.6345409e-12  1.63454e-12  7.85327e-13  8.49214e-13
6.823172715e+00  1.6480907e-12  1.64809e-12  7.78285e-13  8.69806e-13
6.857288579e+00  1.6620271e-12  1.66203e-12  7.71302e-13  8.90725e-13
6.891575022e+00  1.6763502e-12  1.67635e-12  7.64379e-13  9.11972e-13
6.926032897e+00  1.6910601e-12  1.69106e-12  7.57513e-13  9.33547e-13
6.960663062e+00  1.7061566e-12  1.70616e-12  7.50705e-13  9.55451e-13
6.995466377e+00  1.7216397e-12  1.72164e-12  7.43955e-13  9.77684e-13
7.030443709e+00  1.7375090e-12  1.73751e-12  7.37262e-13  1.00025e-12
7.065595927e+00  1.7537640e-12  1.75376e-12  7.30626e-13  1.02314e-12
7.100923907e+00  1.7704042e-12  1.77040e-12  7.24046e-13  1.04636e-12
7.136428526e+00  1.7874289e-12  1.78743e-12  7.17521e-13  1.06991e-12
7.172110669e+00  1.8048372e-12  1.80484e-12  7.11052e-13  1.09379e-12
7.207971222e+00  1.8226283e-12  1.82263e-12  7.04638e-13  1.11799e-12
7.244011079e+00  1.8408010e-12  1.84080e-12  6.98278e-13  1.14252e-12
7.280231134e+00  1.8593543e-12  1.85935e-12  6.91972e-13  1.16738e-12
7.316632290e+00  1.8782866e-12  1.87829e-12  6.85720e-13  1.19257e-12
7.353215451e+00  1.8975966e-12  1.89760e-12  6.79522e-13  1.21807e-12
7.389981528e+00  1.9172827e-12  1.91728e-12  6.73376e-13  1.24391e-12
7.426931436e+00  1.9373432e-12  1.93734e-12  6.67283e-13  1.27006e-12
7.464066093e+00  1.9577762e-12  1.95778e-12  6.61242e-13  1.29653e-12
7.501386424e+00  1.9785797e-12  1.97858e-12  6.55252e-13  1.32333e-12
7.538893356e+00  1.9997516e-12  1.99975e-12  6.49314e-13  1.35044e-12
7.576587822e+00  2.0212896e-12  2.02129e-12  6.43427e-13  1.37786e-12
7.614470762e+00  2.0431914e-12  2.04319e-12  6.37590e-13  1.40560e-12
7.652543115e+00  2.0654545e-12  2.06545e-12  6.31803e-13  1.43365e-12
7.690805831e+00  2.0880761e-12  2.08808e-12  6.26066e-13  1.46201e-12
7.729259860e+00  2.1110535e-12  2.11105e-12  6.20378e-13  1.49068e-12
7.767906159e+00  2.1343839e-12  2.13438e-12  6.14739e-13  1.51964e-12
7.806745690e+00  2.1580640e-12  2.15806e-12  6.09149e-13  1.54891e-12
7.845779419e+00  2.1820908e-12  2.18209e-12  6.03607e-13  1.57848e-12
7.885008316e+00  2.2064609e-12  2.20646e-12  5.98113e-13  1.60835e-12
7.924433357e+00  2.2311709e-12  2.23117e-12  5.92666e-13  1.63850e-12
7.964055524e+00  2.2562172e-12  2.25622e-12  5.87266e-13  1.66895e-12
8.003875802e+00  2.2815961e-12  2.28160e-12  5.81913e-13  1.69968e-12
8.043895181e+00  2.3073038e-12  2.30730e-12  5.76607e-13  1.73070e-12
8.084114657e+00  2.3333362e-12  2.33334e-12  5.71346e-13  1.76199e-12
8.124535230e+00  2.3596893e-12  2.35969e-12  5.66131e-13  1.79356e-12
8.165157906e+00  2.3863589e-12  2.38636e-12  5.60961e-13  1.82540e-12
8.205983696e+00  2.4133407e-12  2.41334e-12  5.55836e-13  1.85750e-12
8.247013614e+00  2.4406300e-12  2.44063e-12  5.50756e-13  1.88987e-12
8.288248682e+00  2.4682225e-12  2.46822e-12  5.45719e-13  1.92250e-12
8.329689926e+00  2.4961133e-12  2.49611e-12  5.40727e-13  1.95539e-12
8.371338375e+00  2.5242976e-12  2.52430e-12  5.35778e-13  1.98852e-12
8.413195067e+00  2.5527705e-12  2.55277e-12  5.30872e-13  2.02190e-12
8.455261042e+00  2.5815269e-12  2.58153e-12  5.26009e-13  2.05552e-12
8.497537348e+00  2.6105616e-12  2.61056e-12  5.21189e-13  2.08937e-12
8.540025034e+00  2.6398694e-12  2.63987e-12  5.16410e-13  2.12346e-12
8.582725160e+00  2.6694448e-12  2.66944e-12  5.11673e-13  2.15777e-12
8.625638785e+00  2.6992824e-12  2.69928e-12  5.06978e-13  2.19230e-12
8.668766979e+00  2.7293764e-12  2.72938e-12  5.02324e-13  2.22705e-12
8.712110814e+00  2.7597212e-12  2.75972e-12  4.97711e-13  2.26201e-12
8.755671368e+00  2.7903110e-12  2.79031e-12  4.93138e-13  2.29717e-12
8.799449725e+00  2.8211398e-12  2.82114e-12  4.88605e-13  2.33253e-12
8.843446974e+00  2.8522016e-12  2.85220e-12  4.84112e-13  2.36809e-12
8.887664209e+00  2.8834903e-12  2.88349e-12  4.79658e-13  2.40383e-12
8.932102530e+00  2.9149997e-12  2.91500e-12  4.75244e-13  2.43976e-12
8.976763042e+00  2.9467234e-12  2.94672e-12  4.70869e-13  2.47585e-12
9.021646857e+00  2.9786551e-12  2.97866e-12  4.66532e-13  2.51212e-12
9.066755092e+00  3.0107883e-12  3.01079e-12  4.62233e-13  2.54856e-12
9.112088867e+00  3.0431165e-12  3.04312e-12  4.57972e-13  2.58514e-12
9.157649312e+00  3.0756329e-12  3.07563e-12  4.53749e-13  2.62188e-12
9.203437558e+00  3.1083310e-12  3.10833e-12  4.49563e-13  2.65877e-12
9.249454746e+00  3.1412038e-12  3.14120e-12  4.45414e-13  2.69579e-12
9.295702020e+00  3.1742446e-12  3.17424e-12  4.41301e-13  2.73294e-12
9.342180530e+00  3.2074463e-12  3.20745e-12  4.37226e-13  2.77022e-12
9.388891432e+00  3.2408021e-12  3.24080e-12  4.33186e-13  2.80762e-12
9.435835890e+00  3.2743048e-12  3.27430e-12  4.29182e-13  2.84512e-12
9.483015069e+00  3.3079473e-12  3.30795e-12  4.25213e-13  2.88273e-12
9.530430144e+00  3.3417224e-12  3.34172e-12  4.21280e-13  2.92044e-12
9.578082295e+00  3.3756229e-12  3.37562e-12  4.17381e-13  2.95824e-12
9.625972707e+00  3.4096416e-12  3.40964e-12  4.13517e-13  2.99612e-12
9.674102570e+00  3.4437710e-12  3.44377e-12  4.09688e-13  3.03408e-12
9.722473083e+00  3.4780038e-12  3.47800e-12  4.05892e-13  3.07211e-12
9.771085448e+00  3.5123326e-12  3.51233e-12  4.02131e-13  3.11020e-12
9.819940876e+00  3.5467499e-12  3.54675e-12  3.98403e-13  3.14835e-12
9.869040580e+00  3.5812483e-12  3.58125e-12  3.94708e-13  3.18654e-12
9.918385783e+00  3.6158201e-12  3.61582e-12  3.91046e-13  3.22477e-12
9.967977712e+00  3.6504579e-12  3.65046e-12  3.87416e-13  3.26304e-12
1.001781760e+01  3.6851541e-12  3.68515e-12  3.83819e-13  3.30133e-12
1.006790669e+01  3.7199010e-12  3.71990e-12  3.80254e-13  3.33965e-12
1.011824622e+01  3.7546911e-12  3.75469e-12  3.76721e-13  3.37797e-12
1.016883745e+01  3.7895167e-12  3.78952e-12  3.73220e-13  3.41630e-12
1.021968164e+01  3.8243701e-12  3.82437e-12  3.69750e-13  3.45462e-12
1.027078005e+01  3.8592437e-12  3.85924e-12  3.66311e-13  3.49293e-12
1.032213395e+01  3.8941298e-12  3.89413e-12  3.62903e-13  3.53123e-12
1.037374462e+01  3.9290208e-12  3.92902e-12  3.59525e-13  3.56950e-12
1.042561334e+01  3.9639089e-12  3.96391e-12  3.56178e-13  3.60773e-12
1.047774141e+01  3.9987865e-12  3.99879e-12  3.52860e-13  3.64593e-12
1.053013012e+01  4.0336460e-12  4.03365e-12  3.49573e-13  3.68407e-12
1.058278077e+01  4.0684796e-12  4.06848e-12  3.46315e-13  3.72216e-12
1.063569467e+01  4.1032798e-12  4.10328e-12  3.43086e-13  3.76019e-12
1.068887314e+01  4.1380388e-12  4.13804e-12  3.39886e-13  3.79815e-12
1.074231751e+01  4.1727491e-12  4.17275e-12  3.36715e-13  3.83603e-12
1.079602910e+01  4.2074032e-12  4.20740e-12  3.33573e-13  3.87383e-12
1.085000924e+01  4.2419933e-12  4.24199e-12  3.30459e-13  3.91153e-12
1.090425929e+01  4.2765121e-12  4.27651e-12  3.27373e-13  3.94914e-12
1.095878058e+01  4.3109519e-12  4.31095e-12  3.24315e-13  3.98664e-12
1.101357449e+01  4.3453053e-12  4.34531e-12  3.21284e-13  4.02402e-12
1.106864236e+01  4.3795649e-12  4.37956e-12  3.18281e-13  4.06128e-12
1.112398557e+01  4.4137233e-12  4.41372e-12  3.15305e-13  4.09842e-12
1.117960550e+01  4.4477731e-12  4.44777e-12  3.12356e-13  4.13542e-12
1.123550353e+01  4.4817069e-12  4.48171e-12  3.09433e-13  4.17227e-12
1.129168104e+01  4.5155176e-12  4.51552e-12  3.06537e-13  4.20898e-12
1.134813945e+01  4.5491979e-12  4.54920e-12  3.03667e-13  4.24553e-12
1.140488015e+01  4.5827406e-12  4.58274e-12  3.00823e-13  4.28192e-12
1.146190455e+01  4.6161386e-12  4.61614e-12  2.98005e-13  4.31813e-12
1.151921407e+01  4.6493849e-12  4.64938e-12  2.95212e-13  4.35417e-12
1.157681014e+01  4.6824725e-12  4.68247e-12  2.92445e-13  4.39003e-12
1.163469419e+01  4.7153944e-12  4.71539e-12  2.89703e-13  4.42569e-12
1.169286766e+01  4.7481438e-12  4.74814e-12  2.86986e-13  4.46116e-12
1.175133200e+01  4.7807139e-12  4.78071e-12  2.84293e-13  4.49642e-12
1.181008866e+01  4.8130979e-12  4.81310e-12  2.81625e-13  4.53147e-12
1.186913910e+01  4.8452892e-12  4.84529e-12  2.78981e-13  4.56631e-12
1.192848480e+01  4.8772811e-12  4.87728e-12  2.76361e-13  4.60092e-12
1.198812722e+01  4.9090673e-12  4.90907e-12  2.73765e-13  4.63530e-12
1.204806786e+01  4.9406413e-12  4.94064e-12  2.71193e-13  4.66945e-12
1.210830820e+01  4.9719966e-12  4.97200e-12  2.68644e-13  4.70335e-12
1.216884974e+01  5.0031271e-12  5.00313e-12  2.66118e-13  4.73701e-12
1.222969399e+01  5.0340265e-12  5.03403e-12  2.63616e-13  4.77041e-12
1.229084246e+01  5.0646888e-12  5.06469e-12  2.61136e-13  4.80355e-12
1.235229667e+01  5.0951079e-12  5.09511e-12  2.58679e-13  4.83643e-12
1.241405815e+01  5.1252780e-12  5.12528e-12  2.56244e-13  4.86903e-12
1.247612845e+01  5.1551931e-12  5.15519e-12  2.53832e-13  4.90136e-12
1.253850909e+01  5.1848476e-12  5.18485e-12  2.51441e-13  4.93341e-12
1.260120163e+01  5.2142359e-12  5.21424e-12  2.49072e-13  4.96516e-12
1.266420764e+01  5.2433522e-12  5.24335e-12  2.46726e-13  4.99663e-12
1.272752868e+01  5.2721913e-12  5.27219e-12  2.44400e-13  5.02779e-12
1.279116632e+01  5.3007477e-12  5.30075e-12  2.42096e-13  5.05865e-12
1.285512215e+01  5.3290163e-12  5.32902e-12  2.39813e-13  5.08920e-12
1.291939776e+01  5.3569918e-12  5.35699e-12  2.37551e-13  5.11944e-12
1.298399475e+01  5.3846691e-12  5.38467e-12  2.35309e-13  5.14936e-12
1.304891473e+01  5.4120435e-12  5.41204e-12  2.33088e-13  5.17896e-12
1.311415930e+01  5.4391100e-12  5.43911e-12  2.30888e-13  5.20822e-12
1.317973010e+01  5.4658638e-12  5.46586e-12  2.28708e-13  5.23716e-12
1.324562875e+01  5.4923004e-12  5.49230e-12  2.26547e-13  5.26575e-12
1.331185689e+01  5.5184152e-12  5.51842e-12  2.24407e-13  5.29401e-12
1.337841618e+01  5.5442038e-12  5.54420e-12  2.22286e-13  5.32192e-12
1.344530826e+01  5.5696620e-12  5.56966e-12  2.20185e-13  5.34948e-12
1.351253480e+01  5.5947854e-12  5.59479e-12  2.18103e-13  5.37668e-12
1.358009747e+01  5.6195701e-12  5.61957e-12  2.16040e-13  5.40353e-12
1.364799796e+01  5.6440120e-12  5.64401e-12  2.13997e-13  5.43002e-12
1.371623795e+01  5.6681073e-12  5.66811e-12  2.11972e-13  5.45614e-12
1.378481914e+01  5.6918522e-12  5.69185e-12  2.09966e-13  5.48189e-12
1.385374323e+01  5.7152432e-12  5.71524e-12  2.07978e-13  5.50727e-12
1.392301195e+01  5.7382766e-12  5.73828e-12  2.06008e-13  5.53227e-12
1.399262701e+01  5.7609490e-12  5.76095e-12  2.04057e-13  5.55689e-12
1.406259015e+01  5.7832573e-12  5.78326e-12  2.02124e-13  5.58113e-12
1.413290310e+01  5.8051980e-12  5.80520e-12  2.00208e-13  5.60499e-12
1.420356761e+01  5.8267683e-12  5.82677e-12  1.98311e-13  5.62846e-12
1.427458545e+01  5.8479651e-12  5.84797e-12  1.96430e-13  5.65153e-12
1.434595838e+01  5.8687856e-12  5.86879e-12  1.94568e-13  5.67422e-12
1.441768817e+01  5.8892270e-12  5.88923e-12  1.92722e-13  5.69651e-12
1.448977661e+01  5.9092868e-12  5.90929e-12  1.90894e-13  5.71839e-12
1.456222549e+01  5.9289624e-12  5.92896e-12  1.89082e-13  5.73988e-12
1.463503662e+01  5.9482514e-12  5.94825e-12  1.87287e-13  5.76096e-12
1.470821180e+01  5.9671516e-12  5.96715e-12  1.85509e-13  5.78164e-12
1.478175286e+01  5.9856607e-12  5.98566e-12  1.83747e-13  5.80191e-12
1.485566163e+01  6.0037768e-12  6.00378e-12  1.82002e-13  5.82178e-12
1.492993994e+01  6.0214979e-12  6.02150e-12  1.80273e-13  5.84123e-12
1.500458964e+01  6.0388221e-12  6.03882e-12  1.78559e-13  5.86026e-12
1.507961258e+01  6.0557477e-12  6.05575e-12  1.76862e-13  5.87889e-12
1.515501065e+01  6.0722731e-12  6.07227e-12  1.75181e-13  5.89709e-12
1.523078570e+01  6.0883969e-12  6.08840e-12  1.73515e-13  5.91488e-12
1.530693963e+01  6.1041175e-12  6.10412e-12  1.71864e-13  5.93225e-12
1.538347433e+01  6.1194339e-12  6.11943e-12  1.70229e-13  5.94920e-12
1.546039170e+01  6.1343446e-12  6.13434e-12  1.68609e-13  5.96574e-12
1.553769366e+01  6.1488488e-12  6.14885e-12  1.67004e-13  5.98184e-12
1.561538212e+01  6.1629454e-12  6.16295e-12  1.65414e-13  5.99753e-12
1.569345903e+01  6.1766335e-12  6.17663e-12  1.63839e-13  6.01279e-12
1.577192633e+01  6.1899125e-12  6.18991e-12  1.62279e-13  6.02763e-12
1.585078596e+01  6.2027817e-12  6.20278e-12  1.60733e-13  6.04205e-12
1.593003989e+01  6.2152405e-12  6.21524e-12  1.59201e-13  6.05604e-12
1.600969009e+01  6.2272885e-12  6.22729e-12  1.57684e-13  6.06960e-12
1.608973854e+01  6.2389254e-12  6.23893e-12  1.56181e-13  6.08274e-12
1.617018723e+01  6.2501508e-12  6.25015e-12  1.54692e-13  6.09546e-12
1.625103817e+01  6.2609648e-12  6.26096e-12  1.53217e-13  6.10775e-12
1.633229336e+01  6.2713671e-12  6.27137e-12  1.51755e-13  6.11961e-12
1.641395483e+01  6.2813580e-12  6.28136e-12  1.50307e-13  6.13105e-12
1.649602460e+01  6.2909375e-12  6.29094e-12  1.48873e-13  6.14206e-12
1.657850473e+01  6.3001059e-12  6.30011e-12  1.47452e-13  6.15265e-12
1.666139725e+01  6.3088635e-12  6.30886e-12  1.46045e-13  6.16282e-12
1.674470424e+01  6.3172108e-12  6.31721e-12  1.44650e-13  6.17256e-12
1.682842776e+01  6.3251483e-12  6.32515e-12  1.43269e-13  6.18188e-12
1.691256990e+01  6.3326766e-12  6.33268e-12  1.41900e-13  6.19078e-12
1.699713274e+01  6.3397963e-12  6.33980e-12  1.40545e-13  6.19925e-12
1.708211841e+01  6.3465084e-12  6.34651e-12  1.39202e-13  6.20731e-12
1.716752900e+01  6.3528136e-12  6.35281e-12  1.37871e-13  6.21494e-12
1.725336665e+01  6.3587130e-12  6.35871e-12  1.36553e-13  6.22216e-12
1.733963348e+01  6.3642076e-12  6.36421e-12  1.35247e-13  6.22896e-12
1.742633165e+01  6.3692985e-12  6.36930e-12  1.33954e-13  6.23534e-12
1.751346330e+01  6.3739869e-12  6.37399e-12  1.32673e-13  6.24131e-12
1.760103062e+01  6.3782741e-12  6.37827e-12  1.31403e-13  6.24687e-12
1.768903577e+01  6.3821615e-12  6.38216e-12  1.30146e-13  6.25202e-12
1.777748095e+01  6.3856506e-12  6.38565e-12  1.28901e-13  6.25675e-12
1.786636836e+01  6.3887428e-12  6.38874e-12  1.27667e-13  6.26108e-12
1.795570020e+01  6.3914398e-12  6.39144e-12  1.26444e-13  6.26500e-12
1.804547870e+01  6.3937431e-12  6.39374e-12  1.25234e-13  6.26851e-12
1.813570609e+01  6.3956547e-12  6.39565e-12  1.24034e-13  6.27162e-12
1.822638462e+01  6.3971762e-12  6.39718e-12  1.22846e-13  6.27433e-12
1.831751655e+01  6.3983096e-12  6.39831e-12  1.21669e-13  6.27664e-12
1.840910413e+01  6.3990569e-12  6.39906e-12  1.20503e-13  6.27855e-12
1.850114965e+01  6.3994199e-12  6.39942e-12  1.19348e-13  6.28007e-12
1.859365540e+01  6.3994008e-12  6.39940e-12  1.18204e-13  6.28120e-12
1.868662368e+01  6.3990018e-12  6.39900e-12  1.17070e-13  6.28193e-12
1.878005679e+01  6.3982250e-12  6.39823e-12  1.15948e-13  6.28228e-12
1.887395708e+01  6.3970728e-12  6.39707e-12  1.14836e-13  6.28224e-12
1.896832686e+01  6.3955473e-12  6.39555e-12  1.13734e-13  6.28181e-12
1.906316850e+01  6.3936511e-12  6.39365e-12  1.12643e-13  6.28101e-12
1.915848434e+01  6.3913865e-12  6.39139e-12  1.11562e-13  6.27982e-12
1.925427676e+01  6.3887561e-12  6.38876e-12  1.10491e-13  6.27827e-12
1.935054815e+01  6.3857623e-12  6.38576e-12  1.09430e-13  6.27633e-12
1.944730089e+01  6.3824079e-12  6.38241e-12  1.08379e-13  6.27403e-12
1.954453739e+01  6.3786953e-12  6.37870e-12  1.07339e-13  6.27136e-12
1.964226008e+01  6.3746273e-12  6.37463e-12  1.06308e-13  6.26832e-12
1.974047138e+01  6.3702067e-12  6.37021e-12  1.05286e-13  6.26492e-12
1.983917374e+01  6.3654363e-12  6.36544e-12  1.04275e-13  6.26116e-12
1.993836960e+01  6.3603188e-12  6.36032e-12  1.03273e-13  6.25705e-12
2.003806145e+01  6.3548571e-12  6.35486e-12  1.02280e-13  6.25258e-12
2.013825176e+01  6.3490542e-12  6.34905e-12  1.01297e-13  6.24776e-12
2.023894302e+01  6.3429130e-12  6.34291e-12  1.00323e-13  6.24259e-12
2.034013773e+01  6.3364365e-12  6.33644e-12  9.93581e-14  6.23708e-12
2.044183842e+01  6.3296277e-12  6.32963e-12  9.84025e-14  6.23123e-12
2.054404761e+01  6.3224897e-12  6.32249e-12  9.74559e-14  6.22503e-12
2.064676785e+01  6.3150256e-12  6.31503e-12  9.65183e-14  6.21851e-12
2.075000169e+01  6.3072386e-12  6.30724e-12  9.55896e-14  6.21165e-12
2.085375170e+01  6.2991318e-12  6.29913e-12  9.46696e-14  6.20446e-12
2.095802046e+01  6.2907084e-12  6.29071e-12  9.37584e-14  6.19695e-12
2.106281056e+01  6.2819716e-12  6.28197e-12  9.28558e-14  6.18912e-12
2.116812461e+01  6.2729247e-12  6.27292e-12  9.19617e-14  6.18096e-12
2.127396524e+01  6.2635709e-12  6.26357e-12  9.10761e-14  6.17249e-12
2.138033506e+01  6.2539137e-12  6.25391e-12  9.01989e-14  6.16371e-12
2.148723674e+01  6.2439562e-12  6.24396e-12  8.93300e-14  6.15463e-12
2.159467292e+01  6.2337019e-12  6.23370e-12  8.84693e-14  6.14523e-12
2.170264629e+01  6.2231541e-12  6.22315e-12  8.76168e-14  6.13554e-12
2.181115952e+01  6.2123163e-12  6.21232e-12  8.67724e-14  6.12554e-12
2.192021532e+01  6.2011918e-12  6.20119e-12  8.59360e-14  6.11526e-12
2.202981639e+01  6.1897842e-12  6.18978e-12  8.51076e-14  6.10468e-12
2.213996547e+01  6.1780967e-12  6.17810e-12  8.42870e-14  6.09381e-12
2.225066530e+01  6.1661330e-12  6.16613e-12  8.34742e-14  6.08266e-12
2.236191863e+01  6.1538964e-12  6.15390e-12  8.26691e-14  6.07123e-12
2.247372822e+01  6.1413906e-12  6.14139e-12  8.18717e-14  6.05952e-12
2.258609686e+01  6.1286189e-12  6.12862e-12  8.10818e-14  6.04754e-12
2.269902735e+01  6.1155849e-12  6.11558e-12  8.02995e-14  6.03529e-12
2.281252248e+01  6.1022922e-12  6.10229e-12  7.95245e-14  6.02277e-12
2.292658510e+01  6.0887442e-12  6.08874e-12  7.87570e-14  6.00999e-12
2.304121802e+01  6.0749446e-12  6.07494e-12  7.79967e-14  5.99695e-12
2.315642411e+01  6.0608968e-12  6.06090e-12  7.72437e-14  5.98365e-12
2.327220623e+01  6.0466045e-12  6.04660e-12  7.64979e-14  5.97011e-12
2.338856726e+01  6.0320712e-12  6.03207e-12  7.57591e-14  5.95631e-12
2.350551010e+01  6.0173004e-12  6.01730e-12  7.50274e-14  5.94227e-12
2.362303765e+01  6.0022958e-12  6.00230e-12  7.43026e-14  5.92799e-12
2.374115284e+01  5.9870609e-12  5.98706e-12  7.35848e-14  5.91348e-12
2.385985860e+01  5.9715993e-12  5.97160e-12  7.28737e-14  5.89873e-12
2.397915789e+01  5.9559145e-12  5.95591e-12  7.21695e-14  5.88375e-12
2.409905368e+01  5.9400101e-12  5.94001e-12  7.14719e-14  5.86854e-12
2.421954895e+01  5.9238898e-12  5.92389e-12  7.07810e-14  5.85311e-12
2.434064670e+01  5.9075570e-12  5.90756e-12  7.00967e-14  5.83746e-12
2.446234993e+01  5.8910154e-12  5.89102e-12  6.94190e-14  5.82160e-12
2.458466168e+01  5.8742684e-12  5.87427e-12  6.87476e-14  5.80552e-12
2.470758499e+01  5.8573197e-12  5.85732e-12  6.80827e-14  5.78924e-12
2.483112291e+01  5.8401728e-12  5.84017e-12  6.74242e-14  5.77275e-12
2.495527853e+01  5.8228313e-12  5.82283e-12  6.67719e-14  5.75606e-12
