# ------------------------------------------------------------------------
# Radiance spectrum
# NASA-GSFC Planetary Spectrum Generator (PSG) (Villanueva et al. 2018, 2022)
# Synthesized on Sat Dec 23 00:04:03 2023
# Doppler velocities [km/s] (vobs,vrot+vorb,vwidth,vrfl,vstr): 0.00000,-0.00000,0.00000,-119.41115,-0.00000
# Spectral unit: Wavelength [um]
# Radiance unit: Spectral irradiance [W/m2/um]
# Wave/freq Total Object Reflected Thermal
5.000000000e-01  8.6913530e-13  8.69135e-13  8.69135e-13  7.86635e-50
5.025000000e-01  8.7641368e-13  8.76414e-13  8.76414e-13  1.29012e-49
5.050125000e-01  8.9817232e-13  8.98172e-13  8.98172e-13  2.10599e-49
5.075375625e-01  9.0208162e-13  9.02082e-13  9.02082e-13  3.43822e-49
5.100752503e-01  9.1512161e-13  9.15122e-13  9.15122e-13  5.59166e-49
5.126256266e-01  9.2734985e-13  9.27350e-13  9.27350e-13  9.07229e-49
5.151887547e-01  9.3969802e-13  9.39698e-13  9.39698e-13  1.46828e-48
5.177646985e-01  9.5659993e-13  9.56600e-13  9.56600e-13  2.36893e-48
5.203535220e-01  9.7256493e-13  9.72565e-13  9.72565e-13  3.81320e-48
5.229552896e-01  1.0001217e-12  1.00012e-12  1.00012e-12  6.11324e-48
5.255700660e-01  1.0075228e-12  1.00752e-12  1.00752e-12  9.80430e-48
5.281979164e-01  1.0223810e-12  1.02238e-12  1.02238e-12  1.56698e-47
5.308389059e-01  1.0317427e-12  1.03174e-12  1.03174e-12  2.50029e-47
5.334931005e-01  1.0526353e-12  1.05264e-12  1.05264e-12  3.97375e-47
5.361605660e-01  1.0706904e-12  1.07069e-12  1.07069e-12  6.30300e-47
5.388413688e-01  1.0838404e-12  1.08384e-12  1.08384e-12  9.98043e-47
5.415355756e-01  1.1036402e-12  1.10364e-12  1.10364e-12  1.57524e-46
5.442432535e-01  1.1134621e-12  1.11346e-12  1.11346e-12  2.48368e-46
5.469644698e-01  1.1259060e-12  1.12591e-12  1.12591e-12  3.90550e-46
5.496992921e-01  1.1484463e-12  1.14845e-12  1.14845e-12  6.11906e-46
5.524477886e-01  1.1697072e-12  1.16971e-12  1.16971e-12  9.56677e-46
5.552100275e-01  1.1718726e-12  1.17187e-12  1.17187e-12  1.49590e-45
5.579860777e-01  1.1976402e-12  1.19764e-12  1.19764e-12  2.32672e-45
5.607760081e-01  1.2156830e-12  1.21568e-12  1.21568e-12  3.61429e-45
5.635798881e-01  1.2262843e-12  1.22628e-12  1.22628e-12  5.60688e-45
5.663977875e-01  1.2447893e-12  1.24479e-12  1.24479e-12  8.66987e-45
5.692297765e-01  1.2619553e-12  1.26196e-12  1.26196e-12  1.33783e-44
5.720759254e-01  1.2713978e-12  1.27140e-12  1.27140e-12  2.06172e-44
5.749363050e-01  1.2909925e-12  1.29099e-12  1.29099e-12  3.16631e-44
5.778109865e-01  1.3059546e-12  1.30595e-12  1.30595e-12  4.85469e-44
5.807000414e-01  1.3206363e-12  1.32064e-12  1.32064e-12  7.42724e-44
5.836035417e-01  1.3364904e-12  1.33649e-12  1.33649e-12  1.13365e-43
5.865215594e-01  1.3442218e-12  1.34422e-12  1.34422e-12  1.72823e-43
5.894541672e-01  1.3626192e-12  1.36262e-12  1.36262e-12  2.62562e-43
5.924014380e-01  1.3674527e-12  1.36745e-12  1.36745e-12  3.98669e-43
5.953634452e-01  1.3855497e-12  1.38555e-12  1.38555e-12  6.03094e-43
5.983402624e-01  1.3912107e-12  1.39121e-12  1.39121e-12  9.11704e-43
6.013319637e-01  1.4060604e-12  1.40606e-12  1.40606e-12  1.37383e-42
6.043386235e-01  1.4158111e-12  1.41581e-12  1.41581e-12  2.06703e-42
6.073603167e-01  1.4321451e-12  1.43215e-12  1.43215e-12  3.10109e-42
6.103971182e-01  1.4376693e-12  1.43767e-12  1.43767e-12  4.64840e-42
6.134491038e-01  1.4479388e-12  1.44794e-12  1.44794e-12  6.94941e-42
6.165163494e-01  1.4662634e-12  1.46626e-12  1.46626e-12  1.03585e-41
6.195989311e-01  1.4676414e-12  1.46764e-12  1.46764e-12  1.54371e-41
6.226969258e-01  1.4803286e-12  1.48033e-12  1.48033e-12  2.29294e-41
6.258104104e-01  1.4985804e-12  1.49858e-12  1.49858e-12  3.39675e-41
6.289394624e-01  1.5068408e-12  1.50684e-12  1.50684e-12  5.02718e-41
6.320841597e-01  1.5160758e-12  1.51608e-12  1.51608e-12  7.42430e-41
6.352445805e-01  1.5244729e-12  1.52447e-12  1.52447e-12  1.09433e-40
6.384208035e-01  1.5463870e-12  1.54639e-12  1.54639e-12  1.60742e-40
6.416129075e-01  1.5518382e-12  1.55184e-12  1.55184e-12  2.36057e-40
6.448209720e-01  1.5693806e-12  1.56938e-12  1.56938e-12  3.45519e-40
6.480450769e-01  1.5827481e-12  1.58275e-12  1.58275e-12  5.04967e-40
6.512853022e-01  1.5937519e-12  1.59375e-12  1.59375e-12  7.36727e-40
6.545417288e-01  1.6087720e-12  1.60877e-12  1.60877e-12  1.07229e-39
6.578144374e-01  1.6244178e-12  1.62442e-12  1.62442e-12  1.55755e-39
6.611035096e-01  1.6377952e-12  1.63780e-12  1.63780e-12  2.25857e-39
6.644090271e-01  1.6559304e-12  1.65593e-12  1.65593e-12  3.26715e-39
6.677310723e-01  1.6747193e-12  1.67472e-12  1.67472e-12  4.71672e-39
6.710697276e-01  1.6956351e-12  1.69564e-12  1.69564e-12  6.79493e-39
6.744250763e-01  1.7101962e-12  1.71020e-12  1.71020e-12  9.77668e-39
6.777972017e-01  1.7204876e-12  1.72049e-12  1.72049e-12  1.40465e-38
6.811861877e-01  1.7400556e-12  1.74006e-12  1.74006e-12  2.01236e-38
6.845921186e-01  1.7565028e-12  1.75650e-12  1.75650e-12  2.87853e-38
6.880150792e-01  1.7685259e-12  1.76853e-12  1.76853e-12  4.11170e-38
6.914551546e-01  1.7908607e-12  1.79086e-12  1.79086e-12  5.85607e-38
6.949124304e-01  1.8018224e-12  1.80182e-12  1.80182e-12  8.33479e-38
6.983869925e-01  1.8287392e-12  1.82874e-12  1.82874e-12  1.18216e-37
7.018789275e-01  1.8423636e-12  1.84236e-12  1.84236e-12  1.67591e-37
7.053883221e-01  1.8520439e-12  1.85204e-12  1.85204e-12  2.37251e-37
7.089152637e-01  1.8678409e-12  1.86784e-12  1.86784e-12  3.35049e-37
7.124598400e-01  1.8907526e-12  1.89075e-12  1.89075e-12  4.71967e-37
7.160221392e-01  1.9058369e-12  1.90584e-12  1.90584e-12  6.64170e-37
7.196022499e-01  1.9125481e-12  1.91255e-12  1.91255e-12  9.33763e-37
7.232002612e-01  1.9247152e-12  1.92472e-12  1.92472e-12  1.30973e-36
7.268162625e-01  1.9422643e-12  1.94226e-12  1.94226e-12  1.83283e-36
7.304503438e-01  1.9510219e-12  1.95102e-12  1.95102e-12  2.56261e-36
7.341025955e-01  1.9663676e-12  1.96637e-12  1.96637e-12  3.57431e-36
7.377731085e-01  1.9664983e-12  1.96650e-12  1.96650e-12  4.98430e-36
7.414619740e-01  1.9803082e-12  1.98031e-12  1.98031e-12  6.92897e-36
7.451692839e-01  1.9882311e-12  1.98823e-12  1.98823e-12  9.62135e-36
7.488951303e-01  1.9962712e-12  1.99627e-12  1.99627e-12  1.33368e-35
7.526396060e-01  2.0037023e-12  2.00370e-12  2.00370e-12  1.84564e-35
7.564028040e-01  2.0051768e-12  2.00518e-12  2.00518e-12  2.55129e-35
7.601848180e-01  2.0082033e-12  2.00820e-12  2.00820e-12  3.52020e-35
7.639857421e-01  2.0123048e-12  2.01230e-12  2.01230e-12  4.84836e-35
7.678056708e-01  2.0206647e-12  2.02066e-12  2.02066e-12  6.66364e-35
7.716446992e-01  2.0187428e-12  2.01874e-12  2.01874e-12  9.15249e-35
7.755029227e-01  2.0180096e-12  2.01801e-12  2.01801e-12  1.25485e-34
7.793804373e-01  2.0273160e-12  2.02732e-12  2.02732e-12  1.71594e-34
7.832773395e-01  2.0229708e-12  2.02297e-12  2.02297e-12  2.34570e-34
7.871937262e-01  2.0241300e-12  2.02413e-12  2.02413e-12  3.19962e-34
7.911296948e-01  2.0293400e-12  2.02934e-12  2.02934e-12  4.35557e-34
7.950853433e-01  2.0300935e-12  2.03009e-12  2.03009e-12  5.92208e-34
7.990607700e-01  2.0282287e-12  2.02823e-12  2.02823e-12  8.04103e-34
8.030560739e-01  2.0267102e-12  2.02671e-12  2.02671e-12  1.09002e-33
8.070713542e-01  2.0210760e-12  2.02108e-12  2.02108e-12  1.47583e-33
8.111067110e-01  2.0136731e-12  2.01367e-12  2.01367e-12  1.99535e-33
8.151622446e-01  2.0176743e-12  2.01767e-12  2.01767e-12  2.69053e-33
8.192380558e-01  2.0198029e-12  2.01980e-12  2.01980e-12  3.62286e-33
8.233342461e-01  2.0226695e-12  2.02267e-12  2.02267e-12  4.87026e-33
8.274509173e-01  2.0307642e-12  2.03076e-12  2.03076e-12  6.53370e-33
8.315881719e-01  2.0347438e-12  2.03474e-12  2.03474e-12  8.75513e-33
8.357461127e-01  2.0367213e-12  2.03672e-12  2.03672e-12  1.17160e-32
8.399248433e-01  2.0321959e-12  2.03220e-12  2.03220e-12  1.56638e-32
8.441244675e-01  2.0272814e-12  2.02728e-12  2.02728e-12  2.09107e-32
8.483450899e-01  2.0216040e-12  2.02160e-12  2.02160e-12  2.78747e-32
8.525868153e-01  2.0136631e-12  2.01366e-12  2.01366e-12  3.71097e-32
8.568497494e-01  2.0019560e-12  2.00196e-12  2.00196e-12  4.93475e-32
8.611339981e-01  1.9924916e-12  1.99249e-12  1.99249e-12  6.55087e-32
8.654396681e-01  1.9854001e-12  1.98540e-12  1.98540e-12  8.68134e-32
8.697668665e-01  1.9780550e-12  1.97806e-12  1.97806e-12  1.14879e-31
8.741157008e-01  1.9692055e-12  1.96921e-12  1.96921e-12  1.51815e-31
8.784862793e-01  1.9594798e-12  1.95948e-12  1.95948e-12  2.00348e-31
8.828787107e-01  1.9496322e-12  1.94963e-12  1.94963e-12  2.64014e-31
8.872931042e-01  1.9547013e-12  1.95470e-12  1.95470e-12  3.46917e-31
8.917295698e-01  1.9600267e-12  1.96003e-12  1.96003e-12  4.55181e-31
8.961882176e-01  1.9578411e-12  1.95784e-12  1.95784e-12  5.96796e-31
9.006691587e-01  1.9477736e-12  1.94777e-12  1.94777e-12  7.81933e-31
9.051725045e-01  1.9354660e-12  1.93547e-12  1.93547e-12  1.02326e-30
9.096983670e-01  1.9174184e-12  1.91742e-12  1.91742e-12  1.33790e-30
9.142468589e-01  1.9001464e-12  1.90015e-12  1.90015e-12  1.74668e-30
9.188180931e-01  1.8997856e-12  1.89979e-12  1.89979e-12  2.27353e-30
9.234121836e-01  1.8993139e-12  1.89931e-12  1.89931e-12  2.95521e-30
9.280292445e-01  1.9017305e-12  1.90173e-12  1.90173e-12  3.83489e-30
9.326693908e-01  1.9044087e-12  1.90441e-12  1.90441e-12  4.96943e-30
9.373327377e-01  1.9022329e-12  1.90223e-12  1.90223e-12  6.43371e-30
9.420194014e-01  1.8954630e-12  1.89546e-12  1.89546e-12  8.32167e-30
9.467294984e-01  1.8738964e-12  1.87390e-12  1.87390e-12  1.07641e-29
9.514631459e-01  1.8665723e-12  1.86657e-12  1.86657e-12  1.38857e-29
9.562204616e-01  1.8725854e-12  1.87259e-12  1.87259e-12  1.78660e-29
9.610015639e-01  1.8773639e-12  1.87736e-12  1.87736e-12  2.29591e-29
9.658065718e-01  1.8811591e-12  1.88116e-12  1.88116e-12  2.94673e-29
9.706356046e-01  1.8829820e-12  1.88298e-12  1.88298e-12  3.77773e-29
9.754887826e-01  1.8797431e-12  1.87974e-12  1.87974e-12  4.83901e-29
9.803662265e-01  1.8725735e-12  1.87257e-12  1.87257e-12  6.19261e-29
9.852680577e-01  1.8758183e-12  1.87582e-12  1.87582e-12  7.90663e-29
9.901943980e-01  1.8777183e-12  1.87772e-12  1.87772e-12  1.00832e-28
9.951453700e-01  1.8724879e-12  1.87249e-12  1.87249e-12  1.28511e-28
1.000121097e+00  1.8724603e-12  1.87246e-12  1.87246e-12  1.63495e-28
1.005121702e+00  1.8685226e-12  1.86852e-12  1.86852e-12  2.07814e-28
1.010147311e+00  1.8756586e-12  1.87566e-12  1.87566e-12  2.63529e-28
1.015198047e+00  1.8690762e-12  1.86908e-12  1.86908e-12  3.34198e-28
1.020274038e+00  1.8714633e-12  1.87146e-12  1.87146e-12  4.22916e-28
1.025375408e+00  1.8877819e-12  1.88778e-12  1.88778e-12  5.33792e-28
1.030502285e+00  1.8884668e-12  1.88847e-12  1.88847e-12  6.73910e-28
1.035654796e+00  1.8850338e-12  1.88503e-12  1.88503e-12  8.50091e-28
1.040833070e+00  1.8813915e-12  1.88139e-12  1.88139e-12  1.07102e-27
1.046037236e+00  1.8825114e-12  1.88251e-12  1.88251e-12  1.34709e-27
1.051267422e+00  1.8876413e-12  1.88764e-12  1.88764e-12  1.69157e-27
1.056523759e+00  1.8992932e-12  1.89929e-12  1.89929e-12  2.12018e-27
1.061806378e+00  1.8986277e-12  1.89863e-12  1.89863e-12  2.65737e-27
1.067115410e+00  1.9037581e-12  1.90376e-12  1.90376e-12  3.32475e-27
1.072450987e+00  1.9128480e-12  1.91285e-12  1.91285e-12  4.15308e-27
1.077813242e+00  1.9208413e-12  1.92084e-12  1.92084e-12  5.18211e-27
1.083202308e+00  1.9235617e-12  1.92356e-12  1.92356e-12  6.46178e-27
1.088618319e+00  1.9143669e-12  1.91437e-12  1.91437e-12  8.05748e-27
1.094061411e+00  1.9432973e-12  1.94330e-12  1.94330e-12  9.99711e-27
1.099531718e+00  1.9429184e-12  1.94292e-12  1.94292e-12  1.24255e-26
1.105029377e+00  1.9484787e-12  1.94848e-12  1.94848e-12  1.54165e-26
1.110554523e+00  1.9549744e-12  1.95497e-12  1.95497e-12  1.91033e-26
1.116107296e+00  1.9613373e-12  1.96134e-12  1.96134e-12  2.36447e-26
1.121687832e+00  1.9750885e-12  1.97509e-12  1.97509e-12  2.92097e-26
1.127296272e+00  1.9797598e-12  1.97976e-12  1.97976e-12  3.60765e-26
1.132932753e+00  1.9822008e-12  1.98220e-12  1.98220e-12  4.45169e-26
1.138597417e+00  1.9967700e-12  1.99677e-12  1.99677e-12  5.48007e-26
1.144290404e+00  1.9969721e-12  1.99697e-12  1.99697e-12  6.74839e-26
1.150011856e+00  1.9974185e-12  1.99742e-12  1.99742e-12  8.30071e-26
1.155761915e+00  2.0077055e-12  2.00771e-12  2.00771e-12  1.01882e-25
1.161540725e+00  2.0064156e-12  2.00642e-12  2.00642e-12  1.25061e-25
1.167348428e+00  2.0000858e-12  2.00009e-12  2.00009e-12  1.53424e-25
1.173185171e+00  2.0036650e-12  2.00367e-12  2.00367e-12  1.87817e-25
1.179051096e+00  2.0257540e-12  2.02575e-12  2.02575e-12  2.29216e-25
1.184946352e+00  2.0215087e-12  2.02151e-12  2.02151e-12  2.80216e-25
1.190871084e+00  2.0222989e-12  2.02230e-12  2.02230e-12  3.42007e-25
1.196825439e+00  2.0127861e-12  2.01279e-12  2.01279e-12  4.17435e-25
1.202809566e+00  2.0183610e-12  2.01836e-12  2.01836e-12  5.08128e-25
1.208823614e+00  2.0153555e-12  2.01536e-12  2.01536e-12  6.18433e-25
1.214867732e+00  2.0169788e-12  2.01698e-12  2.01698e-12  7.51507e-25
1.220942071e+00  2.0065217e-12  2.00652e-12  2.00652e-12  9.13448e-25
1.227046781e+00  2.0010467e-12  2.00105e-12  2.00105e-12  1.10852e-24
1.233182015e+00  2.0081712e-12  2.00817e-12  2.00817e-12  1.34199e-24
1.239347925e+00  2.0051801e-12  2.00518e-12  2.00518e-12  1.62473e-24
1.245544665e+00  1.9969203e-12  1.99692e-12  1.99692e-12  1.96616e-24
1.251772388e+00  1.9930137e-12  1.99301e-12  1.99301e-12  2.37573e-24
1.258031250e+00  1.9954980e-12  1.99550e-12  1.99550e-12  2.86564e-24
1.264321406e+00  1.9844310e-12  1.98443e-12  1.98443e-12  3.45828e-24
1.270643013e+00  1.9784550e-12  1.97845e-12  1.97845e-12  4.16688e-24
1.276996228e+00  1.9797931e-12  1.97979e-12  1.97979e-12  5.01147e-24
1.283381209e+00  1.9776714e-12  1.97767e-12  1.97767e-12  6.02352e-24
1.289798116e+00  1.9677143e-12  1.96771e-12  1.96771e-12  7.23915e-24
1.296247106e+00  1.9622335e-12  1.96223e-12  1.96223e-12  8.68706e-24
1.302728342e+00  1.9516718e-12  1.95167e-12  1.95167e-12  1.04203e-23
1.309241983e+00  1.9501355e-12  1.95014e-12  1.95014e-12  1.24742e-23
1.315788193e+00  1.9420435e-12  1.94204e-12  1.94204e-12  1.49295e-23
1.322367134e+00  1.9315903e-12  1.93159e-12  1.93159e-12  1.78557e-23
1.328978970e+00  1.9225914e-12  1.92259e-12  1.92259e-12  2.13311e-23
1.335623865e+00  1.9221560e-12  1.92216e-12  1.92216e-12  2.54331e-23
1.342301984e+00  1.9078482e-12  1.90785e-12  1.90785e-12  3.03439e-23
1.349013494e+00  1.8965704e-12  1.89657e-12  1.89657e-12  3.61558e-23
1.355758561e+00  1.8878733e-12  1.88787e-12  1.88787e-12  4.30270e-23
1.362537354e+00  1.8799739e-12  1.87997e-12  1.87997e-12  5.11510e-23
1.369350041e+00  1.8840556e-12  1.88406e-12  1.88406e-12  6.06652e-23
1.376196791e+00  1.8626459e-12  1.86265e-12  1.86265e-12  7.21006e-23
1.383077775e+00  1.8283846e-12  1.82838e-12  1.82838e-12  8.57448e-23
1.389993164e+00  1.7704857e-12  1.77049e-12  1.77049e-12  1.02167e-22
1.396943130e+00  1.7619547e-12  1.76195e-12  1.76195e-12  1.20908e-22
1.403927846e+00  1.7110774e-12  1.71108e-12  1.71108e-12  1.43686e-22
1.410947485e+00  1.6706580e-12  1.67066e-12  1.67066e-12  1.70389e-22
1.418002222e+00  1.6395706e-12  1.63957e-12  1.63957e-12  2.01649e-22
1.425092233e+00  1.6451861e-12  1.64519e-12  1.64519e-12  2.37380e-22
1.432217694e+00  1.6428612e-12  1.64286e-12  1.64286e-12  2.79458e-22
1.439378783e+00  1.6593548e-12  1.65935e-12  1.65935e-12  3.27945e-22
1.446575677e+00  1.6626895e-12  1.66269e-12  1.66269e-12  3.85112e-22
1.453808555e+00  1.6862784e-12  1.68628e-12  1.68628e-12  4.50707e-22
1.461077598e+00  1.6755078e-12  1.67551e-12  1.67551e-12  5.29251e-22
1.468382986e+00  1.6752744e-12  1.67527e-12  1.67527e-12  6.20123e-22
1.475724901e+00  1.6786079e-12  1.67861e-12  1.67861e-12  7.25632e-22
1.483103525e+00  1.6831612e-12  1.68316e-12  1.68316e-12  8.48215e-22
1.490519043e+00  1.6760580e-12  1.67606e-12  1.67606e-12  9.92110e-22
1.497971638e+00  1.6935798e-12  1.69358e-12  1.69358e-12  1.15577e-21
1.505461496e+00  1.6967881e-12  1.69679e-12  1.69679e-12  1.34771e-21
1.512988804e+00  1.6949927e-12  1.69499e-12  1.69499e-12  1.57119e-21
1.520553748e+00  1.6830311e-12  1.68303e-12  1.68303e-12  1.83260e-21
1.528156517e+00  1.6816030e-12  1.68160e-12  1.68160e-12  2.13278e-21
1.535797299e+00  1.6731575e-12  1.67316e-12  1.67316e-12  2.48232e-21
1.543476286e+00  1.6646119e-12  1.66461e-12  1.66461e-12  2.88679e-21
1.551193667e+00  1.6665074e-12  1.66651e-12  1.66651e-12  3.34973e-21
1.558949636e+00  1.6583547e-12  1.65835e-12  1.65835e-12  3.88890e-21
1.566744384e+00  1.6511911e-12  1.65119e-12  1.65119e-12  4.51055e-21
1.574578106e+00  1.6454538e-12  1.64545e-12  1.64545e-12  5.22630e-21
1.582450996e+00  1.6405829e-12  1.64058e-12  1.64058e-12  6.04999e-21
1.590363251e+00  1.6290584e-12  1.62906e-12  1.62906e-12  7.00421e-21
1.598315067e+00  1.6193401e-12  1.61934e-12  1.61934e-12  8.10044e-21
1.606306643e+00  1.6152053e-12  1.61521e-12  1.61521e-12  9.35358e-21
1.614338176e+00  1.6046882e-12  1.60469e-12  1.60469e-12  1.08015e-20
1.622409867e+00  1.5960299e-12  1.59603e-12  1.59603e-12  1.24606e-20
1.630521916e+00  1.5885058e-12  1.58851e-12  1.58851e-12  1.43609e-20
1.638674526e+00  1.5810592e-12  1.58106e-12  1.58106e-12  1.65379e-20
1.646867898e+00  1.5789466e-12  1.57895e-12  1.57895e-12  1.90157e-20
1.655102238e+00  1.5689678e-12  1.56897e-12  1.56897e-12  2.18721e-20
1.663377749e+00  1.5624184e-12  1.56242e-12  1.56242e-12  2.51260e-20
1.671694638e+00  1.5494908e-12  1.54949e-12  1.54949e-12  2.88683e-20
1.680053111e+00  1.5389771e-12  1.53898e-12  1.53898e-12  3.31314e-20
1.688453377e+00  1.5362937e-12  1.53629e-12  1.53629e-12  3.79521e-20
1.696895643e+00  1.5230387e-12  1.52304e-12  1.52304e-12  4.35084e-20
1.705380122e+00  1.5053604e-12  1.50536e-12  1.50536e-12  4.98736e-20
1.713907022e+00  1.4905967e-12  1.49060e-12  1.49060e-12  5.71035e-20
1.722476557e+00  1.4846119e-12  1.48461e-12  1.48461e-12  6.52485e-20
1.731088940e+00  1.4837521e-12  1.48375e-12  1.48375e-12  7.44427e-20
1.739744385e+00  1.4790027e-12  1.47900e-12  1.47900e-12  8.49188e-20
1.748443107e+00  1.4695401e-12  1.46954e-12  1.46954e-12  9.68670e-20
1.757185322e+00  1.4535975e-12  1.45360e-12  1.45360e-12  1.10525e-19
1.765971249e+00  1.4484470e-12  1.44845e-12  1.44845e-12  1.25811e-19
1.774801105e+00  1.4202546e-12  1.42025e-12  1.42025e-12  1.43616e-19
1.783675111e+00  1.4171594e-12  1.41716e-12  1.41716e-12  1.63194e-19
1.792593486e+00  1.4145675e-12  1.41457e-12  1.41457e-12  1.85294e-19
1.801556454e+00  1.3867237e-12  1.38672e-12  1.38672e-12  2.11065e-19
1.810564236e+00  1.3723837e-12  1.37238e-12  1.37238e-12  2.39750e-19
1.819617057e+00  1.3634510e-12  1.36345e-12  1.36345e-12  2.71914e-19
1.828715142e+00  1.3533926e-12  1.35339e-12  1.35339e-12  3.08234e-19
1.837858718e+00  1.3487085e-12  1.34871e-12  1.34871e-12  3.48865e-19
1.847048012e+00  1.3355890e-12  1.33559e-12  1.33559e-12  3.95110e-19
1.856283252e+00  1.3122994e-12  1.31230e-12  1.31230e-12  4.47915e-19
1.865564668e+00  1.2925769e-12  1.29258e-12  1.29258e-12  5.07149e-19
1.874892491e+00  1.2469541e-12  1.24695e-12  1.24695e-12  5.76246e-19
1.884266954e+00  1.1762657e-12  1.17627e-12  1.17627e-12  6.56982e-19
1.893688289e+00  1.0663285e-12  1.06633e-12  1.06633e-12  7.53239e-19
1.903156730e+00  9.4966883e-13  9.49669e-13  9.49668e-13  8.63869e-19
1.912672514e+00  9.0696154e-13  9.06962e-13  9.06961e-13  9.78617e-19
1.922235876e+00  9.1622522e-13  9.16225e-13  9.16224e-13  1.09886e-18
1.931847056e+00  9.4140809e-13  9.41408e-13  9.41407e-13  1.22988e-18
1.941506291e+00  9.5880773e-13  9.58808e-13  9.58806e-13  1.37724e-18
1.951213822e+00  9.7820903e-13  9.78209e-13  9.78207e-13  1.54065e-18
1.960969892e+00  9.8518933e-13  9.85189e-13  9.85188e-13  1.72574e-18
1.970774741e+00  9.8908261e-13  9.89083e-13  9.89081e-13  1.93275e-18
1.980628615e+00  1.0050552e-12  1.00506e-12  1.00505e-12  2.15878e-18
1.990531758e+00  1.0172414e-12  1.01724e-12  1.01724e-12  2.41109e-18
2.000484417e+00  1.0208940e-12  1.02089e-12  1.02089e-12  2.69498e-18
2.010486839e+00  1.0307278e-12  1.03073e-12  1.03072e-12  3.00710e-18
2.020539273e+00  1.0350114e-12  1.03501e-12  1.03501e-12  3.35636e-18
2.030641969e+00  1.0355345e-12  1.03553e-12  1.03553e-12  3.74619e-18
2.040795179e+00  1.0385368e-12  1.03854e-12  1.03853e-12  4.17680e-18
2.050999155e+00  1.0443706e-12  1.04437e-12  1.04437e-12  4.65155e-18
2.061254151e+00  1.0400018e-12  1.04000e-12  1.04000e-12  5.18638e-18
2.071560421e+00  1.0316112e-12  1.03161e-12  1.03161e-12  5.78331e-18
2.081918224e+00  1.0347056e-12  1.03471e-12  1.03470e-12  6.43162e-18
2.092327815e+00  1.0245751e-12  1.02458e-12  1.02457e-12  7.16538e-18
2.102789454e+00  1.0251610e-12  1.02516e-12  1.02515e-12  7.96238e-18
2.113303401e+00  1.0058609e-12  1.00586e-12  1.00585e-12  8.87518e-18
2.123869918e+00  1.0103212e-12  1.01032e-12  1.01031e-12  9.84332e-18
2.134489268e+00  1.0346647e-12  1.03466e-12  1.03465e-12  1.08694e-17
2.145161714e+00  9.9812976e-13  9.98130e-13  9.98118e-13  1.21337e-17
2.155887523e+00  9.8037613e-13  9.80376e-13  9.80363e-13  1.34895e-17
2.166666960e+00  9.7775181e-13  9.77752e-13  9.77737e-13  1.49451e-17
2.177500295e+00  9.6548152e-13  9.65482e-13  9.65465e-13  1.65787e-17
2.188387796e+00  9.5594590e-13  9.55946e-13  9.55928e-13  1.83707e-17
2.199329735e+00  9.2055238e-13  9.20552e-13  9.20532e-13  2.04472e-17
2.210326384e+00  9.0400502e-13  9.04005e-13  9.03982e-13  2.26632e-17
2.221378016e+00  9.0371292e-13  9.03713e-13  9.03688e-13  2.50259e-17
2.232484906e+00  8.9585218e-13  8.95852e-13  8.95825e-13  2.76600e-17
2.243647331e+00  8.7844085e-13  8.78441e-13  8.78410e-13  3.06122e-17
2.254865567e+00  8.6779802e-13  8.67798e-13  8.67764e-13  3.38156e-17
2.266139895e+00  8.3222183e-13  8.32222e-13  8.32184e-13  3.75204e-17
2.277470595e+00  8.4538114e-13  8.45381e-13  8.45340e-13  4.12050e-17
2.288857948e+00  8.1044028e-13  8.10440e-13  8.10395e-13  4.56664e-17
2.300302237e+00  7.8113170e-13  7.81132e-13  7.81081e-13  5.05278e-17
2.311803748e+00  7.6866928e-13  7.68669e-13  7.68614e-13  5.56877e-17
2.323362767e+00  7.7887392e-13  7.78874e-13  7.78813e-13  6.10580e-17
2.334979581e+00  7.8002312e-13  7.80023e-13  7.79956e-13  6.70319e-17
2.346654479e+00  7.6689357e-13  7.66894e-13  7.66820e-13  7.37681e-17
2.358387751e+00  7.5035162e-13  7.50352e-13  7.50270e-13  8.11971e-17
2.370179690e+00  7.3519780e-13  7.35198e-13  7.35109e-13  8.93028e-17
2.382030589e+00  7.3003273e-13  7.30033e-13  7.29935e-13  9.79609e-17
2.393940742e+00  7.0846338e-13  7.08463e-13  7.08356e-13  1.07777e-16
2.405910445e+00  6.9366160e-13  6.93662e-13  6.93543e-13  1.18347e-16
2.417939997e+00  6.9078399e-13  6.90784e-13  6.90654e-13  1.29558e-16
2.430029697e+00  6.6602549e-13  6.66025e-13  6.65883e-13  1.42426e-16
2.442179846e+00  6.4388865e-13  6.43889e-13  6.43732e-13  1.56410e-16
2.454390745e+00  6.3348600e-13  6.33486e-13  6.33315e-13  1.71247e-16
2.466662699e+00  6.2303245e-13  6.23032e-13  6.22845e-13  1.87402e-16
2.478996012e+00  6.1051742e-13  6.10517e-13  6.10312e-13  2.05071e-16
2.491390992e+00  5.9808813e-13  5.98088e-13  5.97864e-13  2.24293e-16
2.503847947e+00  5.8564323e-13  5.85643e-13  5.85398e-13  2.45199e-16
2.516367187e+00  5.7323586e-13  5.73236e-13  5.72968e-13  2.67922e-16
2.528949023e+00  5.6177083e-13  5.61771e-13  5.61478e-13  2.92549e-16
2.541593768e+00  5.6054772e-13  5.60548e-13  5.60229e-13  3.18550e-16
2.554301737e+00  5.5930719e-13  5.59307e-13  5.58961e-13  3.46688e-16
2.567073246e+00  5.6025998e-13  5.60260e-13  5.59883e-13  3.76931e-16
2.579908612e+00  5.6292022e-13  5.62920e-13  5.62511e-13  4.09442e-16
2.592808155e+00  5.6415228e-13  5.64152e-13  5.63708e-13  4.44678e-16
2.605772196e+00  5.4519221e-13  5.45192e-13  5.44707e-13  4.84999e-16
2.618801057e+00  5.2637584e-13  5.26376e-13  5.25847e-13  5.28725e-16
2.631895062e+00  5.0585622e-13  5.05856e-13  5.05280e-13  5.76369e-16
2.645054537e+00  4.8423861e-13  4.84239e-13  4.83610e-13  6.28195e-16
2.658279810e+00  4.5828282e-13  4.58283e-13  4.57598e-13  6.85092e-16
2.671571209e+00  4.1056732e-13  4.10567e-13  4.09817e-13  7.50691e-16
2.684929065e+00  3.5312291e-13  3.53123e-13  3.52299e-13  8.24105e-16
2.698353710e+00  3.5062300e-13  3.50623e-13  3.49730e-13  8.92665e-16
2.711845479e+00  3.4814190e-13  3.48142e-13  3.47175e-13  9.66473e-16
2.725404706e+00  3.4567996e-13  3.45680e-13  3.44634e-13  1.04589e-15
2.739031730e+00  3.4323758e-13  3.43238e-13  3.42106e-13  1.13131e-15
2.752726889e+00  3.4081518e-13  3.40815e-13  3.39592e-13  1.22313e-15
2.766490523e+00  3.3841319e-13  3.38413e-13  3.37091e-13  1.32180e-15
2.780322976e+00  3.3603208e-13  3.36032e-13  3.34604e-13  1.42776e-15
2.794224591e+00  3.3367233e-13  3.33672e-13  3.32131e-13  1.54152e-15
2.808195713e+00  3.3133445e-13  3.31334e-13  3.29671e-13  1.66358e-15
2.822236692e+00  3.2901900e-13  3.29019e-13  3.27225e-13  1.79449e-15
2.836347875e+00  3.2672654e-13  3.26727e-13  3.24792e-13  1.93482e-15
2.850529615e+00  3.2445769e-13  3.24458e-13  3.22372e-13  2.08520e-15
2.864782263e+00  3.2221307e-13  3.22213e-13  3.19967e-13  2.24626e-15
2.879106174e+00  3.1999337e-13  3.19993e-13  3.17575e-13  2.41869e-15
2.893501705e+00  3.1779929e-13  3.17799e-13  3.15196e-13  2.60320e-15
2.907969214e+00  3.1563159e-13  3.15632e-13  3.12831e-13  2.80055e-15
2.922509060e+00  3.1349104e-13  3.13491e-13  3.10479e-13  3.01154e-15
2.937121605e+00  3.1137848e-13  3.11378e-13  3.08141e-13  3.23702e-15
2.951807213e+00  3.0929479e-13  3.09295e-13  3.05817e-13  3.47787e-15
2.966566249e+00  3.0724088e-13  3.07241e-13  3.03506e-13  3.73503e-15
2.981399080e+00  3.0521773e-13  3.05218e-13  3.01208e-13  4.00948e-15
2.996306076e+00  3.0322635e-13  3.03226e-13  2.98924e-13  4.30227e-15
3.011287606e+00  3.0126781e-13  3.01268e-13  2.96653e-13  4.61446e-15
3.026344044e+00  2.9934324e-13  2.99343e-13  2.94396e-13  4.94723e-15
3.041475764e+00  2.9745381e-13  2.97454e-13  2.92152e-13  5.30175e-15
3.056683143e+00  2.9560078e-13  2.95601e-13  2.89921e-13  5.67931e-15
3.071966559e+00  2.9378544e-13  2.93785e-13  2.87704e-13  6.08121e-15
3.087326392e+00  2.9200917e-13  2.92009e-13  2.85500e-13  6.50886e-15
3.102763024e+00  2.9027338e-13  2.90273e-13  2.83310e-13  6.96371e-15
3.118276839e+00  2.8857959e-13  2.88580e-13  2.81132e-13  7.44728e-15
3.133868223e+00  2.8692937e-13  2.86929e-13  2.78968e-13  7.96119e-15
3.149537564e+00  2.8532437e-13  2.85324e-13  2.76817e-13  8.50710e-15
3.165285252e+00  2.8376631e-13  2.83766e-13  2.74680e-13  9.08676e-15
3.181111678e+00  2.8225700e-13  2.82257e-13  2.72555e-13  9.70202e-15
3.197017237e+00  2.8079832e-13  2.80798e-13  2.70444e-13  1.03548e-14
3.213002323e+00  2.7939227e-13  2.79392e-13  2.68345e-13  1.10471e-14
3.229067334e+00  2.7804089e-13  2.78041e-13  2.66260e-13  1.17810e-14
3.245212671e+00  2.7674634e-13  2.76746e-13  2.64188e-13  1.25587e-14
3.261438734e+00  2.7551088e-13  2.75511e-13  2.62128e-13  1.33825e-14
3.277745928e+00  2.7433685e-13  2.74337e-13  2.60082e-13  1.42547e-14
3.294134658e+00  2.7322670e-13  2.73227e-13  2.58049e-13  1.51779e-14
3.310605331e+00  2.7218299e-13  2.72183e-13  2.56028e-13  1.61547e-14
3.327158358e+00  2.7120839e-13  2.71208e-13  2.54021e-13  1.71877e-14
3.343794149e+00  2.7030566e-13  2.70306e-13  2.52026e-13  1.82798e-14
3.360513120e+00  2.6947770e-13  2.69478e-13  2.50044e-13  1.94338e-14
3.377315686e+00  2.6872752e-13  2.68728e-13  2.48075e-13  2.06529e-14
3.394202264e+00  2.6805823e-13  2.68058e-13  2.46118e-13  2.19401e-14
3.411173276e+00  2.6747310e-13  2.67473e-13  2.44174e-13  2.32989e-14
3.428229142e+00  2.6697551e-13  2.66976e-13  2.42243e-13  2.47325e-14
3.445370288e+00  2.6656898e-13  2.66569e-13  2.40324e-13  2.62447e-14
3.462597139e+00  2.6625714e-13  2.66257e-13  2.38418e-13  2.78389e-14
3.479910125e+00  2.6604380e-13  2.66044e-13  2.36525e-13  2.95192e-14
3.497309675e+00  2.6593288e-13  2.65933e-13  2.34643e-13  3.12894e-14
3.514796224e+00  2.6592846e-13  2.65928e-13  2.32775e-13  3.31538e-14
3.532370205e+00  2.6603477e-13  2.66035e-13  2.30918e-13  3.51164e-14
3.550032056e+00  2.6625619e-13  2.66256e-13  2.29074e-13  3.71819e-14
3.567782216e+00  2.6659726e-13  2.66597e-13  2.27243e-13  3.93547e-14
3.585621127e+00  2.6706267e-13  2.67063e-13  2.25423e-13  4.16396e-14
3.603549233e+00  2.6765730e-13  2.67657e-13  2.23616e-13  4.40415e-14
3.621566979e+00  2.6838617e-13  2.68386e-13  2.21821e-13  4.65655e-14
3.639674814e+00  2.6925448e-13  2.69254e-13  2.20038e-13  4.92169e-14
3.657873188e+00  2.7026761e-13  2.70268e-13  2.18267e-13  5.20010e-14
3.676162554e+00  2.7143112e-13  2.71431e-13  2.16508e-13  5.49235e-14
3.694543367e+00  2.7275074e-13  2.72751e-13  2.14761e-13  5.79901e-14
3.713016084e+00  2.7423240e-13  2.74232e-13  2.13026e-13  6.12069e-14
3.731581164e+00  2.7588220e-13  2.75882e-13  2.11302e-13  6.45799e-14
3.750239070e+00  2.7770646e-13  2.77706e-13  2.09591e-13  6.81156e-14
3.768990265e+00  2.7971166e-13  2.79712e-13  2.07891e-13  7.18204e-14
3.787835216e+00  2.8190450e-13  2.81904e-13  2.06203e-13  7.57012e-14
3.806774393e+00  2.8429188e-13  2.84292e-13  2.04527e-13  7.97648e-14
3.825808265e+00  2.8688090e-13  2.86881e-13  2.02862e-13  8.40184e-14
3.844937306e+00  2.8967888e-13  2.89679e-13  2.01209e-13  8.84695e-14
3.864161992e+00  2.9269332e-13  2.92693e-13  1.99568e-13  9.31254e-14
3.883482802e+00  2.9593196e-13  2.95932e-13  1.97938e-13  9.79941e-14
3.902900216e+00  2.9940274e-13  2.99403e-13  1.96319e-13  1.03084e-13
3.922414717e+00  3.0311384e-13  3.03114e-13  1.94712e-13  1.08402e-13
3.942026791e+00  3.0707363e-13  3.07074e-13  1.93116e-13  1.13958e-13
3.961736925e+00  3.1129073e-13  3.11291e-13  1.91531e-13  1.19760e-13
3.981545610e+00  3.1577397e-13  3.15774e-13  1.89958e-13  1.25816e-13
4.001453338e+00  3.2053240e-13  3.20532e-13  1.88395e-13  1.32137e-13
4.021460604e+00  3.2557532e-13  3.25575e-13  1.86844e-13  1.38731e-13
4.041567907e+00  3.3091225e-13  3.30912e-13  1.85304e-13  1.45608e-13
4.061775747e+00  3.3655292e-13  3.36553e-13  1.83775e-13  1.52778e-13
4.082084626e+00  3.4250734e-13  3.42507e-13  1.82257e-13  1.60251e-13
4.102495049e+00  3.4878572e-13  3.48786e-13  1.80749e-13  1.68036e-13
4.123007524e+00  3.5539851e-13  3.55399e-13  1.79253e-13  1.76146e-13
4.143622562e+00  3.6235640e-13  3.62356e-13  1.77767e-13  1.84589e-13
4.164340674e+00  3.6967033e-13  3.69670e-13  1.76292e-13  1.93378e-13
4.185162378e+00  3.7735146e-13  3.77351e-13  1.74828e-13  2.02524e-13
4.206088190e+00  3.8541119e-13  3.85411e-13  1.73374e-13  2.12037e-13
4.227118631e+00  3.9386116e-13  3.93861e-13  1.71931e-13  2.21930e-13
4.248254224e+00  4.0271326e-13  4.02713e-13  1.70499e-13  2.32215e-13
4.269495495e+00  4.1197961e-13  4.11980e-13  1.69077e-13  2.42903e-13
4.290842972e+00  4.2167255e-13  4.21673e-13  1.67665e-13  2.54008e-13
4.312297187e+00  4.3180469e-13  4.31805e-13  1.66264e-13  2.65541e-13
4.333858673e+00  4.4238884e-13  4.42389e-13  1.64873e-13  2.77516e-13
4.355527967e+00  4.5343807e-13  4.53438e-13  1.63492e-13  2.89946e-13
4.377305606e+00  4.6496566e-13  4.64966e-13  1.62121e-13  3.02844e-13
4.399192134e+00  4.7698515e-13  4.76985e-13  1.60761e-13  3.16224e-13
4.421188095e+00  4.8951028e-13  4.89510e-13  1.59410e-13  3.30100e-13
4.443294036e+00  5.0255503e-13  5.02555e-13  1.58070e-13  3.44485e-13
4.465510506e+00  5.1613360e-13  5.16134e-13  1.56740e-13  3.59394e-13
4.487838058e+00  5.3026042e-13  5.30260e-13  1.55419e-13  3.74841e-13
4.510277249e+00  5.4495011e-13  5.44950e-13  1.54109e-13  3.90841e-13
4.532828635e+00  5.6021755e-13  5.60218e-13  1.52808e-13  4.07410e-13
4.555492778e+00  5.7607778e-13  5.76078e-13  1.51517e-13  4.24561e-13
4.578270242e+00  5.9254609e-13  5.92546e-13  1.50236e-13  4.42310e-13
4.601161593e+00  6.0963794e-13  6.09638e-13  1.48964e-13  4.60674e-13
4.624167401e+00  6.2736900e-13  6.27369e-13  1.47702e-13  4.79667e-13
4.647288238e+00  6.4575514e-13  6.45755e-13  1.46450e-13  4.99306e-13
4.670524679e+00  6.6481241e-13  6.64812e-13  1.45206e-13  5.19606e-13
4.693877303e+00  6.8455704e-13  6.84557e-13  1.43973e-13  5.40584e-13
4.717346689e+00  7.0500545e-13  7.05005e-13  1.42749e-13  5.62257e-13
4.740933423e+00  7.2617421e-13  7.26174e-13  1.41534e-13  5.84640e-13
4.764638090e+00  7.4808007e-13  7.48080e-13  1.40328e-13  6.07752e-13
4.788461280e+00  7.7073994e-13  7.70740e-13  1.39132e-13  6.31608e-13
4.812403587e+00  7.9417088e-13  7.94171e-13  1.37944e-13  6.56227e-13
4.836465604e+00  8.1839007e-13  8.18390e-13  1.36766e-13  6.81624e-13
4.860647933e+00  8.4341486e-13  8.43415e-13  1.35597e-13  7.07818e-13
4.884951172e+00  8.6926271e-13  8.69263e-13  1.34437e-13  7.34826e-13
4.909375928e+00  8.9595121e-13  8.95951e-13  1.33286e-13  7.62666e-13
4.933922808e+00  9.2349806e-13  9.23498e-13  1.32143e-13  7.91355e-13
4.958592422e+00  9.5192105e-13  9.51921e-13  1.31010e-13  8.20911e-13
4.983385384e+00  9.8123809e-13  9.81238e-13  1.29885e-13  8.51353e-13
5.008302311e+00  1.0114672e-12  1.01147e-12  1.28769e-13  8.82698e-13
5.033343822e+00  1.0426263e-12  1.04263e-12  1.27662e-13  9.14964e-13
5.058510541e+00  1.0747337e-12  1.07473e-12  1.26563e-13  9.48171e-13
5.083803094e+00  1.1078075e-12  1.10781e-12  1.25473e-13  9.82334e-13
5.109222110e+00  1.1418659e-12  1.14187e-12  1.24391e-13  1.01747e-12
5.134768220e+00  1.1769272e-12  1.17693e-12  1.23318e-13  1.05361e-12
5.160442061e+00  1.2130097e-12  1.21301e-12  1.22253e-13  1.09076e-12
5.186244272e+00  1.2501317e-12  1.25013e-12  1.21197e-13  1.12893e-12
5.212175493e+00  1.2883116e-12  1.28831e-12  1.20149e-13  1.16816e-12
5.238236370e+00  1.3275675e-12  1.32757e-12  1.19109e-13  1.20846e-12
5.264427552e+00  1.3679179e-12  1.36792e-12  1.18077e-13  1.24984e-12
5.290749690e+00  1.4093810e-12  1.40938e-12  1.17054e-13  1.29233e-12
5.317203438e+00  1.4519749e-12  1.45197e-12  1.16038e-13  1.33594e-12
5.343789456e+00  1.4957179e-12  1.49572e-12  1.15031e-13  1.38069e-12
5.370508403e+00  1.5406280e-12  1.54063e-12  1.14031e-13  1.42660e-12
5.397360945e+00  1.5867233e-12  1.58672e-12  1.13040e-13  1.47368e-12
5.424347750e+00  1.6340216e-12  1.63402e-12  1.12056e-13  1.52197e-12
5.451469488e+00  1.6825409e-12  1.68254e-12  1.11080e-13  1.57146e-12
5.478726836e+00  1.7322987e-12  1.73230e-12  1.10112e-13  1.62219e-12
5.506120470e+00  1.7833128e-12  1.78331e-12  1.09152e-13  1.67416e-12
5.533651072e+00  1.8356003e-12  1.83560e-12  1.08199e-13  1.72740e-12
5.561319328e+00  1.8891788e-12  1.88918e-12  1.07254e-13  1.78192e-12
5.589125924e+00  1.9440652e-12  1.94407e-12  1.06317e-13  1.83775e-12
5.617071554e+00  2.0002765e-12  2.00028e-12  1.05387e-13  1.89489e-12
5.645156912e+00  2.0578293e-12  2.05783e-12  1.04465e-13  1.95336e-12
5.673382696e+00  2.1167403e-12  2.11674e-12  1.03550e-13  2.01319e-12
5.701749610e+00  2.1770256e-12  2.17703e-12  1.02642e-13  2.07438e-12
5.730258358e+00  2.2387013e-12  2.23870e-12  1.01742e-13  2.13696e-12
5.758909650e+00  2.3017832e-12  2.30178e-12  1.00849e-13  2.20093e-12
5.787704198e+00  2.3662868e-12  2.36629e-12  9.99629e-14  2.26632e-12
5.816642719e+00  2.4322274e-12  2.43223e-12  9.90843e-14  2.33314e-12
5.845725932e+00  2.4996199e-12  2.49962e-12  9.82128e-14  2.40141e-12
5.874954562e+00  2.5684789e-12  2.56848e-12  9.73483e-14  2.47113e-12
5.904329335e+00  2.6388188e-12  2.63882e-12  9.64909e-14  2.54233e-12
5.933850982e+00  2.7106536e-12  2.71065e-12  9.56405e-14  2.61501e-12
5.963520237e+00  2.7839969e-12  2.78400e-12  9.47970e-14  2.68920e-12
5.993337838e+00  2.8588619e-12  2.85886e-12  9.39604e-14  2.76490e-12
6.023304527e+00  2.9352617e-12  2.93526e-12  9.31306e-14  2.84213e-12
6.053421050e+00  3.0132086e-12  3.01321e-12  9.23076e-14  2.92090e-12
6.083688155e+00  3.0927149e-12  3.09271e-12  9.14914e-14  3.00122e-12
6.114106596e+00  3.1737922e-12  3.17379e-12  9.06818e-14  3.08311e-12
6.144677129e+00  3.2564517e-12  3.25645e-12  8.98789e-14  3.16657e-12
6.175400514e+00  3.3407044e-12  3.34070e-12  8.90826e-14  3.25162e-12
6.206277517e+00  3.4265605e-12  3.42656e-12  8.82928e-14  3.33827e-12
6.237308904e+00  3.5140301e-12  3.51403e-12  8.75096e-14  3.42652e-12
6.268495449e+00  3.6031225e-12  3.60312e-12  8.67328e-14  3.51639e-12
6.299837926e+00  3.6938468e-12  3.69385e-12  8.59624e-14  3.60788e-12
6.331337116e+00  3.7862112e-12  3.78621e-12  8.51984e-14  3.70101e-12
6.362993801e+00  3.8802239e-12  3.88022e-12  8.44407e-14  3.79578e-12
6.394808770e+00  3.9758922e-12  3.97589e-12  8.36893e-14  3.89220e-12
6.426782814e+00  4.0732229e-12  4.07322e-12  8.29442e-14  3.99028e-12
6.458916728e+00  4.1722225e-12  4.17222e-12  8.22052e-14  4.09002e-12
6.491211312e+00  4.2728966e-12  4.27290e-12  8.14723e-14  4.19142e-12
6.523667368e+00  4.3752506e-12  4.37525e-12  8.07456e-14  4.29451e-12
6.556285705e+00  4.4792890e-12  4.47929e-12  8.00249e-14  4.39926e-12
6.589067134e+00  4.5850159e-12  4.58502e-12  7.93102e-14  4.50571e-12
6.622012469e+00  4.6924348e-12  4.69243e-12  7.86015e-14  4.61383e-12
6.655122532e+00  4.8015485e-12  4.80155e-12  7.78987e-14  4.72365e-12
6.688398144e+00  4.9123592e-12  4.91236e-12  7.72018e-14  4.83516e-12
6.721840135e+00  5.0248686e-12  5.02487e-12  7.65108e-14  4.94836e-12
6.755449336e+00  5.1390776e-12  5.13908e-12  7.58255e-14  5.06325e-12
6.789226583e+00  5.2549867e-12  5.25499e-12  7.51460e-14  5.17984e-12
6.823172715e+00  5.3725955e-12  5.37260e-12  7.44721e-14  5.29812e-12
6.857288579e+00  5.4919032e-12  5.49190e-12  7.38040e-14  5.41810e-12
6.891575022e+00  5.6129080e-12  5.61291e-12  7.31415e-14  5.53977e-12
6.926032897e+00  5.7356079e-12  5.73561e-12  7.24845e-14  5.66312e-12
6.960663062e+00  5.8599997e-12  5.86000e-12  7.18331e-14  5.78817e-12
6.995466377e+00  5.9860801e-12  5.98608e-12  7.11872e-14  5.91489e-12
7.030443709e+00  6.1138446e-12  6.11384e-12  7.05468e-14  6.04330e-12
7.065595927e+00  6.2432885e-12  6.24329e-12  6.99118e-14  6.17338e-12
7.100923907e+00  6.3744059e-12  6.37441e-12  6.92821e-14  6.30512e-12
7.136428526e+00  6.5071906e-12  6.50719e-12  6.86578e-14  6.43853e-12
7.172110669e+00  6.6416357e-12  6.64164e-12  6.80388e-14  6.57360e-12
7.207971222e+00  6.7777333e-12  6.77773e-12  6.74250e-14  6.71031e-12
7.244011079e+00  6.9154751e-12  6.91548e-12  6.68165e-14  6.84866e-12
7.280231134e+00  7.0548521e-12  7.05485e-12  6.62131e-14  6.98864e-12
7.316632290e+00  7.1958543e-12  7.19585e-12  6.56149e-14  7.13024e-12
7.353215451e+00  7.3384714e-12  7.33847e-12  6.50217e-14  7.27345e-12
7.389981528e+00  7.4826921e-12  7.48269e-12  6.44337e-14  7.41826e-12
7.426931436e+00  7.6285045e-12  7.62850e-12  6.38506e-14  7.56465e-12
7.464066093e+00  7.7758961e-12  7.77590e-12  6.32726e-14  7.71262e-12
7.501386424e+00  7.9248535e-12  7.92485e-12  6.26994e-14  7.86215e-12
7.538893356e+00  8.0753629e-12  8.07536e-12  6.21312e-14  8.01323e-12
7.576587822e+00  8.2274095e-12  8.22741e-12  6.15679e-14  8.16584e-12
7.614470762e+00  8.3809779e-12  8.38098e-12  6.10094e-14  8.31997e-12
7.652543115e+00  8.5360521e-12  8.53605e-12  6.04556e-14  8.47560e-12
7.690805831e+00  8.6926154e-12  8.69262e-12  5.99067e-14  8.63271e-12
7.729259860e+00  8.8506504e-12  8.85065e-12  5.93624e-14  8.79129e-12
7.767906159e+00  9.0101390e-12  9.01014e-12  5.88229e-14  8.95132e-12
7.806745690e+00  9.1710624e-12  9.17106e-12  5.82880e-14  9.11277e-12
7.845779419e+00  9.3334012e-12  9.33340e-12  5.77577e-14  9.27564e-12
7.885008316e+00  9.4971353e-12  9.49714e-12  5.72319e-14  9.43990e-12
7.924433357e+00  9.6622440e-12  9.66224e-12  5.67107e-14  9.60553e-12
7.964055524e+00  9.8287059e-12  9.82871e-12  5.61941e-14  9.77251e-12
8.003875802e+00  9.9964990e-12  9.99650e-12  5.56818e-14  9.94082e-12
8.043895181e+00  1.0165601e-11  1.01656e-11  5.51741e-14  1.01104e-11
8.084114657e+00  1.0335988e-11  1.03360e-11  5.46707e-14  1.02813e-11
8.124535230e+00  1.0507636e-11  1.05076e-11  5.41716e-14  1.04535e-11
8.165157906e+00  1.0680521e-11  1.06805e-11  5.36770e-14  1.06268e-11
8.205983696e+00  1.0854618e-11  1.08546e-11  5.31866e-14  1.08014e-11
8.247013614e+00  1.1029901e-11  1.10299e-11  5.27004e-14  1.09772e-11
8.288248682e+00  1.1206343e-11  1.12063e-11  5.22185e-14  1.11541e-11
8.329689926e+00  1.1383919e-11  1.13839e-11  5.17408e-14  1.13322e-11
8.371338375e+00  1.1562601e-11  1.15626e-11  5.12672e-14  1.15113e-11
8.413195067e+00  1.1742360e-11  1.17424e-11  5.07978e-14  1.16916e-11
8.455261042e+00  1.1923168e-11  1.19232e-11  5.03325e-14  1.18728e-11
8.497537348e+00  1.2104996e-11  1.21050e-11  4.98712e-14  1.20551e-11
8.540025034e+00  1.2287815e-11  1.22878e-11  4.94140e-14  1.22384e-11
8.582725160e+00  1.2471595e-11  1.24716e-11  4.89607e-14  1.24226e-11
8.625638785e+00  1.2656305e-11  1.26563e-11  4.85115e-14  1.26078e-11
8.668766979e+00  1.2841914e-11  1.28419e-11  4.80661e-14  1.27938e-11
8.712110814e+00  1.3028391e-11  1.30284e-11  4.76247e-14  1.29808e-11
8.755671368e+00  1.3215704e-11  1.32157e-11  4.71871e-14  1.31685e-11
8.799449725e+00  1.3403820e-11  1.34038e-11  4.67534e-14  1.33571e-11
8.843446974e+00  1.3592707e-11  1.35927e-11  4.63235e-14  1.35464e-11
8.887664209e+00  1.3782332e-11  1.37823e-11  4.58973e-14  1.37364e-11
8.932102530e+00  1.3972662e-11  1.39727e-11  4.54749e-14  1.39272e-11
8.976763042e+00  1.4163661e-11  1.41637e-11  4.50562e-14  1.41186e-11
9.021646857e+00  1.4355297e-11  1.43553e-11  4.46412e-14  1.43107e-11
9.066755092e+00  1.4547533e-11  1.45475e-11  4.42299e-14  1.45033e-11
9.112088867e+00  1.4740337e-11  1.47403e-11  4.38222e-14  1.46965e-11
9.157649312e+00  1.4933671e-11  1.49337e-11  4.34181e-14  1.48903e-11
9.203437558e+00  1.5127501e-11  1.51275e-11  4.30175e-14  1.50845e-11
9.249454746e+00  1.5321791e-11  1.53218e-11  4.26205e-14  1.52792e-11
9.295702020e+00  1.5516505e-11  1.55165e-11  4.22270e-14  1.54743e-11
9.342180530e+00  1.5711606e-11  1.57116e-11  4.18370e-14  1.56698e-11
9.388891432e+00  1.5907058e-11  1.59071e-11  4.14505e-14  1.58656e-11
9.435835890e+00  1.6102823e-11  1.61028e-11  4.10673e-14  1.60618e-11
9.483015069e+00  1.6298865e-11  1.62989e-11  4.06876e-14  1.62582e-11
9.530430144e+00  1.6495147e-11  1.64951e-11  4.03112e-14  1.64548e-11
9.578082295e+00  1.6691631e-11  1.66916e-11  3.99382e-14  1.66517e-11
9.625972707e+00  1.6888280e-11  1.68883e-11  3.95684e-14  1.68487e-11
9.674102570e+00  1.7085056e-11  1.70851e-11  3.92020e-14  1.70459e-11
9.722473083e+00  1.7281921e-11  1.72819e-11  3.88388e-14  1.72431e-11
9.771085448e+00  1.7478837e-11  1.74788e-11  3.84789e-14  1.74404e-11
9.819940876e+00  1.7675767e-11  1.76758e-11  3.81221e-14  1.76376e-11
9.869040580e+00  1.7872671e-11  1.78727e-11  3.77686e-14  1.78349e-11
9.918385783e+00  1.8069513e-11  1.80695e-11  3.74182e-14  1.80321e-11
9.967977712e+00  1.8266254e-11  1.82663e-11  3.70709e-14  1.82292e-11
1.001781760e+01  1.8462855e-11  1.84629e-11  3.67267e-14  1.84261e-11
1.006790669e+01  1.8659279e-11  1.86593e-11  3.63856e-14  1.86229e-11
1.011824622e+01  1.8855486e-11  1.88555e-11  3.60475e-14  1.88194e-11
1.016883745e+01  1.9051440e-11  1.90514e-11  3.57125e-14  1.90157e-11
1.021968164e+01  1.9247102e-11  1.92471e-11  3.53804e-14  1.92117e-11
1.027078005e+01  1.9442434e-11  1.94424e-11  3.50514e-14  1.94074e-11
1.032213395e+01  1.9637398e-11  1.96374e-11  3.47253e-14  1.96027e-11
1.037374462e+01  1.9831955e-11  1.98320e-11  3.44021e-14  1.97976e-11
1.042561334e+01  2.0026069e-11  2.00261e-11  3.40817e-14  1.99920e-11
1.047774141e+01  2.0219701e-11  2.02197e-11  3.37643e-14  2.01859e-11
1.053013012e+01  2.0412814e-11  2.04128e-11  3.34497e-14  2.03794e-11
1.058278077e+01  2.0605370e-11  2.06054e-11  3.31380e-14  2.05722e-11
1.063569467e+01  2.0797333e-11  2.07973e-11  3.28290e-14  2.07645e-11
1.068887314e+01  2.0988664e-11  2.09887e-11  3.25229e-14  2.09561e-11
1.074231751e+01  2.1179328e-11  2.11793e-11  3.22194e-14  2.11471e-11
1.079602910e+01  2.1369288e-11  2.13693e-11  3.19188e-14  2.13374e-11
1.085000924e+01  2.1558507e-11  2.15585e-11  3.16208e-14  2.15269e-11
1.090425929e+01  2.1746949e-11  2.17469e-11  3.13255e-14  2.17156e-11
1.095878058e+01  2.1934577e-11  2.19346e-11  3.10329e-14  2.19035e-11
1.101357449e+01  2.2121357e-11  2.21214e-11  3.07429e-14  2.20906e-11
1.106864236e+01  2.2307253e-11  2.23073e-11  3.04555e-14  2.22768e-11
1.112398557e+01  2.2492230e-11  2.24922e-11  3.01707e-14  2.24621e-11
1.117960550e+01  2.2676253e-11  2.26763e-11  2.98885e-14  2.26464e-11
1.123550353e+01  2.2859287e-11  2.28593e-11  2.96089e-14  2.28297e-11
1.129168104e+01  2.3041298e-11  2.30413e-11  2.93318e-14  2.30120e-11
1.134813945e+01  2.3222253e-11  2.32223e-11  2.90571e-14  2.31932e-11
1.140488015e+01  2.3402118e-11  2.34021e-11  2.87850e-14  2.33733e-11
1.146190455e+01  2.3580860e-11  2.35809e-11  2.85154e-14  2.35523e-11
1.151921407e+01  2.3758445e-11  2.37584e-11  2.82481e-14  2.37302e-11
1.157681014e+01  2.3934843e-11  2.39348e-11  2.79833e-14  2.39069e-11
1.163469419e+01  2.4110020e-11  2.41100e-11  2.77210e-14  2.40823e-11
1.169286766e+01  2.4283946e-11  2.42839e-11  2.74609e-14  2.42565e-11
1.175133200e+01  2.4456589e-11  2.44566e-11  2.72033e-14  2.44294e-11
1.181008866e+01  2.4627918e-11  2.46279e-11  2.69480e-14  2.46010e-11
1.186913910e+01  2.4797903e-11  2.47979e-11  2.66950e-14  2.47712e-11
1.192848480e+01  2.4966514e-11  2.49665e-11  2.64443e-14  2.49401e-11
1.198812722e+01  2.5133723e-11  2.51337e-11  2.61959e-14  2.51075e-11
1.204806786e+01  2.5299499e-11  2.52995e-11  2.59498e-14  2.52735e-11
1.210830820e+01  2.5463816e-11  2.54638e-11  2.57059e-14  2.54381e-11
1.216884974e+01  2.5626643e-11  2.56266e-11  2.54642e-14  2.56012e-11
1.222969399e+01  2.5787955e-11  2.57880e-11  2.52247e-14  2.57627e-11
1.229084246e+01  2.5947724e-11  2.59477e-11  2.49874e-14  2.59227e-11
1.235229667e+01  2.6105924e-11  2.61059e-11  2.47523e-14  2.60812e-11
1.241405815e+01  2.6262528e-11  2.62625e-11  2.45194e-14  2.62380e-11
1.247612845e+01  2.6417512e-11  2.64175e-11  2.42885e-14  2.63932e-11
1.253850909e+01  2.6570850e-11  2.65709e-11  2.40598e-14  2.65468e-11
1.260120163e+01  2.6722518e-11  2.67225e-11  2.38331e-14  2.66987e-11
1.266420764e+01  2.6872492e-11  2.68725e-11  2.36085e-14  2.68489e-11
1.272752868e+01  2.7020749e-11  2.70207e-11  2.33860e-14  2.69974e-11
1.279116632e+01  2.7167266e-11  2.71673e-11  2.31656e-14  2.71441e-11
1.285512215e+01  2.7312020e-11  2.73120e-11  2.29471e-14  2.72891e-11
1.291939776e+01  2.7454991e-11  2.74550e-11  2.27306e-14  2.74323e-11
1.298399475e+01  2.7596156e-11  2.75962e-11  2.25162e-14  2.75736e-11
1.304891473e+01  2.7735496e-11  2.77355e-11  2.23037e-14  2.77132e-11
1.311415930e+01  2.7872989e-11  2.78730e-11  2.20931e-14  2.78509e-11
1.317973010e+01  2.8008618e-11  2.80086e-11  2.18845e-14  2.79867e-11
1.324562875e+01  2.8142363e-11  2.81424e-11  2.16778e-14  2.81207e-11
1.331185689e+01  2.8274205e-11  2.82742e-11  2.14730e-14  2.82527e-11
1.337841618e+01  2.8404126e-11  2.84041e-11  2.12700e-14  2.83829e-11
1.344530826e+01  2.8532111e-11  2.85321e-11  2.10690e-14  2.85110e-11
1.351253480e+01  2.8658141e-11  2.86581e-11  2.08698e-14  2.86373e-11
1.358009747e+01  2.8782202e-11  2.87822e-11  2.06724e-14  2.87615e-11
1.364799796e+01  2.8904277e-11  2.89043e-11  2.04768e-14  2.88838e-11
1.371623795e+01  2.9024352e-11  2.90244e-11  2.02831e-14  2.90041e-11
1.378481914e+01  2.9142412e-11  2.91424e-11  2.00911e-14  2.91223e-11
1.385374323e+01  2.9258443e-11  2.92584e-11  1.99009e-14  2.92385e-11
1.392301195e+01  2.9372434e-11  2.93724e-11  1.97124e-14  2.93527e-11
1.399262701e+01  2.9484370e-11  2.94844e-11  1.95257e-14  2.94648e-11
1.406259015e+01  2.9594240e-11  2.95942e-11  1.93407e-14  2.95749e-11
1.413290310e+01  2.9702033e-11  2.97020e-11  1.91574e-14  2.96829e-11
1.420356761e+01  2.9807737e-11  2.98077e-11  1.89758e-14  2.97888e-11
1.427458545e+01  2.9911343e-11  2.99113e-11  1.87959e-14  2.98925e-11
1.434595838e+01  3.0012841e-11  3.00128e-11  1.86177e-14  2.99942e-11
1.441768817e+01  3.0112221e-11  3.01122e-11  1.84411e-14  3.00938e-11
1.448977661e+01  3.0209475e-11  3.02095e-11  1.82661e-14  3.01912e-11
1.456222549e+01  3.0304596e-11  3.03046e-11  1.80928e-14  3.02865e-11
1.463503662e+01  3.0397575e-11  3.03976e-11  1.79210e-14  3.03797e-11
1.470821180e+01  3.0488406e-11  3.04884e-11  1.77509e-14  3.04707e-11
1.478175286e+01  3.0577082e-11  3.05771e-11  1.75823e-14  3.05595e-11
1.485566163e+01  3.0663598e-11  3.06636e-11  1.74153e-14  3.06462e-11
1.492993994e+01  3.0747948e-11  3.07479e-11  1.72498e-14  3.07307e-11
1.500458964e+01  3.0830129e-11  3.08301e-11  1.70859e-14  3.08130e-11
1.507961258e+01  3.0910135e-11  3.09101e-11  1.69235e-14  3.08932e-11
1.515501065e+01  3.0987963e-11  3.09880e-11  1.67626e-14  3.09712e-11
1.523078570e+01  3.1063610e-11  3.10636e-11  1.66032e-14  3.10470e-11
1.530693963e+01  3.1137073e-11  3.11371e-11  1.64453e-14  3.11206e-11
1.538347433e+01  3.1208352e-11  3.12084e-11  1.62888e-14  3.11921e-11
1.546039170e+01  3.1277443e-11  3.12774e-11  1.61338e-14  3.12613e-11
1.553769366e+01  3.1344346e-11  3.13443e-11  1.59802e-14  3.13284e-11
1.561538212e+01  3.1409061e-11  3.14091e-11  1.58281e-14  3.13932e-11
1.569345903e+01  3.1471588e-11  3.14716e-11  1.56774e-14  3.14559e-11
1.577192633e+01  3.1531926e-11  3.15319e-11  1.55281e-14  3.15164e-11
1.585078596e+01  3.1590078e-11  3.15901e-11  1.53801e-14  3.15747e-11
1.593003989e+01  3.1646045e-11  3.16460e-11  1.52336e-14  3.16308e-11
1.600969009e+01  3.1699829e-11  3.16998e-11  1.50884e-14  3.16847e-11
1.608973854e+01  3.1751432e-11  3.17514e-11  1.49446e-14  3.17365e-11
1.617018723e+01  3.1800857e-11  3.18009e-11  1.48021e-14  3.17861e-11
1.625103817e+01  3.1848108e-11  3.18481e-11  1.46609e-14  3.18334e-11
1.633229336e+01  3.1893188e-11  3.18932e-11  1.45211e-14  3.18787e-11
1.641395483e+01  3.1936103e-11  3.19361e-11  1.43825e-14  3.19217e-11
1.649602460e+01  3.1976856e-11  3.19769e-11  1.42453e-14  3.19626e-11
1.657850473e+01  3.2015452e-11  3.20155e-11  1.41093e-14  3.20013e-11
1.666139725e+01  3.2051899e-11  3.20519e-11  1.39747e-14  3.20379e-11
1.674470424e+01  3.2086201e-11  3.20862e-11  1.38412e-14  3.20724e-11
1.682842776e+01  3.2118365e-11  3.21184e-11  1.37090e-14  3.21047e-11
1.691256990e+01  3.2148398e-11  3.21484e-11  1.35781e-14  3.21348e-11
1.699713274e+01  3.2176307e-11  3.21763e-11  1.34484e-14  3.21629e-11
1.708211841e+01  3.2202100e-11  3.22021e-11  1.33198e-14  3.21888e-11
1.716752900e+01  3.2225786e-11  3.22258e-11  1.31925e-14  3.22126e-11
1.725336665e+01  3.2247372e-11  3.22474e-11  1.30664e-14  3.22343e-11
1.733963348e+01  3.2266867e-11  3.22669e-11  1.29415e-14  3.22539e-11
1.742633165e+01  3.2284281e-11  3.22843e-11  1.28177e-14  3.22715e-11
1.751346330e+01  3.2299624e-11  3.22996e-11  1.26951e-14  3.22869e-11
1.760103062e+01  3.2312904e-11  3.23129e-11  1.25737e-14  3.23003e-11
1.768903577e+01  3.2324133e-11  3.23241e-11  1.24534e-14  3.23117e-11
1.777748095e+01  3.2333322e-11  3.23333e-11  1.23342e-14  3.23210e-11
1.786636836e+01  3.2340480e-11  3.23405e-11  1.22161e-14  3.23283e-11
1.795570020e+01  3.2345620e-11  3.23456e-11  1.20991e-14  3.23335e-11
1.804547870e+01  3.2348752e-11  3.23488e-11  1.19833e-14  3.23368e-11
1.813570609e+01  3.2349890e-11  3.23499e-11  1.18685e-14  3.23380e-11
1.822638462e+01  3.2349044e-11  3.23490e-11  1.17548e-14  3.23373e-11
1.831751655e+01  3.2346229e-11  3.23462e-11  1.16422e-14  3.23346e-11
1.840910413e+01  3.2341455e-11  3.23415e-11  1.15306e-14  3.23299e-11
1.850114965e+01  3.2334738e-11  3.23347e-11  1.14201e-14  3.23233e-11
1.859365540e+01  3.2326089e-11  3.23261e-11  1.13106e-14  3.23148e-11
1.868662368e+01  3.2315523e-11  3.23155e-11  1.12022e-14  3.23043e-11
1.878005679e+01  3.2303053e-11  3.23031e-11  1.10947e-14  3.22920e-11
1.887395708e+01  3.2288693e-11  3.22887e-11  1.09883e-14  3.22777e-11
1.896832686e+01  3.2272459e-11  3.22725e-11  1.08829e-14  3.22616e-11
1.906316850e+01  3.2254364e-11  3.22544e-11  1.07785e-14  3.22436e-11
1.915848434e+01  3.2234424e-11  3.22344e-11  1.06750e-14  3.22237e-11
1.925427676e+01  3.2212653e-11  3.22127e-11  1.05726e-14  3.22021e-11
1.935054815e+01  3.2189067e-11  3.21891e-11  1.04711e-14  3.21786e-11
1.944730089e+01  3.2163681e-11  3.21637e-11  1.03705e-14  3.21533e-11
1.954453739e+01  3.2136511e-11  3.21365e-11  1.02710e-14  3.21262e-11
1.964226008e+01  3.2107572e-11  3.21076e-11  1.01723e-14  3.20974e-11
1.974047138e+01  3.2076882e-11  3.20769e-11  1.00746e-14  3.20668e-11
1.983917374e+01  3.2044456e-11  3.20445e-11  9.97778e-15  3.20345e-11
1.993836960e+01  3.2010311e-11  3.20103e-11  9.88190e-15  3.20004e-11
2.003806145e+01  3.1974463e-11  3.19745e-11  9.78692e-15  3.19647e-11
2.013825176e+01  3.1936928e-11  3.19369e-11  9.69283e-15  3.19272e-11
2.023894302e+01  3.1897725e-11  3.18977e-11  9.59964e-15  3.18881e-11
2.034013773e+01  3.1856870e-11  3.18569e-11  9.50733e-15  3.18474e-11
2.044183842e+01  3.1814380e-11  3.18144e-11  9.41589e-15  3.18050e-11
2.054404761e+01  3.1770272e-11  3.17703e-11  9.32531e-15  3.17609e-11
2.064676785e+01  3.1724564e-11  3.17246e-11  9.23560e-15  3.17153e-11
2.075000169e+01  3.1677274e-11  3.16773e-11  9.14673e-15  3.16681e-11
2.085375170e+01  3.1628418e-11  3.16284e-11  9.05870e-15  3.16194e-11
2.095802046e+01  3.1578016e-11  3.15780e-11  8.97150e-15  3.15690e-11
2.106281056e+01  3.1526085e-11  3.15261e-11  8.88514e-15  3.15172e-11
2.116812461e+01  3.1472642e-11  3.14726e-11  8.79958e-15  3.14638e-11
2.127396524e+01  3.1417707e-11  3.14177e-11  8.71484e-15  3.14090e-11
2.138033506e+01  3.1361296e-11  3.13613e-11  8.63091e-15  3.13527e-11
2.148723674e+01  3.1303429e-11  3.13034e-11  8.54776e-15  3.12949e-11
2.159467292e+01  3.1244123e-11  3.12441e-11  8.46541e-15  3.12357e-11
2.170264629e+01  3.1183398e-11  3.11834e-11  8.38384e-15  3.11750e-11
2.181115952e+01  3.1121271e-11  3.11213e-11  8.30304e-15  3.11130e-11
2.192021532e+01  3.1057760e-11  3.10578e-11  8.22301e-15  3.10495e-11
2.202981639e+01  3.0992886e-11  3.09929e-11  8.14373e-15  3.09847e-11
2.213996547e+01  3.0926665e-11  3.09267e-11  8.06521e-15  3.09186e-11
2.225066530e+01  3.0859117e-11  3.08591e-11  7.98744e-15  3.08511e-11
2.236191863e+01  3.0790260e-11  3.07903e-11  7.91040e-15  3.07823e-11
2.247372822e+01  3.0720113e-11  3.07201e-11  7.83410e-15  3.07123e-11
2.258609686e+01  3.0648694e-11  3.06487e-11  7.75852e-15  3.06409e-11
2.269902735e+01  3.0576023e-11  3.05760e-11  7.68365e-15  3.05683e-11
2.281252248e+01  3.0502118e-11  3.05021e-11  7.60950e-15  3.04945e-11
2.292658510e+01  3.0426997e-11  3.04270e-11  7.53606e-15  3.04195e-11
2.304121802e+01  3.0350681e-11  3.03507e-11  7.46331e-15  3.03432e-11
2.315642411e+01  3.0273186e-11  3.02732e-11  7.39126e-15  3.02658e-11
2.327220623e+01  3.0194532e-11  3.01945e-11  7.31989e-15  3.01872e-11
2.338856726e+01  3.0114738e-11  3.01147e-11  7.24920e-15  3.01075e-11
2.350551010e+01  3.0033821e-11  3.00338e-11  7.17918e-15  3.00266e-11
2.362303765e+01  2.9951802e-11  2.99518e-11  7.10983e-15  2.99447e-11
2.374115284e+01  2.9868699e-11  2.98687e-11  7.04114e-15  2.98617e-11
2.385985860e+01  2.9784529e-11  2.97845e-11  6.97310e-15  2.97776e-11
2.397915789e+01  2.9699312e-11  2.96993e-11  6.90572e-15  2.96924e-11
2.409905368e+01  2.9613067e-11  2.96131e-11  6.83897e-15  2.96062e-11
2.421954895e+01  2.9525811e-11  2.95258e-11  6.77286e-15  2.95190e-11
2.434064670e+01  2.9437563e-11  2.94376e-11  6.70738e-15  2.94309e-11
2.446234993e+01  2.9348341e-11  2.93483e-11  6.64253e-15  2.93417e-11
2.458466168e+01  2.9258165e-11  2.92582e-11  6.57829e-15  2.92516e-11
2.470758499e+01  2.9167052e-11  2.91671e-11  6.51467e-15  2.91605e-11
2.483112291e+01  2.9075020e-11  2.90750e-11  6.45165e-15  2.90686e-11
2.495527853e+01  2.8982087e-11  2.89821e-11  6.38923e-15  2.89757e-11
