# ------------------------------------------------------------------------
# Radiance spectrum
# NASA-GSFC Planetary Spectrum Generator (PSG) (Villanueva et al. 2018, 2022)
# Synthesized on Sat Dec 23 00:02:46 2023
# Doppler velocities [km/s] (vobs,vrot+vorb,vwidth,vrfl,vstr): 0.00000,-0.00000,0.00000,-119.41115,-0.00000
# Spectral unit: Wavelength [um]
# Radiance unit: Spectral irradiance [W/m2/um]
# Wave/freq Total Object Reflected Thermal
5.000000000e-01  8.6913530e-13  8.69135e-13  8.69135e-13  1.95728e-47
5.025000000e-01  8.7641368e-13  8.76414e-13  8.76414e-13  3.12313e-47
5.050125000e-01  8.9817232e-13  8.98172e-13  8.98172e-13  4.96086e-47
5.075375625e-01  9.0208162e-13  9.02082e-13  9.02082e-13  7.88193e-47
5.100752503e-01  9.1512161e-13  9.15122e-13  9.15122e-13  1.24766e-46
5.126256266e-01  9.2734985e-13  9.27350e-13  9.27350e-13  1.97055e-46
5.151887547e-01  9.3969802e-13  9.39698e-13  9.39698e-13  3.10495e-46
5.177646985e-01  9.5659993e-13  9.56600e-13  9.56600e-13  4.87785e-46
5.203535220e-01  9.7256493e-13  9.72565e-13  9.72565e-13  7.64637e-46
5.229552896e-01  1.0001217e-12  1.00012e-12  1.00012e-12  1.19394e-45
5.255700660e-01  1.0075228e-12  1.00752e-12  1.00752e-12  1.86523e-45
5.281979164e-01  1.0223810e-12  1.02238e-12  1.02238e-12  2.90429e-45
5.308389059e-01  1.0317427e-12  1.03174e-12  1.03174e-12  4.51526e-45
5.334931005e-01  1.0526353e-12  1.05264e-12  1.05264e-12  6.99304e-45
5.361605660e-01  1.0706904e-12  1.07069e-12  1.07069e-12  1.08104e-44
5.388413688e-01  1.0838404e-12  1.08384e-12  1.08384e-12  1.66850e-44
5.415355756e-01  1.1036402e-12  1.10364e-12  1.10364e-12  2.56723e-44
5.442432535e-01  1.1134621e-12  1.11346e-12  1.11346e-12  3.94645e-44
5.469644698e-01  1.1259060e-12  1.12591e-12  1.12591e-12  6.05115e-44
5.496992921e-01  1.1484463e-12  1.14845e-12  1.14845e-12  9.24591e-44
5.524477886e-01  1.1697072e-12  1.16971e-12  1.16971e-12  1.40990e-43
5.552100275e-01  1.1718726e-12  1.17187e-12  1.17187e-12  2.15048e-43
5.579860777e-01  1.1976402e-12  1.19764e-12  1.19764e-12  3.26320e-43
5.607760081e-01  1.2156830e-12  1.21568e-12  1.21568e-12  4.94586e-43
5.635798881e-01  1.2262843e-12  1.22628e-12  1.22628e-12  7.48708e-43
5.663977875e-01  1.2447893e-12  1.24479e-12  1.24479e-12  1.12987e-42
5.692297765e-01  1.2619553e-12  1.26196e-12  1.26196e-12  1.70175e-42
5.720759254e-01  1.2713978e-12  1.27140e-12  1.27140e-12  2.56008e-42
5.749363050e-01  1.2909925e-12  1.29099e-12  1.29099e-12  3.83848e-42
5.778109865e-01  1.3059546e-12  1.30595e-12  1.30595e-12  5.74646e-42
5.807000414e-01  1.3206363e-12  1.32064e-12  1.32064e-12  8.58522e-42
5.836035417e-01  1.3364904e-12  1.33649e-12  1.33649e-12  1.27979e-41
5.865215594e-01  1.3442218e-12  1.34422e-12  1.34422e-12  1.90568e-41
5.894541672e-01  1.3626192e-12  1.36262e-12  1.36262e-12  2.82825e-41
5.924014380e-01  1.3674527e-12  1.36745e-12  1.36745e-12  4.19555e-41
5.953634452e-01  1.3855497e-12  1.38555e-12  1.38555e-12  6.20156e-41
5.983402624e-01  1.3912107e-12  1.39121e-12  1.39121e-12  9.16134e-41
6.013319637e-01  1.4060604e-12  1.40606e-12  1.40606e-12  1.34921e-40
6.043386235e-01  1.4158111e-12  1.41581e-12  1.41581e-12  1.98417e-40
6.073603167e-01  1.4321451e-12  1.43215e-12  1.43215e-12  2.90996e-40
6.103971182e-01  1.4376693e-12  1.43767e-12  1.43767e-12  4.26444e-40
6.134491038e-01  1.4479388e-12  1.44794e-12  1.44794e-12  6.23365e-40
6.165163494e-01  1.4662634e-12  1.46626e-12  1.46626e-12  9.08606e-40
6.195989311e-01  1.4676414e-12  1.46764e-12  1.46764e-12  1.32428e-39
6.226969258e-01  1.4803286e-12  1.48033e-12  1.48033e-12  1.92392e-39
6.258104104e-01  1.4985804e-12  1.49858e-12  1.49858e-12  2.78795e-39
6.289394624e-01  1.5068408e-12  1.50684e-12  1.50684e-12  4.03667e-39
6.320841597e-01  1.5160758e-12  1.51608e-12  1.51608e-12  5.83282e-39
6.352445805e-01  1.5244729e-12  1.52447e-12  1.52447e-12  8.41281e-39
6.384208035e-01  1.5463870e-12  1.54639e-12  1.54639e-12  1.20932e-38
6.416129075e-01  1.5518382e-12  1.55184e-12  1.55184e-12  1.73817e-38
6.448209720e-01  1.5693806e-12  1.56938e-12  1.56938e-12  2.49034e-38
6.480450769e-01  1.5827481e-12  1.58275e-12  1.58275e-12  3.56293e-38
6.512853022e-01  1.5937519e-12  1.59375e-12  1.59375e-12  5.08926e-38
6.545417288e-01  1.6087720e-12  1.60877e-12  1.60877e-12  7.25287e-38
6.578144374e-01  1.6244178e-12  1.62442e-12  1.62442e-12  1.03166e-37
6.611035096e-01  1.6377952e-12  1.63780e-12  1.63780e-12  1.46509e-37
6.644090271e-01  1.6559304e-12  1.65593e-12  1.65593e-12  2.07580e-37
6.677310723e-01  1.6747193e-12  1.67472e-12  1.67472e-12  2.93553e-37
6.710697276e-01  1.6956351e-12  1.69564e-12  1.69564e-12  4.14291e-37
6.744250763e-01  1.7101962e-12  1.71020e-12  1.71020e-12  5.84024e-37
6.777972017e-01  1.7204876e-12  1.72049e-12  1.72049e-12  8.22183e-37
6.811861877e-01  1.7400556e-12  1.74006e-12  1.74006e-12  1.15429e-36
6.845921186e-01  1.7565028e-12  1.75650e-12  1.75650e-12  1.61819e-36
6.880150792e-01  1.7685259e-12  1.76853e-12  1.76853e-12  2.26556e-36
6.914551546e-01  1.7908607e-12  1.79086e-12  1.79086e-12  3.16299e-36
6.949124304e-01  1.8018224e-12  1.80182e-12  1.80182e-12  4.41333e-36
6.983869925e-01  1.8287392e-12  1.82874e-12  1.82874e-12  6.13721e-36
7.018789275e-01  1.8423636e-12  1.84236e-12  1.84236e-12  8.53126e-36
7.053883221e-01  1.8520439e-12  1.85204e-12  1.85204e-12  1.18435e-35
7.089152637e-01  1.8678409e-12  1.86784e-12  1.86784e-12  1.64032e-35
7.124598400e-01  1.8907526e-12  1.89075e-12  1.89075e-12  2.26634e-35
7.160221392e-01  1.9058369e-12  1.90584e-12  1.90584e-12  3.12844e-35
7.196022499e-01  1.9125481e-12  1.91255e-12  1.91255e-12  4.31481e-35
7.232002612e-01  1.9247152e-12  1.92472e-12  1.92472e-12  5.93779e-35
7.268162625e-01  1.9422643e-12  1.94226e-12  1.94226e-12  8.15315e-35
7.304503438e-01  1.9510219e-12  1.95102e-12  1.95102e-12  1.11862e-34
7.341025955e-01  1.9663676e-12  1.96637e-12  1.96637e-12  1.53121e-34
7.377731085e-01  1.9664983e-12  1.96650e-12  1.96650e-12  2.09570e-34
7.414619740e-01  1.9803082e-12  1.98031e-12  1.98031e-12  2.85966e-34
7.451692839e-01  1.9882311e-12  1.98823e-12  1.98823e-12  3.89802e-34
7.488951303e-01  1.9962712e-12  1.99627e-12  1.99627e-12  5.30470e-34
7.526396060e-01  2.0037023e-12  2.00370e-12  2.00370e-12  7.20775e-34
7.564028040e-01  2.0051768e-12  2.00518e-12  2.00518e-12  9.78346e-34
7.601848180e-01  2.0082033e-12  2.00820e-12  2.00820e-12  1.32563e-33
7.639857421e-01  2.0123048e-12  2.01230e-12  2.01230e-12  1.79312e-33
7.678056708e-01  2.0206647e-12  2.02066e-12  2.02066e-12  2.42061e-33
7.716446992e-01  2.0187428e-12  2.01874e-12  2.01874e-12  3.26580e-33
7.755029227e-01  2.0180096e-12  2.01801e-12  2.01801e-12  4.39866e-33
7.793804373e-01  2.0273160e-12  2.02732e-12  2.02732e-12  5.90940e-33
7.832773395e-01  2.0229708e-12  2.02297e-12  2.02297e-12  7.93721e-33
7.871937262e-01  2.0241300e-12  2.02413e-12  2.02413e-12  1.06386e-32
7.911296948e-01  2.0293400e-12  2.02934e-12  2.02934e-12  1.42318e-32
7.950853433e-01  2.0300935e-12  2.03009e-12  2.03009e-12  1.90176e-32
7.990607700e-01  2.0282287e-12  2.02823e-12  2.02823e-12  2.53803e-32
8.030560739e-01  2.0267102e-12  2.02671e-12  2.02671e-12  3.38191e-32
8.070713542e-01  2.0210760e-12  2.02108e-12  2.02108e-12  4.50134e-32
8.111067110e-01  2.0136731e-12  2.01367e-12  2.01367e-12  5.98329e-32
8.151622446e-01  2.0176743e-12  2.01767e-12  2.01767e-12  7.93252e-32
8.192380558e-01  2.0198029e-12  2.01980e-12  2.01980e-12  1.05030e-31
8.233342461e-01  2.0226695e-12  2.02267e-12  2.02267e-12  1.38848e-31
8.274509173e-01  2.0307642e-12  2.03076e-12  2.03076e-12  1.83192e-31
8.315881719e-01  2.0347438e-12  2.03474e-12  2.03474e-12  2.41439e-31
8.357461127e-01  2.0367213e-12  2.03672e-12  2.03672e-12  3.17802e-31
8.399248433e-01  2.0321959e-12  2.03220e-12  2.03220e-12  4.17970e-31
8.441244675e-01  2.0272814e-12  2.02728e-12  2.02728e-12  5.48934e-31
8.483450899e-01  2.0216040e-12  2.02160e-12  2.02160e-12  7.19948e-31
8.525868153e-01  2.0136631e-12  2.01366e-12  2.01366e-12  9.43090e-31
8.568497494e-01  2.0019560e-12  2.00196e-12  2.00196e-12  1.23407e-30
8.611339981e-01  1.9924916e-12  1.99249e-12  1.99249e-12  1.61220e-30
8.654396681e-01  1.9854001e-12  1.98540e-12  1.98540e-12  2.10274e-30
8.697668665e-01  1.9780550e-12  1.97806e-12  1.97806e-12  2.73875e-30
8.741157008e-01  1.9692055e-12  1.96921e-12  1.96921e-12  3.56265e-30
8.784862793e-01  1.9594798e-12  1.95948e-12  1.95948e-12  4.62836e-30
8.828787107e-01  1.9496322e-12  1.94963e-12  1.94963e-12  6.00461e-30
8.872931042e-01  1.9547013e-12  1.95470e-12  1.95470e-12  7.76840e-30
8.917295698e-01  1.9600267e-12  1.96003e-12  1.96003e-12  1.00363e-29
8.961882176e-01  1.9578411e-12  1.95784e-12  1.95784e-12  1.29578e-29
9.006691587e-01  1.9477736e-12  1.94777e-12  1.94777e-12  1.67196e-29
9.051725045e-01  1.9354660e-12  1.93547e-12  1.93547e-12  2.15489e-29
9.096983670e-01  1.9174184e-12  1.91742e-12  1.91742e-12  2.77508e-29
9.142468589e-01  1.9001464e-12  1.90015e-12  1.90015e-12  3.56874e-29
9.188180931e-01  1.8997856e-12  1.89979e-12  1.89979e-12  4.57599e-29
9.234121836e-01  1.8993139e-12  1.89931e-12  1.89931e-12  5.85984e-29
9.280292445e-01  1.9017305e-12  1.90173e-12  1.90173e-12  7.49197e-29
9.326693908e-01  1.9044087e-12  1.90441e-12  1.90441e-12  9.56593e-29
9.373327377e-01  1.9022329e-12  1.90223e-12  1.90223e-12  1.22037e-28
9.420194014e-01  1.8954630e-12  1.89546e-12  1.89546e-12  1.55555e-28
9.467294984e-01  1.8738964e-12  1.87390e-12  1.87390e-12  1.98300e-28
9.514631459e-01  1.8665723e-12  1.86657e-12  1.86657e-12  2.52127e-28
9.562204616e-01  1.8725854e-12  1.87259e-12  1.87259e-12  3.19753e-28
9.610015639e-01  1.8773639e-12  1.87736e-12  1.87736e-12  4.05049e-28
9.658065718e-01  1.8811591e-12  1.88116e-12  1.88116e-12  5.12499e-28
9.706356046e-01  1.8829820e-12  1.88298e-12  1.88298e-12  6.47758e-28
9.754887826e-01  1.8797431e-12  1.87974e-12  1.87974e-12  8.18084e-28
9.803662265e-01  1.8725735e-12  1.87257e-12  1.87257e-12  1.03230e-27
9.852680577e-01  1.8758183e-12  1.87582e-12  1.87582e-12  1.29970e-27
9.901943980e-01  1.8777183e-12  1.87772e-12  1.87772e-12  1.63456e-27
9.951453700e-01  1.8724879e-12  1.87249e-12  1.87249e-12  2.05458e-27
1.000121097e+00  1.8724603e-12  1.87246e-12  1.87246e-12  2.57810e-27
1.005121702e+00  1.8685226e-12  1.86852e-12  1.86852e-12  3.23229e-27
1.010147311e+00  1.8756586e-12  1.87566e-12  1.87566e-12  4.04329e-27
1.015198047e+00  1.8690762e-12  1.86908e-12  1.86908e-12  5.05836e-27
1.020274038e+00  1.8714633e-12  1.87146e-12  1.87146e-12  6.31524e-27
1.025375408e+00  1.8877819e-12  1.88778e-12  1.88778e-12  7.86441e-27
1.030502285e+00  1.8884668e-12  1.88847e-12  1.88847e-12  9.79679e-27
1.035654796e+00  1.8850338e-12  1.88503e-12  1.88503e-12  1.21945e-26
1.040833070e+00  1.8813915e-12  1.88139e-12  1.88139e-12  1.51615e-26
1.046037236e+00  1.8825114e-12  1.88251e-12  1.88251e-12  1.88197e-26
1.051267422e+00  1.8876413e-12  1.88764e-12  1.88764e-12  2.33243e-26
1.056523759e+00  1.8992932e-12  1.89929e-12  1.89929e-12  2.88552e-26
1.061806378e+00  1.8986277e-12  1.89863e-12  1.89863e-12  3.56995e-26
1.067115410e+00  1.9037581e-12  1.90376e-12  1.90376e-12  4.40915e-26
1.072450987e+00  1.9128480e-12  1.91285e-12  1.91285e-12  5.43728e-26
1.077813242e+00  1.9208413e-12  1.92084e-12  1.92084e-12  6.69824e-26
1.083202308e+00  1.9235617e-12  1.92356e-12  1.92356e-12  8.24663e-26
1.088618319e+00  1.9143669e-12  1.91437e-12  1.91437e-12  1.01536e-25
1.094061411e+00  1.9432973e-12  1.94330e-12  1.94330e-12  1.24401e-25
1.099531718e+00  1.9429184e-12  1.94292e-12  1.94292e-12  1.52691e-25
1.105029377e+00  1.9484787e-12  1.94848e-12  1.94848e-12  1.87096e-25
1.110554523e+00  1.9549744e-12  1.95497e-12  1.95497e-12  2.28979e-25
1.116107296e+00  1.9613373e-12  1.96134e-12  1.96134e-12  2.79932e-25
1.121687832e+00  1.9750885e-12  1.97509e-12  1.97509e-12  3.41592e-25
1.127296272e+00  1.9797598e-12  1.97976e-12  1.97976e-12  4.16765e-25
1.132932753e+00  1.9822008e-12  1.98220e-12  1.98220e-12  5.08048e-25
1.138597417e+00  1.9967700e-12  1.99677e-12  1.99677e-12  6.17882e-25
1.144290404e+00  1.9969721e-12  1.99697e-12  1.99697e-12  7.51770e-25
1.150011856e+00  1.9974185e-12  1.99742e-12  1.99742e-12  9.13675e-25
1.155761915e+00  2.0077055e-12  2.00771e-12  2.00771e-12  1.10813e-24
1.161540725e+00  2.0064156e-12  2.00642e-12  2.00642e-12  1.34418e-24
1.167348428e+00  2.0000858e-12  2.00009e-12  2.00009e-12  1.62967e-24
1.173185171e+00  2.0036650e-12  2.00367e-12  2.00367e-12  1.97167e-24
1.179051096e+00  2.0257540e-12  2.02575e-12  2.02575e-12  2.37829e-24
1.184946352e+00  2.0215087e-12  2.02151e-12  2.02151e-12  2.87381e-24
1.190871084e+00  2.0222989e-12  2.02230e-12  2.02230e-12  3.46714e-24
1.196825439e+00  2.0127861e-12  2.01279e-12  2.01279e-12  4.18332e-24
1.202809566e+00  2.0183610e-12  2.01836e-12  2.01836e-12  5.03413e-24
1.208823614e+00  2.0153555e-12  2.01536e-12  2.01536e-12  6.05745e-24
1.214867732e+00  2.0169788e-12  2.01698e-12  2.01698e-12  7.27779e-24
1.220942071e+00  2.0065217e-12  2.00652e-12  2.00652e-12  8.74671e-24
1.227046781e+00  2.0010467e-12  2.00105e-12  2.00105e-12  1.04960e-23
1.233182015e+00  2.0081712e-12  2.00817e-12  2.00817e-12  1.25652e-23
1.239347925e+00  2.0051801e-12  2.00518e-12  2.00518e-12  1.50443e-23
1.245544665e+00  1.9969203e-12  1.99692e-12  1.99692e-12  1.80052e-23
1.251772388e+00  1.9930137e-12  1.99301e-12  1.99301e-12  2.15176e-23
1.258031250e+00  1.9954980e-12  1.99550e-12  1.99550e-12  2.56718e-23
1.264321406e+00  1.9844310e-12  1.98443e-12  1.98443e-12  3.06448e-23
1.270643013e+00  1.9784550e-12  1.97845e-12  1.97845e-12  3.65253e-23
1.276996228e+00  1.9797931e-12  1.97979e-12  1.97979e-12  4.34568e-23
1.283381209e+00  1.9776714e-12  1.97767e-12  1.97767e-12  5.16744e-23
1.289798116e+00  1.9677143e-12  1.96771e-12  1.96771e-12  6.14425e-23
1.296247106e+00  1.9622335e-12  1.96223e-12  1.96223e-12  7.29513e-23
1.302728342e+00  1.9516718e-12  1.95167e-12  1.95167e-12  8.65852e-23
1.309241983e+00  1.9501355e-12  1.95014e-12  1.95014e-12  1.02565e-22
1.315788193e+00  1.9420435e-12  1.94204e-12  1.94204e-12  1.21474e-22
1.322367134e+00  1.9315903e-12  1.93159e-12  1.93159e-12  1.43775e-22
1.328978970e+00  1.9225914e-12  1.92259e-12  1.92259e-12  1.69986e-22
1.335623865e+00  1.9221560e-12  1.92216e-12  1.92216e-12  2.00592e-22
1.342301984e+00  1.9078482e-12  1.90785e-12  1.90785e-12  2.36877e-22
1.349013494e+00  1.8965704e-12  1.89657e-12  1.89657e-12  2.79377e-22
1.355758561e+00  1.8878733e-12  1.88787e-12  1.88787e-12  3.29106e-22
1.362537354e+00  1.8799739e-12  1.87997e-12  1.87997e-12  3.87305e-22
1.369350041e+00  1.8840556e-12  1.88406e-12  1.88406e-12  4.54740e-22
1.376196791e+00  1.8626459e-12  1.86265e-12  1.86265e-12  5.35070e-22
1.383077775e+00  1.8283846e-12  1.82838e-12  1.82838e-12  6.30012e-22
1.389993164e+00  1.7704857e-12  1.77049e-12  1.77049e-12  7.43263e-22
1.396943130e+00  1.7619547e-12  1.76195e-12  1.76195e-12  8.70964e-22
1.403927846e+00  1.7110774e-12  1.71108e-12  1.71108e-12  1.02492e-21
1.410947485e+00  1.6706580e-12  1.67066e-12  1.67066e-12  1.20357e-21
1.418002222e+00  1.6395706e-12  1.63957e-12  1.63957e-12  1.41060e-21
1.425092233e+00  1.6451861e-12  1.64519e-12  1.64519e-12  1.64456e-21
1.432217694e+00  1.6428612e-12  1.64286e-12  1.64286e-12  1.91752e-21
1.439378783e+00  1.6593548e-12  1.65935e-12  1.65935e-12  2.22876e-21
1.446575677e+00  1.6626895e-12  1.66269e-12  1.66269e-12  2.59244e-21
1.453808555e+00  1.6862784e-12  1.68628e-12  1.68628e-12  3.00536e-21
1.461077598e+00  1.6755078e-12  1.67551e-12  1.67551e-12  3.49594e-21
1.468382986e+00  1.6752744e-12  1.67527e-12  1.67527e-12  4.05789e-21
1.475724901e+00  1.6786079e-12  1.67861e-12  1.67861e-12  4.70414e-21
1.483103525e+00  1.6831612e-12  1.68316e-12  1.68316e-12  5.44793e-21
1.490519043e+00  1.6760580e-12  1.67606e-12  1.67606e-12  6.31345e-21
1.497971638e+00  1.6935798e-12  1.69358e-12  1.69358e-12  7.28749e-21
1.505461496e+00  1.6967882e-12  1.69679e-12  1.69679e-12  8.42025e-21
1.512988804e+00  1.6949927e-12  1.69499e-12  1.69499e-12  9.72746e-21
1.520553748e+00  1.6830311e-12  1.68303e-12  1.68303e-12  1.12435e-20
1.528156517e+00  1.6816030e-12  1.68160e-12  1.68160e-12  1.29675e-20
1.535797299e+00  1.6731575e-12  1.67316e-12  1.67316e-12  1.49579e-20
1.543476286e+00  1.6646119e-12  1.66461e-12  1.66461e-12  1.72404e-20
1.551193667e+00  1.6665074e-12  1.66651e-12  1.66651e-12  1.98281e-20
1.558949636e+00  1.6583547e-12  1.65835e-12  1.65835e-12  2.28168e-20
1.566744384e+00  1.6511911e-12  1.65119e-12  1.65119e-12  2.62322e-20
1.574578106e+00  1.6454538e-12  1.64545e-12  1.64545e-12  3.01297e-20
1.582450996e+00  1.6405829e-12  1.64058e-12  1.64058e-12  3.45757e-20
1.590363251e+00  1.6290584e-12  1.62906e-12  1.62906e-12  3.96833e-20
1.598315067e+00  1.6193401e-12  1.61934e-12  1.61934e-12  4.54999e-20
1.606306643e+00  1.6152054e-12  1.61521e-12  1.61521e-12  5.20896e-20
1.614338176e+00  1.6046882e-12  1.60469e-12  1.60469e-12  5.96414e-20
1.622409867e+00  1.5960300e-12  1.59603e-12  1.59603e-12  6.82196e-20
1.630521916e+00  1.5885059e-12  1.58851e-12  1.58851e-12  7.79613e-20
1.638674526e+00  1.5810593e-12  1.58106e-12  1.58106e-12  8.90271e-20
1.646867898e+00  1.5789467e-12  1.57895e-12  1.57895e-12  1.01512e-19
1.655102238e+00  1.5689679e-12  1.56897e-12  1.56897e-12  1.15792e-19
1.663377749e+00  1.5624185e-12  1.56242e-12  1.56242e-12  1.31919e-19
1.671694638e+00  1.5494909e-12  1.54949e-12  1.54949e-12  1.50322e-19
1.680053111e+00  1.5389773e-12  1.53898e-12  1.53898e-12  1.71111e-19
1.688453377e+00  1.5362938e-12  1.53629e-12  1.53629e-12  1.94413e-19
1.696895643e+00  1.5230389e-12  1.52304e-12  1.52304e-12  2.21071e-19
1.705380122e+00  1.5053607e-12  1.50536e-12  1.50536e-12  2.51373e-19
1.713907022e+00  1.4905969e-12  1.49060e-12  1.49060e-12  2.85506e-19
1.722476557e+00  1.4846122e-12  1.48461e-12  1.48461e-12  3.23628e-19
1.731088940e+00  1.4837524e-12  1.48375e-12  1.48375e-12  3.66301e-19
1.739744385e+00  1.4790030e-12  1.47900e-12  1.47900e-12  4.14550e-19
1.748443107e+00  1.4695404e-12  1.46954e-12  1.46954e-12  4.69162e-19
1.757185322e+00  1.4535979e-12  1.45360e-12  1.45360e-12  5.31127e-19
1.765971249e+00  1.4484475e-12  1.44845e-12  1.44845e-12  5.99883e-19
1.774801105e+00  1.4202551e-12  1.42026e-12  1.42025e-12  6.79476e-19
1.783675111e+00  1.4171600e-12  1.41716e-12  1.41716e-12  7.66158e-19
1.792593486e+00  1.4145682e-12  1.41457e-12  1.41457e-12  8.63241e-19
1.801556454e+00  1.3867245e-12  1.38672e-12  1.38672e-12  9.75805e-19
1.810564236e+00  1.3723845e-12  1.37238e-12  1.37238e-12  1.10001e-18
1.819617057e+00  1.3634519e-12  1.36345e-12  1.36345e-12  1.23817e-18
1.828715142e+00  1.3533937e-12  1.35339e-12  1.35339e-12  1.39300e-18
1.837858718e+00  1.3487097e-12  1.34871e-12  1.34871e-12  1.56484e-18
1.847048012e+00  1.3355904e-12  1.33559e-12  1.33559e-12  1.75909e-18
1.856283252e+00  1.3123009e-12  1.31230e-12  1.31230e-12  1.97942e-18
1.865564668e+00  1.2925786e-12  1.29258e-12  1.29258e-12  2.22469e-18
1.874892491e+00  1.2469560e-12  1.24696e-12  1.24695e-12  2.50926e-18
1.884266954e+00  1.1762679e-12  1.17627e-12  1.17627e-12  2.83996e-18
1.893688289e+00  1.0663310e-12  1.06633e-12  1.06633e-12  3.23243e-18
1.903156730e+00  9.4967164e-13  9.49672e-13  9.49668e-13  3.68042e-18
1.912672514e+00  9.0696470e-13  9.06965e-13  9.06961e-13  4.13933e-18
1.922235876e+00  9.1622874e-13  9.16229e-13  9.16224e-13  4.61470e-18
1.931847056e+00  9.4141198e-13  9.41412e-13  9.41407e-13  5.12819e-18
1.941506291e+00  9.5881206e-13  9.58812e-13  9.58806e-13  5.70197e-18
1.951213822e+00  9.7821382e-13  9.78214e-13  9.78207e-13  6.33358e-18
1.960969892e+00  9.8519465e-13  9.85195e-13  9.85188e-13  7.04478e-18
1.970774741e+00  9.8908851e-13  9.89089e-13  9.89081e-13  7.83481e-18
1.980628615e+00  1.0050618e-12  1.00506e-12  1.00505e-12  8.69032e-18
1.990531758e+00  1.0172486e-12  1.01725e-12  1.01724e-12  9.63902e-18
2.000484417e+00  1.0209021e-12  1.02090e-12  1.02089e-12  1.06999e-17
2.010486839e+00  1.0307367e-12  1.03074e-12  1.03072e-12  1.18575e-17
2.020539273e+00  1.0350212e-12  1.03502e-12  1.03501e-12  1.31447e-17
2.030641969e+00  1.0355453e-12  1.03555e-12  1.03553e-12  1.45721e-17
2.040795179e+00  1.0385487e-12  1.03855e-12  1.03853e-12  1.61376e-17
2.050999155e+00  1.0443838e-12  1.04438e-12  1.04437e-12  1.78515e-17
2.061254151e+00  1.0400164e-12  1.04002e-12  1.04000e-12  1.97713e-17
2.071560421e+00  1.0316273e-12  1.03163e-12  1.03161e-12  2.19006e-17
2.081918224e+00  1.0347233e-12  1.03472e-12  1.03470e-12  2.41948e-17
2.092327815e+00  1.0245947e-12  1.02459e-12  1.02457e-12  2.67780e-17
2.102789454e+00  1.0251826e-12  1.02518e-12  1.02515e-12  2.95620e-17
2.113303401e+00  1.0058848e-12  1.00588e-12  1.00585e-12  3.27366e-17
2.123869918e+00  1.0103474e-12  1.01035e-12  1.01031e-12  3.60727e-17
2.134489268e+00  1.0346934e-12  1.03469e-12  1.03465e-12  3.95765e-17
2.145161714e+00  9.9816152e-13  9.98162e-13  9.98118e-13  4.38966e-17
2.155887523e+00  9.8041113e-13  9.80411e-13  9.80363e-13  4.84903e-17
2.166666960e+00  9.7779025e-13  9.77790e-13  9.77737e-13  5.33818e-17
2.177500295e+00  9.6552379e-13  9.65524e-13  9.65465e-13  5.88429e-17
2.188387796e+00  9.5599232e-13  9.55992e-13  9.55928e-13  6.47937e-17
2.199329735e+00  9.2060360e-13  9.20604e-13  9.20532e-13  7.16667e-17
2.210326384e+00  9.0406129e-13  9.04061e-13  9.03982e-13  7.89397e-17
2.221378016e+00  9.0377453e-13  9.03775e-13  9.03688e-13  8.66298e-17
2.232484906e+00  8.9591968e-13  8.95920e-13  8.95825e-13  9.51585e-17
2.243647331e+00  8.7851491e-13  8.78515e-13  8.78410e-13  1.04669e-16
2.254865567e+00  8.6787912e-13  8.67879e-13  8.67764e-13  1.14918e-16
2.266139895e+00  8.3231104e-13  8.32311e-13  8.32184e-13  1.26734e-16
2.277470595e+00  8.4547827e-13  8.45478e-13  8.45340e-13  1.38339e-16
2.288857948e+00  8.1054701e-13  8.10547e-13  8.10395e-13  1.52397e-16
2.300302237e+00  7.8124878e-13  7.81249e-13  7.81081e-13  1.67612e-16
2.311803748e+00  7.6879723e-13  7.68797e-13  7.68614e-13  1.83630e-16
2.323362767e+00  7.7901301e-13  7.79013e-13  7.78813e-13  2.00147e-16
2.334979581e+00  7.8017452e-13  7.80175e-13  7.79956e-13  2.18435e-16
2.346654479e+00  7.6705878e-13  7.67059e-13  7.66820e-13  2.38977e-16
2.358387751e+00  7.5053194e-13  7.50532e-13  7.50270e-13  2.61510e-16
2.370179690e+00  7.3539445e-13  7.35394e-13  7.35109e-13  2.85948e-16
2.382030589e+00  7.3024663e-13  7.30247e-13  7.29935e-13  3.11860e-16
2.393940742e+00  7.0869674e-13  7.08697e-13  7.08356e-13  3.41138e-16
2.405910445e+00  6.9391571e-13  6.93916e-13  6.93543e-13  3.72454e-16
2.417939997e+00  6.9105985e-13  6.91060e-13  6.90654e-13  4.05416e-16
2.430029697e+00  6.6632623e-13  6.66326e-13  6.65883e-13  4.43163e-16
2.442179846e+00  6.4421618e-13  6.44216e-13  6.43732e-13  4.83932e-16
2.454390745e+00  6.3384163e-13  6.33842e-13  6.33315e-13  5.26871e-16
2.466662699e+00  6.2341841e-13  6.23418e-13  6.22845e-13  5.73357e-16
2.478996012e+00  6.1093629e-13  6.10936e-13  6.10312e-13  6.23936e-16
2.491390992e+00  5.9854249e-13  5.98542e-13  5.97864e-13  6.78653e-16
2.503847947e+00  5.8613586e-13  5.86136e-13  5.85398e-13  7.37833e-16
2.516367187e+00  5.7376974e-13  5.73770e-13  5.72968e-13  8.01803e-16
2.528949023e+00  5.6234902e-13  5.62349e-13  5.61478e-13  8.70743e-16
2.541593768e+00  5.6117217e-13  5.61172e-13  5.60229e-13  9.43000e-16
2.554301737e+00  5.5998127e-13  5.59981e-13  5.58961e-13  1.02077e-15
2.567073246e+00  5.6098692e-13  5.60987e-13  5.59883e-13  1.10387e-15
2.579908612e+00  5.6370347e-13  5.63703e-13  5.62511e-13  1.19269e-15
2.592808155e+00  5.6499605e-13  5.64996e-13  5.63708e-13  1.28846e-15
2.605772196e+00  5.4610509e-13  5.46105e-13  5.44707e-13  1.39787e-15
2.618801057e+00  5.2736300e-13  5.27363e-13  5.25847e-13  1.51589e-15
2.631895062e+00  5.0692371e-13  5.06924e-13  5.05280e-13  1.64385e-15
2.645054537e+00  4.8539277e-13  4.85393e-13  4.83610e-13  1.78235e-15
2.658279810e+00  4.5953144e-13  4.59531e-13  4.57598e-13  1.93372e-15
2.671571209e+00  4.1192460e-13  4.11925e-13  4.09817e-13  2.10797e-15
2.684929065e+00  3.5460106e-13  3.54601e-13  3.52299e-13  2.30226e-15
2.698353710e+00  3.5221142e-13  3.52211e-13  3.49730e-13  2.48108e-15
2.711845479e+00  3.4984802e-13  3.49848e-13  3.47175e-13  2.67259e-15
2.725404706e+00  3.4751168e-13  3.47512e-13  3.44634e-13  2.87761e-15
2.739031730e+00  3.4520327e-13  3.45203e-13  3.42106e-13  3.09699e-15
2.752726889e+00  3.4292367e-13  3.42924e-13  3.39592e-13  3.33163e-15
2.766490523e+00  3.4067386e-13  3.40674e-13  3.37091e-13  3.58247e-15
2.780322976e+00  3.3845484e-13  3.38455e-13  3.34604e-13  3.85052e-15
2.794224591e+00  3.3626764e-13  3.36268e-13  3.32131e-13  4.13684e-15
2.808195713e+00  3.3411340e-13  3.34113e-13  3.29671e-13  4.44252e-15
2.822236692e+00  3.3199327e-13  3.31993e-13  3.27225e-13  4.76875e-15
2.836347875e+00  3.2990848e-13  3.29908e-13  3.24792e-13  5.11676e-15
2.850529615e+00  3.2786031e-13  3.27860e-13  3.22372e-13  5.48782e-15
2.864782263e+00  3.2585012e-13  3.25850e-13  3.19967e-13  5.88331e-15
2.879106174e+00  3.2387933e-13  3.23879e-13  3.17575e-13  6.30464e-15
2.893501705e+00  3.2194942e-13  3.21949e-13  3.15196e-13  6.75332e-15
2.907969214e+00  3.2006196e-13  3.20062e-13  3.12831e-13  7.23092e-15
2.922509060e+00  3.1821859e-13  3.18219e-13  3.10479e-13  7.73909e-15
2.937121605e+00  3.1642102e-13  3.16421e-13  3.08141e-13  8.27956e-15
2.951807213e+00  3.1467105e-13  3.14671e-13  3.05817e-13  8.85413e-15
2.966566249e+00  3.1297057e-13  3.12971e-13  3.03506e-13  9.46472e-15
2.981399080e+00  3.1132155e-13  3.11322e-13  3.01208e-13  1.01133e-14
2.996306076e+00  3.0972605e-13  3.09726e-13  2.98924e-13  1.08020e-14
3.011287606e+00  3.0818623e-13  3.08186e-13  2.96653e-13  1.15329e-14
3.026344044e+00  3.0670434e-13  3.06704e-13  2.94396e-13  1.23083e-14
3.041475764e+00  3.0528275e-13  3.05283e-13  2.92152e-13  1.31307e-14
3.056683143e+00  3.0392392e-13  3.03924e-13  2.89921e-13  1.40024e-14
3.071966559e+00  3.0263042e-13  3.02630e-13  2.87704e-13  1.49262e-14
3.087326392e+00  3.0140494e-13  3.01405e-13  2.85500e-13  1.59046e-14
3.102763024e+00  3.0025027e-13  3.00250e-13  2.83310e-13  1.69406e-14
3.118276839e+00  2.9916935e-13  2.99169e-13  2.81132e-13  1.80370e-14
3.133868223e+00  2.9816521e-13  2.98165e-13  2.78968e-13  1.91970e-14
3.149537564e+00  2.9724103e-13  2.97241e-13  2.76817e-13  2.04238e-14
3.165285252e+00  2.9640011e-13  2.96400e-13  2.74680e-13  2.17206e-14
3.181111678e+00  2.9564590e-13  2.95646e-13  2.72555e-13  2.30909e-14
3.197017237e+00  2.9498198e-13  2.94982e-13  2.70444e-13  2.45384e-14
3.213002323e+00  2.9441206e-13  2.94412e-13  2.68345e-13  2.60669e-14
3.229067334e+00  2.9394003e-13  2.93940e-13  2.66260e-13  2.76801e-14
3.245212671e+00  2.9356990e-13  2.93570e-13  2.64188e-13  2.93823e-14
3.261438734e+00  2.9330586e-13  2.93306e-13  2.62128e-13  3.11775e-14
3.277745928e+00  2.9315225e-13  2.93152e-13  2.60082e-13  3.30701e-14
3.294134658e+00  2.9311358e-13  2.93114e-13  2.58049e-13  3.50648e-14
3.310605331e+00  2.9319451e-13  2.93195e-13  2.56028e-13  3.71662e-14
3.327158358e+00  2.9339990e-13  2.93400e-13  2.54021e-13  3.93792e-14
3.343794149e+00  2.9373477e-13  2.93735e-13  2.52026e-13  4.17089e-14
3.360513120e+00  2.9420432e-13  2.94204e-13  2.50044e-13  4.41604e-14
3.377315686e+00  2.9481396e-13  2.94814e-13  2.48075e-13  4.67393e-14
3.394202264e+00  2.9556926e-13  2.95569e-13  2.46118e-13  4.94512e-14
3.411173276e+00  2.9647600e-13  2.96476e-13  2.44174e-13  5.23018e-14
3.428229142e+00  2.9754015e-13  2.97540e-13  2.42243e-13  5.52972e-14
3.445370288e+00  2.9876789e-13  2.98768e-13  2.40324e-13  5.84436e-14
3.462597139e+00  3.0016560e-13  3.00166e-13  2.38418e-13  6.17474e-14
3.479910125e+00  3.0173989e-13  3.01740e-13  2.36525e-13  6.52153e-14
3.497309675e+00  3.0349756e-13  3.03498e-13  2.34643e-13  6.88541e-14
3.514796224e+00  3.0544564e-13  3.05446e-13  2.32775e-13  7.26709e-14
3.532370205e+00  3.0759137e-13  3.07591e-13  2.30918e-13  7.66730e-14
3.550032056e+00  3.0994225e-13  3.09942e-13  2.29074e-13  8.08679e-14
3.567782216e+00  3.1250598e-13  3.12506e-13  2.27243e-13  8.52634e-14
3.585621127e+00  3.1529051e-13  3.15291e-13  2.25423e-13  8.98674e-14
3.603549233e+00  3.1830400e-13  3.18304e-13  2.23616e-13  9.46882e-14
3.621566979e+00  3.2155490e-13  3.21555e-13  2.21821e-13  9.97343e-14
3.639674814e+00  3.2505186e-13  3.25052e-13  2.20038e-13  1.05014e-13
3.657873188e+00  3.2880380e-13  3.28804e-13  2.18267e-13  1.10537e-13
3.676162554e+00  3.3281990e-13  3.32820e-13  2.16508e-13  1.16312e-13
3.694543367e+00  3.3710956e-13  3.37110e-13  2.14761e-13  1.22349e-13
3.713016084e+00  3.4168248e-13  3.41682e-13  2.13026e-13  1.28657e-13
3.731581164e+00  3.4654859e-13  3.46549e-13  2.11302e-13  1.35246e-13
3.750239070e+00  3.5171810e-13  3.51718e-13  2.09591e-13  1.42127e-13
3.768990265e+00  3.5720147e-13  3.57201e-13  2.07891e-13  1.49310e-13
3.787835216e+00  3.6300945e-13  3.63009e-13  2.06203e-13  1.56806e-13
3.806774393e+00  3.6915303e-13  3.69153e-13  2.04527e-13  1.64626e-13
3.825808265e+00  3.7564351e-13  3.75644e-13  2.02862e-13  1.72781e-13
3.844937306e+00  3.8249243e-13  3.82492e-13  2.01209e-13  1.81283e-13
3.864161992e+00  3.8971162e-13  3.89712e-13  1.99568e-13  1.90144e-13
3.883482802e+00  3.9731319e-13  3.97313e-13  1.97938e-13  1.99375e-13
3.902900216e+00  4.0530952e-13  4.05310e-13  1.96319e-13  2.08990e-13
3.922414717e+00  4.1371328e-13  4.13713e-13  1.94712e-13  2.19001e-13
3.942026791e+00  4.2253742e-13  4.22537e-13  1.93116e-13  2.29421e-13
3.961736925e+00  4.3179515e-13  4.31795e-13  1.91531e-13  2.40264e-13
3.981545610e+00  4.4149999e-13  4.41500e-13  1.89958e-13  2.51542e-13
4.001453338e+00  4.5166571e-13  4.51666e-13  1.88395e-13  2.63270e-13
4.021460604e+00  4.6230640e-13  4.62306e-13  1.86844e-13  2.75462e-13
4.041567907e+00  4.7343639e-13  4.73436e-13  1.85304e-13  2.88132e-13
4.061775747e+00  4.8507031e-13  4.85070e-13  1.83775e-13  3.01295e-13
4.082084626e+00  4.9722307e-13  4.97223e-13  1.82257e-13  3.14966e-13
4.102495049e+00  5.0990986e-13  5.09910e-13  1.80749e-13  3.29161e-13
4.123007524e+00  5.2314614e-13  5.23146e-13  1.79253e-13  3.43893e-13
4.143622562e+00  5.3694763e-13  5.36948e-13  1.77767e-13  3.59180e-13
4.164340674e+00  5.5133035e-13  5.51330e-13  1.76292e-13  3.75038e-13
4.185162378e+00  5.6631056e-13  5.66311e-13  1.74828e-13  3.91483e-13
4.206088190e+00  5.8190482e-13  5.81905e-13  1.73374e-13  4.08531e-13
4.227118631e+00  5.9812992e-13  5.98130e-13  1.71931e-13  4.26199e-13
4.248254224e+00  6.1500294e-13  6.15003e-13  1.70499e-13  4.44504e-13
4.269495495e+00  6.3254118e-13  6.32541e-13  1.69077e-13  4.63465e-13
4.290842972e+00  6.5076224e-13  6.50762e-13  1.67665e-13  4.83097e-13
4.312297187e+00  6.6968392e-13  6.69684e-13  1.66264e-13  5.03420e-13
4.333858673e+00  6.8932430e-13  6.89324e-13  1.64873e-13  5.24452e-13
4.355527967e+00  7.0970168e-13  7.09702e-13  1.63492e-13  5.46210e-13
4.377305606e+00  7.3083459e-13  7.30835e-13  1.62121e-13  5.68713e-13
4.399192134e+00  7.5274181e-13  7.52742e-13  1.60761e-13  5.91981e-13
4.421188095e+00  7.7544230e-13  7.75442e-13  1.59410e-13  6.16032e-13
4.443294036e+00  7.9895529e-13  7.98955e-13  1.58070e-13  6.40885e-13
4.465510506e+00  8.2330016e-13  8.23300e-13  1.56740e-13  6.66560e-13
4.487838058e+00  8.4849653e-13  8.48497e-13  1.55419e-13  6.93077e-13
4.510277249e+00  8.7456421e-13  8.74564e-13  1.54109e-13  7.20455e-13
4.532828635e+00  9.0152317e-13  9.01523e-13  1.52808e-13  7.48715e-13
4.555492778e+00  9.2939359e-13  9.29394e-13  1.51517e-13  7.77877e-13
4.578270242e+00  9.5819580e-13  9.58196e-13  1.50236e-13  8.07960e-13
4.601161593e+00  9.8795029e-13  9.87950e-13  1.48964e-13  8.38986e-13
4.624167401e+00  1.0186777e-12  1.01868e-12  1.47702e-13  8.70976e-13
4.647288238e+00  1.0503989e-12  1.05040e-12  1.46450e-13  9.03949e-13
4.670524679e+00  1.0831346e-12  1.08313e-12  1.45206e-13  9.37928e-13
4.693877303e+00  1.1169061e-12  1.11691e-12  1.43973e-13  9.72933e-13
4.717346689e+00  1.1517344e-12  1.15173e-12  1.42749e-13  1.00899e-12
4.740933423e+00  1.1876407e-12  1.18764e-12  1.41534e-13  1.04611e-12
4.764638090e+00  1.2246465e-12  1.22465e-12  1.40328e-13  1.08432e-12
4.788461280e+00  1.2627731e-12  1.26277e-12  1.39132e-13  1.12364e-12
4.812403587e+00  1.3020421e-12  1.30204e-12  1.37944e-13  1.16410e-12
4.836465604e+00  1.3424749e-12  1.34247e-12  1.36766e-13  1.20571e-12
4.860647933e+00  1.3840932e-12  1.38409e-12  1.35597e-13  1.24850e-12
4.884951172e+00  1.4269185e-12  1.42692e-12  1.34437e-13  1.29248e-12
4.909375928e+00  1.4709726e-12  1.47097e-12  1.33286e-13  1.33769e-12
4.933922808e+00  1.5162769e-12  1.51628e-12  1.32143e-13  1.38413e-12
4.958592422e+00  1.5628532e-12  1.56285e-12  1.31010e-13  1.43184e-12
4.983385384e+00  1.6107231e-12  1.61072e-12  1.29885e-13  1.48084e-12
5.008302311e+00  1.6599080e-12  1.65991e-12  1.28769e-13  1.53114e-12
5.033343822e+00  1.7104296e-12  1.71043e-12  1.27662e-13  1.58277e-12
5.058510541e+00  1.7623092e-12  1.76231e-12  1.26563e-13  1.63575e-12
5.083803094e+00  1.8155683e-12  1.81557e-12  1.25473e-13  1.69010e-12
5.109222110e+00  1.8702280e-12  1.87023e-12  1.24391e-13  1.74584e-12
5.134768220e+00  1.9263096e-12  1.92631e-12  1.23318e-13  1.80299e-12
5.160442061e+00  1.9838340e-12  1.98383e-12  1.22253e-13  1.86158e-12
5.186244272e+00  2.0428222e-12  2.04282e-12  1.21197e-13  1.92163e-12
5.212175493e+00  2.1032949e-12  2.10329e-12  1.20149e-13  1.98315e-12
5.238236370e+00  2.1652727e-12  2.16527e-12  1.19109e-13  2.04616e-12
5.264427552e+00  2.2287759e-12  2.22878e-12  1.18077e-13  2.11070e-12
5.290749690e+00  2.2938247e-12  2.29382e-12  1.17054e-13  2.17677e-12
5.317203438e+00  2.3604391e-12  2.36044e-12  1.16038e-13  2.24440e-12
5.343789456e+00  2.4286388e-12  2.42864e-12  1.15031e-13  2.31361e-12
5.370508403e+00  2.4984432e-12  2.49844e-12  1.14031e-13  2.38441e-12
5.397360945e+00  2.5698716e-12  2.56987e-12  1.13040e-13  2.45683e-12
5.424347750e+00  2.6429429e-12  2.64294e-12  1.12056e-13  2.53089e-12
5.451469488e+00  2.7176756e-12  2.71768e-12  1.11080e-13  2.60660e-12
5.478726836e+00  2.7940881e-12  2.79409e-12  1.10112e-13  2.68398e-12
5.506120470e+00  2.8721984e-12  2.87220e-12  1.09152e-13  2.76305e-12
5.533651072e+00  2.9520241e-12  2.95202e-12  1.08199e-13  2.84382e-12
5.561319328e+00  3.0335824e-12  3.03358e-12  1.07254e-13  2.92633e-12
5.589125924e+00  3.1168902e-12  3.11689e-12  1.06317e-13  3.01057e-12
5.617071554e+00  3.2019640e-12  3.20196e-12  1.05387e-13  3.09658e-12
5.645156912e+00  3.2888199e-12  3.28882e-12  1.04465e-13  3.18436e-12
5.673382696e+00  3.3774735e-12  3.37747e-12  1.03550e-13  3.27392e-12
5.701749610e+00  3.4679400e-12  3.46794e-12  1.02642e-13  3.36530e-12
5.730258358e+00  3.5602341e-12  3.56023e-12  1.01742e-13  3.45849e-12
5.758909650e+00  3.6543701e-12  3.65437e-12  1.00849e-13  3.55352e-12
5.787704198e+00  3.7503618e-12  3.75036e-12  9.99629e-14  3.65040e-12
5.816642719e+00  3.8482224e-12  3.84822e-12  9.90843e-14  3.74914e-12
5.845725932e+00  3.9479646e-12  3.94796e-12  9.82128e-14  3.84975e-12
5.874954562e+00  4.0496008e-12  4.04960e-12  9.73483e-14  3.95225e-12
5.904329335e+00  4.1531425e-12  4.15314e-12  9.64909e-14  4.05665e-12
5.933850982e+00  4.2586008e-12  4.25860e-12  9.56405e-14  4.16296e-12
5.963520237e+00  4.3659862e-12  4.36599e-12  9.47970e-14  4.27119e-12
5.993337838e+00  4.4753087e-12  4.47531e-12  9.39604e-14  4.38135e-12
6.023304527e+00  4.5865775e-12  4.58658e-12  9.31306e-14  4.49345e-12
6.053421050e+00  4.6998015e-12  4.69980e-12  9.23076e-14  4.60749e-12
6.083688155e+00  4.8149885e-12  4.81499e-12  9.14914e-14  4.72350e-12
6.114106596e+00  4.9321461e-12  4.93215e-12  9.06818e-14  4.84146e-12
6.144677129e+00  5.0512810e-12  5.05128e-12  8.98789e-14  4.96140e-12
6.175400514e+00  5.1723993e-12  5.17240e-12  8.90826e-14  5.08332e-12
6.206277517e+00  5.2955064e-12  5.29551e-12  8.82928e-14  5.20721e-12
6.237308904e+00  5.4206071e-12  5.42061e-12  8.75096e-14  5.33310e-12
6.268495449e+00  5.5477053e-12  5.54771e-12  8.67328e-14  5.46097e-12
6.299837926e+00  5.6768043e-12  5.67680e-12  8.59624e-14  5.59084e-12
6.331337116e+00  5.8079067e-12  5.80791e-12  8.51984e-14  5.72271e-12
6.362993801e+00  5.9410144e-12  5.94101e-12  8.44407e-14  5.85657e-12
6.394808770e+00  6.0761285e-12  6.07613e-12  8.36893e-14  5.99244e-12
6.426782814e+00  6.2132493e-12  6.21325e-12  8.29442e-14  6.13031e-12
6.458916728e+00  6.3523764e-12  6.35238e-12  8.22052e-14  6.27017e-12
6.491211312e+00  6.4935087e-12  6.49351e-12  8.14723e-14  6.41204e-12
6.523667368e+00  6.6366441e-12  6.63664e-12  8.07456e-14  6.55590e-12
6.556285705e+00  6.7817800e-12  6.78178e-12  8.00249e-14  6.70176e-12
6.589067134e+00  6.9289128e-12  6.92891e-12  7.93102e-14  6.84960e-12
6.622012469e+00  7.0780382e-12  7.07804e-12  7.86015e-14  6.99944e-12
6.655122532e+00  7.2291511e-12  7.22915e-12  7.78987e-14  7.15125e-12
6.688398144e+00  7.3822457e-12  7.38225e-12  7.72018e-14  7.30504e-12
6.721840135e+00  7.5373150e-12  7.53732e-12  7.65108e-14  7.46080e-12
6.755449336e+00  7.6943517e-12  7.69435e-12  7.58255e-14  7.61853e-12
6.789226583e+00  7.8533474e-12  7.85335e-12  7.51460e-14  7.77820e-12
6.823172715e+00  8.0142929e-12  8.01429e-12  7.44721e-14  7.93982e-12
6.857288579e+00  8.1771781e-12  8.17718e-12  7.38040e-14  8.10337e-12
6.891575022e+00  8.3419923e-12  8.34199e-12  7.31415e-14  8.26885e-12
6.926032897e+00  8.5087239e-12  8.50872e-12  7.24845e-14  8.43624e-12
6.960663062e+00  8.6773603e-12  8.67736e-12  7.18331e-14  8.60553e-12
6.995466377e+00  8.8478883e-12  8.84789e-12  7.11872e-14  8.77670e-12
7.030443709e+00  9.0202938e-12  9.02029e-12  7.05468e-14  8.94975e-12
7.065595927e+00  9.1945617e-12  9.19456e-12  6.99118e-14  9.12465e-12
7.100923907e+00  9.3706764e-12  9.37068e-12  6.92821e-14  9.30139e-12
7.136428526e+00  9.5486213e-12  9.54862e-12  6.86578e-14  9.47996e-12
7.172110669e+00  9.7283789e-12  9.72838e-12  6.80388e-14  9.66034e-12
7.207971222e+00  9.9099311e-12  9.90993e-12  6.74250e-14  9.84251e-12
7.244011079e+00  1.0093259e-11  1.00933e-11  6.68165e-14  1.00264e-11
7.280231134e+00  1.0278342e-11  1.02783e-11  6.62131e-14  1.02121e-11
7.316632290e+00  1.0465161e-11  1.04652e-11  6.56149e-14  1.03995e-11
7.353215451e+00  1.0653693e-11  1.06537e-11  6.50217e-14  1.05887e-11
7.389981528e+00  1.0843916e-11  1.08439e-11  6.44337e-14  1.07795e-11
7.426931436e+00  1.1035808e-11  1.10358e-11  6.38506e-14  1.09720e-11
7.464066093e+00  1.1229344e-11  1.12293e-11  6.32726e-14  1.11661e-11
7.501386424e+00  1.1424501e-11  1.14245e-11  6.26994e-14  1.13618e-11
7.538893356e+00  1.1621252e-11  1.16213e-11  6.21312e-14  1.15591e-11
7.576587822e+00  1.1819572e-11  1.18196e-11  6.15679e-14  1.17580e-11
7.614470762e+00  1.2019433e-11  1.20194e-11  6.10094e-14  1.19584e-11
7.652543115e+00  1.2220809e-11  1.22208e-11  6.04556e-14  1.21604e-11
7.690805831e+00  1.2423671e-11  1.24237e-11  5.99067e-14  1.23638e-11
7.729259860e+00  1.2627990e-11  1.26280e-11  5.93624e-14  1.25686e-11
7.767906159e+00  1.2833736e-11  1.28337e-11  5.88229e-14  1.27749e-11
7.806745690e+00  1.3040879e-11  1.30409e-11  5.82880e-14  1.29826e-11
7.845779419e+00  1.3249388e-11  1.32494e-11  5.77577e-14  1.31916e-11
7.885008316e+00  1.3459231e-11  1.34592e-11  5.72319e-14  1.34020e-11
7.924433357e+00  1.3670375e-11  1.36704e-11  5.67107e-14  1.36137e-11
7.964055524e+00  1.3882788e-11  1.38828e-11  5.61941e-14  1.38266e-11
8.003875802e+00  1.4096437e-11  1.40964e-11  5.56818e-14  1.40408e-11
8.043895181e+00  1.4311285e-11  1.43113e-11  5.51741e-14  1.42561e-11
8.084114657e+00  1.4527300e-11  1.45273e-11  5.46707e-14  1.44726e-11
8.124535230e+00  1.4744445e-11  1.47444e-11  5.41716e-14  1.46903e-11
8.165157906e+00  1.4962684e-11  1.49627e-11  5.36770e-14  1.49090e-11
8.205983696e+00  1.5181980e-11  1.51820e-11  5.31866e-14  1.51288e-11
8.247013614e+00  1.5402297e-11  1.54023e-11  5.27004e-14  1.53496e-11
8.288248682e+00  1.5623597e-11  1.56236e-11  5.22185e-14  1.55714e-11
8.329689926e+00  1.5845841e-11  1.58458e-11  5.17408e-14  1.57941e-11
8.371338375e+00  1.6068991e-11  1.60690e-11  5.12672e-14  1.60177e-11
8.413195067e+00  1.6293008e-11  1.62930e-11  5.07978e-14  1.62422e-11
8.455261042e+00  1.6517851e-11  1.65179e-11  5.03325e-14  1.64675e-11
8.497537348e+00  1.6743482e-11  1.67435e-11  4.98712e-14  1.66936e-11
8.540025034e+00  1.6969859e-11  1.69699e-11  4.94140e-14  1.69204e-11
8.582725160e+00  1.7196942e-11  1.71969e-11  4.89607e-14  1.71480e-11
8.625638785e+00  1.7424689e-11  1.74247e-11  4.85115e-14  1.73762e-11
8.668766979e+00  1.7653058e-11  1.76531e-11  4.80661e-14  1.76050e-11
8.712110814e+00  1.7882008e-11  1.78820e-11  4.76247e-14  1.78344e-11
8.755671368e+00  1.8111496e-11  1.81115e-11  4.71871e-14  1.80643e-11
8.799449725e+00  1.8341480e-11  1.83415e-11  4.67534e-14  1.82947e-11
8.843446974e+00  1.8571916e-11  1.85719e-11  4.63235e-14  1.85256e-11
8.887664209e+00  1.8802762e-11  1.88028e-11  4.58973e-14  1.87569e-11
8.932102530e+00  1.9033973e-11  1.90340e-11  4.54749e-14  1.89885e-11
8.976763042e+00  1.9265507e-11  1.92655e-11  4.50562e-14  1.92205e-11
9.021646857e+00  1.9497318e-11  1.94973e-11  4.46412e-14  1.94527e-11
9.066755092e+00  1.9729364e-11  1.97294e-11  4.42299e-14  1.96851e-11
9.112088867e+00  1.9961599e-11  1.99616e-11  4.38222e-14  1.99178e-11
9.157649312e+00  2.0193979e-11  2.01940e-11  4.34181e-14  2.01506e-11
9.203437558e+00  2.0426459e-11  2.04265e-11  4.30175e-14  2.03834e-11
9.249454746e+00  2.0658995e-11  2.06590e-11  4.26205e-14  2.06164e-11
9.295702020e+00  2.0891542e-11  2.08915e-11  4.22270e-14  2.08493e-11
9.342180530e+00  2.1124055e-11  2.11241e-11  4.18370e-14  2.10822e-11
9.388891432e+00  2.1356488e-11  2.13565e-11  4.14505e-14  2.13150e-11
9.435835890e+00  2.1588797e-11  2.15888e-11  4.10673e-14  2.15477e-11
9.483015069e+00  2.1820937e-11  2.18209e-11  4.06876e-14  2.17802e-11
9.530430144e+00  2.2052862e-11  2.20529e-11  4.03112e-14  2.20126e-11
9.578082295e+00  2.2284527e-11  2.22845e-11  3.99382e-14  2.22446e-11
9.625972707e+00  2.2515888e-11  2.25159e-11  3.95684e-14  2.24763e-11
9.674102570e+00  2.2746899e-11  2.27469e-11  3.92020e-14  2.27077e-11
9.722473083e+00  2.2977515e-11  2.29775e-11  3.88388e-14  2.29387e-11
9.771085448e+00  2.3207691e-11  2.32077e-11  3.84789e-14  2.31692e-11
9.819940876e+00  2.3437384e-11  2.34374e-11  3.81221e-14  2.33993e-11
9.869040580e+00  2.3666547e-11  2.36665e-11  3.77686e-14  2.36288e-11
9.918385783e+00  2.3895137e-11  2.38951e-11  3.74182e-14  2.38577e-11
9.967977712e+00  2.4123109e-11  2.41231e-11  3.70709e-14  2.40860e-11
1.001781760e+01  2.4350419e-11  2.43504e-11  3.67267e-14  2.43137e-11
1.006790669e+01  2.4577024e-11  2.45770e-11  3.63856e-14  2.45406e-11
1.011824622e+01  2.4802879e-11  2.48029e-11  3.60475e-14  2.47668e-11
1.016883745e+01  2.5027940e-11  2.50279e-11  3.57125e-14  2.49922e-11
1.021968164e+01  2.5252165e-11  2.52522e-11  3.53804e-14  2.52168e-11
1.027078005e+01  2.5475511e-11  2.54755e-11  3.50514e-14  2.54405e-11
1.032213395e+01  2.5697935e-11  2.56979e-11  3.47253e-14  2.56632e-11
1.037374462e+01  2.5919395e-11  2.59194e-11  3.44021e-14  2.58850e-11
1.042561334e+01  2.6139847e-11  2.61398e-11  3.40817e-14  2.61058e-11
1.047774141e+01  2.6359252e-11  2.63593e-11  3.37643e-14  2.63255e-11
1.053013012e+01  2.6577566e-11  2.65776e-11  3.34497e-14  2.65441e-11
1.058278077e+01  2.6794750e-11  2.67947e-11  3.31380e-14  2.67616e-11
1.063569467e+01  2.7010762e-11  2.70108e-11  3.28290e-14  2.69779e-11
1.068887314e+01  2.7225562e-11  2.72256e-11  3.25229e-14  2.71930e-11
1.074231751e+01  2.7439110e-11  2.74391e-11  3.22194e-14  2.74069e-11
1.079602910e+01  2.7651367e-11  2.76514e-11  3.19188e-14  2.76194e-11
1.085000924e+01  2.7862294e-11  2.78623e-11  3.16208e-14  2.78307e-11
1.090425929e+01  2.8071852e-11  2.80719e-11  3.13255e-14  2.80405e-11
1.095878058e+01  2.8280002e-11  2.82800e-11  3.10329e-14  2.82490e-11
1.101357449e+01  2.8486708e-11  2.84867e-11  3.07429e-14  2.84560e-11
1.106864236e+01  2.8691932e-11  2.86919e-11  3.04555e-14  2.86615e-11
1.112398557e+01  2.8895637e-11  2.88956e-11  3.01707e-14  2.88655e-11
1.117960550e+01  2.9097787e-11  2.90978e-11  2.98885e-14  2.90679e-11
1.123550353e+01  2.9298347e-11  2.92983e-11  2.96089e-14  2.92687e-11
1.129168104e+01  2.9497281e-11  2.94973e-11  2.93318e-14  2.94679e-11
1.134813945e+01  2.9694554e-11  2.96946e-11  2.90571e-14  2.96655e-11
1.140488015e+01  2.9890133e-11  2.98901e-11  2.87850e-14  2.98613e-11
1.146190455e+01  3.0083984e-11  3.00840e-11  2.85154e-14  3.00555e-11
1.151921407e+01  3.0276075e-11  3.02761e-11  2.82481e-14  3.02478e-11
1.157681014e+01  3.0466372e-11  3.04664e-11  2.79833e-14  3.04384e-11
1.163469419e+01  3.0654843e-11  3.06548e-11  2.77210e-14  3.06271e-11
1.169286766e+01  3.0841459e-11  3.08415e-11  2.74609e-14  3.08140e-11
1.175133200e+01  3.1026187e-11  3.10262e-11  2.72033e-14  3.09990e-11
1.181008866e+01  3.1208999e-11  3.12090e-11  2.69480e-14  3.11821e-11
1.186913910e+01  3.1389865e-11  3.13899e-11  2.66950e-14  3.13632e-11
1.192848480e+01  3.1568755e-11  3.15688e-11  2.64443e-14  3.15423e-11
1.198812722e+01  3.1745643e-11  3.17456e-11  2.61959e-14  3.17194e-11
1.204806786e+01  3.1920500e-11  3.19205e-11  2.59498e-14  3.18945e-11
1.210830820e+01  3.2093299e-11  3.20933e-11  2.57059e-14  3.20676e-11
1.216884974e+01  3.2264015e-11  3.22640e-11  2.54642e-14  3.22386e-11
1.222969399e+01  3.2432621e-11  3.24326e-11  2.52247e-14  3.24074e-11
1.229084246e+01  3.2599094e-11  3.25991e-11  2.49874e-14  3.25741e-11
1.235229667e+01  3.2763408e-11  3.27634e-11  2.47523e-14  3.27387e-11
1.241405815e+01  3.2925540e-11  3.29255e-11  2.45194e-14  3.29010e-11
1.247612845e+01  3.3085468e-11  3.30855e-11  2.42885e-14  3.30612e-11
1.253850909e+01  3.3243168e-11  3.32432e-11  2.40598e-14  3.32191e-11
1.260120163e+01  3.3398620e-11  3.33986e-11  2.38331e-14  3.33748e-11
1.266420764e+01  3.3551802e-11  3.35518e-11  2.36085e-14  3.35282e-11
1.272752868e+01  3.3702695e-11  3.37027e-11  2.33860e-14  3.36793e-11
1.279116632e+01  3.3851278e-11  3.38513e-11  2.31656e-14  3.38281e-11
1.285512215e+01  3.3997533e-11  3.39975e-11  2.29471e-14  3.39746e-11
1.291939776e+01  3.4141442e-11  3.41414e-11  2.27306e-14  3.41187e-11
1.298399475e+01  3.4282988e-11  3.42830e-11  2.25162e-14  3.42605e-11
1.304891473e+01  3.4422152e-11  3.44222e-11  2.23037e-14  3.43998e-11
1.311415930e+01  3.4558920e-11  3.45589e-11  2.20931e-14  3.45368e-11
1.317973010e+01  3.4693276e-11  3.46933e-11  2.18845e-14  3.46714e-11
1.324562875e+01  3.4825205e-11  3.48252e-11  2.16778e-14  3.48035e-11
1.331185689e+01  3.4954693e-11  3.49547e-11  2.14730e-14  3.49332e-11
1.337841618e+01  3.5081726e-11  3.50817e-11  2.12700e-14  3.50605e-11
1.344530826e+01  3.5206293e-11  3.52063e-11  2.10690e-14  3.51852e-11
1.351253480e+01  3.5328380e-11  3.53284e-11  2.08698e-14  3.53075e-11
1.358009747e+01  3.5447977e-11  3.54480e-11  2.06724e-14  3.54273e-11
1.364799796e+01  3.5565072e-11  3.55651e-11  2.04768e-14  3.55446e-11
1.371623795e+01  3.5679656e-11  3.56797e-11  2.02831e-14  3.56594e-11
1.378481914e+01  3.5791720e-11  3.57917e-11  2.00911e-14  3.57716e-11
1.385374323e+01  3.5901254e-11  3.59013e-11  1.99009e-14  3.58814e-11
1.392301195e+01  3.6008251e-11  3.60083e-11  1.97124e-14  3.59885e-11
1.399262701e+01  3.6112703e-11  3.61127e-11  1.95257e-14  3.60932e-11
1.406259015e+01  3.6214603e-11  3.62146e-11  1.93407e-14  3.61953e-11
1.413290310e+01  3.6313946e-11  3.63139e-11  1.91574e-14  3.62948e-11
1.420356761e+01  3.6410726e-11  3.64107e-11  1.89758e-14  3.63917e-11
1.427458545e+01  3.6504938e-11  3.65049e-11  1.87959e-14  3.64861e-11
1.434595838e+01  3.6596578e-11  3.65966e-11  1.86177e-14  3.65780e-11
1.441768817e+01  3.6685642e-11  3.66856e-11  1.84411e-14  3.66672e-11
1.448977661e+01  3.6772128e-11  3.67721e-11  1.82661e-14  3.67539e-11
1.456222549e+01  3.6856033e-11  3.68560e-11  1.80928e-14  3.68379e-11
1.463503662e+01  3.6937356e-11  3.69374e-11  1.79210e-14  3.69194e-11
1.470821180e+01  3.7016095e-11  3.70161e-11  1.77509e-14  3.69983e-11
1.478175286e+01  3.7092250e-11  3.70923e-11  1.75823e-14  3.70747e-11
1.485566163e+01  3.7165821e-11  3.71658e-11  1.74153e-14  3.71484e-11
1.492993994e+01  3.7236809e-11  3.72368e-11  1.72498e-14  3.72196e-11
1.500458964e+01  3.7305216e-11  3.73052e-11  1.70859e-14  3.72881e-11
1.507961258e+01  3.7371042e-11  3.73710e-11  1.69235e-14  3.73541e-11
1.515501065e+01  3.7434290e-11  3.74343e-11  1.67626e-14  3.74175e-11
1.523078570e+01  3.7494964e-11  3.74950e-11  1.66032e-14  3.74784e-11
1.530693963e+01  3.7553067e-11  3.75531e-11  1.64453e-14  3.75366e-11
1.538347433e+01  3.7608603e-11  3.76086e-11  1.62888e-14  3.75923e-11
1.546039170e+01  3.7661577e-11  3.76616e-11  1.61338e-14  3.76454e-11
1.553769366e+01  3.7711993e-11  3.77120e-11  1.59802e-14  3.76960e-11
1.561538212e+01  3.7759858e-11  3.77599e-11  1.58281e-14  3.77440e-11
1.569345903e+01  3.7805178e-11  3.78052e-11  1.56774e-14  3.77895e-11
1.577192633e+01  3.7847959e-11  3.78480e-11  1.55281e-14  3.78324e-11
1.585078596e+01  3.7888209e-11  3.78882e-11  1.53801e-14  3.78728e-11
1.593003989e+01  3.7925936e-11  3.79259e-11  1.52336e-14  3.79107e-11
1.600969009e+01  3.7961147e-11  3.79611e-11  1.50884e-14  3.79461e-11
1.608973854e+01  3.7993851e-11  3.79939e-11  1.49446e-14  3.79789e-11
1.617018723e+01  3.8024058e-11  3.80241e-11  1.48021e-14  3.80093e-11
1.625103817e+01  3.8051777e-11  3.80518e-11  1.46609e-14  3.80371e-11
1.633229336e+01  3.8077018e-11  3.80770e-11  1.45211e-14  3.80625e-11
1.641395483e+01  3.8099792e-11  3.80998e-11  1.43825e-14  3.80854e-11
1.649602460e+01  3.8120109e-11  3.81201e-11  1.42453e-14  3.81059e-11
1.657850473e+01  3.8137981e-11  3.81380e-11  1.41093e-14  3.81239e-11
1.666139725e+01  3.8153420e-11  3.81534e-11  1.39747e-14  3.81394e-11
1.674470424e+01  3.8166438e-11  3.81664e-11  1.38412e-14  3.81526e-11
1.682842776e+01  3.8177047e-11  3.81770e-11  1.37090e-14  3.81633e-11
1.691256990e+01  3.8185261e-11  3.81853e-11  1.35781e-14  3.81717e-11
1.699713274e+01  3.8191093e-11  3.81911e-11  1.34484e-14  3.81776e-11
1.708211841e+01  3.8194556e-11  3.81946e-11  1.33198e-14  3.81812e-11
1.716752900e+01  3.8195665e-11  3.81957e-11  1.31925e-14  3.81825e-11
1.725336665e+01  3.8194434e-11  3.81944e-11  1.30664e-14  3.81814e-11
1.733963348e+01  3.8190878e-11  3.81909e-11  1.29415e-14  3.81779e-11
1.742633165e+01  3.8185013e-11  3.81850e-11  1.28177e-14  3.81722e-11
1.751346330e+01  3.8176853e-11  3.81769e-11  1.26951e-14  3.81642e-11
1.760103062e+01  3.8166414e-11  3.81664e-11  1.25737e-14  3.81538e-11
1.768903577e+01  3.8153713e-11  3.81537e-11  1.24534e-14  3.81413e-11
1.777748095e+01  3.8138766e-11  3.81388e-11  1.23342e-14  3.81264e-11
1.786636836e+01  3.8121590e-11  3.81216e-11  1.22161e-14  3.81094e-11
1.795570020e+01  3.8102202e-11  3.81022e-11  1.20991e-14  3.80901e-11
1.804547870e+01  3.8080618e-11  3.80806e-11  1.19833e-14  3.80686e-11
1.813570609e+01  3.8056857e-11  3.80569e-11  1.18685e-14  3.80450e-11
1.822638462e+01  3.8030937e-11  3.80309e-11  1.17548e-14  3.80192e-11
1.831751655e+01  3.8002875e-11  3.80029e-11  1.16422e-14  3.79912e-11
1.840910413e+01  3.7972690e-11  3.79727e-11  1.15306e-14  3.79612e-11
1.850114965e+01  3.7940400e-11  3.79404e-11  1.14201e-14  3.79290e-11
1.859365540e+01  3.7906025e-11  3.79060e-11  1.13106e-14  3.78947e-11
1.868662368e+01  3.7869582e-11  3.78696e-11  1.12022e-14  3.78584e-11
1.878005679e+01  3.7831093e-11  3.78311e-11  1.10947e-14  3.78200e-11
1.887395708e+01  3.7790574e-11  3.77906e-11  1.09883e-14  3.77796e-11
1.896832686e+01  3.7748048e-11  3.77480e-11  1.08829e-14  3.77372e-11
1.906316850e+01  3.7703532e-11  3.77035e-11  1.07785e-14  3.76928e-11
1.915848434e+01  3.7657048e-11  3.76570e-11  1.06750e-14  3.76464e-11
1.925427676e+01  3.7608615e-11  3.76086e-11  1.05726e-14  3.75980e-11
1.935054815e+01  3.7558254e-11  3.75583e-11  1.04711e-14  3.75478e-11
1.944730089e+01  3.7505985e-11  3.75060e-11  1.03705e-14  3.74956e-11
1.954453739e+01  3.7451829e-11  3.74518e-11  1.02710e-14  3.74416e-11
1.964226008e+01  3.7395807e-11  3.73958e-11  1.01723e-14  3.73856e-11
1.974047138e+01  3.7337939e-11  3.73379e-11  1.00746e-14  3.73279e-11
1.983917374e+01  3.7278246e-11  3.72782e-11  9.97778e-15  3.72683e-11
1.993836960e+01  3.7216750e-11  3.72168e-11  9.88190e-15  3.72069e-11
2.003806145e+01  3.7153472e-11  3.71535e-11  9.78692e-15  3.71437e-11
2.013825176e+01  3.7088433e-11  3.70884e-11  9.69283e-15  3.70787e-11
2.023894302e+01  3.7021655e-11  3.70217e-11  9.59964e-15  3.70121e-11
2.034013773e+01  3.6953159e-11  3.69532e-11  9.50733e-15  3.69437e-11
2.044183842e+01  3.6882967e-11  3.68830e-11  9.41589e-15  3.68736e-11
2.054404761e+01  3.6811101e-11  3.68111e-11  9.32531e-15  3.68018e-11
2.064676785e+01  3.6737581e-11  3.67376e-11  9.23560e-15  3.67283e-11
2.075000169e+01  3.6662431e-11  3.66624e-11  9.14673e-15  3.66533e-11
2.085375170e+01  3.6585672e-11  3.65857e-11  9.05870e-15  3.65766e-11
2.095802046e+01  3.6507326e-11  3.65073e-11  8.97150e-15  3.64984e-11
2.106281056e+01  3.6427415e-11  3.64274e-11  8.88514e-15  3.64185e-11
2.116812461e+01  3.6345960e-11  3.63460e-11  8.79958e-15  3.63372e-11
2.127396524e+01  3.6262985e-11  3.62630e-11  8.71484e-15  3.62543e-11
2.138033506e+01  3.6178511e-11  3.61785e-11  8.63091e-15  3.61699e-11
2.148723674e+01  3.6092560e-11  3.60926e-11  8.54776e-15  3.60840e-11
2.159467292e+01  3.6005154e-11  3.60052e-11  8.46541e-15  3.59967e-11
2.170264629e+01  3.5916315e-11  3.59163e-11  8.38384e-15  3.59079e-11
2.181115952e+01  3.5826066e-11  3.58261e-11  8.30304e-15  3.58178e-11
2.192021532e+01  3.5734429e-11  3.57344e-11  8.22301e-15  3.57262e-11
2.202981639e+01  3.5641425e-11  3.56414e-11  8.14373e-15  3.56333e-11
2.213996547e+01  3.5547076e-11  3.55471e-11  8.06521e-15  3.55390e-11
2.225066530e+01  3.5451406e-11  3.54514e-11  7.98744e-15  3.54434e-11
2.236191863e+01  3.5354435e-11  3.53544e-11  7.91040e-15  3.53465e-11
2.247372822e+01  3.5256186e-11  3.52562e-11  7.83410e-15  3.52484e-11
2.258609686e+01  3.5156680e-11  3.51567e-11  7.75852e-15  3.51489e-11
2.269902735e+01  3.5055941e-11  3.50559e-11  7.68365e-15  3.50483e-11
2.281252248e+01  3.4953988e-11  3.49540e-11  7.60950e-15  3.49464e-11
2.292658510e+01  3.4850846e-11  3.48508e-11  7.53606e-15  3.48433e-11
2.304121802e+01  3.4746534e-11  3.47465e-11  7.46331e-15  3.47391e-11
2.315642411e+01  3.4641075e-11  3.46411e-11  7.39126e-15  3.46337e-11
2.327220623e+01  3.4534490e-11  3.45345e-11  7.31989e-15  3.45272e-11
2.338856726e+01  3.4426801e-11  3.44268e-11  7.24920e-15  3.44196e-11
2.350551010e+01  3.4318030e-11  3.43180e-11  7.17918e-15  3.43109e-11
2.362303765e+01  3.4208198e-11  3.42082e-11  7.10983e-15  3.42011e-11
2.374115284e+01  3.4097325e-11  3.40973e-11  7.04114e-15  3.40903e-11
2.385985860e+01  3.3985435e-11  3.39854e-11  6.97310e-15  3.39785e-11
2.397915789e+01  3.3872547e-11  3.38725e-11  6.90572e-15  3.38656e-11
2.409905368e+01  3.3758683e-11  3.37587e-11  6.83897e-15  3.37518e-11
2.421954895e+01  3.3643863e-11  3.36439e-11  6.77286e-15  3.36371e-11
2.434064670e+01  3.3528109e-11  3.35281e-11  6.70738e-15  3.35214e-11
2.446234993e+01  3.3411442e-11  3.34114e-11  6.64253e-15  3.34048e-11
2.458466168e+01  3.3293881e-11  3.32939e-11  6.57829e-15  3.32873e-11
2.470758499e+01  3.3175449e-11  3.31754e-11  6.51467e-15  3.31689e-11
2.483112291e+01  3.3056164e-11  3.30562e-11  6.45165e-15  3.30497e-11
2.495527853e+01  3.2936047e-11  3.29360e-11  6.38923e-15  3.29297e-11
