# ------------------------------------------------------------------------
# Radiance spectrum
# NASA-GSFC Planetary Spectrum Generator (PSG) (Villanueva et al. 2018, 2022)
# Synthesized on Sat Dec 23 00:03:26 2023
# Doppler velocities [km/s] (vobs,vrot+vorb,vwidth,vrfl,vstr): 0.00000,-0.00000,0.00000,-119.41115,-0.00000
# Spectral unit: Wavelength [um]
# Radiance unit: Spectral irradiance [W/m2/um]
# Wave/freq Total Object Reflected Thermal
5.000000000e-01  8.6913530e-13  8.69135e-13  8.69135e-13  1.33929e-48
5.025000000e-01  8.7641368e-13  8.76414e-13  8.76414e-13  2.16574e-48
5.050125000e-01  8.9817232e-13  8.98172e-13  8.98172e-13  3.48609e-48
5.075375625e-01  9.0208162e-13  9.02082e-13  9.02082e-13  5.61244e-48
5.100752503e-01  9.1512161e-13  9.15122e-13  9.15122e-13  9.00170e-48
5.126256266e-01  9.2734985e-13  9.27350e-13  9.27350e-13  1.44045e-47
5.151887547e-01  9.3969802e-13  9.39698e-13  9.39698e-13  2.29940e-47
5.177646985e-01  9.5659993e-13  9.56600e-13  9.56600e-13  3.65943e-47
5.203535220e-01  9.7256493e-13  9.72565e-13  9.72565e-13  5.81080e-47
5.229552896e-01  1.0001217e-12  1.00012e-12  1.00012e-12  9.19038e-47
5.255700660e-01  1.0075228e-12  1.00752e-12  1.00752e-12  1.45419e-46
5.281979164e-01  1.0223810e-12  1.02238e-12  1.02238e-12  2.29320e-46
5.308389059e-01  1.0317427e-12  1.03174e-12  1.03174e-12  3.61053e-46
5.334931005e-01  1.0526353e-12  1.05264e-12  1.05264e-12  5.66255e-46
5.361605660e-01  1.0706904e-12  1.07069e-12  1.07069e-12  8.86377e-46
5.388413688e-01  1.0838404e-12  1.08384e-12  1.08384e-12  1.38519e-45
5.415355756e-01  1.1036402e-12  1.10364e-12  1.10364e-12  2.15786e-45
5.442432535e-01  1.1134621e-12  1.11346e-12  1.11346e-12  3.35827e-45
5.469644698e-01  1.1259060e-12  1.12591e-12  1.12591e-12  5.21280e-45
5.496992921e-01  1.1484463e-12  1.14845e-12  1.14845e-12  8.06269e-45
5.524477886e-01  1.1697072e-12  1.16971e-12  1.16971e-12  1.24448e-44
5.552100275e-01  1.1718726e-12  1.17187e-12  1.17187e-12  1.92124e-44
5.579860777e-01  1.1976402e-12  1.19764e-12  1.19764e-12  2.95059e-44
5.607760081e-01  1.2156830e-12  1.21568e-12  1.21568e-12  4.52585e-44
5.635798881e-01  1.2262843e-12  1.22628e-12  1.22628e-12  6.93325e-44
5.663977875e-01  1.2447893e-12  1.24479e-12  1.24479e-12  1.05875e-43
5.692297765e-01  1.2619553e-12  1.26196e-12  1.26196e-12  1.61353e-43
5.720759254e-01  1.2713978e-12  1.27140e-12  1.27140e-12  2.45598e-43
5.749363050e-01  1.2909925e-12  1.29099e-12  1.29099e-12  3.72559e-43
5.778109865e-01  1.3059546e-12  1.30595e-12  1.30595e-12  5.64257e-43
5.807000414e-01  1.3206363e-12  1.32064e-12  1.32064e-12  8.52789e-43
5.836035417e-01  1.3364904e-12  1.33649e-12  1.33649e-12  1.28594e-42
5.865215594e-01  1.3442218e-12  1.34422e-12  1.34422e-12  1.93684e-42
5.894541672e-01  1.3626192e-12  1.36262e-12  1.36262e-12  2.90739e-42
5.924014380e-01  1.3674527e-12  1.36745e-12  1.36745e-12  4.36204e-42
5.953634452e-01  1.3855497e-12  1.38555e-12  1.38555e-12  6.52067e-42
5.983402624e-01  1.3912107e-12  1.39121e-12  1.39121e-12  9.74130e-42
6.013319637e-01  1.4060604e-12  1.40606e-12  1.40606e-12  1.45070e-41
6.043386235e-01  1.4158111e-12  1.41581e-12  1.41581e-12  2.15724e-41
6.073603167e-01  1.4321451e-12  1.43215e-12  1.43215e-12  3.19889e-41
6.103971182e-01  1.4376693e-12  1.43767e-12  1.43767e-12  4.73964e-41
6.134491038e-01  1.4479388e-12  1.44794e-12  1.44794e-12  7.00444e-41
6.165163494e-01  1.4662634e-12  1.46626e-12  1.46626e-12  1.03212e-40
6.195989311e-01  1.4676414e-12  1.46764e-12  1.46764e-12  1.52066e-40
6.226969258e-01  1.4803286e-12  1.48033e-12  1.48033e-12  2.23314e-40
6.258104104e-01  1.4985804e-12  1.49858e-12  1.49858e-12  3.27091e-40
6.289394624e-01  1.5068408e-12  1.50684e-12  1.50684e-12  4.78670e-40
6.320841597e-01  1.5160758e-12  1.51608e-12  1.51608e-12  6.99034e-40
6.352445805e-01  1.5244729e-12  1.52447e-12  1.52447e-12  1.01893e-39
6.384208035e-01  1.5463870e-12  1.54639e-12  1.54639e-12  1.48015e-39
6.416129075e-01  1.5518382e-12  1.55184e-12  1.55184e-12  2.14979e-39
6.448209720e-01  1.5693806e-12  1.56938e-12  1.56938e-12  3.11228e-39
6.480450769e-01  1.5827481e-12  1.58275e-12  1.58275e-12  4.49905e-39
6.512853022e-01  1.5937519e-12  1.59375e-12  1.59375e-12  6.49290e-39
6.545417288e-01  1.6087720e-12  1.60877e-12  1.60877e-12  9.34852e-39
6.578144374e-01  1.6244178e-12  1.62442e-12  1.62442e-12  1.34337e-38
6.611035096e-01  1.6377952e-12  1.63780e-12  1.63780e-12  1.92721e-38
6.644090271e-01  1.6559304e-12  1.65593e-12  1.65593e-12  2.75824e-38
6.677310723e-01  1.6747193e-12  1.67472e-12  1.67472e-12  3.93998e-38
6.710697276e-01  1.6956351e-12  1.69564e-12  1.69564e-12  5.61633e-38
6.744250763e-01  1.7101962e-12  1.71020e-12  1.71020e-12  7.99642e-38
6.777972017e-01  1.7204876e-12  1.72049e-12  1.72049e-12  1.13692e-37
6.811861877e-01  1.7400556e-12  1.74006e-12  1.74006e-12  1.61195e-37
6.845921186e-01  1.7565028e-12  1.75650e-12  1.75650e-12  2.28202e-37
6.880150792e-01  1.7685259e-12  1.76853e-12  1.76853e-12  3.22625e-37
6.914551546e-01  1.7908607e-12  1.79086e-12  1.79086e-12  4.54811e-37
6.949124304e-01  1.8018224e-12  1.80182e-12  1.80182e-12  6.40752e-37
6.983869925e-01  1.8287392e-12  1.82874e-12  1.82874e-12  8.99631e-37
7.018789275e-01  1.8423636e-12  1.84236e-12  1.84236e-12  1.26257e-36
7.053883221e-01  1.8520439e-12  1.85204e-12  1.85204e-12  1.76950e-36
7.089152637e-01  1.8678409e-12  1.86784e-12  1.86784e-12  2.47404e-36
7.124598400e-01  1.8907526e-12  1.89075e-12  1.89075e-12  3.45057e-36
7.160221392e-01  1.9058369e-12  1.90584e-12  1.90584e-12  4.80795e-36
7.196022499e-01  1.9125481e-12  1.91255e-12  1.91255e-12  6.69330e-36
7.232002612e-01  1.9247152e-12  1.92472e-12  1.92472e-12  9.29673e-36
7.268162625e-01  1.9422643e-12  1.94226e-12  1.94226e-12  1.28836e-35
7.304503438e-01  1.9510219e-12  1.95102e-12  1.95102e-12  1.78395e-35
7.341025955e-01  1.9663676e-12  1.96637e-12  1.96637e-12  2.46434e-35
7.377731085e-01  1.9664983e-12  1.96650e-12  1.96650e-12  3.40361e-35
7.414619740e-01  1.9803082e-12  1.98031e-12  1.98031e-12  4.68655e-35
7.451692839e-01  1.9882311e-12  1.98823e-12  1.98823e-12  6.44601e-35
7.488951303e-01  1.9962712e-12  1.99627e-12  1.99627e-12  8.85107e-35
7.526396060e-01  2.0037023e-12  2.00370e-12  2.00370e-12  1.21340e-34
7.564028040e-01  2.0051768e-12  2.00518e-12  2.00518e-12  1.66168e-34
7.601848180e-01  2.0082033e-12  2.00820e-12  2.00820e-12  2.27146e-34
7.639857421e-01  2.0123048e-12  2.01230e-12  2.01230e-12  3.09959e-34
7.678056708e-01  2.0206647e-12  2.02066e-12  2.02066e-12  4.22097e-34
7.716446992e-01  2.0187428e-12  2.01874e-12  2.01874e-12  5.74450e-34
7.755029227e-01  2.0180096e-12  2.01801e-12  2.01801e-12  7.80435e-34
7.793804373e-01  2.0273160e-12  2.02732e-12  2.02732e-12  1.05754e-33
7.832773395e-01  2.0229708e-12  2.02297e-12  2.02297e-12  1.43265e-33
7.871937262e-01  2.0241300e-12  2.02413e-12  2.02413e-12  1.93667e-33
7.911296948e-01  2.0293400e-12  2.02934e-12  2.02934e-12  2.61283e-33
7.950853433e-01  2.0300935e-12  2.03009e-12  2.03009e-12  3.52102e-33
7.990607700e-01  2.0282287e-12  2.02823e-12  2.02823e-12  4.73864e-33
8.030560739e-01  2.0267102e-12  2.02671e-12  2.02671e-12  6.36716e-33
8.070713542e-01  2.0210760e-12  2.02108e-12  2.02108e-12  8.54542e-33
8.111067110e-01  2.0136731e-12  2.01367e-12  2.01367e-12  1.14531e-32
8.151622446e-01  2.0176743e-12  2.01767e-12  2.01767e-12  1.53096e-32
8.192380558e-01  2.0198029e-12  2.01980e-12  2.01980e-12  2.04372e-32
8.233342461e-01  2.0226695e-12  2.02267e-12  2.02267e-12  2.72386e-32
8.274509173e-01  2.0307642e-12  2.03076e-12  2.03076e-12  3.62302e-32
8.315881719e-01  2.0347438e-12  2.03474e-12  2.03474e-12  4.81364e-32
8.357461127e-01  2.0367213e-12  2.03672e-12  2.03672e-12  6.38715e-32
8.399248433e-01  2.0321959e-12  2.03220e-12  2.03220e-12  8.46764e-32
8.441244675e-01  2.0272814e-12  2.02728e-12  2.02728e-12  1.12095e-31
8.483450899e-01  2.0216040e-12  2.02160e-12  2.02160e-12  1.48184e-31
8.525868153e-01  2.0136631e-12  2.01366e-12  2.01366e-12  1.95644e-31
8.568497494e-01  2.0019560e-12  2.00196e-12  2.00196e-12  2.58020e-31
8.611339981e-01  1.9924916e-12  1.99249e-12  1.99249e-12  3.39714e-31
8.654396681e-01  1.9854001e-12  1.98540e-12  1.98540e-12  4.46524e-31
8.697668665e-01  1.9780550e-12  1.97806e-12  1.97806e-12  5.86083e-31
8.741157008e-01  1.9692055e-12  1.96921e-12  1.96921e-12  7.68267e-31
8.784862793e-01  1.9594798e-12  1.95948e-12  1.95948e-12  1.00573e-30
8.828787107e-01  1.9496322e-12  1.94963e-12  1.94963e-12  1.31473e-30
8.872931042e-01  1.9547013e-12  1.95470e-12  1.95470e-12  1.71382e-30
8.917295698e-01  1.9600267e-12  1.96003e-12  1.96003e-12  2.23086e-30
8.961882176e-01  1.9578411e-12  1.95784e-12  1.95784e-12  2.90188e-30
9.006691587e-01  1.9477736e-12  1.94777e-12  1.94777e-12  3.77230e-30
9.051725045e-01  1.9354660e-12  1.93547e-12  1.93547e-12  4.89805e-30
9.096983670e-01  1.9174184e-12  1.91742e-12  1.91742e-12  6.35441e-30
9.142468589e-01  1.9001464e-12  1.90015e-12  1.90015e-12  8.23189e-30
9.188180931e-01  1.8997856e-12  1.89979e-12  1.89979e-12  1.06326e-29
9.234121836e-01  1.8993139e-12  1.89931e-12  1.89931e-12  1.37149e-29
9.280292445e-01  1.9017305e-12  1.90173e-12  1.90173e-12  1.76620e-29
9.326693908e-01  1.9044087e-12  1.90441e-12  1.90441e-12  2.27140e-29
9.373327377e-01  1.9022329e-12  1.90223e-12  1.90223e-12  2.91854e-29
9.420194014e-01  1.8954630e-12  1.89546e-12  1.89546e-12  3.74669e-29
9.467294984e-01  1.8738964e-12  1.87390e-12  1.87390e-12  4.81019e-29
9.514631459e-01  1.8665723e-12  1.86657e-12  1.86657e-12  6.15914e-29
9.562204616e-01  1.8725854e-12  1.87259e-12  1.87259e-12  7.86612e-29
9.610015639e-01  1.8773639e-12  1.87736e-12  1.87736e-12  1.00342e-28
9.658065718e-01  1.8811591e-12  1.88116e-12  1.88116e-12  1.27845e-28
9.706356046e-01  1.8829820e-12  1.88298e-12  1.88298e-12  1.62706e-28
9.754887826e-01  1.8797431e-12  1.87974e-12  1.87974e-12  2.06907e-28
9.803662265e-01  1.8725735e-12  1.87257e-12  1.87257e-12  2.62877e-28
9.852680577e-01  1.8758183e-12  1.87582e-12  1.87582e-12  3.33231e-28
9.901943980e-01  1.8777183e-12  1.87772e-12  1.87772e-12  4.21935e-28
9.951453700e-01  1.8724879e-12  1.87249e-12  1.87249e-12  5.33941e-28
1.000121097e+00  1.8724603e-12  1.87246e-12  1.87246e-12  6.74497e-28
1.005121702e+00  1.8685226e-12  1.86852e-12  1.86852e-12  8.51312e-28
1.010147311e+00  1.8756586e-12  1.87566e-12  1.87566e-12  1.07200e-27
1.015198047e+00  1.8690762e-12  1.86908e-12  1.86908e-12  1.35002e-27
1.020274038e+00  1.8714633e-12  1.87146e-12  1.87146e-12  1.69657e-27
1.025375408e+00  1.8877819e-12  1.88778e-12  1.88778e-12  2.12662e-27
1.030502285e+00  1.8884668e-12  1.88847e-12  1.88847e-12  2.66645e-27
1.035654796e+00  1.8850338e-12  1.88503e-12  1.88503e-12  3.34060e-27
1.040833070e+00  1.8813915e-12  1.88139e-12  1.88139e-12  4.18024e-27
1.046037236e+00  1.8825114e-12  1.88251e-12  1.88251e-12  5.22223e-27
1.051267422e+00  1.8876413e-12  1.88764e-12  1.88764e-12  6.51360e-27
1.056523759e+00  1.8992932e-12  1.89929e-12  1.89929e-12  8.10945e-27
1.061806378e+00  1.8986277e-12  1.89863e-12  1.89863e-12  1.00965e-26
1.067115410e+00  1.9037581e-12  1.90376e-12  1.90376e-12  1.25486e-26
1.072450987e+00  1.9128480e-12  1.91285e-12  1.91285e-12  1.55717e-26
1.077813242e+00  1.9208413e-12  1.92084e-12  1.92084e-12  1.93027e-26
1.083202308e+00  1.9235617e-12  1.92356e-12  1.92356e-12  2.39123e-26
1.088618319e+00  1.9143669e-12  1.91437e-12  1.91437e-12  2.96238e-26
1.094061411e+00  1.9432973e-12  1.94330e-12  1.94330e-12  3.65177e-26
1.099531718e+00  1.9429184e-12  1.94292e-12  1.94292e-12  4.50966e-26
1.105029377e+00  1.9484787e-12  1.94848e-12  1.94848e-12  5.55942e-26
1.110554523e+00  1.9549744e-12  1.95497e-12  1.95497e-12  6.84513e-26
1.116107296e+00  1.9613373e-12  1.96134e-12  1.96134e-12  8.41877e-26
1.121687832e+00  1.9750885e-12  1.97509e-12  1.97509e-12  1.03347e-25
1.127296272e+00  1.9797598e-12  1.97976e-12  1.97976e-12  1.26843e-25
1.132932753e+00  1.9822008e-12  1.98220e-12  1.98220e-12  1.55543e-25
1.138597417e+00  1.9967700e-12  1.99677e-12  1.99677e-12  1.90287e-25
1.144290404e+00  1.9969721e-12  1.99697e-12  1.99697e-12  2.32880e-25
1.150011856e+00  1.9974185e-12  1.99742e-12  1.99742e-12  2.84689e-25
1.155761915e+00  2.0077055e-12  2.00771e-12  2.00771e-12  3.47288e-25
1.161540725e+00  2.0064156e-12  2.00642e-12  2.00642e-12  4.23705e-25
1.167348428e+00  2.0000858e-12  2.00009e-12  2.00009e-12  5.16654e-25
1.173185171e+00  2.0036650e-12  2.00367e-12  2.00367e-12  6.28663e-25
1.179051096e+00  2.0257540e-12  2.02575e-12  2.02575e-12  7.62636e-25
1.184946352e+00  2.0215087e-12  2.02151e-12  2.02151e-12  9.26761e-25
1.190871084e+00  2.0222989e-12  2.02230e-12  2.02230e-12  1.12441e-24
1.196825439e+00  2.0127861e-12  2.01279e-12  2.01279e-12  1.36430e-24
1.202809566e+00  2.0183610e-12  2.01836e-12  2.01836e-12  1.65095e-24
1.208823614e+00  2.0153555e-12  2.01536e-12  2.01536e-12  1.99760e-24
1.214867732e+00  2.0169788e-12  2.01698e-12  2.01698e-12  2.41332e-24
1.220942071e+00  2.0065217e-12  2.00652e-12  2.00652e-12  2.91638e-24
1.227046781e+00  2.0010467e-12  2.00105e-12  2.00105e-12  3.51881e-24
1.233182015e+00  2.0081712e-12  2.00817e-12  2.00817e-12  4.23551e-24
1.239347925e+00  2.0051801e-12  2.00518e-12  2.00518e-12  5.09865e-24
1.245544665e+00  1.9969203e-12  1.99692e-12  1.99692e-12  6.13508e-24
1.251772388e+00  1.9930137e-12  1.99301e-12  1.99301e-12  7.37125e-24
1.258031250e+00  1.9954980e-12  1.99550e-12  1.99550e-12  8.84136e-24
1.264321406e+00  1.9844310e-12  1.98443e-12  1.98443e-12  1.06102e-23
1.270643013e+00  1.9784550e-12  1.97845e-12  1.97845e-12  1.27131e-23
1.276996228e+00  1.9797931e-12  1.97979e-12  1.97979e-12  1.52053e-23
1.283381209e+00  1.9776714e-12  1.97767e-12  1.97767e-12  1.81753e-23
1.289798116e+00  1.9677143e-12  1.96771e-12  1.96771e-12  2.17237e-23
1.296247106e+00  1.9622335e-12  1.96223e-12  1.96223e-12  2.59265e-23
1.302728342e+00  1.9516718e-12  1.95167e-12  1.95167e-12  3.09307e-23
1.309241983e+00  1.9501355e-12  1.95014e-12  1.95014e-12  3.68274e-23
1.315788193e+00  1.9420435e-12  1.94204e-12  1.94204e-12  4.38395e-23
1.322367134e+00  1.9315903e-12  1.93159e-12  1.93159e-12  5.21516e-23
1.328978970e+00  1.9225914e-12  1.92259e-12  1.92259e-12  6.19711e-23
1.335623865e+00  1.9221560e-12  1.92216e-12  1.92216e-12  7.34971e-23
1.342301984e+00  1.9078482e-12  1.90785e-12  1.90785e-12  8.72268e-23
1.349013494e+00  1.8965704e-12  1.89657e-12  1.89657e-12  1.03389e-22
1.355758561e+00  1.8878733e-12  1.88787e-12  1.88787e-12  1.22396e-22
1.362537354e+00  1.8799739e-12  1.87997e-12  1.87997e-12  1.44751e-22
1.369350041e+00  1.8840556e-12  1.88406e-12  1.88406e-12  1.70789e-22
1.376196791e+00  1.8626459e-12  1.86265e-12  1.86265e-12  2.01940e-22
1.383077775e+00  1.8283846e-12  1.82838e-12  1.82838e-12  2.38928e-22
1.389993164e+00  1.7704857e-12  1.77049e-12  1.77049e-12  2.83240e-22
1.396943130e+00  1.7619547e-12  1.76195e-12  1.76195e-12  3.33501e-22
1.403927846e+00  1.7110774e-12  1.71108e-12  1.71108e-12  3.94333e-22
1.410947485e+00  1.6706580e-12  1.67066e-12  1.67066e-12  4.65273e-22
1.418002222e+00  1.6395706e-12  1.63957e-12  1.63957e-12  5.47889e-22
1.425092233e+00  1.6451861e-12  1.64519e-12  1.64519e-12  6.41774e-22
1.432217694e+00  1.6428612e-12  1.64286e-12  1.64286e-12  7.51805e-22
1.439378783e+00  1.6593548e-12  1.65935e-12  1.65935e-12  8.77911e-22
1.446575677e+00  1.6626895e-12  1.66269e-12  1.66269e-12  1.02591e-21
1.453808555e+00  1.6862784e-12  1.68628e-12  1.68628e-12  1.19481e-21
1.461077598e+00  1.6755078e-12  1.67551e-12  1.67551e-12  1.39624e-21
1.468382986e+00  1.6752744e-12  1.67527e-12  1.67527e-12  1.62810e-21
1.475724901e+00  1.6786079e-12  1.67861e-12  1.67861e-12  1.89598e-21
1.483103525e+00  1.6831612e-12  1.68316e-12  1.68316e-12  2.20571e-21
1.490519043e+00  1.6760580e-12  1.67606e-12  1.67606e-12  2.56766e-21
1.497971638e+00  1.6935798e-12  1.69358e-12  1.69358e-12  2.97709e-21
1.505461496e+00  1.6967881e-12  1.69679e-12  1.69679e-12  3.45521e-21
1.512988804e+00  1.6949927e-12  1.69499e-12  1.69499e-12  4.00934e-21
1.520553748e+00  1.6830311e-12  1.68303e-12  1.68303e-12  4.65466e-21
1.528156517e+00  1.6816030e-12  1.68160e-12  1.68160e-12  5.39202e-21
1.535797299e+00  1.6731575e-12  1.67316e-12  1.67316e-12  6.24683e-21
1.543476286e+00  1.6646119e-12  1.66461e-12  1.66461e-12  7.23142e-21
1.551193667e+00  1.6665074e-12  1.66651e-12  1.66651e-12  8.35284e-21
1.558949636e+00  1.6583547e-12  1.65835e-12  1.65835e-12  9.65330e-21
1.566744384e+00  1.6511911e-12  1.65119e-12  1.65119e-12  1.11459e-20
1.574578106e+00  1.6454538e-12  1.64545e-12  1.64545e-12  1.28566e-20
1.582450996e+00  1.6405829e-12  1.64058e-12  1.64058e-12  1.48163e-20
1.590363251e+00  1.6290584e-12  1.62906e-12  1.62906e-12  1.70769e-20
1.598315067e+00  1.6193401e-12  1.61934e-12  1.61934e-12  1.96623e-20
1.606306643e+00  1.6152053e-12  1.61521e-12  1.61521e-12  2.26041e-20
1.614338176e+00  1.6046882e-12  1.60469e-12  1.60469e-12  2.59889e-20
1.622409867e+00  1.5960299e-12  1.59603e-12  1.59603e-12  2.98499e-20
1.630521916e+00  1.5885058e-12  1.58851e-12  1.58851e-12  3.42530e-20
1.638674526e+00  1.5810592e-12  1.58106e-12  1.58106e-12  3.92753e-20
1.646867898e+00  1.5789466e-12  1.57895e-12  1.57895e-12  4.49658e-20
1.655102238e+00  1.5689678e-12  1.56897e-12  1.56897e-12  5.14993e-20
1.663377749e+00  1.5624185e-12  1.56242e-12  1.56242e-12  5.89093e-20
1.671694638e+00  1.5494908e-12  1.54949e-12  1.54949e-12  6.73971e-20
1.680053111e+00  1.5389772e-12  1.53898e-12  1.53898e-12  7.70243e-20
1.688453377e+00  1.5362937e-12  1.53629e-12  1.53629e-12  8.78618e-20
1.696895643e+00  1.5230388e-12  1.52304e-12  1.52304e-12  1.00305e-19
1.705380122e+00  1.5053605e-12  1.50536e-12  1.50536e-12  1.14503e-19
1.713907022e+00  1.4905968e-12  1.49060e-12  1.49060e-12  1.30561e-19
1.722476557e+00  1.4846120e-12  1.48461e-12  1.48461e-12  1.48571e-19
1.731088940e+00  1.4837522e-12  1.48375e-12  1.48375e-12  1.68814e-19
1.739744385e+00  1.4790028e-12  1.47900e-12  1.47900e-12  1.91788e-19
1.748443107e+00  1.4695402e-12  1.46954e-12  1.46954e-12  2.17887e-19
1.757185322e+00  1.4535976e-12  1.45360e-12  1.45360e-12  2.47608e-19
1.765971249e+00  1.4484472e-12  1.44845e-12  1.44845e-12  2.80726e-19
1.774801105e+00  1.4202547e-12  1.42025e-12  1.42025e-12  3.19176e-19
1.783675111e+00  1.4171596e-12  1.41716e-12  1.41716e-12  3.61250e-19
1.792593486e+00  1.4145677e-12  1.41457e-12  1.41457e-12  4.08550e-19
1.801556454e+00  1.3867240e-12  1.38672e-12  1.38672e-12  4.63546e-19
1.810564236e+00  1.3723840e-12  1.37238e-12  1.37238e-12  5.24489e-19
1.819617057e+00  1.3634513e-12  1.36345e-12  1.36345e-12  5.92540e-19
1.828715142e+00  1.3533929e-12  1.35339e-12  1.35339e-12  6.69088e-19
1.837858718e+00  1.3487089e-12  1.34871e-12  1.34871e-12  7.54372e-19
1.847048012e+00  1.3355894e-12  1.33559e-12  1.33559e-12  8.51099e-19
1.856283252e+00  1.3122999e-12  1.31230e-12  1.31230e-12  9.61168e-19
1.865564668e+00  1.2925774e-12  1.29258e-12  1.29258e-12  1.08415e-18
1.874892491e+00  1.2469547e-12  1.24695e-12  1.24695e-12  1.22721e-18
1.884266954e+00  1.1762664e-12  1.17627e-12  1.17627e-12  1.39390e-18
1.893688289e+00  1.0663293e-12  1.06633e-12  1.06633e-12  1.59216e-18
1.903156730e+00  9.4966978e-13  9.49670e-13  9.49668e-13  1.81922e-18
1.912672514e+00  9.0696261e-13  9.06963e-13  9.06961e-13  2.05324e-18
1.922235876e+00  9.1622642e-13  9.16226e-13  9.16224e-13  2.29704e-18
1.931847056e+00  9.4140942e-13  9.41409e-13  9.41407e-13  2.56151e-18
1.941506291e+00  9.5880921e-13  9.58809e-13  9.58806e-13  2.85797e-18
1.951213822e+00  9.7821068e-13  9.78211e-13  9.78207e-13  3.18547e-18
1.960969892e+00  9.8519116e-13  9.85191e-13  9.85188e-13  3.55530e-18
1.970774741e+00  9.8908465e-13  9.89085e-13  9.89081e-13  3.96749e-18
1.980628615e+00  1.0050575e-12  1.00506e-12  1.00505e-12  4.41563e-18
1.990531758e+00  1.0172439e-12  1.01724e-12  1.01724e-12  4.91420e-18
2.000484417e+00  1.0208968e-12  1.02090e-12  1.02089e-12  5.47338e-18
2.010486839e+00  1.0307309e-12  1.03073e-12  1.03072e-12  6.08581e-18
2.020539273e+00  1.0350148e-12  1.03501e-12  1.03501e-12  6.76885e-18
2.030641969e+00  1.0355382e-12  1.03554e-12  1.03553e-12  7.52872e-18
2.040795179e+00  1.0385410e-12  1.03854e-12  1.03853e-12  8.36500e-18
2.050999155e+00  1.0443752e-12  1.04438e-12  1.04437e-12  9.28368e-18
2.061254151e+00  1.0400069e-12  1.04001e-12  1.04000e-12  1.03156e-17
2.071560421e+00  1.0316169e-12  1.03162e-12  1.03161e-12  1.14636e-17
2.081918224e+00  1.0347118e-12  1.03471e-12  1.03470e-12  1.27053e-17
2.092327815e+00  1.0245820e-12  1.02458e-12  1.02457e-12  1.41070e-17
2.102789454e+00  1.0251687e-12  1.02517e-12  1.02515e-12  1.56233e-17
2.113303401e+00  1.0058694e-12  1.00587e-12  1.00585e-12  1.73561e-17
2.123869918e+00  1.0103305e-12  1.01033e-12  1.01031e-12  1.91852e-17
2.134489268e+00  1.0346749e-12  1.03467e-12  1.03465e-12  2.11149e-17
2.145161714e+00  9.9814112e-13  9.98141e-13  9.98118e-13  2.34931e-17
2.155887523e+00  9.8038867e-13  9.80389e-13  9.80363e-13  2.60325e-17
2.166666960e+00  9.7776561e-13  9.77766e-13  9.77737e-13  2.87474e-17
2.177500295e+00  9.6549673e-13  9.65497e-13  9.65465e-13  3.17860e-17
2.188387796e+00  9.5596263e-13  9.55963e-13  9.55928e-13  3.51079e-17
2.199329735e+00  9.2057088e-13  9.20571e-13  9.20532e-13  3.89506e-17
2.210326384e+00  9.0402539e-13  9.04025e-13  9.03982e-13  4.30338e-17
2.221378016e+00  9.0373527e-13  9.03735e-13  9.03688e-13  4.73688e-17
2.232484906e+00  8.9587671e-13  8.95877e-13  8.95825e-13  5.21887e-17
2.243647331e+00  8.7846782e-13  8.78468e-13  8.78410e-13  5.75767e-17
2.254865567e+00  8.6782760e-13  8.67828e-13  8.67764e-13  6.34023e-17
2.266139895e+00  8.3225444e-13  8.32254e-13  8.32184e-13  7.01289e-17
2.277470595e+00  8.4541671e-13  8.45417e-13  8.45340e-13  7.67764e-17
2.288857948e+00  8.1047944e-13  8.10479e-13  8.10395e-13  8.48263e-17
2.300302237e+00  7.8117474e-13  7.81175e-13  7.81081e-13  9.35676e-17
2.311803748e+00  7.6871640e-13  7.68716e-13  7.68614e-13  1.02807e-16
2.323362767e+00  7.7892524e-13  7.78925e-13  7.78813e-13  1.12378e-16
2.334979581e+00  7.8007908e-13  7.80079e-13  7.79956e-13  1.22999e-16
2.346654479e+00  7.6695476e-13  7.66955e-13  7.66820e-13  1.34952e-16
2.358387751e+00  7.5041852e-13  7.50419e-13  7.50270e-13  1.48097e-16
2.370179690e+00  7.3527090e-13  7.35271e-13  7.35109e-13  1.62394e-16
2.382030589e+00  7.3011238e-13  7.30112e-13  7.29935e-13  1.77610e-16
2.393940742e+00  7.0855043e-13  7.08550e-13  7.08356e-13  1.94829e-16
2.405910445e+00  6.9375656e-13  6.93757e-13  6.93543e-13  2.13308e-16
2.417939997e+00  6.9088726e-13  6.90887e-13  6.90654e-13  2.32830e-16
2.430029697e+00  6.6613828e-13  6.66138e-13  6.65883e-13  2.55211e-16
2.442179846e+00  6.4401170e-13  6.44012e-13  6.43732e-13  2.79456e-16
2.454390745e+00  6.3361984e-13  6.33620e-13  6.33315e-13  3.05084e-16
2.466662699e+00  6.2317795e-13  6.23178e-13  6.22845e-13  3.32906e-16
2.478996012e+00  6.1067560e-13  6.10676e-13  6.10312e-13  3.63254e-16
2.491390992e+00  5.9826001e-13  5.98260e-13  5.97864e-13  3.96175e-16
2.503847947e+00  5.8582990e-13  5.85830e-13  5.85398e-13  4.31877e-16
2.516367187e+00  5.7343851e-13  5.73439e-13  5.72968e-13  4.70573e-16
2.528949023e+00  5.6199067e-13  5.61991e-13  5.61478e-13  5.12390e-16
2.541593768e+00  5.6078555e-13  5.60786e-13  5.60229e-13  5.56376e-16
2.554301737e+00  5.5956435e-13  5.59564e-13  5.58961e-13  6.03843e-16
2.567073246e+00  5.6053776e-13  5.60538e-13  5.59883e-13  6.54709e-16
2.579908612e+00  5.6322001e-13  5.63220e-13  5.62511e-13  7.09229e-16
2.592808155e+00  5.6447576e-13  5.64476e-13  5.63708e-13  7.68161e-16
2.605772196e+00  5.4554275e-13  5.45543e-13  5.44707e-13  8.35540e-16
2.618801057e+00  5.2675552e-13  5.26756e-13  5.25847e-13  9.08406e-16
2.631895062e+00  5.0626745e-13  5.06267e-13  5.05280e-13  9.87601e-16
2.645054537e+00  4.8468394e-13  4.84684e-13  4.83610e-13  1.07353e-15
2.658279810e+00  4.5876536e-13  4.58765e-13  4.57598e-13  1.16764e-15
2.671571209e+00  4.1109268e-13  4.11093e-13  4.09817e-13  1.27605e-15
2.684929065e+00  3.5369595e-13  3.53696e-13  3.52299e-13  1.39715e-15
2.698353710e+00  3.5123976e-13  3.51240e-13  3.49730e-13  1.50942e-15
2.711845479e+00  3.4880538e-13  3.48805e-13  3.47175e-13  1.62995e-15
2.725404706e+00  3.4639338e-13  3.46393e-13  3.44634e-13  1.75931e-15
2.739031730e+00  3.4400435e-13  3.44004e-13  3.42106e-13  1.89808e-15
2.752726889e+00  3.4163891e-13  3.41639e-13  3.39592e-13  2.04686e-15
2.766490523e+00  3.3929771e-13  3.39298e-13  3.37091e-13  2.20631e-15
2.780322976e+00  3.3698143e-13  3.36981e-13  3.34604e-13  2.37712e-15
2.794224591e+00  3.3469082e-13  3.34691e-13  3.32131e-13  2.56001e-15
2.808195713e+00  3.3242663e-13  3.32427e-13  3.29671e-13  2.75575e-15
2.822236692e+00  3.3018967e-13  3.30190e-13  3.27225e-13  2.96516e-15
2.836347875e+00  3.2798079e-13  3.27981e-13  3.24792e-13  3.18907e-15
2.850529615e+00  3.2580088e-13  3.25801e-13  3.22372e-13  3.42839e-15
2.864782263e+00  3.2365089e-13  3.23651e-13  3.19967e-13  3.68408e-15
2.879106174e+00  3.2153180e-13  3.21532e-13  3.17575e-13  3.95712e-15
2.893501705e+00  3.1944466e-13  3.19445e-13  3.15196e-13  4.24857e-15
2.907969214e+00  3.1739057e-13  3.17391e-13  3.12831e-13  4.55953e-15
2.922509060e+00  3.1537067e-13  3.15371e-13  3.10479e-13  4.89117e-15
2.937121605e+00  3.1338617e-13  3.13386e-13  3.08141e-13  5.24471e-15
2.951807213e+00  3.1143835e-13  3.11438e-13  3.05817e-13  5.62143e-15
2.966566249e+00  3.0952854e-13  3.09529e-13  3.03506e-13  6.02268e-15
2.981399080e+00  3.0765813e-13  3.07658e-13  3.01208e-13  6.44989e-15
2.996306076e+00  3.0582860e-13  3.05829e-13  2.98924e-13  6.90452e-15
3.011287606e+00  3.0404149e-13  3.04041e-13  2.96653e-13  7.38815e-15
3.026344044e+00  3.0229841e-13  3.02298e-13  2.94396e-13  7.90240e-15
3.041475764e+00  3.0060106e-13  3.00601e-13  2.92152e-13  8.44899e-15
3.056683143e+00  2.9895119e-13  2.98951e-13  2.89921e-13  9.02971e-15
3.071966559e+00  2.9735067e-13  2.97351e-13  2.87704e-13  9.64644e-15
3.087326392e+00  2.9580143e-13  2.95801e-13  2.85500e-13  1.03011e-14
3.102763024e+00  2.9430551e-13  2.94306e-13  2.83310e-13  1.09958e-14
3.118276839e+00  2.9286503e-13  2.92865e-13  2.81132e-13  1.17327e-14
3.133868223e+00  2.9148220e-13  2.91482e-13  2.78968e-13  1.25140e-14
3.149537564e+00  2.9015933e-13  2.90159e-13  2.76817e-13  1.33421e-14
3.165285252e+00  2.8889885e-13  2.88899e-13  2.74680e-13  1.42193e-14
3.181111678e+00  2.8770328e-13  2.87703e-13  2.72555e-13  1.51483e-14
3.197017237e+00  2.8657524e-13  2.86575e-13  2.70444e-13  1.61317e-14
3.213002323e+00  2.8551749e-13  2.85517e-13  2.68345e-13  1.71723e-14
3.229067334e+00  2.8453289e-13  2.84533e-13  2.66260e-13  1.82730e-14
3.245212671e+00  2.8362441e-13  2.83624e-13  2.64188e-13  1.94368e-14
3.261438734e+00  2.8279516e-13  2.82795e-13  2.62128e-13  2.06668e-14
3.277745928e+00  2.8204837e-13  2.82048e-13  2.60082e-13  2.19663e-14
3.294134658e+00  2.8138740e-13  2.81387e-13  2.58049e-13  2.33386e-14
3.310605331e+00  2.8081575e-13  2.80816e-13  2.56028e-13  2.47875e-14
3.327158358e+00  2.8033705e-13  2.80337e-13  2.54021e-13  2.63164e-14
3.343794149e+00  2.7995507e-13  2.79955e-13  2.52026e-13  2.79292e-14
3.360513120e+00  2.7967375e-13  2.79674e-13  2.50044e-13  2.96298e-14
3.377315686e+00  2.7949715e-13  2.79497e-13  2.48075e-13  3.14225e-14
3.394202264e+00  2.7942949e-13  2.79429e-13  2.46118e-13  3.33114e-14
3.411173276e+00  2.7947517e-13  2.79475e-13  2.44174e-13  3.53009e-14
3.428229142e+00  2.7963872e-13  2.79639e-13  2.42243e-13  3.73957e-14
3.445370288e+00  2.7992487e-13  2.79925e-13  2.40324e-13  3.96005e-14
3.462597139e+00  2.8033848e-13  2.80338e-13  2.38418e-13  4.19203e-14
3.479910125e+00  2.8088461e-13  2.80885e-13  2.36525e-13  4.43600e-14
3.497309675e+00  2.8156849e-13  2.81568e-13  2.34643e-13  4.69251e-14
3.514796224e+00  2.8239554e-13  2.82396e-13  2.32775e-13  4.96208e-14
3.532370205e+00  2.8337134e-13  2.83371e-13  2.30918e-13  5.24530e-14
3.550032056e+00  2.8450169e-13  2.84502e-13  2.29074e-13  5.54274e-14
3.567782216e+00  2.8579256e-13  2.85793e-13  2.27243e-13  5.85500e-14
3.585621127e+00  2.8725013e-13  2.87250e-13  2.25423e-13  6.18270e-14
3.603549233e+00  2.8888077e-13  2.88881e-13  2.23616e-13  6.52650e-14
3.621566979e+00  2.9069105e-13  2.90691e-13  2.21821e-13  6.88704e-14
3.639674814e+00  2.9268777e-13  2.92688e-13  2.20038e-13  7.26502e-14
3.657873188e+00  2.9487791e-13  2.94878e-13  2.18267e-13  7.66113e-14
3.676162554e+00  2.9726870e-13  2.97269e-13  2.16508e-13  8.07611e-14
3.694543367e+00  2.9986755e-13  2.99868e-13  2.14761e-13  8.51069e-14
3.713016084e+00  3.0268211e-13  3.02682e-13  2.13026e-13  8.96566e-14
3.731581164e+00  3.0572026e-13  3.05720e-13  2.11302e-13  9.44180e-14
3.750239070e+00  3.0899010e-13  3.08990e-13  2.09591e-13  9.93992e-14
3.768990265e+00  3.1249996e-13  3.12500e-13  2.07891e-13  1.04609e-13
3.787835216e+00  3.1625840e-13  3.16258e-13  2.06203e-13  1.10055e-13
3.806774393e+00  3.2027422e-13  3.20274e-13  2.04527e-13  1.15747e-13
3.825808265e+00  3.2455646e-13  3.24556e-13  2.02862e-13  1.21694e-13
3.844937306e+00  3.2911440e-13  3.29114e-13  2.01209e-13  1.27905e-13
3.864161992e+00  3.3395757e-13  3.33958e-13  1.99568e-13  1.34390e-13
3.883482802e+00  3.3909573e-13  3.39096e-13  1.97938e-13  1.41158e-13
3.902900216e+00  3.4453890e-13  3.44539e-13  1.96319e-13  1.48220e-13
3.922414717e+00  3.5029736e-13  3.50297e-13  1.94712e-13  1.55585e-13
3.942026791e+00  3.5638161e-13  3.56382e-13  1.93116e-13  1.63266e-13
3.961736925e+00  3.6280243e-13  3.62802e-13  1.91531e-13  1.71271e-13
3.981545610e+00  3.6957086e-13  3.69571e-13  1.89958e-13  1.79613e-13
4.001453338e+00  3.7669817e-13  3.76698e-13  1.88395e-13  1.88303e-13
4.021460604e+00  3.8419590e-13  3.84196e-13  1.86844e-13  1.97352e-13
4.041567907e+00  3.9207585e-13  3.92076e-13  1.85304e-13  2.06772e-13
4.061775747e+00  4.0035008e-13  4.00350e-13  1.83775e-13  2.16575e-13
4.082084626e+00  4.0903091e-13  4.09031e-13  1.82257e-13  2.26774e-13
4.102495049e+00  4.1813090e-13  4.18131e-13  1.80749e-13  2.37382e-13
4.123007524e+00  4.2766290e-13  4.27663e-13  1.79253e-13  2.48410e-13
4.143622562e+00  4.3763999e-13  4.37640e-13  1.77767e-13  2.59873e-13
4.164340674e+00  4.4807553e-13  4.48076e-13  1.76292e-13  2.71783e-13
4.185162378e+00  4.5898312e-13  4.58983e-13  1.74828e-13  2.84155e-13
4.206088190e+00  4.7037662e-13  4.70377e-13  1.73374e-13  2.97002e-13
4.227118631e+00  4.8227016e-13  4.82270e-13  1.71931e-13  3.10339e-13
4.248254224e+00  4.9467811e-13  4.94678e-13  1.70499e-13  3.24179e-13
4.269495495e+00  5.0761508e-13  5.07615e-13  1.69077e-13  3.38539e-13
4.290842972e+00  5.2109596e-13  5.21096e-13  1.67665e-13  3.53431e-13
4.312297187e+00  5.3513586e-13  5.35136e-13  1.66264e-13  3.68872e-13
4.333858673e+00  5.4975014e-13  5.49750e-13  1.64873e-13  3.84878e-13
4.355527967e+00  5.6495441e-13  5.64954e-13  1.63492e-13  4.01463e-13
4.377305606e+00  5.8076452e-13  5.80765e-13  1.62121e-13  4.18643e-13
4.399192134e+00  5.9719654e-13  5.97197e-13  1.60761e-13  4.36436e-13
4.421188095e+00  6.1426678e-13  6.14267e-13  1.59410e-13  4.54856e-13
4.443294036e+00  6.3199177e-13  6.31992e-13  1.58070e-13  4.73922e-13
4.465510506e+00  6.5038827e-13  6.50388e-13  1.56740e-13  4.93649e-13
4.487838058e+00  6.6947326e-13  6.69473e-13  1.55419e-13  5.14054e-13
4.510277249e+00  6.8926391e-13  6.89264e-13  1.54109e-13  5.35155e-13
4.532828635e+00  7.0977762e-13  7.09778e-13  1.52808e-13  5.56970e-13
4.555492778e+00  7.3103198e-13  7.31032e-13  1.51517e-13  5.79515e-13
4.578270242e+00  7.5304477e-13  7.53045e-13  1.50236e-13  6.02809e-13
4.601161593e+00  7.7583398e-13  7.75834e-13  1.48964e-13  6.26870e-13
4.624167401e+00  7.9941776e-13  7.99418e-13  1.47702e-13  6.51716e-13
4.647288238e+00  8.2381444e-13  8.23814e-13  1.46450e-13  6.77365e-13
4.670524679e+00  8.4904251e-13  8.49043e-13  1.45206e-13  7.03836e-13
4.693877303e+00  8.7512064e-13  8.75121e-13  1.43973e-13  7.31148e-13
4.717346689e+00  9.0206764e-13  9.02068e-13  1.42749e-13  7.59319e-13
4.740933423e+00  9.2990245e-13  9.29902e-13  1.41534e-13  7.88369e-13
4.764638090e+00  9.5864417e-13  9.58644e-13  1.40328e-13  8.18316e-13
4.788461280e+00  9.8831201e-13  9.88312e-13  1.39132e-13  8.49180e-13
4.812403587e+00  1.0189253e-12  1.01893e-12  1.37944e-13  8.80981e-13
4.836465604e+00  1.0505035e-12  1.05050e-12  1.36766e-13  9.13737e-13
4.860647933e+00  1.0830661e-12  1.08307e-12  1.35597e-13  9.47469e-13
4.884951172e+00  1.1166327e-12  1.11663e-12  1.34437e-13  9.82196e-13
4.909375928e+00  1.1512231e-12  1.15122e-12  1.33286e-13  1.01794e-12
4.933922808e+00  1.1868569e-12  1.18686e-12  1.32143e-13  1.05471e-12
4.958592422e+00  1.2235541e-12  1.22355e-12  1.31010e-13  1.09254e-12
4.983385384e+00  1.2613345e-12  1.26133e-12  1.29885e-13  1.13145e-12
5.008302311e+00  1.3002180e-12  1.30022e-12  1.28769e-13  1.17145e-12
5.033343822e+00  1.3402245e-12  1.34022e-12  1.27662e-13  1.21256e-12
5.058510541e+00  1.3813739e-12  1.38137e-12  1.26563e-13  1.25481e-12
5.083803094e+00  1.4236862e-12  1.42369e-12  1.25473e-13  1.29821e-12
5.109222110e+00  1.4671812e-12  1.46718e-12  1.24391e-13  1.34279e-12
5.134768220e+00  1.5118789e-12  1.51188e-12  1.23318e-13  1.38856e-12
5.160442061e+00  1.5577990e-12  1.55780e-12  1.22253e-13  1.43555e-12
5.186244272e+00  1.6049614e-12  1.60496e-12  1.21197e-13  1.48376e-12
5.212175493e+00  1.6533858e-12  1.65339e-12  1.20149e-13  1.53324e-12
5.238236370e+00  1.7030918e-12  1.70309e-12  1.19109e-13  1.58398e-12
5.264427552e+00  1.7540989e-12  1.75410e-12  1.18077e-13  1.63602e-12
5.290749690e+00  1.8064267e-12  1.80643e-12  1.17054e-13  1.68937e-12
5.317203438e+00  1.8600943e-12  1.86009e-12  1.16038e-13  1.74406e-12
5.343789456e+00  1.9151210e-12  1.91512e-12  1.15031e-13  1.80009e-12
5.370508403e+00  1.9715257e-12  1.97153e-12  1.14031e-13  1.85749e-12
5.397360945e+00  2.0293274e-12  2.02933e-12  1.13040e-13  1.91629e-12
5.424347750e+00  2.0885447e-12  2.08854e-12  1.12056e-13  1.97649e-12
5.451469488e+00  2.1491961e-12  2.14920e-12  1.11080e-13  2.03812e-12
5.478726836e+00  2.2112998e-12  2.21130e-12  1.10112e-13  2.10119e-12
5.506120470e+00  2.2748739e-12  2.27487e-12  1.09152e-13  2.16572e-12
5.533651072e+00  2.3399363e-12  2.33994e-12  1.08199e-13  2.23174e-12
5.561319328e+00  2.4065044e-12  2.40650e-12  1.07254e-13  2.29925e-12
5.589125924e+00  2.4745955e-12  2.47460e-12  1.06317e-13  2.36828e-12
5.617071554e+00  2.5442267e-12  2.54423e-12  1.05387e-13  2.43884e-12
5.645156912e+00  2.6154146e-12  2.61541e-12  1.04465e-13  2.51095e-12
5.673382696e+00  2.6881756e-12  2.68818e-12  1.03550e-13  2.58463e-12
5.701749610e+00  2.7625259e-12  2.76253e-12  1.02642e-13  2.65988e-12
5.730258358e+00  2.8384810e-12  2.83848e-12  1.01742e-13  2.73674e-12
5.758909650e+00  2.9160564e-12  2.91606e-12  1.00849e-13  2.81521e-12
5.787704198e+00  2.9952670e-12  2.99527e-12  9.99629e-14  2.89530e-12
5.816642719e+00  3.0761275e-12  3.07613e-12  9.90843e-14  2.97704e-12
5.845725932e+00  3.1586520e-12  3.15865e-12  9.82128e-14  3.06044e-12
5.874954562e+00  3.2428543e-12  3.24285e-12  9.73483e-14  3.14551e-12
5.904329335e+00  3.3287477e-12  3.32875e-12  9.64909e-14  3.23226e-12
5.933850982e+00  3.4163452e-12  3.41635e-12  9.56405e-14  3.32070e-12
5.963520237e+00  3.5056592e-12  3.50566e-12  9.47970e-14  3.41086e-12
5.993337838e+00  3.5967016e-12  3.59670e-12  9.39604e-14  3.50274e-12
6.023304527e+00  3.6894840e-12  3.68948e-12  9.31306e-14  3.59635e-12
6.053421050e+00  3.7840173e-12  3.78402e-12  9.23076e-14  3.69171e-12
6.083688155e+00  3.8803120e-12  3.88031e-12  9.14914e-14  3.78882e-12
6.114106596e+00  3.9783780e-12  3.97838e-12  9.06818e-14  3.88770e-12
6.144677129e+00  4.0782247e-12  4.07822e-12  8.98789e-14  3.98835e-12
6.175400514e+00  4.1798610e-12  4.17986e-12  8.90826e-14  4.09078e-12
6.206277517e+00  4.2832951e-12  4.28330e-12  8.82928e-14  4.19500e-12
6.237308904e+00  4.3885348e-12  4.38853e-12  8.75096e-14  4.30103e-12
6.268495449e+00  4.4955871e-12  4.49559e-12  8.67328e-14  4.40885e-12
6.299837926e+00  4.6044587e-12  4.60446e-12  8.59624e-14  4.51850e-12
6.331337116e+00  4.7151553e-12  4.71516e-12  8.51984e-14  4.62996e-12
6.362993801e+00  4.8276822e-12  4.82768e-12  8.44407e-14  4.74324e-12
6.394808770e+00  4.9420442e-12  4.94204e-12  8.36893e-14  4.85835e-12
6.426782814e+00  5.0582452e-12  5.05825e-12  8.29442e-14  4.97530e-12
6.458916728e+00  5.1762886e-12  5.17629e-12  8.22052e-14  5.09408e-12
6.491211312e+00  5.2961770e-12  5.29618e-12  8.14723e-14  5.21470e-12
6.523667368e+00  5.4179125e-12  5.41791e-12  8.07456e-14  5.33717e-12
6.556285705e+00  5.5414964e-12  5.54150e-12  8.00249e-14  5.46147e-12
6.589067134e+00  5.6669294e-12  5.66693e-12  7.93102e-14  5.58762e-12
6.622012469e+00  5.7942115e-12  5.79421e-12  7.86015e-14  5.71561e-12
6.655122532e+00  5.9233418e-12  5.92334e-12  7.78987e-14  5.84544e-12
6.688398144e+00  6.0543189e-12  6.05432e-12  7.72018e-14  5.97712e-12
6.721840135e+00  6.1871406e-12  6.18714e-12  7.65108e-14  6.11063e-12
6.755449336e+00  6.3218041e-12  6.32180e-12  7.58255e-14  6.24598e-12
6.789226583e+00  6.4583057e-12  6.45831e-12  7.51460e-14  6.38316e-12
6.823172715e+00  6.5966411e-12  6.59664e-12  7.44721e-14  6.52217e-12
6.857288579e+00  6.7368050e-12  6.73681e-12  7.38040e-14  6.66300e-12
6.891575022e+00  6.8787918e-12  6.87879e-12  7.31415e-14  6.80565e-12
6.926032897e+00  7.0225948e-12  7.02259e-12  7.24845e-14  6.95011e-12
6.960663062e+00  7.1682067e-12  7.16821e-12  7.18331e-14  7.09637e-12
6.995466377e+00  7.3156193e-12  7.31562e-12  7.11872e-14  7.24443e-12
7.030443709e+00  7.4648239e-12  7.46482e-12  7.05468e-14  7.39428e-12
7.065595927e+00  7.6158107e-12  7.61581e-12  6.99118e-14  7.54590e-12
7.100923907e+00  7.7685695e-12  7.76857e-12  6.92821e-14  7.69929e-12
7.136428526e+00  7.9230891e-12  7.92309e-12  6.86578e-14  7.85443e-12
7.172110669e+00  8.0793576e-12  8.07936e-12  6.80388e-14  8.01132e-12
7.207971222e+00  8.2373623e-12  8.23736e-12  6.74250e-14  8.16994e-12
7.244011079e+00  8.3970900e-12  8.39709e-12  6.68165e-14  8.33027e-12
7.280231134e+00  8.5585263e-12  8.55853e-12  6.62131e-14  8.49231e-12
7.316632290e+00  8.7216564e-12  8.72166e-12  6.56149e-14  8.65604e-12
7.353215451e+00  8.8864646e-12  8.88646e-12  6.50217e-14  8.82144e-12
7.389981528e+00  9.0529344e-12  9.05293e-12  6.44337e-14  8.98850e-12
7.426931436e+00  9.2210487e-12  9.22105e-12  6.38506e-14  9.15720e-12
7.464066093e+00  9.3907896e-12  9.39079e-12  6.32726e-14  9.32752e-12
7.501386424e+00  9.5621384e-12  9.56214e-12  6.26994e-14  9.49944e-12
7.538893356e+00  9.7350757e-12  9.73508e-12  6.21312e-14  9.67294e-12
7.576587822e+00  9.9095813e-12  9.90958e-12  6.15679e-14  9.84801e-12
7.614470762e+00  1.0085634e-11  1.00856e-11  6.10094e-14  1.00246e-11
7.652543115e+00  1.0263214e-11  1.02632e-11  6.04556e-14  1.02028e-11
7.690805831e+00  1.0442296e-11  1.04423e-11  5.99067e-14  1.03824e-11
7.729259860e+00  1.0622860e-11  1.06229e-11  5.93624e-14  1.05635e-11
7.767906159e+00  1.0804880e-11  1.08049e-11  5.88229e-14  1.07461e-11
7.806745690e+00  1.0988333e-11  1.09883e-11  5.82880e-14  1.09300e-11
7.845779419e+00  1.1173193e-11  1.11732e-11  5.77577e-14  1.11154e-11
7.885008316e+00  1.1359435e-11  1.13594e-11  5.72319e-14  1.13022e-11
7.924433357e+00  1.1547032e-11  1.15470e-11  5.67107e-14  1.14903e-11
7.964055524e+00  1.1735958e-11  1.17360e-11  5.61941e-14  1.16798e-11
8.003875802e+00  1.1926184e-11  1.19262e-11  5.56818e-14  1.18705e-11
8.043895181e+00  1.2117683e-11  1.21177e-11  5.51741e-14  1.20625e-11
8.084114657e+00  1.2310424e-11  1.23104e-11  5.46707e-14  1.22558e-11
8.124535230e+00  1.2504380e-11  1.25044e-11  5.41716e-14  1.24502e-11
8.165157906e+00  1.2699519e-11  1.26995e-11  5.36770e-14  1.26458e-11
8.205983696e+00  1.2895811e-11  1.28958e-11  5.31866e-14  1.28426e-11
8.247013614e+00  1.3093224e-11  1.30932e-11  5.27004e-14  1.30405e-11
8.288248682e+00  1.3291726e-11  1.32917e-11  5.22185e-14  1.32395e-11
8.329689926e+00  1.3491286e-11  1.34913e-11  5.17408e-14  1.34395e-11
8.371338375e+00  1.3691870e-11  1.36919e-11  5.12672e-14  1.36406e-11
8.413195067e+00  1.3893445e-11  1.38934e-11  5.07978e-14  1.38426e-11
8.455261042e+00  1.4095976e-11  1.40960e-11  5.03325e-14  1.40456e-11
8.497537348e+00  1.4299429e-11  1.42994e-11  4.98712e-14  1.42496e-11
8.540025034e+00  1.4503770e-11  1.45038e-11  4.94140e-14  1.44544e-11
8.582725160e+00  1.4708962e-11  1.47090e-11  4.89607e-14  1.46600e-11
8.625638785e+00  1.4914970e-11  1.49150e-11  4.85115e-14  1.48665e-11
8.668766979e+00  1.5121758e-11  1.51218e-11  4.80661e-14  1.50737e-11
8.712110814e+00  1.5329288e-11  1.53293e-11  4.76247e-14  1.52817e-11
8.755671368e+00  1.5537524e-11  1.55375e-11  4.71871e-14  1.54903e-11
8.799449725e+00  1.5746428e-11  1.57464e-11  4.67534e-14  1.56997e-11
8.843446974e+00  1.5955962e-11  1.59560e-11  4.63235e-14  1.59096e-11
8.887664209e+00  1.6166089e-11  1.61661e-11  4.58973e-14  1.61202e-11
8.932102530e+00  1.6376769e-11  1.63768e-11  4.54749e-14  1.63313e-11
8.976763042e+00  1.6587963e-11  1.65880e-11  4.50562e-14  1.65429e-11
9.021646857e+00  1.6799633e-11  1.67996e-11  4.46412e-14  1.67550e-11
9.066755092e+00  1.7011738e-11  1.70117e-11  4.42299e-14  1.69675e-11
9.112088867e+00  1.7224240e-11  1.72242e-11  4.38222e-14  1.71804e-11
9.157649312e+00  1.7437098e-11  1.74371e-11  4.34181e-14  1.73937e-11
9.203437558e+00  1.7650273e-11  1.76503e-11  4.30175e-14  1.76073e-11
9.249454746e+00  1.7863722e-11  1.78637e-11  4.26205e-14  1.78211e-11
9.295702020e+00  1.8077407e-11  1.80774e-11  4.22270e-14  1.80352e-11
9.342180530e+00  1.8291286e-11  1.82913e-11  4.18370e-14  1.82494e-11
9.388891432e+00  1.8505318e-11  1.85053e-11  4.14505e-14  1.84639e-11
9.435835890e+00  1.8719462e-11  1.87195e-11  4.10673e-14  1.86784e-11
9.483015069e+00  1.8933678e-11  1.89337e-11  4.06876e-14  1.88930e-11
9.530430144e+00  1.9147923e-11  1.91479e-11  4.03112e-14  1.91076e-11
9.578082295e+00  1.9362156e-11  1.93622e-11  3.99382e-14  1.93222e-11
9.625972707e+00  1.9576336e-11  1.95763e-11  3.95684e-14  1.95368e-11
9.674102570e+00  1.9790421e-11  1.97904e-11  3.92020e-14  1.97512e-11
9.722473083e+00  2.0004370e-11  2.00044e-11  3.88388e-14  1.99655e-11
9.771085448e+00  2.0218141e-11  2.02181e-11  3.84789e-14  2.01797e-11
9.819940876e+00  2.0431693e-11  2.04317e-11  3.81221e-14  2.03936e-11
9.869040580e+00  2.0644984e-11  2.06450e-11  3.77686e-14  2.06072e-11
9.918385783e+00  2.0857973e-11  2.08580e-11  3.74182e-14  2.08206e-11
9.967977712e+00  2.1070617e-11  2.10706e-11  3.70709e-14  2.10335e-11
1.001781760e+01  2.1282876e-11  2.12829e-11  3.67267e-14  2.12461e-11
1.006790669e+01  2.1494709e-11  2.14947e-11  3.63856e-14  2.14583e-11
1.011824622e+01  2.1706074e-11  2.17061e-11  3.60475e-14  2.16700e-11
1.016883745e+01  2.1916930e-11  2.19169e-11  3.57125e-14  2.18812e-11
1.021968164e+01  2.2127237e-11  2.21272e-11  3.53804e-14  2.20919e-11
1.027078005e+01  2.2336953e-11  2.23370e-11  3.50514e-14  2.23019e-11
1.032213395e+01  2.2546038e-11  2.25460e-11  3.47253e-14  2.25113e-11
1.037374462e+01  2.2754451e-11  2.27545e-11  3.44021e-14  2.27200e-11
1.042561334e+01  2.2962153e-11  2.29622e-11  3.40817e-14  2.29281e-11
1.047774141e+01  2.3169104e-11  2.31691e-11  3.37643e-14  2.31353e-11
1.053013012e+01  2.3375263e-11  2.33753e-11  3.34497e-14  2.33418e-11
1.058278077e+01  2.3580591e-11  2.35806e-11  3.31380e-14  2.35475e-11
1.063569467e+01  2.3785049e-11  2.37850e-11  3.28290e-14  2.37522e-11
1.068887314e+01  2.3988598e-11  2.39886e-11  3.25229e-14  2.39561e-11
1.074231751e+01  2.4191200e-11  2.41912e-11  3.22194e-14  2.41590e-11
1.079602910e+01  2.4392815e-11  2.43928e-11  3.19188e-14  2.43609e-11
1.085000924e+01  2.4593407e-11  2.45934e-11  3.16208e-14  2.45618e-11
1.090425929e+01  2.4792937e-11  2.47929e-11  3.13255e-14  2.47616e-11
1.095878058e+01  2.4991368e-11  2.49914e-11  3.10329e-14  2.49603e-11
1.101357449e+01  2.5188664e-11  2.51887e-11  3.07429e-14  2.51579e-11
1.106864236e+01  2.5384787e-11  2.53848e-11  3.04555e-14  2.53543e-11
1.112398557e+01  2.5579701e-11  2.55797e-11  3.01707e-14  2.55495e-11
1.117960550e+01  2.5773371e-11  2.57734e-11  2.98885e-14  2.57435e-11
1.123550353e+01  2.5965762e-11  2.59658e-11  2.96089e-14  2.59362e-11
1.129168104e+01  2.6156837e-11  2.61568e-11  2.93318e-14  2.61275e-11
1.134813945e+01  2.6346564e-11  2.63466e-11  2.90571e-14  2.63175e-11
1.140488015e+01  2.6534907e-11  2.65349e-11  2.87850e-14  2.65061e-11
1.146190455e+01  2.6721834e-11  2.67218e-11  2.85154e-14  2.66933e-11
1.151921407e+01  2.6907311e-11  2.69073e-11  2.82481e-14  2.68791e-11
1.157681014e+01  2.7091305e-11  2.70913e-11  2.79833e-14  2.70633e-11
1.163469419e+01  2.7273785e-11  2.72738e-11  2.77210e-14  2.72461e-11
1.169286766e+01  2.7454718e-11  2.74547e-11  2.74609e-14  2.74273e-11
1.175133200e+01  2.7634074e-11  2.76341e-11  2.72033e-14  2.76069e-11
1.181008866e+01  2.7811822e-11  2.78118e-11  2.69480e-14  2.77849e-11
1.186913910e+01  2.7987932e-11  2.79879e-11  2.66950e-14  2.79612e-11
1.192848480e+01  2.8162374e-11  2.81624e-11  2.64443e-14  2.81359e-11
1.198812722e+01  2.8335120e-11  2.83351e-11  2.61959e-14  2.83089e-11
1.204806786e+01  2.8506141e-11  2.85061e-11  2.59498e-14  2.84802e-11
1.210830820e+01  2.8675408e-11  2.86754e-11  2.57059e-14  2.86497e-11
1.216884974e+01  2.8842896e-11  2.88429e-11  2.54642e-14  2.88174e-11
1.222969399e+01  2.9008576e-11  2.90086e-11  2.52247e-14  2.89834e-11
1.229084246e+01  2.9172423e-11  2.91724e-11  2.49874e-14  2.91474e-11
1.235229667e+01  2.9334411e-11  2.93344e-11  2.47523e-14  2.93097e-11
1.241405815e+01  2.9494515e-11  2.94945e-11  2.45194e-14  2.94700e-11
1.247612845e+01  2.9652711e-11  2.96527e-11  2.42885e-14  2.96284e-11
1.253850909e+01  2.9808975e-11  2.98090e-11  2.40598e-14  2.97849e-11
1.260120163e+01  2.9963283e-11  2.99633e-11  2.38331e-14  2.99395e-11
1.266420764e+01  3.0115614e-11  3.01156e-11  2.36085e-14  3.00920e-11
1.272752868e+01  3.0265944e-11  3.02659e-11  2.33860e-14  3.02426e-11
1.279116632e+01  3.0414253e-11  3.04143e-11  2.31656e-14  3.03911e-11
1.285512215e+01  3.0560520e-11  3.05605e-11  2.29471e-14  3.05376e-11
1.291939776e+01  3.0704725e-11  3.07047e-11  2.27306e-14  3.06820e-11
1.298399475e+01  3.0846848e-11  3.08468e-11  2.25162e-14  3.08243e-11
1.304891473e+01  3.0986870e-11  3.09869e-11  2.23037e-14  3.09646e-11
1.311415930e+01  3.1124772e-11  3.11248e-11  2.20931e-14  3.11027e-11
1.317973010e+01  3.1260538e-11  3.12605e-11  2.18845e-14  3.12387e-11
1.324562875e+01  3.1394151e-11  3.13942e-11  2.16778e-14  3.13725e-11
1.331185689e+01  3.1525593e-11  3.15256e-11  2.14730e-14  3.15041e-11
1.337841618e+01  3.1654849e-11  3.16548e-11  2.12700e-14  3.16336e-11
1.344530826e+01  3.1781904e-11  3.17819e-11  2.10690e-14  3.17608e-11
1.351253480e+01  3.1906743e-11  3.19067e-11  2.08698e-14  3.18859e-11
1.358009747e+01  3.2029353e-11  3.20294e-11  2.06724e-14  3.20087e-11
1.364799796e+01  3.2149719e-11  3.21497e-11  2.04768e-14  3.21292e-11
1.371623795e+01  3.2267831e-11  3.22678e-11  2.02831e-14  3.22475e-11
1.378481914e+01  3.2383674e-11  3.23837e-11  2.00911e-14  3.23636e-11
1.385374323e+01  3.2497239e-11  3.24972e-11  1.99009e-14  3.24773e-11
1.392301195e+01  3.2608514e-11  3.26085e-11  1.97124e-14  3.25888e-11
1.399262701e+01  3.2717490e-11  3.27175e-11  1.95257e-14  3.26980e-11
1.406259015e+01  3.2824155e-11  3.28242e-11  1.93407e-14  3.28048e-11
1.413290310e+01  3.2928503e-11  3.29285e-11  1.91574e-14  3.29093e-11
1.420356761e+01  3.3030524e-11  3.30305e-11  1.89758e-14  3.30115e-11
1.427458545e+01  3.3130211e-11  3.31302e-11  1.87959e-14  3.31114e-11
1.434595838e+01  3.3227556e-11  3.32276e-11  1.86177e-14  3.32089e-11
1.441768817e+01  3.3322553e-11  3.33226e-11  1.84411e-14  3.33041e-11
1.448977661e+01  3.3415196e-11  3.34152e-11  1.82661e-14  3.33969e-11
1.456222549e+01  3.3505481e-11  3.35055e-11  1.80928e-14  3.34874e-11
1.463503662e+01  3.3593401e-11  3.35934e-11  1.79210e-14  3.35755e-11
1.470821180e+01  3.3678954e-11  3.36790e-11  1.77509e-14  3.36612e-11
1.478175286e+01  3.3762135e-11  3.37621e-11  1.75823e-14  3.37446e-11
1.485566163e+01  3.3842942e-11  3.38429e-11  1.74153e-14  3.38255e-11
1.492993994e+01  3.3921372e-11  3.39214e-11  1.72498e-14  3.39041e-11
1.500458964e+01  3.3997423e-11  3.39974e-11  1.70859e-14  3.39803e-11
1.507961258e+01  3.4071094e-11  3.40711e-11  1.69235e-14  3.40542e-11
1.515501065e+01  3.4142385e-11  3.41424e-11  1.67626e-14  3.41256e-11
1.523078570e+01  3.4211295e-11  3.42113e-11  1.66032e-14  3.41947e-11
1.530693963e+01  3.4277825e-11  3.42778e-11  1.64453e-14  3.42614e-11
1.538347433e+01  3.4341975e-11  3.43420e-11  1.62888e-14  3.43257e-11
1.546039170e+01  3.4403748e-11  3.44037e-11  1.61338e-14  3.43876e-11
1.553769366e+01  3.4463144e-11  3.44631e-11  1.59802e-14  3.44472e-11
1.561538212e+01  3.4520167e-11  3.45202e-11  1.58281e-14  3.45043e-11
1.569345903e+01  3.4574820e-11  3.45748e-11  1.56774e-14  3.45591e-11
1.577192633e+01  3.4627105e-11  3.46271e-11  1.55281e-14  3.46116e-11
1.585078596e+01  3.4677028e-11  3.46770e-11  1.53801e-14  3.46616e-11
1.593003989e+01  3.4724593e-11  3.47246e-11  1.52336e-14  3.47094e-11
1.600969009e+01  3.4769804e-11  3.47698e-11  1.50884e-14  3.47547e-11
1.608973854e+01  3.4812668e-11  3.48127e-11  1.49446e-14  3.47977e-11
1.617018723e+01  3.4853190e-11  3.48532e-11  1.48021e-14  3.48384e-11
1.625103817e+01  3.4891376e-11  3.48914e-11  1.46609e-14  3.48767e-11
1.633229336e+01  3.4927234e-11  3.49272e-11  1.45211e-14  3.49127e-11
1.641395483e+01  3.4960771e-11  3.49608e-11  1.43825e-14  3.49464e-11
1.649602460e+01  3.4991994e-11  3.49920e-11  1.42453e-14  3.49777e-11
1.657850473e+01  3.5020912e-11  3.50209e-11  1.41093e-14  3.50068e-11
1.666139725e+01  3.5047534e-11  3.50475e-11  1.39747e-14  3.50336e-11
1.674470424e+01  3.5071868e-11  3.50719e-11  1.38412e-14  3.50580e-11
1.682842776e+01  3.5093925e-11  3.50939e-11  1.37090e-14  3.50802e-11
1.691256990e+01  3.5113713e-11  3.51137e-11  1.35781e-14  3.51001e-11
1.699713274e+01  3.5131244e-11  3.51312e-11  1.34484e-14  3.51178e-11
1.708211841e+01  3.5146528e-11  3.51465e-11  1.33198e-14  3.51332e-11
1.716752900e+01  3.5159575e-11  3.51596e-11  1.31925e-14  3.51464e-11
1.725336665e+01  3.5170399e-11  3.51704e-11  1.30664e-14  3.51573e-11
1.733963348e+01  3.5179009e-11  3.51790e-11  1.29415e-14  3.51661e-11
1.742633165e+01  3.5185419e-11  3.51854e-11  1.28177e-14  3.51726e-11
1.751346330e+01  3.5189640e-11  3.51896e-11  1.26951e-14  3.51769e-11
1.760103062e+01  3.5191686e-11  3.51917e-11  1.25737e-14  3.51791e-11
1.768903577e+01  3.5191570e-11  3.51916e-11  1.24534e-14  3.51791e-11
1.777748095e+01  3.5189306e-11  3.51893e-11  1.23342e-14  3.51770e-11
1.786636836e+01  3.5184907e-11  3.51849e-11  1.22161e-14  3.51727e-11
1.795570020e+01  3.5178387e-11  3.51784e-11  1.20991e-14  3.51663e-11
1.804547870e+01  3.5169760e-11  3.51698e-11  1.19833e-14  3.51578e-11
1.813570609e+01  3.5159043e-11  3.51590e-11  1.18685e-14  3.51472e-11
1.822638462e+01  3.5146248e-11  3.51462e-11  1.17548e-14  3.51345e-11
1.831751655e+01  3.5131393e-11  3.51314e-11  1.16422e-14  3.51198e-11
1.840910413e+01  3.5114492e-11  3.51145e-11  1.15306e-14  3.51030e-11
1.850114965e+01  3.5095561e-11  3.50956e-11  1.14201e-14  3.50841e-11
1.859365540e+01  3.5074616e-11  3.50746e-11  1.13106e-14  3.50633e-11
1.868662368e+01  3.5051673e-11  3.50517e-11  1.12022e-14  3.50405e-11
1.878005679e+01  3.5026750e-11  3.50267e-11  1.10947e-14  3.50157e-11
1.887395708e+01  3.4999862e-11  3.49999e-11  1.09883e-14  3.49889e-11
1.896832686e+01  3.4971028e-11  3.49710e-11  1.08829e-14  3.49601e-11
1.906316850e+01  3.4940263e-11  3.49403e-11  1.07785e-14  3.49295e-11
1.915848434e+01  3.4907585e-11  3.49076e-11  1.06750e-14  3.48969e-11
1.925427676e+01  3.4873013e-11  3.48730e-11  1.05726e-14  3.48624e-11
1.935054815e+01  3.4836564e-11  3.48366e-11  1.04711e-14  3.48261e-11
1.944730089e+01  3.4798255e-11  3.47983e-11  1.03705e-14  3.47879e-11
1.954453739e+01  3.4758105e-11  3.47581e-11  1.02710e-14  3.47478e-11
1.964226008e+01  3.4716133e-11  3.47161e-11  1.01723e-14  3.47060e-11
1.974047138e+01  3.4672357e-11  3.46724e-11  1.00746e-14  3.46623e-11
1.983917374e+01  3.4626795e-11  3.46268e-11  9.97778e-15  3.46168e-11
1.993836960e+01  3.4579466e-11  3.45795e-11  9.88190e-15  3.45696e-11
2.003806145e+01  3.4530390e-11  3.45304e-11  9.78692e-15  3.45206e-11
2.013825176e+01  3.4479585e-11  3.44796e-11  9.69283e-15  3.44699e-11
2.023894302e+01  3.4427070e-11  3.44271e-11  9.59964e-15  3.44175e-11
2.034013773e+01  3.4372865e-11  3.43729e-11  9.50733e-15  3.43634e-11
2.044183842e+01  3.4316990e-11  3.43170e-11  9.41589e-15  3.43076e-11
2.054404761e+01  3.4259463e-11  3.42595e-11  9.32531e-15  3.42501e-11
2.064676785e+01  3.4200304e-11  3.42003e-11  9.23560e-15  3.41911e-11
2.075000169e+01  3.4139534e-11  3.41395e-11  9.14673e-15  3.41304e-11
2.085375170e+01  3.4077172e-11  3.40772e-11  9.05870e-15  3.40681e-11
2.095802046e+01  3.4013237e-11  3.40132e-11  8.97150e-15  3.40043e-11
2.106281056e+01  3.3947750e-11  3.39478e-11  8.88514e-15  3.39389e-11
2.116812461e+01  3.3880731e-11  3.38807e-11  8.79958e-15  3.38719e-11
2.127396524e+01  3.3812200e-11  3.38122e-11  8.71484e-15  3.38035e-11
2.138033506e+01  3.3742177e-11  3.37422e-11  8.63091e-15  3.37335e-11
2.148723674e+01  3.3670682e-11  3.36707e-11  8.54776e-15  3.36621e-11
2.159467292e+01  3.3597736e-11  3.35977e-11  8.46541e-15  3.35893e-11
2.170264629e+01  3.3523358e-11  3.35234e-11  8.38384e-15  3.35150e-11
2.181115952e+01  3.3447569e-11  3.34476e-11  8.30304e-15  3.34393e-11
2.192021532e+01  3.3370389e-11  3.33704e-11  8.22301e-15  3.33622e-11
2.202981639e+01  3.3291840e-11  3.32918e-11  8.14373e-15  3.32837e-11
2.213996547e+01  3.3211940e-11  3.32119e-11  8.06521e-15  3.32039e-11
2.225066530e+01  3.3130710e-11  3.31307e-11  7.98744e-15  3.31227e-11
2.236191863e+01  3.3048171e-11  3.30482e-11  7.91040e-15  3.30403e-11
2.247372822e+01  3.2964344e-11  3.29643e-11  7.83410e-15  3.29565e-11
2.258609686e+01  3.2879248e-11  3.28792e-11  7.75852e-15  3.28715e-11
2.269902735e+01  3.2792903e-11  3.27929e-11  7.68365e-15  3.27852e-11
2.281252248e+01  3.2705331e-11  3.27053e-11  7.60950e-15  3.26977e-11
2.292658510e+01  3.2616551e-11  3.26166e-11  7.53606e-15  3.26090e-11
2.304121802e+01  3.2526584e-11  3.25266e-11  7.46331e-15  3.25191e-11
2.315642411e+01  3.2435449e-11  3.24354e-11  7.39126e-15  3.24281e-11
2.327220623e+01  3.2343168e-11  3.23432e-11  7.31989e-15  3.23358e-11
2.338856726e+01  3.2249760e-11  3.22498e-11  7.24920e-15  3.22425e-11
2.350551010e+01  3.2155246e-11  3.21552e-11  7.17918e-15  3.21481e-11
2.362303765e+01  3.2059645e-11  3.20596e-11  7.10983e-15  3.20525e-11
2.374115284e+01  3.1962978e-11  3.19630e-11  7.04114e-15  3.19559e-11
2.385985860e+01  3.1865264e-11  3.18653e-11  6.97310e-15  3.18583e-11
2.397915789e+01  3.1766523e-11  3.17665e-11  6.90572e-15  3.17596e-11
2.409905368e+01  3.1666776e-11  3.16668e-11  6.83897e-15  3.16599e-11
2.421954895e+01  3.1566042e-11  3.15660e-11  6.77286e-15  3.15593e-11
2.434064670e+01  3.1464340e-11  3.14643e-11  6.70738e-15  3.14576e-11
2.446234993e+01  3.1361691e-11  3.13617e-11  6.64253e-15  3.13550e-11
2.458466168e+01  3.1258114e-11  3.12581e-11  6.57829e-15  3.12515e-11
2.470758499e+01  3.1153628e-11  3.11536e-11  6.51467e-15  3.11471e-11
2.483112291e+01  3.1048253e-11  3.10483e-11  6.45165e-15  3.10418e-11
2.495527853e+01  3.0942008e-11  3.09420e-11  6.38923e-15  3.09356e-11
