# ------------------------------------------------------------------------
# Radiance spectrum
# NASA-GSFC Planetary Spectrum Generator (PSG) (Villanueva et al. 2018, 2022)
# Synthesized on Wed Feb 14 19:08:45 2024
# Doppler velocities [km/s] (vobs,vrot+vorb,vwidth,vrfl,vstr): 0.00000,-0.00000,0.00000,-119.41115,-0.00000
# Spectral unit: Wavelength [um]
# Radiance unit: Spectral irradiance [W/m2/um]
# Wave/freq Total Object Reflected Thermal
5.000000000e-01  5.4563974e-13  5.45640e-13  5.45640e-13  1.91041e-46
5.025000000e-01  5.5111693e-13  5.51117e-13  5.51117e-13  3.01404e-46
5.050125000e-01  5.5658244e-13  5.56582e-13  5.56582e-13  4.74411e-46
5.075375625e-01  5.6203520e-13  5.62035e-13  5.62035e-13  7.44986e-46
5.100752503e-01  5.6747415e-13  5.67474e-13  5.67474e-13  1.16717e-45
5.126256266e-01  5.7289824e-13  5.72898e-13  5.72898e-13  1.82439e-45
5.151887547e-01  5.7830642e-13  5.78306e-13  5.78306e-13  2.84513e-45
5.177646985e-01  5.8369766e-13  5.83698e-13  5.83698e-13  4.42686e-45
5.203535220e-01  5.8907091e-13  5.89071e-13  5.89071e-13  6.87229e-45
5.229552896e-01  5.9442513e-13  5.94425e-13  5.94425e-13  1.06445e-44
5.255700660e-01  5.9975931e-13  5.99759e-13  5.99759e-13  1.64502e-44
5.281979164e-01  6.0507242e-13  6.05072e-13  6.05072e-13  2.53655e-44
5.308389059e-01  6.1036345e-13  6.10363e-13  6.10363e-13  3.90254e-44
5.334931005e-01  6.1563139e-13  6.15631e-13  6.15631e-13  5.99086e-44
5.361605660e-01  6.2087524e-13  6.20875e-13  6.20875e-13  9.17639e-44
5.388413688e-01  6.2609402e-13  6.26094e-13  6.26094e-13  1.40249e-43
5.415355756e-01  6.3128673e-13  6.31287e-13  6.31287e-13  2.13886e-43
5.442432535e-01  6.3645240e-13  6.36452e-13  6.36452e-13  3.25475e-43
5.469644698e-01  6.4159007e-13  6.41590e-13  6.41590e-13  4.94214e-43
5.496992921e-01  6.4669879e-13  6.46699e-13  6.46699e-13  7.48819e-43
5.524477886e-01  6.5177760e-13  6.51778e-13  6.51778e-13  1.13216e-42
5.552100275e-01  6.5682556e-13  6.56826e-13  6.56826e-13  1.70811e-42
5.579860777e-01  6.6184176e-13  6.61842e-13  6.61842e-13  2.57158e-42
5.607760081e-01  6.6682527e-13  6.66825e-13  6.66825e-13  3.86340e-42
5.635798881e-01  6.7177519e-13  6.71775e-13  6.71775e-13  5.79198e-42
5.663977875e-01  6.7669063e-13  6.76691e-13  6.76691e-13  8.66517e-42
5.692297765e-01  6.8157070e-13  6.81571e-13  6.81571e-13  1.29367e-41
5.720759254e-01  6.8641454e-13  6.86415e-13  6.86415e-13  1.92741e-41
5.749363050e-01  6.9122128e-13  6.91221e-13  6.91221e-13  2.86569e-41
5.778109865e-01  6.9599008e-13  6.95990e-13  6.95990e-13  4.25201e-41
5.807000414e-01  7.0072011e-13  7.00720e-13  7.00720e-13  6.29616e-41
5.836035417e-01  7.0541053e-13  7.05411e-13  7.05411e-13  9.30414e-41
5.865215594e-01  7.1006056e-13  7.10061e-13  7.10061e-13  1.37215e-40
5.894541672e-01  7.1466938e-13  7.14669e-13  7.14669e-13  2.01955e-40
5.924014380e-01  7.1923623e-13  7.19236e-13  7.19236e-13  2.96646e-40
5.953634452e-01  7.2376033e-13  7.23760e-13  7.23760e-13  4.34872e-40
5.983402624e-01  7.2824092e-13  7.28241e-13  7.28241e-13  6.36245e-40
6.013319637e-01  7.3267728e-13  7.32677e-13  7.32677e-13  9.29038e-40
6.043386235e-01  7.3706867e-13  7.37069e-13  7.37069e-13  1.35392e-39
6.073603167e-01  7.4141439e-13  7.41414e-13  7.41414e-13  1.96927e-39
6.103971182e-01  7.4571373e-13  7.45714e-13  7.45714e-13  2.85875e-39
6.134491038e-01  7.4996602e-13  7.49966e-13  7.49966e-13  4.14198e-39
6.165163494e-01  7.5417059e-13  7.54171e-13  7.54171e-13  5.98974e-39
6.195989311e-01  7.5832678e-13  7.58327e-13  7.58327e-13  8.64526e-39
6.226969258e-01  7.6243398e-13  7.62434e-13  7.62434e-13  1.24544e-38
6.258104104e-01  7.6649154e-13  7.66492e-13  7.66492e-13  1.79080e-38
6.289394624e-01  7.7049887e-13  7.70499e-13  7.70499e-13  2.57012e-38
6.320841597e-01  7.7445538e-13  7.74455e-13  7.74455e-13  3.68170e-38
6.352445805e-01  7.7836049e-13  7.78360e-13  7.78360e-13  5.26421e-38
6.384208035e-01  7.8221365e-13  7.82214e-13  7.82214e-13  7.51299e-38
6.416129075e-01  7.8601431e-13  7.86014e-13  7.86014e-13  1.07027e-37
6.448209720e-01  7.8976195e-13  7.89762e-13  7.89762e-13  1.52186e-37
6.480450769e-01  7.9345605e-13  7.93456e-13  7.93456e-13  2.16005e-37
6.512853022e-01  7.9709612e-13  7.97096e-13  7.97096e-13  3.06030e-37
6.545417288e-01  8.0068169e-13  8.00682e-13  8.00682e-13  4.32792e-37
6.578144374e-01  8.0421229e-13  8.04212e-13  8.04212e-13  6.10961e-37
6.611035096e-01  8.0768748e-13  8.07687e-13  8.07687e-13  8.60936e-37
6.644090271e-01  8.1110682e-13  8.11107e-13  8.11107e-13  1.21103e-36
6.677310723e-01  8.1446991e-13  8.14470e-13  8.14470e-13  1.70047e-36
6.710697276e-01  8.1777633e-13  8.17776e-13  8.17776e-13  2.38351e-36
6.744250763e-01  8.2102573e-13  8.21026e-13  8.21026e-13  3.33505e-36
6.777972017e-01  8.2421772e-13  8.24218e-13  8.24218e-13  4.65833e-36
6.811861877e-01  8.2735196e-13  8.27352e-13  8.27352e-13  6.49538e-36
6.845921186e-01  8.3042811e-13  8.30428e-13  8.30428e-13  9.04123e-36
6.880150792e-01  8.3344587e-13  8.33446e-13  8.33446e-13  1.25633e-35
6.914551546e-01  8.3640493e-13  8.36405e-13  8.36405e-13  1.74276e-35
6.949124304e-01  8.3930500e-13  8.39305e-13  8.39305e-13  2.41341e-35
6.983869925e-01  8.4214582e-13  8.42146e-13  8.42146e-13  3.33648e-35
7.018789275e-01  8.4492713e-13  8.44927e-13  8.44927e-13  4.60484e-35
7.053883221e-01  8.4764871e-13  8.47649e-13  8.47649e-13  6.34471e-35
7.089152637e-01  8.5031032e-13  8.50310e-13  8.50310e-13  8.72738e-35
7.124598400e-01  8.5291176e-13  8.52912e-13  8.52912e-13  1.19849e-34
7.160221392e-01  8.5545285e-13  8.55453e-13  8.55453e-13  1.64312e-34
7.196022499e-01  8.5793341e-13  8.57933e-13  8.57933e-13  2.24899e-34
7.232002612e-01  8.6035327e-13  8.60353e-13  8.60353e-13  3.07324e-34
7.268162625e-01  8.6271231e-13  8.62712e-13  8.62712e-13  4.19275e-34
7.304503438e-01  8.6501039e-13  8.65010e-13  8.65010e-13  5.71080e-34
7.341025955e-01  8.6724740e-13  8.67247e-13  8.67247e-13  7.76597e-34
7.377731085e-01  8.6942324e-13  8.69423e-13  8.69423e-13  1.05438e-33
7.414619740e-01  8.7153783e-13  8.71538e-13  8.71538e-13  1.42924e-33
7.451692839e-01  8.7359110e-13  8.73591e-13  8.73591e-13  1.93431e-33
7.488951303e-01  8.7558301e-13  8.75583e-13  8.75583e-13  2.61372e-33
7.526396060e-01  8.7751350e-13  8.77514e-13  8.77514e-13  3.52622e-33
7.564028040e-01  8.7938256e-13  8.79383e-13  8.79383e-13  4.74986e-33
7.601848180e-01  8.8119018e-13  8.81190e-13  8.81190e-13  6.38816e-33
7.639857421e-01  8.8293636e-13  8.82936e-13  8.82936e-13  8.57824e-33
7.678056708e-01  8.8462112e-13  8.84621e-13  8.84621e-13  1.15014e-32
7.716446992e-01  8.8624450e-13  8.86244e-13  8.86244e-13  1.53971e-32
7.755029227e-01  8.8780653e-13  8.87807e-13  8.87807e-13  2.05809e-32
7.793804373e-01  8.8930728e-13  8.89307e-13  8.89307e-13  2.74681e-32
7.832773395e-01  8.9074682e-13  8.90747e-13  8.90747e-13  3.66048e-32
7.871937262e-01  8.9212525e-13  8.92125e-13  8.92125e-13  4.87074e-32
7.911296948e-01  8.9344264e-13  8.93443e-13  8.93443e-13  6.47145e-32
7.950853433e-01  8.9469913e-13  8.94699e-13  8.94699e-13  8.58544e-32
7.990607700e-01  8.9589483e-13  8.95895e-13  8.95895e-13  1.13731e-31
8.030560739e-01  8.9702988e-13  8.97030e-13  8.97030e-13  1.50438e-31
8.070713542e-01  8.9810442e-13  8.98104e-13  8.98104e-13  1.98701e-31
8.111067110e-01  8.9911863e-13  8.99119e-13  8.99119e-13  2.62064e-31
8.151622446e-01  9.0007267e-13  9.00073e-13  9.00073e-13  3.45131e-31
8.192380558e-01  9.0096673e-13  9.00967e-13  9.00967e-13  4.53872e-31
8.233342461e-01  9.0180100e-13  9.01801e-13  9.01801e-13  5.96018e-31
8.274509173e-01  9.0257569e-13  9.02576e-13  9.02576e-13  7.81564e-31
8.315881719e-01  9.0329103e-13  9.03291e-13  9.03291e-13  1.02341e-30
8.357461127e-01  9.0394723e-13  9.03947e-13  9.03947e-13  1.33821e-30
8.399248433e-01  9.0454455e-13  9.04545e-13  9.04545e-13  1.74736e-30
8.441244675e-01  9.0508323e-13  9.05083e-13  9.05083e-13  2.27843e-30
8.483450899e-01  9.0556353e-13  9.05564e-13  9.05564e-13  2.96675e-30
8.525868153e-01  9.0598572e-13  9.05986e-13  9.05986e-13  3.85766e-30
8.568497494e-01  9.0635009e-13  9.06350e-13  9.06350e-13  5.00919e-30
8.611339981e-01  9.0665692e-13  9.06657e-13  9.06657e-13  6.49552e-30
8.654396681e-01  9.0690653e-13  9.06907e-13  9.06907e-13  8.41137e-30
8.697668665e-01  9.0709921e-13  9.07099e-13  9.07099e-13  1.08775e-29
8.741157008e-01  9.0723528e-13  9.07235e-13  9.07235e-13  1.40476e-29
8.784862793e-01  9.0731508e-13  9.07315e-13  9.07315e-13  1.81173e-29
8.828787107e-01  9.0733894e-13  9.07339e-13  9.07339e-13  2.33346e-29
8.872931042e-01  9.0730720e-13  9.07307e-13  9.07307e-13  3.00143e-29
8.917295698e-01  9.0722022e-13  9.07220e-13  9.07220e-13  3.85549e-29
8.961882176e-01  9.0707836e-13  9.07078e-13  9.07078e-13  4.94605e-29
9.006691587e-01  9.0688199e-13  9.06882e-13  9.06882e-13  6.33674e-29
9.051725045e-01  9.0663148e-13  9.06631e-13  9.06631e-13  8.10786e-29
9.096983670e-01  9.0570140e-13  9.05701e-13  9.05701e-13  1.03611e-28
9.142468589e-01  8.9858773e-13  8.98588e-13  8.98588e-13  1.32303e-28
9.188180931e-01  8.9267785e-13  8.92678e-13  8.92678e-13  1.68706e-28
9.234121836e-01  8.8447156e-13  8.84472e-13  8.84472e-13  2.14891e-28
9.280292445e-01  8.7897102e-13  8.78971e-13  8.78971e-13  2.73306e-28
9.326693908e-01  8.7442498e-13  8.74425e-13  8.74425e-13  3.47130e-28
9.373327377e-01  8.6833742e-13  8.68337e-13  8.68337e-13  4.40395e-28
9.420194014e-01  8.6320614e-13  8.63206e-13  8.63206e-13  5.57968e-28
9.467294984e-01  8.5641413e-13  8.56414e-13  8.56414e-13  7.06146e-28
9.514631459e-01  8.5306970e-13  8.53070e-13  8.53070e-13  8.92295e-28
9.562204616e-01  8.4943428e-13  8.49434e-13  8.49434e-13  1.12615e-27
9.610015639e-01  8.4526098e-13  8.45261e-13  8.45261e-13  1.41960e-27
9.658065718e-01  8.4166915e-13  8.41669e-13  8.41669e-13  1.78723e-27
9.706356046e-01  8.3902969e-13  8.39030e-13  8.39030e-13  2.24713e-27
9.754887826e-01  8.3622563e-13  8.36226e-13  8.36226e-13  2.82198e-27
9.803662265e-01  8.3362917e-13  8.33629e-13  8.33629e-13  3.53953e-27
9.852680577e-01  8.3210486e-13  8.32105e-13  8.32105e-13  4.43379e-27
9.901943980e-01  8.3066212e-13  8.30662e-13  8.30662e-13  5.54729e-27
9.951453700e-01  8.3077945e-13  8.30779e-13  8.30779e-13  6.93121e-27
1.000121097e+00  8.2875962e-13  8.28760e-13  8.28760e-13  8.65173e-27
1.005121702e+00  8.3001767e-13  8.30018e-13  8.30018e-13  1.07835e-26
1.010147311e+00  8.3061376e-13  8.30614e-13  8.30614e-13  1.34255e-26
1.015198047e+00  8.3091829e-13  8.30918e-13  8.30918e-13  1.66957e-26
1.020274038e+00  8.3252235e-13  8.32522e-13  8.32522e-13  2.07360e-26
1.025375408e+00  8.3444283e-13  8.34443e-13  8.34443e-13  2.57235e-26
1.030502285e+00  8.3655605e-13  8.36556e-13  8.36556e-13  3.18733e-26
1.035654796e+00  8.4044234e-13  8.40442e-13  8.40442e-13  3.94418e-26
1.040833070e+00  8.4463450e-13  8.44634e-13  8.44634e-13  4.87505e-26
1.046037236e+00  8.4961511e-13  8.49615e-13  8.49615e-13  6.01835e-26
1.051267422e+00  8.5465312e-13  8.54653e-13  8.54653e-13  7.42134e-26
1.056523759e+00  8.5998893e-13  8.59989e-13  8.59989e-13  9.14086e-26
1.061806378e+00  8.6610201e-13  8.66102e-13  8.66102e-13  1.12454e-25
1.067115410e+00  8.7238543e-13  8.72385e-13  8.72385e-13  1.38188e-25
1.072450987e+00  8.7919720e-13  8.79197e-13  8.79197e-13  1.69615e-25
1.077813242e+00  8.8617367e-13  8.86174e-13  8.86174e-13  2.07956e-25
1.083202308e+00  8.9355167e-13  8.93552e-13  8.93552e-13  2.54674e-25
1.088618319e+00  9.0049282e-13  9.00493e-13  9.00493e-13  3.11559e-25
1.094061411e+00  9.0699894e-13  9.06999e-13  9.06999e-13  3.80750e-25
1.099531718e+00  9.1414004e-13  9.14140e-13  9.14140e-13  4.64776e-25
1.105029377e+00  9.2025305e-13  9.20253e-13  9.20253e-13  5.66787e-25
1.110554523e+00  9.2640724e-13  9.26407e-13  9.26407e-13  6.90444e-25
1.116107296e+00  9.3154099e-13  9.31541e-13  9.31541e-13  8.40260e-25
1.121687832e+00  9.3648361e-13  9.36484e-13  9.36484e-13  1.02152e-24
1.127296272e+00  9.4088406e-13  9.40884e-13  9.40884e-13  1.24062e-24
1.132932753e+00  9.4427812e-13  9.44278e-13  9.44278e-13  1.50529e-24
1.138597417e+00  9.4702282e-13  9.47023e-13  9.47023e-13  1.82461e-24
1.144290404e+00  9.4889024e-13  9.48890e-13  9.48890e-13  2.20956e-24
1.150011856e+00  9.5058287e-13  9.50583e-13  9.50583e-13  2.67299e-24
1.155761915e+00  9.5175487e-13  9.51755e-13  9.51755e-13  3.23046e-24
1.161540725e+00  9.5194900e-13  9.51949e-13  9.51949e-13  3.90056e-24
1.167348428e+00  9.5220828e-13  9.52208e-13  9.52208e-13  4.70484e-24
1.173185171e+00  9.5150012e-13  9.51500e-13  9.51500e-13  5.66972e-24
1.179051096e+00  9.5074746e-13  9.50747e-13  9.50747e-13  6.82564e-24
1.184946352e+00  9.4995067e-13  9.49951e-13  9.49951e-13  8.20902e-24
1.190871084e+00  9.4842839e-13  9.48428e-13  9.48428e-13  9.86361e-24
1.196825439e+00  9.4709352e-13  9.47094e-13  9.47094e-13  1.18397e-23
1.202809566e+00  9.4560562e-13  9.45606e-13  9.45606e-13  1.41979e-23
1.208823614e+00  9.4362852e-13  9.43629e-13  9.43629e-13  1.70099e-23
1.214867732e+00  9.4184021e-13  9.41840e-13  9.41840e-13  2.03586e-23
1.220942071e+00  9.3956798e-13  9.39568e-13  9.39568e-13  2.43439e-23
1.227046781e+00  9.3770847e-13  9.37708e-13  9.37708e-13  2.90801e-23
1.233182015e+00  9.3559115e-13  9.35591e-13  9.35591e-13  3.47051e-23
1.239347925e+00  9.3377238e-13  9.33772e-13  9.33772e-13  4.13773e-23
1.245544665e+00  9.3147679e-13  9.31477e-13  9.31477e-13  4.92876e-23
1.251772388e+00  9.2914931e-13  9.29149e-13  9.29149e-13  5.86547e-23
1.258031250e+00  9.2733837e-13  9.27338e-13  9.27338e-13  6.97325e-23
1.264321406e+00  9.2505587e-13  9.25056e-13  9.25056e-13  8.28287e-23
1.270643013e+00  9.2263337e-13  9.22633e-13  9.22633e-13  9.82939e-23
1.276996228e+00  9.2115676e-13  9.21157e-13  9.21157e-13  1.16527e-22
1.283381209e+00  9.1867140e-13  9.18671e-13  9.18671e-13  1.38029e-22
1.289798116e+00  9.1669525e-13  9.16695e-13  9.16695e-13  1.63339e-22
1.296247106e+00  9.1457945e-13  9.14579e-13  9.14579e-13  1.93117e-22
1.302728342e+00  9.1253930e-13  9.12539e-13  9.12539e-13  2.28113e-22
1.309241983e+00  9.1036122e-13  9.10361e-13  9.10361e-13  2.69210e-22
1.315788193e+00  9.0836494e-13  9.08365e-13  9.08365e-13  3.17419e-22
1.322367134e+00  9.0633724e-13  9.06337e-13  9.06337e-13  3.73927e-22
1.328978970e+00  9.0417339e-13  9.04173e-13  9.04173e-13  4.40107e-22
1.335623865e+00  9.0208464e-13  9.02085e-13  9.02085e-13  5.17536e-22
1.342301984e+00  8.9986146e-13  8.99861e-13  8.99861e-13  6.08057e-22
1.349013494e+00  8.9750556e-13  8.97506e-13  8.97506e-13  7.13793e-22
1.355758561e+00  8.9512218e-13  8.95122e-13  8.95122e-13  8.37184e-22
1.362537354e+00  8.9333043e-13  8.93330e-13  8.93330e-13  9.80988e-22
1.369350041e+00  8.9078825e-13  8.90788e-13  8.90788e-13  1.14859e-21
1.376196791e+00  8.8862984e-13  8.88630e-13  8.88630e-13  1.34361e-21
1.383077775e+00  8.8603588e-13  8.86036e-13  8.86036e-13  1.57047e-21
1.389993164e+00  8.8382319e-13  8.83823e-13  8.83823e-13  1.83399e-21
1.396943130e+00  8.8107831e-13  8.81078e-13  8.81078e-13  2.14003e-21
1.403927846e+00  8.7881355e-13  8.78814e-13  8.78814e-13  2.49491e-21
1.410947485e+00  8.7602181e-13  8.76022e-13  8.76022e-13  2.90635e-21
1.418002222e+00  8.7330808e-13  8.73308e-13  8.73308e-13  3.38278e-21
1.425092233e+00  8.7077074e-13  8.70771e-13  8.70771e-13  3.93395e-21
1.432217694e+00  8.6811121e-13  8.68111e-13  8.68111e-13  4.57121e-21
1.439378783e+00  8.6513455e-13  8.65135e-13  8.65135e-13  5.30750e-21
1.446575677e+00  8.6243266e-13  8.62433e-13  8.62433e-13  6.15715e-21
1.453808555e+00  8.5922222e-13  8.59222e-13  8.59222e-13  7.13739e-21
1.461077598e+00  8.5609249e-13  8.56092e-13  8.56092e-13  8.26691e-21
1.468382986e+00  8.5304259e-13  8.53043e-13  8.53043e-13  9.56736e-21
1.475724901e+00  8.4997550e-13  8.49975e-13  8.49975e-13  1.10635e-20
1.483103525e+00  8.4641317e-13  8.46413e-13  8.46413e-13  1.27841e-20
1.490519043e+00  8.4331523e-13  8.43315e-13  8.43315e-13  1.47598e-20
1.497971638e+00  8.3972740e-13  8.39727e-13  8.39727e-13  1.70282e-20
1.505461496e+00  8.3603426e-13  8.36034e-13  8.36034e-13  1.96301e-20
1.512988804e+00  8.3223758e-13  8.32238e-13  8.32238e-13  2.26122e-20
1.520553748e+00  8.2843260e-13  8.28433e-13  8.28433e-13  2.60269e-20
1.528156517e+00  8.2443377e-13  8.24434e-13  8.24434e-13  2.99348e-20
1.535797299e+00  8.2052185e-13  8.20522e-13  8.20522e-13  3.44026e-20
1.543476286e+00  8.1632755e-13  8.16328e-13  8.16328e-13  3.95082e-20
1.551193667e+00  8.1231356e-13  8.12314e-13  8.12314e-13  4.53360e-20
1.558949636e+00  8.0783928e-13  8.07839e-13  8.07839e-13  5.19867e-20
1.566744384e+00  8.0327485e-13  8.03275e-13  8.03275e-13  5.95687e-20
1.574578106e+00  7.9871234e-13  7.98712e-13  7.98712e-13  6.82053e-20
1.582450996e+00  7.9424198e-13  7.94242e-13  7.94242e-13  7.80349e-20
1.590363251e+00  7.8941595e-13  7.89416e-13  7.89416e-13  8.92185e-20
1.598315067e+00  7.8468470e-13  7.84685e-13  7.84685e-13  1.01928e-19
1.606306643e+00  7.7987032e-13  7.79870e-13  7.79870e-13  1.16364e-19
1.614338176e+00  7.7497458e-13  7.74975e-13  7.74974e-13  1.32749e-19
1.622409867e+00  7.6982411e-13  7.69824e-13  7.69824e-13  1.51335e-19
1.630521916e+00  7.6485886e-13  7.64859e-13  7.64859e-13  1.72395e-19
1.638674526e+00  7.5955665e-13  7.59557e-13  7.59556e-13  1.96252e-19
1.646867898e+00  7.5444038e-13  7.54440e-13  7.54440e-13  2.23245e-19
1.655102238e+00  7.4916479e-13  7.49165e-13  7.49165e-13  2.53775e-19
1.663377749e+00  7.4398875e-13  7.43989e-13  7.43988e-13  2.88272e-19
1.671694638e+00  7.3865680e-13  7.38657e-13  7.38656e-13  3.27234e-19
1.680053111e+00  7.3325636e-13  7.33256e-13  7.33256e-13  3.71204e-19
1.688453377e+00  7.2787303e-13  7.27873e-13  7.27873e-13  4.20788e-19
1.696895643e+00  7.2234022e-13  7.22340e-13  7.22340e-13  4.76673e-19
1.705380122e+00  7.1682697e-13  7.16827e-13  7.16826e-13  5.39605e-19
1.713907022e+00  7.1133357e-13  7.11334e-13  7.11333e-13  6.10424e-19
1.722476557e+00  7.0577824e-13  7.05778e-13  7.05778e-13  6.90070e-19
1.731088940e+00  7.0024425e-13  7.00244e-13  7.00243e-13  7.79576e-19
1.739744385e+00  6.9473187e-13  6.94732e-13  6.94731e-13  8.80092e-19
1.748443107e+00  6.8940285e-13  6.89403e-13  6.89402e-13  9.92875e-19
1.757185322e+00  6.8369280e-13  6.83693e-13  6.83692e-13  1.11942e-18
1.765971249e+00  6.7800787e-13  6.78008e-13  6.78007e-13  1.26124e-18
1.774801105e+00  6.7250705e-13  6.72507e-13  6.72506e-13  1.42006e-18
1.783675111e+00  6.6687220e-13  6.66872e-13  6.66871e-13  1.59785e-18
1.792593486e+00  6.6142012e-13  6.61420e-13  6.61418e-13  1.79667e-18
1.801556454e+00  6.5591428e-13  6.55914e-13  6.55912e-13  2.01893e-18
1.810564236e+00  6.5043383e-13  6.50434e-13  6.50432e-13  2.26720e-18
1.819617057e+00  6.4497897e-13  6.44979e-13  6.44976e-13  2.54434e-18
1.828715142e+00  6.3962658e-13  6.39627e-13  6.39624e-13  2.85348e-18
1.837858718e+00  6.3422306e-13  6.34223e-13  6.34220e-13  3.19817e-18
1.847048012e+00  6.2876995e-13  6.28770e-13  6.28766e-13  3.58222e-18
1.856283252e+00  6.2364546e-13  6.23645e-13  6.23641e-13  4.00967e-18
1.865564668e+00  6.1839506e-13  6.18395e-13  6.18391e-13  4.48538e-18
1.874892491e+00  6.1309606e-13  6.13096e-13  6.13091e-13  5.01441e-18
1.884266954e+00  6.0797197e-13  6.07972e-13  6.07966e-13  5.60220e-18
1.893688289e+00  6.0302030e-13  6.03020e-13  6.03014e-13  6.25484e-18
1.903156730e+00  5.9779982e-13  5.97800e-13  5.97793e-13  6.97947e-18
1.912672514e+00  5.9304282e-13  5.93043e-13  5.93035e-13  7.78274e-18
1.922235876e+00  5.8801909e-13  5.88019e-13  5.88010e-13  8.67348e-18
1.931847056e+00  5.8309308e-13  5.83093e-13  5.83083e-13  9.66015e-18
1.941506291e+00  5.7840637e-13  5.78406e-13  5.78396e-13  1.07522e-17
1.951213822e+00  5.7367142e-13  5.73671e-13  5.73659e-13  1.19605e-17
1.960969892e+00  5.6910120e-13  5.69101e-13  5.69088e-13  1.32963e-17
1.970774741e+00  5.6455310e-13  5.64553e-13  5.64538e-13  1.47724e-17
1.980628615e+00  5.6009690e-13  5.60097e-13  5.60080e-13  1.64024e-17
1.990531758e+00  5.5586985e-13  5.55870e-13  5.55852e-13  1.82008e-17
2.000484417e+00  5.5166189e-13  5.51662e-13  5.51642e-13  2.01845e-17
2.010486839e+00  5.4740483e-13  5.47405e-13  5.47382e-13  2.23715e-17
2.020539273e+00  5.4330384e-13  5.43304e-13  5.43279e-13  2.47803e-17
2.030641969e+00  5.3915402e-13  5.39154e-13  5.39127e-13  2.74329e-17
2.040795179e+00  5.3522506e-13  5.35225e-13  5.35195e-13  3.03508e-17
2.050999155e+00  5.3131334e-13  5.31313e-13  5.31280e-13  3.35597e-17
2.061254151e+00  5.2748523e-13  5.27485e-13  5.27448e-13  3.70861e-17
2.071560421e+00  5.2380540e-13  5.23805e-13  5.23764e-13  4.09588e-17
2.081918224e+00  5.2007535e-13  5.20075e-13  5.20030e-13  4.52107e-17
2.092327815e+00  5.1642639e-13  5.16426e-13  5.16377e-13  4.98753e-17
2.102789454e+00  5.1305107e-13  5.13051e-13  5.12996e-13  5.49878e-17
2.113303401e+00  5.0968801e-13  5.09688e-13  5.09627e-13  6.05904e-17
2.123869918e+00  5.0633740e-13  5.06337e-13  5.06271e-13  6.67266e-17
2.134489268e+00  5.0312600e-13  5.03126e-13  5.03053e-13  7.34420e-17
2.145161714e+00  4.9992572e-13  4.99926e-13  4.99845e-13  8.07886e-17
2.155887523e+00  4.9686171e-13  4.96862e-13  4.96773e-13  8.88195e-17
2.166666960e+00  4.9368340e-13  4.93683e-13  4.93586e-13  9.75975e-17
2.177500295e+00  4.9088673e-13  4.90887e-13  4.90780e-13  1.07178e-16
2.188387796e+00  4.8797453e-13  4.87975e-13  4.87857e-13  1.17637e-16
2.199329735e+00  4.8519284e-13  4.85193e-13  4.85064e-13  1.29045e-16
2.210326384e+00  4.8247900e-13  4.82479e-13  4.82338e-13  1.41483e-16
2.221378016e+00  4.7989207e-13  4.79892e-13  4.79737e-13  1.55032e-16
2.232484906e+00  4.7737022e-13  4.77370e-13  4.77200e-13  1.69788e-16
2.243647331e+00  4.7485327e-13  4.74853e-13  4.74667e-13  1.85850e-16
2.254865567e+00  4.7245915e-13  4.72459e-13  4.72256e-13  2.03320e-16
2.266139895e+00  4.7006884e-13  4.70069e-13  4.69847e-13  2.22317e-16
2.277470595e+00  4.6774068e-13  4.67741e-13  4.67498e-13  2.42959e-16
2.288857948e+00  4.6547376e-13  4.65474e-13  4.65208e-13  2.65378e-16
2.300302237e+00  4.6343904e-13  4.63439e-13  4.63149e-13  2.89704e-16
2.311803748e+00  4.6123392e-13  4.61234e-13  4.60918e-13  3.16109e-16
2.323362767e+00  4.5914474e-13  4.59145e-13  4.58800e-13  3.44737e-16
2.334979581e+00  4.5728174e-13  4.57282e-13  4.56906e-13  3.75750e-16
2.346654479e+00  4.5530624e-13  4.55306e-13  4.54897e-13  4.09356e-16
2.358387751e+00  4.5344233e-13  4.53442e-13  4.52997e-13  4.45735e-16
2.370179690e+00  4.5168810e-13  4.51688e-13  4.51203e-13  4.85093e-16
2.382030589e+00  4.5004168e-13  4.50042e-13  4.49514e-13  5.27653e-16
2.393940742e+00  4.4844699e-13  4.48447e-13  4.47873e-13  5.73658e-16
2.405910445e+00  4.4695721e-13  4.46957e-13  4.46334e-13  6.23352e-16
2.417939997e+00  4.4530321e-13  4.45303e-13  4.44626e-13  6.77043e-16
2.430029697e+00  4.4380741e-13  4.43807e-13  4.43072e-13  7.34976e-16
2.442179846e+00  4.4241423e-13  4.42414e-13  4.41617e-13  7.97462e-16
2.454390745e+00  4.4101729e-13  4.41017e-13  4.40152e-13  8.64843e-16
2.466662699e+00  4.3982507e-13  4.39825e-13  4.38888e-13  9.37428e-16
2.478996012e+00  4.3873052e-13  4.38731e-13  4.37715e-13  1.01560e-15
2.491390992e+00  4.3737329e-13  4.37373e-13  4.36273e-13  1.09982e-15
2.503847947e+00  4.3626840e-13  4.36268e-13  4.35078e-13  1.19040e-15
2.516367187e+00  4.3510788e-13  4.35108e-13  4.33820e-13  1.28785e-15
2.528949023e+00  4.3394369e-13  4.33944e-13  4.32551e-13  1.39263e-15
2.541593768e+00  4.3282636e-13  4.32826e-13  4.31321e-13  1.50521e-15
2.554301737e+00  4.3145884e-13  4.31459e-13  4.29833e-13  1.62623e-15
2.567073246e+00  4.3038734e-13  4.30387e-13  4.28631e-13  1.75605e-15
2.579908612e+00  4.2931382e-13  4.29314e-13  4.27418e-13  1.89537e-15
2.592808155e+00  4.2794874e-13  4.27949e-13  4.25904e-13  2.04494e-15
2.605772196e+00  4.2663561e-13  4.26636e-13  4.24430e-13  2.20528e-15
2.618801057e+00  4.2532659e-13  4.25327e-13  4.22949e-13  2.37713e-15
2.631895062e+00  4.2402261e-13  4.24023e-13  4.21461e-13  2.56122e-15
2.645054537e+00  4.2267764e-13  4.22678e-13  4.19919e-13  2.75835e-15
2.658279810e+00  4.2134040e-13  4.21340e-13  4.18371e-13  2.96934e-15
2.671571209e+00  4.1973400e-13  4.19734e-13  4.16539e-13  3.19526e-15
2.684929065e+00  4.1846345e-13  4.18463e-13  4.15027e-13  3.43659e-15
2.698353710e+00  4.1683809e-13  4.16838e-13  4.13143e-13  3.69486e-15
2.711845479e+00  4.1504844e-13  4.15048e-13  4.11077e-13  3.97097e-15
2.725404706e+00  4.1287488e-13  4.12875e-13  4.08609e-13  4.26629e-15
2.739031730e+00  4.1086336e-13  4.10863e-13  4.06282e-13  4.58143e-15
2.752726889e+00  4.0883493e-13  4.08835e-13  4.03917e-13  4.91780e-15
2.766490523e+00  4.0679193e-13  4.06792e-13  4.01515e-13  5.27666e-15
2.780322976e+00  4.0482405e-13  4.04824e-13  3.99165e-13  5.65924e-15
2.794224591e+00  4.0301842e-13  4.03018e-13  3.96952e-13  6.06679e-15
2.808195713e+00  4.0150264e-13  4.01503e-13  3.95002e-13  6.50052e-15
2.822236692e+00  4.0018715e-13  4.00187e-13  3.93225e-13  6.96203e-15
2.836347875e+00  3.9894275e-13  3.98943e-13  3.91490e-13  7.45311e-15
2.850529615e+00  3.9772828e-13  3.97728e-13  3.89753e-13  7.97552e-15
2.864782263e+00  3.9650393e-13  3.96504e-13  3.87973e-13  8.53111e-15
2.879106174e+00  3.9531405e-13  3.95314e-13  3.86192e-13  9.12166e-15
2.893501705e+00  3.9416070e-13  3.94161e-13  3.84412e-13  9.74910e-15
2.907969214e+00  3.9296453e-13  3.92965e-13  3.82549e-13  1.04157e-14
2.922509060e+00  3.9181056e-13  3.91811e-13  3.80687e-13  1.11234e-14
2.937121605e+00  3.9046040e-13  3.90460e-13  3.78585e-13  1.18751e-14
2.951807213e+00  3.8932020e-13  3.89320e-13  3.76648e-13  1.26720e-14
2.966566249e+00  3.8846775e-13  3.88468e-13  3.74952e-13  1.35161e-14
2.981399080e+00  3.8754740e-13  3.87547e-13  3.73136e-13  1.44112e-14
2.996306076e+00  3.8679800e-13  3.86798e-13  3.71439e-13  1.53590e-14
3.011287606e+00  3.8583392e-13  3.85834e-13  3.69470e-13  1.63639e-14
3.026344044e+00  3.8497072e-13  3.84971e-13  3.67543e-13  1.74276e-14
3.041475764e+00  3.8409671e-13  3.84097e-13  3.65543e-13  1.85536e-14
3.056683143e+00  3.8310398e-13  3.83104e-13  3.63358e-13  1.97458e-14
3.071966559e+00  3.8200044e-13  3.82000e-13  3.60993e-13  2.10077e-14
3.087326392e+00  3.8086818e-13  3.80868e-13  3.58526e-13  2.23425e-14
3.102763024e+00  3.8015449e-13  3.80154e-13  3.56404e-13  2.37506e-14
3.118276839e+00  3.7938117e-13  3.79381e-13  3.54142e-13  2.52389e-14
3.133868223e+00  3.7866416e-13  3.78664e-13  3.51853e-13  2.68108e-14
3.149537564e+00  3.7800839e-13  3.78008e-13  3.49538e-13  2.84701e-14
3.165285252e+00  3.7759670e-13  3.77597e-13  3.47377e-13  3.02195e-14
3.181111678e+00  3.7700686e-13  3.77007e-13  3.44940e-13  3.20673e-14
3.197017237e+00  3.7687968e-13  3.76880e-13  3.42868e-13  3.40117e-14
3.213002323e+00  3.7689903e-13  3.76899e-13  3.40839e-13  3.60603e-14
3.229067334e+00  3.7686273e-13  3.76863e-13  3.38642e-13  3.82205e-14
3.245212671e+00  3.7701869e-13  3.77019e-13  3.36524e-13  4.04944e-14
3.261438734e+00  3.7740415e-13  3.77404e-13  3.34518e-13  4.28865e-14
3.277745928e+00  3.7775405e-13  3.77754e-13  3.32348e-13  4.54061e-14
3.294134658e+00  3.7804525e-13  3.78045e-13  3.29986e-13  4.80597e-14
3.310605331e+00  3.7874919e-13  3.78749e-13  3.27904e-13  5.08457e-14
3.327158358e+00  3.7940855e-13  3.79409e-13  3.25631e-13  5.37776e-14
3.343794149e+00  3.8006712e-13  3.80067e-13  3.23206e-13  5.68616e-14
3.360513120e+00  3.7974379e-13  3.79744e-13  3.19618e-13  6.01253e-14
3.377315686e+00  3.7873064e-13  3.78731e-13  3.15157e-13  6.35737e-14
3.394202264e+00  3.8340362e-13  3.83404e-13  3.16337e-13  6.70671e-14
3.411173276e+00  3.8428201e-13  3.84282e-13  3.13455e-13  7.08267e-14
3.428229142e+00  3.8595313e-13  3.85953e-13  3.11198e-13  7.47555e-14
3.445370288e+00  3.9023879e-13  3.90239e-13  3.11433e-13  7.88061e-14
3.462597139e+00  3.9308696e-13  3.93087e-13  3.09990e-13  8.30966e-14
3.479910125e+00  3.9542059e-13  3.95421e-13  3.07806e-13  8.76142e-14
3.497309675e+00  3.9735821e-13  3.97358e-13  3.04990e-13  9.23677e-14
3.514796224e+00  4.0100933e-13  4.01009e-13  3.03717e-13  9.72923e-14
3.532370205e+00  4.0526368e-13  4.05264e-13  3.02833e-13  1.02430e-13
3.550032056e+00  4.0848099e-13  4.08481e-13  3.00625e-13  1.07856e-13
3.567782216e+00  4.1230192e-13  4.12302e-13  2.98785e-13  1.13517e-13
3.585621127e+00  4.1641569e-13  4.16416e-13  2.96981e-13  1.19434e-13
3.603549233e+00  4.2069196e-13  4.20692e-13  2.95068e-13  1.25624e-13
3.621566979e+00  4.2530939e-13  4.25309e-13  2.93221e-13  1.32089e-13
3.639674814e+00  4.3003154e-13  4.30032e-13  2.91180e-13  1.38852e-13
3.657873188e+00  4.3530558e-13  4.35306e-13  2.89406e-13  1.45899e-13
3.676162554e+00  4.4089468e-13  4.40895e-13  2.87640e-13  1.53255e-13
3.694543367e+00  4.4683607e-13  4.46836e-13  2.85908e-13  1.60928e-13
3.713016084e+00  4.5311411e-13  4.53114e-13  2.84182e-13  1.68932e-13
3.731581164e+00  4.5974031e-13  4.59740e-13  2.82463e-13  1.77277e-13
3.750239070e+00  4.6675177e-13  4.66752e-13  2.80778e-13  1.85974e-13
3.768990265e+00  4.7403466e-13  4.74035e-13  2.78990e-13  1.95045e-13
3.787835216e+00  4.8185181e-13  4.81852e-13  2.77371e-13  2.04481e-13
3.806774393e+00  4.8986934e-13  4.89869e-13  2.75544e-13  2.14326e-13
3.825808265e+00  4.9851602e-13  4.98516e-13  2.73964e-13  2.24552e-13
3.844937306e+00  5.0737013e-13  5.07370e-13  2.72152e-13  2.35218e-13
3.864161992e+00  5.1680405e-13  5.16804e-13  2.70505e-13  2.46299e-13
3.883482802e+00  5.2654965e-13  5.26550e-13  2.68709e-13  2.57840e-13
3.902900216e+00  5.3689876e-13  5.36899e-13  2.67076e-13  2.69823e-13
3.922414717e+00  5.4754745e-13  5.47547e-13  2.65246e-13  2.82302e-13
3.942026791e+00  5.5895738e-13  5.58957e-13  2.63727e-13  2.95230e-13
3.961736925e+00  5.7061285e-13  5.70613e-13  2.61914e-13  3.08699e-13
3.981545610e+00  5.8296616e-13  5.82966e-13  2.60308e-13  3.22658e-13
4.001453338e+00  5.9566966e-13  5.95670e-13  2.58487e-13  3.37183e-13
4.021460604e+00  6.0911752e-13  6.09118e-13  2.56896e-13  3.52222e-13
4.041567907e+00  6.2319505e-13  6.23195e-13  2.55383e-13  3.67812e-13
4.061775747e+00  6.3779673e-13  6.37797e-13  2.53804e-13  3.83993e-13
4.082084626e+00  6.5290379e-13  6.52904e-13  2.52112e-13  4.00792e-13
4.102495049e+00  6.6878497e-13  6.68785e-13  2.50617e-13  4.18168e-13
4.123007524e+00  6.8528094e-13  6.85281e-13  2.49104e-13  4.36177e-13
4.143622562e+00  7.0233756e-13  7.02338e-13  2.47481e-13  4.54857e-13
4.164340674e+00  7.2008475e-13  7.20085e-13  2.45888e-13  4.74197e-13
4.185162378e+00  7.3848710e-13  7.38487e-13  2.44257e-13  4.94230e-13
4.206088190e+00  7.5778461e-13  7.57785e-13  2.42883e-13  5.14902e-13
4.227118631e+00  7.7788266e-13  7.77883e-13  2.41625e-13  5.36258e-13
4.248254224e+00  7.9832856e-13  7.98329e-13  2.39834e-13  5.58495e-13
4.269495495e+00  8.1968647e-13  8.19686e-13  2.38253e-13  5.81433e-13
4.290842972e+00  8.4197846e-13  8.41978e-13  2.36899e-13  6.05079e-13
4.312297187e+00  8.6459420e-13  8.64594e-13  2.34854e-13  6.29740e-13
4.333858673e+00  8.8837820e-13  8.88378e-13  2.33320e-13  6.55058e-13
4.355527967e+00  9.1287883e-13  9.12879e-13  2.31601e-13  6.81278e-13
4.377305606e+00  9.3831412e-13  9.38314e-13  2.29998e-13  7.08316e-13
4.399192134e+00  9.6473503e-13  9.64735e-13  2.28572e-13  7.36163e-13
4.421188095e+00  9.9180704e-13  9.91807e-13  2.26736e-13  7.65071e-13
4.443294036e+00  1.0197568e-12  1.01976e-12  2.24809e-13  7.94948e-13
4.465510506e+00  1.0486467e-12  1.04865e-12  2.22855e-13  8.25792e-13
4.487838058e+00  1.0784582e-12  1.07846e-12  2.20795e-13  8.57663e-13
4.510277249e+00  1.1093037e-12  1.10930e-12  2.18792e-13  8.90511e-13
4.532828635e+00  1.1411630e-12  1.14116e-12  2.16766e-13  9.24397e-13
4.555492778e+00  1.1740525e-12  1.17405e-12  2.14697e-13  9.59355e-13
4.578270242e+00  1.2079314e-12  1.20793e-12  2.12430e-13  9.95501e-13
4.601161593e+00  1.2429043e-12  1.24290e-12  2.10126e-13  1.03278e-12
4.624167401e+00  1.2789773e-12  1.27898e-12  2.07728e-13  1.07125e-12
4.647288238e+00  1.3161775e-12  1.31618e-12  2.05221e-13  1.11096e-12
4.670524679e+00  1.3545593e-12  1.35456e-12  2.02663e-13  1.15190e-12
4.693877303e+00  1.3941103e-12  1.39411e-12  1.99907e-13  1.19420e-12
4.717346689e+00  1.4349254e-12  1.43493e-12  1.97144e-13  1.23778e-12
4.740933423e+00  1.4770412e-12  1.47704e-12  1.94412e-13  1.28263e-12
4.764638090e+00  1.5204822e-12  1.52048e-12  1.91711e-13  1.32877e-12
4.788461280e+00  1.5652816e-12  1.56528e-12  1.89095e-13  1.37619e-12
4.812403587e+00  1.6114663e-12  1.61147e-12  1.86635e-13  1.42483e-12
4.836465604e+00  1.6590306e-12  1.65903e-12  1.84130e-13  1.47490e-12
4.860647933e+00  1.7080096e-12  1.70801e-12  1.81634e-13  1.52638e-12
4.884951172e+00  1.7584301e-12  1.75843e-12  1.79062e-13  1.57937e-12
4.909375928e+00  1.8103248e-12  1.81032e-12  1.76536e-13  1.63379e-12
4.933922808e+00  1.8637133e-12  1.86371e-12  1.74091e-13  1.68962e-12
4.958592422e+00  1.9186341e-12  1.91863e-12  1.71571e-13  1.74706e-12
4.983385384e+00  1.9751445e-12  1.97514e-12  1.68876e-13  1.80627e-12
5.008302311e+00  2.0332322e-12  2.03323e-12  1.66298e-13  1.86693e-12
5.033343822e+00  2.0929008e-12  2.09290e-12  1.63867e-13  1.92903e-12
5.058510541e+00  2.1541744e-12  2.15417e-12  1.61531e-13  1.99264e-12
5.083803094e+00  2.2170737e-12  2.21707e-12  1.59271e-13  2.05780e-12
5.109222110e+00  2.2816154e-12  2.28162e-12  1.57086e-13  2.12453e-12
5.134768220e+00  2.3478481e-12  2.34785e-12  1.54909e-13  2.19294e-12
5.160442061e+00  2.4157982e-12  2.41580e-12  1.52741e-13  2.26306e-12
5.186244272e+00  2.4854521e-12  2.48545e-12  1.50645e-13  2.33481e-12
5.212175493e+00  2.5568358e-12  2.55684e-12  1.48605e-13  2.40823e-12
5.238236370e+00  2.6300022e-12  2.63000e-12  1.46572e-13  2.48343e-12
5.264427552e+00  2.7048616e-12  2.70486e-12  1.44685e-13  2.56018e-12
5.290749690e+00  2.7812193e-12  2.78122e-12  1.43156e-13  2.63806e-12
5.317203438e+00  2.8591940e-12  2.85919e-12  1.41808e-13  2.71739e-12
5.343789456e+00  2.9385345e-12  2.93853e-12  1.40862e-13  2.79767e-12
5.370508403e+00  3.0196516e-12  3.01965e-12  1.39891e-13  2.87976e-12
5.397360945e+00  3.1023182e-12  3.10232e-12  1.39103e-13  2.96321e-12
5.424347750e+00  3.1865127e-12  3.18651e-12  1.38493e-13  3.04802e-12
5.451469488e+00  3.2726947e-12  3.27269e-12  1.37708e-13  3.13499e-12
5.478726836e+00  3.3608771e-12  3.36088e-12  1.36781e-13  3.22410e-12
5.506120470e+00  3.4513331e-12  3.45133e-12  1.35574e-13  3.31576e-12
5.533651072e+00  3.5439830e-12  3.54398e-12  1.34193e-13  3.40979e-12
5.561319328e+00  3.6387405e-12  3.63874e-12  1.32727e-13  3.50601e-12
5.589125924e+00  3.7360101e-12  3.73601e-12  1.30983e-13  3.60503e-12
5.617071554e+00  3.8354779e-12  3.83548e-12  1.29177e-13  3.70630e-12
5.645156912e+00  3.9365309e-12  3.93653e-12  1.27623e-13  3.80891e-12
5.673382696e+00  4.0400404e-12  4.04004e-12  1.25896e-13  3.91414e-12
5.701749610e+00  4.1450248e-12  4.14502e-12  1.24458e-13  4.02057e-12
5.730258358e+00  4.2522595e-12  4.25226e-12  1.22954e-13  4.12931e-12
5.758909650e+00  4.3619498e-12  4.36195e-12  1.21321e-13  4.24063e-12
5.787704198e+00  4.4750957e-12  4.47510e-12  1.19211e-13  4.35588e-12
5.816642719e+00  4.5895109e-12  4.58951e-12  1.17477e-13  4.47203e-12
5.845725932e+00  4.7068675e-12  4.70687e-12  1.15507e-13  4.59136e-12
5.874954562e+00  4.8249604e-12  4.82496e-12  1.14058e-13  4.71090e-12
5.904329335e+00  4.9461452e-12  4.94615e-12  1.12335e-13  4.83381e-12
5.933850982e+00  5.0683954e-12  5.06840e-12  1.10983e-13  4.95741e-12
5.963520237e+00  5.1933346e-12  5.19333e-12  1.09496e-13  5.08384e-12
5.993337838e+00  5.3192305e-12  5.31923e-12  1.08370e-13  5.21086e-12
6.023304527e+00  5.4480067e-12  5.44801e-12  1.07061e-13  5.34095e-12
6.053421050e+00  5.5775867e-12  5.57759e-12  1.06115e-13  5.47147e-12
6.083688155e+00  5.7124946e-12  5.71249e-12  1.04399e-13  5.60810e-12
6.114106596e+00  5.8491616e-12  5.84916e-12  1.02836e-13  5.74633e-12
6.144677129e+00  5.9886490e-12  5.98865e-12  1.01174e-13  5.88748e-12
6.175400514e+00  6.1296003e-12  6.12960e-12  9.97190e-14  6.02988e-12
6.206277517e+00  6.2730060e-12  6.27301e-12  9.82467e-14  6.17476e-12
6.237308904e+00  6.4173296e-12  6.41733e-12  9.70665e-14  6.32026e-12
6.268495449e+00  6.5636991e-12  6.56370e-12  9.59329e-14  6.46777e-12
6.299837926e+00  6.7111240e-12  6.71112e-12  9.50247e-14  6.61610e-12
6.331337116e+00  6.8584383e-12  6.85844e-12  9.45252e-14  6.76391e-12
6.362993801e+00  7.0082905e-12  7.00829e-12  9.39382e-14  6.91435e-12
6.394808770e+00  7.1627749e-12  7.16277e-12  9.29274e-14  7.06985e-12
6.426782814e+00  7.3178051e-12  7.31781e-12  9.21867e-14  7.22562e-12
6.458916728e+00  7.4767448e-12  7.47674e-12  9.11720e-14  7.38557e-12
6.491211312e+00  7.6327659e-12  7.63277e-12  9.09233e-14  7.54184e-12
6.523667368e+00  7.7993190e-12  7.79932e-12  8.94372e-14  7.70988e-12
6.556285705e+00  7.9656452e-12  7.96565e-12  8.83253e-14  7.87732e-12
6.589067134e+00  8.1346456e-12  8.13465e-12  8.71636e-14  8.04748e-12
6.622012469e+00  8.3056335e-12  8.30563e-12  8.60458e-14  8.21959e-12
6.655122532e+00  8.4790725e-12  8.47907e-12  8.49101e-14  8.39416e-12
6.688398144e+00  8.6559730e-12  8.65597e-12  8.36362e-14  8.57234e-12
6.721840135e+00  8.8341107e-12  8.83411e-12  8.24977e-14  8.75161e-12
6.755449336e+00  9.0155893e-12  9.01559e-12  8.12437e-14  8.93435e-12
6.789226583e+00  9.1942154e-12  9.19422e-12  8.05647e-14  9.11365e-12
6.823172715e+00  9.3778630e-12  9.37786e-12  7.95699e-14  9.29829e-12
6.857288579e+00  9.5651323e-12  9.56513e-12  7.84318e-14  9.48670e-12
6.891575022e+00  9.7588870e-12  9.75889e-12  7.68774e-14  9.68201e-12
6.926032897e+00  9.9542142e-12  9.95421e-12  7.54199e-14  9.87879e-12
6.960663062e+00  1.0149050e-11  1.01490e-11  7.42448e-14  1.00748e-11
6.995466377e+00  1.0348410e-11  1.03484e-11  7.28704e-14  1.02755e-11
7.030443709e+00  1.0550133e-11  1.05501e-11  7.15052e-14  1.04786e-11
7.065595927e+00  1.0753357e-11  1.07534e-11  7.02223e-14  1.06831e-11
7.100923907e+00  1.0959326e-11  1.09593e-11  6.89110e-14  1.08904e-11
7.136428526e+00  1.1168944e-11  1.11689e-11  6.75008e-14  1.11014e-11
7.172110669e+00  1.1379447e-11  1.13794e-11  6.62167e-14  1.13132e-11
7.207971222e+00  1.1593857e-11  1.15939e-11  6.48179e-14  1.15290e-11
7.244011079e+00  1.1811314e-11  1.18113e-11  6.33775e-14  1.17479e-11
7.280231134e+00  1.2031004e-11  1.20310e-11  6.19575e-14  1.19690e-11
7.316632290e+00  1.2256340e-11  1.22563e-11  6.03177e-14  1.21960e-11
7.353215451e+00  1.2482750e-11  1.24827e-11  5.87871e-14  1.24240e-11
7.389981528e+00  1.2712305e-11  1.27123e-11  5.72201e-14  1.26551e-11
7.426931436e+00  1.2943607e-11  1.29436e-11  5.57098e-14  1.28879e-11
7.464066093e+00  1.3177396e-11  1.31774e-11  5.42053e-14  1.31232e-11
7.501386424e+00  1.3414470e-11  1.34145e-11  5.26577e-14  1.33618e-11
7.538893356e+00  1.3651299e-11  1.36513e-11  5.12796e-14  1.36000e-11
7.576587822e+00  1.3892329e-11  1.38923e-11  4.98012e-14  1.38425e-11
7.614470762e+00  1.4135513e-11  1.41355e-11  4.83452e-14  1.40872e-11
7.652543115e+00  1.4380823e-11  1.43808e-11  4.69114e-14  1.43339e-11
7.690805831e+00  1.4629849e-11  1.46298e-11  4.54133e-14  1.45844e-11
7.729259860e+00  1.4879054e-11  1.48791e-11  4.40391e-14  1.48350e-11
7.767906159e+00  1.5136522e-11  1.51365e-11  4.23709e-14  1.50942e-11
7.806745690e+00  1.5398824e-11  1.53988e-11  4.05998e-14  1.53582e-11
7.845779419e+00  1.5661659e-11  1.56617e-11  3.89402e-14  1.56227e-11
7.885008316e+00  1.5935616e-11  1.59356e-11  3.68886e-14  1.58987e-11
7.924433357e+00  1.6187327e-11  1.61873e-11  3.59971e-14  1.61513e-11
7.964055524e+00  1.6448236e-11  1.64482e-11  3.47809e-14  1.64135e-11
8.003875802e+00  1.6734083e-11  1.67341e-11  3.25799e-14  1.67015e-11
8.043895181e+00  1.7018857e-11  1.70189e-11  3.05674e-14  1.69883e-11
8.084114657e+00  1.7306679e-11  1.73067e-11  2.85602e-14  1.72781e-11
8.124535230e+00  1.7589651e-11  1.75897e-11  2.68771e-14  1.75628e-11
8.165157906e+00  1.7860639e-11  1.78606e-11  2.57762e-14  1.78349e-11
8.205983696e+00  1.8116805e-11  1.81168e-11  2.53253e-14  1.80915e-11
8.247013614e+00  1.8341596e-11  1.83416e-11  2.60989e-14  1.83155e-11
8.288248682e+00  1.8522187e-11  1.85222e-11  2.84797e-14  1.84937e-11
8.329689926e+00  1.8629220e-11  1.86292e-11  3.34034e-14  1.85958e-11
8.371338375e+00  1.8686355e-11  1.86864e-11  3.98619e-14  1.86465e-11
8.413195067e+00  1.8738182e-11  1.87382e-11  4.62191e-14  1.86920e-11
8.455261042e+00  1.8772003e-11  1.87720e-11  5.28968e-14  1.87191e-11
8.497537348e+00  1.8800386e-11  1.88004e-11  5.94546e-14  1.87409e-11
8.540025034e+00  1.8832976e-11  1.88330e-11  6.55841e-14  1.87674e-11
8.582725160e+00  1.8871326e-11  1.88713e-11  7.12569e-14  1.88001e-11
8.625638785e+00  1.8911446e-11  1.89114e-11  7.66171e-14  1.88348e-11
8.668766979e+00  1.8932897e-11  1.89329e-11  8.22869e-14  1.88506e-11
8.712110814e+00  1.8932944e-11  1.89329e-11  8.83188e-14  1.88446e-11
8.755671368e+00  1.8900531e-11  1.89005e-11  9.49968e-14  1.88055e-11
8.799449725e+00  1.8819039e-11  1.88190e-11  1.02735e-13  1.87163e-11
8.843446974e+00  1.8696555e-11  1.86966e-11  1.11237e-13  1.85853e-11
8.887664209e+00  1.8556690e-11  1.85567e-11  1.19813e-13  1.84369e-11
8.932102530e+00  1.8461083e-11  1.84611e-11  1.26837e-13  1.83342e-11
8.976763042e+00  1.8350913e-11  1.83509e-11  1.33903e-13  1.82170e-11
9.021646857e+00  1.8180972e-11  1.81810e-11  1.42135e-13  1.80388e-11
9.066755092e+00  1.8047783e-11  1.80478e-11  1.49082e-13  1.78987e-11
9.112088867e+00  1.7973164e-11  1.79732e-11  1.54291e-13  1.78189e-11
9.157649312e+00  1.7951676e-11  1.79517e-11  1.57990e-13  1.77937e-11
9.203437558e+00  1.8000926e-11  1.80009e-11  1.59859e-13  1.78411e-11
9.249454746e+00  1.8072431e-11  1.80724e-11  1.61101e-13  1.79113e-11
9.295702020e+00  1.8145582e-11  1.81456e-11  1.62206e-13  1.79834e-11
9.342180530e+00  1.8256023e-11  1.82560e-11  1.62407e-13  1.80936e-11
9.388891432e+00  1.8401209e-11  1.84012e-11  1.61811e-13  1.82394e-11
9.435835890e+00  1.8587698e-11  1.85877e-11  1.60326e-13  1.84274e-11
9.483015069e+00  1.8798334e-11  1.87983e-11  1.58355e-13  1.86400e-11
9.530430144e+00  1.9029907e-11  1.90299e-11  1.55989e-13  1.88739e-11
9.578082295e+00  1.9288868e-11  1.92889e-11  1.53127e-13  1.91357e-11
9.625972707e+00  1.9560704e-11  1.95607e-11  1.50076e-13  1.94106e-11
9.674102570e+00  1.9829737e-11  1.98297e-11  1.47145e-13  1.96826e-11
9.722473083e+00  2.0068426e-11  2.00684e-11  1.44838e-13  1.99236e-11
9.771085448e+00  2.0303721e-11  2.03037e-11  1.42631e-13  2.01611e-11
9.819940876e+00  2.0555007e-11  2.05550e-11  1.40173e-13  2.04148e-11
9.869040580e+00  2.0808038e-11  2.08080e-11  1.37728e-13  2.06703e-11
9.918385783e+00  2.1049717e-11  2.10497e-11  1.35522e-13  2.09142e-11
9.967977712e+00  2.1260715e-11  2.12607e-11  1.33867e-13  2.11268e-11
1.001781760e+01  2.1443900e-11  2.14439e-11  1.32686e-13  2.13112e-11
1.006790669e+01  2.1608425e-11  2.16084e-11  1.31806e-13  2.14766e-11
1.011824622e+01  2.1754954e-11  2.17550e-11  1.31198e-13  2.16238e-11
1.016883745e+01  2.1881520e-11  2.18815e-11  1.30879e-13  2.17506e-11
1.021968164e+01  2.1970794e-11  2.19708e-11  1.31099e-13  2.18397e-11
1.027078005e+01  2.1994882e-11  2.19949e-11  1.32252e-13  2.18626e-11
1.032213395e+01  2.1968655e-11  2.19687e-11  1.34065e-13  2.18346e-11
1.037374462e+01  2.1924803e-11  2.19248e-11  1.36026e-13  2.17888e-11
1.042561334e+01  2.1913298e-11  2.19133e-11  1.37409e-13  2.17759e-11
1.047774141e+01  2.1978241e-11  2.19782e-11  1.37620e-13  2.18406e-11
1.053013012e+01  2.2124721e-11  2.21247e-11  1.36648e-13  2.19881e-11
1.058278077e+01  2.2334687e-11  2.23347e-11  1.34799e-13  2.21999e-11
1.063569467e+01  2.2591680e-11  2.25917e-11  1.32337e-13  2.24593e-11
1.068887314e+01  2.2894820e-11  2.28948e-11  1.29305e-13  2.27655e-11
1.074231751e+01  2.3232738e-11  2.32327e-11  1.25881e-13  2.31069e-11
1.079602910e+01  2.3551383e-11  2.35514e-11  1.22772e-13  2.34286e-11
1.085000924e+01  2.3898135e-11  2.38981e-11  1.19370e-13  2.37788e-11
1.090425929e+01  2.4201333e-11  2.42013e-11  1.16573e-13  2.40848e-11
1.095878058e+01  2.4412038e-11  2.44120e-11  1.14945e-13  2.42971e-11
1.101357449e+01  2.4519121e-11  2.45191e-11  1.14562e-13  2.44046e-11
1.106864236e+01  2.4597534e-11  2.45975e-11  1.14486e-13  2.44830e-11
1.112398557e+01  2.4691186e-11  2.46912e-11  1.14196e-13  2.45770e-11
1.117960550e+01  2.4843472e-11  2.48435e-11  1.13209e-13  2.47303e-11
1.123550353e+01  2.5041026e-11  2.50410e-11  1.11709e-13  2.49293e-11
1.129168104e+01  2.5279502e-11  2.52795e-11  1.09767e-13  2.51697e-11
1.134813945e+01  2.5600755e-11  2.56008e-11  1.06952e-13  2.54938e-11
1.140488015e+01  2.5976636e-11  2.59766e-11  1.03603e-13  2.58730e-11
1.146190455e+01  2.6351915e-11  2.63519e-11  1.00327e-13  2.62516e-11
1.151921407e+01  2.6744020e-11  2.67440e-11  9.69404e-14  2.66471e-11
1.157681014e+01  2.7210386e-11  2.72104e-11  9.28659e-14  2.71175e-11
1.163469419e+01  2.7671512e-11  2.76715e-11  8.89316e-14  2.75826e-11
1.169286766e+01  2.8064926e-11  2.80649e-11  8.57477e-14  2.79792e-11
1.175133200e+01  2.8442815e-11  2.84428e-11  8.27755e-14  2.83600e-11
1.181008866e+01  2.8853436e-11  2.88534e-11  7.95450e-14  2.87739e-11
1.186913910e+01  2.9241343e-11  2.92413e-11  7.65908e-14  2.91648e-11
1.192848480e+01  2.9573319e-11  2.95733e-11  7.42099e-14  2.94991e-11
1.198812722e+01  2.9896293e-11  2.98963e-11  7.19490e-14  2.98243e-11
1.204806786e+01  3.0215333e-11  3.02153e-11  6.97576e-14  3.01456e-11
1.210830820e+01  3.0526921e-11  3.05269e-11  6.76647e-14  3.04593e-11
1.216884974e+01  3.0823292e-11  3.08233e-11  6.57346e-14  3.07576e-11
1.222969399e+01  3.1148853e-11  3.11489e-11  6.35775e-14  3.10853e-11
1.229084246e+01  3.1474054e-11  3.14741e-11  6.14551e-14  3.14126e-11
1.235229667e+01  3.1734839e-11  3.17348e-11  5.99035e-14  3.16749e-11
1.241405815e+01  3.1970928e-11  3.19709e-11  5.85710e-14  3.19124e-11
1.247612845e+01  3.2194795e-11  3.21948e-11  5.73469e-14  3.21374e-11
1.253850909e+01  3.2432051e-11  3.24321e-11  5.60211e-14  3.23760e-11
1.260120163e+01  3.2693848e-11  3.26938e-11  5.45095e-14  3.26393e-11
1.266420764e+01  3.2978511e-11  3.29785e-11  5.28332e-14  3.29257e-11
1.272752868e+01  3.3264130e-11  3.32641e-11  5.11682e-14  3.32130e-11
1.279116632e+01  3.3525241e-11  3.35252e-11  4.97083e-14  3.34755e-11
1.285512215e+01  3.3753929e-11  3.37539e-11  4.85051e-14  3.37054e-11
1.291939776e+01  3.3957799e-11  3.39578e-11  4.74923e-14  3.39103e-11
1.298399475e+01  3.4145799e-11  3.41458e-11  4.65971e-14  3.40992e-11
1.304891473e+01  3.4325411e-11  3.43254e-11  4.57611e-14  3.42797e-11
1.311415930e+01  3.4504239e-11  3.45042e-11  4.49279e-14  3.44593e-11
1.317973010e+01  3.4681457e-11  3.46815e-11  4.41034e-14  3.46374e-11
1.324562875e+01  3.4859903e-11  3.48599e-11  4.32677e-14  3.48166e-11
1.331185689e+01  3.5043275e-11  3.50433e-11  4.23961e-14  3.50009e-11
1.337841618e+01  3.5222988e-11  3.52230e-11  4.15481e-14  3.51814e-11
1.344530826e+01  3.5389524e-11  3.53895e-11  4.07865e-14  3.53487e-11
1.351253480e+01  3.5529517e-11  3.55295e-11  4.01964e-14  3.54893e-11
1.358009747e+01  3.5626960e-11  3.56270e-11  3.98757e-14  3.55871e-11
1.364799796e+01  3.5678144e-11  3.56781e-11  3.98382e-14  3.56383e-11
1.371623795e+01  3.5739016e-11  3.57390e-11  3.97182e-14  3.56993e-11
1.378481914e+01  3.5818894e-11  3.58189e-11  3.94604e-14  3.57794e-11
1.385374323e+01  3.5925515e-11  3.59255e-11  3.90218e-14  3.58865e-11
1.392301195e+01  3.6086888e-11  3.60869e-11  3.82377e-14  3.60487e-11
1.399262701e+01  3.6291643e-11  3.62916e-11  3.71894e-14  3.62545e-11
1.406259015e+01  3.6501196e-11  3.65012e-11  3.61170e-14  3.64651e-11
1.413290310e+01  3.6704123e-11  3.67041e-11  3.50890e-14  3.66690e-11
1.420356761e+01  3.6865513e-11  3.68655e-11  3.43077e-14  3.68312e-11
1.427458545e+01  3.7034052e-11  3.70341e-11  3.34840e-14  3.70006e-11
1.434595838e+01  3.7227717e-11  3.72277e-11  3.25171e-14  3.71952e-11
1.441768817e+01  3.7419710e-11  3.74197e-11  3.15631e-14  3.73881e-11
1.448977661e+01  3.7599292e-11  3.75993e-11  3.06814e-14  3.75686e-11
1.456222549e+01  3.7735876e-11  3.77359e-11  3.00380e-14  3.77058e-11
1.463503662e+01  3.7861917e-11  3.78619e-11  2.94486e-14  3.78325e-11
1.470821180e+01  3.7983395e-11  3.79834e-11  2.88791e-14  3.79545e-11
1.478175286e+01  3.8089920e-11  3.80899e-11  2.83843e-14  3.80615e-11
1.485566163e+01  3.8180987e-11  3.81810e-11  2.79646e-14  3.81530e-11
1.492993994e+01  3.8289469e-11  3.82895e-11  2.74465e-14  3.82620e-11
1.500458964e+01  3.8461473e-11  3.84615e-11  2.65964e-14  3.84349e-11
1.507961258e+01  3.8663812e-11  3.86638e-11  2.55942e-14  3.86382e-11
1.515501065e+01  3.8864389e-11  3.88644e-11  2.46063e-14  3.88398e-11
1.523078570e+01  3.9139039e-11  3.91390e-11  2.32553e-14  3.91158e-11
1.530693963e+01  3.9328699e-11  3.93287e-11  2.23359e-14  3.93064e-11
1.538347433e+01  3.9369656e-11  3.93697e-11  2.21447e-14  3.93475e-11
1.546039170e+01  3.9264014e-11  3.92640e-11  2.26484e-14  3.92414e-11
1.553769366e+01  3.8920645e-11  3.89206e-11  2.42595e-14  3.88964e-11
1.561538212e+01  3.8587928e-11  3.85879e-11  2.57716e-14  3.85622e-11
1.569345903e+01  3.8190062e-11  3.81901e-11  2.75414e-14  3.81625e-11
1.577192633e+01  3.7688755e-11  3.76888e-11  2.97376e-14  3.76590e-11
1.585078596e+01  3.7393783e-11  3.73938e-11  3.09310e-14  3.73629e-11
1.593003989e+01  3.7113035e-11  3.71130e-11  3.20214e-14  3.70810e-11
1.600969009e+01  3.6931143e-11  3.69311e-11  3.26327e-14  3.68985e-11
1.608973854e+01  3.6872147e-11  3.68721e-11  3.26731e-14  3.68395e-11
1.617018723e+01  3.6892670e-11  3.68927e-11  3.23500e-14  3.68603e-11
1.625103817e+01  3.6931565e-11  3.69316e-11  3.19399e-14  3.68996e-11
1.633229336e+01  3.6923582e-11  3.69236e-11  3.17263e-14  3.68919e-11
1.641395483e+01  3.6855888e-11  3.68559e-11  3.17581e-14  3.68241e-11
1.649602460e+01  3.6742132e-11  3.67421e-11  3.19705e-14  3.67102e-11
1.657850473e+01  3.6501963e-11  3.65020e-11  3.26939e-14  3.64693e-11
1.666139725e+01  3.6306243e-11  3.63062e-11  3.32069e-14  3.62730e-11
1.674470424e+01  3.6009758e-11  3.60098e-11  3.41103e-14  3.59756e-11
1.682842776e+01  3.5745917e-11  3.57459e-11  3.48519e-14  3.57111e-11
1.691256990e+01  3.5416750e-11  3.54168e-11  3.58298e-14  3.53809e-11
1.699713274e+01  3.5132727e-11  3.51327e-11  3.65978e-14  3.50961e-11
1.708211841e+01  3.4818848e-11  3.48188e-11  3.74574e-14  3.47814e-11
1.716752900e+01  3.4538314e-11  3.45383e-11  3.81593e-14  3.45002e-11
1.725336665e+01  3.4233800e-11  3.42338e-11  3.89296e-14  3.41949e-11
1.733963348e+01  3.3937596e-11  3.39376e-11  3.96427e-14  3.38980e-11
1.742633165e+01  3.3606541e-11  3.36065e-11  4.04642e-14  3.35661e-11
1.751346330e+01  3.3310386e-11  3.33104e-11  4.11286e-14  3.32693e-11
1.760103062e+01  3.3016546e-11  3.30165e-11  4.17617e-14  3.29748e-11
1.768903577e+01  3.2815774e-11  3.28158e-11  4.20291e-14  3.27737e-11
1.777748095e+01  3.2644157e-11  3.26442e-11  4.21746e-14  3.26020e-11
1.786636836e+01  3.2511349e-11  3.25113e-11  4.21667e-14  3.24692e-11
1.795570020e+01  3.2349200e-11  3.23492e-11  4.22545e-14  3.23069e-11
1.804547870e+01  3.2160444e-11  3.21604e-11  4.24260e-14  3.21180e-11
1.813570609e+01  3.1889915e-11  3.18899e-11  4.28739e-14  3.18470e-11
1.822638462e+01  3.1588711e-11  3.15887e-11  4.34122e-14  3.15453e-11
1.831751655e+01  3.1285869e-11  3.12859e-11  4.39377e-14  3.12419e-11
1.840910413e+01  3.0997634e-11  3.09976e-11  4.43948e-14  3.09532e-11
1.850114965e+01  3.0823195e-11  3.08232e-11  4.44466e-14  3.07787e-11
1.859365540e+01  3.0692391e-11  3.06924e-11  4.43412e-14  3.06480e-11
1.868662368e+01  3.0611640e-11  3.06116e-11  4.40609e-14  3.05676e-11
1.878005679e+01  3.0512866e-11  3.05129e-11  4.38369e-14  3.04690e-11
1.887395708e+01  3.0335720e-11  3.03357e-11  4.38672e-14  3.02919e-11
1.896832686e+01  3.0121354e-11  3.01214e-11  4.40107e-14  3.00773e-11
1.906316850e+01  2.9817491e-11  2.98175e-11  4.44347e-14  2.97731e-11
1.915848434e+01  2.9473918e-11  2.94739e-11  4.49719e-14  2.94289e-11
1.925427676e+01  2.9170845e-11  2.91708e-11  4.53634e-14  2.91255e-11
1.935054815e+01  2.8849006e-11  2.88490e-11  4.58006e-14  2.88032e-11
1.944730089e+01  2.8543019e-11  2.85430e-11  4.61737e-14  2.84968e-11
1.954453739e+01  2.8305780e-11  2.83058e-11  4.63193e-14  2.82595e-11
1.964226008e+01  2.8058386e-11  2.80584e-11  4.64870e-14  2.80119e-11
1.974047138e+01  2.7846809e-11  2.78468e-11  4.65352e-14  2.78003e-11
1.983917374e+01  2.7683306e-11  2.76833e-11  4.64296e-14  2.76369e-11
1.993836960e+01  2.7565080e-11  2.75651e-11  4.61822e-14  2.75189e-11
2.003806145e+01  2.7501707e-11  2.75017e-11  4.57677e-14  2.74559e-11
2.013825176e+01  2.7501818e-11  2.75018e-11  4.51644e-14  2.74567e-11
2.023894302e+01  2.7520877e-11  2.75209e-11  4.45082e-14  2.74764e-11
2.034013773e+01  2.7565547e-11  2.75655e-11  4.37809e-14  2.75218e-11
2.044183842e+01  2.7600138e-11  2.76001e-11  4.30880e-14  2.75571e-11
2.054404761e+01  2.7619222e-11  2.76192e-11  4.24445e-14  2.75768e-11
2.064676785e+01  2.7637212e-11  2.76372e-11  4.18081e-14  2.75954e-11
2.075000169e+01  2.7689824e-11  2.76898e-11  4.10772e-14  2.76487e-11
2.085375170e+01  2.7757533e-11  2.77575e-11  4.03091e-14  2.77172e-11
2.095802046e+01  2.7810115e-11  2.78101e-11  3.95895e-14  2.77705e-11
2.106281056e+01  2.7876869e-11  2.78769e-11  3.88358e-14  2.78380e-11
2.116812461e+01  2.7953105e-11  2.79531e-11  3.80618e-14  2.79150e-11
2.127396524e+01  2.8054516e-11  2.80545e-11  3.72251e-14  2.80173e-11
2.138033506e+01  2.8170959e-11  2.81710e-11  3.63547e-14  2.81346e-11
2.148723674e+01  2.8322127e-11  2.83221e-11  3.53981e-14  2.82867e-11
2.159467292e+01  2.8500724e-11  2.85007e-11  3.43770e-14  2.84663e-11
2.170264629e+01  2.8698699e-11  2.86987e-11  3.33141e-14  2.86654e-11
2.181115952e+01  2.8903572e-11  2.89036e-11  3.22436e-14  2.88713e-11
2.192021532e+01  2.9162655e-11  2.91627e-11  3.10412e-14  2.91316e-11
2.202981639e+01  2.9359324e-11  2.93593e-11  3.00143e-14  2.93293e-11
2.213996547e+01  2.9561923e-11  2.95619e-11  2.89821e-14  2.95329e-11
2.225066530e+01  2.9746869e-11  2.97469e-11  2.80056e-14  2.97189e-11
2.236191863e+01  2.9887618e-11  2.98876e-11  2.71516e-14  2.98605e-11
2.247372822e+01  2.9981308e-11  2.99813e-11  2.64251e-14  2.99549e-11
2.258609686e+01  3.0027133e-11  3.00271e-11  2.58256e-14  3.00013e-11
2.269902735e+01  3.0029514e-11  3.00295e-11  2.53395e-14  3.00042e-11
2.281252248e+01  2.9994032e-11  2.99940e-11  2.49508e-14  2.99691e-11
2.292658510e+01  2.9927402e-11  2.99274e-11  2.46411e-14  2.99028e-11
2.304121802e+01  2.9838648e-11  2.98386e-11  2.43867e-14  2.98143e-11
2.315642411e+01  2.9744987e-11  2.97450e-11  2.41445e-14  2.97208e-11
2.327220623e+01  2.9650417e-11  2.96504e-11  2.39046e-14  2.96265e-11
2.338856726e+01  2.9552599e-11  2.95526e-11  2.36728e-14  2.95289e-11
2.350551010e+01  2.9448053e-11  2.94481e-11  2.34573e-14  2.94246e-11
2.362303765e+01  2.9328662e-11  2.93287e-11  2.32772e-14  2.93054e-11
2.374115284e+01  2.9189923e-11  2.91899e-11  2.31424e-14  2.91668e-11
2.385985860e+01  2.9020426e-11  2.90204e-11  2.30791e-14  2.89973e-11
2.397915789e+01  2.8866842e-11  2.88668e-11  2.29770e-14  2.88439e-11
2.409905368e+01  2.8704012e-11  2.87040e-11  2.28951e-14  2.86811e-11
2.421954895e+01  2.8513653e-11  2.85137e-11  2.28756e-14  2.84908e-11
2.434064670e+01  2.8303720e-11  2.83037e-11  2.28989e-14  2.82808e-11
2.446234993e+01  2.8091197e-11  2.80912e-11  2.29256e-14  2.80683e-11
2.458466168e+01  2.7859833e-11  2.78598e-11  2.29926e-14  2.78368e-11
2.470758499e+01  2.7617042e-11  2.76170e-11  2.30826e-14  2.75940e-11
2.483112291e+01  2.7367876e-11  2.73679e-11  2.31838e-14  2.73447e-11
2.495527853e+01  2.7090690e-11  2.70907e-11  2.33443e-14  2.70673e-11
