# ------------------------------------------------------------------------
# Radiance spectrum
# NASA-GSFC Planetary Spectrum Generator (PSG) (Villanueva et al. 2018, 2022)
# Synthesized on Mon Feb 12 10:27:33 2024
# Doppler velocities [km/s] (vobs,vrot+vorb,vwidth,vrfl,vstr): 0.00000,-0.00000,0.00000,-119.41115,-0.00000
# Spectral unit: Wavelength [um]
# Radiance unit: Spectral irradiance [W/m2/um]
# Wave/freq Total Object Reflected Thermal
5.000000000e-01  8.3138285e-13  8.31383e-13  8.31383e-13  1.83231e-46
5.025000000e-01  8.3972837e-13  8.39728e-13  8.39728e-13  2.89083e-46
5.050125000e-01  8.4805608e-13  8.48056e-13  8.48056e-13  4.55017e-46
5.075375625e-01  8.5636436e-13  8.56364e-13  8.56364e-13  7.14531e-46
5.100752503e-01  8.6465160e-13  8.64652e-13  8.64652e-13  1.11945e-45
5.126256266e-01  8.7291621e-13  8.72916e-13  8.72916e-13  1.74981e-45
5.151887547e-01  8.8115657e-13  8.81157e-13  8.81157e-13  2.72882e-45
5.177646985e-01  8.8937112e-13  8.89371e-13  8.89371e-13  4.24589e-45
5.203535220e-01  8.9755825e-13  8.97558e-13  8.97558e-13  6.59135e-45
5.229552896e-01  9.0571640e-13  9.05716e-13  9.05716e-13  1.02093e-44
5.255700660e-01  9.1384401e-13  9.13844e-13  9.13844e-13  1.57777e-44
5.281979164e-01  9.2193952e-13  9.21940e-13  9.21940e-13  2.43285e-44
5.308389059e-01  9.3000137e-13  9.30001e-13  9.30001e-13  3.74301e-44
5.334931005e-01  9.3802805e-13  9.38028e-13  9.38028e-13  5.74595e-44
5.361605660e-01  9.4601803e-13  9.46018e-13  9.46018e-13  8.80126e-44
5.388413688e-01  9.5396980e-13  9.53970e-13  9.53970e-13  1.34516e-43
5.415355756e-01  9.6188185e-13  9.61882e-13  9.61882e-13  2.05142e-43
5.442432535e-01  9.6975271e-13  9.69753e-13  9.69753e-13  3.12170e-43
5.469644698e-01  9.7758090e-13  9.77581e-13  9.77581e-13  4.74010e-43
5.496992921e-01  9.8536497e-13  9.85365e-13  9.85365e-13  7.18207e-43
5.524477886e-01  9.9310347e-13  9.93103e-13  9.93103e-13  1.08588e-42
5.552100275e-01  1.0007950e-12  1.00079e-12  1.00079e-12  1.63828e-42
5.579860777e-01  1.0084381e-12  1.00844e-12  1.00844e-12  2.46646e-42
5.607760081e-01  1.0160314e-12  1.01603e-12  1.01603e-12  3.70546e-42
5.635798881e-01  1.0235735e-12  1.02357e-12  1.02357e-12  5.55520e-42
5.663977875e-01  1.0310631e-12  1.03106e-12  1.03106e-12  8.31093e-42
5.692297765e-01  1.0384988e-12  1.03850e-12  1.03850e-12  1.24079e-41
5.720759254e-01  1.0458792e-12  1.04588e-12  1.04588e-12  1.84861e-41
5.749363050e-01  1.0532032e-12  1.05320e-12  1.05320e-12  2.74854e-41
5.778109865e-01  1.0604694e-12  1.06047e-12  1.06047e-12  4.07819e-41
5.807000414e-01  1.0676764e-12  1.06768e-12  1.06768e-12  6.03877e-41
5.836035417e-01  1.0748231e-12  1.07482e-12  1.07482e-12  8.92379e-41
5.865215594e-01  1.0819083e-12  1.08191e-12  1.08191e-12  1.31605e-40
5.894541672e-01  1.0889307e-12  1.08893e-12  1.08893e-12  1.93699e-40
5.924014380e-01  1.0958891e-12  1.09589e-12  1.09589e-12  2.84519e-40
5.953634452e-01  1.1027824e-12  1.10278e-12  1.10278e-12  4.17094e-40
5.983402624e-01  1.1096095e-12  1.10961e-12  1.10961e-12  6.10236e-40
6.013319637e-01  1.1163691e-12  1.11637e-12  1.11637e-12  8.91059e-40
6.043386235e-01  1.1230602e-12  1.12306e-12  1.12306e-12  1.29857e-39
6.073603167e-01  1.1296817e-12  1.12968e-12  1.12968e-12  1.88876e-39
6.103971182e-01  1.1362325e-12  1.13623e-12  1.13623e-12  2.74188e-39
6.134491038e-01  1.1427117e-12  1.14271e-12  1.14271e-12  3.97266e-39
6.165163494e-01  1.1491181e-12  1.14912e-12  1.14912e-12  5.74488e-39
6.195989311e-01  1.1554508e-12  1.15545e-12  1.15545e-12  8.29184e-39
6.226969258e-01  1.1617089e-12  1.16171e-12  1.16171e-12  1.19453e-38
6.258104104e-01  1.1678913e-12  1.16789e-12  1.16789e-12  1.71759e-38
6.289394624e-01  1.1739972e-12  1.17400e-12  1.17400e-12  2.46506e-38
6.320841597e-01  1.1800257e-12  1.18003e-12  1.18003e-12  3.53119e-38
6.352445805e-01  1.1859759e-12  1.18598e-12  1.18598e-12  5.04900e-38
6.384208035e-01  1.1918469e-12  1.19185e-12  1.19185e-12  7.20586e-38
6.416129075e-01  1.1976379e-12  1.19764e-12  1.19764e-12  1.02651e-37
6.448209720e-01  1.2033481e-12  1.20335e-12  1.20335e-12  1.45965e-37
6.480450769e-01  1.2089767e-12  1.20898e-12  1.20898e-12  2.07175e-37
6.512853022e-01  1.2145231e-12  1.21452e-12  1.21452e-12  2.93520e-37
6.545417288e-01  1.2199863e-12  1.21999e-12  1.21999e-12  4.15100e-37
6.578144374e-01  1.2253659e-12  1.22537e-12  1.22537e-12  5.85985e-37
6.611035096e-01  1.2306610e-12  1.23066e-12  1.23066e-12  8.25740e-37
6.644090271e-01  1.2358710e-12  1.23587e-12  1.23587e-12  1.16152e-36
6.677310723e-01  1.2409952e-12  1.24100e-12  1.24100e-12  1.63095e-36
6.710697276e-01  1.2460332e-12  1.24603e-12  1.24603e-12  2.28607e-36
6.744250763e-01  1.2509842e-12  1.25098e-12  1.25098e-12  3.19871e-36
6.777972017e-01  1.2558478e-12  1.25585e-12  1.25585e-12  4.46790e-36
6.811861877e-01  1.2606234e-12  1.26062e-12  1.26062e-12  6.22984e-36
6.845921186e-01  1.2653105e-12  1.26531e-12  1.26531e-12  8.67162e-36
6.880150792e-01  1.2699086e-12  1.26991e-12  1.26991e-12  1.20497e-35
6.914551546e-01  1.2744173e-12  1.27442e-12  1.27442e-12  1.67151e-35
6.949124304e-01  1.2788361e-12  1.27884e-12  1.27884e-12  2.31475e-35
6.983869925e-01  1.2831646e-12  1.28316e-12  1.28316e-12  3.20008e-35
7.018789275e-01  1.2874024e-12  1.28740e-12  1.28740e-12  4.41659e-35
7.053883221e-01  1.2915493e-12  1.29155e-12  1.29155e-12  6.08533e-35
7.089152637e-01  1.2956047e-12  1.29560e-12  1.29560e-12  8.37060e-35
7.124598400e-01  1.2995685e-12  1.29957e-12  1.29957e-12  1.14950e-34
7.160221392e-01  1.3034403e-12  1.30344e-12  1.30344e-12  1.57595e-34
7.196022499e-01  1.3072199e-12  1.30722e-12  1.30722e-12  2.15705e-34
7.232002612e-01  1.3109070e-12  1.31091e-12  1.31091e-12  2.94761e-34
7.268162625e-01  1.3145014e-12  1.31450e-12  1.31450e-12  4.02135e-34
7.304503438e-01  1.3180030e-12  1.31800e-12  1.31800e-12  5.47735e-34
7.341025955e-01  1.3214115e-12  1.32141e-12  1.32141e-12  7.44850e-34
7.377731085e-01  1.3247268e-12  1.32473e-12  1.32473e-12  1.01128e-33
7.414619740e-01  1.3279488e-12  1.32795e-12  1.32795e-12  1.37082e-33
7.451692839e-01  1.3310773e-12  1.33108e-12  1.33108e-12  1.85523e-33
7.488951303e-01  1.3341123e-12  1.33411e-12  1.33411e-12  2.50687e-33
7.526396060e-01  1.3370538e-12  1.33705e-12  1.33705e-12  3.38207e-33
7.564028040e-01  1.3399016e-12  1.33990e-12  1.33990e-12  4.55568e-33
7.601848180e-01  1.3426559e-12  1.34266e-12  1.34266e-12  6.12701e-33
7.639857421e-01  1.3453165e-12  1.34532e-12  1.34532e-12  8.22756e-33
7.678056708e-01  1.3478836e-12  1.34788e-12  1.34788e-12  1.10312e-32
7.716446992e-01  1.3503571e-12  1.35036e-12  1.35036e-12  1.47677e-32
7.755029227e-01  1.3527371e-12  1.35274e-12  1.35274e-12  1.97395e-32
7.793804373e-01  1.3550238e-12  1.35502e-12  1.35502e-12  2.63452e-32
7.832773395e-01  1.3572172e-12  1.35722e-12  1.35722e-12  3.51084e-32
7.871937262e-01  1.3593175e-12  1.35932e-12  1.35932e-12  4.67162e-32
7.911296948e-01  1.3613248e-12  1.36132e-12  1.36132e-12  6.20690e-32
7.950853433e-01  1.3632393e-12  1.36324e-12  1.36324e-12  8.23447e-32
7.990607700e-01  1.3650611e-12  1.36506e-12  1.36506e-12  1.09082e-31
8.030560739e-01  1.3667906e-12  1.36679e-12  1.36679e-12  1.44288e-31
8.070713542e-01  1.3684279e-12  1.36843e-12  1.36843e-12  1.90578e-31
8.111067110e-01  1.3699732e-12  1.36997e-12  1.36997e-12  2.51350e-31
8.151622446e-01  1.3714268e-12  1.37143e-12  1.37143e-12  3.31022e-31
8.192380558e-01  1.3727891e-12  1.37279e-12  1.37279e-12  4.35318e-31
8.233342461e-01  1.3740603e-12  1.37406e-12  1.37406e-12  5.71653e-31
8.274509173e-01  1.3752407e-12  1.37524e-12  1.37524e-12  7.49613e-31
8.315881719e-01  1.3763306e-12  1.37633e-12  1.37633e-12  9.81577e-31
8.357461127e-01  1.3773305e-12  1.37733e-12  1.37733e-12  1.28350e-30
8.399248433e-01  1.3782406e-12  1.37824e-12  1.37824e-12  1.67593e-30
8.441244675e-01  1.3790613e-12  1.37906e-12  1.37906e-12  2.18528e-30
8.483450899e-01  1.3797932e-12  1.37979e-12  1.37979e-12  2.84547e-30
8.525868153e-01  1.3804365e-12  1.38044e-12  1.38044e-12  3.69996e-30
8.568497494e-01  1.3809916e-12  1.38099e-12  1.38099e-12  4.80441e-30
8.611339981e-01  1.3814592e-12  1.38146e-12  1.38146e-12  6.22998e-30
8.654396681e-01  1.3818395e-12  1.38184e-12  1.38184e-12  8.06751e-30
8.697668665e-01  1.3821331e-12  1.38213e-12  1.38213e-12  1.04328e-29
8.741157008e-01  1.3823404e-12  1.38234e-12  1.38234e-12  1.34734e-29
8.784862793e-01  1.3824620e-12  1.38246e-12  1.38246e-12  1.73766e-29
8.828787107e-01  1.3824983e-12  1.38250e-12  1.38250e-12  2.23806e-29
8.872931042e-01  1.3824500e-12  1.38245e-12  1.38245e-12  2.87873e-29
8.917295698e-01  1.3823175e-12  1.38232e-12  1.38232e-12  3.69788e-29
8.961882176e-01  1.3821013e-12  1.38210e-12  1.38210e-12  4.74385e-29
9.006691587e-01  1.3818021e-12  1.38180e-12  1.38180e-12  6.07770e-29
9.051725045e-01  1.3814204e-12  1.38142e-12  1.38142e-12  7.77641e-29
9.096983670e-01  1.3809568e-12  1.38096e-12  1.38096e-12  9.93699e-29
9.142468589e-01  1.3804119e-12  1.38041e-12  1.38041e-12  1.26814e-28
9.188180931e-01  1.3797863e-12  1.37979e-12  1.37979e-12  1.61630e-28
9.234121836e-01  1.3790806e-12  1.37908e-12  1.37908e-12  2.05740e-28
9.280292445e-01  1.3782955e-12  1.37830e-12  1.37830e-12  2.61555e-28
9.326693908e-01  1.3774316e-12  1.37743e-12  1.37743e-12  3.32091e-28
9.373327377e-01  1.3764895e-12  1.37649e-12  1.37649e-12  4.21116e-28
9.420194014e-01  1.3754699e-12  1.37547e-12  1.37547e-12  5.33335e-28
9.467294984e-01  1.3743734e-12  1.37437e-12  1.37437e-12  6.74616e-28
9.514631459e-01  1.3732008e-12  1.37320e-12  1.37320e-12  8.52262e-28
9.562204616e-01  1.3719526e-12  1.37195e-12  1.37195e-12  1.07536e-27
9.610015639e-01  1.3706297e-12  1.37063e-12  1.37063e-12  1.35518e-27
9.658065718e-01  1.3692326e-12  1.36923e-12  1.36923e-12  1.70572e-27
9.706356046e-01  1.3677622e-12  1.36776e-12  1.36776e-12  2.14433e-27
9.754887826e-01  1.3662191e-12  1.36622e-12  1.36622e-12  2.69245e-27
9.803662265e-01  1.3646040e-12  1.36460e-12  1.36460e-12  3.37660e-27
9.852680577e-01  1.3629176e-12  1.36292e-12  1.36292e-12  4.22951e-27
9.901943980e-01  1.3611607e-12  1.36116e-12  1.36116e-12  5.29153e-27
9.951453700e-01  1.3593341e-12  1.35933e-12  1.35933e-12  6.61236e-27
1.000121097e+00  1.3574384e-12  1.35744e-12  1.35744e-12  8.25311e-27
1.005121702e+00  1.3554744e-12  1.35547e-12  1.35547e-12  1.02889e-26
1.010147311e+00  1.3534429e-12  1.35344e-12  1.35344e-12  1.28118e-26
1.015198047e+00  1.3513446e-12  1.35134e-12  1.35134e-12  1.59347e-26
1.020274038e+00  1.3491802e-12  1.34918e-12  1.34918e-12  1.97959e-26
1.025375408e+00  1.3469507e-12  1.34695e-12  1.34695e-12  2.45644e-26
1.030502285e+00  1.3446566e-12  1.34466e-12  1.34466e-12  3.04465e-26
1.035654796e+00  1.3422988e-12  1.34230e-12  1.34230e-12  3.76941e-26
1.040833070e+00  1.3398781e-12  1.33988e-12  1.33988e-12  4.66139e-26
1.046037236e+00  1.3373953e-12  1.33740e-12  1.33740e-12  5.75792e-26
1.051267422e+00  1.3348511e-12  1.33485e-12  1.33485e-12  7.10440e-26
1.056523759e+00  1.3322463e-12  1.33225e-12  1.33225e-12  8.75594e-26
1.061806378e+00  1.3295817e-12  1.32958e-12  1.32958e-12  1.07794e-25
1.067115410e+00  1.3268581e-12  1.32686e-12  1.32686e-12  1.32558e-25
1.072450987e+00  1.3240763e-12  1.32408e-12  1.32408e-12  1.62830e-25
1.077813242e+00  1.3212370e-12  1.32124e-12  1.32124e-12  1.99797e-25
1.083202308e+00  1.3183412e-12  1.31834e-12  1.31834e-12  2.44889e-25
1.088618319e+00  1.3153895e-12  1.31539e-12  1.31539e-12  2.99831e-25
1.094061411e+00  1.3123829e-12  1.31238e-12  1.31238e-12  3.66703e-25
1.099531718e+00  1.3093220e-12  1.30932e-12  1.30932e-12  4.48007e-25
1.105029377e+00  1.3062076e-12  1.30621e-12  1.30621e-12  5.46752e-25
1.110554523e+00  1.3030407e-12  1.30304e-12  1.30304e-12  6.66551e-25
1.116107296e+00  1.2998219e-12  1.29982e-12  1.29982e-12  8.11738e-25
1.121687832e+00  1.2965521e-12  1.29655e-12  1.29655e-12  9.87507e-25
1.127296272e+00  1.2932321e-12  1.29323e-12  1.29323e-12  1.20008e-24
1.132932753e+00  1.2898626e-12  1.28986e-12  1.28986e-12  1.45688e-24
1.138597417e+00  1.2864446e-12  1.28644e-12  1.28644e-12  1.76680e-24
1.144290404e+00  1.2829787e-12  1.28298e-12  1.28298e-12  2.14043e-24
1.150011856e+00  1.2794658e-12  1.27947e-12  1.27947e-12  2.59042e-24
1.155761915e+00  1.2759066e-12  1.27591e-12  1.27591e-12  3.13179e-24
1.161540725e+00  1.2723020e-12  1.27230e-12  1.27230e-12  3.78245e-24
1.167348428e+00  1.2686528e-12  1.26865e-12  1.26865e-12  4.56367e-24
1.173185171e+00  1.2649597e-12  1.26496e-12  1.26496e-12  5.50068e-24
1.179051096e+00  1.2612236e-12  1.26122e-12  1.26122e-12  6.62344e-24
1.184946352e+00  1.2574452e-12  1.25745e-12  1.25745e-12  7.96740e-24
1.190871084e+00  1.2536253e-12  1.25363e-12  1.25363e-12  9.57454e-24
1.196825439e+00  1.2497647e-12  1.24976e-12  1.24976e-12  1.14945e-23
1.202809566e+00  1.2458642e-12  1.24586e-12  1.24586e-12  1.37859e-23
1.208823614e+00  1.2419245e-12  1.24192e-12  1.24192e-12  1.65179e-23
1.214867732e+00  1.2379465e-12  1.23795e-12  1.23795e-12  1.97721e-23
1.220942071e+00  1.2339309e-12  1.23393e-12  1.23393e-12  2.36444e-23
1.227046781e+00  1.2298785e-12  1.22988e-12  1.22988e-12  2.82479e-23
1.233182015e+00  1.2257899e-12  1.22579e-12  1.22579e-12  3.37152e-23
1.239347925e+00  1.2216661e-12  1.22167e-12  1.22167e-12  4.02024e-23
1.245544665e+00  1.2175078e-12  1.21751e-12  1.21751e-12  4.78923e-23
1.251772388e+00  1.2133157e-12  1.21332e-12  1.21332e-12  5.69992e-23
1.258031250e+00  1.2090905e-12  1.20909e-12  1.20909e-12  6.77740e-23
1.264321406e+00  1.2048331e-12  1.20483e-12  1.20483e-12  8.05102e-23
1.270643013e+00  1.2005442e-12  1.20054e-12  1.20054e-12  9.55508e-23
1.276996228e+00  1.1962244e-12  1.19622e-12  1.19622e-12  1.13296e-22
1.283381209e+00  1.1918746e-12  1.19187e-12  1.19187e-12  1.34214e-22
1.289798116e+00  1.1874954e-12  1.18750e-12  1.18750e-12  1.58847e-22
1.296247106e+00  1.1830877e-12  1.18309e-12  1.18309e-12  1.87830e-22
1.302728342e+00  1.1786521e-12  1.17865e-12  1.17865e-12  2.21900e-22
1.309241983e+00  1.1741893e-12  1.17419e-12  1.17419e-12  2.61912e-22
1.315788193e+00  1.1697001e-12  1.16970e-12  1.16970e-12  3.08862e-22
1.322367134e+00  1.1651851e-12  1.16519e-12  1.16519e-12  3.63902e-22
1.328978970e+00  1.1606451e-12  1.16065e-12  1.16065e-12  4.28368e-22
1.335623865e+00  1.1560808e-12  1.15608e-12  1.15608e-12  5.03809e-22
1.342301984e+00  1.1514929e-12  1.15149e-12  1.15149e-12  5.92013e-22
1.349013494e+00  1.1468820e-12  1.14688e-12  1.14688e-12  6.95051e-22
1.355758561e+00  1.1422488e-12  1.14225e-12  1.14225e-12  8.15309e-22
1.362537354e+00  1.1375940e-12  1.13759e-12  1.13759e-12  9.55544e-22
1.369350041e+00  1.1329184e-12  1.13292e-12  1.13292e-12  1.11893e-21
1.376196791e+00  1.1282224e-12  1.12822e-12  1.12822e-12  1.30913e-21
1.383077775e+00  1.1235069e-12  1.12351e-12  1.12351e-12  1.53036e-21
1.389993164e+00  1.1187725e-12  1.11877e-12  1.11877e-12  1.78744e-21
1.396943130e+00  1.1140198e-12  1.11402e-12  1.11402e-12  2.08594e-21
1.403927846e+00  1.1092495e-12  1.10925e-12  1.10925e-12  2.43225e-21
1.410947485e+00  1.1044622e-12  1.10446e-12  1.10446e-12  2.83366e-21
1.418002222e+00  1.0996585e-12  1.09966e-12  1.09966e-12  3.29858e-21
1.425092233e+00  1.0948391e-12  1.09484e-12  1.09484e-12  3.83658e-21
1.432217694e+00  1.0898071e-12  1.08981e-12  1.08981e-12  4.45875e-21
1.439378783e+00  1.0789593e-12  1.07896e-12  1.07896e-12  5.18099e-21
1.446575677e+00  1.0672702e-12  1.06727e-12  1.06727e-12  6.01590e-21
1.453808555e+00  1.0564096e-12  1.05641e-12  1.05641e-12  6.97905e-21
1.461077598e+00  1.0418072e-12  1.04181e-12  1.04181e-12  8.09337e-21
1.468382986e+00  1.0319188e-12  1.03192e-12  1.03192e-12  9.37300e-21
1.475724901e+00  1.0188938e-12  1.01889e-12  1.01889e-12  1.08503e-20
1.483103525e+00  1.0102412e-12  1.01024e-12  1.01024e-12  1.25440e-20
1.490519043e+00  1.0001867e-12  1.00019e-12  1.00019e-12  1.44931e-20
1.497971638e+00  9.8590709e-13  9.85907e-13  9.85907e-13  1.67402e-20
1.505461496e+00  9.7897432e-13  9.78974e-13  9.78974e-13  1.93038e-20
1.512988804e+00  9.7158549e-13  9.71585e-13  9.71585e-13  2.22440e-20
1.520553748e+00  9.6243963e-13  9.62440e-13  9.62440e-13  2.56174e-20
1.528156517e+00  9.5147003e-13  9.51470e-13  9.51470e-13  2.94862e-20
1.535797299e+00  9.4453485e-13  9.44535e-13  9.44535e-13  3.38968e-20
1.543476286e+00  9.3559020e-13  9.35590e-13  9.35590e-13  3.89468e-20
1.551193667e+00  9.3089814e-13  9.30898e-13  9.30898e-13  4.46923e-20
1.558949636e+00  9.2218970e-13  9.22190e-13  9.22190e-13  5.12714e-20
1.566744384e+00  9.1605815e-13  9.16058e-13  9.16058e-13  5.87564e-20
1.574578106e+00  9.0912549e-13  9.09125e-13  9.09125e-13  6.72902e-20
1.582450996e+00  9.0158410e-13  9.01584e-13  9.01584e-13  7.70119e-20
1.590363251e+00  8.9514209e-13  8.95142e-13  8.95142e-13  8.80608e-20
1.598315067e+00  8.8951678e-13  8.89517e-13  8.89517e-13  1.00610e-19
1.606306643e+00  8.8416558e-13  8.84166e-13  8.84165e-13  1.14860e-19
1.614338176e+00  8.7785274e-13  8.77853e-13  8.77853e-13  1.31047e-19
1.622409867e+00  8.7278248e-13  8.72782e-13  8.72782e-13  1.49384e-19
1.630521916e+00  8.6553942e-13  8.65539e-13  8.65539e-13  1.70210e-19
1.638674526e+00  8.6135644e-13  8.61356e-13  8.61356e-13  1.93725e-19
1.646867898e+00  8.5579081e-13  8.55791e-13  8.55791e-13  2.20368e-19
1.655102238e+00  8.5066505e-13  8.50665e-13  8.50665e-13  2.50483e-19
1.663377749e+00  8.4563164e-13  8.45632e-13  8.45631e-13  2.84508e-19
1.671694638e+00  8.4085923e-13  8.40859e-13  8.40859e-13  3.22915e-19
1.680053111e+00  8.3685027e-13  8.36850e-13  8.36850e-13  3.66212e-19
1.688453377e+00  8.3074009e-13  8.30740e-13  8.30740e-13  4.15139e-19
1.696895643e+00  8.2656877e-13  8.26569e-13  8.26568e-13  4.70155e-19
1.705380122e+00  8.2214741e-13  8.22147e-13  8.22147e-13  5.32110e-19
1.713907022e+00  8.1954400e-13  8.19544e-13  8.19543e-13  6.01666e-19
1.722476557e+00  8.1487085e-13  8.14871e-13  8.14870e-13  6.80037e-19
1.731088940e+00  8.1061136e-13  8.10611e-13  8.10611e-13  7.68047e-19
1.739744385e+00  8.0610963e-13  8.06110e-13  8.06109e-13  8.66887e-19
1.748443107e+00  8.0169299e-13  8.01693e-13  8.01692e-13  9.77775e-19
1.757185322e+00  7.9824344e-13  7.98243e-13  7.98242e-13  1.10196e-18
1.765971249e+00  7.9486700e-13  7.94867e-13  7.94866e-13  1.24107e-18
1.774801105e+00  7.9100708e-13  7.91007e-13  7.91006e-13  1.39690e-18
1.783675111e+00  7.8525157e-13  7.85252e-13  7.85250e-13  1.57167e-18
1.792593486e+00  7.8187057e-13  7.81871e-13  7.81869e-13  1.76655e-18
1.801556454e+00  7.7840530e-13  7.78405e-13  7.78403e-13  1.98432e-18
1.810564236e+00  7.7516772e-13  7.75168e-13  7.75165e-13  2.22740e-18
1.819617057e+00  7.7122864e-13  7.71229e-13  7.71226e-13  2.49889e-18
1.828715142e+00  7.6637048e-13  7.66370e-13  7.66368e-13  2.80202e-18
1.837858718e+00  7.6320137e-13  7.63201e-13  7.63198e-13  3.13914e-18
1.847048012e+00  7.5972183e-13  7.59722e-13  7.59718e-13  3.51472e-18
1.856283252e+00  7.5593753e-13  7.55938e-13  7.55934e-13  3.93291e-18
1.865564668e+00  7.5215367e-13  7.52154e-13  7.52149e-13  4.39806e-18
1.874892491e+00  7.4918951e-13  7.49190e-13  7.49185e-13  4.91452e-18
1.884266954e+00  7.4540259e-13  7.45403e-13  7.45397e-13  5.48885e-18
1.893688289e+00  7.4154346e-13  7.41543e-13  7.41537e-13  6.12654e-18
1.903156730e+00  7.3863747e-13  7.38637e-13  7.38631e-13  6.83308e-18
1.912672514e+00  7.3455990e-13  7.34560e-13  7.34552e-13  7.61774e-18
1.922235876e+00  7.3113829e-13  7.31138e-13  7.31130e-13  8.48644e-18
1.931847056e+00  7.2793022e-13  7.27930e-13  7.27921e-13  9.44809e-18
1.941506291e+00  7.2443246e-13  7.24432e-13  7.24422e-13  1.05128e-17
1.951213822e+00  7.2086336e-13  7.20863e-13  7.20852e-13  1.16905e-17
1.960969892e+00  7.1701299e-13  7.17013e-13  7.17000e-13  1.29928e-17
1.970774741e+00  7.1351744e-13  7.13517e-13  7.13503e-13  1.44308e-17
1.980628615e+00  7.1016160e-13  7.10162e-13  7.10146e-13  1.60180e-17
1.990531758e+00  7.0645871e-13  7.06459e-13  7.06441e-13  1.77702e-17
2.000484417e+00  7.0330958e-13  7.03310e-13  7.03290e-13  1.97006e-17
2.010486839e+00  6.9988403e-13  6.99884e-13  6.99862e-13  2.18289e-17
2.020539273e+00  6.9700251e-13  6.97003e-13  6.96978e-13  2.41708e-17
2.030641969e+00  6.9330521e-13  6.93305e-13  6.93278e-13  2.67519e-17
2.040795179e+00  6.8994788e-13  6.89948e-13  6.89918e-13  2.95899e-17
2.050999155e+00  6.8659120e-13  6.86591e-13  6.86558e-13  3.27100e-17
2.061254151e+00  6.8330166e-13  6.83302e-13  6.83266e-13  3.61380e-17
2.071560421e+00  6.7974929e-13  6.79749e-13  6.79709e-13  3.99042e-17
2.081918224e+00  6.7613552e-13  6.76136e-13  6.76091e-13  4.40383e-17
2.092327815e+00  6.7265676e-13  6.72657e-13  6.72608e-13  4.85722e-17
2.102789454e+00  6.6976256e-13  6.69763e-13  6.69709e-13  5.35374e-17
2.113303401e+00  6.6635179e-13  6.66352e-13  6.66293e-13  5.89824e-17
2.123869918e+00  6.6243469e-13  6.62435e-13  6.62370e-13  6.49507e-17
2.134489268e+00  6.5890764e-13  6.58908e-13  6.58836e-13  7.14786e-17
2.145161714e+00  6.5538614e-13  6.55386e-13  6.55308e-13  7.86191e-17
2.155887523e+00  6.5212036e-13  6.52120e-13  6.52034e-13  8.64217e-17
2.166666960e+00  6.4798840e-13  6.47988e-13  6.47893e-13  9.49616e-17
2.177500295e+00  6.4430255e-13  6.44303e-13  6.44198e-13  1.04281e-16
2.188387796e+00  6.4062571e-13  6.40626e-13  6.40511e-13  1.14452e-16
2.199329735e+00  6.3653218e-13  6.36532e-13  6.36407e-13  1.25558e-16
2.210326384e+00  6.3311874e-13  6.33119e-13  6.32981e-13  1.37651e-16
2.221378016e+00  6.2977190e-13  6.29772e-13  6.29621e-13  1.50827e-16
2.232484906e+00  6.2649075e-13  6.26491e-13  6.26326e-13  1.65174e-16
2.243647331e+00  6.2321510e-13  6.23215e-13  6.23034e-13  1.80791e-16
2.254865567e+00  6.2012183e-13  6.20122e-13  6.19924e-13  1.97774e-16
2.266139895e+00  6.1638926e-13  6.16389e-13  6.16173e-13  2.16266e-16
2.277470595e+00  6.1290167e-13  6.12902e-13  6.12665e-13  2.36354e-16
2.288857948e+00  6.0965461e-13  6.09655e-13  6.09396e-13  2.58162e-16
2.300302237e+00  6.0630001e-13  6.06300e-13  6.06018e-13  2.81844e-16
2.311803748e+00  6.0284052e-13  6.02841e-13  6.02533e-13  3.07547e-16
2.323362767e+00  5.9922229e-13  5.99222e-13  5.98887e-13  3.35435e-16
2.334979581e+00  5.9584194e-13  5.95842e-13  5.95476e-13  3.65651e-16
2.346654479e+00  5.9230503e-13  5.92305e-13  5.91907e-13  3.98400e-16
2.358387751e+00  5.8905816e-13  5.89058e-13  5.88624e-13  4.33841e-16
2.370179690e+00  5.8516143e-13  5.85161e-13  5.84689e-13  4.72262e-16
2.382030589e+00  5.8199370e-13  5.81994e-13  5.81480e-13  5.13756e-16
2.393940742e+00  5.7856467e-13  5.78565e-13  5.78006e-13  5.58650e-16
2.405910445e+00  5.7471888e-13  5.74719e-13  5.74112e-13  6.07223e-16
2.417939997e+00  5.7137462e-13  5.71375e-13  5.70715e-13  6.59630e-16
2.430029697e+00  5.6772578e-13  5.67726e-13  5.67010e-13  7.16260e-16
2.442179846e+00  5.6404310e-13  5.64043e-13  5.63266e-13  7.77383e-16
2.454390745e+00  5.6058984e-13  5.60590e-13  5.59747e-13  8.43278e-16
2.466662699e+00  5.5684219e-13  5.56842e-13  5.55928e-13  9.14381e-16
2.478996012e+00  5.5337500e-13  5.53375e-13  5.52384e-13  9.90950e-16
2.491390992e+00  5.4997824e-13  5.49978e-13  5.48905e-13  1.07341e-15
2.503847947e+00  5.4644776e-13  5.46448e-13  5.45286e-13  1.16222e-15
2.516367187e+00  5.4293893e-13  5.42939e-13  5.41681e-13  1.25779e-15
2.528949023e+00  5.3935195e-13  5.39352e-13  5.37991e-13  1.36061e-15
2.541593768e+00  5.3573935e-13  5.35739e-13  5.34268e-13  1.47116e-15
2.554301737e+00  5.3230060e-13  5.32301e-13  5.30711e-13  1.58991e-15
2.567073246e+00  5.2883671e-13  5.28837e-13  5.27119e-13  1.71747e-15
2.579908612e+00  5.2534939e-13  5.25349e-13  5.23495e-13  1.85444e-15
2.592808155e+00  5.2179197e-13  5.21792e-13  5.19791e-13  2.00146e-15
2.605772196e+00  5.1807116e-13  5.18071e-13  5.15912e-13  2.15925e-15
2.618801057e+00  5.1457348e-13  5.14573e-13  5.12245e-13  2.32833e-15
2.631895062e+00  5.1110610e-13  5.11106e-13  5.08597e-13  2.50952e-15
2.645054537e+00  5.0748179e-13  5.07482e-13  5.04778e-13  2.70371e-15
2.658279810e+00  5.0398552e-13  5.03986e-13  5.01074e-13  2.91158e-15
2.671571209e+00  4.9927272e-13  4.99273e-13  4.96138e-13  3.13498e-15
2.684929065e+00  4.9544113e-13  4.95441e-13  4.92068e-13  3.37336e-15
2.698353710e+00  4.9233641e-13  4.92336e-13  4.88709e-13  3.62767e-15
2.711845479e+00  4.8890227e-13  4.88902e-13  4.85002e-13  3.89979e-15
2.725404706e+00  4.8586745e-13  4.85867e-13  4.81677e-13  4.19013e-15
2.739031730e+00  4.8295723e-13  4.82957e-13  4.78457e-13  4.50004e-15
2.752726889e+00  4.8012653e-13  4.80127e-13  4.75296e-13  4.83075e-15
2.766490523e+00  4.7719973e-13  4.77200e-13  4.72016e-13  5.18371e-15
2.780322976e+00  4.7413751e-13  4.74138e-13  4.68577e-13  5.56034e-15
2.794224591e+00  4.7111850e-13  4.71118e-13  4.65157e-13  5.96182e-15
2.808195713e+00  4.6814414e-13  4.68144e-13  4.61755e-13  6.38958e-15
2.822236692e+00  4.6534398e-13  4.65344e-13  4.58499e-13  6.84495e-15
2.836347875e+00  4.6237795e-13  4.62378e-13  4.55048e-13  7.33011e-15
2.850529615e+00  4.5963078e-13  4.59631e-13  4.51785e-13  7.84606e-15
2.864782263e+00  4.5705868e-13  4.57059e-13  4.48664e-13  8.39457e-15
2.879106174e+00  4.5445370e-13  4.54454e-13  4.45476e-13  8.97793e-15
2.893501705e+00  4.5186076e-13  4.51861e-13  4.42263e-13  9.59802e-15
2.907969214e+00  4.4916060e-13  4.49161e-13  4.38903e-13  1.02572e-14
2.922509060e+00  4.4664217e-13  4.46642e-13  4.35685e-13  1.09569e-14
2.937121605e+00  4.4402399e-13  4.44024e-13  4.32324e-13  1.17001e-14
2.951807213e+00  4.4159079e-13  4.41591e-13  4.29102e-13  1.24883e-14
2.966566249e+00  4.3938167e-13  4.39382e-13  4.26058e-13  1.33237e-14
2.981399080e+00  4.3700354e-13  4.37004e-13  4.22793e-13  1.42103e-14
2.996306076e+00  4.3485342e-13  4.34853e-13  4.19704e-13  1.51492e-14
3.011287606e+00  4.3269890e-13  4.32699e-13  4.16555e-13  1.61441e-14
3.026344044e+00  4.3046818e-13  4.30468e-13  4.13270e-13  1.71985e-14
3.041475764e+00  4.2843362e-13  4.28434e-13  4.10120e-13  1.83140e-14
3.056683143e+00  4.2655793e-13  4.26558e-13  4.07064e-13  1.94938e-14
3.071966559e+00  4.2469312e-13  4.24693e-13  4.03951e-13  2.07421e-14
3.087326392e+00  4.2288145e-13  4.22881e-13  4.00819e-13  2.20621e-14
3.102763024e+00  4.2109058e-13  4.21091e-13  3.97633e-13  2.34578e-14
3.118276839e+00  4.1947176e-13  4.19472e-13  3.94540e-13  2.49317e-14
3.133868223e+00  4.1788240e-13  4.17882e-13  3.91394e-13  2.64888e-14
3.149537564e+00  4.1639995e-13  4.16400e-13  3.88267e-13  2.81325e-14
3.165285252e+00  4.1509961e-13  4.15100e-13  3.85233e-13  2.98665e-14
3.181111678e+00  4.1384286e-13  4.13843e-13  3.82147e-13  3.16962e-14
3.197017237e+00  4.1270582e-13  4.12706e-13  3.79080e-13  3.36256e-14
3.213002323e+00  4.1158913e-13  4.11589e-13  3.75929e-13  3.56605e-14
3.229067334e+00  4.1067203e-13  4.10672e-13  3.72868e-13  3.78038e-14
3.245212671e+00  4.0992363e-13  4.09924e-13  3.69863e-13  4.00609e-14
3.261438734e+00  4.0934818e-13  4.09348e-13  3.66911e-13  4.24369e-14
3.277745928e+00  4.0891663e-13  4.08917e-13  3.63979e-13  4.49376e-14
3.294134658e+00  4.0853499e-13  4.08535e-13  3.60965e-13  4.75701e-14
3.310605331e+00  4.0821161e-13  4.08212e-13  3.57871e-13  5.03406e-14
3.327158358e+00  4.0815059e-13  4.08151e-13  3.54899e-13  5.32517e-14
3.343794149e+00  4.0829079e-13  4.08291e-13  3.51980e-13  5.63105e-14
3.360513120e+00  4.0854168e-13  4.08542e-13  3.49016e-13  5.95255e-14
3.377315686e+00  4.0951391e-13  4.09514e-13  3.46624e-13  6.28899e-14
3.394202264e+00  4.1044542e-13  4.10445e-13  3.44019e-13  6.64266e-14
3.411173276e+00  4.1287384e-13  4.12874e-13  3.42769e-13  7.01049e-14
3.428229142e+00  4.1633768e-13  4.16338e-13  3.42400e-13  7.39381e-14
3.445370288e+00  4.1599731e-13  4.15997e-13  3.37930e-13  7.80677e-14
3.462597139e+00  4.1675126e-13  4.16751e-13  3.34377e-13  8.23740e-14
3.479910125e+00  4.1807380e-13  4.18074e-13  3.31196e-13  8.68776e-14
3.497309675e+00  4.2058544e-13  4.20585e-13  3.29022e-13  9.15635e-14
3.514796224e+00  4.2382598e-13  4.23826e-13  3.27375e-13  9.64514e-14
3.532370205e+00  4.2517626e-13  4.25176e-13  3.23527e-13  1.01649e-13
3.550032056e+00  4.2749745e-13  4.27497e-13  3.20435e-13  1.07063e-13
3.567782216e+00  4.3032229e-13  4.30322e-13  3.17605e-13  1.12717e-13
3.585621127e+00  4.3351235e-13  4.33512e-13  3.14886e-13  1.18627e-13
3.603549233e+00  4.3696335e-13  4.36963e-13  3.12157e-13  1.24807e-13
3.621566979e+00  4.4079619e-13  4.40796e-13  3.09535e-13  1.31261e-13
3.639674814e+00  4.4490954e-13  4.44910e-13  3.06903e-13  1.38007e-13
3.657873188e+00  4.4936860e-13  4.49369e-13  3.04319e-13  1.45050e-13
3.676162554e+00  4.5415666e-13  4.54157e-13  3.01753e-13  1.52404e-13
3.694543367e+00  4.5928476e-13  4.59285e-13  2.99206e-13  1.60079e-13
3.713016084e+00  4.6468640e-13  4.64686e-13  2.96594e-13  1.68093e-13
3.731581164e+00  4.7052983e-13  4.70530e-13  2.94084e-13  1.76446e-13
3.750239070e+00  4.7677348e-13  4.76773e-13  2.91620e-13  1.85153e-13
3.768990265e+00  4.8335363e-13  4.83354e-13  2.89120e-13  1.94234e-13
3.787835216e+00  4.9040798e-13  4.90408e-13  2.86718e-13  2.03690e-13
3.806774393e+00  4.9777607e-13  4.97776e-13  2.84227e-13  2.13549e-13
3.825808265e+00  5.0564290e-13  5.05643e-13  2.81834e-13  2.23808e-13
3.844937306e+00  5.1394784e-13  5.13948e-13  2.79459e-13  2.34489e-13
3.864161992e+00  5.2268123e-13  5.22681e-13  2.77075e-13  2.45606e-13
3.883482802e+00  5.3188098e-13  5.31881e-13  2.74708e-13  2.57173e-13
3.902900216e+00  5.4158399e-13  5.41584e-13  2.72385e-13  2.69199e-13
3.922414717e+00  5.5178146e-13  5.51781e-13  2.70078e-13  2.81703e-13
3.942026791e+00  5.6246625e-13  5.62466e-13  2.67764e-13  2.94702e-13
3.961736925e+00  5.7365457e-13  5.73655e-13  2.65442e-13  3.08213e-13
3.981545610e+00  5.8544775e-13  5.85448e-13  2.63211e-13  3.22237e-13
4.001453338e+00  5.9773314e-13  5.97733e-13  2.60923e-13  3.36810e-13
4.021460604e+00  6.1067336e-13  6.10673e-13  2.58751e-13  3.51923e-13
4.041567907e+00  6.2413952e-13  6.24140e-13  2.56521e-13  3.67619e-13
4.061775747e+00  6.3817128e-13  6.38171e-13  2.54260e-13  3.83911e-13
4.082084626e+00  6.5292312e-13  6.52923e-13  2.52136e-13  4.00788e-13
4.102495049e+00  6.6827376e-13  6.68274e-13  2.49980e-13  4.18294e-13
4.123007524e+00  6.8424296e-13  6.84243e-13  2.47793e-13  4.36450e-13
4.143622562e+00  7.0092333e-13  7.00923e-13  2.45669e-13  4.55254e-13
4.164340674e+00  7.1825949e-13  7.18259e-13  2.43516e-13  4.74744e-13
4.185162378e+00  7.3628947e-13  7.36289e-13  2.41356e-13  4.94933e-13
4.206088190e+00  7.5498237e-13  7.54982e-13  2.39123e-13  5.15859e-13
4.227118631e+00  7.7447732e-13  7.74477e-13  2.36975e-13  5.37502e-13
4.248254224e+00  7.9477346e-13  7.94773e-13  2.34889e-13  5.59884e-13
4.269495495e+00  8.1585632e-13  8.15856e-13  2.32820e-13  5.83036e-13
4.290842972e+00  8.3774540e-13  8.37745e-13  2.30766e-13  6.06979e-13
4.312297187e+00  8.6048976e-13  8.60490e-13  2.28773e-13  6.31717e-13
4.333858673e+00  8.8407818e-13  8.84078e-13  2.26794e-13  6.57284e-13
4.355527967e+00  9.0854454e-13  9.08545e-13  2.24852e-13  6.83693e-13
4.377305606e+00  9.3386804e-13  9.33868e-13  2.22882e-13  7.10986e-13
4.399192134e+00  9.6009766e-13  9.60098e-13  2.20928e-13  7.39170e-13
4.421188095e+00  9.8725419e-13  9.87254e-13  2.18989e-13  7.68265e-13
4.443294036e+00  1.0153352e-12  1.01534e-12  2.17024e-13  7.98311e-13
4.465510506e+00  1.0443761e-12  1.04438e-12  2.15054e-13  8.29322e-13
4.487838058e+00  1.0744319e-12  1.07443e-12  2.13141e-13  8.61291e-13
4.510277249e+00  1.1055110e-12  1.10551e-12  2.11263e-13  8.94248e-13
4.532828635e+00  1.1375853e-12  1.13759e-12  2.09320e-13  9.28265e-13
4.555492778e+00  1.1707466e-12  1.17075e-12  2.07453e-13  9.63294e-13
4.578270242e+00  1.2049780e-12  1.20498e-12  2.05581e-13  9.99397e-13
4.601161593e+00  1.2403191e-12  1.24032e-12  2.03743e-13  1.03658e-12
4.624167401e+00  1.2767830e-12  1.27678e-12  2.01921e-13  1.07486e-12
4.647288238e+00  1.3143788e-12  1.31438e-12  2.00074e-13  1.11430e-12
4.670524679e+00  1.3531445e-12  1.35314e-12  1.98243e-13  1.15490e-12
4.693877303e+00  1.3930920e-12  1.39309e-12  1.96390e-13  1.19670e-12
4.717346689e+00  1.4342621e-12  1.43426e-12  1.94571e-13  1.23969e-12
4.740933423e+00  1.4766713e-12  1.47667e-12  1.92767e-13  1.28390e-12
4.764638090e+00  1.5203321e-12  1.52033e-12  1.90923e-13  1.32941e-12
4.788461280e+00  1.5652900e-12  1.56529e-12  1.89150e-13  1.37614e-12
4.812403587e+00  1.6115471e-12  1.61155e-12  1.87320e-13  1.42423e-12
4.836465604e+00  1.6591458e-12  1.65915e-12  1.85577e-13  1.47357e-12
4.860647933e+00  1.7080964e-12  1.70810e-12  1.83813e-13  1.52428e-12
4.884951172e+00  1.7584259e-12  1.75843e-12  1.82030e-13  1.57640e-12
4.909375928e+00  1.8101578e-12  1.81016e-12  1.80314e-13  1.62984e-12
4.933922808e+00  1.8633127e-12  1.86331e-12  1.78614e-13  1.68470e-12
4.958592422e+00  1.9179156e-12  1.91792e-12  1.76910e-13  1.74101e-12
4.983385384e+00  1.9739851e-12  1.97399e-12  1.75239e-13  1.79875e-12
5.008302311e+00  2.0315648e-12  2.03156e-12  1.73498e-13  1.85807e-12
5.033343822e+00  2.0906421e-12  2.09064e-12  1.71856e-13  1.91879e-12
5.058510541e+00  2.1512658e-12  2.15127e-12  1.70195e-13  1.98107e-12
5.083803094e+00  2.2134375e-12  2.21344e-12  1.68581e-13  2.04486e-12
5.109222110e+00  2.2772103e-12  2.27721e-12  1.66933e-13  2.11028e-12
5.134768220e+00  2.3425731e-12  2.34257e-12  1.65332e-13  2.17724e-12
5.160442061e+00  2.4095875e-12  2.40959e-12  1.63697e-13  2.24589e-12
5.186244272e+00  2.4782432e-12  2.47824e-12  1.62092e-13  2.31615e-12
5.212175493e+00  2.5485913e-12  2.54859e-12  1.60471e-13  2.38812e-12
5.238236370e+00  2.6206230e-12  2.62062e-12  1.58879e-13  2.46174e-12
5.264427552e+00  2.6943563e-12  2.69436e-12  1.57318e-13  2.53704e-12
5.290749690e+00  2.7698501e-12  2.76985e-12  1.55740e-13  2.61411e-12
5.317203438e+00  2.8471010e-12  2.84710e-12  1.54177e-13  2.69292e-12
5.343789456e+00  2.9260814e-12  2.92608e-12  1.52673e-13  2.77341e-12
5.370508403e+00  3.0069027e-12  3.00690e-12  1.51138e-13  2.85576e-12
5.397360945e+00  3.0894682e-12  3.08947e-12  1.49676e-13  2.93979e-12
5.424347750e+00  3.1739168e-12  3.17392e-12  1.48184e-13  3.02573e-12
5.451469488e+00  3.2602165e-12  3.26022e-12  1.46705e-13  3.11351e-12
5.478726836e+00  3.3483428e-12  3.34834e-12  1.45268e-13  3.20307e-12
5.506120470e+00  3.4383736e-12  3.43837e-12  1.43830e-13  3.29454e-12
5.533651072e+00  3.5303768e-12  3.53038e-12  1.42363e-13  3.38801e-12
5.561319328e+00  3.6242311e-12  3.62423e-12  1.40951e-13  3.48328e-12
5.589125924e+00  3.7200461e-12  3.72005e-12  1.39539e-13  3.58051e-12
5.617071554e+00  3.8179496e-12  3.81795e-12  1.38070e-13  3.67988e-12
5.645156912e+00  3.9178337e-12  3.91783e-12  1.36616e-13  3.78122e-12
5.673382696e+00  4.0197727e-12  4.01977e-12  1.35149e-13  3.88462e-12
5.701749610e+00  4.1237272e-12  4.12373e-12  1.33696e-13  3.99003e-12
5.730258358e+00  4.2285518e-12  4.22855e-12  1.32736e-13  4.09582e-12
5.758909650e+00  4.3351232e-12  4.33512e-12  1.31861e-13  4.20326e-12
5.787704198e+00  4.4449626e-12  4.44496e-12  1.30494e-13  4.31447e-12
5.816642719e+00  4.5571843e-12  4.55718e-12  1.29023e-13  4.42816e-12
5.845725932e+00  4.6713859e-12  4.67139e-12  1.27606e-13  4.54378e-12
5.874954562e+00  4.7873711e-12  4.78737e-12  1.26305e-13  4.66107e-12
5.904329335e+00  4.9053590e-12  4.90536e-12  1.25041e-13  4.78032e-12
5.933850982e+00  5.0251829e-12  5.02518e-12  1.23864e-13  4.90132e-12
5.963520237e+00  5.1469985e-12  5.14700e-12  1.22722e-13  5.02428e-12
5.993337838e+00  5.2707596e-12  5.27076e-12  1.21627e-13  5.14913e-12
6.023304527e+00  5.3965524e-12  5.39655e-12  1.20553e-13  5.27600e-12
6.053421050e+00  5.5247136e-12  5.52471e-12  1.19415e-13  5.40530e-12
6.083688155e+00  5.6559200e-12  5.65592e-12  1.18060e-13  5.53786e-12
6.114106596e+00  5.7895515e-12  5.78955e-12  1.16660e-13  5.67289e-12
6.144677129e+00  5.9252161e-12  5.92522e-12  1.15310e-13  5.80991e-12
6.175400514e+00  6.0630670e-12  6.06307e-12  1.13975e-13  5.94909e-12
6.206277517e+00  6.2029403e-12  6.20294e-12  1.12687e-13  6.09025e-12
6.237308904e+00  6.3445937e-12  6.34459e-12  1.11493e-13  6.23310e-12
6.268495449e+00  6.4884090e-12  6.48841e-12  1.10311e-13  6.37810e-12
6.299837926e+00  6.6344483e-12  6.63445e-12  1.09129e-13  6.52532e-12
6.331337116e+00  6.7831566e-12  6.78316e-12  1.07870e-13  6.67529e-12
6.362993801e+00  6.9342526e-12  6.93425e-12  1.06591e-13  6.82766e-12
6.394808770e+00  7.0870221e-12  7.08702e-12  1.05412e-13  6.98161e-12
6.426782814e+00  7.2419652e-12  7.24197e-12  1.04246e-13  7.13772e-12
6.458916728e+00  7.3987992e-12  7.39880e-12  1.03135e-13  7.29566e-12
6.491211312e+00  7.5581446e-12  7.55814e-12  1.01981e-13  7.45616e-12
6.523667368e+00  7.7204669e-12  7.72047e-12  1.00724e-13  7.61974e-12
6.556285705e+00  7.8850673e-12  7.88507e-12  9.94692e-14  7.78560e-12
6.589067134e+00  8.0516361e-12  8.05164e-12  9.82597e-14  7.95338e-12
6.622012469e+00  8.2201497e-12  8.22015e-12  9.70942e-14  8.12306e-12
6.655122532e+00  8.3919668e-12  8.39197e-12  9.57987e-14  8.29617e-12
6.688398144e+00  8.5654947e-12  8.56549e-12  9.45785e-14  8.47092e-12
6.721840135e+00  8.7416282e-12  8.74163e-12  9.33221e-14  8.64831e-12
6.755449336e+00  8.9203006e-12  8.92030e-12  9.20406e-14  8.82826e-12
6.789226583e+00  9.1006316e-12  9.10063e-12  9.08329e-14  9.00980e-12
6.823172715e+00  9.2807424e-12  9.28074e-12  8.98919e-14  9.19085e-12
6.857288579e+00  9.4632666e-12  9.46327e-12  8.89215e-14  9.37435e-12
6.891575022e+00  9.6489808e-12  9.64898e-12  8.78462e-14  9.56113e-12
6.926032897e+00  9.8375550e-12  9.83755e-12  8.67068e-14  9.75085e-12
6.960663062e+00  1.0028125e-11  1.00281e-11  8.55898e-14  9.94254e-12
6.995466377e+00  1.0220873e-11  1.02209e-11  8.44761e-14  1.01364e-11
7.030443709e+00  1.0416938e-11  1.04169e-11  8.32646e-14  1.03337e-11
7.065595927e+00  1.0614568e-11  1.06146e-11  8.21132e-14  1.05325e-11
7.100923907e+00  1.0813822e-11  1.08138e-11  8.10116e-14  1.07328e-11
7.136428526e+00  1.1016542e-11  1.10165e-11  7.98063e-14  1.09367e-11
7.172110669e+00  1.1220756e-11  1.12208e-11  7.86601e-14  1.11421e-11
7.207971222e+00  1.1427104e-11  1.14271e-11  7.75190e-14  1.13496e-11
7.244011079e+00  1.1635806e-11  1.16358e-11  7.63654e-14  1.15594e-11
7.280231134e+00  1.1846020e-11  1.18460e-11  7.52606e-14  1.17708e-11
7.316632290e+00  1.2059779e-11  1.20598e-11  7.40578e-14  1.19857e-11
7.353215451e+00  1.2275652e-11  1.22757e-11  7.28617e-14  1.22028e-11
7.389981528e+00  1.2494003e-11  1.24940e-11  7.16472e-14  1.24224e-11
7.426931436e+00  1.2714318e-11  1.27143e-11  7.04484e-14  1.26439e-11
7.464066093e+00  1.2937364e-11  1.29374e-11  6.92155e-14  1.28681e-11
7.501386424e+00  1.3163157e-11  1.31632e-11  6.79496e-14  1.30952e-11
7.538893356e+00  1.3389660e-11  1.33897e-11  6.67738e-14  1.33229e-11
7.576587822e+00  1.3620126e-11  1.36201e-11  6.54928e-14  1.35546e-11
7.614470762e+00  1.3852083e-11  1.38521e-11  6.42531e-14  1.37878e-11
7.652543115e+00  1.4087935e-11  1.40879e-11  6.29197e-14  1.40250e-11
7.690805831e+00  1.4325846e-11  1.43258e-11  6.15971e-14  1.42642e-11
7.729259860e+00  1.4565196e-11  1.45652e-11  6.03163e-14  1.45049e-11
7.767906159e+00  1.4808516e-11  1.48085e-11  5.89458e-14  1.47496e-11
7.806745690e+00  1.5055417e-11  1.50554e-11  5.75113e-14  1.49979e-11
7.845779419e+00  1.5302495e-11  1.53025e-11  5.61807e-14  1.52463e-11
7.885008316e+00  1.5555222e-11  1.55552e-11  5.46899e-14  1.55005e-11
7.924433357e+00  1.5810667e-11  1.58107e-11  5.31844e-14  1.57575e-11
7.964055524e+00  1.6067185e-11  1.60672e-11  5.17382e-14  1.60154e-11
8.003875802e+00  1.6327552e-11  1.63276e-11  5.02264e-14  1.62773e-11
8.043895181e+00  1.6591657e-11  1.65917e-11  4.86584e-14  1.65430e-11
8.084114657e+00  1.6862489e-11  1.68625e-11  4.69146e-14  1.68156e-11
8.124535230e+00  1.7132688e-11  1.71327e-11  4.53046e-14  1.70874e-11
8.165157906e+00  1.7388204e-11  1.73882e-11  4.43720e-14  1.73438e-11
8.205983696e+00  1.7619395e-11  1.76194e-11  4.44391e-14  1.75750e-11
8.247013614e+00  1.7814437e-11  1.78144e-11  4.58779e-14  1.77686e-11
8.288248682e+00  1.7973908e-11  1.79739e-11  4.85690e-14  1.79253e-11
8.329689926e+00  1.8094349e-11  1.80943e-11  5.25451e-14  1.80418e-11
8.371338375e+00  1.8209350e-11  1.82093e-11  5.65380e-14  1.81528e-11
8.413195067e+00  1.8349045e-11  1.83490e-11  5.95108e-14  1.82895e-11
8.455261042e+00  1.8494637e-11  1.84946e-11  6.21545e-14  1.84325e-11
8.497537348e+00  1.8645007e-11  1.86450e-11  6.45231e-14  1.85805e-11
8.540025034e+00  1.8800787e-11  1.88008e-11  6.66104e-14  1.87342e-11
8.582725160e+00  1.8959347e-11  1.89593e-11  6.85131e-14  1.88908e-11
8.625638785e+00  1.9118737e-11  1.91187e-11  7.02989e-14  1.90484e-11
8.668766979e+00  1.9278795e-11  1.92788e-11  7.19767e-14  1.92068e-11
8.712110814e+00  1.9439135e-11  1.94391e-11  7.35616e-14  1.93656e-11
8.755671368e+00  1.9600216e-11  1.96002e-11  7.50432e-14  1.95252e-11
8.799449725e+00  1.9757921e-11  1.97579e-11  7.65400e-14  1.96814e-11
8.843446974e+00  1.9914574e-11  1.99146e-11  7.79844e-14  1.98366e-11
8.887664209e+00  2.0068134e-11  2.00681e-11  7.94314e-14  1.99887e-11
8.932102530e+00  2.0234860e-11  2.02349e-11  8.04529e-14  2.01544e-11
8.976763042e+00  2.0398467e-11  2.03985e-11  8.14897e-14  2.03170e-11
9.021646857e+00  2.0541866e-11  2.05419e-11  8.29668e-14  2.04589e-11
9.066755092e+00  2.0681773e-11  2.06818e-11  8.44442e-14  2.05973e-11
9.112088867e+00  2.0819286e-11  2.08193e-11  8.58927e-14  2.07334e-11
9.157649312e+00  2.0950979e-11  2.09510e-11  8.73920e-14  2.08636e-11
9.203437558e+00  2.1096183e-11  2.10962e-11  8.84908e-14  2.10077e-11
9.249454746e+00  2.1236662e-11  2.12367e-11  8.96228e-14  2.11470e-11
9.295702020e+00  2.1356332e-11  2.13563e-11  9.11398e-14  2.12652e-11
9.342180530e+00  2.1471166e-11  2.14712e-11  9.26700e-14  2.13785e-11
9.388891432e+00  2.1584870e-11  2.15849e-11  9.41312e-14  2.14907e-11
9.435835890e+00  2.1713676e-11  2.17137e-11  9.51871e-14  2.16185e-11
9.483015069e+00  2.1839899e-11  2.18399e-11  9.62204e-14  2.17437e-11
9.530430144e+00  2.1947719e-11  2.19477e-11  9.75473e-14  2.18502e-11
9.578082295e+00  2.2080431e-11  2.20804e-11  9.82985e-14  2.19821e-11
9.625972707e+00  2.2218185e-11  2.22182e-11  9.88875e-14  2.21193e-11
9.674102570e+00  2.2346799e-11  2.23468e-11  9.95900e-14  2.22472e-11
9.722473083e+00  2.2495867e-11  2.24959e-11  9.98495e-14  2.23960e-11
9.771085448e+00  2.2650820e-11  2.26508e-11  9.99546e-14  2.25509e-11
9.819940876e+00  2.2806266e-11  2.28063e-11  1.00009e-13  2.27063e-11
9.869040580e+00  2.2979143e-11  2.29791e-11  9.97179e-14  2.28794e-11
9.918385783e+00  2.3157157e-11  2.31572e-11  9.93109e-14  2.30578e-11
9.967977712e+00  2.3335574e-11  2.33356e-11  9.88735e-14  2.32367e-11
1.001781760e+01  2.3525708e-11  2.35257e-11  9.82193e-14  2.34275e-11
1.006790669e+01  2.3725245e-11  2.37252e-11  9.73974e-14  2.36278e-11
1.011824622e+01  2.3925875e-11  2.39259e-11  9.65490e-14  2.38293e-11
1.016883745e+01  2.4132080e-11  2.41321e-11  9.56050e-14  2.40365e-11
1.021968164e+01  2.4343392e-11  2.43434e-11  9.45774e-14  2.42488e-11
1.027078005e+01  2.4557201e-11  2.45572e-11  9.35100e-14  2.44637e-11
1.032213395e+01  2.4777525e-11  2.47775e-11  9.23451e-14  2.46852e-11
1.037374462e+01  2.4997425e-11  2.49974e-11  9.11890e-14  2.49062e-11
1.042561334e+01  2.5223077e-11  2.52231e-11  8.99527e-14  2.51331e-11
1.047774141e+01  2.5453976e-11  2.54540e-11  8.86473e-14  2.53653e-11
1.053013012e+01  2.5687700e-11  2.56877e-11  8.73102e-14  2.56004e-11
1.058278077e+01  2.5926198e-11  2.59262e-11  8.59164e-14  2.58403e-11
1.063569467e+01  2.6164746e-11  2.61647e-11  8.45321e-14  2.60802e-11
1.068887314e+01  2.6407518e-11  2.64075e-11  8.31022e-14  2.63244e-11
1.074231751e+01  2.6651325e-11  2.66513e-11  8.16703e-14  2.65697e-11
1.079602910e+01  2.6887964e-11  2.68880e-11  8.03410e-14  2.68076e-11
1.085000924e+01  2.7137727e-11  2.71377e-11  7.88558e-14  2.70589e-11
1.090425929e+01  2.7389895e-11  2.73899e-11  7.73541e-14  2.73125e-11
1.095878058e+01  2.7645158e-11  2.76452e-11  7.58288e-14  2.75693e-11
1.101357449e+01  2.7906250e-11  2.79062e-11  7.42488e-14  2.78320e-11
1.106864236e+01  2.8151514e-11  2.81515e-11  7.28704e-14  2.80786e-11
1.112398557e+01  2.8416853e-11  2.84169e-11  7.12707e-14  2.83456e-11
1.117960550e+01  2.8681638e-11  2.86816e-11  6.96943e-14  2.86119e-11
1.123550353e+01  2.8932304e-11  2.89323e-11  6.82919e-14  2.88640e-11
1.129168104e+01  2.9179705e-11  2.91797e-11  6.69362e-14  2.91128e-11
1.134813945e+01  2.9448684e-11  2.94487e-11  6.53567e-14  2.93833e-11
1.140488015e+01  2.9720188e-11  2.97202e-11  6.37670e-14  2.96564e-11
1.146190455e+01  2.9973963e-11  2.99740e-11  6.23799e-14  2.99116e-11
1.151921407e+01  3.0229326e-11  3.02293e-11  6.09872e-14  3.01683e-11
1.157681014e+01  3.0502833e-11  3.05028e-11  5.94212e-14  3.04434e-11
1.163469419e+01  3.0781021e-11  3.07810e-11  5.78247e-14  3.07232e-11
1.169286766e+01  3.1036633e-11  3.10366e-11  5.64680e-14  3.09802e-11
1.175133200e+01  3.1289385e-11  3.12894e-11  5.51493e-14  3.12342e-11
1.181008866e+01  3.1565717e-11  3.15657e-11  5.36144e-14  3.15121e-11
1.186913910e+01  3.1839335e-11  3.18393e-11  5.21206e-14  3.17872e-11
1.192848480e+01  3.2088573e-11  3.20886e-11  5.08678e-14  3.20377e-11
1.198812722e+01  3.2340704e-11  3.23407e-11  4.95960e-14  3.22911e-11
1.204806786e+01  3.2586722e-11  3.25867e-11  4.83876e-14  3.25383e-11
1.210830820e+01  3.2830293e-11  3.28303e-11  4.72075e-14  3.27831e-11
1.216884974e+01  3.3067559e-11  3.30676e-11  4.60884e-14  3.30215e-11
1.222969399e+01  3.3317502e-11  3.33175e-11  4.48641e-14  3.32726e-11
1.229084246e+01  3.3551126e-11  3.35511e-11  4.37860e-14  3.35073e-11
1.235229667e+01  3.3760466e-11  3.37605e-11  4.29148e-14  3.37176e-11
1.241405815e+01  3.3959114e-11  3.39591e-11  4.21297e-14  3.39170e-11
1.247612845e+01  3.4151585e-11  3.41516e-11  4.13904e-14  3.41102e-11
1.253850909e+01  3.4328020e-11  3.43280e-11  4.07743e-14  3.42872e-11
1.260120163e+01  3.4497630e-11  3.44976e-11  4.02034e-14  3.44574e-11
1.266420764e+01  3.4657176e-11  3.46572e-11  3.97012e-14  3.46175e-11
1.272752868e+01  3.4809703e-11  3.48097e-11  3.92415e-14  3.47705e-11
1.279116632e+01  3.4955132e-11  3.49551e-11  3.88231e-14  3.49163e-11
1.285512215e+01  3.5094187e-11  3.50942e-11  3.84390e-14  3.50557e-11
1.291939776e+01  3.5226403e-11  3.52264e-11  3.80913e-14  3.51883e-11
1.298399475e+01  3.5349702e-11  3.53497e-11  3.77936e-14  3.53119e-11
1.304891473e+01  3.5473284e-11  3.54733e-11  3.74777e-14  3.54358e-11
1.311415930e+01  3.5588661e-11  3.55887e-11  3.72047e-14  3.55515e-11
1.317973010e+01  3.5695759e-11  3.56958e-11  3.69735e-14  3.56588e-11
1.324562875e+01  3.5799814e-11  3.57998e-11  3.67460e-14  3.57631e-11
1.331185689e+01  3.5894673e-11  3.58947e-11  3.65643e-14  3.58581e-11
1.337841618e+01  3.5983960e-11  3.59840e-11  3.64022e-14  3.59476e-11
1.344530826e+01  3.6070942e-11  3.60709e-11  3.62370e-14  3.60347e-11
1.351253480e+01  3.6153138e-11  3.61531e-11  3.60852e-14  3.61171e-11
1.358009747e+01  3.6229281e-11  3.62293e-11  3.59545e-14  3.61933e-11
1.364799796e+01  3.6301004e-11  3.63010e-11  3.58337e-14  3.62652e-11
1.371623795e+01  3.6382899e-11  3.63829e-11  3.56298e-14  3.63473e-11
1.378481914e+01  3.6452059e-11  3.64521e-11  3.54894e-14  3.64166e-11
1.385374323e+01  3.6512597e-11  3.65126e-11  3.53848e-14  3.64772e-11
1.392301195e+01  3.6577091e-11  3.65771e-11  3.52377e-14  3.65419e-11
1.399262701e+01  3.6645174e-11  3.66452e-11  3.50519e-14  3.66101e-11
1.406259015e+01  3.6703364e-11  3.67034e-11  3.49093e-14  3.66685e-11
1.413290310e+01  3.6761361e-11  3.67614e-11  3.47512e-14  3.67266e-11
1.420356761e+01  3.6828113e-11  3.68281e-11  3.45259e-14  3.67936e-11
1.427458545e+01  3.6888369e-11  3.68884e-11  3.43238e-14  3.68540e-11
1.434595838e+01  3.6944666e-11  3.69447e-11  3.41296e-14  3.69105e-11
1.441768817e+01  3.6999995e-11  3.70000e-11  3.39263e-14  3.69661e-11
1.448977661e+01  3.7060803e-11  3.70608e-11  3.36784e-14  3.70271e-11
1.456222549e+01  3.7126285e-11  3.71263e-11  3.33919e-14  3.70929e-11
1.463503662e+01  3.7191322e-11  3.71913e-11  3.30960e-14  3.71582e-11
1.470821180e+01  3.7253341e-11  3.72533e-11  3.28049e-14  3.72205e-11
1.478175286e+01  3.7327462e-11  3.73275e-11  3.24383e-14  3.72950e-11
1.485566163e+01  3.7395591e-11  3.73956e-11  3.20937e-14  3.73635e-11
1.492993994e+01  3.7459878e-11  3.74599e-11  3.17595e-14  3.74281e-11
1.500458964e+01  3.7535948e-11  3.75359e-11  3.13550e-14  3.75046e-11
1.507961258e+01  3.7607782e-11  3.76078e-11  3.09641e-14  3.75768e-11
1.515501065e+01  3.7674502e-11  3.76745e-11  3.05909e-14  3.76439e-11
1.523078570e+01  3.7748308e-11  3.77483e-11  3.01742e-14  3.77181e-11
1.530693963e+01  3.7826183e-11  3.78262e-11  2.97304e-14  3.77965e-11
1.538347433e+01  3.7892418e-11  3.78924e-11  2.93369e-14  3.78631e-11
1.546039170e+01  3.7965360e-11  3.79654e-11  2.89038e-14  3.79365e-11
1.553769366e+01  3.8051173e-11  3.80512e-11  2.84033e-14  3.80228e-11
1.561538212e+01  3.8121843e-11  3.81218e-11  2.79695e-14  3.80939e-11
1.569345903e+01  3.8197523e-11  3.81975e-11  2.75066e-14  3.81700e-11
1.577192633e+01  3.8288775e-11  3.82888e-11  2.69667e-14  3.82618e-11
1.585078596e+01  3.8357399e-11  3.83574e-11  2.65270e-14  3.83309e-11
1.593003989e+01  3.8413906e-11  3.84139e-11  2.61369e-14  3.83878e-11
1.600969009e+01  3.8450795e-11  3.84508e-11  2.58287e-14  3.84250e-11
1.608973854e+01  3.8486541e-11  3.84865e-11  2.55180e-14  3.84610e-11
1.617018723e+01  3.8539225e-11  3.85392e-11  2.51258e-14  3.85141e-11
1.625103817e+01  3.8581985e-11  3.85820e-11  2.47713e-14  3.85572e-11
1.633229336e+01  3.8615260e-11  3.86153e-11  2.44516e-14  3.85908e-11
1.641395483e+01  3.8648316e-11  3.86483e-11  2.41262e-14  3.86242e-11
1.649602460e+01  3.8670571e-11  3.86706e-11  2.38402e-14  3.86467e-11
1.657850473e+01  3.8701013e-11  3.87010e-11  2.35131e-14  3.86775e-11
1.666139725e+01  3.8720671e-11  3.87207e-11  2.32248e-14  3.86974e-11
1.674470424e+01  3.8740592e-11  3.87406e-11  2.29289e-14  3.87177e-11
1.682842776e+01  3.8752398e-11  3.87524e-11  2.26598e-14  3.87297e-11
1.691256990e+01  3.8763607e-11  3.87636e-11  2.23865e-14  3.87412e-11
1.699713274e+01  3.8776441e-11  3.87764e-11  2.21006e-14  3.87543e-11
1.708211841e+01  3.8773692e-11  3.87737e-11  2.18703e-14  3.87518e-11
1.716752900e+01  3.8774362e-11  3.87744e-11  2.16199e-14  3.87527e-11
1.725336665e+01  3.8775372e-11  3.87754e-11  2.13620e-14  3.87540e-11
1.733963348e+01  3.8774969e-11  3.87750e-11  2.11037e-14  3.87539e-11
1.742633165e+01  3.8779782e-11  3.87798e-11  2.08198e-14  3.87590e-11
1.751346330e+01  3.8772625e-11  3.87726e-11  2.05759e-14  3.87520e-11
1.760103062e+01  3.8768505e-11  3.87685e-11  2.03150e-14  3.87482e-11
1.768903577e+01  3.8762146e-11  3.87621e-11  2.00571e-14  3.87421e-11
1.777748095e+01  3.8767642e-11  3.87676e-11  1.97508e-14  3.87479e-11
1.786636836e+01  3.8755521e-11  3.87555e-11  1.95043e-14  3.87360e-11
1.795570020e+01  3.8746040e-11  3.87460e-11  1.92432e-14  3.87268e-11
1.804547870e+01  3.8732180e-11  3.87322e-11  1.89932e-14  3.87132e-11
1.813570609e+01  3.8720104e-11  3.87201e-11  1.87322e-14  3.87014e-11
1.822638462e+01  3.8712446e-11  3.87124e-11  1.84514e-14  3.86940e-11
1.831751655e+01  3.8696068e-11  3.86961e-11  1.81971e-14  3.86779e-11
1.840910413e+01  3.8686752e-11  3.86868e-11  1.79143e-14  3.86688e-11
1.850114965e+01  3.8667007e-11  3.86670e-11  1.76635e-14  3.86493e-11
1.859365540e+01  3.8647350e-11  3.86474e-11  1.74085e-14  3.86299e-11
1.868662368e+01  3.8633023e-11  3.86330e-11  1.71318e-14  3.86159e-11
1.878005679e+01  3.8619224e-11  3.86192e-11  1.68501e-14  3.86024e-11
1.887395708e+01  3.8589002e-11  3.85890e-11  1.66196e-14  3.85724e-11
1.896832686e+01  3.8555457e-11  3.85555e-11  1.63962e-14  3.85391e-11
1.906316850e+01  3.8519913e-11  3.85199e-11  1.61755e-14  3.85037e-11
1.915848434e+01  3.8474595e-11  3.84746e-11  1.59826e-14  3.84586e-11
1.925427676e+01  3.8422582e-11  3.84226e-11  1.58071e-14  3.84068e-11
1.935054815e+01  3.8362191e-11  3.83622e-11  1.56540e-14  3.83465e-11
1.944730089e+01  3.8271925e-11  3.82719e-11  1.55904e-14  3.82563e-11
1.954453739e+01  3.8162701e-11  3.81627e-11  1.55802e-14  3.81471e-11
1.964226008e+01  3.8033774e-11  3.80338e-11  1.56246e-14  3.80181e-11
1.974047138e+01  3.7892986e-11  3.78930e-11  1.56982e-14  3.78773e-11
1.983917374e+01  3.7748126e-11  3.77481e-11  1.57768e-14  3.77323e-11
1.993836960e+01  3.7568484e-11  3.75685e-11  1.59530e-14  3.75525e-11
2.003806145e+01  3.7379865e-11  3.73799e-11  1.61475e-14  3.73637e-11
2.013825176e+01  3.7195969e-11  3.71960e-11  1.63189e-14  3.71796e-11
2.023894302e+01  3.6981548e-11  3.69815e-11  1.65721e-14  3.69650e-11
2.034013773e+01  3.6765640e-11  3.67656e-11  1.68201e-14  3.67488e-11
2.044183842e+01  3.6556745e-11  3.65567e-11  1.70384e-14  3.65397e-11
2.054404761e+01  3.6343037e-11  3.63430e-11  1.72619e-14  3.63258e-11
2.064676785e+01  3.6102260e-11  3.61023e-11  1.75543e-14  3.60847e-11
2.075000169e+01  3.5860260e-11  3.58603e-11  1.78406e-14  3.58424e-11
2.085375170e+01  3.5602409e-11  3.56024e-11  1.81624e-14  3.55842e-11
2.095802046e+01  3.5364401e-11  3.53644e-11  1.84188e-14  3.53460e-11
2.106281056e+01  3.5134036e-11  3.51340e-11  1.86454e-14  3.51154e-11
2.116812461e+01  3.4930851e-11  3.49309e-11  1.87889e-14  3.49121e-11
2.127396524e+01  3.4740150e-11  3.47402e-11  1.88915e-14  3.47213e-11
2.138033506e+01  3.4552343e-11  3.45523e-11  1.89801e-14  3.45334e-11
2.148723674e+01  3.4375281e-11  3.43753e-11  1.90340e-14  3.43562e-11
2.159467292e+01  3.4230742e-11  3.42307e-11  1.89955e-14  3.42117e-11
2.170264629e+01  3.4100000e-11  3.41000e-11  1.89165e-14  3.40811e-11
2.181115952e+01  3.3978867e-11  3.39789e-11  1.88090e-14  3.39601e-11
2.192021532e+01  3.3875453e-11  3.38755e-11  1.86524e-14  3.38568e-11
2.202981639e+01  3.3778214e-11  3.37782e-11  1.84779e-14  3.37597e-11
2.213996547e+01  3.3683047e-11  3.36830e-11  1.82966e-14  3.36647e-11
2.225066530e+01  3.3594401e-11  3.35944e-11  1.80972e-14  3.35763e-11
2.236191863e+01  3.3527583e-11  3.35276e-11  1.78410e-14  3.35097e-11
2.247372822e+01  3.3476768e-11  3.34768e-11  1.75441e-14  3.34592e-11
2.258609686e+01  3.3407683e-11  3.34077e-11  1.72937e-14  3.33904e-11
2.269902735e+01  3.3340516e-11  3.33405e-11  1.70385e-14  3.33235e-11
2.281252248e+01  3.3298406e-11  3.32984e-11  1.67210e-14  3.32817e-11
2.292658510e+01  3.3256850e-11  3.32568e-11  1.64031e-14  3.32404e-11
2.304121802e+01  3.3223381e-11  3.32234e-11  1.60664e-14  3.32073e-11
2.315642411e+01  3.3207410e-11  3.32074e-11  1.56882e-14  3.31917e-11
2.327220623e+01  3.3185912e-11  3.31859e-11  1.53254e-14  3.31706e-11
2.338856726e+01  3.3167184e-11  3.31672e-11  1.49577e-14  3.31522e-11
2.350551010e+01  3.3152371e-11  3.31524e-11  1.45825e-14  3.31378e-11
2.362303765e+01  3.3141821e-11  3.31418e-11  1.41992e-14  3.31276e-11
2.374115284e+01  3.3135486e-11  3.31355e-11  1.38082e-14  3.31217e-11
2.385985860e+01  3.3155402e-11  3.31554e-11  1.33578e-14  3.31420e-11
2.397915789e+01  3.3172718e-11  3.31727e-11  1.29165e-14  3.31598e-11
2.409905368e+01  3.3180910e-11  3.31809e-11  1.24995e-14  3.31684e-11
2.421954895e+01  3.3188118e-11  3.31881e-11  1.20876e-14  3.31760e-11
2.434064670e+01  3.3212678e-11  3.32127e-11  1.16387e-14  3.32010e-11
2.446234993e+01  3.3243356e-11  3.32434e-11  1.11791e-14  3.32322e-11
2.458466168e+01  3.3287657e-11  3.32877e-11  1.06920e-14  3.32770e-11
2.470758499e+01  3.3333706e-11  3.33337e-11  1.02048e-14  3.33235e-11
2.483112291e+01  3.3371682e-11  3.33717e-11  9.73942e-15  3.33619e-11
2.495527853e+01  3.3414410e-11  3.34144e-11  9.26710e-15  3.34051e-11
