# ------------------------------------------------------------------------
# Radiance spectrum
# NASA-GSFC Planetary Spectrum Generator (PSG) (Villanueva et al. 2018, 2022)
# Synthesized on Sat Dec 23 00:15:32 2023
# Doppler velocities [km/s] (vobs,vrot+vorb,vwidth,vrfl,vstr): 0.00000,-0.00000,0.00000,-119.41115,-0.00000
# Spectral unit: Wavelength [um]
# Radiance unit: Spectral irradiance [W/m2/um]
# Wave/freq Total Object Reflected Thermal
5.000000000e-01  7.5354197e-12  7.53542e-12  7.53542e-12  0.00000e+00
5.025000000e-01  7.6110611e-12  7.61106e-12  7.61106e-12  0.00000e+00
5.050125000e-01  7.6865411e-12  7.68654e-12  7.68654e-12  0.00000e+00
5.075375625e-01  7.7618450e-12  7.76184e-12  7.76184e-12  0.00000e+00
5.100752503e-01  7.8369582e-12  7.83696e-12  7.83696e-12  0.00000e+00
5.126256266e-01  7.9118663e-12  7.91187e-12  7.91187e-12  0.00000e+00
5.151887547e-01  7.9865546e-12  7.98655e-12  7.98655e-12  0.00000e+00
5.177646985e-01  8.0610089e-12  8.06101e-12  8.06101e-12  0.00000e+00
5.203535220e-01  8.1352148e-12  8.13521e-12  8.13521e-12  0.00000e+00
5.229552896e-01  8.2091580e-12  8.20916e-12  8.20916e-12  0.00000e+00
5.255700660e-01  8.2828243e-12  8.28282e-12  8.28282e-12  0.00000e+00
5.281979164e-01  8.3561997e-12  8.35620e-12  8.35620e-12  0.00000e+00
5.308389059e-01  8.4292701e-12  8.42927e-12  8.42927e-12  0.00000e+00
5.334931005e-01  8.5020217e-12  8.50202e-12  8.50202e-12  0.00000e+00
5.361605660e-01  8.5744406e-12  8.57444e-12  8.57444e-12  0.00000e+00
5.388413688e-01  8.6465131e-12  8.64651e-12  8.64651e-12  0.00000e+00
5.415355756e-01  8.7182258e-12  8.71823e-12  8.71823e-12  0.00000e+00
5.442432535e-01  8.7895650e-12  8.78957e-12  8.78957e-12  0.00000e+00
5.469644698e-01  8.8605175e-12  8.86052e-12  8.86052e-12  0.00000e+00
5.496992921e-01  8.9310701e-12  8.93107e-12  8.93107e-12  0.00000e+00
5.524477886e-01  9.0012097e-12  9.00121e-12  9.00121e-12  0.00000e+00
5.552100275e-01  9.0709234e-12  9.07092e-12  9.07092e-12  0.00000e+00
5.579860777e-01  9.1401983e-12  9.14020e-12  9.14020e-12  0.00000e+00
5.607760081e-01  9.2090218e-12  9.20902e-12  9.20902e-12  0.00000e+00
5.635798881e-01  9.2773815e-12  9.27738e-12  9.27738e-12  0.00000e+00
5.663977875e-01  9.3452649e-12  9.34526e-12  9.34526e-12  0.00000e+00
5.692297765e-01  9.4126599e-12  9.41266e-12  9.41266e-12  0.00000e+00
5.720759254e-01  9.4795545e-12  9.47955e-12  9.47955e-12  0.00000e+00
5.749363050e-01  9.5459368e-12  9.54594e-12  9.54594e-12  0.00000e+00
5.778109865e-01  9.6117951e-12  9.61180e-12  9.61180e-12  0.00000e+00
5.807000414e-01  9.6771179e-12  9.67712e-12  9.67712e-12  0.00000e+00
5.836035417e-01  9.7418939e-12  9.74189e-12  9.74189e-12  0.00000e+00
5.865215594e-01  9.8061118e-12  9.80611e-12  9.80611e-12  0.00000e+00
5.894541672e-01  9.8697608e-12  9.86976e-12  9.86976e-12  0.00000e+00
5.924014380e-01  9.9328301e-12  9.93283e-12  9.93283e-12  0.00000e+00
5.953634452e-01  9.9953090e-12  9.99531e-12  9.99531e-12  0.00000e+00
5.983402624e-01  1.0057187e-11  1.00572e-11  1.00572e-11  0.00000e+00
6.013319637e-01  1.0118454e-11  1.01185e-11  1.01185e-11  0.00000e+00
6.043386235e-01  1.0179101e-11  1.01791e-11  1.01791e-11  0.00000e+00
6.073603167e-01  1.0239116e-11  1.02391e-11  1.02391e-11  0.00000e+00
6.103971182e-01  1.0298491e-11  1.02985e-11  1.02985e-11  0.00000e+00
6.134491038e-01  1.0357216e-11  1.03572e-11  1.03572e-11  0.00000e+00
6.165163494e-01  1.0415282e-11  1.04153e-11  1.04153e-11  0.00000e+00
6.195989311e-01  1.0472680e-11  1.04727e-11  1.04727e-11  0.00000e+00
6.226969258e-01  1.0529402e-11  1.05294e-11  1.05294e-11  0.00000e+00
6.258104104e-01  1.0585438e-11  1.05854e-11  1.05854e-11  0.00000e+00
6.289394624e-01  1.0640780e-11  1.06408e-11  1.06408e-11  0.00000e+00
6.320841597e-01  1.0695420e-11  1.06954e-11  1.06954e-11  0.00000e+00
6.352445805e-01  1.0749351e-11  1.07494e-11  1.07494e-11  0.00000e+00
6.384208035e-01  1.0802564e-11  1.08026e-11  1.08026e-11  0.00000e+00
6.416129075e-01  1.0855052e-11  1.08551e-11  1.08551e-11  0.00000e+00
6.448209720e-01  1.0906808e-11  1.09068e-11  1.09068e-11  0.00000e+00
6.480450769e-01  1.0957824e-11  1.09578e-11  1.09578e-11  0.00000e+00
6.512853022e-01  1.1008095e-11  1.10081e-11  1.10081e-11  0.00000e+00
6.545417288e-01  1.1057612e-11  1.10576e-11  1.10576e-11  0.00000e+00
6.578144374e-01  1.1106371e-11  1.11064e-11  1.11064e-11  0.00000e+00
6.611035096e-01  1.1154364e-11  1.11544e-11  1.11544e-11  0.00000e+00
6.644090271e-01  1.1201586e-11  1.12016e-11  1.12016e-11  0.00000e+00
6.677310723e-01  1.1248031e-11  1.12480e-11  1.12480e-11  0.00000e+00
6.710697276e-01  1.1293693e-11  1.12937e-11  1.12937e-11  0.00000e+00
6.744250763e-01  1.1338568e-11  1.13386e-11  1.13386e-11  0.00000e+00
6.777972017e-01  1.1382650e-11  1.13827e-11  1.13827e-11  0.00000e+00
6.811861877e-01  1.1425935e-11  1.14259e-11  1.14259e-11  0.00000e+00
6.845921186e-01  1.1468418e-11  1.14684e-11  1.14684e-11  0.00000e+00
6.880150792e-01  1.1510093e-11  1.15101e-11  1.15101e-11  0.00000e+00
6.914551546e-01  1.1550959e-11  1.15510e-11  1.15510e-11  0.00000e+00
6.949124304e-01  1.1591010e-11  1.15910e-11  1.15910e-11  0.00000e+00
6.983869925e-01  1.1630242e-11  1.16302e-11  1.16302e-11  0.00000e+00
7.018789275e-01  1.1668653e-11  1.16687e-11  1.16687e-11  0.00000e+00
7.053883221e-01  1.1706238e-11  1.17062e-11  1.17062e-11  0.00000e+00
7.089152637e-01  1.1742996e-11  1.17430e-11  1.17430e-11  0.00000e+00
7.124598400e-01  1.1778922e-11  1.17789e-11  1.17789e-11  0.00000e+00
7.160221392e-01  1.1814015e-11  1.18140e-11  1.18140e-11  0.00000e+00
7.196022499e-01  1.1848272e-11  1.18483e-11  1.18483e-11  0.00000e+00
7.232002612e-01  1.1881691e-11  1.18817e-11  1.18817e-11  0.00000e+00
7.268162625e-01  1.1914270e-11  1.19143e-11  1.19143e-11  0.00000e+00
7.304503438e-01  1.1946007e-11  1.19460e-11  1.19460e-11  0.00000e+00
7.341025955e-01  1.1976901e-11  1.19769e-11  1.19769e-11  0.00000e+00
7.377731085e-01  1.2006950e-11  1.20069e-11  1.20069e-11  0.00000e+00
7.414619740e-01  1.2036153e-11  1.20362e-11  1.20362e-11  0.00000e+00
7.451692839e-01  1.2064509e-11  1.20645e-11  1.20645e-11  0.00000e+00
7.488951303e-01  1.2092018e-11  1.20920e-11  1.20920e-11  0.00000e+00
7.526396060e-01  1.2118678e-11  1.21187e-11  1.21187e-11  0.00000e+00
7.564028040e-01  1.2144491e-11  1.21445e-11  1.21445e-11  0.00000e+00
7.601848180e-01  1.2169454e-11  1.21695e-11  1.21695e-11  0.00000e+00
7.639857421e-01  1.2193569e-11  1.21936e-11  1.21936e-11  0.00000e+00
7.678056708e-01  1.2216836e-11  1.22168e-11  1.22168e-11  0.00000e+00
7.716446992e-01  1.2239256e-11  1.22393e-11  1.22393e-11  0.00000e+00
7.755029227e-01  1.2260828e-11  1.22608e-11  1.22608e-11  0.00000e+00
7.793804373e-01  1.2281553e-11  1.22816e-11  1.22816e-11  0.00000e+00
7.832773395e-01  1.2301434e-11  1.23014e-11  1.23014e-11  0.00000e+00
7.871937262e-01  1.2320470e-11  1.23205e-11  1.23205e-11  0.00000e+00
7.911296948e-01  1.2338664e-11  1.23387e-11  1.23387e-11  0.00000e+00
7.950853433e-01  1.2356016e-11  1.23560e-11  1.23560e-11  0.00000e+00
7.990607700e-01  1.2372529e-11  1.23725e-11  1.23725e-11  0.00000e+00
8.030560739e-01  1.2388204e-11  1.23882e-11  1.23882e-11  0.00000e+00
8.070713542e-01  1.2403044e-11  1.24030e-11  1.24030e-11  0.00000e+00
8.111067110e-01  1.2417051e-11  1.24171e-11  1.24171e-11  0.00000e+00
8.151622446e-01  1.2430226e-11  1.24302e-11  1.24302e-11  0.00000e+00
8.192380558e-01  1.2442573e-11  1.24426e-11  1.24426e-11  0.00000e+00
8.233342461e-01  1.2454095e-11  1.24541e-11  1.24541e-11  0.00000e+00
8.274509173e-01  1.2464793e-11  1.24648e-11  1.24648e-11  0.00000e+00
8.315881719e-01  1.2474672e-11  1.24747e-11  1.24747e-11  0.00000e+00
8.357461127e-01  1.2483735e-11  1.24837e-11  1.24837e-11  0.00000e+00
8.399248433e-01  1.2491984e-11  1.24920e-11  1.24920e-11  0.00000e+00
8.441244675e-01  1.2499423e-11  1.24994e-11  1.24994e-11  0.00000e+00
8.483450899e-01  1.2506056e-11  1.25061e-11  1.25061e-11  0.00000e+00
8.525868153e-01  1.2511887e-11  1.25119e-11  1.25119e-11  0.00000e+00
8.568497494e-01  1.2516919e-11  1.25169e-11  1.25169e-11  0.00000e+00
8.611339981e-01  1.2521156e-11  1.25212e-11  1.25212e-11  0.00000e+00
8.654396681e-01  1.2524603e-11  1.25246e-11  1.25246e-11  0.00000e+00
8.697668665e-01  1.2527264e-11  1.25273e-11  1.25273e-11  0.00000e+00
8.741157008e-01  1.2529144e-11  1.25291e-11  1.25291e-11  0.00000e+00
8.784862793e-01  1.2530246e-11  1.25302e-11  1.25302e-11  0.00000e+00
8.828787107e-01  1.2530575e-11  1.25306e-11  1.25306e-11  0.00000e+00
8.872931042e-01  1.2530137e-11  1.25301e-11  1.25301e-11  0.00000e+00
8.917295698e-01  1.2528810e-11  1.25288e-11  1.25288e-11  4.15646e-34
8.961882176e-01  1.2526851e-11  1.25269e-11  1.25269e-11  5.33215e-34
9.006691587e-01  1.2524139e-11  1.25241e-11  1.25241e-11  6.83141e-34
9.051725045e-01  1.2520680e-11  1.25207e-11  1.25207e-11  8.74078e-34
9.096983670e-01  1.2516478e-11  1.25165e-11  1.25165e-11  1.11693e-33
9.142468589e-01  1.2511539e-11  1.25115e-11  1.25115e-11  1.42541e-33
9.188180931e-01  1.2505869e-11  1.25059e-11  1.25059e-11  1.81674e-33
9.234121836e-01  1.2499473e-11  1.24995e-11  1.24995e-11  2.31255e-33
9.280292445e-01  1.2492357e-11  1.24924e-11  1.24924e-11  2.93991e-33
9.326693908e-01  1.2484527e-11  1.24845e-11  1.24845e-11  3.73274e-33
9.373327377e-01  1.2475988e-11  1.24760e-11  1.24760e-11  4.73339e-33
9.420194014e-01  1.2466746e-11  1.24667e-11  1.24667e-11  5.99476e-33
9.467294984e-01  1.2456808e-11  1.24568e-11  1.24568e-11  7.58277e-33
9.514631459e-01  1.2446180e-11  1.24462e-11  1.24462e-11  9.57953e-33
9.562204616e-01  1.2434867e-11  1.24349e-11  1.24349e-11  1.20871e-32
9.610015639e-01  1.2422877e-11  1.24229e-11  1.24229e-11  1.52324e-32
9.658065718e-01  1.2410214e-11  1.24102e-11  1.24102e-11  1.91726e-32
9.706356046e-01  1.2396887e-11  1.23969e-11  1.23969e-11  2.41025e-32
9.754887826e-01  1.2382900e-11  1.23829e-11  1.23829e-11  3.02635e-32
9.803662265e-01  1.2368262e-11  1.23683e-11  1.23683e-11  3.79534e-32
9.852680577e-01  1.2352977e-11  1.23530e-11  1.23530e-11  4.75402e-32
9.901943980e-01  1.2337053e-11  1.23371e-11  1.23371e-11  5.94775e-32
9.951453700e-01  1.2320497e-11  1.23205e-11  1.23205e-11  7.43237e-32
1.000121097e+00  1.2303316e-11  1.23033e-11  1.23033e-11  9.27660e-32
1.005121702e+00  1.2285515e-11  1.22855e-11  1.22855e-11  1.15648e-31
1.010147311e+00  1.2266979e-11  1.22670e-11  1.22670e-11  2.88012e-31
1.015198047e+00  1.2247961e-11  1.22480e-11  1.22480e-11  3.58216e-31
1.020274038e+00  1.2228345e-11  1.22283e-11  1.22283e-11  4.45017e-31
1.025375408e+00  1.2208137e-11  1.22081e-11  1.22081e-11  5.52214e-31
1.030502285e+00  1.2187344e-11  1.21873e-11  1.21873e-11  6.84445e-31
1.035654796e+00  1.2165975e-11  1.21660e-11  1.21660e-11  8.47373e-31
1.040833070e+00  1.2144035e-11  1.21440e-11  1.21440e-11  1.04789e-30
1.046037236e+00  1.2121531e-11  1.21215e-11  1.21215e-11  1.29440e-30
1.051267422e+00  1.2098472e-11  1.20985e-11  1.20985e-11  1.59709e-30
1.056523759e+00  1.2074863e-11  1.20749e-11  1.20749e-11  1.96836e-30
1.061806378e+00  1.2050712e-11  1.20507e-11  1.20507e-11  2.42324e-30
1.067115410e+00  1.2026027e-11  1.20260e-11  1.20260e-11  2.97993e-30
1.072450987e+00  1.2000814e-11  1.20008e-11  1.20008e-11  3.66047e-30
1.077813242e+00  1.1974961e-11  1.19750e-11  1.19750e-11  6.73723e-30
1.083202308e+00  1.1948714e-11  1.19487e-11  1.19487e-11  8.25774e-30
1.088618319e+00  1.1921962e-11  1.19220e-11  1.19220e-11  1.01104e-29
1.094061411e+00  1.1894711e-11  1.18947e-11  1.18947e-11  1.23654e-29
1.099531718e+00  1.1866969e-11  1.18670e-11  1.18670e-11  1.51070e-29
1.105029377e+00  1.1838624e-11  1.18386e-11  1.18386e-11  2.45823e-29
1.110554523e+00  1.1809921e-11  1.18099e-11  1.18099e-11  2.99685e-29
1.116107296e+00  1.1780748e-11  1.17807e-11  1.17807e-11  3.64961e-29
1.121687832e+00  1.1751112e-11  1.17511e-11  1.17511e-11  4.43988e-29
1.127296272e+00  1.1721022e-11  1.17210e-11  1.17210e-11  5.39560e-29
1.132932753e+00  1.1690367e-11  1.16904e-11  1.16904e-11  8.18776e-29
1.138597417e+00  1.1659388e-11  1.16594e-11  1.16594e-11  9.92953e-29
1.144290404e+00  1.1627975e-11  1.16280e-11  1.16280e-11  1.20294e-28
1.150011856e+00  1.1596137e-11  1.15961e-11  1.15961e-11  1.45583e-28
1.155761915e+00  1.1563879e-11  1.15639e-11  1.15639e-11  1.76009e-28
1.161540725e+00  1.1531095e-11  1.15311e-11  1.15311e-11  2.55091e-28
1.167348428e+00  1.1498021e-11  1.14980e-11  1.14980e-11  3.07777e-28
1.173185171e+00  1.1464550e-11  1.14646e-11  1.14646e-11  3.70970e-28
1.179051096e+00  1.1430689e-11  1.14307e-11  1.14307e-11  4.46690e-28
1.184946352e+00  1.1396331e-11  1.13963e-11  1.13963e-11  6.26882e-28
1.190871084e+00  1.1361711e-11  1.13617e-11  1.13617e-11  7.53333e-28
1.196825439e+00  1.1326722e-11  1.13267e-11  1.13267e-11  9.04398e-28
1.202809566e+00  1.1291371e-11  1.12914e-11  1.12914e-11  1.08469e-27
1.208823614e+00  1.1255666e-11  1.12557e-11  1.12557e-11  1.29964e-27
1.214867732e+00  1.1219500e-11  1.12195e-11  1.12195e-11  1.77792e-27
1.220942071e+00  1.1183107e-11  1.11831e-11  1.11831e-11  2.12613e-27
1.227046781e+00  1.1146380e-11  1.11464e-11  1.11464e-11  2.54008e-27
1.233182015e+00  1.1109326e-11  1.11093e-11  1.11093e-11  3.03171e-27
1.239347925e+00  1.1071952e-11  1.10720e-11  1.10720e-11  3.61504e-27
1.245544665e+00  1.1034154e-11  1.10342e-11  1.10342e-11  4.84484e-27
1.251772388e+00  1.0996161e-11  1.09962e-11  1.09962e-11  5.76610e-27
1.258031250e+00  1.0957869e-11  1.09579e-11  1.09579e-11  6.85609e-27
1.264321406e+00  1.0919285e-11  1.09193e-11  1.09193e-11  8.14450e-27
1.270643013e+00  1.0880306e-11  1.08803e-11  1.08803e-11  1.07400e-26
1.276996228e+00  1.0841156e-11  1.08412e-11  1.08412e-11  1.27346e-26
1.283381209e+00  1.0801735e-11  1.08017e-11  1.08017e-11  1.50858e-26
1.289798116e+00  1.0762047e-11  1.07620e-11  1.07620e-11  1.78546e-26
1.296247106e+00  1.0721994e-11  1.07220e-11  1.07220e-11  2.32236e-26
1.302728342e+00  1.0681368e-11  1.06814e-11  1.06814e-11  3.74127e-26
1.309241983e+00  1.0639754e-11  1.06398e-11  1.06398e-11  7.65420e-26
1.315788193e+00  1.0597803e-11  1.05978e-11  1.05978e-11  1.31922e-25
1.322367134e+00  1.0555735e-11  1.05557e-11  1.05557e-11  2.00425e-25
1.328978970e+00  1.0513448e-11  1.05134e-11  1.05134e-11  2.88895e-25
1.335623865e+00  1.0470846e-11  1.04708e-11  1.04708e-11  4.07727e-25
1.342301984e+00  1.0428144e-11  1.04281e-11  1.04281e-11  5.52307e-25
1.349013494e+00  1.0385243e-11  1.03852e-11  1.03852e-11  7.34371e-25
1.355758561e+00  1.0342047e-11  1.03420e-11  1.03420e-11  9.71402e-25
1.362537354e+00  1.0298665e-11  1.02987e-11  1.02987e-11  1.26737e-24
1.369350041e+00  1.0255206e-11  1.02552e-11  1.02552e-11  1.62243e-24
1.376196791e+00  1.0211471e-11  1.02115e-11  1.02115e-11  2.07479e-24
1.383077775e+00  1.0167570e-11  1.01676e-11  1.01676e-11  2.63181e-24
1.389993164e+00  1.0123609e-11  1.01236e-11  1.01236e-11  3.29493e-24
1.396943130e+00  1.0079390e-11  1.00794e-11  1.00794e-11  4.12654e-24
1.403927846e+00  1.0035023e-11  1.00350e-11  1.00350e-11  5.13968e-24
1.410947485e+00  9.9905127e-12  9.99051e-12  9.99051e-12  6.37014e-24
1.418002222e+00  9.9458647e-12  9.94586e-12  9.94586e-12  7.86020e-24
1.425092233e+00  9.9010850e-12  9.90108e-12  9.90108e-12  9.65969e-24
1.432217694e+00  9.8560804e-12  9.85608e-12  9.85608e-12  1.18774e-23
1.439378783e+00  9.8110546e-12  9.81105e-12  9.81105e-12  1.44902e-23
1.446575677e+00  9.7659140e-12  9.76591e-12  9.76591e-12  1.76223e-23
1.453808555e+00  9.7206640e-12  9.72066e-12  9.72066e-12  2.13687e-23
1.461077598e+00  9.6752131e-12  9.67521e-12  9.67521e-12  2.59313e-23
1.468382986e+00  9.6297613e-12  9.62976e-12  9.62976e-12  3.12727e-23
1.475724901e+00  9.5841202e-12  9.58412e-12  9.58412e-12  3.77445e-23
1.483103525e+00  9.5383921e-12  9.53839e-12  9.53839e-12  4.54396e-23
1.490519043e+00  9.4926776e-12  9.49268e-12  9.49268e-12  5.44103e-23
1.497971638e+00  9.4467909e-12  9.44679e-12  9.44679e-12  6.52044e-23
1.505461496e+00  9.4008328e-12  9.40083e-12  9.40083e-12  7.79700e-23
1.512988804e+00  9.3548084e-12  9.35481e-12  9.35481e-12  9.30419e-23
1.520553748e+00  9.3087226e-12  9.30872e-12  9.30872e-12  1.10808e-22
1.528156517e+00  9.2625805e-12  9.26258e-12  9.26258e-12  1.31715e-22
1.535797299e+00  9.2163868e-12  9.21639e-12  9.21639e-12  1.56283e-22
1.543476286e+00  9.1722647e-12  9.17226e-12  9.17226e-12  1.75137e-22
1.551193667e+00  9.1280799e-12  9.12808e-12  9.12808e-12  1.95997e-22
1.558949636e+00  9.0838370e-12  9.08384e-12  9.08384e-12  2.19033e-22
1.566744384e+00  9.0396315e-12  9.03963e-12  9.03963e-12  2.43773e-22
1.574578106e+00  8.9952859e-12  8.99529e-12  8.99529e-12  2.71615e-22
1.582450996e+00  8.9509859e-12  8.95099e-12  8.95099e-12  3.01326e-22
1.590363251e+00  8.9065557e-12  8.90656e-12  8.90656e-12  3.34691e-22
1.598315067e+00  8.8621790e-12  8.86218e-12  8.86218e-12  3.70039e-22
1.606306643e+00  8.8176818e-12  8.81768e-12  8.81768e-12  4.09644e-22
1.614338176e+00  8.7732458e-12  8.77325e-12  8.77325e-12  4.51260e-22
1.622409867e+00  8.7286988e-12  8.72870e-12  8.72870e-12  4.97775e-22
1.630521916e+00  8.6842206e-12  8.68422e-12  8.68422e-12  5.46188e-22
1.638674526e+00  8.6397272e-12  8.63973e-12  8.63973e-12  5.98008e-22
1.646867898e+00  8.5952228e-12  8.59522e-12  8.59522e-12  6.53251e-22
1.655102238e+00  8.5507114e-12  8.55071e-12  8.55071e-12  7.11876e-22
1.663377749e+00  8.5061970e-12  8.50620e-12  8.50620e-12  7.73780e-22
1.671694638e+00  8.4616835e-12  8.46168e-12  8.46168e-12  8.38777e-22
1.680053111e+00  8.4171747e-12  8.41717e-12  8.41717e-12  9.06587e-22
1.688453377e+00  8.3726745e-12  8.37267e-12  8.37267e-12  9.76809e-22
1.696895643e+00  8.3281867e-12  8.32819e-12  8.32819e-12  1.04891e-21
1.705380122e+00  8.2837149e-12  8.28371e-12  8.28371e-12  1.12217e-21
1.713907022e+00  8.2392629e-12  8.23926e-12  8.23926e-12  1.19570e-21
1.722476557e+00  8.1949162e-12  8.19492e-12  8.19492e-12  1.26082e-21
1.731088940e+00  8.1505139e-12  8.15051e-12  8.15051e-12  1.33025e-21
1.739744385e+00  8.1062232e-12  8.10622e-12  8.10622e-12  1.38594e-21
1.748443107e+00  8.0618847e-12  8.06188e-12  8.06188e-12  1.44383e-21
1.757185322e+00  8.0176636e-12  8.01766e-12  8.01766e-12  1.48060e-21
1.765971249e+00  7.9734024e-12  7.97340e-12  7.97340e-12  1.51615e-21
1.774801105e+00  7.9292644e-12  7.92926e-12  7.92926e-12  1.52049e-21
1.783675111e+00  7.8851727e-12  7.88517e-12  7.88517e-12  1.50098e-21
1.792593486e+00  7.8410518e-12  7.84105e-12  7.84105e-12  1.47154e-21
1.801556454e+00  7.7964383e-12  7.79644e-12  7.79644e-12  1.56501e-21
1.810564236e+00  7.7490175e-12  7.74902e-12  7.74902e-12  2.57369e-21
1.819617057e+00  7.7016185e-12  7.70162e-12  7.70162e-12  3.83163e-21
1.828715142e+00  7.6543224e-12  7.65432e-12  7.65432e-12  5.35468e-21
1.837858718e+00  7.6070557e-12  7.60706e-12  7.60706e-12  7.22099e-21
1.847048012e+00  7.5599740e-12  7.55997e-12  7.55997e-12  9.41426e-21
1.856283252e+00  7.5129282e-12  7.51293e-12  7.51293e-12  1.20655e-20
1.865564668e+00  7.4659971e-12  7.46600e-12  7.46600e-12  1.52050e-20
1.874892491e+00  7.4191834e-12  7.41918e-12  7.41918e-12  1.89068e-20
1.884266954e+00  7.3724895e-12  7.37249e-12  7.37249e-12  2.32547e-20
1.893688289e+00  7.3259181e-12  7.32592e-12  7.32592e-12  2.83434e-20
1.903156730e+00  7.2794715e-12  7.27947e-12  7.27947e-12  3.42798e-20
1.912672514e+00  7.2330796e-12  7.23308e-12  7.23308e-12  4.12691e-20
1.922235876e+00  7.1868181e-12  7.18682e-12  7.18682e-12  4.93815e-20
1.931847056e+00  7.1406895e-12  7.14069e-12  7.14069e-12  5.87726e-20
1.941506291e+00  7.0946960e-12  7.09470e-12  7.09470e-12  6.96171e-20
1.951213822e+00  7.0487689e-12  7.04877e-12  7.04877e-12  8.22410e-20
1.960969892e+00  7.0030526e-12  7.00305e-12  7.00305e-12  9.66181e-20
1.970774741e+00  6.9574077e-12  6.95741e-12  6.95741e-12  1.13272e-19
1.980628615e+00  6.9119074e-12  6.91191e-12  6.91191e-12  1.32351e-19
1.990531758e+00  6.8665535e-12  6.86655e-12  6.86655e-12  1.54167e-19
2.000484417e+00  6.8215544e-12  6.82155e-12  6.82155e-12  1.78410e-19
2.010486839e+00  6.7810088e-12  6.78101e-12  6.78101e-12  1.90662e-19
2.020539273e+00  6.7405591e-12  6.74056e-12  6.74056e-12  2.03358e-19
2.030641969e+00  6.7002072e-12  6.70021e-12  6.70021e-12  2.16453e-19
2.040795179e+00  6.6599551e-12  6.65996e-12  6.65995e-12  2.29890e-19
2.050999155e+00  6.6198716e-12  6.61987e-12  6.61987e-12  2.43233e-19
2.061254151e+00  6.5798248e-12  6.57982e-12  6.57982e-12  2.57086e-19
2.071560421e+00  6.5399495e-12  6.53995e-12  6.53995e-12  2.70567e-19
2.081918224e+00  6.5001809e-12  6.50018e-12  6.50018e-12  2.83899e-19
2.092327815e+00  6.4605208e-12  6.46052e-12  6.46052e-12  2.96919e-19
2.102789454e+00  6.4209711e-12  6.42097e-12  6.42097e-12  3.09430e-19
2.113303401e+00  6.3815335e-12  6.38153e-12  6.38153e-12  3.21207e-19
2.123869918e+00  6.3422734e-12  6.34227e-12  6.34227e-12  3.31263e-19
2.134489268e+00  6.3030646e-12  6.30306e-12  6.30306e-12  3.40670e-19
2.145161714e+00  6.2640359e-12  6.26404e-12  6.26404e-12  3.47546e-19
2.155887523e+00  6.2251250e-12  6.22513e-12  6.22512e-12  3.52194e-19
2.166666960e+00  6.1863337e-12  6.18633e-12  6.18633e-12  3.54136e-19
2.177500295e+00  6.1476633e-12  6.14766e-12  6.14766e-12  3.52830e-19
2.188387796e+00  6.1091767e-12  6.10918e-12  6.10918e-12  3.46383e-19
2.199329735e+00  6.0707523e-12  6.07075e-12  6.07075e-12  3.36534e-19
2.210326384e+00  6.0325138e-12  6.03251e-12  6.03251e-12  3.19801e-19
2.221378016e+00  5.9944013e-12  5.99440e-12  5.99440e-12  2.96548e-19
2.232484906e+00  5.9564161e-12  5.95642e-12  5.95642e-12  2.65755e-19
2.243647331e+00  5.9185596e-12  5.91856e-12  5.91856e-12  2.26279e-19
2.254865567e+00  5.8797736e-12  5.87977e-12  5.87977e-12  2.16637e-19
2.266139895e+00  5.8397886e-12  5.83979e-12  5.83979e-12  2.58668e-19
2.277470595e+00  5.7999683e-12  5.79997e-12  5.79997e-12  3.06510e-19
2.288857948e+00  5.7602560e-12  5.76026e-12  5.76026e-12  3.63714e-19
2.300302237e+00  5.7207684e-12  5.72077e-12  5.72077e-12  4.25503e-19
2.311803748e+00  5.6813915e-12  5.68139e-12  5.68139e-12  4.98763e-19
2.323362767e+00  5.6422404e-12  5.64224e-12  5.64224e-12  5.77807e-19
2.334979581e+00  5.6032025e-12  5.60320e-12  5.60320e-12  6.70844e-19
2.346654479e+00  5.5643913e-12  5.56439e-12  5.56439e-12  7.71118e-19
2.358387751e+00  5.5256958e-12  5.52570e-12  5.52569e-12  8.88392e-19
2.370179690e+00  5.4871728e-12  5.48717e-12  5.48717e-12  1.01994e-18
2.382030589e+00  5.4488777e-12  5.44888e-12  5.44888e-12  1.16148e-18
2.393940742e+00  5.4107016e-12  5.41070e-12  5.41070e-12  1.32565e-18
2.405910445e+00  5.3727002e-12  5.37270e-12  5.37270e-12  1.50892e-18
2.417939997e+00  5.3348741e-12  5.33487e-12  5.33487e-12  1.71319e-18
2.430029697e+00  5.2972239e-12  5.29722e-12  5.29722e-12  1.94056e-18
2.442179846e+00  5.2597502e-12  5.25975e-12  5.25975e-12  2.19329e-18
2.454390745e+00  5.2224536e-12  5.22245e-12  5.22245e-12  2.47384e-18
2.466662699e+00  5.1853347e-12  5.18533e-12  5.18533e-12  2.78487e-18
2.478996012e+00  5.1483939e-12  5.14839e-12  5.14839e-12  3.12928e-18
2.491390992e+00  5.1116317e-12  5.11163e-12  5.11163e-12  3.51019e-18
2.503847947e+00  5.0745905e-12  5.07459e-12  5.07459e-12  4.04814e-18
2.516367187e+00  5.0367247e-12  5.03672e-12  5.03672e-12  4.93068e-18
2.528949023e+00  4.9990596e-12  4.99906e-12  4.99905e-12  5.92827e-18
2.541593768e+00  4.9615955e-12  4.96160e-12  4.96159e-12  7.05278e-18
2.554301737e+00  4.9243326e-12  4.92433e-12  4.92432e-12  8.31706e-18
2.567073246e+00  4.8872710e-12  4.88727e-12  4.88726e-12  9.73509e-18
2.579908612e+00  4.8503622e-12  4.85036e-12  4.85035e-12  1.13428e-17
2.592808155e+00  4.8136557e-12  4.81366e-12  4.81364e-12  1.31390e-17
2.605772196e+00  4.7771517e-12  4.77715e-12  4.77714e-12  1.51420e-17
2.618801057e+00  4.7408503e-12  4.74085e-12  4.74083e-12  1.73711e-17
2.631895062e+00  4.7047514e-12  4.70475e-12  4.70473e-12  1.98476e-17
2.645054537e+00  4.6688082e-12  4.66881e-12  4.66879e-12  2.26246e-17
2.658279810e+00  4.6330684e-12  4.63307e-12  4.63304e-12  2.57010e-17
2.671571209e+00  4.5975319e-12  4.59753e-12  4.59750e-12  2.91037e-17
2.684929065e+00  4.5621988e-12  4.56220e-12  4.56217e-12  3.28618e-17
2.698353710e+00  4.5270689e-12  4.52707e-12  4.52703e-12  3.70067e-17
2.711845479e+00  4.3922358e-12  4.39224e-12  4.39210e-12  1.37859e-16
2.725404706e+00  4.2447375e-12  4.24474e-12  4.24447e-12  2.68484e-16
2.739031730e+00  4.0985877e-12  4.09859e-12  4.09817e-12  4.18235e-16
2.752726889e+00  3.9536979e-12  3.95370e-12  3.95311e-12  5.89194e-16
2.766490523e+00  3.8101584e-12  3.81016e-12  3.80937e-12  7.83412e-16
2.780322976e+00  3.6679256e-12  3.66793e-12  3.66692e-12  1.00327e-15
2.794224591e+00  3.5269576e-12  3.52696e-12  3.52571e-12  1.25134e-15
2.808195713e+00  3.3873427e-12  3.38734e-12  3.38581e-12  1.53023e-15
2.822236692e+00  3.2489959e-12  3.24900e-12  3.24715e-12  1.84300e-15
2.836347875e+00  3.1119621e-12  3.11196e-12  3.10977e-12  2.19275e-15
2.850529615e+00  2.9762007e-12  2.97620e-12  2.97362e-12  2.58298e-15
2.864782263e+00  2.8417561e-12  2.84176e-12  2.83874e-12  3.01727e-15
2.879106174e+00  2.7086302e-12  2.70863e-12  2.70513e-12  3.49957e-15
2.893501705e+00  2.5767837e-12  2.57678e-12  2.57275e-12  4.03420e-15
2.907969214e+00  2.4462199e-12  2.44622e-12  2.44159e-12  4.62575e-15
2.922509060e+00  2.3169824e-12  2.31698e-12  2.31170e-12  5.27897e-15
2.937121605e+00  2.1890336e-12  2.18903e-12  2.18303e-12  5.99922e-15
2.951807213e+00  2.0624170e-12  2.06242e-12  2.05563e-12  6.79197e-15
2.966566249e+00  1.9370567e-12  1.93706e-12  1.92939e-12  7.66350e-15
2.981399080e+00  1.8129972e-12  1.81300e-12  1.80438e-12  8.62009e-15
2.996306076e+00  1.6902817e-12  1.69028e-12  1.68061e-12  9.66843e-15
3.011287606e+00  1.6430883e-12  1.64309e-12  1.63262e-12  1.04680e-14
3.026344044e+00  1.6206341e-12  1.62063e-12  1.60943e-12  1.12052e-14
3.041475764e+00  1.5984268e-12  1.59843e-12  1.58644e-12  1.19896e-14
3.056683143e+00  1.5764307e-12  1.57643e-12  1.56361e-12  1.28241e-14
3.071966559e+00  1.5546860e-12  1.55469e-12  1.54097e-12  1.37113e-14
3.087326392e+00  1.5331580e-12  1.53316e-12  1.51850e-12  1.46545e-14
3.102763024e+00  1.5118867e-12  1.51189e-12  1.49623e-12  1.56564e-14
3.118276839e+00  1.4908746e-12  1.49087e-12  1.47415e-12  1.67204e-14
3.133868223e+00  1.4700881e-12  1.47009e-12  1.45224e-12  1.78501e-14
3.149537564e+00  1.4495667e-12  1.44957e-12  1.43052e-12  1.90489e-14
3.165285252e+00  1.4292779e-12  1.42928e-12  1.40896e-12  2.03207e-14
3.181111678e+00  1.4092608e-12  1.40926e-12  1.38759e-12  2.16693e-14
3.197017237e+00  1.3894837e-12  1.38948e-12  1.36638e-12  2.30991e-14
3.213002323e+00  1.4878488e-12  1.48785e-12  1.46459e-12  2.32555e-14
3.229067334e+00  1.6120019e-12  1.61200e-12  1.58900e-12  2.29990e-14
3.245212671e+00  1.7346368e-12  1.73464e-12  1.71203e-12  2.26111e-14
3.261438734e+00  1.8557778e-12  1.85578e-12  1.83370e-12  2.20776e-14
3.277745928e+00  1.9754138e-12  1.97541e-12  1.95403e-12  2.13834e-14
3.294134658e+00  2.0934995e-12  2.09350e-12  2.07299e-12  2.05135e-14
3.310605331e+00  2.2100885e-12  2.21009e-12  2.19064e-12  1.94496e-14
3.327158358e+00  2.3251009e-12  2.32510e-12  2.30693e-12  1.81749e-14
3.343794149e+00  2.4385868e-12  2.43859e-12  2.42192e-12  1.66689e-14
3.360513120e+00  2.5504652e-12  2.55047e-12  2.53555e-12  1.49122e-14
3.377315686e+00  2.6608146e-12  2.66081e-12  2.64793e-12  1.28809e-14
3.394202264e+00  2.7584334e-12  2.75843e-12  2.74762e-12  1.08165e-14
3.411173276e+00  2.7809560e-12  2.78096e-12  2.77064e-12  1.03201e-14
3.428229142e+00  2.8030660e-12  2.80307e-12  2.79334e-12  9.72437e-15
3.445370288e+00  2.8247245e-12  2.82472e-12  2.81570e-12  9.02141e-15
3.462597139e+00  2.8458934e-12  2.84589e-12  2.83769e-12  8.20289e-15
3.479910125e+00  2.8666248e-12  2.86662e-12  2.85937e-12  7.25723e-15
3.497309675e+00  2.8868791e-12  2.88688e-12  2.88070e-12  6.17494e-15
3.514796224e+00  2.8769968e-12  2.87700e-12  2.87096e-12  6.03780e-15
3.532370205e+00  2.8617094e-12  2.86171e-12  2.85563e-12  6.07447e-15
3.550032056e+00  2.8464666e-12  2.84647e-12  2.84037e-12  6.09461e-15
3.567782216e+00  2.8312950e-12  2.83130e-12  2.82520e-12  6.09523e-15
3.585621127e+00  2.8161356e-12  2.81614e-12  2.81006e-12  6.07699e-15
3.603549233e+00  2.8010429e-12  2.80104e-12  2.79501e-12  6.03534e-15
3.621566979e+00  2.7860139e-12  2.78601e-12  2.78005e-12  5.96803e-15
3.639674814e+00  2.7709910e-12  2.77099e-12  2.76512e-12  5.87575e-15
3.657873188e+00  2.7560266e-12  2.75603e-12  2.75027e-12  5.75315e-15
3.676162554e+00  2.7410906e-12  2.74109e-12  2.73549e-12  5.59927e-15
3.694543367e+00  2.7262067e-12  2.72621e-12  2.72080e-12  5.40972e-15
3.713016084e+00  2.7113452e-12  2.71135e-12  2.70616e-12  5.18339e-15
3.731581164e+00  2.6965031e-12  2.69650e-12  2.69159e-12  4.91739e-15
3.750239070e+00  2.6815760e-12  2.68158e-12  2.67696e-12  4.61697e-15
3.768990265e+00  2.6589447e-12  2.65894e-12  2.65400e-12  4.94313e-15
3.787835216e+00  2.6365025e-12  2.63650e-12  2.63121e-12  5.28851e-15
3.806774393e+00  2.6142252e-12  2.61423e-12  2.60857e-12  5.65643e-15
3.825808265e+00  2.5921381e-12  2.59214e-12  2.58609e-12  6.04570e-15
3.844937306e+00  2.5702412e-12  2.57024e-12  2.56378e-12  6.45731e-15
3.864161992e+00  2.5485347e-12  2.54853e-12  2.54164e-12  6.89233e-15
3.883482802e+00  2.5269958e-12  2.52700e-12  2.51964e-12  7.35470e-15
3.902900216e+00  2.5056712e-12  2.50567e-12  2.49783e-12  7.83993e-15
3.922414717e+00  2.4845155e-12  2.48452e-12  2.47616e-12  8.35509e-15
3.942026791e+00  2.4635301e-12  2.46353e-12  2.45463e-12  8.90180e-15
3.961736925e+00  2.4427597e-12  2.44276e-12  2.43328e-12  9.47489e-15
3.981545610e+00  2.4221611e-12  2.42216e-12  2.41208e-12  1.00824e-14
4.001453338e+00  2.4015900e-12  2.40159e-12  2.39084e-12  1.07525e-14
4.021460604e+00  2.3791520e-12  2.37915e-12  2.36730e-12  1.18569e-14
4.041567907e+00  2.3569714e-12  2.35697e-12  2.34393e-12  1.30389e-14
4.061775747e+00  2.3350517e-12  2.33505e-12  2.32075e-12  1.43029e-14
4.082084626e+00  2.3133964e-12  2.31340e-12  2.29774e-12  1.56532e-14
4.102495049e+00  2.2920092e-12  2.29201e-12  2.27492e-12  1.70942e-14
4.123007524e+00  2.2709128e-12  2.27091e-12  2.25229e-12  1.86259e-14
4.143622562e+00  2.2500917e-12  2.25009e-12  2.22983e-12  2.02576e-14
4.164340674e+00  2.2295504e-12  2.22955e-12  2.20756e-12  2.19943e-14
4.185162378e+00  2.2092932e-12  2.20929e-12  2.18545e-12  2.38413e-14
4.206088190e+00  2.1893248e-12  2.18932e-12  2.16352e-12  2.58039e-14
4.227118631e+00  2.1696664e-12  2.16967e-12  2.14178e-12  2.78819e-14
4.248254224e+00  2.1502899e-12  2.15029e-12  2.12020e-12  3.00928e-14
4.269495495e+00  2.1312328e-12  2.13123e-12  2.09880e-12  3.24304e-14
4.290842972e+00  2.1124841e-12  2.11248e-12  2.07758e-12  3.49069e-14
4.312297187e+00  2.0940495e-12  2.09405e-12  2.05652e-12  3.75287e-14
4.333858673e+00  2.0759490e-12  2.07595e-12  2.03565e-12  4.02951e-14
4.355527967e+00  2.0581598e-12  2.05816e-12  2.01493e-12  4.32275e-14
4.377305606e+00  2.0407160e-12  2.04072e-12  1.99440e-12  4.63179e-14
4.399192134e+00  2.0235972e-12  2.02360e-12  1.97401e-12  4.95891e-14
4.421188095e+00  2.0068361e-12  2.00684e-12  1.95380e-12  5.30327e-14
4.443294036e+00  1.9904264e-12  1.99043e-12  1.93376e-12  5.66641e-14
4.465510506e+00  1.9743753e-12  1.97438e-12  1.91388e-12  6.04916e-14
4.487838058e+00  1.9587008e-12  1.95870e-12  1.89419e-12  6.45136e-14
4.510277249e+00  1.9450924e-12  1.94509e-12  1.87801e-12  6.70791e-14
4.532828635e+00  1.9335994e-12  1.93360e-12  1.86593e-12  6.76646e-14
4.555492778e+00  1.9221007e-12  1.92210e-12  1.85393e-12  6.81695e-14
4.578270242e+00  1.9105981e-12  1.91060e-12  1.84202e-12  6.85764e-14
4.601161593e+00  1.8990670e-12  1.89907e-12  1.83017e-12  6.89005e-14
4.624167401e+00  1.8875093e-12  1.88751e-12  1.81838e-12  6.91245e-14
4.647288238e+00  1.8759242e-12  1.87592e-12  1.80670e-12  6.92287e-14
4.670524679e+00  1.8642899e-12  1.86429e-12  1.79506e-12  6.92304e-14
4.693877303e+00  1.8526057e-12  1.85261e-12  1.78350e-12  6.91099e-14
4.717346689e+00  1.8408634e-12  1.84086e-12  1.77200e-12  6.88594e-14
4.740933423e+00  1.8290544e-12  1.82905e-12  1.76058e-12  6.84709e-14
4.764638090e+00  1.8171698e-12  1.81717e-12  1.74923e-12  6.79359e-14
4.788461280e+00  1.8052035e-12  1.80520e-12  1.73797e-12  6.72303e-14
4.812403587e+00  1.7931396e-12  1.79314e-12  1.72676e-12  6.63755e-14
4.836465604e+00  1.7809721e-12  1.78097e-12  1.71562e-12  6.53473e-14
4.860647933e+00  1.7686909e-12  1.76869e-12  1.70455e-12  6.41361e-14
4.884951172e+00  1.7562858e-12  1.75629e-12  1.69355e-12  6.27322e-14
4.909375928e+00  1.7437462e-12  1.74375e-12  1.68262e-12  6.11255e-14
4.933922808e+00  1.7310598e-12  1.73106e-12  1.67177e-12  5.92866e-14
4.958592422e+00  1.7182177e-12  1.71822e-12  1.66098e-12  5.72419e-14
4.983385384e+00  1.7052077e-12  1.70521e-12  1.65025e-12  5.49621e-14
5.008302311e+00  1.6923804e-12  1.69238e-12  1.63802e-12  5.43626e-14
5.033343822e+00  1.6804097e-12  1.68041e-12  1.62271e-12  5.76952e-14
5.058510541e+00  1.6687147e-12  1.66871e-12  1.60754e-12  6.11728e-14
5.083803094e+00  1.6572988e-12  1.65730e-12  1.59250e-12  6.47999e-14
5.109222110e+00  1.6461729e-12  1.64617e-12  1.57757e-12  6.86045e-14
5.134768220e+00  1.6353349e-12  1.63533e-12  1.56277e-12  7.25691e-14
5.160442061e+00  1.6247978e-12  1.62480e-12  1.54807e-12  7.67231e-14
5.186244272e+00  1.6145479e-12  1.61455e-12  1.53353e-12  8.10222e-14
5.212175493e+00  1.6046191e-12  1.60462e-12  1.51907e-12  8.55484e-14
5.238236370e+00  1.5949855e-12  1.59499e-12  1.50476e-12  9.02293e-14
5.264427552e+00  1.5856739e-12  1.58567e-12  1.49055e-12  9.51237e-14
5.290749690e+00  1.5766774e-12  1.57668e-12  1.47647e-12  1.00210e-13
5.317203438e+00  1.5680151e-12  1.56802e-12  1.46249e-12  1.05524e-13
5.343789456e+00  1.5596785e-12  1.55968e-12  1.44864e-12  1.11041e-13
5.370508403e+00  1.5516887e-12  1.55169e-12  1.43489e-12  1.16800e-13
5.397360945e+00  1.5440354e-12  1.54404e-12  1.42126e-12  1.22775e-13
5.424347750e+00  1.5367231e-12  1.53672e-12  1.40775e-12  1.28972e-13
5.451469488e+00  1.5297765e-12  1.52978e-12  1.39435e-12  1.35430e-13
5.478726836e+00  1.5231823e-12  1.52318e-12  1.38106e-12  1.42124e-13
5.506120470e+00  1.5183106e-12  1.51831e-12  1.36702e-12  1.51293e-13
5.533651072e+00  1.5189325e-12  1.51893e-12  1.35011e-12  1.68821e-13
5.561319328e+00  1.5206148e-12  1.52061e-12  1.33336e-12  1.87254e-13
5.589125924e+00  1.5233599e-12  1.52336e-12  1.31678e-12  2.06584e-13
5.617071554e+00  1.5272475e-12  1.52725e-12  1.30033e-12  2.26917e-13
5.645156912e+00  1.5322539e-12  1.53225e-12  1.28405e-12  2.48204e-13
5.673382696e+00  1.5384347e-12  1.53843e-12  1.26792e-12  2.70515e-13
5.701749610e+00  1.5458204e-12  1.54582e-12  1.25194e-12  2.93882e-13
5.730258358e+00  1.5544415e-12  1.55444e-12  1.23611e-12  3.18335e-13
5.758909650e+00  1.5642956e-12  1.56430e-12  1.22043e-12  3.43861e-13
5.787704198e+00  1.5754800e-12  1.57548e-12  1.20490e-12  3.70584e-13
5.816642719e+00  1.5879582e-12  1.58796e-12  1.18952e-12  3.98442e-13
5.845725932e+00  1.6017959e-12  1.60180e-12  1.17428e-12  4.27515e-13
5.874954562e+00  1.6170259e-12  1.61703e-12  1.15919e-12  4.57837e-13
5.904329335e+00  1.6336811e-12  1.63368e-12  1.14424e-12  4.89441e-13
5.933850982e+00  1.6517531e-12  1.65175e-12  1.12944e-12  5.22308e-13
5.963520237e+00  1.6713578e-12  1.67136e-12  1.11478e-12  5.56580e-13
5.993337838e+00  1.6924440e-12  1.69244e-12  1.10026e-12  5.92181e-13
6.023304527e+00  1.7037206e-12  1.70372e-12  1.08887e-12  6.14853e-13
6.053421050e+00  1.7124322e-12  1.71243e-12  1.07841e-12  6.34019e-13
6.083688155e+00  1.7216305e-12  1.72163e-12  1.06806e-12  6.53566e-13
6.114106596e+00  1.7314177e-12  1.73142e-12  1.05780e-12  6.73621e-13
6.144677129e+00  1.7417502e-12  1.74175e-12  1.04762e-12  6.94130e-13
6.175400514e+00  1.7526868e-12  1.75269e-12  1.03752e-12  7.15163e-13
6.206277517e+00  1.7608789e-12  1.76088e-12  1.02820e-12  7.32680e-13
6.237308904e+00  1.7560065e-12  1.75601e-12  1.02162e-12  7.34391e-13
6.268495449e+00  1.7506496e-12  1.75065e-12  1.01507e-12  7.35576e-13
6.299837926e+00  1.7448487e-12  1.74485e-12  1.00856e-12  7.36287e-13
6.331337116e+00  1.7384626e-12  1.73846e-12  1.00210e-12  7.36360e-13
6.362993801e+00  1.7315296e-12  1.73153e-12  9.95684e-13  7.35846e-13
6.394808770e+00  1.7240285e-12  1.72403e-12  9.89305e-13  7.34723e-13
6.426782814e+00  1.7158695e-12  1.71587e-12  9.82978e-13  7.32892e-13
6.458916728e+00  1.7071656e-12  1.70717e-12  9.76679e-13  7.30486e-13
6.491211312e+00  1.6977568e-12  1.69776e-12  9.70431e-13  7.27326e-13
6.523667368e+00  1.6976377e-12  1.69764e-12  9.62798e-13  7.34840e-13
6.556285705e+00  1.7012044e-12  1.70120e-12  9.54696e-13  7.46509e-13
6.589067134e+00  1.7047840e-12  1.70478e-12  9.46667e-13  7.58117e-13
6.622012469e+00  1.7084456e-12  1.70845e-12  9.38700e-13  7.69745e-13
6.655122532e+00  1.7121848e-12  1.71218e-12  9.30796e-13  7.81389e-13
6.688398144e+00  1.7159135e-12  1.71591e-12  9.22963e-13  7.92951e-13
6.721840135e+00  1.7197918e-12  1.71979e-12  9.15181e-13  8.04611e-13
6.755449336e+00  1.7236462e-12  1.72365e-12  9.07469e-13  8.16177e-13
6.789226583e+00  1.7275551e-12  1.72756e-12  8.99818e-13  8.27737e-13
6.823172715e+00  1.7314223e-12  1.73142e-12  8.92236e-13  8.39187e-13
6.857288579e+00  1.7354236e-12  1.73542e-12  8.84703e-13  8.50720e-13
6.891575022e+00  1.7393689e-12  1.73937e-12  8.77239e-13  8.62130e-13
6.926032897e+00  1.7433447e-12  1.74334e-12  8.69833e-13  8.73511e-13
6.960663062e+00  1.7472458e-12  1.74725e-12  8.62495e-13  8.84751e-13
6.995466377e+00  1.7511627e-12  1.75116e-12  8.55214e-13  8.95949e-13
7.030443709e+00  1.7551945e-12  1.75519e-12  8.47981e-13  9.07214e-13
7.065595927e+00  1.7590228e-12  1.75902e-12  8.40822e-13  9.18200e-13
7.100923907e+00  1.7629553e-12  1.76296e-12  8.33711e-13  9.29244e-13
7.136428526e+00  1.7667714e-12  1.76677e-12  8.26665e-13  9.40106e-13
7.172110669e+00  1.7705721e-12  1.77057e-12  8.19674e-13  9.50898e-13
7.207971222e+00  1.7737737e-12  1.77377e-12  8.12782e-13  9.60992e-13
7.244011079e+00  1.7745671e-12  1.77457e-12  8.06118e-13  9.68449e-13
7.280231134e+00  1.7750920e-12  1.77509e-12  7.99514e-13  9.75578e-13
7.316632290e+00  1.7754571e-12  1.77546e-12  7.92959e-13  9.82499e-13
7.353215451e+00  1.7756557e-12  1.77566e-12  7.86453e-13  9.89203e-13
7.389981528e+00  1.7756808e-12  1.77568e-12  7.79997e-13  9.95684e-13
7.426931436e+00  1.7753959e-12  1.77540e-12  7.73598e-13  1.00180e-12
7.464066093e+00  1.7747869e-12  1.77479e-12  7.67255e-13  1.00753e-12
7.501386424e+00  1.7741089e-12  1.77411e-12  7.60953e-13  1.01316e-12
7.538893356e+00  1.7730885e-12  1.77309e-12  7.54706e-13  1.01838e-12
7.576587822e+00  1.7717114e-12  1.77171e-12  7.48514e-13  1.02320e-12
7.614470762e+00  1.7701056e-12  1.77011e-12  7.42370e-13  1.02774e-12
7.652543115e+00  1.7682644e-12  1.76826e-12  7.36272e-13  1.03199e-12
7.690805831e+00  1.7660341e-12  1.76603e-12  7.30228e-13  1.03581e-12
7.729259860e+00  1.7635502e-12  1.76355e-12  7.24229e-13  1.03932e-12
7.767906159e+00  1.7606541e-12  1.76065e-12  7.18284e-13  1.04237e-12
7.806745690e+00  1.7574863e-12  1.75749e-12  7.12385e-13  1.04510e-12
7.845779419e+00  1.7540404e-12  1.75404e-12  7.06530e-13  1.04751e-12
7.885008316e+00  1.7501503e-12  1.75015e-12  7.00727e-13  1.04942e-12
7.924433357e+00  1.7365479e-12  1.73655e-12  6.95397e-13  1.04115e-12
7.964055524e+00  1.7165681e-12  1.71657e-12  6.90361e-13  1.02621e-12
8.003875802e+00  1.6956255e-12  1.69563e-12  6.85363e-13  1.01026e-12
8.043895181e+00  1.6737033e-12  1.67370e-12  6.80403e-13  9.93300e-13
8.084114657e+00  1.6507846e-12  1.65078e-12  6.75481e-13  9.75304e-13
8.124535230e+00  1.6268528e-12  1.62685e-12  6.70596e-13  9.56257e-13
8.165157906e+00  1.6018918e-12  1.60189e-12  6.65748e-13  9.36143e-13
8.205983696e+00  1.5798631e-12  1.57986e-12  6.60785e-13  9.19078e-13
8.247013614e+00  1.5801938e-12  1.58019e-12  6.54986e-13  9.25208e-13
8.288248682e+00  1.5802482e-12  1.58025e-12  6.49242e-13  9.31006e-13
8.329689926e+00  1.5803922e-12  1.58039e-12  6.43539e-13  9.36853e-13
8.371338375e+00  1.5802474e-12  1.58025e-12  6.37890e-13  9.42357e-13
8.413195067e+00  1.5799963e-12  1.58000e-12  6.32289e-13  9.47708e-13
8.455261042e+00  1.5796356e-12  1.57964e-12  6.26733e-13  9.52902e-13
8.497537348e+00  1.5791618e-12  1.57916e-12  6.21224e-13  9.57938e-13
8.540025034e+00  1.5828228e-12  1.58282e-12  6.15625e-13  9.67197e-13
8.582725160e+00  1.5868893e-12  1.58689e-12  6.10062e-13  9.76828e-13
8.625638785e+00  1.5907510e-12  1.59075e-12  6.04552e-13  9.86199e-13
8.668766979e+00  1.5946074e-12  1.59461e-12  5.99090e-13  9.95517e-13
8.712110814e+00  1.5999495e-12  1.59995e-12  5.93632e-13  1.00632e-12
8.755671368e+00  1.6092098e-12  1.60921e-12  5.88110e-13  1.02110e-12
8.799449725e+00  1.6183750e-12  1.61837e-12  5.82643e-13  1.03573e-12
8.843446974e+00  1.6278775e-12  1.62788e-12  5.77219e-13  1.05066e-12
8.887664209e+00  1.6372739e-12  1.63727e-12  5.71849e-13  1.06543e-12
8.932102530e+00  1.6470078e-12  1.64701e-12  5.66521e-13  1.08049e-12
8.976763042e+00  1.6566248e-12  1.65662e-12  5.61246e-13  1.09538e-12
9.021646857e+00  1.6658810e-12  1.66588e-12  5.56030e-13  1.10985e-12
9.066755092e+00  1.6745218e-12  1.67452e-12  5.50878e-13  1.12364e-12
9.112088867e+00  1.6829959e-12  1.68300e-12  5.45777e-13  1.13722e-12
9.157649312e+00  1.6917741e-12  1.69177e-12  5.40715e-13  1.15106e-12
9.203437558e+00  1.6998871e-12  1.69989e-12  5.35716e-13  1.16417e-12
9.249454746e+00  1.7028706e-12  1.70287e-12  5.30878e-13  1.17199e-12
9.295702020e+00  1.7057823e-12  1.70578e-12  5.26081e-13  1.17970e-12
9.342180530e+00  1.7083676e-12  1.70837e-12  5.21331e-13  1.18704e-12
9.388891432e+00  1.7108705e-12  1.71087e-12  5.16623e-13  1.19425e-12
9.435835890e+00  1.7132884e-12  1.71329e-12  5.11955e-13  1.20133e-12
9.483015069e+00  1.7158791e-12  1.71588e-12  5.07322e-13  1.20856e-12
9.530430144e+00  1.7157562e-12  1.71576e-12  5.02781e-13  1.21297e-12
9.578082295e+00  1.7144295e-12  1.71443e-12  4.98301e-13  1.21613e-12
9.625972707e+00  1.7126694e-12  1.71267e-12  4.93864e-13  1.21881e-12
9.674102570e+00  1.7110079e-12  1.71101e-12  4.89459e-13  1.22155e-12
9.722473083e+00  1.7089035e-12  1.70890e-12  4.85097e-13  1.22381e-12
9.771085448e+00  1.7066230e-12  1.70662e-12  4.80772e-13  1.22585e-12
9.819940876e+00  1.7108639e-12  1.71086e-12  4.76365e-13  1.23450e-12
9.869040580e+00  1.7254808e-12  1.72548e-12  4.71814e-13  1.25367e-12
9.918385783e+00  1.7402417e-12  1.74024e-12  4.67304e-13  1.27294e-12
9.967977712e+00  1.7551431e-12  1.75514e-12  4.62836e-13  1.29231e-12
1.001781760e+01  1.8058252e-12  1.80583e-12  4.57820e-13  1.34801e-12
1.006790669e+01  1.9219138e-12  1.92191e-12  4.51804e-13  1.47011e-12
1.011824622e+01  2.0405265e-12  2.04053e-12  4.45850e-13  1.59468e-12
1.016883745e+01  2.1616630e-12  2.16166e-12  4.39956e-13  1.72171e-12
1.021968164e+01  2.2853222e-12  2.28532e-12  4.34123e-13  1.85120e-12
1.027078005e+01  2.4115023e-12  2.41150e-12  4.28350e-13  1.98315e-12
1.032213395e+01  2.5402005e-12  2.54020e-12  4.22636e-13  2.11756e-12
1.037374462e+01  2.6711053e-12  2.67111e-12  4.16986e-13  2.25412e-12
1.042561334e+01  2.8048256e-12  2.80483e-12  4.11390e-13  2.39344e-12
1.047774141e+01  2.9407376e-12  2.94074e-12  4.05856e-13  2.53488e-12
1.053013012e+01  3.0794589e-12  3.07946e-12  4.00374e-13  2.67908e-12
1.058278077e+01  3.2203539e-12  3.22035e-12  3.94955e-13  2.82540e-12
1.063569467e+01  3.4637364e-12  3.46374e-12  3.88253e-13  3.07548e-12
1.068887314e+01  3.7298625e-12  3.72986e-12  3.81386e-13  3.34848e-12
1.074231751e+01  4.0012327e-12  4.00123e-12  3.74592e-13  3.62664e-12
1.079602910e+01  4.2775113e-12  4.27751e-12  3.67873e-13  3.90964e-12
1.085000924e+01  4.5583511e-12  4.55835e-12  3.61233e-13  4.19712e-12
1.090425929e+01  4.8440589e-12  4.84406e-12  3.54668e-13  4.48939e-12
1.095878058e+01  5.1346146e-12  5.13461e-12  3.48176e-13  4.78644e-12
1.101357449e+01  5.4367448e-12  5.43674e-12  3.41678e-13  5.09507e-12
1.106864236e+01  5.7638174e-12  5.76382e-12  3.35018e-13  5.42880e-12
1.112398557e+01  6.0960333e-12  6.09603e-12  3.28437e-13  5.76760e-12
1.117960550e+01  6.4337052e-12  6.43371e-12  3.21929e-13  6.11178e-12
1.123550353e+01  6.7764600e-12  6.77646e-12  3.15498e-13  6.46096e-12
1.129168104e+01  7.1242627e-12  7.12426e-12  3.09142e-13  6.81512e-12
1.134813945e+01  7.4774277e-12  7.47743e-12  3.02859e-13  7.17457e-12
1.140488015e+01  7.8359232e-12  7.83592e-12  2.96645e-13  7.53928e-12
1.146190455e+01  8.1993599e-12  8.19936e-12  2.90506e-13  7.90885e-12
1.151921407e+01  8.5108179e-12  8.51082e-12  2.85028e-13  8.22579e-12
1.157681014e+01  8.7116513e-12  8.71165e-12  2.80777e-13  8.43087e-12
1.163469419e+01  8.9149083e-12  8.91491e-12  2.76569e-13  8.63834e-12
1.169286766e+01  9.1202056e-12  9.12021e-12  2.72407e-13  8.84780e-12
1.175133200e+01  9.3275170e-12  9.32752e-12  2.68291e-13  9.05923e-12
1.181008866e+01  9.5371838e-12  9.53718e-12  2.64217e-13  9.27297e-12
1.186913910e+01  9.7484438e-12  9.74844e-12  2.60192e-13  9.48825e-12
1.192848480e+01  9.9620074e-12  9.96201e-12  2.56208e-13  9.70580e-12
1.198812722e+01  1.0177477e-11  1.01775e-11  2.52268e-13  9.92521e-12
1.204806786e+01  1.0395200e-11  1.03952e-11  2.48369e-13  1.01468e-11
1.210830820e+01  1.0614396e-11  1.06144e-11  2.44517e-13  1.03699e-11
1.216884974e+01  1.0835787e-11  1.08358e-11  2.40704e-13  1.05951e-11
1.222969399e+01  1.1058967e-11  1.10590e-11  2.36935e-13  1.08220e-11
1.229084246e+01  1.1283904e-11  1.12839e-11  2.33207e-13  1.10507e-11
1.235229667e+01  1.1510950e-11  1.15109e-11  2.29519e-13  1.12814e-11
1.241405815e+01  1.1739691e-11  1.17397e-11  2.25873e-13  1.15138e-11
1.247612845e+01  1.1970092e-11  1.19701e-11  2.22268e-13  1.17478e-11
1.253850909e+01  1.2079788e-11  1.20798e-11  2.19687e-13  1.18601e-11
1.260120163e+01  1.2112671e-11  1.21127e-11  2.17742e-13  1.18949e-11
1.266420764e+01  1.2144613e-11  1.21446e-11  2.15814e-13  1.19288e-11
1.272752868e+01  1.2175215e-11  1.21752e-11  2.13905e-13  1.19613e-11
1.279116632e+01  1.2204868e-11  1.22049e-11  2.12012e-13  1.19929e-11
1.285512215e+01  1.2233969e-11  1.22340e-11  2.10133e-13  1.20238e-11
1.291939776e+01  1.2261318e-11  1.22613e-11  2.08276e-13  1.20530e-11
1.298399475e+01  1.2288111e-11  1.22881e-11  2.06431e-13  1.20817e-11
1.304891473e+01  1.2216643e-11  1.22166e-11  2.05304e-13  1.20113e-11
1.311415930e+01  1.2110676e-11  1.21107e-11  2.04414e-13  1.19063e-11
1.317973010e+01  1.2002414e-11  1.20024e-11  2.03524e-13  1.17989e-11
1.324562875e+01  1.1891062e-11  1.18911e-11  2.02641e-13  1.16884e-11
1.331185689e+01  1.1777456e-11  1.17775e-11  2.01759e-13  1.15757e-11
1.337841618e+01  1.1661209e-11  1.16612e-11  2.00880e-13  1.14603e-11
1.344530826e+01  1.1542343e-11  1.15423e-11  2.00005e-13  1.13423e-11
1.351253480e+01  1.1421292e-11  1.14213e-11  1.99131e-13  1.12222e-11
1.358009747e+01  1.1297255e-11  1.12973e-11  1.98263e-13  1.10990e-11
1.364799796e+01  1.1171081e-11  1.11711e-11  1.97396e-13  1.09737e-11
1.371623795e+01  1.1041966e-11  1.10420e-11  1.96535e-13  1.08454e-11
1.378481914e+01  1.0910765e-11  1.09108e-11  1.95675e-13  1.07151e-11
1.385374323e+01  1.0777090e-11  1.07771e-11  1.94818e-13  1.05823e-11
1.392301195e+01  1.0640965e-11  1.06410e-11  1.93965e-13  1.04470e-11
1.399262701e+01  1.0502418e-11  1.05024e-11  1.93114e-13  1.03093e-11
1.406259015e+01  1.0270118e-11  1.02701e-11  1.92813e-13  1.00773e-11
1.413290310e+01  1.0023978e-11  1.00240e-11  1.92570e-13  9.83141e-12
1.420356761e+01  9.7741656e-12  9.77417e-12  1.92324e-13  9.58184e-12
1.427458545e+01  9.5211526e-12  9.52115e-12  1.92072e-13  9.32908e-12
1.434595838e+01  9.2654143e-12  9.26541e-12  1.91812e-13  9.07360e-12
1.441768817e+01  9.0057194e-12  9.00572e-12  1.91551e-13  8.81417e-12
1.448977661e+01  8.7433990e-12  8.74340e-12  1.91282e-13  8.55212e-12
1.456222549e+01  8.4776473e-12  8.47765e-12  1.91011e-13  8.28664e-12
1.463503662e+01  8.2093741e-12  8.20937e-12  1.90731e-13  8.01864e-12
1.470821180e+01  7.9373405e-12  7.93734e-12  1.90450e-13  7.74689e-12
1.478175286e+01  7.6628904e-12  7.66289e-12  1.90162e-13  7.47273e-12
1.485566163e+01  7.4388721e-12  7.43887e-12  1.89589e-13  7.24928e-12
1.492993994e+01  7.2300593e-12  7.23006e-12  1.88923e-13  7.04114e-12
1.500458964e+01  7.0244235e-12  7.02442e-12  1.88231e-13  6.83619e-12
1.507961258e+01  6.9046346e-12  6.90463e-12  1.87091e-13  6.71754e-12
1.515501065e+01  6.7831624e-12  6.78316e-12  1.85961e-13  6.59720e-12
1.523078570e+01  6.6604663e-12  6.66047e-12  1.84837e-13  6.47563e-12
1.530693963e+01  6.5365723e-12  6.53657e-12  1.83719e-13  6.35285e-12
1.538347433e+01  6.4110690e-12  6.41107e-12  1.82609e-13  6.22846e-12
1.546039170e+01  6.2839811e-12  6.28398e-12  1.81508e-13  6.10247e-12
1.553769366e+01  6.1562095e-12  6.15621e-12  1.80411e-13  5.97580e-12
1.561538212e+01  6.0264666e-12  6.02647e-12  1.79324e-13  5.84714e-12
1.569345903e+01  5.8956545e-12  5.89565e-12  1.78243e-13  5.71741e-12
1.577192633e+01  5.7633605e-12  5.76336e-12  1.77170e-13  5.58619e-12
1.585078596e+01  5.6300504e-12  5.63005e-12  1.76103e-13  5.45395e-12
1.593003989e+01  5.4957513e-12  5.49575e-12  1.75042e-13  5.32071e-12
1.600969009e+01  5.3600503e-12  5.36005e-12  1.73989e-13  5.18606e-12
1.608973854e+01  5.2229739e-12  5.22297e-12  1.72943e-13  5.05003e-12
1.617018723e+01  5.0845489e-12  5.08455e-12  1.71905e-13  4.91264e-12
1.625103817e+01  4.9456843e-12  4.94568e-12  1.70871e-13  4.77481e-12
1.633229336e+01  4.8050850e-12  4.80508e-12  1.69846e-13  4.63524e-12
1.641395483e+01  4.6746920e-12  4.67469e-12  1.68780e-13  4.50591e-12
1.649602460e+01  4.5969163e-12  4.59692e-12  1.67495e-13  4.42942e-12
1.657850473e+01  4.5188400e-12  4.51884e-12  1.66219e-13  4.35262e-12
1.666139725e+01  4.4400377e-12  4.44004e-12  1.64954e-13  4.27508e-12
1.674470424e+01  4.3605252e-12  4.36053e-12  1.63699e-13  4.19683e-12
1.682842776e+01  4.2798768e-12  4.27988e-12  1.62456e-13  4.11742e-12
1.691256990e+01  4.1994333e-12  4.19943e-12  1.61220e-13  4.03821e-12
1.699713274e+01  4.1178861e-12  4.11789e-12  1.59996e-13  3.95789e-12
1.708211841e+01  4.0356928e-12  4.03569e-12  1.58782e-13  3.87691e-12
1.716752900e+01  3.9528698e-12  3.95287e-12  1.57578e-13  3.79529e-12
1.725336665e+01  3.8579602e-12  3.85796e-12  1.56428e-13  3.70153e-12
1.733963348e+01  3.7554031e-12  3.75540e-12  1.55315e-13  3.60009e-12
1.742633165e+01  3.6518395e-12  3.65184e-12  1.54211e-13  3.49763e-12
1.751346330e+01  3.5481713e-12  3.54817e-12  1.53114e-13  3.39506e-12
1.760103062e+01  3.4435364e-12  3.44354e-12  1.52027e-13  3.29151e-12
1.768903577e+01  3.3383956e-12  3.33840e-12  1.50948e-13  3.18745e-12
1.777748095e+01  3.2327686e-12  3.23277e-12  1.49877e-13  3.08289e-12
1.786636836e+01  3.1266751e-12  3.12668e-12  1.48815e-13  2.97786e-12
1.795570020e+01  3.0196956e-12  3.01970e-12  1.47761e-13  2.87193e-12
1.804547870e+01  2.9329237e-12  2.93292e-12  1.46642e-13  2.78628e-12
1.813570609e+01  2.8654490e-12  2.86545e-12  1.45462e-13  2.71999e-12
1.822638462e+01  2.7975128e-12  2.79751e-12  1.44293e-13  2.65322e-12
1.831751655e+01  2.7295657e-12  2.72957e-12  1.43133e-13  2.58643e-12
1.840910413e+01  2.6611822e-12  2.66118e-12  1.41983e-13  2.51920e-12
1.850114965e+01  2.5928121e-12  2.59281e-12  1.40841e-13  2.45197e-12
1.859365540e+01  2.5611257e-12  2.56113e-12  1.39584e-13  2.42154e-12
1.868662368e+01  2.5289529e-12  2.52895e-12  1.38339e-13  2.39061e-12
1.878005679e+01  2.4967361e-12  2.49674e-12  1.37105e-13  2.35963e-12
1.887395708e+01  2.4644810e-12  2.46448e-12  1.35882e-13  2.32860e-12
1.896832686e+01  2.4321929e-12  2.43219e-12  1.34669e-13  2.29752e-12
1.906316850e+01  2.3994437e-12  2.39944e-12  1.33469e-13  2.26597e-12
1.915848434e+01  2.3666736e-12  2.36667e-12  1.32279e-13  2.23440e-12
1.925427676e+01  2.3334557e-12  2.33346e-12  1.31100e-13  2.20236e-12
1.935054815e+01  2.3006607e-12  2.30066e-12  1.29930e-13  2.17073e-12
1.944730089e+01  2.2674299e-12  2.26743e-12  1.28772e-13  2.13866e-12
1.954453739e+01  2.2337706e-12  2.23377e-12  1.27626e-13  2.10615e-12
1.964226008e+01  2.2001198e-12  2.20012e-12  1.26489e-13  2.07363e-12
1.974047138e+01  2.1664827e-12  2.16648e-12  1.25362e-13  2.04112e-12
1.983917374e+01  2.1328645e-12  2.13286e-12  1.24245e-13  2.00862e-12
1.993836960e+01  2.0988432e-12  2.09884e-12  1.23138e-13  1.97570e-12
2.003806145e+01  2.0495031e-12  2.04950e-12  1.22088e-13  1.92742e-12
2.013825176e+01  1.9743010e-12  1.97430e-12  1.21123e-13  1.85318e-12
2.023894302e+01  1.8993059e-12  1.89931e-12  1.20165e-13  1.77914e-12
2.034013773e+01  1.8241042e-12  1.82410e-12  1.19216e-13  1.70489e-12
2.044183842e+01  1.7491319e-12  1.74913e-12  1.18274e-13  1.63086e-12
2.054404761e+01  1.6735549e-12  1.67355e-12  1.17341e-13  1.55621e-12
2.064676785e+01  1.5982310e-12  1.59823e-12  1.16414e-13  1.48182e-12
2.075000169e+01  1.5227500e-12  1.52275e-12  1.15496e-13  1.40725e-12
2.085375170e+01  1.4471244e-12  1.44712e-12  1.14586e-13  1.33254e-12
2.095802046e+01  1.3713668e-12  1.37137e-12  1.13683e-13  1.25768e-12
2.106281056e+01  1.2954896e-12  1.29549e-12  1.12788e-13  1.18270e-12
2.116812461e+01  1.2195053e-12  1.21951e-12  1.11901e-13  1.10760e-12
2.127396524e+01  1.1438413e-12  1.14384e-12  1.11021e-13  1.03282e-12
2.138033506e+01  1.1016353e-12  1.10164e-12  1.10056e-13  9.91579e-13
2.148723674e+01  1.0707497e-12  1.07075e-12  1.09070e-13  9.61680e-13
2.159467292e+01  1.0399791e-12  1.03998e-12  1.08092e-13  9.31887e-13
2.170264629e+01  1.0089162e-12  1.00892e-12  1.07124e-13  9.01793e-13
2.181115952e+01  9.7797755e-13  9.77978e-13  1.06164e-13  8.71814e-13
2.192021532e+01  9.4675811e-13  9.46758e-13  1.05214e-13  8.41544e-13
2.202981639e+01  9.1567220e-13  9.15672e-13  1.04272e-13  8.11401e-13
2.213996547e+01  8.8472323e-13  8.84723e-13  1.03338e-13  7.81385e-13
2.225066530e+01  8.5391456e-13  8.53915e-13  1.02412e-13  7.51502e-13
2.236191863e+01  8.2284546e-13  8.22845e-13  1.01496e-13  7.21349e-13
2.247372822e+01  7.9192552e-13  7.91926e-13  1.00588e-13  6.91338e-13
2.258609686e+01  7.7922928e-13  7.79229e-13  9.96414e-14  6.79588e-13
2.269902735e+01  7.7218352e-13  7.72184e-13  9.86900e-14  6.73493e-13
2.281252248e+01  7.6554894e-13  7.65549e-13  9.77466e-14  6.67802e-13
2.292658510e+01  7.5852677e-13  7.58527e-13  9.68130e-14  6.61714e-13
2.304121802e+01  7.5151808e-13  7.51518e-13  9.58882e-14  6.55630e-13
2.315642411e+01  7.4491890e-13  7.44919e-13  9.49711e-14  6.49948e-13
2.327220623e+01  7.3793797e-13  7.37938e-13  9.40637e-14  6.43874e-13
2.338856726e+01  7.3097256e-13  7.30973e-13  9.31648e-14  6.37808e-13
2.350551010e+01  7.2402335e-13  7.24023e-13  9.22743e-14  6.31749e-13
2.362303765e+01  7.1709099e-13  7.17091e-13  9.13922e-14  6.25699e-13
2.374115284e+01  7.1017613e-13  7.10176e-13  9.05184e-14  6.19658e-13
2.385985860e+01  7.0327940e-13  7.03279e-13  8.96529e-14  6.13626e-13
2.397915789e+01  6.9640142e-13  6.96401e-13  8.87955e-14  6.07606e-13
2.409905368e+01  6.8954281e-13  6.89543e-13  8.79462e-14  6.01597e-13
2.421954895e+01  6.8270416e-13  6.82704e-13  8.71049e-14  5.95599e-13
2.434064670e+01  6.7588607e-13  6.75886e-13  8.62716e-14  5.89614e-13
2.446234993e+01  6.6870851e-13  6.68709e-13  8.54469e-14  5.83262e-13
2.458466168e+01  6.6193466e-13  6.61935e-13  8.46292e-14  5.77305e-13
2.470758499e+01  6.5480529e-13  6.54805e-13  8.38201e-14  5.70985e-13
2.483112291e+01  6.4807794e-13  6.48078e-13  8.30177e-14  5.65060e-13
2.495527853e+01  6.4099902e-13  6.40999e-13  8.22237e-14  5.58775e-13
