# ------------------------------------------------------------------------
# Radiance spectrum
# NASA-GSFC Planetary Spectrum Generator (PSG) (Villanueva et al. 2018, 2022)
# Synthesized on Sat Jan 27 20:18:36 2024
# Doppler velocities [km/s] (vobs,vrot+vorb,vwidth,vrfl,vstr): 0.00000,-0.00000,0.00000,-119.41115,-0.00000
# Spectral unit: Wavelength [um]
# Radiance unit: Spectral irradiance [W/m2/um]
# Wave/freq Total Object Reflected Thermal
5.000000000e-01  7.5321041e-12  7.53210e-12  7.53210e-12  9.06198e-50
5.025000000e-01  7.6077122e-12  7.60771e-12  7.60771e-12  1.42970e-49
5.050125000e-01  7.6831590e-12  7.68316e-12  7.68316e-12  2.25036e-49
5.075375625e-01  7.7584298e-12  7.75843e-12  7.75843e-12  3.53382e-49
5.100752503e-01  7.8335100e-12  7.83351e-12  7.83351e-12  5.53644e-49
5.126256266e-01  7.9083851e-12  7.90839e-12  7.90839e-12  8.65393e-49
5.151887547e-01  7.9830406e-12  7.98304e-12  7.98304e-12  1.34958e-48
5.177646985e-01  8.0574621e-12  8.05746e-12  8.05746e-12  2.09987e-48
5.203535220e-01  8.1316353e-12  8.13164e-12  8.13164e-12  3.25986e-48
5.229552896e-01  8.2055460e-12  8.20555e-12  8.20555e-12  5.04919e-48
5.255700660e-01  8.2791799e-12  8.27918e-12  8.27918e-12  7.80310e-48
5.281979164e-01  8.3525230e-12  8.35252e-12  8.35252e-12  1.20320e-47
5.308389059e-01  8.4255613e-12  8.42556e-12  8.42556e-12  1.85116e-47
5.334931005e-01  8.4982808e-12  8.49828e-12  8.49828e-12  2.84175e-47
5.361605660e-01  8.5706678e-12  8.57067e-12  8.57067e-12  4.35280e-47
5.388413688e-01  8.6427087e-12  8.64271e-12  8.64271e-12  6.65270e-47
5.415355756e-01  8.7143898e-12  8.71439e-12  8.71439e-12  1.01456e-46
5.442432535e-01  8.7856976e-12  8.78570e-12  8.78570e-12  1.54388e-46
5.469644698e-01  8.8566189e-12  8.85662e-12  8.85662e-12  2.34429e-46
5.496992921e-01  8.9271405e-12  8.92714e-12  8.92714e-12  3.55200e-46
5.524477886e-01  8.9972492e-12  8.99725e-12  8.99725e-12  5.37038e-46
5.552100275e-01  9.0669322e-12  9.06693e-12  9.06693e-12  8.10236e-46
5.579860777e-01  9.1361766e-12  9.13618e-12  9.13618e-12  1.21982e-45
5.607760081e-01  9.2049699e-12  9.20497e-12  9.20497e-12  1.83259e-45
5.635798881e-01  9.2732994e-12  9.27330e-12  9.27330e-12  2.74741e-45
5.663977875e-01  9.3411530e-12  9.34115e-12  9.34115e-12  4.11030e-45
5.692297765e-01  9.4085183e-12  9.40852e-12  9.40852e-12  6.13650e-45
5.720759254e-01  9.4753835e-12  9.47538e-12  9.47538e-12  9.14261e-45
5.749363050e-01  9.5417366e-12  9.54174e-12  9.54174e-12  1.35933e-44
5.778109865e-01  9.6075659e-12  9.60757e-12  9.60757e-12  2.01693e-44
5.807000414e-01  9.6728599e-12  9.67286e-12  9.67286e-12  2.98657e-44
5.836035417e-01  9.7376074e-12  9.73761e-12  9.73761e-12  4.41340e-44
5.865215594e-01  9.8017971e-12  9.80180e-12  9.80180e-12  6.50875e-44
5.894541672e-01  9.8654182e-12  9.86542e-12  9.86542e-12  9.57966e-44
5.924014380e-01  9.9284597e-12  9.92846e-12  9.92846e-12  1.40713e-43
5.953634452e-01  9.9909111e-12  9.99091e-12  9.99091e-12  2.06280e-43
5.983402624e-01  1.0052762e-11  1.00528e-11  1.00528e-11  3.01801e-43
6.013319637e-01  1.0114002e-11  1.01140e-11  1.01140e-11  4.40687e-43
6.043386235e-01  1.0174622e-11  1.01746e-11  1.01746e-11  6.42227e-43
6.073603167e-01  1.0234611e-11  1.02346e-11  1.02346e-11  9.34117e-43
6.103971182e-01  1.0293960e-11  1.02940e-11  1.02940e-11  1.35604e-42
6.134491038e-01  1.0352659e-11  1.03527e-11  1.03527e-11  1.96474e-42
6.165163494e-01  1.0410700e-11  1.04107e-11  1.04107e-11  2.84122e-42
6.195989311e-01  1.0468072e-11  1.04681e-11  1.04681e-11  4.10086e-42
6.226969258e-01  1.0524769e-11  1.05248e-11  1.05248e-11  5.90772e-42
6.258104104e-01  1.0580780e-11  1.05808e-11  1.05808e-11  8.49462e-42
6.289394624e-01  1.0636098e-11  1.06361e-11  1.06361e-11  1.21913e-41
6.320841597e-01  1.0690714e-11  1.06907e-11  1.06907e-11  1.74640e-41
6.352445805e-01  1.0744621e-11  1.07446e-11  1.07446e-11  2.49706e-41
6.384208035e-01  1.0797811e-11  1.07978e-11  1.07978e-11  3.56377e-41
6.416129075e-01  1.0850276e-11  1.08503e-11  1.08503e-11  5.07679e-41
6.448209720e-01  1.0902009e-11  1.09020e-11  1.09020e-11  7.21890e-41
6.480450769e-01  1.0953003e-11  1.09530e-11  1.09530e-11  1.02461e-40
6.512853022e-01  1.1003251e-11  1.10033e-11  1.10033e-11  1.45165e-40
6.545417288e-01  1.1052747e-11  1.10527e-11  1.10527e-11  2.05294e-40
6.578144374e-01  1.1101484e-11  1.11015e-11  1.11015e-11  2.89808e-40
6.611035096e-01  1.1149456e-11  1.11495e-11  1.11495e-11  4.08383e-40
6.644090271e-01  1.1196657e-11  1.11967e-11  1.11967e-11  5.74448e-40
6.677310723e-01  1.1243082e-11  1.12431e-11  1.12431e-11  8.06612e-40
6.710697276e-01  1.1288724e-11  1.12887e-11  1.12887e-11  1.13061e-39
6.744250763e-01  1.1333579e-11  1.13336e-11  1.13336e-11  1.58197e-39
6.777972017e-01  1.1377642e-11  1.13776e-11  1.13776e-11  2.20967e-39
6.811861877e-01  1.1420908e-11  1.14209e-11  1.14209e-11  3.08107e-39
6.845921186e-01  1.1463371e-11  1.14634e-11  1.14634e-11  4.28868e-39
6.880150792e-01  1.1505029e-11  1.15050e-11  1.15050e-11  5.95937e-39
6.914551546e-01  1.1545876e-11  1.15459e-11  1.15459e-11  8.26672e-39
6.949124304e-01  1.1585909e-11  1.15859e-11  1.15859e-11  1.14479e-38
6.983869925e-01  1.1625125e-11  1.16251e-11  1.16251e-11  1.58265e-38
7.018789275e-01  1.1663518e-11  1.16635e-11  1.16635e-11  2.18429e-38
7.053883221e-01  1.1701087e-11  1.17011e-11  1.17011e-11  3.00960e-38
7.089152637e-01  1.1737829e-11  1.17378e-11  1.17378e-11  4.13981e-38
7.124598400e-01  1.1773740e-11  1.17737e-11  1.17737e-11  5.68502e-38
7.160221392e-01  1.1808817e-11  1.18088e-11  1.18088e-11  7.79409e-38
7.196022499e-01  1.1843059e-11  1.18431e-11  1.18431e-11  1.06680e-37
7.232002612e-01  1.1876463e-11  1.18765e-11  1.18765e-11  1.45779e-37
7.268162625e-01  1.1909028e-11  1.19090e-11  1.19090e-11  1.98882e-37
7.304503438e-01  1.1940751e-11  1.19408e-11  1.19408e-11  2.70891e-37
7.341025955e-01  1.1971631e-11  1.19716e-11  1.19716e-11  3.68377e-37
7.377731085e-01  1.2001667e-11  1.20017e-11  1.20017e-11  5.00143e-37
7.414619740e-01  1.2030857e-11  1.20309e-11  1.20309e-11  6.77959e-37
7.451692839e-01  1.2059201e-11  1.20592e-11  1.20592e-11  9.17535e-37
7.488951303e-01  1.2086697e-11  1.20867e-11  1.20867e-11  1.23981e-36
7.526396060e-01  1.2113346e-11  1.21133e-11  1.21133e-11  1.67265e-36
7.564028040e-01  1.2139147e-11  1.21391e-11  1.21391e-11  2.25308e-36
7.601848180e-01  1.2164100e-11  1.21641e-11  1.21641e-11  3.03021e-36
7.639857421e-01  1.2188204e-11  1.21882e-11  1.21882e-11  4.06907e-36
7.678056708e-01  1.2211461e-11  1.22115e-11  1.22115e-11  5.45567e-36
7.716446992e-01  1.2233870e-11  1.22339e-11  1.22339e-11  7.30357e-36
7.755029227e-01  1.2255433e-11  1.22554e-11  1.22554e-11  9.76248e-36
7.793804373e-01  1.2276150e-11  1.22761e-11  1.22761e-11  1.30294e-35
7.832773395e-01  1.2296021e-11  1.22960e-11  1.22960e-11  1.73634e-35
7.871937262e-01  1.2315049e-11  1.23150e-11  1.23150e-11  2.31042e-35
7.911296948e-01  1.2333235e-11  1.23332e-11  1.23332e-11  3.06972e-35
7.950853433e-01  1.2350580e-11  1.23506e-11  1.23506e-11  4.07248e-35
7.990607700e-01  1.2367085e-11  1.23671e-11  1.23671e-11  5.39482e-35
8.030560739e-01  1.2382754e-11  1.23828e-11  1.23828e-11  7.13600e-35
8.070713542e-01  1.2397587e-11  1.23976e-11  1.23976e-11  9.42531e-35
8.111067110e-01  1.2411587e-11  1.24116e-11  1.24116e-11  1.24309e-34
8.151622446e-01  1.2424757e-11  1.24248e-11  1.24248e-11  1.63712e-34
8.192380558e-01  1.2437099e-11  1.24371e-11  1.24371e-11  2.15293e-34
8.233342461e-01  1.2448615e-11  1.24486e-11  1.24486e-11  2.82720e-34
8.274509173e-01  1.2459309e-11  1.24593e-11  1.24593e-11  3.70733e-34
8.315881719e-01  1.2469184e-11  1.24692e-11  1.24692e-11  4.85454e-34
8.357461127e-01  1.2478242e-11  1.24782e-11  1.24782e-11  6.34775e-34
8.399248433e-01  1.2486487e-11  1.24865e-11  1.24865e-11  8.28858e-34
8.441244675e-01  1.2493923e-11  1.24939e-11  1.24939e-11  1.08077e-33
8.483450899e-01  1.2500553e-11  1.25006e-11  1.25006e-11  1.40727e-33
8.525868153e-01  1.2506382e-11  1.25064e-11  1.25064e-11  1.82987e-33
8.568497494e-01  1.2511411e-11  1.25114e-11  1.25114e-11  2.37610e-33
8.611339981e-01  1.2515647e-11  1.25156e-11  1.25156e-11  3.08113e-33
8.654396681e-01  1.2519093e-11  1.25191e-11  1.25191e-11  3.98991e-33
8.697668665e-01  1.2521752e-11  1.25218e-11  1.25218e-11  5.15971e-33
8.741157008e-01  1.2523631e-11  1.25236e-11  1.25236e-11  6.66346e-33
8.784862793e-01  1.2524732e-11  1.25247e-11  1.25247e-11  8.59387e-33
8.828787107e-01  1.2525062e-11  1.25251e-11  1.25251e-11  1.10687e-32
8.872931042e-01  1.2524623e-11  1.25246e-11  1.25246e-11  1.42372e-32
8.917295698e-01  1.2523423e-11  1.25234e-11  1.25234e-11  1.82884e-32
8.961882176e-01  1.2521465e-11  1.25215e-11  1.25215e-11  2.34614e-32
9.006691587e-01  1.2518754e-11  1.25188e-11  1.25188e-11  3.00582e-32
9.051725045e-01  1.2515296e-11  1.25153e-11  1.25153e-11  3.84594e-32
9.096983670e-01  1.2511096e-11  1.25111e-11  1.25111e-11  4.91449e-32
9.142468589e-01  1.2506159e-11  1.25062e-11  1.25062e-11  6.27179e-32
9.188180931e-01  1.2500491e-11  1.25005e-11  1.25005e-11  7.99366e-32
9.234121836e-01  1.2494098e-11  1.24941e-11  1.24941e-11  1.01752e-31
9.280292445e-01  1.2486985e-11  1.24870e-11  1.24870e-11  1.29356e-31
9.326693908e-01  1.2479158e-11  1.24792e-11  1.24792e-11  1.64240e-31
9.373327377e-01  1.2470623e-11  1.24706e-11  1.24706e-11  2.08269e-31
9.420194014e-01  1.2461385e-11  1.24614e-11  1.24614e-11  2.63769e-31
9.467294984e-01  1.2451452e-11  1.24515e-11  1.24515e-11  3.33642e-31
9.514631459e-01  1.2440828e-11  1.24408e-11  1.24408e-11  4.21499e-31
9.562204616e-01  1.2429520e-11  1.24295e-11  1.24295e-11  5.31834e-31
9.610015639e-01  1.2417535e-11  1.24175e-11  1.24175e-11  6.70225e-31
9.658065718e-01  1.2404878e-11  1.24049e-11  1.24049e-11  8.43592e-31
9.706356046e-01  1.2391556e-11  1.23916e-11  1.23916e-11  1.06051e-30
9.754887826e-01  1.2377576e-11  1.23776e-11  1.23776e-11  1.33159e-30
9.803662265e-01  1.2362943e-11  1.23629e-11  1.23629e-11  1.66995e-30
9.852680577e-01  1.2347665e-11  1.23477e-11  1.23477e-11  2.09177e-30
9.901943980e-01  1.2331748e-11  1.23317e-11  1.23317e-11  2.61701e-30
9.951453700e-01  1.2315199e-11  1.23152e-11  1.23152e-11  3.27024e-30
1.000121097e+00  1.2298025e-11  1.22980e-11  1.22980e-11  4.08170e-30
1.005121702e+00  1.2280232e-11  1.22802e-11  1.22802e-11  5.08852e-30
1.010147311e+00  1.2261827e-11  1.22618e-11  1.22618e-11  6.33626e-30
1.015198047e+00  1.2242817e-11  1.22428e-11  1.22428e-11  7.88076e-30
1.020274038e+00  1.2223209e-11  1.22232e-11  1.22232e-11  9.79038e-30
1.025375408e+00  1.2203009e-11  1.22030e-11  1.22030e-11  1.21487e-29
1.030502285e+00  1.2182226e-11  1.21822e-11  1.21822e-11  1.50578e-29
1.035654796e+00  1.2160865e-11  1.21609e-11  1.21609e-11  1.86422e-29
1.040833070e+00  1.2138934e-11  1.21389e-11  1.21389e-11  2.30536e-29
1.046037236e+00  1.2116440e-11  1.21164e-11  1.21164e-11  2.84767e-29
1.051267422e+00  1.2093390e-11  1.20934e-11  1.20934e-11  3.51359e-29
1.056523759e+00  1.2069791e-11  1.20698e-11  1.20698e-11  4.33039e-29
1.061806378e+00  1.2045651e-11  1.20457e-11  1.20457e-11  5.33112e-29
1.067115410e+00  1.2020976e-11  1.20210e-11  1.20210e-11  6.55584e-29
1.072450987e+00  1.1995773e-11  1.19958e-11  1.19958e-11  8.05302e-29
1.077813242e+00  1.1970051e-11  1.19701e-11  1.19701e-11  9.88128e-29
1.083202308e+00  1.1943815e-11  1.19438e-11  1.19438e-11  1.21114e-28
1.088618319e+00  1.1917074e-11  1.19171e-11  1.19171e-11  1.48286e-28
1.094061411e+00  1.1889834e-11  1.18898e-11  1.18898e-11  1.81359e-28
1.099531718e+00  1.1862103e-11  1.18621e-11  1.18621e-11  2.21569e-28
1.105029377e+00  1.1833888e-11  1.18339e-11  1.18339e-11  2.70405e-28
1.110554523e+00  1.1805197e-11  1.18052e-11  1.18052e-11  3.29653e-28
1.116107296e+00  1.1776035e-11  1.17760e-11  1.17760e-11  4.01458e-28
1.121687832e+00  1.1746412e-11  1.17464e-11  1.17464e-11  4.88387e-28
1.127296272e+00  1.1716333e-11  1.17163e-11  1.17163e-11  5.93516e-28
1.132932753e+00  1.1685807e-11  1.16858e-11  1.16858e-11  7.20522e-28
1.138597417e+00  1.1654840e-11  1.16548e-11  1.16548e-11  8.73798e-28
1.144290404e+00  1.1623440e-11  1.16234e-11  1.16234e-11  1.05859e-27
1.150011856e+00  1.1591614e-11  1.15916e-11  1.15916e-11  1.28113e-27
1.155761915e+00  1.1559369e-11  1.15594e-11  1.15594e-11  1.54888e-27
1.161540725e+00  1.1526713e-11  1.15267e-11  1.15267e-11  1.87067e-27
1.167348428e+00  1.1493652e-11  1.14937e-11  1.14937e-11  2.25703e-27
1.173185171e+00  1.1460194e-11  1.14602e-11  1.14602e-11  2.72045e-27
1.179051096e+00  1.1426345e-11  1.14263e-11  1.14263e-11  3.27572e-27
1.184946352e+00  1.1392114e-11  1.13921e-11  1.13921e-11  3.94040e-27
1.190871084e+00  1.1357507e-11  1.13575e-11  1.13575e-11  4.73524e-27
1.196825439e+00  1.1322531e-11  1.13225e-11  1.13225e-11  5.68479e-27
1.202809566e+00  1.1287193e-11  1.12872e-11  1.12872e-11  6.81803e-27
1.208823614e+00  1.1251501e-11  1.12515e-11  1.12515e-11  8.16919e-27
1.214867732e+00  1.1215461e-11  1.12155e-11  1.12155e-11  9.77858e-27
1.220942071e+00  1.1179081e-11  1.11791e-11  1.11791e-11  1.16937e-26
1.227046781e+00  1.1142367e-11  1.11424e-11  1.11424e-11  1.39704e-26
1.233182015e+00  1.1105326e-11  1.11053e-11  1.11053e-11  1.66744e-26
1.239347925e+00  1.1067965e-11  1.10680e-11  1.10680e-11  1.98827e-26
1.245544665e+00  1.1030292e-11  1.10303e-11  1.10303e-11  2.36859e-26
1.251772388e+00  1.0992312e-11  1.09923e-11  1.09923e-11  2.81898e-26
1.258031250e+00  1.0954034e-11  1.09540e-11  1.09540e-11  3.35187e-26
1.264321406e+00  1.0915463e-11  1.09155e-11  1.09155e-11  3.98176e-26
1.270643013e+00  1.0876606e-11  1.08766e-11  1.08766e-11  4.72561e-26
1.276996228e+00  1.0837470e-11  1.08375e-11  1.08375e-11  5.60324e-26
1.283381209e+00  1.0798062e-11  1.07981e-11  1.07981e-11  6.63774e-26
1.289798116e+00  1.0758388e-11  1.07584e-11  1.07584e-11  7.85602e-26
1.296247106e+00  1.0718455e-11  1.07185e-11  1.07185e-11  9.28942e-26
1.302728342e+00  1.0678270e-11  1.06783e-11  1.06783e-11  1.09744e-25
1.309241983e+00  1.0637838e-11  1.06378e-11  1.06378e-11  1.29533e-25
1.315788193e+00  1.0597167e-11  1.05972e-11  1.05972e-11  1.52752e-25
1.322367134e+00  1.0556263e-11  1.05563e-11  1.05563e-11  1.79973e-25
1.328978970e+00  1.0515132e-11  1.05151e-11  1.05151e-11  2.11856e-25
1.335623865e+00  1.0473780e-11  1.04738e-11  1.04738e-11  2.49166e-25
1.342301984e+00  1.0432214e-11  1.04322e-11  1.04322e-11  2.92789e-25
1.349013494e+00  1.0390441e-11  1.03904e-11  1.03904e-11  3.43748e-25
1.355758561e+00  1.0348465e-11  1.03485e-11  1.03485e-11  4.03224e-25
1.362537354e+00  1.0306295e-11  1.03063e-11  1.03063e-11  4.72579e-25
1.369350041e+00  1.0263934e-11  1.02639e-11  1.02639e-11  5.53386e-25
1.376196791e+00  1.0221391e-11  1.02214e-11  1.02214e-11  6.47453e-25
1.383077775e+00  1.0178669e-11  1.01787e-11  1.01787e-11  7.56862e-25
1.389993164e+00  1.0135777e-11  1.01358e-11  1.01358e-11  8.84006e-25
1.396943130e+00  1.0092719e-11  1.00927e-11  1.00927e-11  1.03164e-24
1.403927846e+00  1.0049501e-11  1.00495e-11  1.00495e-11  1.20290e-24
1.410947485e+00  1.0006129e-11  1.00061e-11  1.00061e-11  1.40143e-24
1.418002222e+00  9.9626093e-12  9.96261e-12  9.96261e-12  1.63136e-24
1.425092233e+00  9.9189469e-12  9.91895e-12  9.91895e-12  1.89744e-24
1.432217694e+00  9.8751478e-12  9.87515e-12  9.87515e-12  2.20509e-24
1.439378783e+00  9.8312175e-12  9.83122e-12  9.83122e-12  2.56052e-24
1.446575677e+00  9.7871615e-12  9.78716e-12  9.78716e-12  2.97082e-24
1.453808555e+00  9.7429853e-12  9.74299e-12  9.74299e-12  3.44405e-24
1.461077598e+00  9.6986943e-12  9.69869e-12  9.69869e-12  3.98943e-24
1.468382986e+00  9.6542940e-12  9.65429e-12  9.65429e-12  4.61745e-24
1.475724901e+00  9.6097896e-12  9.60979e-12  9.60979e-12  5.34005e-24
1.483103525e+00  9.5651864e-12  9.56519e-12  9.56519e-12  6.17082e-24
1.490519043e+00  9.5204897e-12  9.52049e-12  9.52049e-12  7.12516e-24
1.497971638e+00  9.4757045e-12  9.47570e-12  9.47570e-12  8.22061e-24
1.505461496e+00  9.4308361e-12  9.43084e-12  9.43084e-12  9.47702e-24
1.512988804e+00  9.3858893e-12  9.38589e-12  9.38589e-12  1.09169e-23
1.520553748e+00  9.3408693e-12  9.34087e-12  9.34087e-12  1.25658e-23
1.528156517e+00  9.2957810e-12  9.29578e-12  9.29578e-12  1.44525e-23
1.535797299e+00  9.2506292e-12  9.25063e-12  9.25063e-12  1.66098e-23
1.543476286e+00  9.2054188e-12  9.20542e-12  9.20542e-12  1.90744e-23
1.551193667e+00  9.1601546e-12  9.16015e-12  9.16015e-12  2.18880e-23
1.558949636e+00  9.1148411e-12  9.11484e-12  9.11484e-12  2.50975e-23
1.566744384e+00  9.0694832e-12  9.06948e-12  9.06948e-12  2.87560e-23
1.574578106e+00  9.0240854e-12  9.02409e-12  9.02409e-12  3.29231e-23
1.582450996e+00  8.9786523e-12  8.97865e-12  8.97865e-12  3.76658e-23
1.590363251e+00  8.9331883e-12  8.93319e-12  8.93319e-12  4.30596e-23
1.598315067e+00  8.8876979e-12  8.88770e-12  8.88770e-12  4.91895e-23
1.606306643e+00  8.8421854e-12  8.84219e-12  8.84219e-12  5.61506e-23
1.614338176e+00  8.7966552e-12  8.79666e-12  8.79666e-12  6.40498e-23
1.622409867e+00  8.7511115e-12  8.75111e-12  8.75111e-12  7.30071e-23
1.630521916e+00  8.7055586e-12  8.70556e-12  8.70556e-12  8.31566e-23
1.638674526e+00  8.6600005e-12  8.66000e-12  8.66000e-12  9.46488e-23
1.646867898e+00  8.6144415e-12  8.61444e-12  8.61444e-12  1.07652e-22
1.655102238e+00  8.5688855e-12  8.56889e-12  8.56889e-12  1.22354e-22
1.663377749e+00  8.5233365e-12  8.52334e-12  8.52334e-12  1.38965e-22
1.671694638e+00  8.4777984e-12  8.47780e-12  8.47780e-12  1.57719e-22
1.680053111e+00  8.4322751e-12  8.43228e-12  8.43228e-12  1.78878e-22
1.688453377e+00  8.3867705e-12  8.38677e-12  8.38677e-12  2.02734e-22
1.696895643e+00  8.3412883e-12  8.34129e-12  8.34129e-12  2.29611e-22
1.705380122e+00  8.2958322e-12  8.29583e-12  8.29583e-12  2.59871e-22
1.713907022e+00  8.2504058e-12  8.25041e-12  8.25041e-12  2.93916e-22
1.722476557e+00  8.2050129e-12  8.20501e-12  8.20501e-12  3.32193e-22
1.731088940e+00  8.1596568e-12  8.15966e-12  8.15966e-12  3.75198e-22
1.739744385e+00  8.1143411e-12  8.11434e-12  8.11434e-12  4.23482e-22
1.748443107e+00  8.0690693e-12  8.06907e-12  8.06907e-12  4.77657e-22
1.757185322e+00  8.0238447e-12  8.02384e-12  8.02384e-12  5.38399e-22
1.765971249e+00  7.9786706e-12  7.97867e-12  7.97867e-12  6.06460e-22
1.774801105e+00  7.9335504e-12  7.93355e-12  7.93355e-12  6.82669e-22
1.783675111e+00  7.8884873e-12  7.88849e-12  7.88849e-12  7.67945e-22
1.792593486e+00  7.8434844e-12  7.84348e-12  7.84348e-12  8.63303e-22
1.801556454e+00  7.7985448e-12  7.79854e-12  7.79854e-12  9.69865e-22
1.810564236e+00  7.7536717e-12  7.75367e-12  7.75367e-12  1.08887e-21
1.819617057e+00  7.7088681e-12  7.70887e-12  7.70887e-12  1.22168e-21
1.828715142e+00  7.6641368e-12  7.66414e-12  7.66414e-12  1.36980e-21
1.837858718e+00  7.6194809e-12  7.61948e-12  7.61948e-12  1.53490e-21
1.847048012e+00  7.5749032e-12  7.57490e-12  7.57490e-12  1.71879e-21
1.856283252e+00  7.5304065e-12  7.53041e-12  7.53041e-12  1.92348e-21
1.865564668e+00  7.4859935e-12  7.48599e-12  7.48599e-12  2.15119e-21
1.874892491e+00  7.4416671e-12  7.44167e-12  7.44167e-12  2.40434e-21
1.884266954e+00  7.3974298e-12  7.39743e-12  7.39743e-12  2.68559e-21
1.893688289e+00  7.3532843e-12  7.35328e-12  7.35328e-12  2.99786e-21
1.903156730e+00  7.3092332e-12  7.30923e-12  7.30923e-12  3.34437e-21
1.912672514e+00  7.2652789e-12  7.26528e-12  7.26528e-12  3.72862e-21
1.922235876e+00  7.2214239e-12  7.22142e-12  7.22142e-12  4.15446e-21
1.931847056e+00  7.1776708e-12  7.17767e-12  7.17767e-12  4.62611e-21
1.941506291e+00  7.1340217e-12  7.13402e-12  7.13402e-12  5.14815e-21
1.951213822e+00  7.0904792e-12  7.09048e-12  7.09048e-12  5.72564e-21
1.960969892e+00  7.0470454e-12  7.04705e-12  7.04705e-12  6.36406e-21
1.970774741e+00  7.0037226e-12  7.00372e-12  7.00372e-12  7.06943e-21
1.980628615e+00  6.9605130e-12  6.96051e-12  6.96051e-12  7.84828e-21
1.990531758e+00  6.9174188e-12  6.91742e-12  6.91742e-12  8.70777e-21
2.000484417e+00  6.8744419e-12  6.87444e-12  6.87444e-12  9.65566e-21
2.010486839e+00  6.8315846e-12  6.83158e-12  6.83158e-12  1.07004e-20
2.020539273e+00  6.7887809e-12  6.78878e-12  6.78878e-12  1.21207e-20
2.030641969e+00  6.7461691e-12  6.74617e-12  6.74617e-12  1.34165e-20
2.040795179e+00  6.7036155e-12  6.70362e-12  6.70362e-12  1.51721e-20
2.050999155e+00  6.6612568e-12  6.66126e-12  6.66126e-12  1.67747e-20
2.061254151e+00  6.6189610e-12  6.61896e-12  6.61896e-12  1.89390e-20
2.071560421e+00  6.5768628e-12  6.57686e-12  6.57686e-12  2.09155e-20
2.081918224e+00  6.5348318e-12  6.53483e-12  6.53483e-12  2.35764e-20
2.092327815e+00  6.4929362e-12  6.49294e-12  6.49294e-12  2.65493e-20
2.102789454e+00  6.4512420e-12  6.45124e-12  6.45124e-12  2.92704e-20
2.113303401e+00  6.4096214e-12  6.40962e-12  6.40962e-12  3.29106e-20
2.123869918e+00  6.3682047e-12  6.36820e-12  6.36820e-12  3.62432e-20
2.134489268e+00  6.3268655e-12  6.32687e-12  6.32687e-12  4.06890e-20
2.145161714e+00  6.2857324e-12  6.28573e-12  6.28573e-12  4.47597e-20
2.155887523e+00  6.2446808e-12  6.24468e-12  6.24468e-12  5.01756e-20
2.166666960e+00  6.2037752e-12  6.20378e-12  6.20378e-12  5.61953e-20
2.177500295e+00  6.1630789e-12  6.16308e-12  6.16308e-12  6.17162e-20
2.188387796e+00  6.1224693e-12  6.12247e-12  6.12247e-12  6.90210e-20
2.199329735e+00  6.0820100e-12  6.08201e-12  6.08201e-12  7.71224e-20
2.210326384e+00  6.0417626e-12  6.04176e-12  6.04176e-12  8.45627e-20
2.221378016e+00  6.0016071e-12  6.00161e-12  6.00161e-12  9.43563e-20
2.232484906e+00  5.9616651e-12  5.96167e-12  5.96167e-12  1.03349e-19
2.243647331e+00  5.9218183e-12  5.92182e-12  5.92182e-12  1.15160e-19
2.254865567e+00  5.8821278e-12  5.88213e-12  5.88213e-12  1.28214e-19
2.266139895e+00  5.8426531e-12  5.84265e-12  5.84265e-12  1.40213e-19
2.277470595e+00  5.8032779e-12  5.80328e-12  5.80328e-12  1.55897e-19
2.288857948e+00  5.7640623e-12  5.76406e-12  5.76406e-12  1.73197e-19
2.300302237e+00  5.7250072e-12  5.72501e-12  5.72501e-12  1.92264e-19
2.311803748e+00  5.6861705e-12  5.68617e-12  5.68617e-12  2.09824e-19
2.323362767e+00  5.6474389e-12  5.64744e-12  5.64744e-12  2.32623e-19
2.334979581e+00  5.6088706e-12  5.60887e-12  5.60887e-12  2.57702e-19
2.346654479e+00  5.5704665e-12  5.57047e-12  5.57047e-12  2.85269e-19
2.358387751e+00  5.5322829e-12  5.53228e-12  5.53228e-12  3.10694e-19
2.370179690e+00  5.4942093e-12  5.49421e-12  5.49421e-12  3.43502e-19
2.382030589e+00  5.4563024e-12  5.45630e-12  5.45630e-12  3.79495e-19
2.393940742e+00  5.4185629e-12  5.41856e-12  5.41856e-12  4.18956e-19
2.405910445e+00  5.3809915e-12  5.38099e-12  5.38099e-12  4.62191e-19
2.417939997e+00  5.3436424e-12  5.34364e-12  5.34364e-12  5.02142e-19
2.430029697e+00  5.3064089e-12  5.30641e-12  5.30641e-12  5.53301e-19
2.442179846e+00  5.2693456e-12  5.26935e-12  5.26934e-12  6.09248e-19
2.454390745e+00  5.2324529e-12  5.23245e-12  5.23245e-12  6.70392e-19
2.466662699e+00  5.1957316e-12  5.19573e-12  5.19573e-12  7.37173e-19
2.478996012e+00  5.1591821e-12  5.15918e-12  5.15918e-12  8.10062e-19
2.491390992e+00  5.1228563e-12  5.12286e-12  5.12286e-12  8.77548e-19
2.503847947e+00  5.0866517e-12  5.08665e-12  5.08665e-12  9.63224e-19
2.516367187e+00  5.0506204e-12  5.05062e-12  5.05062e-12  1.05657e-18
2.528949023e+00  5.0147630e-12  5.01476e-12  5.01476e-12  1.15822e-18
2.541593768e+00  4.9790798e-12  4.97908e-12  4.97908e-12  1.26884e-18
2.554301737e+00  4.9435712e-12  4.94357e-12  4.94357e-12  1.38915e-18
2.567073246e+00  4.9082376e-12  4.90824e-12  4.90824e-12  1.51991e-18
2.579908612e+00  4.8730793e-12  4.87308e-12  4.87308e-12  1.66195e-18
2.592808155e+00  4.8380966e-12  4.83810e-12  4.83809e-12  1.81615e-18
2.605772196e+00  4.8032899e-12  4.80329e-12  4.80329e-12  1.98345e-18
2.618801057e+00  4.7686594e-12  4.76866e-12  4.76866e-12  2.16487e-18
2.631895062e+00  4.7342054e-12  4.73421e-12  4.73420e-12  2.36147e-18
2.645054537e+00  4.6999282e-12  4.69993e-12  4.69993e-12  2.57442e-18
2.658279810e+00  4.6658278e-12  4.66583e-12  4.66582e-12  2.80493e-18
2.671571209e+00  4.6319045e-12  4.63190e-12  4.63190e-12  3.05431e-18
2.684929065e+00  4.5981125e-12  4.59811e-12  4.59811e-12  3.36173e-18
2.698353710e+00  4.5645442e-12  4.56454e-12  4.56454e-12  3.65598e-18
2.711845479e+00  4.5311535e-12  4.53115e-12  4.53115e-12  3.97376e-18
2.725404706e+00  4.4979404e-12  4.49794e-12  4.49794e-12  4.31677e-18
2.739031730e+00  4.4649050e-12  4.46490e-12  4.46490e-12  4.68681e-18
2.752726889e+00  4.4320473e-12  4.43205e-12  4.43204e-12  5.08579e-18
2.766490523e+00  4.3993235e-12  4.39932e-12  4.39932e-12  5.57382e-18
2.780322976e+00  4.3668218e-12  4.36682e-12  4.36682e-12  6.04114e-18
2.794224591e+00  4.3344980e-12  4.33450e-12  4.33449e-12  6.54418e-18
2.808195713e+00  4.3023520e-12  4.30235e-12  4.30234e-12  7.08538e-18
2.822236692e+00  4.2703411e-12  4.27034e-12  4.27033e-12  7.74402e-18
2.836347875e+00  4.2385509e-12  4.23855e-12  4.23854e-12  8.37492e-18
2.850529615e+00  4.2069384e-12  4.20694e-12  4.20693e-12  9.05260e-18
2.864782263e+00  4.1754618e-12  4.17546e-12  4.17545e-12  9.87419e-18
2.879106174e+00  4.1442047e-12  4.14420e-12  4.14419e-12  1.06614e-17
2.893501705e+00  4.1131250e-12  4.11312e-12  4.11311e-12  1.15057e-17
2.907969214e+00  4.0821817e-12  4.08218e-12  4.08217e-12  1.25256e-17
2.922509060e+00  4.0514566e-12  4.05146e-12  4.05144e-12  1.35031e-17
2.937121605e+00  4.0208683e-12  4.02087e-12  4.02085e-12  1.46808e-17
2.951807213e+00  3.9904971e-12  3.99050e-12  3.99048e-12  1.58099e-17
2.966566249e+00  3.9602630e-12  3.96026e-12  3.96025e-12  1.71670e-17
2.981399080e+00  3.9302450e-12  3.93025e-12  3.93023e-12  1.84683e-17
2.996306076e+00  3.9003643e-12  3.90036e-12  3.90034e-12  2.00287e-17
3.011287606e+00  3.8706600e-12  3.87066e-12  3.87064e-12  2.17061e-17
3.026344044e+00  3.8411702e-12  3.84117e-12  3.84115e-12  2.33157e-17
3.041475764e+00  3.8118177e-12  3.81182e-12  3.81179e-12  2.52383e-17
3.056683143e+00  3.7826409e-12  3.78264e-12  3.78261e-12  2.73016e-17
3.071966559e+00  3.7536769e-12  3.75368e-12  3.75365e-12  2.92823e-17
3.087326392e+00  3.7248503e-12  3.72485e-12  3.72482e-12  3.16399e-17
3.102763024e+00  3.6961984e-12  3.69620e-12  3.69616e-12  3.41659e-17
3.118276839e+00  3.6677209e-12  3.66772e-12  3.66768e-12  3.68708e-17
3.133868223e+00  3.6394536e-12  3.63945e-12  3.63941e-12  3.94690e-17
3.149537564e+00  3.6113236e-12  3.61132e-12  3.61128e-12  4.25472e-17
3.165285252e+00  3.5833670e-12  3.58337e-12  3.58332e-12  4.58383e-17
3.181111678e+00  3.5555833e-12  3.55558e-12  3.55553e-12  4.93550e-17
3.197017237e+00  3.5279722e-12  3.52797e-12  3.52792e-12  5.31109e-17
3.213002323e+00  3.5005333e-12  3.50053e-12  3.50048e-12  5.71201e-17
3.229067334e+00  3.4732662e-12  3.47327e-12  3.47320e-12  6.13973e-17
3.245212671e+00  3.4461704e-12  3.44617e-12  3.44610e-12  6.59583e-17
3.261438734e+00  3.4192456e-12  3.41925e-12  3.41917e-12  7.08193e-17
3.277745928e+00  3.3924578e-12  3.39246e-12  3.39238e-12  7.65006e-17
3.294134658e+00  3.3658738e-12  3.36587e-12  3.36579e-12  8.20432e-17
3.310605331e+00  3.3394594e-12  3.33946e-12  3.33937e-12  8.79410e-17
3.327158358e+00  3.3132142e-12  3.31321e-12  3.31312e-12  9.42138e-17
3.343794149e+00  3.2871376e-12  3.28714e-12  3.28704e-12  1.00882e-16
3.360513120e+00  3.2611973e-12  3.26120e-12  3.26109e-12  1.08634e-16
3.377315686e+00  3.2354569e-12  3.23546e-12  3.23534e-12  1.16197e-16
3.394202264e+00  3.2098523e-12  3.20985e-12  3.20973e-12  1.24968e-16
3.411173276e+00  3.1844462e-12  3.18445e-12  3.18431e-12  1.33527e-16
3.428229142e+00  3.1591755e-12  3.15918e-12  3.15903e-12  1.43432e-16
3.445370288e+00  3.1341015e-12  3.13410e-12  3.13395e-12  1.53098e-16
3.462597139e+00  3.1091625e-12  3.10916e-12  3.10900e-12  1.64261e-16
3.479910125e+00  3.0843888e-12  3.08439e-12  3.08421e-12  1.76128e-16
3.497309675e+00  3.0597798e-12  3.05978e-12  3.05959e-12  1.88736e-16
3.514796224e+00  3.0353350e-12  3.03533e-12  3.03513e-12  2.02125e-16
3.532370205e+00  3.0110828e-12  3.01108e-12  3.01087e-12  2.15197e-16
3.550032056e+00  2.9869644e-12  2.98696e-12  2.98673e-12  2.30211e-16
3.567782216e+00  2.9630086e-12  2.96301e-12  2.96276e-12  2.46132e-16
3.585621127e+00  2.9392147e-12  2.93921e-12  2.93895e-12  2.63004e-16
3.603549233e+00  2.9155823e-12  2.91558e-12  2.91530e-12  2.80876e-16
3.621566979e+00  2.8920833e-12  2.89208e-12  2.89178e-12  3.01267e-16
3.639674814e+00  2.8687724e-12  2.86877e-12  2.86845e-12  3.21366e-16
3.657873188e+00  2.8456212e-12  2.84562e-12  2.84528e-12  3.42624e-16
3.676162554e+00  2.8226292e-12  2.82263e-12  2.82226e-12  3.65096e-16
3.694543367e+00  2.7997695e-12  2.79977e-12  2.79938e-12  3.90633e-16
3.713016084e+00  2.7770685e-12  2.77707e-12  2.77665e-12  4.17682e-16
3.731581164e+00  2.7545512e-12  2.75455e-12  2.75411e-12  4.44343e-16
3.750239070e+00  2.7321655e-12  2.73217e-12  2.73169e-12  4.74545e-16
3.768990265e+00  2.7099366e-12  2.70994e-12  2.70943e-12  5.06486e-16
3.787835216e+00  2.6878888e-12  2.68789e-12  2.68735e-12  5.37969e-16
3.806774393e+00  2.6659718e-12  2.66597e-12  2.66540e-12  5.73529e-16
3.825808265e+00  2.6442099e-12  2.64421e-12  2.64360e-12  6.11081e-16
3.844937306e+00  2.6225790e-12  2.62258e-12  2.62193e-12  6.53340e-16
3.864161992e+00  2.6011261e-12  2.60113e-12  2.60043e-12  6.95278e-16
3.883482802e+00  2.5798266e-12  2.57983e-12  2.57909e-12  7.39498e-16
3.902900216e+00  2.5586574e-12  2.55866e-12  2.55787e-12  7.89114e-16
3.922414717e+00  2.5376634e-12  2.53766e-12  2.53683e-12  8.38345e-16
3.942026791e+00  2.5167992e-12  2.51680e-12  2.51591e-12  8.93477e-16
3.961736925e+00  2.4960869e-12  2.49609e-12  2.49514e-12  9.51626e-16
3.981545610e+00  2.4755470e-12  2.47555e-12  2.47454e-12  1.00932e-15
4.001453338e+00  2.4551363e-12  2.45514e-12  2.45406e-12  1.07375e-15
4.021460604e+00  2.4348757e-12  2.43488e-12  2.43373e-12  1.14160e-15
4.041567907e+00  2.4147647e-12  2.41476e-12  2.41355e-12  1.21302e-15
4.061775747e+00  2.3947830e-12  2.39478e-12  2.39349e-12  1.29246e-15
4.082084626e+00  2.3749698e-12  2.37497e-12  2.37360e-12  1.37167e-15
4.102495049e+00  2.3552857e-12  2.35529e-12  2.35383e-12  1.45961e-15
4.123007524e+00  2.3357497e-12  2.33575e-12  2.33420e-12  1.55216e-15
4.143622562e+00  2.3163614e-12  2.31636e-12  2.31471e-12  1.64953e-15
4.164340674e+00  2.2971201e-12  2.29712e-12  2.29537e-12  1.75190e-15
4.185162378e+00  2.2780255e-12  2.27803e-12  2.27617e-12  1.85949e-15
4.206088190e+00  2.2590769e-12  2.25908e-12  2.25710e-12  1.97250e-15
4.227118631e+00  2.2402575e-12  2.24026e-12  2.23816e-12  2.09715e-15
4.248254224e+00  2.2216000e-12  2.22160e-12  2.21938e-12  2.22191e-15
4.269495495e+00  2.2030715e-12  2.20307e-12  2.20071e-12  2.35928e-15
4.290842972e+00  2.1846879e-12  2.18469e-12  2.18218e-12  2.50352e-15
4.312297187e+00  2.1664342e-12  2.16643e-12  2.16377e-12  2.66196e-15
4.333858673e+00  2.1483397e-12  2.14834e-12  2.14552e-12  2.82103e-15
4.355527967e+00  2.1303751e-12  2.13038e-12  2.12738e-12  2.99543e-15
4.377305606e+00  2.1125678e-12  2.11257e-12  2.10940e-12  3.17050e-15
4.399192134e+00  2.0948777e-12  2.09488e-12  2.09151e-12  3.37038e-15
4.421188095e+00  2.0773441e-12  2.07734e-12  2.07377e-12  3.57157e-15
4.443294036e+00  2.0599535e-12  2.05995e-12  2.05617e-12  3.78237e-15
4.465510506e+00  2.0426941e-12  2.04269e-12  2.03868e-12  4.01239e-15
4.487838058e+00  2.0255779e-12  2.02558e-12  2.02132e-12  4.25343e-15
4.510277249e+00  2.0085944e-12  2.00859e-12  2.00408e-12  4.51590e-15
4.532828635e+00  1.9917641e-12  1.99176e-12  1.98698e-12  4.78060e-15
4.555492778e+00  1.9750669e-12  1.97507e-12  1.97000e-12  5.06833e-15
4.578270242e+00  1.9585127e-12  1.95851e-12  1.95314e-12  5.36956e-15
4.601161593e+00  1.9420934e-12  1.94209e-12  1.93640e-12  5.69636e-15
4.624167401e+00  1.9258177e-12  1.92582e-12  1.91978e-12  6.03849e-15
4.647288238e+00  1.9096855e-12  1.90969e-12  1.90329e-12  6.39647e-15
4.670524679e+00  1.8936904e-12  1.89369e-12  1.88691e-12  6.78375e-15
4.693877303e+00  1.8778450e-12  1.87785e-12  1.87067e-12  7.17556e-15
4.717346689e+00  1.8621377e-12  1.86214e-12  1.85454e-12  7.59876e-15
4.740933423e+00  1.8465703e-12  1.84657e-12  1.83851e-12  8.05540e-15
4.764638090e+00  1.8311480e-12  1.83115e-12  1.82262e-12  8.53279e-15
4.788461280e+00  1.8158681e-12  1.81587e-12  1.80682e-12  9.04698e-15
4.812403587e+00  1.8007346e-12  1.80073e-12  1.79115e-12  9.58439e-15
4.836465604e+00  1.7857462e-12  1.78575e-12  1.77558e-12  1.01622e-14
4.860647933e+00  1.7709057e-12  1.77091e-12  1.76014e-12  1.07659e-14
4.884951172e+00  1.7562132e-12  1.75621e-12  1.74480e-12  1.14139e-14
4.909375928e+00  1.7416703e-12  1.74167e-12  1.72958e-12  1.20906e-14
4.933922808e+00  1.7272786e-12  1.72728e-12  1.71446e-12  1.28157e-14
4.958592422e+00  1.7130384e-12  1.71304e-12  1.69947e-12  1.35726e-14
4.983385384e+00  1.6989530e-12  1.69895e-12  1.68457e-12  1.43824e-14
5.008302311e+00  1.6850249e-12  1.68502e-12  1.66978e-12  1.52481e-14
5.033343822e+00  1.6712523e-12  1.67125e-12  1.65510e-12  1.61512e-14
5.058510541e+00  1.6576412e-12  1.65764e-12  1.64053e-12  1.71151e-14
5.083803094e+00  1.6441943e-12  1.64419e-12  1.62605e-12  1.81431e-14
5.109222110e+00  1.6309076e-12  1.63091e-12  1.61169e-12  1.92149e-14
5.134768220e+00  1.6177979e-12  1.61780e-12  1.59742e-12  2.03805e-14
5.160442061e+00  1.6048530e-12  1.60485e-12  1.58326e-12  2.15956e-14
5.186244272e+00  1.5920935e-12  1.59209e-12  1.56918e-12  2.29133e-14
5.212175493e+00  1.5795149e-12  1.57951e-12  1.55520e-12  2.43132e-14
5.238236370e+00  1.5671089e-12  1.56711e-12  1.54134e-12  2.57720e-14
5.264427552e+00  1.5548893e-12  1.55489e-12  1.52757e-12  2.73195e-14
5.290749690e+00  1.5428737e-12  1.54287e-12  1.51388e-12  2.89891e-14
5.317203438e+00  1.5310544e-12  1.53105e-12  1.50030e-12  3.07578e-14
5.343789456e+00  1.5194515e-12  1.51945e-12  1.48679e-12  3.26610e-14
5.370508403e+00  1.5080385e-12  1.50804e-12  1.47340e-12  3.46427e-14
5.397360945e+00  1.4968707e-12  1.49687e-12  1.46007e-12  3.68030e-14
5.424347750e+00  1.4859021e-12  1.48590e-12  1.44685e-12  3.90517e-14
5.451469488e+00  1.4751744e-12  1.47517e-12  1.43371e-12  4.14604e-14
5.478726836e+00  1.4646961e-12  1.46470e-12  1.42066e-12  4.40373e-14
5.506120470e+00  1.4544756e-12  1.45448e-12  1.40768e-12  4.67911e-14
5.533651072e+00  1.4445453e-12  1.44455e-12  1.39478e-12  4.97683e-14
5.561319328e+00  1.4348189e-12  1.43482e-12  1.38199e-12  5.28263e-14
5.589125924e+00  1.4254247e-12  1.42542e-12  1.36926e-12  5.61637e-14
5.617071554e+00  1.4162710e-12  1.41627e-12  1.35664e-12  5.96333e-14
5.645156912e+00  1.4075019e-12  1.40750e-12  1.34405e-12  6.34482e-14
5.673382696e+00  1.3990500e-12  1.39905e-12  1.33155e-12  6.74994e-14
5.701749610e+00  1.3909568e-12  1.39096e-12  1.31912e-12  7.18417e-14
5.730258358e+00  1.3832046e-12  1.38320e-12  1.30676e-12  7.64442e-14
5.758909650e+00  1.3758717e-12  1.37587e-12  1.29446e-12  8.14113e-14
5.787704198e+00  1.3689077e-12  1.36891e-12  1.28224e-12  8.66661e-14
5.816642719e+00  1.3623244e-12  1.36232e-12  1.27010e-12  9.22206e-14
5.845725932e+00  1.3562468e-12  1.35625e-12  1.25801e-12  9.82382e-14
5.874954562e+00  1.3506609e-12  1.35066e-12  1.24597e-12  1.04691e-13
5.904329335e+00  1.3455475e-12  1.34555e-12  1.23400e-12  1.11548e-13
5.933850982e+00  1.3408825e-12  1.34088e-12  1.22211e-12  1.18771e-13
5.963520237e+00  1.3366793e-12  1.33668e-12  1.21031e-12  1.26374e-13
5.993337838e+00  1.3330865e-12  1.33309e-12  1.19854e-12  1.34542e-13
6.023304527e+00  1.3300390e-12  1.33004e-12  1.18685e-12  1.43187e-13
6.053421050e+00  1.3275561e-12  1.32756e-12  1.17523e-12  1.52325e-13
6.083688155e+00  1.3255585e-12  1.32556e-12  1.16370e-12  1.61855e-13
6.114106596e+00  1.3239544e-12  1.32395e-12  1.15229e-12  1.71662e-13
6.144677129e+00  1.3228504e-12  1.32285e-12  1.14097e-12  1.81876e-13
6.175400514e+00  1.3219855e-12  1.32199e-12  1.12981e-12  1.92179e-13
6.206277517e+00  1.3214017e-12  1.32140e-12  1.11878e-12  2.02626e-13
6.237308904e+00  1.3198216e-12  1.31982e-12  1.10813e-12  2.11691e-13
6.268495449e+00  1.3176573e-12  1.31766e-12  1.09776e-12  2.19895e-13
6.299837926e+00  1.3139144e-12  1.31391e-12  1.08783e-12  2.26083e-13
6.331337116e+00  1.3053571e-12  1.30536e-12  1.07888e-12  2.26481e-13
6.362993801e+00  1.2921438e-12  1.29214e-12  1.07077e-12  2.21374e-13
6.394808770e+00  1.2668583e-12  1.26686e-12  1.06465e-12  2.02205e-13
6.426782814e+00  1.2302349e-12  1.23023e-12  1.06020e-12  1.70034e-13
6.458916728e+00  1.1906540e-12  1.19065e-12  1.05595e-12  1.34701e-13
6.491211312e+00  1.1767727e-12  1.17677e-12  1.04764e-12  1.29137e-13
6.523667368e+00  1.1735289e-12  1.17353e-12  1.03782e-12  1.35713e-13
6.556285705e+00  1.1797157e-12  1.17972e-12  1.02682e-12  1.52898e-13
6.589067134e+00  1.1979690e-12  1.19797e-12  1.01441e-12  1.83554e-13
6.622012469e+00  1.2265268e-12  1.22653e-12  1.00099e-12  2.25541e-13
6.655122532e+00  1.2660737e-12  1.26607e-12  9.86561e-13  2.79512e-13
6.688398144e+00  1.3294837e-12  1.32948e-12  9.69697e-13  3.59786e-13
6.721840135e+00  1.4139934e-12  1.41399e-12  9.50972e-13  4.63021e-13
6.755449336e+00  1.5192564e-12  1.51926e-12  9.30628e-13  5.88629e-13
6.789226583e+00  1.6636748e-12  1.66367e-12  9.06827e-13  7.56848e-13
6.823172715e+00  1.8274445e-12  1.82744e-12  8.82030e-13  9.45414e-13
6.857288579e+00  2.0045064e-12  2.00451e-12  8.56994e-13  1.14751e-12
6.891575022e+00  2.1833978e-12  2.18340e-12  8.32924e-13  1.35047e-12
6.926032897e+00  2.3533588e-12  2.35336e-12  8.10814e-13  1.54255e-12
6.960663062e+00  2.5243034e-12  2.52430e-12  7.89592e-13  1.73471e-12
6.995466377e+00  2.7027789e-12  2.70278e-12  7.68617e-13  1.93416e-12
7.030443709e+00  2.9903794e-12  2.99038e-12  7.38930e-13  2.25145e-12
7.065595927e+00  3.5187260e-12  3.51873e-12  6.90058e-13  2.82867e-12
7.100923907e+00  4.3490572e-12  4.34906e-12  6.18643e-13  3.73041e-12
7.136428526e+00  5.6102621e-12  5.61026e-12  5.16328e-13  5.09393e-12
7.172110669e+00  6.5772201e-12  6.57722e-12  4.42772e-13  6.13445e-12
7.207971222e+00  7.2561786e-12  7.25618e-12  3.95205e-13  6.86097e-12
7.244011079e+00  7.5978240e-12  7.59782e-12  3.75185e-13  7.22264e-12
7.280231134e+00  7.6120735e-12  7.61207e-12  3.79746e-13  7.23233e-12
7.316632290e+00  7.4581916e-12  7.45819e-12  3.95721e-13  7.06247e-12
7.353215451e+00  7.1661979e-12  7.16620e-12  4.20106e-13  6.74609e-12
7.389981528e+00  6.7619838e-12  6.76198e-12  4.50463e-13  6.31152e-12
7.426931436e+00  6.3056409e-12  6.30564e-12  4.82395e-13  5.82325e-12
7.464066093e+00  5.8441073e-12  5.84411e-12  5.12785e-13  5.33132e-12
7.501386424e+00  5.3923720e-12  5.39237e-12  5.40788e-13  4.85158e-12
7.538893356e+00  4.9637464e-12  4.96375e-12  5.65755e-13  4.39799e-12
7.576587822e+00  4.5775882e-12  4.57759e-12  5.86765e-13  3.99082e-12
7.614470762e+00  4.2285327e-12  4.22853e-12  6.04387e-13  3.62415e-12
7.652543115e+00  3.9126941e-12  3.91269e-12  6.19064e-13  3.29363e-12
7.690805831e+00  3.6251844e-12  3.62518e-12  6.31254e-13  2.99393e-12
7.729259860e+00  3.3850262e-12  3.38503e-12  6.40137e-13  2.74489e-12
7.767906159e+00  3.1677198e-12  3.16772e-12  6.47182e-13  2.52054e-12
7.806745690e+00  2.9693831e-12  2.96938e-12  6.52703e-13  2.31668e-12
7.845779419e+00  2.7886239e-12  2.78862e-12  6.56868e-13  2.13176e-12
7.885008316e+00  2.6347549e-12  2.63475e-12  6.59330e-13  1.97543e-12
7.924433357e+00  2.4945774e-12  2.49458e-12  6.60808e-13  1.83377e-12
7.964055524e+00  2.3671593e-12  2.36716e-12  6.61409e-13  1.70575e-12
8.003875802e+00  2.2523013e-12  2.25230e-12  6.61199e-13  1.59110e-12
8.043895181e+00  2.1487291e-12  2.14873e-12  6.60287e-13  1.48844e-12
8.084114657e+00  2.0541854e-12  2.05419e-12  6.58812e-13  1.39537e-12
8.124535230e+00  1.9706275e-12  1.97063e-12  6.56733e-13  1.31389e-12
8.165157906e+00  1.8940462e-12  1.89405e-12  6.54249e-13  1.23980e-12
8.205983696e+00  1.8226918e-12  1.82269e-12  6.51454e-13  1.17124e-12
8.247013614e+00  1.7563419e-12  1.75634e-12  6.48377e-13  1.10796e-12
8.288248682e+00  1.6958617e-12  1.69586e-12  6.45006e-13  1.05086e-12
8.329689926e+00  1.6400742e-12  1.64007e-12  6.41403e-13  9.98671e-13
8.371338375e+00  1.5890595e-12  1.58906e-12  6.37582e-13  9.51477e-13
8.413195067e+00  1.5409466e-12  1.54095e-12  6.33622e-13  9.07324e-13
8.455261042e+00  1.4961105e-12  1.49611e-12  6.29521e-13  8.66589e-13
8.497537348e+00  1.4543399e-12  1.45434e-12  6.25296e-13  8.29044e-13
8.540025034e+00  1.4154026e-12  1.41540e-12  6.20964e-13  7.94439e-13
8.582725160e+00  1.3786357e-12  1.37864e-12  6.16554e-13  7.62082e-13
8.625638785e+00  1.3445808e-12  1.34458e-12  6.12056e-13  7.32525e-13
8.668766979e+00  1.3119065e-12  1.31191e-12  6.07517e-13  7.04390e-13
8.712110814e+00  1.2817661e-12  1.28177e-12  6.02908e-13  6.78858e-13
8.755671368e+00  1.2527746e-12  1.25277e-12  5.98275e-13  6.54500e-13
8.799449725e+00  1.2256598e-12  1.22566e-12  5.93600e-13  6.32060e-13
8.843446974e+00  1.2000744e-12  1.20007e-12  5.88898e-13  6.11176e-13
8.887664209e+00  1.1749764e-12  1.17498e-12  5.84200e-13  5.90776e-13
8.932102530e+00  1.1517679e-12  1.15177e-12  5.79471e-13  5.72297e-13
8.976763042e+00  1.1298482e-12  1.12985e-12  5.74730e-13  5.55118e-13
9.021646857e+00  1.1085834e-12  1.10858e-12  5.69997e-13  5.38587e-13
9.066755092e+00  1.0884843e-12  1.08848e-12  5.65259e-13  5.23225e-13
9.112088867e+00  1.0693692e-12  1.06937e-12  5.60523e-13  5.08846e-13
9.157649312e+00  1.0510456e-12  1.05105e-12  5.55797e-13  4.95249e-13
9.203437558e+00  1.0330663e-12  1.03307e-12  5.51091e-13  4.81975e-13
9.249454746e+00  1.0161945e-12  1.01619e-12  5.46389e-13  4.69805e-13
9.295702020e+00  9.9998047e-13  9.99980e-13  5.41703e-13  4.58277e-13
9.342180530e+00  9.8445655e-13  9.84457e-13  5.37033e-13  4.47423e-13
9.388891432e+00  9.6914561e-13  9.69146e-13  5.32391e-13  4.36755e-13
9.435835890e+00  9.5483592e-13  9.54836e-13  5.27759e-13  4.27077e-13
9.483015069e+00  9.4078753e-13  9.40788e-13  5.23156e-13  4.17632e-13
9.530430144e+00  9.2727937e-13  9.27279e-13  5.18574e-13  4.08705e-13
9.578082295e+00  9.1407002e-13  9.14070e-13  5.14021e-13  4.00049e-13
9.625972707e+00  9.0144390e-13  9.01444e-13  5.09490e-13  3.91954e-13
9.674102570e+00  8.8915419e-13  8.89154e-13  5.04986e-13  3.84168e-13
9.722473083e+00  8.7749071e-13  8.77491e-13  5.00506e-13  3.76985e-13
9.771085448e+00  8.6592473e-13  8.65925e-13  4.96058e-13  3.69866e-13
9.819940876e+00  8.5502251e-13  8.55023e-13  4.91634e-13  3.63389e-13
9.869040580e+00  8.4452632e-13  8.44526e-13  4.87237e-13  3.57289e-13
9.918385783e+00  8.3416767e-13  8.34168e-13  4.82873e-13  3.51295e-13
9.967977712e+00  8.2395453e-13  8.23955e-13  4.78541e-13  3.45413e-13
1.001781760e+01  8.1476424e-13  8.14764e-13  4.74228e-13  3.40536e-13
1.006790669e+01  8.0516640e-13  8.05166e-13  4.69956e-13  3.35210e-13
1.011824622e+01  7.9574326e-13  7.95743e-13  4.65717e-13  3.30026e-13
1.016883745e+01  7.8709806e-13  7.87098e-13  4.61501e-13  3.25598e-13
1.021968164e+01  7.7865381e-13  7.78654e-13  4.57316e-13  3.21338e-13
1.027078005e+01  7.7011552e-13  7.70116e-13  4.53168e-13  3.16948e-13
1.032213395e+01  7.6209409e-13  7.62094e-13  4.49047e-13  3.13047e-13
1.037374462e+01  7.5398908e-13  7.53989e-13  4.44962e-13  3.09027e-13
1.042561334e+01  7.4549007e-13  7.45490e-13  4.40917e-13  3.04573e-13
1.047774141e+01  7.3815484e-13  7.38155e-13  4.36890e-13  3.01265e-13
1.053013012e+01  7.3075158e-13  7.30752e-13  4.32898e-13  2.97854e-13
1.058278077e+01  7.2359843e-13  7.23598e-13  4.28937e-13  2.94662e-13
1.063569467e+01  7.1670297e-13  7.16703e-13  4.25006e-13  2.91697e-13
1.068887314e+01  7.1007275e-13  7.10073e-13  4.21106e-13  2.88966e-13
1.074231751e+01  7.0338975e-13  7.03390e-13  4.17241e-13  2.86149e-13
1.079602910e+01  6.9698196e-13  6.96982e-13  4.13405e-13  2.83577e-13
1.085000924e+01  6.9085675e-13  6.90857e-13  4.09600e-13  2.81257e-13
1.090425929e+01  6.8468872e-13  6.84689e-13  4.05828e-13  2.78861e-13
1.095878058e+01  6.7881301e-13  6.78813e-13  4.02085e-13  2.76728e-13
1.101357449e+01  6.7323680e-13  6.73237e-13  3.98372e-13  2.74865e-13
1.106864236e+01  6.6762743e-13  6.67627e-13  3.94692e-13  2.72935e-13
1.112398557e+01  6.6232702e-13  6.62327e-13  3.91041e-13  2.71286e-13
1.117960550e+01  6.5699815e-13  6.56998e-13  3.87422e-13  2.69576e-13
1.123550353e+01  6.5164085e-13  6.51641e-13  3.83836e-13  2.67805e-13
1.129168104e+01  6.4660409e-13  6.46604e-13  3.80278e-13  2.66326e-13
1.134813945e+01  6.4189466e-13  6.41895e-13  3.76748e-13  2.65146e-13
1.140488015e+01  6.3681248e-13  6.36812e-13  3.73254e-13  2.63559e-13
1.146190455e+01  6.3206210e-13  6.32062e-13  3.69787e-13  2.62275e-13
1.151921407e+01  6.2800780e-13  6.28008e-13  3.66344e-13  2.61664e-13
1.157681014e+01  6.2358288e-13  6.23583e-13  3.62935e-13  2.60648e-13
1.163469419e+01  6.1950485e-13  6.19505e-13  3.59554e-13  2.59951e-13
1.169286766e+01  6.1541591e-13  6.15416e-13  3.56203e-13  2.59213e-13
1.175133200e+01  6.1168216e-13  6.11682e-13  3.52879e-13  2.58803e-13
1.181008866e+01  6.0757326e-13  6.07573e-13  3.49588e-13  2.57985e-13
1.186913910e+01  6.0419376e-13  6.04194e-13  3.46320e-13  2.57874e-13
1.192848480e+01  6.0081114e-13  6.00811e-13  3.43082e-13  2.57729e-13
1.198812722e+01  5.9705104e-13  5.97051e-13  3.39876e-13  2.57175e-13
1.204806786e+01  5.9403595e-13  5.94036e-13  3.36693e-13  2.57343e-13
1.210830820e+01  5.9102120e-13  5.91021e-13  3.33538e-13  2.57483e-13
1.216884974e+01  5.8838656e-13  5.88387e-13  3.30409e-13  2.57977e-13
1.222969399e+01  5.8575561e-13  5.85756e-13  3.27309e-13  2.58447e-13
1.229084246e+01  5.8274435e-13  5.82744e-13  3.24239e-13  2.58505e-13
1.235229667e+01  5.8050370e-13  5.80504e-13  3.21192e-13  2.59312e-13
1.241405815e+01  5.7865693e-13  5.78657e-13  3.18169e-13  2.60488e-13
1.247612845e+01  5.7681992e-13  5.76820e-13  3.15173e-13  2.61647e-13
1.253850909e+01  5.7499228e-13  5.74992e-13  3.12205e-13  2.62787e-13
1.260120163e+01  5.7395875e-13  5.73959e-13  3.09258e-13  2.64701e-13
1.266420764e+01  5.7254633e-13  5.72546e-13  3.06341e-13  2.66206e-13
1.272752868e+01  5.7193722e-13  5.71937e-13  3.03444e-13  2.68493e-13
1.279116632e+01  5.7174322e-13  5.71743e-13  3.00571e-13  2.71172e-13
1.285512215e+01  5.7156940e-13  5.71569e-13  2.97725e-13  2.73845e-13
1.291939776e+01  5.7221646e-13  5.72216e-13  2.94898e-13  2.77318e-13
1.298399475e+01  5.7409523e-13  5.74095e-13  2.92089e-13  2.82006e-13
1.304891473e+01  5.7641097e-13  5.76411e-13  2.89304e-13  2.87107e-13
1.311415930e+01  5.7997753e-13  5.79978e-13  2.86535e-13  2.93443e-13
1.317973010e+01  5.8480681e-13  5.84807e-13  2.83783e-13  3.01023e-13
1.324562875e+01  5.9213460e-13  5.92135e-13  2.81041e-13  3.11094e-13
1.331185689e+01  6.0239386e-13  6.02394e-13  2.78304e-13  3.24090e-13
1.337841618e+01  6.1766558e-13  6.17666e-13  2.75560e-13  3.42106e-13
1.344530826e+01  6.3758287e-13  6.37583e-13  2.72812e-13  3.64771e-13
1.351253480e+01  6.6259857e-13  6.62599e-13  2.70058e-13  3.92540e-13
1.358009747e+01  7.0810225e-13  7.08102e-13  2.67199e-13  4.40903e-13
1.364799796e+01  7.8716995e-13  7.87170e-13  2.64155e-13  5.23015e-13
1.371623795e+01  8.9173835e-13  8.91738e-13  2.60985e-13  6.30753e-13
1.378481914e+01  1.1019345e-12  1.10193e-12  2.57192e-13  8.44742e-13
1.385374323e+01  1.6007347e-12  1.60073e-12  2.51666e-13  1.34907e-12
1.392301195e+01  2.8280224e-12  2.82802e-12  2.41779e-13  2.58624e-12
1.399262701e+01  8.4229952e-12  8.42300e-12  2.05687e-13  8.21731e-12
1.406259015e+01  1.4396374e-11  1.43964e-11  1.68164e-13  1.42282e-11
1.413290310e+01  5.5288819e-12  5.52888e-12  2.19103e-13  5.30978e-12
1.420356761e+01  2.3898663e-12  2.38987e-12  2.35395e-13  2.15447e-12
1.427458545e+01  1.4182483e-12  1.41825e-12  2.38778e-13  1.17947e-12
1.434595838e+01  1.0197860e-12  1.01979e-12  2.38786e-13  7.81000e-13
1.441768817e+01  8.4459075e-13  8.44591e-13  2.37503e-13  6.07087e-13
1.448977661e+01  7.4409344e-13  7.44093e-13  2.35804e-13  5.08290e-13
1.456222549e+01  6.8871289e-13  6.88713e-13  2.33864e-13  4.54849e-13
1.463503662e+01  6.4473024e-13  6.44730e-13  2.31875e-13  4.12855e-13
1.470821180e+01  6.2041456e-13  6.20415e-13  2.29797e-13  3.90618e-13
1.478175286e+01  5.9989714e-13  5.99897e-13  2.27716e-13  3.72182e-13
1.485566163e+01  5.8666437e-13  5.86664e-13  2.25614e-13  3.61050e-13
1.492993994e+01  5.7295437e-13  5.72954e-13  2.23533e-13  3.49421e-13
1.500458964e+01  5.6441085e-13  5.64411e-13  2.21445e-13  3.42966e-13
1.507961258e+01  5.5627718e-13  5.56277e-13  2.19373e-13  3.36904e-13
1.515501065e+01  5.5073340e-13  5.50733e-13  2.17307e-13  3.33426e-13
1.523078570e+01  5.4517552e-13  5.45176e-13  2.15260e-13  3.29915e-13
1.530693963e+01  5.4178685e-13  5.41787e-13  2.13221e-13  3.28566e-13
1.538347433e+01  5.3839074e-13  5.38391e-13  2.11201e-13  3.27190e-13
1.546039170e+01  5.3586256e-13  5.35863e-13  2.09196e-13  3.26667e-13
1.553769366e+01  5.3376733e-13  5.33767e-13  2.07207e-13  3.26561e-13
1.561538212e+01  5.3166801e-13  5.31668e-13  2.05236e-13  3.26432e-13
1.569345903e+01  5.3044233e-13  5.30442e-13  2.03280e-13  3.27163e-13
1.577192633e+01  5.2921408e-13  5.29214e-13  2.01341e-13  3.27873e-13
1.585078596e+01  5.2842268e-13  5.28423e-13  1.99419e-13  3.29003e-13
1.593003989e+01  5.2806896e-13  5.28069e-13  1.97513e-13  3.30556e-13
1.600969009e+01  5.2727309e-13  5.27273e-13  1.95627e-13  3.31646e-13
1.608973854e+01  5.2735543e-13  5.27355e-13  1.93754e-13  3.33601e-13
1.617018723e+01  5.2787645e-13  5.27876e-13  1.91897e-13  3.35979e-13
1.625103817e+01  5.2795449e-13  5.27954e-13  1.90060e-13  3.37895e-13
1.633229336e+01  5.2802966e-13  5.28030e-13  1.88239e-13  3.39790e-13
1.641395483e+01  5.2898412e-13  5.28984e-13  1.86432e-13  3.42552e-13
1.649602460e+01  5.2949405e-13  5.29494e-13  1.84644e-13  3.44850e-13
1.657850473e+01  5.3000013e-13  5.30000e-13  1.82872e-13  3.47128e-13
1.666139725e+01  5.3138501e-13  5.31385e-13  1.81114e-13  3.50271e-13
1.674470424e+01  5.3188213e-13  5.31882e-13  1.79375e-13  3.52507e-13
1.682842776e+01  5.3281563e-13  5.32816e-13  1.77652e-13  3.55164e-13
1.691256990e+01  5.3462666e-13  5.34627e-13  1.75940e-13  3.58686e-13
1.699713274e+01  5.3554826e-13  5.35548e-13  1.74249e-13  3.61299e-13
1.708211841e+01  5.3646316e-13  5.36463e-13  1.72573e-13  3.63890e-13
1.716752900e+01  5.3869507e-13  5.38695e-13  1.70908e-13  3.67787e-13
1.725336665e+01  5.4003606e-13  5.40036e-13  1.69263e-13  3.70773e-13
1.733963348e+01  5.4136859e-13  5.41369e-13  1.67632e-13  3.73736e-13
1.742633165e+01  5.4357401e-13  5.43574e-13  1.66014e-13  3.77560e-13
1.751346330e+01  5.4620988e-13  5.46210e-13  1.64410e-13  3.81800e-13
1.760103062e+01  5.4883433e-13  5.48834e-13  1.62820e-13  3.86014e-13
1.768903577e+01  5.5056607e-13  5.50566e-13  1.61249e-13  3.89317e-13
1.777748095e+01  5.5184605e-13  5.51846e-13  1.59695e-13  3.92151e-13
1.786636836e+01  5.5443341e-13  5.54433e-13  1.58150e-13  3.96283e-13
1.795570020e+01  5.5744601e-13  5.57446e-13  1.56619e-13  4.00827e-13
1.804547870e+01  5.6000407e-13  5.60004e-13  1.55103e-13  4.04901e-13
1.813570609e+01  5.6210797e-13  5.62108e-13  1.53604e-13  4.08504e-13
1.822638462e+01  5.6375826e-13  5.63758e-13  1.52120e-13  4.11638e-13
1.831751655e+01  5.6714477e-13  5.67145e-13  1.50644e-13  4.16501e-13
1.840910413e+01  5.7051212e-13  5.70512e-13  1.49183e-13  4.21330e-13
1.850114965e+01  5.7385956e-13  5.73860e-13  1.47735e-13  4.26125e-13
1.859365540e+01  5.7718633e-13  5.77186e-13  1.46301e-13  4.30886e-13
1.868662368e+01  5.8092762e-13  5.80928e-13  1.44879e-13  4.36049e-13
1.878005679e+01  5.8290429e-13  5.82904e-13  1.43477e-13  4.39428e-13
1.887395708e+01  5.8529630e-13  5.85296e-13  1.42086e-13  4.43210e-13
1.896832686e+01  5.8896982e-13  5.88970e-13  1.40704e-13  4.48265e-13
1.906316850e+01  5.9218444e-13  5.92184e-13  1.39337e-13  4.52847e-13
1.915848434e+01  5.9667322e-13  5.96673e-13  1.37979e-13  4.58694e-13
1.925427676e+01  6.0026803e-13  6.00268e-13  1.36637e-13  4.63631e-13
1.935054815e+01  6.0426704e-13  6.04267e-13  1.35306e-13  4.68961e-13
1.944730089e+01  6.0823652e-13  6.08237e-13  1.33988e-13  4.74249e-13
1.954453739e+01  6.1217576e-13  6.12176e-13  1.32682e-13  4.79493e-13
1.964226008e+01  6.1694306e-13  6.16943e-13  1.31387e-13  4.85556e-13
1.974047138e+01  6.2081818e-13  6.20818e-13  1.30106e-13  4.90712e-13
1.983917374e+01  6.2551687e-13  6.25517e-13  1.28835e-13  4.96682e-13
1.993836960e+01  6.2975217e-13  6.29752e-13  1.27578e-13  5.02174e-13
2.003806145e+01  6.3437847e-13  6.34378e-13  1.26331e-13  5.08047e-13
2.013825176e+01  6.3854154e-13  6.38542e-13  1.25098e-13  5.13444e-13
2.023894302e+01  6.4309255e-13  6.43093e-13  1.23875e-13  5.19218e-13
2.034013773e+01  6.4760443e-13  6.47604e-13  1.22664e-13  5.24941e-13
2.044183842e+01  6.5249940e-13  6.52499e-13  1.21463e-13  5.31036e-13
2.054404761e+01  6.5735206e-13  6.57352e-13  1.20274e-13  5.37078e-13
2.064676785e+01  6.6216169e-13  6.62162e-13  1.19096e-13  5.43065e-13
2.075000169e+01  6.6692760e-13  6.66928e-13  1.17930e-13  5.48998e-13
2.085375170e+01  6.7164911e-13  6.71649e-13  1.16775e-13  5.54874e-13
2.095802046e+01  6.7841655e-13  6.78417e-13  1.15625e-13  5.62791e-13
2.106281056e+01  6.8554553e-13  6.85546e-13  1.14485e-13  5.71060e-13
2.116812461e+01  6.9053502e-13  6.90535e-13  1.13362e-13  5.77173e-13
2.127396524e+01  6.9547538e-13  6.95475e-13  1.12250e-13  5.83225e-13
2.138033506e+01  7.0036595e-13  7.00366e-13  1.11149e-13  5.89217e-13
2.148723674e+01  7.0603223e-13  7.06032e-13  1.10056e-13  5.95977e-13
2.159467292e+01  7.1081929e-13  7.10819e-13  1.08975e-13  6.01844e-13
2.170264629e+01  7.1760912e-13  7.17609e-13  1.07900e-13  6.09709e-13
2.181115952e+01  7.2474550e-13  7.24746e-13  1.06834e-13  6.17911e-13
2.192021532e+01  7.3018111e-13  7.30181e-13  1.05783e-13  6.24398e-13
2.202981639e+01  7.3515132e-13  7.35151e-13  1.04743e-13  6.30408e-13
2.213996547e+01  7.3965904e-13  7.39659e-13  1.03714e-13  6.35945e-13
2.225066530e+01  7.4694864e-13  7.46949e-13  1.02688e-13  6.44261e-13
2.236191863e+01  7.5457087e-13  7.54571e-13  1.01671e-13  6.52900e-13
2.247372822e+01  7.5970188e-13  7.59702e-13  1.00669e-13  6.59032e-13
2.258609686e+01  7.6637853e-13  7.66379e-13  9.96739e-14  6.66705e-13
2.269902735e+01  7.7298424e-13  7.72984e-13  9.86880e-14  6.74296e-13
2.281252248e+01  7.7832101e-13  7.78321e-13  9.77148e-14  6.80606e-13
2.292658510e+01  7.8279736e-13  7.82797e-13  9.67530e-14  6.86044e-13
2.304121802e+01  7.8919673e-13  7.89197e-13  9.57956e-14  6.93401e-13
2.315642411e+01  7.9552294e-13  7.95523e-13  9.48476e-14  7.00675e-13
2.327220623e+01  8.0138141e-13  8.01381e-13  9.39097e-14  7.07472e-13
2.338856726e+01  8.0716830e-13  8.07168e-13  9.29810e-14  7.14187e-13
2.350551010e+01  8.1053444e-13  8.10534e-13  9.20670e-14  7.18467e-13
2.362303765e+01  8.1618476e-13  8.16185e-13  9.11563e-14  7.25028e-13
2.374115284e+01  8.2059590e-13  8.20596e-13  9.02572e-14  7.30339e-13
2.385985860e+01  8.2261716e-13  8.22617e-13  8.93723e-14  7.33245e-13
2.397915789e+01  8.2651982e-13  8.26520e-13  8.84915e-14  7.38028e-13
2.409905368e+01  8.2959015e-13  8.29590e-13  8.76210e-14  7.41969e-13
2.421954895e+01  8.3145281e-13  8.31453e-13  8.67616e-14  7.44691e-13
2.434064670e+01  8.3326609e-13  8.33266e-13  8.59106e-14  7.47356e-13
2.446234993e+01  8.3312698e-13  8.33127e-13  8.50721e-14  7.48055e-13
2.458466168e+01  8.3219407e-13  8.32194e-13  8.42434e-14  7.47951e-13
2.470758499e+01  8.2934260e-13  8.29343e-13  8.34269e-14  7.45916e-13
2.483112291e+01  8.2572316e-13  8.25723e-13  8.26199e-14  7.43103e-13
2.495527853e+01  8.2059476e-13  8.20595e-13  8.18239e-14  7.38771e-13
