# ------------------------------------------------------------------------
# Radiance spectrum
# NASA-GSFC Planetary Spectrum Generator (PSG) (Villanueva et al. 2018, 2022)
# Synthesized on Wed Feb 14 19:14:20 2024
# Doppler velocities [km/s] (vobs,vrot+vorb,vwidth,vrfl,vstr): 0.00000,-0.00000,0.00000,-119.41115,-0.00000
# Spectral unit: Wavelength [um]
# Radiance unit: Spectral irradiance [W/m2/um]
# Wave/freq Total Object Reflected Thermal
5.000000000e-01  2.4735015e-12  2.47350e-12  2.47350e-12  1.38350e-46
5.025000000e-01  2.4885886e-12  2.48859e-12  2.48859e-12  2.18690e-46
5.050125000e-01  2.4929759e-12  2.49298e-12  2.49298e-12  3.45568e-46
5.075375625e-01  2.5062997e-12  2.50630e-12  2.50630e-12  5.43807e-46
5.100752503e-01  2.5210711e-12  2.52107e-12  2.52107e-12  8.53505e-46
5.126256266e-01  2.5943010e-12  2.59430e-12  2.59430e-12  1.32189e-45
5.151887547e-01  2.6670301e-12  2.66703e-12  2.66703e-12  2.04296e-45
5.177646985e-01  2.7211548e-12  2.72115e-12  2.72115e-12  3.16140e-45
5.203535220e-01  2.7736201e-12  2.77362e-12  2.77362e-12  4.88282e-45
5.229552896e-01  2.8120471e-12  2.81205e-12  2.81205e-12  7.54452e-45
5.255700660e-01  2.8496229e-12  2.84962e-12  2.84962e-12  1.16330e-44
5.281979164e-01  2.8834738e-12  2.88347e-12  2.88347e-12  1.79094e-44
5.308389059e-01  2.9164432e-12  2.91644e-12  2.91644e-12  2.75154e-44
5.334931005e-01  2.9473959e-12  2.94740e-12  2.94740e-12  4.21954e-44
5.361605660e-01  2.9751594e-12  2.97516e-12  2.97516e-12  6.46015e-44
5.388413688e-01  2.9986108e-12  2.99861e-12  2.99861e-12  9.87624e-44
5.415355756e-01  3.0175523e-12  3.01755e-12  3.01755e-12  1.50773e-43
5.442432535e-01  3.0330152e-12  3.03302e-12  3.03302e-12  2.29804e-43
5.469644698e-01  3.0509420e-12  3.05094e-12  3.05094e-12  3.49337e-43
5.496992921e-01  3.0696088e-12  3.06961e-12  3.06961e-12  5.29814e-43
5.524477886e-01  3.1098279e-12  3.10983e-12  3.10983e-12  7.98857e-43
5.552100275e-01  3.1528715e-12  3.15287e-12  3.15287e-12  1.20140e-42
5.579860777e-01  3.1955047e-12  3.19550e-12  3.19550e-12  1.80309e-42
5.607760081e-01  3.2365107e-12  3.23651e-12  3.23651e-12  2.70120e-42
5.635798881e-01  3.2729674e-12  3.27297e-12  3.27297e-12  4.04125e-42
5.663977875e-01  3.3073827e-12  3.30738e-12  3.30738e-12  6.03551e-42
5.692297765e-01  3.3396117e-12  3.33961e-12  3.33961e-12  8.99834e-42
5.720759254e-01  3.3724463e-12  3.37245e-12  3.37245e-12  1.33864e-41
5.749363050e-01  3.4055129e-12  3.40551e-12  3.40551e-12  1.98725e-41
5.778109865e-01  3.4349672e-12  3.43497e-12  3.43497e-12  2.94578e-41
5.807000414e-01  3.4636340e-12  3.46363e-12  3.46363e-12  4.35822e-41
5.836035417e-01  3.4905206e-12  3.49052e-12  3.49052e-12  6.43654e-41
5.865215594e-01  3.5170601e-12  3.51706e-12  3.51706e-12  9.48709e-41
5.894541672e-01  3.5432441e-12  3.54324e-12  3.54324e-12  1.39558e-40
5.924014380e-01  3.5704551e-12  3.57046e-12  3.57046e-12  2.04847e-40
5.953634452e-01  3.5972118e-12  3.59721e-12  3.59721e-12  3.00096e-40
5.983402624e-01  3.6184754e-12  3.61848e-12  3.61848e-12  4.39128e-40
6.013319637e-01  3.6416317e-12  3.64163e-12  3.64163e-12  6.41099e-40
6.043386235e-01  3.6671228e-12  3.66712e-12  3.66712e-12  9.33769e-40
6.073603167e-01  3.6891535e-12  3.68915e-12  3.68915e-12  1.35808e-39
6.103971182e-01  3.7100314e-12  3.71003e-12  3.71003e-12  1.97165e-39
6.134491038e-01  3.7309800e-12  3.73098e-12  3.73098e-12  2.85678e-39
6.165163494e-01  3.7509597e-12  3.75096e-12  3.75096e-12  4.13178e-39
6.195989311e-01  3.7699555e-12  3.76996e-12  3.76996e-12  5.96507e-39
6.226969258e-01  3.7900581e-12  3.79006e-12  3.79006e-12  8.59372e-39
6.258104104e-01  3.8114985e-12  3.81150e-12  3.81150e-12  1.23545e-38
6.289394624e-01  3.8369588e-12  3.83696e-12  3.83696e-12  1.77165e-38
6.320841597e-01  3.8567685e-12  3.85677e-12  3.85677e-12  2.53784e-38
6.352445805e-01  3.8736360e-12  3.87364e-12  3.87364e-12  3.63005e-38
6.384208035e-01  3.8914076e-12  3.89141e-12  3.89141e-12  5.18180e-38
6.416129075e-01  3.9070588e-12  3.90706e-12  3.90706e-12  7.38522e-38
6.448209720e-01  3.9206702e-12  3.92067e-12  3.92067e-12  1.05089e-37
6.480450769e-01  3.9387899e-12  3.93879e-12  3.93879e-12  1.49163e-37
6.512853022e-01  3.9553184e-12  3.95532e-12  3.95532e-12  2.11376e-37
6.545417288e-01  3.9690193e-12  3.96902e-12  3.96902e-12  2.99104e-37
6.578144374e-01  3.9827445e-12  3.98274e-12  3.98274e-12  4.22461e-37
6.611035096e-01  3.9935969e-12  3.99360e-12  3.99360e-12  5.95840e-37
6.644090271e-01  3.9987421e-12  3.99874e-12  3.99874e-12  8.39503e-37
6.677310723e-01  4.0048613e-12  4.00486e-12  4.00486e-12  1.18049e-36
6.710697276e-01  4.0110681e-12  4.01107e-12  4.01107e-12  1.65696e-36
6.744250763e-01  4.0173681e-12  4.01737e-12  4.01737e-12  2.32151e-36
6.777972017e-01  4.0284338e-12  4.02843e-12  4.02843e-12  3.24465e-36
6.811861877e-01  4.0394108e-12  4.03941e-12  4.03941e-12  4.52686e-36
6.845921186e-01  4.0484661e-12  4.04847e-12  4.04847e-12  6.30622e-36
6.880150792e-01  4.0640989e-12  4.06410e-12  4.06410e-12  8.76176e-36
6.914551546e-01  4.0778350e-12  4.07783e-12  4.07783e-12  1.21553e-35
6.949124304e-01  4.0880331e-12  4.08803e-12  4.08803e-12  1.68417e-35
6.983869925e-01  4.1034983e-12  4.10350e-12  4.10350e-12  2.32783e-35
7.018789275e-01  4.1223016e-12  4.12230e-12  4.12230e-12  3.21051e-35
7.053883221e-01  4.1428377e-12  4.14284e-12  4.14284e-12  4.41932e-35
7.089152637e-01  4.1553765e-12  4.15538e-12  4.15538e-12  6.07931e-35
7.124598400e-01  4.1696207e-12  4.16962e-12  4.16962e-12  8.34677e-35
7.160221392e-01  4.1834610e-12  4.18346e-12  4.18346e-12  1.14412e-34
7.196022499e-01  4.1939330e-12  4.19393e-12  4.19393e-12  1.56634e-34
7.232002612e-01  4.1963758e-12  4.19638e-12  4.19638e-12  2.14301e-34
7.268162625e-01  4.2003760e-12  4.20038e-12  4.20038e-12  2.92650e-34
7.304503438e-01  4.2059503e-12  4.20595e-12  4.20595e-12  3.98899e-34
7.341025955e-01  4.2046109e-12  4.20461e-12  4.20461e-12  5.43306e-34
7.377731085e-01  4.2051941e-12  4.20519e-12  4.20519e-12  7.38586e-34
7.414619740e-01  4.2039875e-12  4.20399e-12  4.20399e-12  1.00264e-33
7.451692839e-01  4.1988111e-12  4.19881e-12  4.19881e-12  1.35956e-33
7.488951303e-01  4.1849264e-12  4.18493e-12  4.18493e-12  1.84256e-33
7.526396060e-01  4.1679770e-12  4.16798e-12  4.16798e-12  2.49404e-33
7.564028040e-01  4.1488009e-12  4.14880e-12  4.14880e-12  3.37133e-33
7.601848180e-01  4.1281223e-12  4.12812e-12  4.12812e-12  4.55068e-33
7.639857421e-01  4.0982587e-12  4.09826e-12  4.09826e-12  6.13967e-33
7.678056708e-01  4.0679622e-12  4.06796e-12  4.06796e-12  8.27055e-33
7.716446992e-01  4.0354050e-12  4.03540e-12  4.03540e-12  1.11262e-32
7.755029227e-01  3.9991141e-12  3.99911e-12  3.99911e-12  1.49506e-32
7.793804373e-01  3.9567481e-12  3.95675e-12  3.95675e-12  2.00721e-32
7.832773395e-01  3.9107488e-12  3.91075e-12  3.91075e-12  2.69168e-32
7.871937262e-01  3.8628370e-12  3.86284e-12  3.86284e-12  3.60463e-32
7.911296948e-01  3.8136342e-12  3.81363e-12  3.81363e-12  4.82029e-32
7.950853433e-01  3.7622834e-12  3.76228e-12  3.76228e-12  6.43739e-32
7.990607700e-01  3.6859001e-12  3.68590e-12  3.68590e-12  8.60829e-32
8.030560739e-01  3.6280095e-12  3.62801e-12  3.62801e-12  1.14685e-31
8.070713542e-01  3.5766658e-12  3.57667e-12  3.57667e-12  1.52439e-31
8.111067110e-01  3.5256973e-12  3.52570e-12  3.52570e-12  2.02302e-31
8.151622446e-01  3.4737510e-12  3.47375e-12  3.47375e-12  2.68093e-31
8.192380558e-01  3.4362655e-12  3.43627e-12  3.43627e-12  3.54172e-31
8.233342461e-01  3.3873892e-12  3.38739e-12  3.38739e-12  4.67779e-31
8.274509173e-01  3.3454259e-12  3.34543e-12  3.34543e-12  6.16436e-31
8.315881719e-01  3.3026695e-12  3.30267e-12  3.30267e-12  8.11204e-31
8.357461127e-01  3.2487671e-12  3.24877e-12  3.24877e-12  1.06723e-30
8.399248433e-01  3.1980728e-12  3.19807e-12  3.19807e-12  1.40150e-30
8.441244675e-01  3.1541044e-12  3.15410e-12  3.15410e-12  1.83647e-30
8.483450899e-01  3.1155087e-12  3.11551e-12  3.11551e-12  2.40157e-30
8.525868153e-01  3.0883090e-12  3.08831e-12  3.08831e-12  3.13228e-30
8.568497494e-01  3.0631404e-12  3.06314e-12  3.06314e-12  4.07868e-30
8.611339981e-01  3.0347526e-12  3.03475e-12  3.03475e-12  5.30536e-30
8.654396681e-01  3.0121671e-12  3.01217e-12  3.01217e-12  6.88713e-30
8.697668665e-01  2.9729704e-12  2.97297e-12  2.97297e-12  8.94366e-30
8.741157008e-01  2.9493604e-12  2.94936e-12  2.94936e-12  1.15793e-29
8.784862793e-01  2.9300726e-12  2.93007e-12  2.93007e-12  1.49643e-29
8.828787107e-01  2.9114791e-12  2.91148e-12  2.91148e-12  1.93111e-29
8.872931042e-01  2.8805531e-12  2.88055e-12  2.88055e-12  2.49186e-29
8.917295698e-01  2.8470753e-12  2.84708e-12  2.84708e-12  3.21195e-29
8.961882176e-01  2.8294682e-12  2.82947e-12  2.82947e-12  4.12777e-29
9.006691587e-01  2.8167071e-12  2.81671e-12  2.81671e-12  5.29502e-29
9.051725045e-01  2.7975234e-12  2.79752e-12  2.79752e-12  6.78783e-29
9.096983670e-01  2.7884488e-12  2.78845e-12  2.78845e-12  8.68100e-29
9.142468589e-01  2.7795913e-12  2.77959e-12  2.77959e-12  1.10874e-28
9.188180931e-01  2.7595726e-12  2.75957e-12  2.75957e-12  1.41586e-28
9.234121836e-01  2.7445367e-12  2.74454e-12  2.74454e-12  1.80478e-28
9.280292445e-01  2.7303568e-12  2.73036e-12  2.73036e-12  2.29737e-28
9.326693908e-01  2.7170347e-12  2.71703e-12  2.71703e-12  2.92038e-28
9.373327377e-01  2.7071916e-12  2.70719e-12  2.70719e-12  3.70629e-28
9.420194014e-01  2.6967088e-12  2.69671e-12  2.69671e-12  4.69803e-28
9.467294984e-01  2.6879570e-12  2.68796e-12  2.68796e-12  5.94656e-28
9.514631459e-01  2.6820541e-12  2.68205e-12  2.68205e-12  7.51524e-28
9.562204616e-01  2.6641969e-12  2.66420e-12  2.66420e-12  9.49747e-28
9.610015639e-01  2.6544226e-12  2.65442e-12  2.65442e-12  1.19777e-27
9.658065718e-01  2.6535786e-12  2.65358e-12  2.65358e-12  1.50731e-27
9.706356046e-01  2.6560596e-12  2.65606e-12  2.65606e-12  1.89386e-27
9.754887826e-01  2.6551681e-12  2.65517e-12  2.65517e-12  2.37744e-27
9.803662265e-01  2.6561108e-12  2.65611e-12  2.65611e-12  2.98029e-27
9.852680577e-01  2.6643168e-12  2.66432e-12  2.66432e-12  3.72867e-27
9.901943980e-01  2.6751934e-12  2.67519e-12  2.67519e-12  4.65804e-27
9.951453700e-01  2.6794886e-12  2.67949e-12  2.67949e-12  5.81598e-27
1.000121097e+00  2.6944530e-12  2.69445e-12  2.69445e-12  7.24502e-27
1.005121702e+00  2.7012431e-12  2.70124e-12  2.70124e-12  9.02206e-27
1.010147311e+00  2.7214837e-12  2.72148e-12  2.72148e-12  1.12058e-26
1.015198047e+00  2.7417609e-12  2.74176e-12  2.74176e-12  1.39015e-26
1.020274038e+00  2.7689194e-12  2.76892e-12  2.76892e-12  1.72126e-26
1.025375408e+00  2.7966959e-12  2.79670e-12  2.79670e-12  2.12856e-26
1.030502285e+00  2.8144797e-12  2.81448e-12  2.81448e-12  2.63193e-26
1.035654796e+00  2.8432452e-12  2.84325e-12  2.84325e-12  3.24671e-26
1.040833070e+00  2.8763721e-12  2.87637e-12  2.87637e-12  3.99849e-26
1.046037236e+00  2.9015889e-12  2.90159e-12  2.90159e-12  4.92278e-26
1.051267422e+00  2.9310343e-12  2.93103e-12  2.93103e-12  6.05088e-26
1.056523759e+00  2.9609363e-12  2.96094e-12  2.96094e-12  7.42848e-26
1.061806378e+00  2.9927337e-12  2.99273e-12  2.99273e-12  9.10724e-26
1.067115410e+00  3.0237644e-12  3.02376e-12  3.02376e-12  1.11534e-25
1.072450987e+00  3.0635090e-12  3.06351e-12  3.06351e-12  1.36303e-25
1.077813242e+00  3.0902313e-12  3.09023e-12  3.09023e-12  1.66623e-25
1.083202308e+00  3.1141674e-12  3.11417e-12  3.11417e-12  2.03520e-25
1.088618319e+00  3.1504730e-12  3.15047e-12  3.15047e-12  2.47958e-25
1.094061411e+00  3.1737231e-12  3.17372e-12  3.17372e-12  3.02205e-25
1.099531718e+00  3.2002615e-12  3.20026e-12  3.20026e-12  3.67769e-25
1.105029377e+00  3.2170380e-12  3.21704e-12  3.21704e-12  4.47563e-25
1.110554523e+00  3.2274261e-12  3.22743e-12  3.22743e-12  5.44475e-25
1.116107296e+00  3.2525590e-12  3.25256e-12  3.25256e-12  6.60507e-25
1.121687832e+00  3.2684676e-12  3.26847e-12  3.26847e-12  8.01254e-25
1.127296272e+00  3.2836584e-12  3.28366e-12  3.28366e-12  9.71019e-25
1.132932753e+00  3.2843389e-12  3.28434e-12  3.28434e-12  1.17751e-24
1.138597417e+00  3.2941749e-12  3.29417e-12  3.29417e-12  1.42485e-24
1.144290404e+00  3.2948353e-12  3.29484e-12  3.29484e-12  1.72419e-24
1.150011856e+00  3.2942793e-12  3.29428e-12  3.29428e-12  2.08455e-24
1.155761915e+00  3.2950609e-12  3.29506e-12  3.29506e-12  2.51717e-24
1.161540725e+00  3.2957847e-12  3.29578e-12  3.29578e-12  3.03644e-24
1.167348428e+00  3.2856417e-12  3.28564e-12  3.28564e-12  3.66388e-24
1.173185171e+00  3.2807779e-12  3.28078e-12  3.28078e-12  4.41362e-24
1.179051096e+00  3.2858344e-12  3.28583e-12  3.28583e-12  5.30489e-24
1.184946352e+00  3.2766745e-12  3.27667e-12  3.27667e-12  6.38076e-24
1.190871084e+00  3.2706974e-12  3.27070e-12  3.27070e-12  7.66409e-24
1.196825439e+00  3.2753509e-12  3.27535e-12  3.27535e-12  9.18416e-24
1.202809566e+00  3.2730331e-12  3.27303e-12  3.27303e-12  1.10042e-23
1.208823614e+00  3.2620077e-12  3.26201e-12  3.26201e-12  1.31860e-23
1.214867732e+00  3.2515592e-12  3.25156e-12  3.25156e-12  1.57837e-23
1.220942071e+00  3.2489525e-12  3.24895e-12  3.24895e-12  1.88561e-23
1.227046781e+00  3.2401774e-12  3.24018e-12  3.24018e-12  2.25219e-23
1.233182015e+00  3.2418494e-12  3.24185e-12  3.24185e-12  2.68386e-23
1.239347925e+00  3.2500992e-12  3.25010e-12  3.25010e-12  3.19244e-23
1.245544665e+00  3.2425677e-12  3.24257e-12  3.24257e-12  3.80137e-23
1.251772388e+00  3.2394308e-12  3.23943e-12  3.23943e-12  4.51953e-23
1.258031250e+00  3.2383419e-12  3.23834e-12  3.23834e-12  5.36679e-23
1.264321406e+00  3.2401526e-12  3.24015e-12  3.24015e-12  6.36438e-23
1.270643013e+00  3.2477696e-12  3.24777e-12  3.24777e-12  7.53446e-23
1.276996228e+00  3.2459500e-12  3.24595e-12  3.24595e-12  8.92215e-23
1.283381209e+00  3.2541320e-12  3.25413e-12  3.25413e-12  1.05415e-22
1.289798116e+00  3.2553068e-12  3.25531e-12  3.25531e-12  1.24545e-22
1.296247106e+00  3.2624182e-12  3.26242e-12  3.26242e-12  1.46891e-22
1.302728342e+00  3.2512551e-12  3.25126e-12  3.25126e-12  1.73510e-22
1.309241983e+00  3.2572499e-12  3.25725e-12  3.25725e-12  2.04291e-22
1.315788193e+00  3.2621836e-12  3.26218e-12  3.26218e-12  2.40342e-22
1.322367134e+00  3.2657500e-12  3.26575e-12  3.26575e-12  2.82546e-22
1.328978970e+00  3.2702779e-12  3.27028e-12  3.27028e-12  3.31810e-22
1.335623865e+00  3.2725061e-12  3.27251e-12  3.27251e-12  3.89430e-22
1.342301984e+00  3.2735044e-12  3.27350e-12  3.27350e-12  4.56718e-22
1.349013494e+00  3.2678807e-12  3.26788e-12  3.26788e-12  5.35645e-22
1.355758561e+00  3.2667922e-12  3.26679e-12  3.26679e-12  6.27251e-22
1.362537354e+00  3.2702864e-12  3.27029e-12  3.27029e-12  7.33389e-22
1.369350041e+00  3.2669081e-12  3.26691e-12  3.26691e-12  8.57559e-22
1.376196791e+00  3.2781135e-12  3.27811e-12  3.27811e-12  9.99770e-22
1.383077775e+00  3.2736791e-12  3.27368e-12  3.27368e-12  1.16715e-21
1.389993164e+00  3.2603909e-12  3.26039e-12  3.26039e-12  1.36312e-21
1.396943130e+00  3.2520938e-12  3.25209e-12  3.25209e-12  1.58947e-21
1.403927846e+00  3.2393745e-12  3.23937e-12  3.23937e-12  1.85302e-21
1.410947485e+00  3.2437133e-12  3.24371e-12  3.24371e-12  2.15301e-21
1.418002222e+00  3.2426621e-12  3.24266e-12  3.24266e-12  2.50140e-21
1.425092233e+00  3.2323208e-12  3.23232e-12  3.23232e-12  2.90770e-21
1.432217694e+00  3.2203201e-12  3.22032e-12  3.22032e-12  3.37800e-21
1.439378783e+00  3.2057976e-12  3.20580e-12  3.20580e-12  3.92261e-21
1.446575677e+00  3.1903546e-12  3.19035e-12  3.19035e-12  4.55190e-21
1.453808555e+00  3.1739074e-12  3.17391e-12  3.17391e-12  5.27863e-21
1.461077598e+00  3.1569562e-12  3.15696e-12  3.15696e-12  6.11688e-21
1.468382986e+00  3.1374814e-12  3.13748e-12  3.13748e-12  7.08527e-21
1.475724901e+00  3.1179228e-12  3.11792e-12  3.11792e-12  8.20050e-21
1.483103525e+00  3.0934990e-12  3.09350e-12  3.09350e-12  9.49086e-21
1.490519043e+00  3.0641850e-12  3.06418e-12  3.06418e-12  1.09839e-20
1.497971638e+00  3.0417129e-12  3.04171e-12  3.04171e-12  1.26885e-20
1.505461496e+00  3.0145729e-12  3.01457e-12  3.01457e-12  1.46569e-20
1.512988804e+00  2.9883742e-12  2.98837e-12  2.98837e-12  1.69150e-20
1.520553748e+00  2.9572193e-12  2.95722e-12  2.95722e-12  1.95213e-20
1.528156517e+00  2.9213691e-12  2.92137e-12  2.92137e-12  2.25286e-20
1.535797299e+00  2.8808034e-12  2.88080e-12  2.88080e-12  2.59988e-20
1.543476286e+00  2.8472922e-12  2.84729e-12  2.84729e-12  2.99481e-20
1.551193667e+00  2.8079985e-12  2.80800e-12  2.80800e-12  3.45029e-20
1.558949636e+00  2.7765997e-12  2.77660e-12  2.77660e-12  3.96718e-20
1.566744384e+00  2.7351085e-12  2.73511e-12  2.73511e-12  4.56541e-20
1.574578106e+00  2.7040839e-12  2.70408e-12  2.70408e-12  5.24135e-20
1.582450996e+00  2.6620848e-12  2.66208e-12  2.66208e-12  6.02344e-20
1.590363251e+00  2.6255474e-12  2.62555e-12  2.62555e-12  6.91126e-20
1.598315067e+00  2.5870141e-12  2.58701e-12  2.58701e-12  7.92677e-20
1.606306643e+00  2.5383821e-12  2.53838e-12  2.53838e-12  9.09958e-20
1.614338176e+00  2.5069183e-12  2.50692e-12  2.50692e-12  1.04101e-19
1.622409867e+00  2.4631216e-12  2.46312e-12  2.46312e-12  1.19244e-19
1.630521916e+00  2.4248687e-12  2.42487e-12  2.42487e-12  1.36373e-19
1.638674526e+00  2.3848879e-12  2.38489e-12  2.38489e-12  1.55897e-19
1.646867898e+00  2.3455386e-12  2.34554e-12  2.34554e-12  1.78076e-19
1.655102238e+00  2.3064737e-12  2.30647e-12  2.30647e-12  2.03260e-19
1.663377749e+00  2.2724693e-12  2.27247e-12  2.27247e-12  2.31660e-19
1.671694638e+00  2.2307275e-12  2.23073e-12  2.23073e-12  2.64175e-19
1.680053111e+00  2.1939474e-12  2.19395e-12  2.19395e-12  3.00812e-19
1.688453377e+00  2.1607961e-12  2.16080e-12  2.16080e-12  3.42100e-19
1.696895643e+00  2.1192030e-12  2.11920e-12  2.11920e-12  3.89321e-19
1.705380122e+00  2.0797681e-12  2.07977e-12  2.07977e-12  4.42614e-19
1.713907022e+00  2.0551733e-12  2.05517e-12  2.05517e-12  5.01668e-19
1.722476557e+00  2.0162850e-12  2.01629e-12  2.01628e-12  5.69537e-19
1.731088940e+00  1.9755068e-12  1.97551e-12  1.97551e-12  6.46364e-19
1.739744385e+00  1.9479751e-12  1.94798e-12  1.94797e-12  7.31508e-19
1.748443107e+00  1.9145037e-12  1.91450e-12  1.91450e-12  8.28127e-19
1.757185322e+00  1.8818589e-12  1.88186e-12  1.88186e-12  9.36778e-19
1.765971249e+00  1.8504307e-12  1.85043e-12  1.85043e-12  1.05880e-18
1.774801105e+00  1.8256004e-12  1.82560e-12  1.82560e-12  1.19465e-18
1.783675111e+00  1.7958957e-12  1.79590e-12  1.79589e-12  1.34816e-18
1.792593486e+00  1.7691719e-12  1.76917e-12  1.76917e-12  1.51969e-18
1.801556454e+00  1.7409350e-12  1.74094e-12  1.74093e-12  1.71238e-18
1.810564236e+00  1.7131541e-12  1.71315e-12  1.71315e-12  1.92816e-18
1.819617057e+00  1.6909926e-12  1.69099e-12  1.69099e-12  2.16776e-18
1.828715142e+00  1.6690661e-12  1.66907e-12  1.66906e-12  2.43551e-18
1.837858718e+00  1.6455441e-12  1.64554e-12  1.64554e-12  2.73536e-18
1.847048012e+00  1.6212154e-12  1.62122e-12  1.62121e-12  3.07065e-18
1.856283252e+00  1.5909747e-12  1.59097e-12  1.59097e-12  3.44837e-18
1.865564668e+00  1.5733537e-12  1.57335e-12  1.57335e-12  3.86197e-18
1.874892491e+00  1.5548806e-12  1.55488e-12  1.55488e-12  4.32316e-18
1.884266954e+00  1.5374974e-12  1.53750e-12  1.53749e-12  4.83558e-18
1.893688289e+00  1.5073566e-12  1.50736e-12  1.50735e-12  5.41728e-18
1.903156730e+00  1.4872123e-12  1.48721e-12  1.48721e-12  6.05498e-18
1.912672514e+00  1.4703470e-12  1.47035e-12  1.47034e-12  6.75991e-18
1.922235876e+00  1.4540311e-12  1.45403e-12  1.45402e-12  7.54167e-18
1.931847056e+00  1.4288500e-12  1.42885e-12  1.42884e-12  8.42183e-18
1.941506291e+00  1.4134530e-12  1.41345e-12  1.41344e-12  9.38321e-18
1.951213822e+00  1.3937611e-12  1.39376e-12  1.39375e-12  1.04561e-17
1.960969892e+00  1.3779630e-12  1.37796e-12  1.37795e-12  1.16368e-17
1.970774741e+00  1.3626965e-12  1.36270e-12  1.36268e-12  1.29422e-17
1.980628615e+00  1.3533856e-12  1.35339e-12  1.35337e-12  1.43704e-17
1.990531758e+00  1.3361499e-12  1.33615e-12  1.33613e-12  1.59695e-17
2.000484417e+00  1.3233113e-12  1.32331e-12  1.32329e-12  1.77223e-17
2.010486839e+00  1.3109627e-12  1.31096e-12  1.31094e-12  1.96545e-17
2.020539273e+00  1.3005228e-12  1.30052e-12  1.30050e-12  2.17774e-17
2.030641969e+00  1.2879076e-12  1.28791e-12  1.28788e-12  2.41253e-17
2.040795179e+00  1.2779885e-12  1.27799e-12  1.27796e-12  2.66979e-17
2.050999155e+00  1.2663841e-12  1.26638e-12  1.26635e-12  2.95374e-17
2.061254151e+00  1.2599483e-12  1.25995e-12  1.25992e-12  3.26290e-17
2.071560421e+00  1.2502934e-12  1.25029e-12  1.25026e-12  3.60455e-17
2.081918224e+00  1.2407504e-12  1.24075e-12  1.24071e-12  3.97965e-17
2.092327815e+00  1.2322278e-12  1.23223e-12  1.23218e-12  4.39050e-17
2.102789454e+00  1.2260625e-12  1.22606e-12  1.22601e-12  4.83888e-17
2.113303401e+00  1.2194525e-12  1.21945e-12  1.21940e-12  5.33053e-17
2.123869918e+00  1.2105592e-12  1.21056e-12  1.21050e-12  5.87147e-17
2.134489268e+00  1.2080997e-12  1.20810e-12  1.20804e-12  6.45566e-17
2.145161714e+00  1.1991832e-12  1.19918e-12  1.19911e-12  7.10301e-17
2.155887523e+00  1.1954319e-12  1.19543e-12  1.19535e-12  7.80308e-17
2.166666960e+00  1.1897938e-12  1.18979e-12  1.18971e-12  8.57063e-17
2.177500295e+00  1.1863759e-12  1.18638e-12  1.18628e-12  9.40438e-17
2.188387796e+00  1.1815818e-12  1.18158e-12  1.18148e-12  1.03165e-16
2.199329735e+00  1.1778122e-12  1.17781e-12  1.17770e-12  1.13085e-16
2.210326384e+00  1.1795807e-12  1.17958e-12  1.17946e-12  1.23752e-16
2.221378016e+00  1.1795115e-12  1.17951e-12  1.17938e-12  1.35401e-16
2.232484906e+00  1.1801454e-12  1.18015e-12  1.18000e-12  1.48044e-16
2.243647331e+00  1.1795127e-12  1.17951e-12  1.17935e-12  1.61822e-16
2.254865567e+00  1.1811694e-12  1.18117e-12  1.18099e-12  1.76701e-16
2.266139895e+00  1.1843089e-12  1.18431e-12  1.18412e-12  1.92780e-16
2.277470595e+00  1.1850682e-12  1.18507e-12  1.18486e-12  2.10316e-16
2.288857948e+00  1.1847632e-12  1.18476e-12  1.18453e-12  2.29376e-16
2.300302237e+00  1.1834721e-12  1.18347e-12  1.18322e-12  2.50085e-16
2.311803748e+00  1.1870175e-12  1.18702e-12  1.18675e-12  2.72228e-16
2.323362767e+00  1.1878419e-12  1.18784e-12  1.18755e-12  2.96351e-16
2.334979581e+00  1.1931829e-12  1.19318e-12  1.19286e-12  3.22111e-16
2.346654479e+00  1.1959246e-12  1.19592e-12  1.19557e-12  3.50127e-16
2.358387751e+00  1.1915246e-12  1.19152e-12  1.19114e-12  3.81004e-16
2.370179690e+00  1.1987100e-12  1.19871e-12  1.19830e-12  4.13280e-16
2.382030589e+00  1.2031563e-12  1.20316e-12  1.20271e-12  4.48333e-16
2.393940742e+00  1.2071415e-12  1.20714e-12  1.20666e-12  4.86152e-16
2.405910445e+00  1.2106738e-12  1.21067e-12  1.21015e-12  5.26938e-16
2.417939997e+00  1.2173970e-12  1.21740e-12  1.21683e-12  5.70404e-16
2.430029697e+00  1.2203944e-12  1.22039e-12  1.21978e-12  6.17684e-16
2.442179846e+00  1.2259635e-12  1.22596e-12  1.22530e-12  6.68110e-16
2.454390745e+00  1.2299135e-12  1.22991e-12  1.22919e-12  7.22560e-16
2.466662699e+00  1.2348241e-12  1.23482e-12  1.23404e-12  7.80850e-16
2.478996012e+00  1.2412935e-12  1.24129e-12  1.24045e-12  8.43064e-16
2.491390992e+00  1.2464170e-12  1.24642e-12  1.24551e-12  9.10066e-16
2.503847947e+00  1.2474226e-12  1.24742e-12  1.24644e-12  9.82931e-16
2.516367187e+00  1.2494496e-12  1.24945e-12  1.24839e-12  1.06081e-15
2.528949023e+00  1.2560880e-12  1.25609e-12  1.25495e-12  1.14289e-15
2.541593768e+00  1.2611115e-12  1.26111e-12  1.25988e-12  1.23120e-15
2.554301737e+00  1.2614869e-12  1.26149e-12  1.26016e-12  1.32733e-15
2.567073246e+00  1.2590806e-12  1.25908e-12  1.25765e-12  1.43135e-15
2.579908612e+00  1.2579496e-12  1.25795e-12  1.25641e-12  1.54224e-15
2.592808155e+00  1.2548242e-12  1.25482e-12  1.25316e-12  1.66186e-15
2.605772196e+00  1.2513814e-12  1.25138e-12  1.24959e-12  1.79009e-15
2.618801057e+00  1.2479626e-12  1.24796e-12  1.24604e-12  1.92731e-15
2.631895062e+00  1.2438575e-12  1.24386e-12  1.24178e-12  2.07450e-15
2.645054537e+00  1.2395522e-12  1.23955e-12  1.23732e-12  2.23205e-15
2.658279810e+00  1.2338386e-12  1.23384e-12  1.23144e-12  2.40147e-15
2.671571209e+00  1.2266096e-12  1.22661e-12  1.22403e-12  2.58377e-15
2.684929065e+00  1.2218088e-12  1.22181e-12  1.21903e-12  2.77671e-15
2.698353710e+00  1.2130396e-12  1.21304e-12  1.21005e-12  2.98629e-15
2.711845479e+00  1.2027471e-12  1.20275e-12  1.19954e-12  3.21181e-15
2.725404706e+00  1.1872797e-12  1.18728e-12  1.18382e-12  3.45834e-15
2.739031730e+00  1.1639430e-12  1.16394e-12  1.16021e-12  3.73126e-15
2.752726889e+00  1.1401388e-12  1.14014e-12  1.13611e-12  4.02481e-15
2.766490523e+00  1.1155316e-12  1.11553e-12  1.11119e-12  4.34096e-15
2.780322976e+00  1.0962128e-12  1.09621e-12  1.09154e-12  4.67273e-15
2.794224591e+00  1.0789073e-12  1.07891e-12  1.07388e-12  5.02493e-15
2.808195713e+00  1.0630162e-12  1.06302e-12  1.05762e-12  5.39935e-15
2.822236692e+00  1.0485553e-12  1.04856e-12  1.04276e-12  5.79697e-15
2.836347875e+00  1.0346498e-12  1.03465e-12  1.02843e-12  6.22052e-15
2.850529615e+00  1.0216702e-12  1.02167e-12  1.01500e-12  6.67062e-15
2.864782263e+00  1.0092245e-12  1.00922e-12  1.00208e-12  7.14948e-15
2.879106174e+00  9.9718100e-13  9.97181e-13  9.89522e-13  7.65893e-15
2.893501705e+00  9.8524756e-13  9.85248e-13  9.77046e-13  8.20142e-15
2.907969214e+00  9.7407839e-13  9.74078e-13  9.65301e-13  8.77702e-15
2.922509060e+00  9.6309448e-13  9.63094e-13  9.53705e-13  9.38907e-15
2.937121605e+00  9.5402161e-13  9.54022e-13  9.43988e-13  1.00340e-14
2.951807213e+00  9.4498882e-13  9.44989e-13  9.34270e-13  1.07191e-14
2.966566249e+00  9.3757973e-13  9.37580e-13  9.26139e-13  1.14408e-14
2.981399080e+00  9.3085954e-13  9.30860e-13  9.18656e-13  1.22039e-14
2.996306076e+00  9.2450544e-13  9.24505e-13  9.11494e-13  1.30115e-14
3.011287606e+00  9.1886041e-13  9.18860e-13  9.04996e-13  1.38643e-14
3.026344044e+00  9.1268763e-13  9.12688e-13  8.97917e-13  1.47702e-14
3.041475764e+00  9.0638393e-13  9.06384e-13  8.90654e-13  1.57304e-14
3.056683143e+00  8.9991976e-13  8.99920e-13  8.83172e-13  1.67481e-14
3.071966559e+00  8.9334155e-13  8.93342e-13  8.75515e-13  1.78262e-14
3.087326392e+00  8.8680575e-13  8.86806e-13  8.67839e-13  1.89669e-14
3.102763024e+00  8.8108878e-13  8.81089e-13  8.60921e-13  2.01679e-14
3.118276839e+00  8.7573914e-13  8.75739e-13  8.54304e-13  2.14348e-14
3.133868223e+00  8.7068147e-13  8.70681e-13  8.47910e-13  2.27713e-14
3.149537564e+00  8.6534107e-13  8.65341e-13  8.41156e-13  2.41854e-14
3.165285252e+00  8.6051335e-13  8.60513e-13  8.34839e-13  2.56741e-14
3.181111678e+00  8.5545183e-13  8.55452e-13  8.28204e-13  2.72479e-14
3.197017237e+00  8.5009930e-13  8.50099e-13  8.21187e-13  2.89119e-14
3.213002323e+00  8.4547536e-13  8.45475e-13  8.14816e-13  3.06595e-14
3.229067334e+00  8.4036634e-13  8.40366e-13  8.07858e-13  3.25084e-14
3.245212671e+00  8.3543963e-13  8.35440e-13  8.00984e-13  3.44558e-14
3.261438734e+00  8.3029348e-13  8.30293e-13  7.93782e-13  3.65119e-14
3.277745928e+00  8.2490866e-13  8.24909e-13  7.86226e-13  3.86826e-14
3.294134658e+00  8.1966540e-13  8.19665e-13  7.78697e-13  4.09683e-14
3.310605331e+00  8.1427348e-13  8.14273e-13  7.70894e-13  4.33792e-14
3.327158358e+00  8.0741068e-13  8.07411e-13  7.61465e-13  4.59459e-14
3.343794149e+00  7.9880437e-13  7.98804e-13  7.50119e-13  4.86857e-14
3.360513120e+00  7.7853065e-13  7.78531e-13  7.26712e-13  5.18191e-14
3.377315686e+00  7.4724230e-13  7.47242e-13  6.91854e-13  5.53879e-14
3.394202264e+00  7.6154906e-13  7.61549e-13  7.03438e-13  5.81110e-14
3.411173276e+00  7.3702871e-13  7.37029e-13  6.75107e-13  6.19213e-14
3.428229142e+00  7.1380432e-13  7.13804e-13  6.47869e-13  6.59349e-14
3.445370288e+00  7.4826397e-13  7.48264e-13  6.79721e-13  6.85433e-14
3.462597139e+00  7.5739028e-13  7.57390e-13  6.85417e-13  7.19730e-14
3.479910125e+00  7.5640553e-13  7.56406e-13  6.80530e-13  7.58759e-14
3.497309675e+00  7.4055243e-13  7.40552e-13  6.60067e-13  8.04856e-14
3.514796224e+00  7.3821475e-13  7.38215e-13  6.53350e-13  8.48643e-14
3.532370205e+00  7.5875548e-13  7.58755e-13  6.70191e-13  8.85644e-14
3.550032056e+00  7.5850461e-13  7.58505e-13  6.65258e-13  9.32464e-14
3.567782216e+00  7.5710493e-13  7.57105e-13  6.58900e-13  9.82053e-14
3.585621127e+00  7.5607138e-13  7.56071e-13  6.52682e-13  1.03390e-13
3.603549233e+00  7.5510373e-13  7.55104e-13  6.46280e-13  1.08823e-13
3.621566979e+00  7.5372294e-13  7.53723e-13  6.39180e-13  1.14543e-13
3.639674814e+00  7.5310445e-13  7.53104e-13  6.32605e-13  1.20500e-13
3.657873188e+00  7.5238232e-13  7.52382e-13  6.25631e-13  1.26751e-13
3.676162554e+00  7.5224556e-13  7.52246e-13  6.18977e-13  1.33268e-13
3.694543367e+00  7.5243299e-13  7.52433e-13  6.12355e-13  1.40078e-13
3.713016084e+00  7.5290386e-13  7.52904e-13  6.05710e-13  1.47193e-13
3.731581164e+00  7.5364587e-13  7.53646e-13  5.99017e-13  1.54629e-13
3.750239070e+00  7.5464830e-13  7.54648e-13  5.92248e-13  1.62400e-13
3.768990265e+00  7.5610199e-13  7.56102e-13  5.85599e-13  1.70503e-13
3.787835216e+00  7.5784377e-13  7.57844e-13  5.78878e-13  1.78966e-13
3.806774393e+00  7.5991458e-13  7.59915e-13  5.72115e-13  1.87800e-13
3.825808265e+00  7.6240244e-13  7.62402e-13  5.65391e-13  1.97011e-13
3.844937306e+00  7.6520239e-13  7.65202e-13  5.58576e-13  2.06626e-13
3.864161992e+00  7.6823993e-13  7.68240e-13  5.51569e-13  2.16671e-13
3.883482802e+00  7.7163027e-13  7.71630e-13  5.44478e-13  2.27153e-13
3.902900216e+00  7.7571000e-13  7.75710e-13  5.37666e-13  2.38044e-13
3.922414717e+00  7.8030629e-13  7.80306e-13  5.30924e-13  2.49383e-13
3.942026791e+00  7.8530166e-13  7.85302e-13  5.24100e-13  2.61202e-13
3.961736925e+00  7.9076009e-13  7.90760e-13  5.17247e-13  2.73513e-13
3.981545610e+00  7.9689164e-13  7.96892e-13  5.10591e-13  2.86301e-13
4.001453338e+00  8.0358092e-13  8.03581e-13  5.03979e-13  2.99602e-13
4.021460604e+00  8.1088544e-13  8.10885e-13  4.97462e-13  3.13423e-13
4.041567907e+00  8.1865910e-13  8.18659e-13  4.90844e-13  3.27815e-13
4.061775747e+00  8.2688659e-13  8.26887e-13  4.84081e-13  3.42806e-13
4.082084626e+00  8.3557556e-13  8.35576e-13  4.77153e-13  3.58423e-13
4.102495049e+00  8.4466014e-13  8.44660e-13  4.69948e-13  3.74712e-13
4.123007524e+00  8.5423138e-13  8.54231e-13  4.62545e-13  3.91686e-13
4.143622562e+00  8.6475710e-13  8.64757e-13  4.55507e-13  4.09251e-13
4.164340674e+00  8.7622353e-13  8.76224e-13  4.48802e-13  4.27421e-13
4.185162378e+00  8.8835888e-13  8.88359e-13  4.42060e-13  4.46299e-13
4.206088190e+00  9.0194811e-13  9.01948e-13  4.36301e-13  4.65647e-13
4.227118631e+00  9.1694259e-13  9.16943e-13  4.31479e-13  4.85464e-13
4.248254224e+00  9.3082794e-13  9.30828e-13  4.24120e-13  5.06708e-13
4.269495495e+00  9.4477359e-13  9.44774e-13  4.15701e-13  5.29073e-13
4.290842972e+00  9.5897703e-13  9.58977e-13  4.06404e-13  5.52573e-13
4.312297187e+00  9.7311263e-13  9.73113e-13  3.95644e-13  5.77468e-13
4.333858673e+00  9.8864095e-13  9.88641e-13  3.85485e-13  6.03156e-13
4.355527967e+00  1.0060935e-12  1.00609e-12  3.76747e-13  6.29347e-13
4.377305606e+00  1.0251582e-12  1.02516e-12  3.68993e-13  6.56166e-13
4.399192134e+00  1.0457998e-12  1.04580e-12  3.62200e-13  6.83600e-13
4.421188095e+00  1.0681040e-12  1.06810e-12  3.56555e-13  7.11549e-13
4.443294036e+00  1.0917235e-12  1.09172e-12  3.51512e-13  7.40211e-13
4.465510506e+00  1.1161585e-12  1.11616e-12  3.46179e-13  7.69980e-13
4.487838058e+00  1.1410207e-12  1.14102e-12  3.39730e-13  8.01291e-13
4.510277249e+00  1.1664271e-12  1.16643e-12  3.32195e-13  8.34233e-13
4.532828635e+00  1.1928341e-12  1.19283e-12  3.24300e-13  8.68534e-13
4.555492778e+00  1.2200095e-12  1.22001e-12  3.15405e-13  9.04605e-13
4.578270242e+00  1.2479082e-12  1.24791e-12  3.05142e-13  9.42766e-13
4.601161593e+00  1.2773396e-12  1.27734e-12  2.95145e-13  9.82194e-13
4.624167401e+00  1.3080931e-12  1.30809e-12  2.84792e-13  1.02330e-12
4.647288238e+00  1.3404570e-12  1.34046e-12  2.74686e-13  1.06577e-12
4.670524679e+00  1.3745665e-12  1.37457e-12  2.65165e-13  1.10940e-12
4.693877303e+00  1.4099618e-12  1.40996e-12  2.54656e-13  1.15531e-12
4.717346689e+00  1.4470286e-12  1.44703e-12  2.44099e-13  1.20293e-12
4.740933423e+00  1.4859840e-12  1.48598e-12  2.34201e-13  1.25178e-12
4.764638090e+00  1.5267816e-12  1.52678e-12  2.24782e-13  1.30200e-12
4.788461280e+00  1.5696764e-12  1.56968e-12  2.17467e-13  1.35221e-12
4.812403587e+00  1.6143381e-12  1.61434e-12  2.10980e-13  1.40336e-12
4.836465604e+00  1.6606167e-12  1.66062e-12  2.04050e-13  1.45657e-12
4.860647933e+00  1.7086328e-12  1.70863e-12  1.97276e-13  1.51136e-12
4.884951172e+00  1.7584143e-12  1.75841e-12  1.90231e-13  1.56818e-12
4.909375928e+00  1.8100008e-12  1.81000e-12  1.83866e-13  1.62613e-12
4.933922808e+00  1.8633617e-12  1.86336e-12  1.78061e-13  1.68530e-12
4.958592422e+00  1.9185949e-12  1.91859e-12  1.71862e-13  1.74673e-12
4.983385384e+00  1.9758618e-12  1.97586e-12  1.64940e-13  1.81092e-12
5.008302311e+00  2.0351490e-12  2.03515e-12  1.58022e-13  1.87713e-12
5.033343822e+00  2.0962016e-12  2.09620e-12  1.52194e-13  1.94401e-12
5.058510541e+00  2.1590312e-12  2.15903e-12  1.47065e-13  2.01197e-12
5.083803094e+00  2.2236740e-12  2.22367e-12  1.42372e-13  2.08130e-12
5.109222110e+00  2.2903021e-12  2.29030e-12  1.37667e-13  2.15263e-12
5.134768220e+00  2.3590014e-12  2.35900e-12  1.32871e-13  2.22613e-12
5.160442061e+00  2.4297495e-12  2.42975e-12  1.28131e-13  2.30162e-12
5.186244272e+00  2.5024823e-12  2.50248e-12  1.23604e-13  2.37888e-12
5.212175493e+00  2.5771417e-12  2.57714e-12  1.19380e-13  2.45776e-12
5.238236370e+00  2.6534916e-12  2.65349e-12  1.15748e-13  2.53774e-12
5.264427552e+00  2.7315416e-12  2.73154e-12  1.12601e-13  2.61894e-12
5.290749690e+00  2.8109064e-12  2.81091e-12  1.10295e-13  2.70061e-12
5.317203438e+00  2.8912493e-12  2.89125e-12  1.09020e-13  2.78223e-12
5.343789456e+00  2.9729310e-12  2.97293e-12  1.08239e-13  2.86469e-12
5.370508403e+00  3.0568851e-12  3.05689e-12  1.07045e-13  2.94984e-12
5.397360945e+00  3.1436681e-12  3.14367e-12  1.05081e-13  3.03859e-12
5.424347750e+00  3.2321964e-12  3.23220e-12  1.03346e-13  3.12885e-12
5.451469488e+00  3.3211180e-12  3.32112e-12  1.02795e-13  3.21832e-12
5.478726836e+00  3.4109717e-12  3.41097e-12  1.02863e-13  3.30811e-12
5.506120470e+00  3.5024101e-12  3.50241e-12  1.03035e-13  3.39938e-12
5.533651072e+00  3.5965249e-12  3.59652e-12  1.02645e-13  3.49388e-12
5.561319328e+00  3.6945288e-12  3.69453e-12  1.01104e-13  3.59343e-12
5.589125924e+00  3.7965231e-12  3.79652e-12  9.85533e-14  3.69797e-12
5.617071554e+00  3.9014940e-12  3.90149e-12  9.56814e-14  3.80581e-12
5.645156912e+00  4.0078582e-12  4.00786e-12  9.33155e-14  3.91454e-12
5.673382696e+00  4.1152145e-12  4.11521e-12  9.15783e-14  4.02364e-12
5.701749610e+00  4.2246204e-12  4.22462e-12  8.99308e-14  4.13469e-12
5.730258358e+00  4.3367183e-12  4.33672e-12  8.81053e-14  4.24861e-12
5.758909650e+00  4.4522216e-12  4.45222e-12  8.58565e-14  4.36637e-12
5.787704198e+00  4.5711799e-12  4.57118e-12  8.32350e-14  4.48794e-12
5.816642719e+00  4.6929053e-12  4.69291e-12  8.05489e-14  4.61236e-12
5.845725932e+00  4.8168115e-12  4.81681e-12  7.80185e-14  4.73879e-12
5.874954562e+00  4.9439738e-12  4.94397e-12  7.52844e-14  4.86869e-12
5.904329335e+00  5.0738449e-12  5.07384e-12  7.25541e-14  5.00129e-12
5.933850982e+00  5.2073798e-12  5.20738e-12  6.95533e-14  5.13783e-12
5.963520237e+00  5.3411935e-12  5.34119e-12  6.72929e-14  5.27390e-12
5.993337838e+00  5.4744270e-12  5.47443e-12  6.59257e-14  5.40850e-12
6.023304527e+00  5.6083548e-12  5.60835e-12  6.50150e-14  5.54334e-12
6.053421050e+00  5.7448345e-12  5.74483e-12  6.40425e-14  5.68079e-12
6.083688155e+00  5.8839510e-12  5.88395e-12  6.29982e-14  5.82095e-12
6.114106596e+00  6.0276853e-12  6.02769e-12  6.14338e-14  5.96625e-12
6.144677129e+00  6.1740481e-12  6.17405e-12  5.98566e-14  6.11419e-12
6.175400514e+00  6.3214877e-12  6.32149e-12  5.86048e-14  6.26288e-12
6.206277517e+00  6.4696039e-12  6.46960e-12  5.77277e-14  6.41188e-12
6.237308904e+00  6.6193994e-12  6.61940e-12  5.69870e-14  6.56241e-12
6.268495449e+00  6.7714144e-12  6.77141e-12  5.62658e-14  6.71515e-12
6.299837926e+00  6.9250345e-12  6.92503e-12  5.56762e-14  6.86936e-12
6.331337116e+00  7.0798257e-12  7.07983e-12  5.52816e-14  7.02454e-12
6.362993801e+00  7.2347933e-12  7.23479e-12  5.52312e-14  7.17956e-12
6.394808770e+00  7.3926867e-12  7.39269e-12  5.50349e-14  7.33765e-12
6.426782814e+00  7.5544558e-12  7.55446e-12  5.45557e-14  7.49990e-12
6.458916728e+00  7.7190476e-12  7.71905e-12  5.39837e-14  7.66506e-12
6.491211312e+00  7.8883023e-12  7.88830e-12  5.30555e-14  7.83525e-12
6.523667368e+00  8.0601206e-12  8.06012e-12  5.21075e-14  8.00801e-12
6.556285705e+00  8.2345910e-12  8.23459e-12  5.11302e-14  8.18346e-12
6.589067134e+00  8.4100262e-12  8.41003e-12  5.03524e-14  8.35967e-12
6.622012469e+00  8.5864747e-12  8.58647e-12  4.97484e-14  8.53673e-12
6.655122532e+00  8.7654628e-12  8.76546e-12  4.91103e-14  8.71635e-12
6.688398144e+00  8.9471713e-12  8.94717e-12  4.84188e-14  8.89875e-12
6.721840135e+00  9.1318821e-12  9.13188e-12  4.76456e-14  9.08424e-12
6.755449336e+00  9.3186772e-12  9.31868e-12  4.69019e-14  9.27178e-12
6.789226583e+00  9.5086962e-12  9.50870e-12  4.60594e-14  9.46264e-12
6.823172715e+00  9.6997982e-12  9.69980e-12  4.53546e-14  9.65444e-12
6.857288579e+00  9.8943233e-12  9.89432e-12  4.45331e-14  9.84979e-12
6.891575022e+00  1.0091669e-11  1.00917e-11  4.36651e-14  1.00480e-11
6.926032897e+00  1.0292839e-11  1.02928e-11  4.26575e-14  1.02502e-11
6.960663062e+00  1.0496120e-11  1.04961e-11  4.16829e-14  1.04544e-11
6.995466377e+00  1.0701995e-11  1.07020e-11  4.06944e-14  1.06613e-11
7.030443709e+00  1.0911304e-11  1.09113e-11  3.96186e-14  1.08717e-11
7.065595927e+00  1.1122183e-11  1.11222e-11  3.86227e-14  1.10836e-11
7.100923907e+00  1.1335113e-11  1.13351e-11  3.76594e-14  1.12975e-11
7.136428526e+00  1.1551505e-11  1.15515e-11  3.66115e-14  1.15149e-11
7.172110669e+00  1.1769148e-11  1.17691e-11  3.56593e-14  1.17335e-11
7.207971222e+00  1.1990273e-11  1.19903e-11  3.46241e-14  1.19556e-11
7.244011079e+00  1.2214110e-11  1.22141e-11  3.35697e-14  1.21805e-11
7.280231134e+00  1.2440062e-11  1.24401e-11  3.25400e-14  1.24075e-11
7.316632290e+00  1.2670921e-11  1.26709e-11  3.13374e-14  1.26396e-11
7.353215451e+00  1.2902070e-11  1.29021e-11  3.02897e-14  1.28718e-11
7.389981528e+00  1.3136937e-11  1.31369e-11  2.91572e-14  1.31078e-11
7.426931436e+00  1.3373768e-11  1.33738e-11  2.80592e-14  1.33457e-11
7.464066093e+00  1.3612654e-11  1.36127e-11  2.69869e-14  1.35857e-11
7.501386424e+00  1.3853831e-11  1.38538e-11  2.59234e-14  1.38279e-11
7.538893356e+00  1.4095634e-11  1.40956e-11  2.49661e-14  1.40707e-11
7.576587822e+00  1.4341163e-11  1.43412e-11  2.39274e-14  1.43172e-11
7.614470762e+00  1.4589199e-11  1.45892e-11  2.28815e-14  1.45663e-11
7.652543115e+00  1.4839012e-11  1.48390e-11  2.18683e-14  1.48171e-11
7.690805831e+00  1.5091880e-11  1.50919e-11  2.08167e-14  1.50711e-11
7.729259860e+00  1.5343935e-11  1.53439e-11  1.99296e-14  1.53240e-11
7.767906159e+00  1.5601844e-11  1.56018e-11  1.88571e-14  1.55830e-11
7.806745690e+00  1.5862678e-11  1.58627e-11  1.77567e-14  1.58449e-11
7.845779419e+00  1.6122837e-11  1.61228e-11  1.68029e-14  1.61060e-11
7.885008316e+00  1.6388862e-11  1.63889e-11  1.56780e-14  1.63732e-11
7.924433357e+00  1.6653282e-11  1.66533e-11  1.47352e-14  1.66385e-11
7.964055524e+00  1.6915065e-11  1.69151e-11  1.40063e-14  1.69011e-11
8.003875802e+00  1.7179491e-11  1.71795e-11  1.32458e-14  1.71662e-11
8.043895181e+00  1.7440270e-11  1.74403e-11  1.27214e-14  1.74275e-11
8.084114657e+00  1.7684846e-11  1.76848e-11  1.29338e-14  1.76719e-11
8.124535230e+00  1.7889905e-11  1.78899e-11  1.47689e-14  1.78751e-11
8.165157906e+00  1.8053746e-11  1.80537e-11  1.81751e-14  1.80356e-11
8.205983696e+00  1.8166708e-11  1.81667e-11  2.34076e-14  1.81433e-11
8.247013614e+00  1.8228568e-11  1.82286e-11  3.03397e-14  1.81982e-11
8.288248682e+00  1.8261731e-11  1.82617e-11  3.80230e-14  1.82237e-11
8.329689926e+00  1.8283782e-11  1.82838e-11  4.57658e-14  1.82380e-11
8.371338375e+00  1.8383869e-11  1.83839e-11  5.04368e-14  1.83334e-11
8.413195067e+00  1.8536134e-11  1.85361e-11  5.31204e-14  1.84830e-11
8.455261042e+00  1.8705616e-11  1.87056e-11  5.51126e-14  1.86505e-11
8.497537348e+00  1.8915621e-11  1.89156e-11  5.56955e-14  1.88599e-11
8.540025034e+00  1.9124088e-11  1.91241e-11  5.63016e-14  1.90678e-11
8.582725160e+00  1.9302811e-11  1.93028e-11  5.78063e-14  1.92450e-11
8.625638785e+00  1.9439964e-11  1.94400e-11  6.05078e-14  1.93795e-11
8.668766979e+00  1.9497877e-11  1.94979e-11  6.54465e-14  1.94324e-11
8.712110814e+00  1.9441483e-11  1.94415e-11  7.34932e-14  1.93680e-11
8.755671368e+00  1.9265396e-11  1.92654e-11  8.45916e-14  1.91808e-11
8.799449725e+00  1.9002481e-11  1.90025e-11  9.76172e-14  1.89049e-11
8.843446974e+00  1.8779677e-11  1.87797e-11  1.08968e-13  1.86707e-11
8.887664209e+00  1.8676528e-11  1.86765e-11  1.16611e-13  1.85599e-11
8.932102530e+00  1.8704159e-11  1.87042e-11  1.20480e-13  1.85837e-11
8.976763042e+00  1.8624763e-11  1.86248e-11  1.26893e-13  1.84979e-11
9.021646857e+00  1.8514652e-11  1.85147e-11  1.33772e-13  1.83809e-11
9.066755092e+00  1.8575429e-11  1.85754e-11  1.36133e-13  1.84393e-11
9.112088867e+00  1.8768068e-11  1.87681e-11  1.35188e-13  1.86329e-11
9.157649312e+00  1.9054095e-11  1.90541e-11  1.32041e-13  1.89221e-11
9.203437558e+00  1.9370151e-11  1.93702e-11  1.28288e-13  1.92419e-11
9.249454746e+00  1.9706306e-11  1.97063e-11  1.24192e-13  1.95821e-11
9.295702020e+00  2.0090774e-11  2.00908e-11  1.19151e-13  1.99716e-11
9.342180530e+00  2.0472859e-11  2.04729e-11  1.14324e-13  2.03585e-11
9.388891432e+00  2.0827098e-11  2.08271e-11  1.10240e-13  2.07169e-11
9.435835890e+00  2.1110466e-11  2.11105e-11  1.07757e-13  2.10027e-11
9.483015069e+00  2.1326293e-11  2.13263e-11  1.06713e-13  2.12196e-11
9.530430144e+00  2.1471057e-11  2.14711e-11  1.07095e-13  2.13640e-11
9.578082295e+00  2.1604678e-11  2.16047e-11  1.07643e-13  2.14970e-11
9.625972707e+00  2.1751254e-11  2.17513e-11  1.07882e-13  2.16434e-11
9.674102570e+00  2.1923675e-11  2.19237e-11  1.07584e-13  2.18161e-11
9.722473083e+00  2.2152023e-11  2.21520e-11  1.06222e-13  2.20458e-11
9.771085448e+00  2.2455090e-11  2.24551e-11  1.03513e-13  2.23516e-11
9.819940876e+00  2.2866002e-11  2.28660e-11  9.89433e-14  2.27671e-11
9.869040580e+00  2.3284349e-11  2.32843e-11  9.43746e-14  2.31900e-11
9.918385783e+00  2.3694543e-11  2.36945e-11  9.00773e-14  2.36045e-11
9.967977712e+00  2.4075242e-11  2.40752e-11  8.63987e-14  2.39888e-11
1.001781760e+01  2.4349564e-11  2.43496e-11  8.45794e-14  2.42650e-11
1.006790669e+01  2.4533491e-11  2.45335e-11  8.42596e-14  2.44492e-11
1.011824622e+01  2.4688264e-11  2.46883e-11  8.43809e-14  2.46039e-11
1.016883745e+01  2.4909551e-11  2.49096e-11  8.34193e-14  2.48261e-11
1.021968164e+01  2.5143265e-11  2.51433e-11  8.22647e-14  2.50610e-11
1.027078005e+01  2.5240709e-11  2.52407e-11  8.31755e-14  2.51575e-11
1.032213395e+01  2.5148295e-11  2.51483e-11  8.68381e-14  2.50615e-11
1.037374462e+01  2.4930595e-11  2.49306e-11  9.21642e-14  2.48384e-11
1.042561334e+01  2.4738363e-11  2.47384e-11  9.69026e-14  2.46415e-11
1.047774141e+01  2.4719573e-11  2.47196e-11  9.89950e-14  2.46206e-11
1.053013012e+01  2.4808236e-11  2.48082e-11  9.94884e-14  2.47087e-11
1.058278077e+01  2.4905550e-11  2.49055e-11  9.98079e-14  2.48057e-11
1.063569467e+01  2.5068818e-11  2.50688e-11  9.91947e-14  2.49696e-11
1.068887314e+01  2.5395538e-11  2.53955e-11  9.64130e-14  2.52991e-11
1.074231751e+01  2.5840614e-11  2.58406e-11  9.21548e-14  2.57485e-11
1.079602910e+01  2.6312850e-11  2.63128e-11  8.76546e-14  2.62252e-11
1.085000924e+01  2.6897268e-11  2.68973e-11  8.18629e-14  2.68154e-11
1.090425929e+01  2.7453440e-11  2.74534e-11  7.65725e-14  2.73769e-11
1.095878058e+01  2.7806663e-11  2.78067e-11  7.38748e-14  2.77328e-11
1.101357449e+01  2.7814131e-11  2.78141e-11  7.53451e-14  2.77388e-11
1.106864236e+01  2.7736656e-11  2.77367e-11  7.77282e-14  2.76589e-11
1.112398557e+01  2.7791518e-11  2.77915e-11  7.84754e-14  2.77130e-11
1.117960550e+01  2.7984604e-11  2.79846e-11  7.75969e-14  2.79070e-11
1.123550353e+01  2.8230314e-11  2.82303e-11  7.61244e-14  2.81542e-11
1.129168104e+01  2.8551304e-11  2.85513e-11  7.38371e-14  2.84775e-11
1.134813945e+01  2.9002720e-11  2.90027e-11  7.01775e-14  2.89325e-11
1.140488015e+01  2.9521596e-11  2.95216e-11  6.58803e-14  2.94557e-11
1.146190455e+01  2.9987474e-11  2.99875e-11  6.22383e-14  2.99252e-11
1.151921407e+01  3.0442530e-11  3.04425e-11  5.87879e-14  3.03837e-11
1.157681014e+01  3.0927479e-11  3.09275e-11  5.51076e-14  3.08724e-11
1.163469419e+01  3.1366000e-11  3.13660e-11  5.19727e-14  3.13140e-11
1.169286766e+01  3.1724035e-11  3.17240e-11  4.96952e-14  3.16743e-11
1.175133200e+01  3.2066388e-11  3.20664e-11  4.76084e-14  3.20188e-11
1.181008866e+01  3.2435811e-11  3.24358e-11  4.52959e-14  3.23905e-11
1.186913910e+01  3.2779381e-11  3.27794e-11  4.32665e-14  3.27361e-11
1.192848480e+01  3.3070553e-11  3.30706e-11  4.17547e-14  3.30288e-11
1.198812722e+01  3.3351848e-11  3.33518e-11  4.03496e-14  3.33115e-11
1.204806786e+01  3.3629095e-11  3.36291e-11  3.89942e-14  3.35901e-11
1.210830820e+01  3.3893504e-11  3.38935e-11  3.77646e-14  3.38557e-11
1.216884974e+01  3.4149033e-11  3.41490e-11  3.66212e-14  3.41124e-11
1.222969399e+01  3.4429130e-11  3.44291e-11  3.52718e-14  3.43939e-11
1.229084246e+01  3.4701515e-11  3.47015e-11  3.39999e-14  3.46675e-11
1.235229667e+01  3.4947544e-11  3.49475e-11  3.29589e-14  3.49146e-11
1.241405815e+01  3.5194323e-11  3.51943e-11  3.19152e-14  3.51624e-11
1.247612845e+01  3.5440288e-11  3.54403e-11  3.08818e-14  3.54094e-11
1.253850909e+01  3.5680721e-11  3.56807e-11  2.98963e-14  3.56508e-11
1.260120163e+01  3.5922991e-11  3.59230e-11  2.88986e-14  3.58941e-11
1.266420764e+01  3.6167107e-11  3.61671e-11  2.78892e-14  3.61392e-11
1.272752868e+01  3.6395657e-11  3.63957e-11  2.70032e-14  3.63687e-11
1.279116632e+01  3.6596506e-11  3.65965e-11  2.63279e-14  3.65702e-11
1.285512215e+01  3.6764520e-11  3.67645e-11  2.58938e-14  3.67386e-11
1.291939776e+01  3.6905318e-11  3.69053e-11  2.56495e-14  3.68797e-11
1.298399475e+01  3.7046750e-11  3.70467e-11  2.53840e-14  3.70214e-11
1.304891473e+01  3.7195699e-11  3.71957e-11  2.50483e-14  3.71707e-11
1.311415930e+01  3.7321467e-11  3.73215e-11  2.48637e-14  3.72966e-11
1.317973010e+01  3.7429914e-11  3.74299e-11  2.47833e-14  3.74051e-11
1.324562875e+01  3.7590256e-11  3.75903e-11  2.43227e-14  3.75659e-11
1.331185689e+01  3.7800593e-11  3.78006e-11  2.35094e-14  3.77771e-11
1.337841618e+01  3.8026094e-11  3.80261e-11  2.25926e-14  3.80035e-11
1.344530826e+01  3.8219081e-11  3.82191e-11  2.18947e-14  3.81972e-11
1.351253480e+01  3.8348629e-11  3.83486e-11  2.16113e-14  3.83270e-11
1.358009747e+01  3.8402531e-11  3.84025e-11  2.18066e-14  3.83807e-11
1.364799796e+01  3.8370963e-11  3.83710e-11  2.25258e-14  3.83484e-11
1.371623795e+01  3.8361700e-11  3.83617e-11  2.30652e-14  3.83386e-11
1.378481914e+01  3.8401773e-11  3.84018e-11  2.32616e-14  3.83785e-11
1.385374323e+01  3.8548290e-11  3.85483e-11  2.27736e-14  3.85255e-11
1.392301195e+01  3.8786999e-11  3.87870e-11  2.17133e-14  3.87653e-11
1.399262701e+01  3.9037206e-11  3.90372e-11  2.05894e-14  3.90166e-11
1.406259015e+01  3.9267682e-11  3.92677e-11  1.95908e-14  3.92481e-11
1.413290310e+01  3.9457062e-11  3.94571e-11  1.88396e-14  3.94382e-11
1.420356761e+01  3.9595260e-11  3.95953e-11  1.83859e-14  3.95769e-11
1.427458545e+01  3.9713438e-11  3.97134e-11  1.80397e-14  3.96954e-11
1.434595838e+01  3.9843913e-11  3.98439e-11  1.76132e-14  3.98263e-11
1.441768817e+01  3.9990199e-11  3.99902e-11  1.70896e-14  3.99731e-11
1.448977661e+01  4.0077371e-11  4.00774e-11  1.68893e-14  4.00605e-11
1.456222549e+01  4.0141163e-11  4.01412e-11  1.68047e-14  4.01244e-11
1.463503662e+01  4.0223636e-11  4.02236e-11  1.66030e-14  4.02070e-11
1.470821180e+01  4.0324052e-11  4.03241e-11  1.62923e-14  4.03078e-11
1.478175286e+01  4.0392412e-11  4.03924e-11  1.61422e-14  4.03763e-11
1.485566163e+01  4.0416447e-11  4.04164e-11  1.62118e-14  4.04002e-11
1.492993994e+01  4.0402024e-11  4.04020e-11  1.64634e-14  4.03856e-11
1.500458964e+01  4.0417145e-11  4.04171e-11  1.65413e-14  4.04006e-11
1.507961258e+01  4.0533278e-11  4.05333e-11  1.60878e-14  4.05172e-11
1.515501065e+01  4.0684702e-11  4.06847e-11  1.54509e-14  4.06693e-11
1.523078570e+01  4.0797452e-11  4.07975e-11  1.50047e-14  4.07824e-11
1.530693963e+01  4.0595928e-11  4.05959e-11  1.60994e-14  4.05798e-11
1.538347433e+01  4.0208798e-11  4.02088e-11  1.80592e-14  4.01907e-11
1.546039170e+01  3.9541421e-11  3.95414e-11  2.13122e-14  3.95201e-11
1.553769366e+01  3.8639435e-11  3.86394e-11  2.55997e-14  3.86138e-11
1.561538212e+01  3.8133682e-11  3.81337e-11  2.79137e-14  3.81058e-11
1.569345903e+01  3.7796833e-11  3.77968e-11  2.93764e-14  3.77675e-11
1.577192633e+01  3.7632970e-11  3.76330e-11  2.99952e-14  3.76030e-11
1.585078596e+01  3.7654909e-11  3.76549e-11  2.97376e-14  3.76252e-11
1.593003989e+01  3.7768969e-11  3.77690e-11  2.90543e-14  3.77399e-11
1.600969009e+01  3.7962587e-11  3.79626e-11  2.80146e-14  3.79346e-11
1.608973854e+01  3.8201104e-11  3.82011e-11  2.67831e-14  3.81743e-11
1.617018723e+01  3.8474438e-11  3.84744e-11  2.54101e-14  3.84490e-11
1.625103817e+01  3.8533923e-11  3.85339e-11  2.49801e-14  3.85089e-11
1.633229336e+01  3.8407495e-11  3.84075e-11  2.53450e-14  3.83821e-11
1.641395483e+01  3.8130268e-11  3.81303e-11  2.63320e-14  3.81039e-11
1.649602460e+01  3.7789112e-11  3.77891e-11  2.75564e-14  3.77616e-11
1.657850473e+01  3.7273684e-11  3.72737e-11  2.94720e-14  3.72442e-11
1.666139725e+01  3.6954006e-11  3.69540e-11  3.05288e-14  3.69235e-11
1.674470424e+01  3.6517153e-11  3.65172e-11  3.20328e-14  3.64851e-11
1.682842776e+01  3.6175603e-11  3.61756e-11  3.31094e-14  3.61425e-11
1.691256990e+01  3.5888375e-11  3.58884e-11  3.39355e-14  3.58544e-11
1.699713274e+01  3.5771216e-11  3.57712e-11  3.40575e-14  3.57372e-11
1.708211841e+01  3.5819700e-11  3.58197e-11  3.35128e-14  3.57862e-11
1.716752900e+01  3.5949888e-11  3.59499e-11  3.26479e-14  3.59172e-11
1.725336665e+01  3.6096851e-11  3.60969e-11  3.17230e-14  3.60651e-11
1.733963348e+01  3.6182038e-11  3.61820e-11  3.10410e-14  3.61510e-11
1.742633165e+01  3.6136279e-11  3.61363e-11  3.08580e-14  3.61054e-11
1.751346330e+01  3.6018807e-11  3.60188e-11  3.09376e-14  3.59879e-11
1.760103062e+01  3.5917415e-11  3.59174e-11  3.09455e-14  3.58865e-11
1.768903577e+01  3.5895947e-11  3.58959e-11  3.06478e-14  3.58653e-11
1.777748095e+01  3.5903680e-11  3.59037e-11  3.02385e-14  3.58734e-11
1.786636836e+01  3.5854824e-11  3.58548e-11  3.00320e-14  3.58248e-11
1.795570020e+01  3.5745558e-11  3.57456e-11  3.00369e-14  3.57155e-11
1.804547870e+01  3.5553214e-11  3.55532e-11  3.03284e-14  3.55229e-11
1.813570609e+01  3.5218815e-11  3.52188e-11  3.11077e-14  3.51877e-11
1.822638462e+01  3.4831314e-11  3.48313e-11  3.20505e-14  3.47993e-11
1.831751655e+01  3.4414133e-11  3.44141e-11  3.30711e-14  3.43811e-11
1.840910413e+01  3.4115270e-11  3.41153e-11  3.36580e-14  3.40816e-11
1.850114965e+01  3.4058063e-11  3.40581e-11  3.34010e-14  3.40247e-11
1.859365540e+01  3.4166685e-11  3.41667e-11  3.25784e-14  3.41341e-11
1.868662368e+01  3.4326357e-11  3.43264e-11  3.15900e-14  3.42948e-11
1.878005679e+01  3.4451110e-11  3.44511e-11  3.07261e-14  3.44204e-11
1.887395708e+01  3.4488449e-11  3.44884e-11  3.01572e-14  3.44583e-11
1.896832686e+01  3.4486905e-11  3.44869e-11  2.97172e-14  3.44572e-11
1.906316850e+01  3.4410219e-11  3.44102e-11  2.95208e-14  3.43807e-11
1.915848434e+01  3.4224948e-11  3.42249e-11  2.96698e-14  3.41953e-11
1.925427676e+01  3.4014605e-11  3.40146e-11  2.98891e-14  3.39847e-11
1.935054815e+01  3.3759914e-11  3.37599e-11  3.02383e-14  3.37297e-11
1.944730089e+01  3.3516289e-11  3.35163e-11  3.05399e-14  3.34857e-11
1.954453739e+01  3.3386547e-11  3.33865e-11  3.04747e-14  3.33561e-11
1.964226008e+01  3.3352107e-11  3.33521e-11  3.01090e-14  3.33220e-11
1.974047138e+01  3.3413345e-11  3.34133e-11  2.94486e-14  3.33839e-11
1.983917374e+01  3.3488435e-11  3.34884e-11  2.87498e-14  3.34597e-11
1.993836960e+01  3.3602921e-11  3.36029e-11  2.79365e-14  3.35750e-11
2.003806145e+01  3.3716487e-11  3.37165e-11  2.71323e-14  3.36894e-11
2.013825176e+01  3.3872102e-11  3.38721e-11  2.62093e-14  3.38459e-11
2.023894302e+01  3.4001970e-11  3.40020e-11  2.53704e-14  3.39766e-11
2.034013773e+01  3.4067658e-11  3.40677e-11  2.47265e-14  3.40429e-11
2.044183842e+01  3.4082661e-11  3.40827e-11  2.42341e-14  3.40584e-11
2.054404761e+01  3.4042232e-11  3.40422e-11  2.39035e-14  3.40183e-11
2.064676785e+01  3.4041476e-11  3.40415e-11  2.34588e-14  3.40180e-11
2.075000169e+01  3.4111223e-11  3.41112e-11  2.28148e-14  3.40884e-11
2.085375170e+01  3.4238411e-11  3.42384e-11  2.20131e-14  3.42164e-11
2.095802046e+01  3.4374114e-11  3.43741e-11  2.11941e-14  3.43529e-11
2.106281056e+01  3.4480703e-11  3.44807e-11  2.04631e-14  3.44602e-11
2.116812461e+01  3.4523407e-11  3.45234e-11  1.99143e-14  3.45035e-11
2.127396524e+01  3.4534649e-11  3.45346e-11  1.94550e-14  3.45152e-11
2.138033506e+01  3.4528325e-11  3.45283e-11  1.90455e-14  3.45093e-11
2.148723674e+01  3.4561977e-11  3.45620e-11  1.85293e-14  3.45434e-11
2.159467292e+01  3.4655477e-11  3.46555e-11  1.78553e-14  3.46376e-11
2.170264629e+01  3.4773417e-11  3.47734e-11  1.71214e-14  3.47563e-11
2.181115952e+01  3.4897141e-11  3.48971e-11  1.63783e-14  3.48808e-11
2.192021532e+01  3.5023311e-11  3.50233e-11  1.56350e-14  3.50077e-11
2.202981639e+01  3.5127027e-11  3.51270e-11  1.49566e-14  3.51121e-11
2.213996547e+01  3.5247464e-11  3.52475e-11  1.42403e-14  3.52332e-11
2.225066530e+01  3.5332192e-11  3.53322e-11  1.36219e-14  3.53186e-11
2.236191863e+01  3.5361301e-11  3.53613e-11  1.31506e-14  3.53482e-11
2.247372822e+01  3.5320766e-11  3.53208e-11  1.28590e-14  3.53079e-11
2.258609686e+01  3.5184299e-11  3.51843e-11  1.28099e-14  3.51715e-11
2.269902735e+01  3.4922351e-11  3.49224e-11  1.30728e-14  3.49093e-11
2.281252248e+01  3.4540090e-11  3.45401e-11  1.36285e-14  3.45265e-11
2.292658510e+01  3.4146904e-11  3.41469e-11  1.42009e-14  3.41327e-11
2.304121802e+01  3.3737794e-11  3.37378e-11  1.48018e-14  3.37230e-11
2.315642411e+01  3.3365548e-11  3.33655e-11  1.53020e-14  3.33502e-11
2.327220623e+01  3.3115769e-11  3.31158e-11  1.54956e-14  3.31003e-11
2.338856726e+01  3.2951951e-11  3.29520e-11  1.54766e-14  3.29365e-11
2.350551010e+01  3.2803195e-11  3.28032e-11  1.54191e-14  3.27878e-11
2.362303765e+01  3.2674052e-11  3.26741e-11  1.53128e-14  3.26587e-11
2.374115284e+01  3.2549561e-11  3.25496e-11  1.51943e-14  3.25344e-11
2.385985860e+01  3.2438601e-11  3.24386e-11  1.50430e-14  3.24236e-11
2.397915789e+01  3.2352239e-11  3.23522e-11  1.48335e-14  3.23374e-11
2.409905368e+01  3.2260984e-11  3.22610e-11  1.46357e-14  3.22463e-11
2.421954895e+01  3.2139210e-11  3.21392e-11  1.45083e-14  3.21247e-11
2.434064670e+01  3.1976939e-11  3.19769e-11  1.44732e-14  3.19625e-11
2.446234993e+01  3.1791374e-11  3.17914e-11  1.44895e-14  3.17769e-11
2.458466168e+01  3.1586201e-11  3.15862e-11  1.45479e-14  3.15717e-11
2.470758499e+01  3.1356372e-11  3.13564e-11  1.46591e-14  3.13417e-11
2.483112291e+01  3.1104823e-11  3.11048e-11  1.48156e-14  3.10900e-11
2.495527853e+01  3.0826957e-11  3.08270e-11  1.50270e-14  3.08119e-11
