# ------------------------------------------------------------------------
# Radiance spectrum
# NASA-GSFC Planetary Spectrum Generator (PSG) (Villanueva et al. 2018, 2022)
# Synthesized on Sat Mar 16 23:57:22 2024
# Doppler velocities [km/s] (vobs,vrot+vorb,vwidth,vrfl,vstr): 0.00000,0.00000,0.00000,-119.41115,-0.00000
# Spectral unit: Wavelength [um]
# Radiance unit: Spectral irradiance [W/m2/um]
# Wave/freq Total Object Reflected Thermal
5.000000000e-01  2.4314504e-13  2.43145e-13  2.43145e-13  1.05024e-46
5.025000000e-01  2.5188000e-13  2.51880e-13  2.51880e-13  1.61615e-46
5.050125000e-01  2.5741455e-13  2.57415e-13  2.57415e-13  2.51314e-46
5.075375625e-01  2.6153603e-13  2.61536e-13  2.61536e-13  3.92134e-46
5.100752503e-01  2.6567692e-13  2.65677e-13  2.65677e-13  6.10430e-46
5.126256266e-01  2.6921655e-13  2.69217e-13  2.69217e-13  9.50379e-46
5.151887547e-01  2.7277813e-13  2.72778e-13  2.72778e-13  1.47617e-45
5.177646985e-01  2.7639322e-13  2.76393e-13  2.76393e-13  2.28719e-45
5.203535220e-01  2.7996601e-13  2.79966e-13  2.79966e-13  3.53642e-45
5.229552896e-01  2.8314851e-13  2.83149e-13  2.83149e-13  5.46402e-45
5.255700660e-01  2.8648017e-13  2.86480e-13  2.86480e-13  8.41848e-45
5.281979164e-01  2.9032749e-13  2.90327e-13  2.90327e-13  1.29159e-44
5.308389059e-01  2.9424266e-13  2.94243e-13  2.94243e-13  1.97670e-44
5.334931005e-01  2.9828807e-13  2.98288e-13  2.98288e-13  3.01710e-44
5.361605660e-01  3.0243786e-13  3.02438e-13  3.02438e-13  4.59319e-44
5.388413688e-01  3.0671640e-13  3.06716e-13  3.06716e-13  6.97400e-44
5.415355756e-01  3.1094217e-13  3.10942e-13  3.10942e-13  1.05680e-43
5.442432535e-01  3.1513592e-13  3.15136e-13  3.15136e-13  1.59817e-43
5.469644698e-01  3.1906247e-13  3.19062e-13  3.19062e-13  2.41409e-43
5.496992921e-01  3.2289673e-13  3.22897e-13  3.22897e-13  3.64000e-43
5.524477886e-01  3.2632751e-13  3.26328e-13  3.26328e-13  5.48499e-43
5.552100275e-01  3.2972688e-13  3.29727e-13  3.29727e-13  8.24839e-43
5.579860777e-01  3.3338847e-13  3.33388e-13  3.33388e-13  1.23654e-42
5.607760081e-01  3.3677801e-13  3.36778e-13  3.36778e-13  1.85167e-42
5.635798881e-01  3.3944288e-13  3.39443e-13  3.39443e-13  2.77432e-42
5.663977875e-01  3.4223428e-13  3.42234e-13  3.42234e-13  4.14589e-42
5.692297765e-01  3.4516717e-13  3.45167e-13  3.45167e-13  6.17918e-42
5.720759254e-01  3.4772010e-13  3.47720e-13  3.47720e-13  9.20286e-42
5.749363050e-01  3.5011736e-13  3.50117e-13  3.50117e-13  1.36848e-41
5.778109865e-01  3.5269740e-13  3.52697e-13  3.52697e-13  2.02931e-41
5.807000414e-01  3.5509437e-13  3.55094e-13  3.55094e-13  3.00489e-41
5.836035417e-01  3.5692605e-13  3.56926e-13  3.56926e-13  4.44901e-41
5.865215594e-01  3.5901417e-13  3.59014e-13  3.59014e-13  6.56733e-41
5.894541672e-01  3.6132494e-13  3.61325e-13  3.61325e-13  9.66653e-41
5.924014380e-01  3.6307796e-13  3.63078e-13  3.63078e-13  1.42261e-40
5.953634452e-01  3.6471681e-13  3.64717e-13  3.64717e-13  2.09009e-40
5.983402624e-01  3.6669655e-13  3.66697e-13  3.66697e-13  3.06082e-40
6.013319637e-01  3.6870390e-13  3.68704e-13  3.68704e-13  4.47277e-40
6.043386235e-01  3.7074622e-13  3.70746e-13  3.70746e-13  6.52196e-40
6.073603167e-01  3.7236581e-13  3.72366e-13  3.72366e-13  9.50400e-40
6.103971182e-01  3.7375887e-13  3.73759e-13  3.73759e-13  1.38316e-39
6.134491038e-01  3.7460810e-13  3.74608e-13  3.74608e-13  2.01243e-39
6.165163494e-01  3.7567962e-13  3.75680e-13  3.75680e-13  2.91987e-39
6.195989311e-01  3.7698457e-13  3.76985e-13  3.76985e-13  4.22472e-39
6.226969258e-01  3.7755660e-13  3.77557e-13  3.77557e-13  6.11462e-39
6.258104104e-01  3.7827650e-13  3.78276e-13  3.78276e-13  8.82784e-39
6.289394624e-01  3.7984082e-13  3.79841e-13  3.79841e-13  1.26859e-38
6.320841597e-01  3.8138989e-13  3.81390e-13  3.81390e-13  1.81951e-38
6.352445805e-01  3.8299452e-13  3.82995e-13  3.82995e-13  2.60415e-38
6.384208035e-01  3.8550217e-13  3.85502e-13  3.85502e-13  3.70964e-38
6.416129075e-01  3.8776122e-13  3.87761e-13  3.87761e-13  5.27836e-38
6.448209720e-01  3.8976802e-13  3.89768e-13  3.89768e-13  7.50192e-38
6.480450769e-01  3.9236315e-13  3.92363e-13  3.92363e-13  1.06229e-37
6.512853022e-01  3.9464153e-13  3.94642e-13  3.94642e-13  1.50285e-37
6.545417288e-01  3.9637306e-13  3.96373e-13  3.96373e-13  2.12563e-37
6.578144374e-01  3.9853038e-13  3.98530e-13  3.98530e-13  2.99701e-37
6.611035096e-01  4.0097227e-13  4.00972e-13  4.00972e-13  4.21414e-37
6.644090271e-01  4.0384986e-13  4.03850e-13  4.03850e-13  5.90689e-37
6.677310723e-01  4.0576133e-13  4.05761e-13  4.05761e-13  8.28830e-37
6.710697276e-01  4.0686572e-13  4.06866e-13  4.06866e-13  1.16363e-36
6.744250763e-01  4.0669810e-13  4.06698e-13  4.06698e-13  1.63677e-36
6.777972017e-01  4.0751480e-13  4.07515e-13  4.07515e-13  2.29133e-36
6.811861877e-01  4.0870334e-13  4.08703e-13  4.08703e-13  3.19829e-36
6.845921186e-01  4.1020783e-13  4.10208e-13  4.10208e-13  4.45204e-36
6.880150792e-01  4.1086487e-13  4.10865e-13  4.10865e-13  6.20127e-36
6.914551546e-01  4.1010280e-13  4.10103e-13  4.10103e-13  8.65714e-36
6.949124304e-01  4.0754093e-13  4.07541e-13  4.07541e-13  1.21244e-35
6.983869925e-01  4.0701358e-13  4.07014e-13  4.07014e-13  1.68513e-35
7.018789275e-01  4.0582242e-13  4.05822e-13  4.05822e-13  2.34211e-35
7.053883221e-01  4.0405422e-13  4.04054e-13  4.04054e-13  3.25433e-35
7.089152637e-01  4.0269410e-13  4.02694e-13  4.02694e-13  4.50844e-35
7.124598400e-01  4.0045936e-13  4.00459e-13  4.00459e-13  6.24900e-35
7.160221392e-01  3.9797313e-13  3.97973e-13  3.97973e-13  8.65108e-35
7.196022499e-01  3.9588182e-13  3.95882e-13  3.95882e-13  1.19419e-34
7.232002612e-01  3.9397084e-13  3.93971e-13  3.93971e-13  1.64468e-34
7.268162625e-01  3.9167002e-13  3.91670e-13  3.91670e-13  2.26328e-34
7.304503438e-01  3.8884347e-13  3.88843e-13  3.88843e-13  3.11303e-34
7.341025955e-01  3.8522002e-13  3.85220e-13  3.85220e-13  4.28246e-34
7.377731085e-01  3.8209924e-13  3.82099e-13  3.82099e-13  5.87304e-34
7.414619740e-01  3.7856683e-13  3.78567e-13  3.78567e-13  8.04783e-34
7.451692839e-01  3.7418414e-13  3.74184e-13  3.74184e-13  1.10302e-33
7.488951303e-01  3.7061857e-13  3.70619e-13  3.70619e-13  1.50609e-33
7.526396060e-01  3.6672793e-13  3.66728e-13  3.66728e-13  2.05432e-33
7.564028040e-01  3.6301513e-13  3.63015e-13  3.63015e-13  2.79597e-33
7.601848180e-01  3.5975497e-13  3.59755e-13  3.59755e-13  3.79478e-33
7.639857421e-01  3.5442234e-13  3.54422e-13  3.54422e-13  5.16540e-33
7.678056708e-01  3.5013553e-13  3.50136e-13  3.50136e-13  7.00210e-33
7.716446992e-01  3.4604762e-13  3.46048e-13  3.46048e-13  9.47124e-33
7.755029227e-01  3.4176537e-13  3.41765e-13  3.41765e-13  1.27944e-32
7.793804373e-01  3.3773378e-13  3.37734e-13  3.37734e-13  1.72447e-32
7.832773395e-01  3.3393098e-13  3.33931e-13  3.33931e-13  2.31928e-32
7.871937262e-01  3.3037544e-13  3.30375e-13  3.30375e-13  3.11245e-32
7.911296948e-01  3.2678499e-13  3.26785e-13  3.26785e-13  4.17035e-32
7.950853433e-01  3.2275373e-13  3.22754e-13  3.22754e-13  5.58374e-32
7.990607700e-01  3.1967396e-13  3.19674e-13  3.19674e-13  7.44963e-32
8.030560739e-01  3.1670207e-13  3.16702e-13  3.16702e-13  9.92114e-32
8.070713542e-01  3.1353718e-13  3.13537e-13  3.13537e-13  1.31969e-31
8.111067110e-01  3.1022034e-13  3.10220e-13  3.10220e-13  1.75321e-31
8.151622446e-01  3.0707932e-13  3.07079e-13  3.07079e-13  2.32471e-31
8.192380558e-01  3.0385336e-13  3.03853e-13  3.03853e-13  3.07825e-31
8.233342461e-01  3.0014125e-13  3.00141e-13  3.00141e-13  4.07361e-31
8.274509173e-01  2.9691104e-13  2.96911e-13  2.96911e-13  5.37756e-31
8.315881719e-01  2.9415658e-13  2.94157e-13  2.94157e-13  7.08178e-31
8.357461127e-01  2.9150161e-13  2.91502e-13  2.91502e-13  9.31042e-31
8.399248433e-01  2.8879078e-13  2.88791e-13  2.88791e-13  1.22236e-30
8.441244675e-01  2.8663368e-13  2.86634e-13  2.86634e-13  1.60081e-30
8.483450899e-01  2.8434842e-13  2.84348e-13  2.84348e-13  2.09389e-30
8.525868153e-01  2.8243792e-13  2.82438e-13  2.82438e-13  2.73300e-30
8.568497494e-01  2.8058179e-13  2.80582e-13  2.80582e-13  3.56171e-30
8.611339981e-01  2.7842609e-13  2.78426e-13  2.78426e-13  4.63767e-30
8.654396681e-01  2.7613598e-13  2.76136e-13  2.76136e-13  6.03157e-30
8.697668665e-01  2.7379439e-13  2.73794e-13  2.73794e-13  7.83409e-30
8.741157008e-01  2.7199581e-13  2.71996e-13  2.71996e-13  1.01510e-29
8.784862793e-01  2.6999017e-13  2.69990e-13  2.69990e-13  1.31398e-29
8.828787107e-01  2.6794289e-13  2.67943e-13  2.67943e-13  1.69864e-29
8.872931042e-01  2.6599473e-13  2.65995e-13  2.65995e-13  2.19250e-29
8.917295698e-01  2.6418735e-13  2.64187e-13  2.64187e-13  2.82535e-29
8.961882176e-01  2.6228197e-13  2.62282e-13  2.62282e-13  3.63658e-29
9.006691587e-01  2.5994095e-13  2.59941e-13  2.59941e-13  4.67801e-29
9.051725045e-01  2.5824507e-13  2.58245e-13  2.58245e-13  6.00273e-29
9.096983670e-01  2.5450751e-13  2.54508e-13  2.54508e-13  7.71999e-29
9.142468589e-01  2.5032102e-13  2.50321e-13  2.50321e-13  9.92283e-29
9.188180931e-01  2.4650214e-13  2.46502e-13  2.46502e-13  1.27288e-28
9.234121836e-01  2.4369306e-13  2.43693e-13  2.43693e-13  1.62780e-28
9.280292445e-01  2.4060140e-13  2.40601e-13  2.40601e-13  2.07996e-28
9.326693908e-01  2.3621716e-13  2.36217e-13  2.36217e-13  2.66010e-28
9.373327377e-01  2.3206329e-13  2.32063e-13  2.32063e-13  3.39621e-28
9.420194014e-01  2.2812367e-13  2.28124e-13  2.28124e-13  4.32875e-28
9.467294984e-01  2.2304522e-13  2.23045e-13  2.23045e-13  5.52071e-28
9.514631459e-01  2.1788055e-13  2.17881e-13  2.17881e-13  7.03262e-28
9.562204616e-01  2.1298286e-13  2.12983e-13  2.12983e-13  8.94291e-28
9.610015639e-01  2.0782879e-13  2.07829e-13  2.07829e-13  1.13621e-27
9.658065718e-01  2.0273868e-13  2.02739e-13  2.02739e-13  1.44156e-27
9.706356046e-01  1.9823561e-13  1.98236e-13  1.98236e-13  1.82490e-27
9.754887826e-01  1.9386191e-13  1.93862e-13  1.93862e-13  2.30677e-27
9.803662265e-01  1.8859178e-13  1.88592e-13  1.88592e-13  2.91642e-27
9.852680577e-01  1.8600810e-13  1.86008e-13  1.86008e-13  3.66682e-27
9.901943980e-01  1.8186922e-13  1.81869e-13  1.81869e-13  4.61611e-27
9.951453700e-01  1.7750413e-13  1.77504e-13  1.77504e-13  5.80610e-27
1.000121097e+00  1.7459948e-13  1.74599e-13  1.74599e-13  7.27721e-27
1.005121702e+00  1.7143475e-13  1.71435e-13  1.71435e-13  9.11389e-27
1.010147311e+00  1.6833467e-13  1.68335e-13  1.68335e-13  1.13994e-26
1.015198047e+00  1.6481561e-13  1.64816e-13  1.64816e-13  1.42504e-26
1.020274038e+00  1.6190264e-13  1.61903e-13  1.61903e-13  1.77767e-26
1.025375408e+00  1.5894225e-13  1.58942e-13  1.58942e-13  2.21512e-26
1.030502285e+00  1.5671353e-13  1.56714e-13  1.56714e-13  2.75390e-26
1.035654796e+00  1.5372315e-13  1.53723e-13  1.53723e-13  3.42381e-26
1.040833070e+00  1.5287021e-13  1.52870e-13  1.52870e-13  4.23778e-26
1.046037236e+00  1.5400761e-13  1.54008e-13  1.54008e-13  5.22314e-26
1.051267422e+00  1.5338005e-13  1.53380e-13  1.53380e-13  6.44792e-26
1.056523759e+00  1.5280248e-13  1.52802e-13  1.52802e-13  7.95030e-26
1.061806378e+00  1.5275870e-13  1.52759e-13  1.52759e-13  9.78357e-26
1.067115410e+00  1.5243786e-13  1.52438e-13  1.52438e-13  1.20313e-25
1.072450987e+00  1.5342998e-13  1.53430e-13  1.53430e-13  1.47486e-25
1.077813242e+00  1.5450449e-13  1.54504e-13  1.54504e-13  1.80569e-25
1.083202308e+00  1.5507849e-13  1.55078e-13  1.55078e-13  2.21002e-25
1.088618319e+00  1.5663884e-13  1.56639e-13  1.56639e-13  2.69766e-25
1.094061411e+00  1.6043178e-13  1.60432e-13  1.60432e-13  3.27748e-25
1.099531718e+00  1.6269866e-13  1.62699e-13  1.62699e-13  3.98713e-25
1.105029377e+00  1.6394866e-13  1.63949e-13  1.63949e-13  4.85303e-25
1.110554523e+00  1.6551857e-13  1.65519e-13  1.65519e-13  5.89742e-25
1.116107296e+00  1.6792553e-13  1.67926e-13  1.67926e-13  7.14887e-25
1.121687832e+00  1.7072967e-13  1.70730e-13  1.70730e-13  8.65055e-25
1.127296272e+00  1.7330242e-13  1.73302e-13  1.73302e-13  1.04600e-24
1.132932753e+00  1.7577600e-13  1.75776e-13  1.75776e-13  1.26362e-24
1.138597417e+00  1.7780531e-13  1.77805e-13  1.77805e-13  1.52597e-24
1.144290404e+00  1.7942417e-13  1.79424e-13  1.79424e-13  1.84208e-24
1.150011856e+00  1.8071963e-13  1.80720e-13  1.80720e-13  2.22253e-24
1.155761915e+00  1.8183877e-13  1.81839e-13  1.81839e-13  2.67952e-24
1.161540725e+00  1.8312456e-13  1.83125e-13  1.83125e-13  3.22614e-24
1.167348428e+00  1.8549905e-13  1.85499e-13  1.85499e-13  3.87281e-24
1.173185171e+00  1.8600837e-13  1.86008e-13  1.86008e-13  4.65939e-24
1.179051096e+00  1.8631704e-13  1.86317e-13  1.86317e-13  5.60193e-24
1.184946352e+00  1.8924081e-13  1.89241e-13  1.89241e-13  6.69707e-24
1.190871084e+00  1.9035673e-13  1.90357e-13  1.90357e-13  8.02365e-24
1.196825439e+00  1.9029260e-13  1.90293e-13  1.90293e-13  9.62357e-24
1.202809566e+00  1.9137903e-13  1.91379e-13  1.91379e-13  1.15070e-23
1.208823614e+00  1.9211534e-13  1.92115e-13  1.92115e-13  1.37538e-23
1.214867732e+00  1.9195802e-13  1.91958e-13  1.91958e-13  1.64496e-23
1.220942071e+00  1.9369179e-13  1.93692e-13  1.93692e-13  1.95862e-23
1.227046781e+00  1.9500803e-13  1.95008e-13  1.95008e-13  2.33150e-23
1.233182015e+00  1.9574966e-13  1.95750e-13  1.95750e-13  2.77557e-23
1.239347925e+00  1.9679714e-13  1.96797e-13  1.96797e-13  3.29904e-23
1.245544665e+00  1.9778389e-13  1.97784e-13  1.97784e-13  3.91780e-23
1.251772388e+00  1.9955753e-13  1.99558e-13  1.99558e-13  4.64107e-23
1.258031250e+00  2.0060879e-13  2.00609e-13  2.00609e-13  5.49996e-23
1.264321406e+00  2.0177187e-13  2.01772e-13  2.01772e-13  6.50999e-23
1.270643013e+00  2.0305253e-13  2.03053e-13  2.03053e-13  7.69620e-23
1.276996228e+00  2.0512034e-13  2.05120e-13  2.05120e-13  9.07560e-23
1.283381209e+00  2.0697778e-13  2.06978e-13  2.06978e-13  1.06960e-22
1.289798116e+00  2.0928587e-13  2.09286e-13  2.09286e-13  1.25818e-22
1.296247106e+00  2.1167918e-13  2.11679e-13  2.11679e-13  1.47826e-22
1.302728342e+00  2.1277770e-13  2.12778e-13  2.12778e-13  1.73969e-22
1.309241983e+00  2.1438257e-13  2.14383e-13  2.14383e-13  2.04326e-22
1.315788193e+00  2.1753487e-13  2.17535e-13  2.17535e-13  2.38978e-22
1.322367134e+00  2.2088822e-13  2.20888e-13  2.20888e-13  2.79097e-22
1.328978970e+00  2.2352545e-13  2.23525e-13  2.23525e-13  3.26109e-22
1.335623865e+00  2.2651691e-13  2.26517e-13  2.26517e-13  3.80364e-22
1.342301984e+00  2.2912263e-13  2.29123e-13  2.29123e-13  4.43563e-22
1.349013494e+00  2.3133304e-13  2.31333e-13  2.31333e-13  5.17192e-22
1.355758561e+00  2.3480892e-13  2.34809e-13  2.34809e-13  6.00748e-22
1.362537354e+00  2.3849570e-13  2.38496e-13  2.38496e-13  6.96732e-22
1.369350041e+00  2.4174786e-13  2.41748e-13  2.41748e-13  8.07993e-22
1.376196791e+00  2.4436818e-13  2.44368e-13  2.44368e-13  9.37423e-22
1.383077775e+00  2.4793967e-13  2.47940e-13  2.47940e-13  1.08405e-21
1.389993164e+00  2.5176879e-13  2.51769e-13  2.51769e-13  1.25149e-21
1.396943130e+00  2.5419623e-13  2.54196e-13  2.54196e-13  1.44816e-21
1.403927846e+00  2.5837048e-13  2.58370e-13  2.58370e-13  1.66684e-21
1.410947485e+00  2.6198790e-13  2.61988e-13  2.61988e-13  1.91907e-21
1.418002222e+00  2.6539628e-13  2.65396e-13  2.65396e-13  2.20823e-21
1.425092233e+00  2.6981954e-13  2.69820e-13  2.69820e-13  2.53153e-21
1.432217694e+00  2.7404021e-13  2.74040e-13  2.74040e-13  2.90030e-21
1.439378783e+00  2.7758746e-13  2.77587e-13  2.77587e-13  3.32496e-21
1.446575677e+00  2.8176544e-13  2.81765e-13  2.81765e-13  3.80096e-21
1.453808555e+00  2.8534556e-13  2.85346e-13  2.85346e-13  4.34725e-21
1.461077598e+00  2.8915937e-13  2.89159e-13  2.89159e-13  4.96312e-21
1.468382986e+00  2.9180391e-13  2.91804e-13  2.91804e-13  5.67894e-21
1.475724901e+00  2.9605460e-13  2.96055e-13  2.96055e-13  6.46037e-21
1.483103525e+00  2.9901541e-13  2.99015e-13  2.99015e-13  7.36894e-21
1.490519043e+00  3.0273555e-13  3.02736e-13  3.02736e-13  8.37644e-21
1.497971638e+00  3.0581182e-13  3.05812e-13  3.05812e-13  9.52955e-21
1.505461496e+00  3.0842659e-13  3.08427e-13  3.08427e-13  1.08452e-20
1.512988804e+00  3.1128451e-13  3.11285e-13  3.11284e-13  1.23192e-20
1.520553748e+00  3.1407391e-13  3.14074e-13  3.14074e-13  1.39812e-20
1.528156517e+00  3.1562565e-13  3.15626e-13  3.15626e-13  1.59159e-20
1.535797299e+00  3.1879681e-13  3.18797e-13  3.18797e-13  1.80001e-20
1.543476286e+00  3.2042832e-13  3.20428e-13  3.20428e-13  2.04430e-20
1.551193667e+00  3.2424709e-13  3.24247e-13  3.24247e-13  2.30137e-20
1.558949636e+00  3.2610749e-13  3.26107e-13  3.26107e-13  2.60592e-20
1.566744384e+00  3.2821859e-13  3.28219e-13  3.28219e-13  2.94494e-20
1.574578106e+00  3.2862053e-13  3.28621e-13  3.28620e-13  3.34595e-20
1.582450996e+00  3.3009476e-13  3.30095e-13  3.30095e-13  3.78267e-20
1.590363251e+00  3.3105954e-13  3.31060e-13  3.31060e-13  4.28052e-20
1.598315067e+00  3.3099539e-13  3.30995e-13  3.30995e-13  4.85891e-20
1.606306643e+00  3.3308636e-13  3.33086e-13  3.33086e-13  5.46358e-20
1.614338176e+00  3.3223462e-13  3.32235e-13  3.32235e-13  6.21050e-20
1.622409867e+00  3.3258975e-13  3.32590e-13  3.32590e-13  7.01930e-20
1.630521916e+00  3.3326126e-13  3.33261e-13  3.33261e-13  7.91594e-20
1.638674526e+00  3.3279505e-13  3.32795e-13  3.32795e-13  8.96173e-20
1.646867898e+00  3.3211108e-13  3.32111e-13  3.32111e-13  1.01469e-19
1.655102238e+00  3.3141594e-13  3.31416e-13  3.31416e-13  1.14804e-19
1.663377749e+00  3.3090069e-13  3.30901e-13  3.30901e-13  1.29689e-19
1.671694638e+00  3.3071319e-13  3.30713e-13  3.30713e-13  1.46177e-19
1.680053111e+00  3.3016492e-13  3.30165e-13  3.30165e-13  1.64889e-19
1.688453377e+00  3.2939420e-13  3.29394e-13  3.29394e-13  1.86036e-19
1.696895643e+00  3.2878373e-13  3.28784e-13  3.28784e-13  2.09583e-19
1.705380122e+00  3.2737457e-13  3.27375e-13  3.27374e-13  2.36790e-19
1.713907022e+00  3.2599500e-13  3.25995e-13  3.25995e-13  2.67303e-19
1.722476557e+00  3.2540670e-13  3.25407e-13  3.25406e-13  3.00431e-19
1.731088940e+00  3.2440343e-13  3.24403e-13  3.24403e-13  3.38062e-19
1.739744385e+00  3.2282101e-13  3.22821e-13  3.22821e-13  3.81173e-19
1.748443107e+00  3.2162059e-13  3.21621e-13  3.21620e-13  4.28708e-19
1.757185322e+00  3.2041003e-13  3.20410e-13  3.20410e-13  4.81855e-19
1.765971249e+00  3.1861671e-13  3.18617e-13  3.18616e-13  5.42740e-19
1.774801105e+00  3.1759363e-13  3.17594e-13  3.17593e-13  6.08630e-19
1.783675111e+00  3.1593525e-13  3.15935e-13  3.15935e-13  6.84169e-19
1.792593486e+00  3.1458247e-13  3.14582e-13  3.14582e-13  7.67417e-19
1.801556454e+00  3.1228700e-13  3.12287e-13  3.12286e-13  8.64260e-19
1.810564236e+00  3.1046977e-13  3.10470e-13  3.10469e-13  9.70404e-19
1.819617057e+00  3.0870127e-13  3.08701e-13  3.08700e-13  1.08863e-18
1.828715142e+00  3.0694044e-13  3.06940e-13  3.06939e-13  1.22043e-18
1.837858718e+00  3.0543324e-13  3.05433e-13  3.05432e-13  1.36557e-18
1.847048012e+00  3.0392091e-13  3.03921e-13  3.03919e-13  1.52702e-18
1.856283252e+00  3.0231437e-13  3.02314e-13  3.02313e-13  1.70731e-18
1.865564668e+00  3.0049214e-13  3.00492e-13  3.00490e-13  1.90982e-18
1.874892491e+00  2.9880132e-13  2.98801e-13  2.98799e-13  2.13358e-18
1.884266954e+00  2.9698637e-13  2.96986e-13  2.96984e-13  2.38364e-18
1.893688289e+00  2.9534027e-13  2.95340e-13  2.95338e-13  2.65904e-18
1.903156730e+00  2.9323910e-13  2.93239e-13  2.93236e-13  2.97163e-18
1.912672514e+00  2.9128941e-13  2.91289e-13  2.91286e-13  3.31636e-18
1.922235876e+00  2.9044482e-13  2.90445e-13  2.90441e-13  3.67698e-18
1.931847056e+00  2.8827891e-13  2.88279e-13  2.88275e-13  4.10346e-18
1.941506291e+00  2.8809114e-13  2.88091e-13  2.88087e-13  4.52757e-18
1.951213822e+00  2.8554867e-13  2.85549e-13  2.85544e-13  5.05730e-18
1.960969892e+00  2.8378617e-13  2.83786e-13  2.83781e-13  5.62164e-18
1.970774741e+00  2.8208373e-13  2.82084e-13  2.82077e-13  6.24327e-18
1.980628615e+00  2.8116023e-13  2.81160e-13  2.81153e-13  6.89935e-18
1.990531758e+00  2.7929272e-13  2.79293e-13  2.79285e-13  7.66046e-18
2.000484417e+00  2.7761726e-13  2.77617e-13  2.77609e-13  8.49150e-18
2.010486839e+00  2.7563100e-13  2.75631e-13  2.75622e-13  9.42417e-18
2.020539273e+00  2.7460988e-13  2.74610e-13  2.74599e-13  1.03955e-17
2.030641969e+00  2.7300291e-13  2.73003e-13  2.72991e-13  1.14991e-17
2.040795179e+00  2.7143059e-13  2.71431e-13  2.71418e-13  1.27103e-17
2.050999155e+00  2.7051106e-13  2.70511e-13  2.70497e-13  1.39868e-17
2.061254151e+00  2.6931650e-13  2.69316e-13  2.69301e-13  1.54074e-17
2.071560421e+00  2.6743634e-13  2.67436e-13  2.67419e-13  1.70328e-17
2.081918224e+00  2.6591254e-13  2.65913e-13  2.65894e-13  1.87791e-17
2.092327815e+00  2.6455885e-13  2.64559e-13  2.64538e-13  2.06716e-17
2.102789454e+00  2.6377157e-13  2.63772e-13  2.63749e-13  2.26625e-17
2.113303401e+00  2.6220578e-13  2.62206e-13  2.62181e-13  2.49508e-17
2.123869918e+00  2.6002344e-13  2.60023e-13  2.59996e-13  2.75622e-17
2.134489268e+00  2.5945366e-13  2.59454e-13  2.59424e-13  3.01234e-17
2.145161714e+00  2.5792739e-13  2.57927e-13  2.57894e-13  3.31037e-17
2.155887523e+00  2.5713322e-13  2.57133e-13  2.57097e-13  3.61882e-17
2.166666960e+00  2.5571674e-13  2.55717e-13  2.55677e-13  3.96972e-17
2.177500295e+00  2.5500133e-13  2.55001e-13  2.54958e-13  4.33224e-17
2.188387796e+00  2.5336039e-13  2.53360e-13  2.53313e-13  4.75427e-17
2.199329735e+00  2.5213814e-13  2.52138e-13  2.52086e-13  5.20015e-17
2.210326384e+00  2.5079726e-13  2.50797e-13  2.50740e-13  5.68938e-17
2.221378016e+00  2.4954578e-13  2.49546e-13  2.49484e-13  6.21757e-17
2.232484906e+00  2.4779713e-13  2.47797e-13  2.47729e-13  6.81459e-17
2.243647331e+00  2.4704320e-13  2.47043e-13  2.46969e-13  7.41388e-17
2.254865567e+00  2.4599378e-13  2.45994e-13  2.45913e-13  8.07791e-17
2.266139895e+00  2.4481649e-13  2.44816e-13  2.44728e-13  8.80463e-17
2.277470595e+00  2.4339943e-13  2.43399e-13  2.43303e-13  9.60829e-17
2.288857948e+00  2.4193357e-13  2.41934e-13  2.41829e-13  1.04839e-16
2.300302237e+00  2.4056333e-13  2.40563e-13  2.40449e-13  1.14259e-16
2.311803748e+00  2.3910732e-13  2.39107e-13  2.38983e-13  1.24543e-16
2.323362767e+00  2.3765298e-13  2.37653e-13  2.37517e-13  1.35687e-16
2.334979581e+00  2.3658443e-13  2.36584e-13  2.36437e-13  1.47332e-16
2.346654479e+00  2.3498110e-13  2.34981e-13  2.34821e-13  1.60544e-16
2.358387751e+00  2.3341127e-13  2.33411e-13  2.33236e-13  1.74819e-16
2.370179690e+00  2.3236973e-13  2.32370e-13  2.32180e-13  1.89507e-16
2.382030589e+00  2.3100575e-13  2.31006e-13  2.30800e-13  2.05842e-16
2.393940742e+00  2.2990724e-13  2.29907e-13  2.29684e-13  2.23016e-16
2.405910445e+00  2.2831510e-13  2.28315e-13  2.28073e-13  2.42453e-16
2.417939997e+00  2.2771569e-13  2.27716e-13  2.27454e-13  2.61387e-16
2.430029697e+00  2.2594974e-13  2.25950e-13  2.25665e-13  2.84316e-16
2.442179846e+00  2.2444855e-13  2.24449e-13  2.24140e-13  3.08471e-16
2.454390745e+00  2.2248820e-13  2.22488e-13  2.22152e-13  3.35800e-16
2.466662699e+00  2.2103134e-13  2.21031e-13  2.20667e-13  3.63907e-16
2.478996012e+00  2.1977265e-13  2.19773e-13  2.19379e-13  3.93557e-16
2.491390992e+00  2.1807916e-13  2.18079e-13  2.17652e-13  4.26993e-16
2.503847947e+00  2.1636813e-13  2.16368e-13  2.15905e-13  4.63168e-16
2.516367187e+00  2.1499501e-13  2.14995e-13  2.14494e-13  5.00788e-16
2.528949023e+00  2.1365670e-13  2.13657e-13  2.13116e-13  5.41088e-16
2.541593768e+00  2.1231691e-13  2.12317e-13  2.11733e-13  5.84408e-16
2.554301737e+00  2.1102146e-13  2.11021e-13  2.10391e-13  6.30708e-16
2.567073246e+00  2.0969261e-13  2.09693e-13  2.09012e-13  6.80610e-16
2.579908612e+00  2.0832518e-13  2.08325e-13  2.07591e-13  7.34435e-16
2.592808155e+00  2.0698070e-13  2.06981e-13  2.06189e-13  7.92064e-16
2.605772196e+00  2.0562146e-13  2.05621e-13  2.04767e-13  8.54021e-16
2.618801057e+00  2.0422028e-13  2.04220e-13  2.03299e-13  9.20852e-16
2.631895062e+00  2.0281892e-13  2.02819e-13  2.01826e-13  9.92579e-16
2.645054537e+00  2.0137812e-13  2.01378e-13  2.00308e-13  1.06993e-15
2.658279810e+00  1.9994513e-13  1.99945e-13  1.98792e-13  1.15286e-15
2.671571209e+00  1.9830318e-13  1.98303e-13  1.97059e-13  1.24426e-15
2.684929065e+00  1.9592253e-13  1.95923e-13  1.94571e-13  1.35187e-15
2.698353710e+00  1.9141592e-13  1.91416e-13  1.89918e-13  1.49753e-15
2.711845479e+00  1.8667746e-13  1.86677e-13  1.85016e-13  1.66121e-15
2.725404706e+00  1.8275708e-13  1.82757e-13  1.80929e-13  1.82825e-15
2.739031730e+00  1.7847368e-13  1.78474e-13  1.76456e-13  2.01750e-15
2.752726889e+00  1.7433235e-13  1.74332e-13  1.72110e-13  2.22244e-15
2.766490523e+00  1.7119877e-13  1.71199e-13  1.68772e-13  2.42641e-15
2.780322976e+00  1.6835878e-13  1.68359e-13  1.65717e-13  2.64191e-15
2.794224591e+00  1.6580957e-13  1.65810e-13  1.62941e-13  2.86896e-15
2.808195713e+00  1.6400983e-13  1.64010e-13  1.60914e-13  3.09553e-15
2.822236692e+00  1.6300639e-13  1.63006e-13  1.59689e-13  3.31712e-15
2.836347875e+00  1.6173427e-13  1.61734e-13  1.58172e-13  3.56189e-15
2.850529615e+00  1.6079084e-13  1.60791e-13  1.56978e-13  3.81325e-15
2.864782263e+00  1.5985703e-13  1.59857e-13  1.55776e-13  4.08114e-15
2.879106174e+00  1.5893940e-13  1.58939e-13  1.54573e-13  4.36636e-15
2.893501705e+00  1.5809121e-13  1.58091e-13  1.53423e-13  4.66777e-15
2.907969214e+00  1.5730175e-13  1.57302e-13  1.52315e-13  4.98646e-15
2.922509060e+00  1.5657349e-13  1.56573e-13  1.51250e-13  5.32304e-15
2.937121605e+00  1.5587859e-13  1.55879e-13  1.50199e-13  5.67965e-15
2.951807213e+00  1.5532496e-13  1.55325e-13  1.49274e-13  6.05128e-15
2.966566249e+00  1.5485064e-13  1.54851e-13  1.48409e-13  6.44136e-15
2.981399080e+00  1.5446449e-13  1.54464e-13  1.47615e-13  6.84968e-15
2.996306076e+00  1.5416051e-13  1.54161e-13  1.46884e-13  7.27687e-15
3.011287606e+00  1.5384279e-13  1.53843e-13  1.46112e-13  7.73046e-15
3.026344044e+00  1.5352332e-13  1.53523e-13  1.45312e-13  8.21135e-15
3.041475764e+00  1.5318138e-13  1.53181e-13  1.44458e-13  8.72321e-15
3.056683143e+00  1.5278169e-13  1.52782e-13  1.43510e-13  9.27184e-15
3.071966559e+00  1.5234292e-13  1.52343e-13  1.42484e-13  9.85884e-15
3.087326392e+00  1.5194058e-13  1.51941e-13  1.41461e-13  1.04792e-14
3.102763024e+00  1.5166552e-13  1.51666e-13  1.40542e-13  1.11239e-14
3.118276839e+00  1.5150235e-13  1.51502e-13  1.39708e-13  1.17942e-14
3.133868223e+00  1.5139017e-13  1.51390e-13  1.38892e-13  1.24983e-14
3.149537564e+00  1.5131753e-13  1.51318e-13  1.38078e-13  1.32394e-14
3.165285252e+00  1.5128204e-13  1.51282e-13  1.37262e-13  1.40198e-14
3.181111678e+00  1.5130952e-13  1.51310e-13  1.36472e-13  1.48370e-14
3.197017237e+00  1.5137714e-13  1.51377e-13  1.35680e-13  1.56967e-14
3.213002323e+00  1.5145452e-13  1.51455e-13  1.34847e-13  1.66076e-14
3.229067334e+00  1.5157577e-13  1.51576e-13  1.34010e-13  1.75660e-14
3.245212671e+00  1.5171226e-13  1.51712e-13  1.33130e-13  1.85818e-14
3.261438734e+00  1.5183669e-13  1.51837e-13  1.32169e-13  1.96673e-14
3.277745928e+00  1.5197552e-13  1.51976e-13  1.31153e-13  2.08223e-14
3.294134658e+00  1.5210463e-13  1.52105e-13  1.30044e-13  2.20611e-14
3.310605331e+00  1.5220859e-13  1.52209e-13  1.28810e-13  2.33991e-14
3.327158358e+00  1.5235646e-13  1.52356e-13  1.27533e-13  2.48235e-14
3.343794149e+00  1.5250146e-13  1.52501e-13  1.26139e-13  2.63624e-14
3.360513120e+00  1.5258970e-13  1.52590e-13  1.24534e-13  2.80556e-14
3.377315686e+00  1.5274944e-13  1.52749e-13  1.22883e-13  2.98661e-14
3.394202264e+00  1.5337611e-13  1.53376e-13  1.21783e-13  3.15932e-14
3.411173276e+00  1.5365757e-13  1.53658e-13  1.19985e-13  3.36724e-14
3.428229142e+00  1.5487524e-13  1.54875e-13  1.19528e-13  3.53473e-14
3.445370288e+00  1.5621081e-13  1.56211e-13  1.19156e-13  3.70550e-14
3.462597139e+00  1.5734933e-13  1.57349e-13  1.18305e-13  3.90442e-14
3.479910125e+00  1.5836032e-13  1.58360e-13  1.17028e-13  4.13326e-14
3.497309675e+00  1.5939927e-13  1.59399e-13  1.15554e-13  4.38452e-14
3.514796224e+00  1.6098073e-13  1.60981e-13  1.14948e-13  4.60326e-14
3.532370205e+00  1.6260217e-13  1.62602e-13  1.14218e-13  4.83840e-14
3.550032056e+00  1.6419387e-13  1.64194e-13  1.13144e-13  5.10494e-14
3.567782216e+00  1.6589532e-13  1.65895e-13  1.12001e-13  5.38940e-14
3.585621127e+00  1.6772453e-13  1.67725e-13  1.10800e-13  5.69244e-14
3.603549233e+00  1.6969503e-13  1.69695e-13  1.09539e-13  6.01564e-14
3.621566979e+00  1.7182140e-13  1.71821e-13  1.08213e-13  6.36086e-14
3.639674814e+00  1.7412856e-13  1.74129e-13  1.06864e-13  6.72644e-14
3.657873188e+00  1.7663731e-13  1.76637e-13  1.05553e-13  7.10838e-14
3.676162554e+00  1.7935101e-13  1.79351e-13  1.04273e-13  7.50783e-14
3.694543367e+00  1.8227123e-13  1.82271e-13  1.02901e-13  7.93701e-14
3.713016084e+00  1.8542231e-13  1.85422e-13  1.01489e-13  8.39334e-14
3.731581164e+00  1.8881758e-13  1.88818e-13  1.00099e-13  8.87185e-14
3.750239070e+00  1.9246853e-13  1.92469e-13  9.87097e-14  9.37589e-14
3.768990265e+00  1.9639320e-13  1.96393e-13  9.72959e-14  9.90973e-14
3.787835216e+00  2.0059968e-13  2.00600e-13  9.58940e-14  1.04706e-13
3.806774393e+00  2.0509141e-13  2.05091e-13  9.45269e-14  1.10565e-13
3.825808265e+00  2.0984352e-13  2.09844e-13  9.32673e-14  1.16576e-13
3.844937306e+00  2.1482387e-13  2.14824e-13  9.21559e-14  1.22668e-13
3.864161992e+00  2.2005655e-13  2.20057e-13  9.11140e-14  1.28943e-13
3.883482802e+00  2.2557243e-13  2.25572e-13  9.00889e-14  1.35484e-13
3.902900216e+00  2.3139695e-13  2.31397e-13  8.90583e-14  1.42339e-13
3.922414717e+00  2.3757105e-13  2.37571e-13  8.79926e-14  1.49578e-13
3.942026791e+00  2.4414767e-13  2.44148e-13  8.68627e-14  1.57285e-13
3.961736925e+00  2.5123960e-13  2.51240e-13  8.55981e-14  1.65642e-13
3.981545610e+00  2.5896188e-13  2.58962e-13  8.41547e-14  1.74807e-13
4.001453338e+00  2.6731393e-13  2.67314e-13  8.25956e-14  1.84718e-13
4.021460604e+00  2.7566795e-13  2.75668e-13  8.13997e-14  1.94268e-13
4.041567907e+00  2.8359189e-13  2.83592e-13  8.07669e-14  2.02825e-13
4.061775747e+00  2.9193554e-13  2.91936e-13  8.00799e-14  2.11856e-13
4.082084626e+00  3.0108281e-13  3.01083e-13  7.91502e-14  2.21933e-13
4.102495049e+00  3.1099548e-13  3.10995e-13  7.80572e-14  2.32938e-13
4.123007524e+00  3.2154818e-13  3.21548e-13  7.69022e-14  2.44646e-13
4.143622562e+00  3.3264999e-13  3.32650e-13  7.57464e-14  2.56904e-13
4.164340674e+00  3.4434724e-13  3.44347e-13  7.45812e-14  2.69766e-13
4.185162378e+00  3.5676129e-13  3.56761e-13  7.33723e-14  2.83389e-13
4.206088190e+00  3.6972084e-13  3.69721e-13  7.21970e-14  2.97524e-13
4.227118631e+00  3.8306395e-13  3.83064e-13  7.11110e-14  3.11953e-13
4.248254224e+00  3.9746085e-13  3.97461e-13  6.99011e-14  3.27560e-13
4.269495495e+00  4.1247995e-13  4.12480e-13  6.87218e-14  3.43758e-13
4.290842972e+00  4.2791525e-13  4.27915e-13  6.76318e-14  3.60283e-13
4.312297187e+00  4.4417785e-13  4.44178e-13  6.65188e-14  3.77659e-13
4.333858673e+00  4.6124642e-13  4.61246e-13  6.53993e-14  3.95847e-13
4.355527967e+00  4.7915031e-13  4.79150e-13  6.42750e-14  4.14875e-13
4.377305606e+00  4.9790581e-13  4.97906e-13  6.31505e-14  4.34755e-13
4.399192134e+00  5.1737524e-13  5.17375e-13  6.20606e-14  4.55315e-13
4.421188095e+00  5.3764808e-13  5.37648e-13  6.09895e-14  4.76659e-13
4.443294036e+00  5.5859426e-13  5.58594e-13  5.99641e-14  4.98630e-13
4.465510506e+00  5.8043546e-13  5.80435e-13  5.89458e-14  5.21490e-13
4.487838058e+00  6.0356607e-13  6.03566e-13  5.78757e-14  5.45690e-13
4.510277249e+00  6.2781538e-13  6.27815e-13  5.67938e-14  5.71022e-13
4.532828635e+00  6.5287145e-13  6.52871e-13  5.57532e-14  5.97118e-13
4.555492778e+00  6.7912598e-13  6.79126e-13  5.46997e-14  6.24426e-13
4.578270242e+00  7.0685983e-13  7.06860e-13  5.36039e-14  6.53256e-13
4.601161593e+00  7.3506666e-13  7.35067e-13  5.26031e-14  6.82464e-13
4.624167401e+00  7.6417911e-13  7.64179e-13  5.16378e-14  7.12541e-13
4.647288238e+00  7.9414745e-13  7.94147e-13  5.07137e-14  7.43434e-13
4.670524679e+00  8.2527286e-13  8.25273e-13  4.97974e-14  7.75475e-13
4.693877303e+00  8.5819570e-13  8.58196e-13  4.88270e-14  8.09369e-13
4.717346689e+00  8.9228000e-13  8.92280e-13  4.78765e-14  8.44404e-13
4.740933423e+00  9.2756279e-13  9.27563e-13  4.69443e-14  8.80618e-13
4.764638090e+00  9.6556912e-13  9.65569e-13  4.58975e-14  9.19672e-13
4.788461280e+00  1.0065846e-12  1.00658e-12  4.47319e-14  9.61853e-13
4.812403587e+00  1.0522261e-12  1.05223e-12  4.33381e-14  1.00889e-12
4.836465604e+00  1.1051123e-12  1.10511e-12  4.15504e-14  1.06356e-12
4.860647933e+00  1.1720651e-12  1.17207e-12  3.89256e-14  1.13314e-12
4.884951172e+00  1.2701718e-12  1.27017e-12  3.43800e-14  1.23579e-12
4.909375928e+00  1.3721562e-12  1.37216e-12  3.00135e-14  1.34214e-12
4.933922808e+00  1.4561787e-12  1.45618e-12  2.72296e-14  1.42895e-12
4.958592422e+00  1.5160677e-12  1.51607e-12  2.62241e-14  1.48984e-12
4.983385384e+00  1.5493206e-12  1.54932e-12  2.69296e-14  1.52239e-12
5.008302311e+00  1.5839510e-12  1.58395e-12  2.75511e-14  1.55640e-12
5.033343822e+00  1.6268849e-12  1.62688e-12  2.77215e-14  1.59916e-12
5.058510541e+00  1.6783114e-12  1.67831e-12  2.74851e-14  1.65083e-12
5.083803094e+00  1.7397196e-12  1.73972e-12  2.68178e-14  1.71290e-12
5.109222110e+00  1.8104182e-12  1.81042e-12  2.58066e-14  1.78461e-12
5.134768220e+00  1.8887084e-12  1.88871e-12  2.45742e-14  1.86413e-12
5.160442061e+00  1.9739636e-12  1.97396e-12  2.31790e-14  1.95078e-12
5.186244272e+00  2.0621555e-12  2.06216e-12  2.18154e-14  2.04034e-12
5.212175493e+00  2.1527022e-12  2.15270e-12  2.05085e-14  2.13219e-12
5.238236370e+00  2.2281797e-12  2.22818e-12  1.99335e-14  2.20825e-12
5.264427552e+00  2.2938550e-12  2.29386e-12  1.98127e-14  2.27404e-12
5.290749690e+00  2.3633556e-12  2.36336e-12  1.96067e-14  2.34375e-12
5.317203438e+00  2.4407461e-12  2.44075e-12  1.91861e-14  2.42156e-12
5.343789456e+00  2.5277978e-12  2.52780e-12  1.85179e-14  2.50928e-12
5.370508403e+00  2.6277439e-12  2.62774e-12  1.75292e-14  2.61021e-12
5.397360945e+00  2.7299958e-12  2.73000e-12  1.65834e-14  2.71341e-12
5.424347750e+00  2.8416032e-12  2.84160e-12  1.54714e-14  2.82613e-12
5.451469488e+00  2.9429418e-12  2.94294e-12  1.47720e-14  2.92817e-12
5.478726836e+00  3.0269881e-12  3.02699e-12  1.46347e-14  3.01235e-12
5.506120470e+00  3.1094347e-12  3.10943e-12  1.45869e-14  3.09485e-12
5.533651072e+00  3.2058041e-12  3.20580e-12  1.42260e-14  3.19158e-12
5.561319328e+00  3.3305981e-12  3.33060e-12  1.32327e-14  3.31737e-12
5.589125924e+00  3.4966320e-12  3.49663e-12  1.13759e-14  3.48526e-12
5.617071554e+00  3.6440567e-12  3.64406e-12  1.01089e-14  3.63395e-12
5.645156912e+00  3.7333436e-12  3.73334e-12  1.02379e-14  3.72311e-12
5.673382696e+00  3.7837959e-12  3.78380e-12  1.12108e-14  3.77259e-12
5.701749610e+00  3.8172258e-12  3.81723e-12  1.24942e-14  3.80473e-12
5.730258358e+00  3.8524999e-12  3.85250e-12  1.36824e-14  3.83882e-12
5.758909650e+00  3.9143959e-12  3.91440e-12  1.43126e-14  3.90008e-12
5.787704198e+00  4.0240876e-12  4.02409e-12  1.40527e-14  4.01003e-12
5.816642719e+00  4.1497574e-12  4.14976e-12  1.35542e-14  4.13620e-12
5.845725932e+00  4.2747052e-12  4.27471e-12  1.31267e-14  4.26158e-12
5.874954562e+00  4.3995426e-12  4.39954e-12  1.27541e-14  4.38679e-12
5.904329335e+00  4.5101249e-12  4.51012e-12  1.26567e-14  4.49747e-12
5.933850982e+00  4.6288524e-12  4.62885e-12  1.24637e-14  4.61639e-12
5.963520237e+00  4.7740172e-12  4.77402e-12  1.19135e-14  4.76210e-12
5.993337838e+00  4.9163720e-12  4.91637e-12  1.14616e-14  4.90491e-12
6.023304527e+00  4.9715605e-12  4.97156e-12  1.22696e-14  4.95929e-12
6.053421050e+00  4.8788197e-12  4.87882e-12  1.50290e-14  4.86379e-12
6.083688155e+00  4.7975551e-12  4.79756e-12  1.74780e-14  4.78008e-12
6.114106596e+00  4.7772201e-12  4.77722e-12  1.90190e-14  4.75820e-12
6.144677129e+00  4.8248886e-12  4.82489e-12  1.96477e-14  4.80524e-12
6.175400514e+00  4.9175011e-12  4.91750e-12  1.97188e-14  4.89778e-12
6.206277517e+00  5.0343433e-12  5.03434e-12  1.95197e-14  5.01482e-12
6.237308904e+00  5.1672218e-12  5.16722e-12  1.91659e-14  5.14806e-12
6.268495449e+00  5.3024560e-12  5.30246e-12  1.88182e-14  5.28364e-12
6.299837926e+00  5.4165167e-12  5.41652e-12  1.87198e-14  5.39780e-12
6.331337116e+00  5.5089558e-12  5.50896e-12  1.88524e-14  5.49010e-12
6.362993801e+00  5.6207045e-12  5.62070e-12  1.87973e-14  5.60191e-12
6.394808770e+00  5.7528640e-12  5.75286e-12  1.85610e-14  5.73430e-12
6.426782814e+00  5.8754081e-12  5.87541e-12  1.84335e-14  5.85697e-12
6.458916728e+00  6.0046827e-12  6.00468e-12  1.82608e-14  5.98642e-12
6.491211312e+00  6.1400425e-12  6.14004e-12  1.80525e-14  6.12199e-12
6.523667368e+00  6.2794279e-12  6.27943e-12  1.78289e-14  6.26160e-12
6.556285705e+00  6.4070975e-12  6.40710e-12  1.77187e-14  6.38938e-12
6.589067134e+00  6.5350703e-12  6.53507e-12  1.76177e-14  6.51745e-12
6.622012469e+00  6.6816043e-12  6.68160e-12  1.73866e-14  6.66422e-12
6.655122532e+00  6.8578634e-12  6.85786e-12  1.69544e-14  6.84091e-12
6.688398144e+00  7.0629787e-12  7.06298e-12  1.63452e-14  7.04663e-12
6.721840135e+00  7.2917381e-12  7.29174e-12  1.56112e-14  7.27613e-12
6.755449336e+00  7.5400495e-12  7.54005e-12  1.47918e-14  7.52526e-12
6.789226583e+00  7.7722444e-12  7.77224e-12  1.41293e-14  7.75812e-12
6.823172715e+00  7.9546558e-12  7.95466e-12  1.38258e-14  7.94083e-12
6.857288579e+00  8.1095003e-12  8.10950e-12  1.37144e-14  8.09579e-12
6.891575022e+00  8.2874163e-12  8.28742e-12  1.34749e-14  8.27394e-12
6.926032897e+00  8.5169685e-12  8.51697e-12  1.29511e-14  8.50402e-12
6.960663062e+00  8.7635974e-12  8.76360e-12  1.23633e-14  8.75123e-12
6.995466377e+00  9.0328308e-12  9.03283e-12  1.16870e-14  9.02114e-12
7.030443709e+00  9.3227768e-12  9.32278e-12  1.09405e-14  9.31184e-12
7.065595927e+00  9.5505196e-12  9.55052e-12  1.05636e-14  9.53996e-12
7.100923907e+00  9.7383019e-12  9.73830e-12  1.04142e-14  9.72789e-12
7.136428526e+00  9.9486904e-12  9.94869e-12  1.01651e-14  9.93853e-12
7.172110669e+00  1.0186818e-11  1.01868e-11  9.79953e-15  1.01770e-11
7.207971222e+00  1.0423692e-11  1.04237e-11  9.46291e-15  1.04142e-11
7.244011079e+00  1.0636857e-11  1.06369e-11  9.25567e-15  1.06276e-11
7.280231134e+00  1.0844878e-11  1.08449e-11  9.08552e-15  1.08358e-11
7.316632290e+00  1.1103112e-11  1.11031e-11  8.71053e-15  1.10944e-11
7.353215451e+00  1.1391868e-11  1.13919e-11  8.22967e-15  1.13836e-11
7.389981528e+00  1.1675346e-11  1.16753e-11  7.79833e-15  1.16675e-11
7.426931436e+00  1.1957851e-11  1.19579e-11  7.39605e-15  1.19505e-11
7.464066093e+00  1.2246103e-11  1.22461e-11  6.99493e-15  1.22391e-11
7.501386424e+00  1.2526945e-11  1.25269e-11  6.64520e-15  1.25203e-11
7.538893356e+00  1.2786627e-11  1.27866e-11  6.39420e-15  1.27802e-11
7.576587822e+00  1.3019924e-11  1.30199e-11  6.25361e-15  1.30137e-11
7.614470762e+00  1.3219540e-11  1.32195e-11  6.24096e-15  1.32133e-11
7.652543115e+00  1.3417573e-11  1.34176e-11  6.23684e-15  1.34113e-11
7.690805831e+00  1.3636235e-11  1.36362e-11  6.16629e-15  1.36301e-11
7.729259860e+00  1.3876434e-11  1.38764e-11  6.03113e-15  1.38704e-11
7.767906159e+00  1.4139246e-11  1.41392e-11  5.83262e-15  1.41334e-11
7.806745690e+00  1.4394878e-11  1.43949e-11  5.66778e-15  1.43892e-11
7.845779419e+00  1.4627738e-11  1.46277e-11  5.58144e-15  1.46222e-11
7.885008316e+00  1.4868495e-11  1.48685e-11  5.47747e-15  1.48630e-11
7.924433357e+00  1.5128068e-11  1.51281e-11  5.32564e-15  1.51227e-11
7.964055524e+00  1.5398774e-11  1.53988e-11  5.15097e-15  1.53936e-11
8.003875802e+00  1.5695281e-11  1.56953e-11  4.91484e-15  1.56904e-11
8.043895181e+00  1.6011337e-11  1.60113e-11  4.63843e-15  1.60067e-11
8.084114657e+00  1.6345300e-11  1.63453e-11  4.32901e-15  1.63410e-11
8.124535230e+00  1.6687572e-11  1.66876e-11  4.01366e-15  1.66836e-11
8.165157906e+00  1.7022802e-11  1.70228e-11  3.73139e-15  1.70191e-11
8.205983696e+00  1.7341695e-11  1.73417e-11  3.50287e-15  1.73382e-11
8.247013614e+00  1.7631799e-11  1.76318e-11  3.35436e-15  1.76284e-11
8.288248682e+00  1.7910630e-11  1.79106e-11  3.23969e-15  1.79074e-11
8.329689926e+00  1.8204921e-11  1.82049e-11  3.09568e-15  1.82018e-11
8.371338375e+00  1.8520334e-11  1.85203e-11  2.91169e-15  1.85174e-11
8.413195067e+00  1.8835941e-11  1.88359e-11  2.73604e-15  1.88332e-11
8.455261042e+00  1.9138813e-11  1.91388e-11  2.59581e-15  1.91362e-11
8.497537348e+00  1.9430574e-11  1.94306e-11  2.48538e-15  1.94281e-11
8.540025034e+00  1.9724223e-11  1.97242e-11  2.37631e-15  1.97218e-11
8.582725160e+00  2.0031125e-11  2.00311e-11  2.24586e-15  2.00289e-11
8.625638785e+00  2.0343127e-11  2.03431e-11  2.11134e-15  2.03410e-11
8.668766979e+00  2.0659873e-11  2.06599e-11  1.97372e-15  2.06579e-11
8.712110814e+00  2.0973313e-11  2.09733e-11  1.84827e-15  2.09715e-11
8.755671368e+00  2.1286759e-11  2.12868e-11  1.72819e-15  2.12850e-11
8.799449725e+00  2.1591789e-11  2.15918e-11  1.62826e-15  2.15902e-11
8.843446974e+00  2.1877309e-11  2.18773e-11  1.56667e-15  2.18757e-11
8.887664209e+00  2.2122972e-11  2.21230e-11  1.57595e-15  2.21214e-11
8.932102530e+00  2.2325430e-11  2.23254e-11  1.65727e-15  2.23238e-11
8.976763042e+00  2.2468064e-11  2.24681e-11  1.83346e-15  2.24662e-11
9.021646857e+00  2.2501648e-11  2.25016e-11  2.17789e-15  2.24995e-11
9.066755092e+00  2.2424426e-11  2.24244e-11  2.68282e-15  2.24217e-11
9.112088867e+00  2.2227668e-11  2.22277e-11  3.35164e-15  2.22243e-11
9.157649312e+00  2.1914734e-11  2.19147e-11  4.16884e-15  2.19106e-11
9.203437558e+00  2.1572707e-11  2.15727e-11  4.99545e-15  2.15677e-11
9.249454746e+00  2.1141866e-11  2.11419e-11  5.91715e-15  2.11359e-11
9.295702020e+00  2.0536807e-11  2.05368e-11  7.04948e-15  2.05298e-11
9.342180530e+00  2.0055515e-11  2.00555e-11  7.96209e-15  2.00476e-11
9.388891432e+00  2.0002731e-11  2.00027e-11  8.24862e-15  1.99945e-11
9.435835890e+00  2.0187770e-11  2.01878e-11  8.20134e-15  2.01796e-11
9.483015069e+00  2.0389262e-11  2.03893e-11  8.13145e-15  2.03811e-11
9.530430144e+00  2.0583854e-11  2.05839e-11  8.07045e-15  2.05758e-11
9.578082295e+00  2.0808373e-11  2.08084e-11  7.97103e-15  2.08004e-11
9.625972707e+00  2.1034455e-11  2.10345e-11  7.87069e-15  2.10266e-11
9.674102570e+00  2.1219904e-11  2.12199e-11  7.82107e-15  2.12121e-11
9.722473083e+00  2.1372139e-11  2.13721e-11  7.81042e-15  2.13643e-11
9.771085448e+00  2.1500041e-11  2.15000e-11  7.82607e-15  2.14922e-11
9.819940876e+00  2.1605487e-11  2.16055e-11  7.86434e-15  2.15976e-11
9.869040580e+00  2.1742012e-11  2.17420e-11  7.86320e-15  2.17341e-11
9.918385783e+00  2.1900678e-11  2.19007e-11  7.83466e-15  2.18928e-11
9.967977712e+00  2.2072189e-11  2.20722e-11  7.79032e-15  2.20644e-11
1.001781760e+01  2.2203925e-11  2.22039e-11  7.78749e-15  2.21961e-11
1.006790669e+01  2.2103062e-11  2.21031e-11  8.02719e-15  2.20950e-11
1.011824622e+01  2.1539867e-11  2.15399e-11  8.73425e-15  2.15311e-11
1.016883745e+01  2.1309563e-11  2.13096e-11  9.07482e-15  2.13005e-11
1.021968164e+01  2.2224471e-11  2.22245e-11  8.25613e-15  2.22162e-11
1.027078005e+01  2.3246911e-11  2.32469e-11  7.35749e-15  2.32396e-11
1.032213395e+01  2.3625138e-11  2.36251e-11  7.10863e-15  2.36180e-11
1.037374462e+01  2.3255561e-11  2.32556e-11  7.57450e-15  2.32480e-11
1.042561334e+01  2.2338763e-11  2.23388e-11  8.53146e-15  2.23302e-11
1.047774141e+01  2.0098296e-11  2.00983e-11  1.06650e-14  2.00876e-11
1.053013012e+01  1.9041348e-11  1.90413e-11  1.16578e-14  1.90297e-11
1.058278077e+01  1.9109821e-11  1.91098e-11  1.16178e-14  1.90982e-11
1.063569467e+01  1.9434192e-11  1.94342e-11  1.13530e-14  1.94228e-11
1.068887314e+01  1.9865907e-11  1.98659e-11  1.10018e-14  1.98549e-11
1.074231751e+01  2.0358171e-11  2.03582e-11  1.06079e-14  2.03476e-11
1.079602910e+01  2.0823908e-11  2.08239e-11  1.02457e-14  2.08137e-11
1.085000924e+01  2.1399053e-11  2.13991e-11  9.80296e-15  2.13893e-11
1.090425929e+01  2.1949818e-11  2.19498e-11  9.39105e-15  2.19404e-11
1.095878058e+01  2.2435170e-11  2.24352e-11  9.04094e-15  2.24261e-11
1.101357449e+01  2.2888041e-11  2.28880e-11  8.72428e-15  2.28793e-11
1.106864236e+01  2.3268466e-11  2.32685e-11  8.47010e-15  2.32600e-11
1.112398557e+01  2.3704874e-11  2.37049e-11  8.17915e-15  2.36967e-11
1.117960550e+01  2.4143974e-11  2.41440e-11  7.89261e-15  2.41361e-11
1.123550353e+01  2.4573787e-11  2.45738e-11  7.61910e-15  2.45662e-11
1.129168104e+01  2.5090600e-11  2.50906e-11  7.28919e-15  2.50833e-11
1.134813945e+01  2.5832489e-11  2.58325e-11  6.80831e-15  2.58257e-11
1.140488015e+01  2.6766339e-11  2.67663e-11  6.20654e-15  2.67601e-11
1.146190455e+01  2.7852312e-11  2.78523e-11  5.51683e-15  2.78468e-11
1.151921407e+01  2.9183829e-11  2.91838e-11  4.68058e-15  2.91791e-11
1.157681014e+01  3.0580286e-11  3.05803e-11  3.82437e-15  3.05765e-11
1.163469419e+01  3.1568827e-11  3.15688e-11  3.25799e-15  3.15656e-11
1.169286766e+01  3.2197910e-11  3.21979e-11  2.93761e-15  3.21950e-11
1.175133200e+01  3.2774555e-11  3.27746e-11  2.65805e-15  3.27719e-11
1.181008866e+01  3.3304799e-11  3.33048e-11  2.41383e-15  3.33024e-11
1.186913910e+01  3.3267839e-11  3.32678e-11  2.52366e-15  3.32653e-11
1.192848480e+01  3.3199383e-11  3.31994e-11  2.64758e-15  3.31967e-11
1.198812722e+01  3.3504751e-11  3.35048e-11  2.54295e-15  3.35022e-11
1.204806786e+01  3.3934832e-11  3.39348e-11  2.36616e-15  3.39325e-11
1.210830820e+01  3.4324857e-11  3.43249e-11  2.21590e-15  3.43226e-11
1.216884974e+01  3.4671092e-11  3.46711e-11  2.09322e-15  3.46690e-11
1.222969399e+01  3.5014025e-11  3.50140e-11  1.97417e-15  3.50121e-11
1.229084246e+01  3.5314110e-11  3.53141e-11  1.88059e-15  3.53122e-11
1.235229667e+01  3.5556715e-11  3.55567e-11  1.81946e-15  3.55549e-11
1.241405815e+01  3.5778492e-11  3.57785e-11  1.76965e-15  3.57767e-11
1.247612845e+01  3.5986207e-11  3.59862e-11  1.72708e-15  3.59845e-11
1.253850909e+01  3.6186755e-11  3.61868e-11  1.68784e-15  3.61851e-11
1.260120163e+01  3.6376877e-11  3.63769e-11  1.65349e-15  3.63752e-11
1.266420764e+01  3.6562397e-11  3.65624e-11  1.62086e-15  3.65608e-11
1.272752868e+01  3.6744857e-11  3.67449e-11  1.58909e-15  3.67433e-11
1.279116632e+01  3.6922219e-11  3.69222e-11  1.55916e-15  3.69207e-11
1.285512215e+01  3.7094829e-11  3.70948e-11  1.53084e-15  3.70933e-11
1.291939776e+01  3.7267882e-11  3.72679e-11  1.50154e-15  3.72664e-11
1.298399475e+01  3.7447868e-11  3.74479e-11  1.46820e-15  3.74464e-11
1.304891473e+01  3.7632838e-11  3.76328e-11  1.43189e-15  3.76314e-11
1.311415930e+01  3.7821622e-11  3.78216e-11  1.39329e-15  3.78202e-11
1.317973010e+01  3.8013854e-11  3.80139e-11  1.35265e-15  3.80125e-11
1.324562875e+01  3.8205461e-11  3.82055e-11  1.31191e-15  3.82041e-11
1.331185689e+01  3.8387779e-11  3.83878e-11  1.27495e-15  3.83865e-11
1.337841618e+01  3.8566091e-11  3.85661e-11  1.23930e-15  3.85649e-11
1.344530826e+01  3.8743678e-11  3.87437e-11  1.20348e-15  3.87425e-11
1.351253480e+01  3.8916374e-11  3.89164e-11  1.16931e-15  3.89152e-11
1.358009747e+01  3.9093733e-11  3.90937e-11  1.13264e-15  3.90926e-11
1.364799796e+01  3.9277473e-11  3.92775e-11  1.09287e-15  3.92764e-11
1.371623795e+01  3.9454218e-11  3.94542e-11  1.05566e-15  3.94532e-11
1.378481914e+01  3.9620959e-11  3.96210e-11  1.02217e-15  3.96199e-11
1.385374323e+01  3.9813915e-11  3.98139e-11  9.77570e-16  3.98129e-11
1.392301195e+01  4.0003248e-11  4.00032e-11  9.34233e-16  4.00023e-11
1.399262701e+01  4.0189772e-11  4.01898e-11  8.91795e-16  4.01889e-11
1.406259015e+01  4.0371763e-11  4.03718e-11  8.50906e-16  4.03709e-11
1.413290310e+01  4.0546199e-11  4.05462e-11  8.12688e-16  4.05454e-11
1.420356761e+01  4.0698922e-11  4.06989e-11  7.82461e-16  4.06981e-11
1.427458545e+01  4.0854625e-11  4.08546e-11  7.50630e-16  4.08539e-11
1.434595838e+01  4.1032215e-11  4.10322e-11  7.10204e-16  4.10315e-11
1.441768817e+01  4.1201294e-11  4.12013e-11  6.72695e-16  4.12006e-11
1.448977661e+01  4.1366978e-11  4.13670e-11  6.36147e-16  4.13663e-11
1.456222549e+01  4.1500747e-11  4.15007e-11  6.10813e-16  4.15001e-11
1.463503662e+01  4.1636596e-11  4.16366e-11  5.84206e-16  4.16360e-11
1.470821180e+01  4.1775408e-11  4.17754e-11  5.56062e-16  4.17749e-11
1.478175286e+01  4.1904613e-11  4.19046e-11  5.30819e-16  4.19041e-11
1.485566163e+01  4.2015034e-11  4.20150e-11  5.11546e-16  4.20145e-11
1.492993994e+01  4.2098747e-11  4.20987e-11  5.00751e-16  4.20982e-11
1.500458964e+01  4.2145607e-11  4.21456e-11  5.01577e-16  4.21451e-11
1.507961258e+01  4.2153721e-11  4.21537e-11  5.14277e-16  4.21532e-11
1.515501065e+01  4.2105454e-11  4.21055e-11  5.44279e-16  4.21049e-11
1.523078570e+01  4.1904695e-11  4.19047e-11  6.22361e-16  4.19041e-11
1.530693963e+01  4.1546973e-11  4.15470e-11  7.48414e-16  4.15462e-11
1.538347433e+01  4.1202599e-11  4.12026e-11  8.66547e-16  4.12017e-11
1.546039170e+01  4.0739864e-11  4.07399e-11  1.01858e-15  4.07388e-11
1.553769366e+01  4.0117584e-11  4.01176e-11  1.21630e-15  4.01164e-11
1.561538212e+01  3.9719444e-11  3.97194e-11  1.33964e-15  3.97181e-11
1.569345903e+01  3.9361066e-11  3.93611e-11  1.44730e-15  3.93596e-11
1.577192633e+01  3.9038241e-11  3.90382e-11  1.54103e-15  3.90367e-11
1.585078596e+01  3.8921115e-11  3.89211e-11  1.57027e-15  3.89195e-11
1.593003989e+01  3.8894454e-11  3.88945e-11  1.57116e-15  3.88929e-11
1.600969009e+01  3.8949630e-11  3.89496e-11  1.54710e-15  3.89481e-11
1.608973854e+01  3.9066903e-11  3.90669e-11  1.50459e-15  3.90654e-11
1.617018723e+01  3.9307887e-11  3.93079e-11  1.42646e-15  3.93065e-11
1.625103817e+01  3.9535495e-11  3.95355e-11  1.35283e-15  3.95341e-11
1.633229336e+01  3.9824974e-11  3.98250e-11  1.26236e-15  3.98237e-11
1.641395483e+01  4.0122752e-11  4.01228e-11  1.17053e-15  4.01216e-11
1.649602460e+01  4.0374734e-11  4.03747e-11  1.09234e-15  4.03736e-11
1.657850473e+01  4.0715152e-11  4.07152e-11  9.90650e-16  4.07142e-11
1.666139725e+01  4.0918827e-11  4.09188e-11  9.27223e-16  4.09179e-11
1.674470424e+01  4.1185615e-11  4.11856e-11  8.47295e-16  4.11848e-11
1.682842776e+01  4.1359011e-11  4.13590e-11  7.92981e-16  4.13582e-11
1.691256990e+01  4.1447426e-11  4.14474e-11  7.61348e-16  4.14467e-11
1.699713274e+01  4.1395474e-11  4.13955e-11  7.66219e-16  4.13947e-11
1.708211841e+01  4.1166898e-11  4.11669e-11  8.15952e-16  4.11661e-11
1.716752900e+01  4.0841152e-11  4.08412e-11  8.88946e-16  4.08403e-11
1.725336665e+01  4.0367893e-11  4.03679e-11  9.97332e-16  4.03669e-11
1.733963348e+01  3.9834124e-11  3.98341e-11  1.11826e-15  3.98330e-11
1.742633165e+01  3.9166119e-11  3.91661e-11  1.26974e-15  3.91648e-11
1.751346330e+01  3.8503061e-11  3.85031e-11  1.41658e-15  3.85016e-11
1.760103062e+01  3.7739418e-11  3.77394e-11  1.58472e-15  3.77378e-11
1.768903577e+01  3.7139690e-11  3.71397e-11  1.70945e-15  3.71380e-11
1.777748095e+01  3.6539898e-11  3.65399e-11  1.83132e-15  3.65381e-11
1.786636836e+01  3.6164721e-11  3.61647e-11  1.89690e-15  3.61628e-11
1.795570020e+01  3.5786271e-11  3.57863e-11  1.96148e-15  3.57843e-11
1.804547870e+01  3.5402869e-11  3.54029e-11  2.02546e-15  3.54008e-11
1.813570609e+01  3.4861444e-11  3.48614e-11  2.12438e-15  3.48593e-11
1.822638462e+01  3.4389830e-11  3.43898e-11  2.20493e-15  3.43876e-11
1.831751655e+01  3.4139019e-11  3.41390e-11  2.23317e-15  3.41368e-11
1.840910413e+01  3.4149646e-11  3.41496e-11  2.20126e-15  3.41474e-11
1.850114965e+01  3.4103125e-11  3.41031e-11  2.18213e-15  3.41009e-11
1.859365540e+01  3.3832422e-11  3.38324e-11  2.21257e-15  3.38302e-11
1.868662368e+01  3.3182697e-11  3.31827e-11  2.32548e-15  3.31804e-11
1.878005679e+01  3.2292129e-11  3.22921e-11  2.48860e-15  3.22896e-11
1.887395708e+01  3.1515486e-11  3.15155e-11  2.62380e-15  3.15129e-11
1.896832686e+01  3.1189558e-11  3.11896e-11  2.65938e-15  3.11869e-11
1.906316850e+01  3.1334731e-11  3.13347e-11  2.59344e-15  3.13321e-11
1.915848434e+01  3.1856912e-11  3.18569e-11  2.44836e-15  3.18545e-11
1.925427676e+01  3.2283013e-11  3.22830e-11  2.32528e-15  3.22807e-11
1.935054815e+01  3.2731598e-11  3.27316e-11  2.19902e-15  3.27294e-11
1.944730089e+01  3.3202924e-11  3.32029e-11  2.06962e-15  3.32009e-11
1.954453739e+01  3.3520754e-11  3.35208e-11  1.97324e-15  3.35188e-11
1.964226008e+01  3.3733626e-11  3.37336e-11  1.89925e-15  3.37317e-11
1.974047138e+01  3.3667476e-11  3.36675e-11  1.88222e-15  3.36656e-11
1.983917374e+01  3.3574457e-11  3.35745e-11  1.87040e-15  3.35726e-11
1.993836960e+01  3.3817151e-11  3.38172e-11  1.79174e-15  3.38154e-11
2.003806145e+01  3.4499667e-11  3.44997e-11  1.62729e-15  3.44980e-11
2.013825176e+01  3.5327908e-11  3.53279e-11  1.43648e-15  3.53265e-11
2.023894302e+01  3.6142464e-11  3.61425e-11  1.25084e-15  3.61412e-11
2.034013773e+01  3.6876144e-11  3.68761e-11  1.08320e-15  3.68751e-11
2.044183842e+01  3.7500922e-11  3.75009e-11  9.38498e-16  3.75000e-11
2.054404761e+01  3.7947573e-11  3.79476e-11  8.29368e-16  3.79467e-11
2.064676785e+01  3.8278403e-11  3.82784e-11  7.43302e-16  3.82777e-11
2.075000169e+01  3.8255278e-11  3.82553e-11  7.24270e-16  3.82546e-11
2.085375170e+01  3.7896989e-11  3.78970e-11  7.67322e-16  3.78962e-11
2.095802046e+01  3.7388721e-11  3.73887e-11  8.37025e-16  3.73879e-11
2.106281056e+01  3.6821120e-11  3.68211e-11  9.16243e-16  3.68202e-11
2.116812461e+01  3.6382466e-11  3.63825e-11  9.70620e-16  3.63815e-11
2.127396524e+01  3.6062722e-11  3.60627e-11  1.00250e-15  3.60617e-11
2.138033506e+01  3.5944910e-11  3.59449e-11  9.97521e-16  3.59439e-11
2.148723674e+01  3.6013433e-11  3.60134e-11  9.59239e-16  3.60125e-11
2.159467292e+01  3.6170193e-11  3.61702e-11  9.05653e-16  3.61693e-11
2.170264629e+01  3.6244358e-11  3.62444e-11  8.67000e-16  3.62435e-11
2.181115952e+01  3.6020095e-11  3.60201e-11  8.80498e-16  3.60192e-11
2.192021532e+01  3.5400730e-11  3.54007e-11  9.61765e-16  3.53998e-11
2.202981639e+01  3.4609386e-11  3.46094e-11  1.07115e-15  3.46083e-11
2.213996547e+01  3.3608114e-11  3.36081e-11  1.21455e-15  3.36069e-11
2.225066530e+01  3.2520291e-11  3.25203e-11  1.37040e-15  3.25189e-11
2.236191863e+01  3.1551330e-11  3.15513e-11  1.50395e-15  3.15498e-11
2.247372822e+01  3.0866679e-11  3.08667e-11  1.58802e-15  3.08651e-11
2.258609686e+01  3.0438548e-11  3.04385e-11  1.62822e-15  3.04369e-11
2.269902735e+01  3.0152318e-11  3.01523e-11  1.64430e-15  3.01507e-11
2.281252248e+01  2.9814702e-11  2.98147e-11  1.66836e-15  2.98130e-11
2.292658510e+01  2.9256735e-11  2.92567e-11  1.72771e-15  2.92550e-11
2.304121802e+01  2.8394703e-11  2.83947e-11  1.83518e-15  2.83929e-11
2.315642411e+01  2.7385373e-11  2.73854e-11  1.96470e-15  2.73834e-11
2.327220623e+01  2.6395405e-11  2.63954e-11  2.08928e-15  2.63933e-11
2.338856726e+01  2.5544424e-11  2.55444e-11  2.19007e-15  2.55422e-11
2.350551010e+01  2.4890032e-11  2.48900e-11  2.25845e-15  2.48878e-11
2.362303765e+01  2.4400251e-11  2.44003e-11  2.30005e-15  2.43980e-11
2.374115284e+01  2.4042700e-11  2.40427e-11  2.32041e-15  2.40404e-11
2.385985860e+01  2.3839376e-11  2.38394e-11  2.31652e-15  2.38371e-11
2.397915789e+01  2.3759684e-11  2.37597e-11  2.29354e-15  2.37574e-11
2.409905368e+01  2.3851307e-11  2.38513e-11  2.24455e-15  2.38491e-11
2.421954895e+01  2.4305279e-11  2.43053e-11  2.14106e-15  2.43031e-11
2.434064670e+01  2.5157077e-11  2.51571e-11  1.97872e-15  2.51551e-11
2.446234993e+01  2.6140996e-11  2.61410e-11  1.79842e-15  2.61392e-11
2.458466168e+01  2.6996655e-11  2.69967e-11  1.63923e-15  2.69950e-11
2.470758499e+01  2.7608351e-11  2.76084e-11  1.51792e-15  2.76068e-11
2.483112291e+01  2.7940614e-11  2.79406e-11  1.43903e-15  2.79392e-11
2.495527853e+01  2.8112254e-11  2.81123e-11  1.38444e-15  2.81109e-11
