# ------------------------------------------------------------------------
# Radiance spectrum
# NASA-GSFC Planetary Spectrum Generator (PSG) (Villanueva et al. 2018, 2022)
# Synthesized on Wed Feb 14 19:56:28 2024
# Doppler velocities [km/s] (vobs,vrot+vorb,vwidth,vrfl,vstr): 0.00000,-0.00000,0.00000,-119.41115,-0.00000
# Spectral unit: Wavelength [um]
# Radiance unit: Spectral irradiance [W/m2/um]
# Wave/freq Total Object Reflected Thermal
5.000000000e-01  2.2277715e-12  2.22777e-12  2.22777e-12  1.45066e-46
5.025000000e-01  2.2208315e-12  2.22083e-12  2.22083e-12  2.30121e-46
5.050125000e-01  2.2085738e-12  2.20857e-12  2.20857e-12  3.64492e-46
5.075375625e-01  2.2985928e-12  2.29859e-12  2.29859e-12  5.65299e-46
5.100752503e-01  2.3889400e-12  2.38894e-12  2.38894e-12  8.74719e-46
5.126256266e-01  2.4382789e-12  2.43828e-12  2.43828e-12  1.36067e-45
5.151887547e-01  2.4893292e-12  2.48933e-12  2.48933e-12  2.11121e-45
5.177646985e-01  2.5554204e-12  2.55542e-12  2.55542e-12  3.25952e-45
5.203535220e-01  2.6155529e-12  2.61555e-12  2.61555e-12  5.02677e-45
5.229552896e-01  2.6317740e-12  2.63177e-12  2.63177e-12  7.79652e-45
5.255700660e-01  2.6548109e-12  2.65481e-12  2.65481e-12  1.20501e-44
5.281979164e-01  2.7031470e-12  2.70315e-12  2.70315e-12  1.84995e-44
5.308389059e-01  2.7445704e-12  2.74457e-12  2.74457e-12  2.83733e-44
5.334931005e-01  2.7702987e-12  2.77030e-12  2.77030e-12  4.35407e-44
5.361605660e-01  2.7891798e-12  2.78918e-12  2.78918e-12  6.67472e-44
5.388413688e-01  2.7989628e-12  2.79896e-12  2.79896e-12  1.02254e-43
5.415355756e-01  2.8118894e-12  2.81189e-12  2.81189e-12  1.56212e-43
5.442432535e-01  2.8272515e-12  2.82725e-12  2.82725e-12  2.38018e-43
5.469644698e-01  2.8465299e-12  2.84653e-12  2.84653e-12  3.61628e-43
5.496992921e-01  2.8672308e-12  2.86723e-12  2.86723e-12  5.48107e-43
5.524477886e-01  2.9060406e-12  2.90604e-12  2.90604e-12  8.26490e-43
5.552100275e-01  2.9466895e-12  2.94669e-12  2.94669e-12  1.24325e-42
5.579860777e-01  2.9804359e-12  2.98044e-12  2.98044e-12  1.86833e-42
5.607760081e-01  3.0121789e-12  3.01218e-12  3.01218e-12  2.80266e-42
5.635798881e-01  3.0384352e-12  3.03844e-12  3.03844e-12  4.19910e-42
5.663977875e-01  3.0641255e-12  3.06413e-12  3.06413e-12  6.27867e-42
5.692297765e-01  3.0892350e-12  3.08923e-12  3.08923e-12  9.36932e-42
5.720759254e-01  3.1128961e-12  3.11290e-12  3.11290e-12  1.39554e-41
5.749363050e-01  3.1358402e-12  3.13584e-12  3.13584e-12  2.07452e-41
5.778109865e-01  3.1496891e-12  3.14969e-12  3.14969e-12  3.08183e-41
5.807000414e-01  3.1656756e-12  3.16568e-12  3.16568e-12  4.56721e-41
5.836035417e-01  3.1897883e-12  3.18979e-12  3.18979e-12  6.74618e-41
5.865215594e-01  3.2096385e-12  3.20964e-12  3.20964e-12  9.95084e-41
5.894541672e-01  3.2254378e-12  3.22544e-12  3.22544e-12  1.46569e-40
5.924014380e-01  3.2436650e-12  3.24367e-12  3.24367e-12  2.15368e-40
5.953634452e-01  3.2628687e-12  3.26287e-12  3.26287e-12  3.15778e-40
5.983402624e-01  3.2860853e-12  3.28609e-12  3.28609e-12  4.61797e-40
6.013319637e-01  3.3075204e-12  3.30752e-12  3.30752e-12  6.74171e-40
6.043386235e-01  3.3266319e-12  3.32663e-12  3.32663e-12  9.82593e-40
6.073603167e-01  3.3429690e-12  3.34297e-12  3.34297e-12  1.42986e-39
6.103971182e-01  3.3592648e-12  3.35926e-12  3.35926e-12  2.07662e-39
6.134491038e-01  3.3826668e-12  3.38267e-12  3.38267e-12  3.00695e-39
6.165163494e-01  3.4048599e-12  3.40486e-12  3.40486e-12  4.34635e-39
6.195989311e-01  3.4257185e-12  3.42572e-12  3.42572e-12  6.27143e-39
6.226969258e-01  3.4467996e-12  3.44680e-12  3.44680e-12  9.03143e-39
6.258104104e-01  3.4676835e-12  3.46768e-12  3.46768e-12  1.29815e-38
6.289394624e-01  3.4880476e-12  3.48805e-12  3.48805e-12  1.86250e-38
6.320841597e-01  3.5076700e-12  3.50767e-12  3.50767e-12  2.66739e-38
6.352445805e-01  3.5269695e-12  3.52697e-12  3.52697e-12  3.81307e-38
6.384208035e-01  3.5473459e-12  3.54735e-12  3.54735e-12  5.43977e-38
6.416129075e-01  3.5662102e-12  3.56621e-12  3.56621e-12  7.74752e-38
6.448209720e-01  3.5835407e-12  3.58354e-12  3.58354e-12  1.10160e-37
6.480450769e-01  3.6004123e-12  3.60041e-12  3.60041e-12  1.56354e-37
6.512853022e-01  3.6170397e-12  3.61704e-12  3.61704e-12  2.21515e-37
6.545417288e-01  3.6334208e-12  3.63342e-12  3.63342e-12  3.13265e-37
6.578144374e-01  3.6505530e-12  3.65055e-12  3.65055e-12  4.42161e-37
6.611035096e-01  3.6663278e-12  3.66633e-12  3.66633e-12  6.23071e-37
6.644090271e-01  3.6791608e-12  3.67916e-12  3.67916e-12  8.76751e-37
6.677310723e-01  3.6972277e-12  3.69723e-12  3.69723e-12  1.23063e-36
6.710697276e-01  3.7158510e-12  3.71585e-12  3.71585e-12  1.72413e-36
6.744250763e-01  3.7333370e-12  3.73334e-12  3.73334e-12  2.41157e-36
6.777972017e-01  3.7501280e-12  3.75013e-12  3.75013e-12  3.36743e-36
6.811861877e-01  3.7663310e-12  3.76633e-12  3.76633e-12  4.69421e-36
6.845921186e-01  3.7814813e-12  3.78148e-12  3.78148e-12  6.53313e-36
6.880150792e-01  3.7961439e-12  3.79614e-12  3.79614e-12  9.07707e-36
6.914551546e-01  3.8077736e-12  3.80777e-12  3.80777e-12  1.25945e-35
6.949124304e-01  3.8151808e-12  3.81518e-12  3.81518e-12  1.74542e-35
6.983869925e-01  3.8233257e-12  3.82333e-12  3.82333e-12  2.41448e-35
7.018789275e-01  3.8303519e-12  3.83035e-12  3.83035e-12  3.33472e-35
7.053883221e-01  3.8362513e-12  3.83625e-12  3.83625e-12  4.59846e-35
7.089152637e-01  3.8404293e-12  3.84043e-12  3.84043e-12  6.33165e-35
7.124598400e-01  3.8426378e-12  3.84264e-12  3.84264e-12  8.70544e-35
7.160221392e-01  3.8443987e-12  3.84440e-12  3.84440e-12  1.19496e-34
7.196022499e-01  3.8470156e-12  3.84702e-12  3.84702e-12  1.63733e-34
7.232002612e-01  3.8405191e-12  3.84052e-12  3.84052e-12  2.24224e-34
7.268162625e-01  3.8312719e-12  3.83127e-12  3.83127e-12  3.06653e-34
7.304503438e-01  3.8194969e-12  3.81950e-12  3.81950e-12  4.18815e-34
7.341025955e-01  3.8012288e-12  3.80123e-12  3.80123e-12  5.71503e-34
7.377731085e-01  3.7837501e-12  3.78375e-12  3.78375e-12  7.78484e-34
7.414619740e-01  3.7611774e-12  3.76118e-12  3.76118e-12  1.05933e-33
7.451692839e-01  3.7290191e-12  3.72902e-12  3.72902e-12  1.44076e-33
7.488951303e-01  3.6662998e-12  3.66630e-12  3.66630e-12  1.96341e-33
7.526396060e-01  3.6230001e-12  3.62300e-12  3.62300e-12  2.66499e-33
7.564028040e-01  3.5727877e-12  3.57279e-12  3.57279e-12  3.61420e-33
7.601848180e-01  3.4976228e-12  3.49762e-12  3.49762e-12  4.90749e-33
7.639857421e-01  3.4351724e-12  3.43517e-12  3.43517e-12  6.64257e-33
7.678056708e-01  3.3577975e-12  3.35780e-12  3.35780e-12  8.99131e-33
7.716446992e-01  3.2781622e-12  3.27816e-12  3.27816e-12  1.21531e-32
7.755029227e-01  3.2014247e-12  3.20142e-12  3.20142e-12  1.63941e-32
7.793804373e-01  3.1128825e-12  3.11288e-12  3.11288e-12  2.21068e-32
7.832773395e-01  3.0270138e-12  3.02701e-12  3.02701e-12  2.97518e-32
7.871937262e-01  2.9363377e-12  2.93634e-12  2.93634e-12  3.99950e-32
7.911296948e-01  2.8390031e-12  2.83900e-12  2.83900e-12  5.37138e-32
7.950853433e-01  2.7353749e-12  2.73537e-12  2.73537e-12  7.20663e-32
7.990607700e-01  2.6400502e-12  2.64005e-12  2.64005e-12  9.64471e-32
8.030560739e-01  2.5408207e-12  2.54082e-12  2.54082e-12  1.28918e-31
8.070713542e-01  2.4514617e-12  2.45146e-12  2.45146e-12  1.71873e-31
8.111067110e-01  2.3716567e-12  2.37166e-12  2.37166e-12  2.28559e-31
8.151622446e-01  2.2885289e-12  2.28853e-12  2.28853e-12  3.03570e-31
8.192380558e-01  2.2013401e-12  2.20134e-12  2.20134e-12  4.02735e-31
8.233342461e-01  2.1256649e-12  2.12566e-12  2.12566e-12  5.32875e-31
8.274509173e-01  2.0532008e-12  2.05320e-12  2.05320e-12  7.03786e-31
8.315881719e-01  1.9802295e-12  1.98023e-12  1.98023e-12  9.28166e-31
8.357461127e-01  1.9068905e-12  1.90689e-12  1.90689e-12  1.22230e-30
8.399248433e-01  1.8381954e-12  1.83820e-12  1.83820e-12  1.60657e-30
8.441244675e-01  1.7807928e-12  1.78079e-12  1.78079e-12  2.10634e-30
8.483450899e-01  1.7223341e-12  1.72233e-12  1.72233e-12  2.75787e-30
8.525868153e-01  1.6723388e-12  1.67234e-12  1.67234e-12  3.60293e-30
8.568497494e-01  1.6245709e-12  1.62457e-12  1.62457e-12  4.69932e-30
8.611339981e-01  1.5730329e-12  1.57303e-12  1.57303e-12  6.12284e-30
8.654396681e-01  1.5247452e-12  1.52475e-12  1.52475e-12  7.96405e-30
8.697668665e-01  1.4814743e-12  1.48147e-12  1.48147e-12  1.03398e-29
8.741157008e-01  1.4536312e-12  1.45363e-12  1.45363e-12  1.33872e-29
8.784862793e-01  1.4312046e-12  1.43120e-12  1.43120e-12  1.73006e-29
8.828787107e-01  1.4016701e-12  1.40167e-12  1.40167e-12  2.23422e-29
8.872931042e-01  1.3746813e-12  1.37468e-12  1.37468e-12  2.88073e-29
8.917295698e-01  1.3556308e-12  1.35563e-12  1.35563e-12  3.70673e-29
8.961882176e-01  1.3410128e-12  1.34101e-12  1.34101e-12  4.76134e-29
9.006691587e-01  1.3325817e-12  1.33258e-12  1.33258e-12  6.10454e-29
9.051725045e-01  1.3201937e-12  1.32019e-12  1.32019e-12  7.81915e-29
9.096983670e-01  1.3067334e-12  1.30673e-12  1.30673e-12  1.00032e-28
9.142468589e-01  1.3023391e-12  1.30234e-12  1.30234e-12  1.27704e-28
9.188180931e-01  1.3016239e-12  1.30162e-12  1.30162e-12  1.62766e-28
9.234121836e-01  1.3080829e-12  1.30808e-12  1.30808e-12  2.07054e-28
9.280292445e-01  1.3087124e-12  1.30871e-12  1.30871e-12  2.63193e-28
9.326693908e-01  1.3130108e-12  1.31301e-12  1.31301e-12  3.34017e-28
9.373327377e-01  1.3227174e-12  1.32272e-12  1.32272e-12  4.23156e-28
9.420194014e-01  1.3380692e-12  1.33807e-12  1.33807e-12  5.35134e-28
9.467294984e-01  1.3566846e-12  1.35668e-12  1.35668e-12  6.75693e-28
9.514631459e-01  1.3723295e-12  1.37233e-12  1.37233e-12  8.52329e-28
9.562204616e-01  1.3993096e-12  1.39931e-12  1.39931e-12  1.07270e-27
9.610015639e-01  1.4231790e-12  1.42318e-12  1.42318e-12  1.34874e-27
9.658065718e-01  1.4537470e-12  1.45375e-12  1.45375e-12  1.69267e-27
9.706356046e-01  1.4898728e-12  1.48987e-12  1.48987e-12  2.12059e-27
9.754887826e-01  1.5347520e-12  1.53475e-12  1.53475e-12  2.65126e-27
9.803662265e-01  1.5795665e-12  1.57957e-12  1.57957e-12  3.31064e-27
9.852680577e-01  1.6354270e-12  1.63543e-12  1.63543e-12  4.12464e-27
9.901943980e-01  1.6921672e-12  1.69217e-12  1.69217e-12  5.13195e-27
9.951453700e-01  1.7567973e-12  1.75680e-12  1.75680e-12  6.37259e-27
1.000121097e+00  1.8253381e-12  1.82534e-12  1.82534e-12  7.90032e-27
1.005121702e+00  1.8997281e-12  1.89973e-12  1.89973e-12  9.77655e-27
1.010147311e+00  1.9787033e-12  1.97870e-12  1.97870e-12  1.20778e-26
1.015198047e+00  2.0677421e-12  2.06774e-12  2.06774e-12  1.48871e-26
1.020274038e+00  2.1431825e-12  2.14318e-12  2.14318e-12  1.83512e-26
1.025375408e+00  2.2445108e-12  2.24451e-12  2.24451e-12  2.25345e-26
1.030502285e+00  2.3314856e-12  2.33149e-12  2.33149e-12  2.76756e-26
1.035654796e+00  2.4337303e-12  2.43373e-12  2.43373e-12  3.38932e-26
1.040833070e+00  2.5326891e-12  2.53269e-12  2.53269e-12  4.14677e-26
1.046037236e+00  2.6345463e-12  2.63455e-12  2.63455e-12  5.06536e-26
1.051267422e+00  2.7277760e-12  2.72778e-12  2.72778e-12  6.18504e-26
1.056523759e+00  2.8278687e-12  2.82787e-12  2.82787e-12  7.53694e-26
1.061806378e+00  2.9274176e-12  2.92742e-12  2.92742e-12  9.17291e-26
1.067115410e+00  3.0255683e-12  3.02557e-12  3.02557e-12  1.11512e-25
1.072450987e+00  3.1176338e-12  3.11763e-12  3.11763e-12  1.35477e-25
1.077813242e+00  3.1927400e-12  3.19274e-12  3.19274e-12  1.64701e-25
1.083202308e+00  3.2656816e-12  3.26568e-12  3.26568e-12  2.00030e-25
1.088618319e+00  3.3312154e-12  3.33122e-12  3.33122e-12  2.42849e-25
1.094061411e+00  3.3855743e-12  3.38557e-12  3.38557e-12  2.94864e-25
1.099531718e+00  3.4387947e-12  3.43879e-12  3.43879e-12  3.57647e-25
1.105029377e+00  3.4978614e-12  3.49786e-12  3.49786e-12  4.32986e-25
1.110554523e+00  3.5302446e-12  3.53024e-12  3.53024e-12  5.25265e-25
1.116107296e+00  3.5708875e-12  3.57089e-12  3.57089e-12  6.35854e-25
1.121687832e+00  3.5951616e-12  3.59516e-12  3.59516e-12  7.70397e-25
1.127296272e+00  3.6255743e-12  3.62557e-12  3.62557e-12  9.31672e-25
1.132932753e+00  3.6473429e-12  3.64734e-12  3.64734e-12  1.12667e-24
1.138597417e+00  3.6601814e-12  3.66018e-12  3.66018e-12  1.36251e-24
1.144290404e+00  3.6681120e-12  3.66811e-12  3.66811e-12  1.64697e-24
1.150011856e+00  3.6748836e-12  3.67488e-12  3.67488e-12  1.98898e-24
1.155761915e+00  3.6794635e-12  3.67946e-12  3.67946e-12  2.40016e-24
1.161540725e+00  3.6852131e-12  3.68521e-12  3.68521e-12  2.89287e-24
1.167348428e+00  3.6886716e-12  3.68867e-12  3.68867e-12  3.48409e-24
1.173185171e+00  3.6912335e-12  3.69123e-12  3.69123e-12  4.19227e-24
1.179051096e+00  3.6900478e-12  3.69005e-12  3.69005e-12  5.04164e-24
1.184946352e+00  3.6891366e-12  3.68914e-12  3.68914e-12  6.05666e-24
1.190871084e+00  3.6834973e-12  3.68350e-12  3.68350e-12  7.27311e-24
1.196825439e+00  3.6790636e-12  3.67906e-12  3.67906e-12  8.72369e-24
1.202809566e+00  3.6706301e-12  3.67063e-12  3.67063e-12  1.04586e-23
1.208823614e+00  3.6639757e-12  3.66398e-12  3.66398e-12  1.25230e-23
1.214867732e+00  3.6598694e-12  3.65987e-12  3.65987e-12  1.49750e-23
1.220942071e+00  3.6523594e-12  3.65236e-12  3.65236e-12  1.78975e-23
1.227046781e+00  3.6482790e-12  3.64828e-12  3.64828e-12  2.13595e-23
1.233182015e+00  3.6390396e-12  3.63904e-12  3.63904e-12  2.54838e-23
1.239347925e+00  3.6272401e-12  3.62724e-12  3.62724e-12  3.03853e-23
1.245544665e+00  3.6169903e-12  3.61699e-12  3.61699e-12  3.61872e-23
1.251772388e+00  3.6059659e-12  3.60597e-12  3.60597e-12  4.30599e-23
1.258031250e+00  3.5968060e-12  3.59681e-12  3.59681e-12  5.11761e-23
1.264321406e+00  3.5886183e-12  3.58862e-12  3.58862e-12  6.07562e-23
1.270643013e+00  3.5761700e-12  3.57617e-12  3.57617e-12  7.21032e-23
1.276996228e+00  3.5618929e-12  3.56189e-12  3.56189e-12  8.55106e-23
1.283381209e+00  3.5478605e-12  3.54786e-12  3.54786e-12  1.01313e-22
1.289798116e+00  3.5366549e-12  3.53665e-12  3.53665e-12  1.19878e-22
1.296247106e+00  3.5218118e-12  3.52181e-12  3.52181e-12  1.41784e-22
1.302728342e+00  3.5063644e-12  3.50636e-12  3.50636e-12  1.67554e-22
1.309241983e+00  3.4879797e-12  3.48798e-12  3.48798e-12  1.97908e-22
1.315788193e+00  3.4678591e-12  3.46786e-12  3.46786e-12  2.33607e-22
1.322367134e+00  3.4487706e-12  3.44877e-12  3.44877e-12  2.75457e-22
1.328978970e+00  3.4281795e-12  3.42818e-12  3.42818e-12  3.24583e-22
1.335623865e+00  3.4093539e-12  3.40935e-12  3.40935e-12  3.82034e-22
1.342301984e+00  3.3827777e-12  3.38278e-12  3.38278e-12  4.49751e-22
1.349013494e+00  3.3542633e-12  3.35426e-12  3.35426e-12  5.29153e-22
1.355758561e+00  3.3260115e-12  3.32601e-12  3.32601e-12  6.22009e-22
1.362537354e+00  3.2905987e-12  3.29060e-12  3.29060e-12  7.31273e-22
1.369350041e+00  3.2621846e-12  3.26218e-12  3.26218e-12  8.58138e-22
1.376196791e+00  3.2230983e-12  3.22310e-12  3.22310e-12  1.00769e-21
1.383077775e+00  3.1944542e-12  3.19445e-12  3.19445e-12  1.18053e-21
1.389993164e+00  3.1609152e-12  3.16092e-12  3.16092e-12  1.38283e-21
1.396943130e+00  3.1157821e-12  3.11578e-12  3.11578e-12  1.62112e-21
1.403927846e+00  3.0747918e-12  3.07479e-12  3.07479e-12  1.89777e-21
1.410947485e+00  3.0339926e-12  3.03399e-12  3.03399e-12  2.21974e-21
1.418002222e+00  2.9938859e-12  2.99389e-12  2.99389e-12  2.59394e-21
1.425092233e+00  2.9514910e-12  2.95149e-12  2.95149e-12  3.02974e-21
1.432217694e+00  2.9113883e-12  2.91139e-12  2.91139e-12  3.53471e-21
1.439378783e+00  2.8671598e-12  2.86716e-12  2.86716e-12  4.12297e-21
1.446575677e+00  2.8105435e-12  2.81054e-12  2.81054e-12  4.81380e-21
1.453808555e+00  2.7645219e-12  2.76452e-12  2.76452e-12  5.60738e-21
1.461077598e+00  2.7119783e-12  2.71198e-12  2.71198e-12  6.53269e-21
1.468382986e+00  2.6687522e-12  2.66875e-12  2.66875e-12  7.59455e-21
1.475724901e+00  2.6149172e-12  2.61492e-12  2.61492e-12  8.83548e-21
1.483103525e+00  2.5666080e-12  2.56661e-12  2.56661e-12  1.02630e-20
1.490519043e+00  2.5135632e-12  2.51356e-12  2.51356e-12  1.19201e-20
1.497971638e+00  2.4627769e-12  2.46278e-12  2.46278e-12  1.38295e-20
1.505461496e+00  2.4106393e-12  2.41064e-12  2.41064e-12  1.60356e-20
1.512988804e+00  2.3610269e-12  2.36103e-12  2.36103e-12  1.85727e-20
1.520553748e+00  2.3048462e-12  2.30485e-12  2.30485e-12  2.15149e-20
1.528156517e+00  2.2557772e-12  2.25578e-12  2.25578e-12  2.48794e-20
1.535797299e+00  2.1975289e-12  2.19753e-12  2.19753e-12  2.87859e-20
1.543476286e+00  2.1514246e-12  2.15142e-12  2.15142e-12  3.32237e-20
1.551193667e+00  2.0877851e-12  2.08779e-12  2.08779e-12  3.84124e-20
1.558949636e+00  2.0449941e-12  2.04499e-12  2.04499e-12  4.42481e-20
1.566744384e+00  1.9914465e-12  1.99145e-12  1.99145e-12  5.10106e-20
1.574578106e+00  1.9480744e-12  1.94807e-12  1.94807e-12  5.86794e-20
1.582450996e+00  1.8984736e-12  1.89847e-12  1.89847e-12  6.75116e-20
1.590363251e+00  1.8474817e-12  1.84748e-12  1.84748e-12  7.76326e-20
1.598315067e+00  1.8042856e-12  1.80429e-12  1.80429e-12  8.91089e-20
1.606306643e+00  1.7485158e-12  1.74852e-12  1.74852e-12  1.02391e-19
1.614338176e+00  1.7126708e-12  1.71267e-12  1.71267e-12  1.17239e-19
1.622409867e+00  1.6684336e-12  1.66843e-12  1.66843e-12  1.34305e-19
1.630521916e+00  1.6247370e-12  1.62474e-12  1.62474e-12  1.53736e-19
1.638674526e+00  1.5855645e-12  1.58556e-12  1.58556e-12  1.75743e-19
1.646867898e+00  1.5401647e-12  1.54016e-12  1.54016e-12  2.00939e-19
1.655102238e+00  1.5033872e-12  1.50339e-12  1.50339e-12  2.29310e-19
1.663377749e+00  1.4736517e-12  1.47365e-12  1.47365e-12  2.61247e-19
1.671694638e+00  1.4283748e-12  1.42837e-12  1.42837e-12  2.98085e-19
1.680053111e+00  1.3975059e-12  1.39751e-12  1.39751e-12  3.39193e-19
1.688453377e+00  1.3652125e-12  1.36521e-12  1.36521e-12  3.85789e-19
1.696895643e+00  1.3291022e-12  1.32910e-12  1.32910e-12  4.38729e-19
1.705380122e+00  1.2967949e-12  1.29679e-12  1.29679e-12  4.98332e-19
1.713907022e+00  1.2750843e-12  1.27508e-12  1.27508e-12  5.64800e-19
1.722476557e+00  1.2451669e-12  1.24517e-12  1.24517e-12  6.40460e-19
1.731088940e+00  1.2130595e-12  1.21306e-12  1.21306e-12  7.26008e-19
1.739744385e+00  1.1934152e-12  1.19342e-12  1.19341e-12  8.20969e-19
1.748443107e+00  1.1698045e-12  1.16980e-12  1.16980e-12  9.28272e-19
1.757185322e+00  1.1465513e-12  1.14655e-12  1.14655e-12  1.04886e-18
1.765971249e+00  1.1205400e-12  1.12054e-12  1.12054e-12  1.18483e-18
1.774801105e+00  1.1038852e-12  1.10389e-12  1.10388e-12  1.33573e-18
1.783675111e+00  1.0796216e-12  1.07962e-12  1.07962e-12  1.50657e-18
1.792593486e+00  1.0599660e-12  1.05997e-12  1.05996e-12  1.69702e-18
1.801556454e+00  1.0417220e-12  1.04172e-12  1.04172e-12  1.90993e-18
1.810564236e+00  1.0213775e-12  1.02138e-12  1.02138e-12  2.14886e-18
1.819617057e+00  1.0085348e-12  1.00853e-12  1.00853e-12  2.41345e-18
1.828715142e+00  9.8926492e-13  9.89265e-13  9.89262e-13  2.71152e-18
1.837858718e+00  9.7740294e-13  9.77403e-13  9.77400e-13  3.04112e-18
1.847048012e+00  9.6531931e-13  9.65319e-13  9.65316e-13  3.40874e-18
1.856283252e+00  9.5181417e-13  9.51814e-13  9.51810e-13  3.81925e-18
1.865564668e+00  9.3803770e-13  9.38038e-13  9.38033e-13  4.27671e-18
1.874892491e+00  9.2824026e-13  9.28240e-13  9.28235e-13  4.78310e-18
1.884266954e+00  9.1880053e-13  9.18801e-13  9.18795e-13  5.34585e-18
1.893688289e+00  9.1390659e-13  9.13907e-13  9.13901e-13  5.96691e-18
1.903156730e+00  9.0689679e-13  9.06897e-13  9.06890e-13  6.65819e-18
1.912672514e+00  8.9788239e-13  8.97882e-13  8.97875e-13  7.42733e-18
1.922235876e+00  8.9094629e-13  8.90946e-13  8.90938e-13  8.27758e-18
1.931847056e+00  8.8404124e-13  8.84041e-13  8.84032e-13  9.21951e-18
1.941506291e+00  8.8252035e-13  8.82520e-13  8.82510e-13  1.02536e-17
1.951213822e+00  8.7713509e-13  8.77135e-13  8.77124e-13  1.14038e-17
1.960969892e+00  8.7507697e-13  8.75077e-13  8.75064e-13  1.26685e-17
1.970774741e+00  8.7299197e-13  8.72992e-13  8.72978e-13  1.40651e-17
1.980628615e+00  8.7519795e-13  8.75198e-13  8.75182e-13  1.55953e-17
1.990531758e+00  8.7829333e-13  8.78293e-13  8.78276e-13  1.72788e-17
2.000484417e+00  8.7944097e-13  8.79441e-13  8.79422e-13  1.91386e-17
2.010486839e+00  8.8428067e-13  8.84281e-13  8.84259e-13  2.11728e-17
2.020539273e+00  8.9301415e-13  8.93014e-13  8.92991e-13  2.33935e-17
2.030641969e+00  8.9767027e-13  8.97670e-13  8.97644e-13  2.58491e-17
2.040795179e+00  9.0523191e-13  9.05232e-13  9.05203e-13  2.85311e-17
2.050999155e+00  9.1324356e-13  9.13244e-13  9.13212e-13  3.14697e-17
2.061254151e+00  9.1792030e-13  9.17920e-13  9.17886e-13  3.47103e-17
2.071560421e+00  9.2439037e-13  9.24390e-13  9.24352e-13  3.82496e-17
2.081918224e+00  9.3183361e-13  9.31834e-13  9.31791e-13  4.21173e-17
2.092327815e+00  9.4029464e-13  9.40295e-13  9.40248e-13  4.63399e-17
2.102789454e+00  9.5149471e-13  9.51495e-13  9.51444e-13  5.09299e-17
2.113303401e+00  9.6351918e-13  9.63519e-13  9.63463e-13  5.59322e-17
2.123869918e+00  9.7819720e-13  9.78197e-13  9.78136e-13  6.13583e-17
2.134489268e+00  9.8692897e-13  9.86929e-13  9.86862e-13  6.73442e-17
2.145161714e+00  1.0085052e-12  1.00851e-12  1.00843e-12  7.36911e-17
2.155887523e+00  1.0236165e-12  1.02362e-12  1.02354e-12  8.06843e-17
2.166666960e+00  1.0369164e-12  1.03692e-12  1.03683e-12  8.83178e-17
2.177500295e+00  1.0539869e-12  1.05399e-12  1.05389e-12  9.65439e-17
2.188387796e+00  1.0661746e-12  1.06617e-12  1.06607e-12  1.05573e-16
2.199329735e+00  1.0814224e-12  1.08142e-12  1.08131e-12  1.15306e-16
2.210326384e+00  1.1009966e-12  1.10100e-12  1.10087e-12  1.25751e-16
2.221378016e+00  1.1200639e-12  1.12006e-12  1.11993e-12  1.37069e-16
2.232484906e+00  1.1318304e-12  1.13183e-12  1.13168e-12  1.49539e-16
2.243647331e+00  1.1442590e-12  1.14426e-12  1.14410e-12  1.63024e-16
2.254865567e+00  1.1623364e-12  1.16234e-12  1.16216e-12  1.77408e-16
2.266139895e+00  1.1757740e-12  1.17577e-12  1.17558e-12  1.93133e-16
2.277470595e+00  1.1854747e-12  1.18547e-12  1.18526e-12  2.10298e-16
2.288857948e+00  1.1960670e-12  1.19607e-12  1.19584e-12  2.28811e-16
2.300302237e+00  1.2093635e-12  1.20936e-12  1.20911e-12  2.48661e-16
2.311803748e+00  1.2226325e-12  1.22263e-12  1.22236e-12  2.70075e-16
2.323362767e+00  1.2300516e-12  1.23005e-12  1.22976e-12  2.93548e-16
2.334979581e+00  1.2412777e-12  1.24128e-12  1.24096e-12  3.18606e-16
2.346654479e+00  1.2482049e-12  1.24820e-12  1.24786e-12  3.45947e-16
2.358387751e+00  1.2546274e-12  1.25463e-12  1.25425e-12  3.75469e-16
2.370179690e+00  1.2612137e-12  1.26121e-12  1.26081e-12  4.07272e-16
2.382030589e+00  1.2699785e-12  1.26998e-12  1.26954e-12  4.41295e-16
2.393940742e+00  1.2750196e-12  1.27502e-12  1.27454e-12  4.78323e-16
2.405910445e+00  1.2827113e-12  1.28271e-12  1.28219e-12  5.17844e-16
2.417939997e+00  1.2898426e-12  1.28984e-12  1.28928e-12  5.60398e-16
2.430029697e+00  1.2933969e-12  1.29340e-12  1.29279e-12  6.06658e-16
2.442179846e+00  1.2936581e-12  1.29366e-12  1.29300e-12  6.56935e-16
2.454390745e+00  1.2924220e-12  1.29242e-12  1.29171e-12  7.11286e-16
2.466662699e+00  1.2942944e-12  1.29429e-12  1.29353e-12  7.69137e-16
2.478996012e+00  1.2964220e-12  1.29642e-12  1.29559e-12  8.31213e-16
2.491390992e+00  1.2937244e-12  1.29372e-12  1.29283e-12  8.98970e-16
2.503847947e+00  1.2855401e-12  1.28554e-12  1.28457e-12  9.73182e-16
2.516367187e+00  1.2803740e-12  1.28037e-12  1.27932e-12  1.05219e-15
2.528949023e+00  1.2756043e-12  1.27560e-12  1.27447e-12  1.13696e-15
2.541593768e+00  1.2702272e-12  1.27023e-12  1.26900e-12  1.22819e-15
2.554301737e+00  1.2640092e-12  1.26401e-12  1.26268e-12  1.32642e-15
2.567073246e+00  1.2580494e-12  1.25805e-12  1.25662e-12  1.43175e-15
2.579908612e+00  1.2511248e-12  1.25112e-12  1.24958e-12  1.54515e-15
2.592808155e+00  1.2449027e-12  1.24490e-12  1.24324e-12  1.66646e-15
2.605772196e+00  1.2363424e-12  1.23634e-12  1.23454e-12  1.79766e-15
2.618801057e+00  1.2278331e-12  1.22783e-12  1.22589e-12  1.93831e-15
2.631895062e+00  1.2192810e-12  1.21928e-12  1.21719e-12  2.08909e-15
2.645054537e+00  1.2099836e-12  1.20998e-12  1.20773e-12  2.25110e-15
2.658279810e+00  1.2005658e-12  1.20057e-12  1.19814e-12  2.42473e-15
2.671571209e+00  1.1907083e-12  1.19071e-12  1.18810e-12  2.61098e-15
2.684929065e+00  1.1742611e-12  1.17426e-12  1.17145e-12  2.81577e-15
2.698353710e+00  1.1565756e-12  1.15658e-12  1.15354e-12  3.03654e-15
2.711845479e+00  1.1332883e-12  1.13329e-12  1.13001e-12  3.27875e-15
2.725404706e+00  1.1093400e-12  1.10934e-12  1.10580e-12  3.53966e-15
2.739031730e+00  1.0821622e-12  1.08216e-12  1.07834e-12  3.82358e-15
2.752726889e+00  1.0522317e-12  1.05223e-12  1.04810e-12  4.13215e-15
2.766490523e+00  1.0239707e-12  1.02397e-12  1.01951e-12  4.46184e-15
2.780322976e+00  9.9835332e-13  9.98353e-13  9.93541e-13  4.81236e-15
2.794224591e+00  9.7753697e-13  9.77537e-13  9.72356e-13  5.18119e-15
2.808195713e+00  9.5884054e-13  9.58841e-13  9.53268e-13  5.57276e-15
2.822236692e+00  9.4269142e-13  9.42691e-13  9.36704e-13  5.98720e-15
2.836347875e+00  9.2823285e-13  9.28233e-13  9.21806e-13  6.42685e-15
2.850529615e+00  9.1509535e-13  9.15095e-13  9.08202e-13  6.89351e-15
2.864782263e+00  9.0279496e-13  9.02795e-13  8.95405e-13  7.38947e-15
2.879106174e+00  8.9140008e-13  8.91400e-13  8.83484e-13  7.91601e-15
2.893501705e+00  8.8052502e-13  8.80525e-13  8.72049e-13  8.47562e-15
2.907969214e+00  8.7069228e-13  8.70692e-13  8.61624e-13  9.06855e-15
2.922509060e+00  8.6135677e-13  8.61357e-13  8.51659e-13  9.69792e-15
2.937121605e+00  8.5215048e-13  8.52150e-13  8.41784e-13  1.03668e-14
2.951807213e+00  8.4307510e-13  8.43075e-13  8.31998e-13  1.10773e-14
2.966566249e+00  8.3527790e-13  8.35278e-13  8.23450e-13  1.18275e-14
2.981399080e+00  8.2869460e-13  8.28695e-13  8.16076e-13  1.26190e-14
2.996306076e+00  8.2357352e-13  8.23574e-13  8.10121e-13  1.34522e-14
3.011287606e+00  8.1861177e-13  8.18612e-13  8.04277e-13  1.43344e-14
3.026344044e+00  8.1369527e-13  8.13695e-13  7.98427e-13  1.52687e-14
3.041475764e+00  8.0890347e-13  8.08903e-13  7.92646e-13  1.62573e-14
3.056683143e+00  8.0340982e-13  8.03410e-13  7.86102e-13  1.73079e-14
3.071966559e+00  7.9790864e-13  7.97909e-13  7.79489e-13  1.84200e-14
3.087326392e+00  7.9236852e-13  7.92369e-13  7.72772e-13  1.95970e-14
3.102763024e+00  7.8756781e-13  7.87568e-13  7.66731e-13  2.08367e-14
3.118276839e+00  7.8312988e-13  7.83130e-13  7.60985e-13  2.21446e-14
3.133868223e+00  7.7912403e-13  7.79124e-13  7.55601e-13  2.35230e-14
3.149537564e+00  7.7525891e-13  7.75259e-13  7.50281e-13  2.49774e-14
3.165285252e+00  7.7157279e-13  7.71573e-13  7.45062e-13  2.65113e-14
3.181111678e+00  7.6789143e-13  7.67891e-13  7.39762e-13  2.81299e-14
3.197017237e+00  7.6436123e-13  7.64361e-13  7.34525e-13  2.98359e-14
3.213002323e+00  7.6074278e-13  7.60743e-13  7.29107e-13  3.16361e-14
3.229067334e+00  7.5666769e-13  7.56668e-13  7.23128e-13  3.35399e-14
3.245212671e+00  7.5293885e-13  7.52939e-13  7.17396e-13  3.55426e-14
3.261438734e+00  7.4948792e-13  7.49488e-13  7.11839e-13  3.76492e-14
3.277745928e+00  7.4614866e-13  7.46149e-13  7.06282e-13  3.98669e-14
3.294134658e+00  7.4256186e-13  7.42562e-13  7.00355e-13  4.22064e-14
3.310605331e+00  7.3913773e-13  7.39138e-13  6.94470e-13  4.46673e-14
3.327158358e+00  7.3555559e-13  7.35556e-13  6.88295e-13  4.72607e-14
3.343794149e+00  7.3089318e-13  7.30893e-13  6.80881e-13  5.00117e-14
3.360513120e+00  7.2499856e-13  7.24999e-13  6.72064e-13  5.29341e-14
3.377315686e+00  7.1779053e-13  7.17791e-13  6.61748e-13  5.60421e-14
3.394202264e+00  7.1000947e-13  7.10009e-13  6.50678e-13  5.93317e-14
3.411173276e+00  7.0112558e-13  7.01126e-13  6.38298e-13  6.28277e-14
3.428229142e+00  7.0594625e-13  7.05946e-13  6.39800e-13  6.61463e-14
3.445370288e+00  7.0922943e-13  7.09229e-13  6.39567e-13  6.96622e-14
3.462597139e+00  7.0909455e-13  7.09095e-13  6.35647e-13  7.34476e-14
3.479910125e+00  7.0619143e-13  7.06191e-13  6.28683e-13  7.75088e-14
3.497309675e+00  7.0221564e-13  7.02216e-13  6.20403e-13  8.18129e-14
3.514796224e+00  7.0574941e-13  7.05749e-13  6.19689e-13  8.60609e-14
3.532370205e+00  7.0766781e-13  7.07668e-13  6.17100e-13  9.05683e-14
3.550032056e+00  7.0748763e-13  7.07488e-13  6.12112e-13  9.53759e-14
3.567782216e+00  7.0685254e-13  7.06853e-13  6.06416e-13  1.00437e-13
3.585621127e+00  7.0646854e-13  7.06469e-13  6.00736e-13  1.05733e-13
3.603549233e+00  7.0623394e-13  7.06234e-13  5.94955e-13  1.11279e-13
3.621566979e+00  7.0610724e-13  7.06107e-13  5.89020e-13  1.17087e-13
3.639674814e+00  7.0643050e-13  7.06431e-13  5.83279e-13  1.23151e-13
3.657873188e+00  7.0677834e-13  7.06778e-13  5.77273e-13  1.29505e-13
3.676162554e+00  7.0754285e-13  7.07543e-13  5.71405e-13  1.36138e-13
3.694543367e+00  7.0857369e-13  7.08574e-13  5.65504e-13  1.43070e-13
3.713016084e+00  7.1024726e-13  7.10247e-13  5.59961e-13  1.50286e-13
3.731581164e+00  7.1194859e-13  7.11949e-13  5.54106e-13  1.57842e-13
3.750239070e+00  7.1400468e-13  7.14005e-13  5.48277e-13  1.65728e-13
3.768990265e+00  7.1655260e-13  7.16553e-13  5.42608e-13  1.73944e-13
3.787835216e+00  7.1937799e-13  7.19378e-13  5.36856e-13  1.82522e-13
3.806774393e+00  7.2235153e-13  7.22352e-13  5.30862e-13  1.91489e-13
3.825808265e+00  7.2602417e-13  7.26024e-13  5.25216e-13  2.00808e-13
3.844937306e+00  7.3008969e-13  7.30090e-13  5.19570e-13  2.10520e-13
3.864161992e+00  7.3439952e-13  7.34400e-13  5.13741e-13  2.20659e-13
3.883482802e+00  7.3920563e-13  7.39206e-13  5.07993e-13  2.31213e-13
3.902900216e+00  7.4452036e-13  7.44520e-13  5.02326e-13  2.42195e-13
3.922414717e+00  7.5026714e-13  7.50267e-13  4.96636e-13  2.53631e-13
3.942026791e+00  7.5650697e-13  7.56507e-13  4.90976e-13  2.65531e-13
3.961736925e+00  7.6308259e-13  7.63083e-13  4.85146e-13  2.77937e-13
3.981545610e+00  7.7016686e-13  7.70167e-13  4.79324e-13  2.90843e-13
4.001453338e+00  7.7794374e-13  7.77944e-13  4.73708e-13  3.04236e-13
4.021460604e+00  7.8615577e-13  7.86156e-13  4.67977e-13  3.18179e-13
4.041567907e+00  7.9510776e-13  7.95108e-13  4.62473e-13  3.32634e-13
4.061775747e+00  8.0441344e-13  8.04413e-13  4.56712e-13  3.47701e-13
4.082084626e+00  8.1450994e-13  8.14510e-13  4.51201e-13  3.63309e-13
4.102495049e+00  8.2515843e-13  8.25158e-13  4.45628e-13  3.79530e-13
4.123007524e+00  8.3647444e-13  8.36474e-13  4.40112e-13  3.96362e-13
4.143622562e+00  8.4856592e-13  8.48566e-13  4.34769e-13  4.13797e-13
4.164340674e+00  8.6133798e-13  8.61338e-13  4.29457e-13  4.31881e-13
4.185162378e+00  8.7479237e-13  8.74792e-13  4.24155e-13  4.50638e-13
4.206088190e+00  8.8905105e-13  8.89051e-13  4.18997e-13  4.70054e-13
4.227118631e+00  9.0404504e-13  9.04045e-13  4.13870e-13  4.90175e-13
4.248254224e+00  9.1982636e-13  9.19826e-13  4.08818e-13  5.11008e-13
4.269495495e+00  9.3638151e-13  9.36382e-13  4.03796e-13  5.32586e-13
4.290842972e+00  9.5376131e-13  9.53761e-13  3.98848e-13  5.54914e-13
4.312297187e+00  9.7204254e-13  9.72043e-13  3.94059e-13  5.77984e-13
4.333858673e+00  9.9129476e-13  9.91295e-13  3.89513e-13  6.01782e-13
4.355527967e+00  1.0113879e-12  1.01139e-12  3.84991e-13  6.26397e-13
4.377305606e+00  1.0323830e-12  1.03238e-12  3.80556e-13  6.51827e-13
4.399192134e+00  1.0542083e-12  1.05421e-12  3.76061e-13  6.78148e-13
4.421188095e+00  1.0770139e-12  1.07701e-12  3.71715e-13  7.05299e-13
4.443294036e+00  1.1006841e-12  1.10068e-12  3.67288e-13  7.33396e-13
4.465510506e+00  1.1253274e-12  1.12533e-12  3.62928e-13  7.62400e-13
4.487838058e+00  1.1508355e-12  1.15084e-12  3.58388e-13  7.92447e-13
4.510277249e+00  1.1770750e-12  1.17707e-12  3.53333e-13  8.23742e-13
4.532828635e+00  1.2040085e-12  1.20401e-12  3.47556e-13  8.56453e-13
4.555492778e+00  1.2314987e-12  1.23150e-12  3.40582e-13  8.90917e-13
4.578270242e+00  1.2596203e-12  1.25962e-12  3.32305e-13  9.27316e-13
4.601161593e+00  1.2887208e-12  1.28872e-12  3.23245e-13  9.65476e-13
4.624167401e+00  1.3185323e-12  1.31853e-12  3.12422e-13  1.00611e-12
4.647288238e+00  1.3495911e-12  1.34959e-12  3.00819e-13  1.04877e-12
4.670524679e+00  1.3822840e-12  1.38228e-12  2.89275e-13  1.09301e-12
4.693877303e+00  1.4167086e-12  1.41671e-12  2.77959e-13  1.13875e-12
4.717346689e+00  1.4535705e-12  1.45357e-12  2.69479e-13  1.18409e-12
4.740933423e+00  1.4924668e-12  1.49247e-12  2.63044e-13  1.22942e-12
4.764638090e+00  1.5326446e-12  1.53264e-12  2.55560e-13  1.27708e-12
4.788461280e+00  1.5741640e-12  1.57416e-12  2.46438e-13  1.32773e-12
4.812403587e+00  1.6173119e-12  1.61731e-12  2.36190e-13  1.38112e-12
4.836465604e+00  1.6624632e-12  1.66246e-12  2.27241e-13  1.43522e-12
4.860647933e+00  1.7096004e-12  1.70960e-12  2.21561e-13  1.48804e-12
4.884951172e+00  1.7583759e-12  1.75838e-12  2.17365e-13  1.54101e-12
4.909375928e+00  1.8086877e-12  1.80869e-12  2.13570e-13  1.59512e-12
4.933922808e+00  1.8605591e-12  1.86056e-12  2.09703e-13  1.65086e-12
4.958592422e+00  1.9140927e-12  1.91409e-12  2.05320e-13  1.70877e-12
4.983385384e+00  1.9692856e-12  1.96929e-12  2.01029e-13  1.76826e-12
5.008302311e+00  2.0260950e-12  2.02609e-12  1.97115e-13  1.82898e-12
5.033343822e+00  2.0848374e-12  2.08484e-12  1.92385e-13  1.89245e-12
5.058510541e+00  2.1460427e-12  2.14604e-12  1.85753e-13  1.96029e-12
5.083803094e+00  2.2095836e-12  2.20958e-12  1.78449e-13  2.03113e-12
5.109222110e+00  2.2752258e-12  2.27523e-12  1.71369e-13  2.10386e-12
5.134768220e+00  2.3427606e-12  2.34276e-12  1.64961e-13  2.17780e-12
5.160442061e+00  2.4115340e-12  2.41153e-12  1.60263e-13  2.25127e-12
5.186244272e+00  2.4798784e-12  2.47988e-12  1.59496e-13  2.32038e-12
5.212175493e+00  2.5476207e-12  2.54762e-12  1.61867e-13  2.38575e-12
5.238236370e+00  2.6162121e-12  2.61621e-12  1.64668e-13  2.45154e-12
5.264427552e+00  2.6859034e-12  2.68590e-12  1.67483e-13  2.51842e-12
5.290749690e+00  2.7557181e-12  2.75572e-12  1.71383e-13  2.58433e-12
5.317203438e+00  2.8263088e-12  2.82631e-12  1.75444e-13  2.65086e-12
5.343789456e+00  2.9003830e-12  2.90038e-12  1.77047e-13  2.72334e-12
5.370508403e+00  2.9792942e-12  2.97929e-12  1.75494e-13  2.80380e-12
5.397360945e+00  3.0620272e-12  3.06203e-12  1.72255e-13  2.88977e-12
5.424347750e+00  3.1466131e-12  3.14661e-12  1.69190e-13  2.97742e-12
5.451469488e+00  3.2309934e-12  3.23099e-12  1.67774e-13  3.06322e-12
5.478726836e+00  3.3153500e-12  3.31535e-12  1.67607e-13  3.14774e-12
5.506120470e+00  3.4018677e-12  3.40187e-12  1.67086e-13  3.23478e-12
5.533651072e+00  3.4920532e-12  3.49205e-12  1.65373e-13  3.32668e-12
5.561319328e+00  3.5891812e-12  3.58918e-12  1.60819e-13  3.42836e-12
5.589125924e+00  3.6918240e-12  3.69182e-12  1.54663e-13  3.53716e-12
5.617071554e+00  3.7951302e-12  3.79513e-12  1.49648e-13  3.64548e-12
5.645156912e+00  3.8966681e-12  3.89667e-12  1.46796e-13  3.74987e-12
5.673382696e+00  3.9991495e-12  3.99915e-12  1.44564e-13  3.85459e-12
5.701749610e+00  4.1034806e-12  4.10348e-12  1.42479e-13  3.96100e-12
5.730258358e+00  4.2122205e-12  4.21222e-12  1.39475e-13  4.07275e-12
5.758909650e+00  4.3237889e-12  4.32379e-12  1.36314e-13  4.18748e-12
5.787704198e+00  4.4361737e-12  4.43617e-12  1.33784e-13  4.30239e-12
5.816642719e+00  4.5479792e-12  4.54798e-12  1.32311e-13  4.41567e-12
5.845725932e+00  4.6627319e-12  4.66273e-12  1.30557e-13  4.53218e-12
5.874954562e+00  4.7819845e-12  4.78198e-12  1.28060e-13  4.65392e-12
5.904329335e+00  4.9086769e-12  4.90868e-12  1.24008e-13  4.78467e-12
5.933850982e+00  5.0456784e-12  5.04568e-12  1.17755e-13  4.92792e-12
5.963520237e+00  5.1897335e-12  5.18973e-12  1.10524e-13  5.07921e-12
5.993337838e+00  5.3285656e-12  5.32857e-12  1.05817e-13  5.22275e-12
6.023304527e+00  5.4635033e-12  5.46350e-12  1.02997e-13  5.36051e-12
6.053421050e+00  5.5967131e-12  5.59671e-12  1.01303e-13  5.49541e-12
6.083688155e+00  5.7331842e-12  5.73318e-12  9.94035e-14  5.63378e-12
6.114106596e+00  5.8741906e-12  5.87419e-12  9.70313e-14  5.77716e-12
6.144677129e+00  6.0205235e-12  6.02052e-12  9.40705e-14  5.92645e-12
6.175400514e+00  6.1685969e-12  6.16860e-12  9.13635e-14  6.07723e-12
6.206277517e+00  6.3161534e-12  6.31615e-12  8.93540e-14  6.22680e-12
6.237308904e+00  6.4607291e-12  6.46073e-12  8.84584e-14  6.37227e-12
6.268495449e+00  6.6058829e-12  6.60588e-12  8.78771e-14  6.51801e-12
6.299837926e+00  6.7519037e-12  6.75190e-12  8.75233e-14  6.66438e-12
6.331337116e+00  6.8929085e-12  6.89291e-12  8.84149e-14  6.80449e-12
6.362993801e+00  7.0286234e-12  7.02862e-12  9.04635e-14  6.93816e-12
6.394808770e+00  7.1660252e-12  7.16603e-12  9.23917e-14  7.07363e-12
6.426782814e+00  7.3088107e-12  7.30881e-12  9.36169e-14  7.21519e-12
6.458916728e+00  7.4625410e-12  7.46254e-12  9.33520e-14  7.36919e-12
6.491211312e+00  7.6196946e-12  7.61969e-12  9.28604e-14  7.52683e-12
6.523667368e+00  7.7867911e-12  7.78679e-12  9.12304e-14  7.69556e-12
6.556285705e+00  7.9616390e-12  7.96164e-12  8.88794e-14  7.87276e-12
6.589067134e+00  8.1384434e-12  8.13844e-12  8.66559e-14  8.05179e-12
6.622012469e+00  8.3123864e-12  8.31239e-12  8.51730e-14  8.22721e-12
6.655122532e+00  8.4811891e-12  8.48119e-12  8.46456e-14  8.39654e-12
6.688398144e+00  8.6502191e-12  8.65022e-12  8.43320e-14  8.56589e-12
6.721840135e+00  8.8235218e-12  8.82352e-12  8.37371e-14  8.73978e-12
6.755449336e+00  9.0041372e-12  9.00414e-12  8.25413e-14  8.92160e-12
6.789226583e+00  9.1893841e-12  9.18938e-12  8.10948e-14  9.10829e-12
6.823172715e+00  9.3801514e-12  9.38015e-12  7.93267e-14  9.30082e-12
6.857288579e+00  9.5739332e-12  9.57393e-12  7.75255e-14  9.49641e-12
6.891575022e+00  9.7771728e-12  9.77717e-12  7.50524e-14  9.70212e-12
6.926032897e+00  9.9809322e-12  9.98093e-12  7.28349e-14  9.90810e-12
6.960663062e+00  1.0179356e-11  1.01794e-11  7.14015e-14  1.01080e-11
6.995466377e+00  1.0380498e-11  1.03805e-11  6.99504e-14  1.03105e-11
7.030443709e+00  1.0584788e-11  1.05848e-11  6.84456e-14  1.05163e-11
7.065595927e+00  1.0791519e-11  1.07915e-11  6.69527e-14  1.07246e-11
7.100923907e+00  1.1000899e-11  1.10009e-11  6.54537e-14  1.09354e-11
7.136428526e+00  1.1215154e-11  1.12152e-11  6.37697e-14  1.11514e-11
7.172110669e+00  1.1432042e-11  1.14320e-11  6.20926e-14  1.13699e-11
7.207971222e+00  1.1653528e-11  1.16535e-11  6.02729e-14  1.15933e-11
7.244011079e+00  1.1879370e-11  1.18794e-11  5.83411e-14  1.18210e-11
7.280231134e+00  1.2112431e-11  1.21124e-11  5.61017e-14  1.20563e-11
7.316632290e+00  1.2354314e-11  1.23543e-11  5.34691e-14  1.23008e-11
7.353215451e+00  1.2597610e-11  1.25976e-11  5.09811e-14  1.25466e-11
7.389981528e+00  1.2841452e-11  1.28415e-11  4.86851e-14  1.27928e-11
7.426931436e+00  1.3081933e-11  1.30819e-11  4.68182e-14  1.30351e-11
7.464066093e+00  1.3325170e-11  1.33252e-11  4.49644e-14  1.32802e-11
7.501386424e+00  1.3570212e-11  1.35702e-11  4.31811e-14  1.35270e-11
7.538893356e+00  1.3815903e-11  1.38159e-11  4.15317e-14  1.37744e-11
7.576587822e+00  1.4065752e-11  1.40658e-11  3.98040e-14  1.40259e-11
7.614470762e+00  1.4317697e-11  1.43177e-11  3.81199e-14  1.42796e-11
7.652543115e+00  1.4571988e-11  1.45720e-11  3.64629e-14  1.45355e-11
7.690805831e+00  1.4831978e-11  1.48320e-11  3.46527e-14  1.47973e-11
7.729259860e+00  1.5091832e-11  1.50918e-11  3.30041e-14  1.50588e-11
7.767906159e+00  1.5360059e-11  1.53601e-11  3.10751e-14  1.53290e-11
7.806745690e+00  1.5627195e-11  1.56272e-11  2.93534e-14  1.55978e-11
7.845779419e+00  1.5891777e-11  1.58918e-11  2.78942e-14  1.58639e-11
7.885008316e+00  1.6165195e-11  1.61652e-11  2.61450e-14  1.61390e-11
7.924433357e+00  1.6441736e-11  1.64417e-11  2.43882e-14  1.64173e-11
7.964055524e+00  1.6715137e-11  1.67151e-11  2.29034e-14  1.66922e-11
8.003875802e+00  1.6991307e-11  1.69913e-11  2.14144e-14  1.69699e-11
8.043895181e+00  1.7269901e-11  1.72699e-11  1.99362e-14  1.72500e-11
8.084114657e+00  1.7557120e-11  1.75571e-11  1.82117e-14  1.75389e-11
8.124535230e+00  1.7845157e-11  1.78452e-11  1.65735e-14  1.78286e-11
8.165157906e+00  1.8128922e-11  1.81289e-11  1.52161e-14  1.81137e-11
8.205983696e+00  1.8412430e-11  1.84124e-11  1.39654e-14  1.83985e-11
8.247013614e+00  1.8694810e-11  1.86948e-11  1.28464e-14  1.86820e-11
8.288248682e+00  1.8977939e-11  1.89779e-11  1.17807e-14  1.89662e-11
8.329689926e+00  1.9260980e-11  1.92610e-11  1.07943e-14  1.92502e-11
8.371338375e+00  1.9539026e-11  1.95390e-11  1.00525e-14  1.95290e-11
8.413195067e+00  1.9807096e-11  1.98071e-11  9.70832e-15  1.97974e-11
8.455261042e+00  2.0062110e-11  2.00621e-11  9.83637e-15  2.00523e-11
8.497537348e+00  2.0293854e-11  2.02939e-11  1.07365e-14  2.02831e-11
8.540025034e+00  2.0482885e-11  2.04829e-11  1.29748e-14  2.04699e-11
8.582725160e+00  2.0592548e-11  2.05925e-11  1.76016e-14  2.05749e-11
8.625638785e+00  2.0587857e-11  2.05879e-11  2.55200e-14  2.05623e-11
8.668766979e+00  2.0462473e-11  2.04625e-11  3.66948e-14  2.04258e-11
8.712110814e+00  2.0251986e-11  2.02520e-11  4.98644e-14  2.02021e-11
8.755671368e+00  2.0164590e-11  2.01646e-11  5.89485e-14  2.01056e-11
8.799449725e+00  2.0343054e-11  2.03431e-11  6.02145e-14  2.02828e-11
8.843446974e+00  2.0293391e-11  2.02934e-11  6.76425e-14  2.02257e-11
8.887664209e+00  2.0392640e-11  2.03926e-11  7.07616e-14  2.03219e-11
8.932102530e+00  2.0602428e-11  2.06024e-11  7.08411e-14  2.05316e-11
8.976763042e+00  2.0688183e-11  2.06882e-11  7.40735e-14  2.06141e-11
9.021646857e+00  2.0748962e-11  2.07490e-11  7.77767e-14  2.06712e-11
9.066755092e+00  2.0947362e-11  2.09474e-11  7.79267e-14  2.08694e-11
9.112088867e+00  2.1246157e-11  2.12462e-11  7.56341e-14  2.11705e-11
9.157649312e+00  2.1581587e-11  2.15816e-11  7.25488e-14  2.15090e-11
9.203437558e+00  2.1891933e-11  2.18919e-11  7.01430e-14  2.18218e-11
9.249454746e+00  2.2191748e-11  2.21917e-11  6.80481e-14  2.21237e-11
9.295702020e+00  2.2484568e-11  2.24846e-11  6.61676e-14  2.24184e-11
9.342180530e+00  2.2741853e-11  2.27419e-11  6.51083e-14  2.26767e-11
9.388891432e+00  2.2986811e-11  2.29868e-11  6.43281e-14  2.29225e-11
9.435835890e+00  2.3228264e-11  2.32283e-11  6.36262e-14  2.31646e-11
9.483015069e+00  2.3486350e-11  2.34864e-11  6.25860e-14  2.34238e-11
9.530430144e+00  2.3823604e-11  2.38236e-11  5.99744e-14  2.37636e-11
9.578082295e+00  2.4235796e-11  2.42358e-11  5.59656e-14  2.41798e-11
9.625972707e+00  2.4721633e-11  2.47216e-11  5.06662e-14  2.46710e-11
9.674102570e+00  2.5249309e-11  2.52493e-11  4.47533e-14  2.52046e-11
9.722473083e+00  2.5695862e-11  2.56959e-11  4.05436e-14  2.56553e-11
9.771085448e+00  2.6132212e-11  2.61322e-11  3.66542e-14  2.60956e-11
9.819940876e+00  2.6541151e-11  2.65412e-11  3.33762e-14  2.65078e-11
9.869040580e+00  2.6817185e-11  2.68172e-11  3.25239e-14  2.67847e-11
9.918385783e+00  2.6977745e-11  2.69777e-11  3.36641e-14  2.69441e-11
9.967977712e+00  2.7016397e-11  2.70164e-11  3.67949e-14  2.69796e-11
1.001781760e+01  2.7107727e-11  2.71077e-11  3.89145e-14  2.70688e-11
1.006790669e+01  2.7212632e-11  2.72126e-11  4.07110e-14  2.71719e-11
1.011824622e+01  2.7305879e-11  2.73059e-11  4.26025e-14  2.72633e-11
1.016883745e+01  2.7421451e-11  2.74215e-11  4.40493e-14  2.73774e-11
1.021968164e+01  2.7428189e-11  2.74282e-11  4.70923e-14  2.73811e-11
1.027078005e+01  2.7505641e-11  2.75056e-11  4.89300e-14  2.74567e-11
1.032213395e+01  2.7860961e-11  2.78610e-11  4.65468e-14  2.78144e-11
1.037374462e+01  2.8269611e-11  2.82696e-11  4.34396e-14  2.82262e-11
1.042561334e+01  2.8485037e-11  2.84850e-11  4.31821e-14  2.84419e-11
1.047774141e+01  2.8706824e-11  2.87068e-11  4.28152e-14  2.86640e-11
1.053013012e+01  2.9033259e-11  2.90333e-11  4.09830e-14  2.89923e-11
1.058278077e+01  2.9377445e-11  2.93774e-11  3.89431e-14  2.93385e-11
1.063569467e+01  2.9669538e-11  2.96695e-11  3.76408e-14  2.96319e-11
1.068887314e+01  2.9922477e-11  2.99225e-11  3.68692e-14  2.98856e-11
1.074231751e+01  3.0197816e-11  3.01978e-11  3.58055e-14  3.01620e-11
1.079602910e+01  3.0532104e-11  3.05321e-11  3.39994e-14  3.04981e-11
1.085000924e+01  3.1013809e-11  3.10138e-11  3.03816e-14  3.09834e-11
1.090425929e+01  3.1532630e-11  3.15326e-11  2.63985e-14  3.15062e-11
1.095878058e+01  3.1912648e-11  3.19126e-11  2.41979e-14  3.18885e-11
1.101357449e+01  3.2190269e-11  3.21903e-11  2.32610e-14  3.21670e-11
1.106864236e+01  3.2329989e-11  3.23300e-11  2.39427e-14  3.23060e-11
1.112398557e+01  3.2257803e-11  3.22578e-11  2.70177e-14  3.22308e-11
1.117960550e+01  3.2061429e-11  3.20614e-11  3.13761e-14  3.20301e-11
1.123550353e+01  3.2001300e-11  3.20013e-11  3.40492e-14  3.19673e-11
1.129168104e+01  3.2083747e-11  3.20837e-11  3.50448e-14  3.20487e-11
1.134813945e+01  3.2316897e-11  3.23169e-11  3.43523e-14  3.22825e-11
1.140488015e+01  3.2637571e-11  3.26376e-11  3.27220e-14  3.26048e-11
1.146190455e+01  3.2956722e-11  3.29567e-11  3.11303e-14  3.29256e-11
1.151921407e+01  3.3275348e-11  3.32753e-11  2.95655e-14  3.32458e-11
1.157681014e+01  3.3621462e-11  3.36215e-11  2.77421e-14  3.35937e-11
1.163469419e+01  3.3965101e-11  3.39651e-11  2.59719e-14  3.39391e-11
1.169286766e+01  3.4267207e-11  3.42672e-11  2.46377e-14  3.42426e-11
1.175133200e+01  3.4548989e-11  3.45490e-11  2.35146e-14  3.45255e-11
1.181008866e+01  3.4834003e-11  3.48340e-11  2.23681e-14  3.48116e-11
1.186913910e+01  3.5069701e-11  3.50697e-11  2.16943e-14  3.50480e-11
1.192848480e+01  3.5274983e-11  3.52750e-11  2.12971e-14  3.52537e-11
1.198812722e+01  3.5471809e-11  3.54718e-11  2.09636e-14  3.54508e-11
1.204806786e+01  3.5652149e-11  3.56521e-11  2.07632e-14  3.56314e-11
1.210830820e+01  3.5811595e-11  3.58116e-11  2.07293e-14  3.57909e-11
1.216884974e+01  3.5948702e-11  3.59487e-11  2.08670e-14  3.59278e-11
1.222969399e+01  3.6099437e-11  3.60994e-11  2.08586e-14  3.60786e-11
1.229084246e+01  3.6252892e-11  3.62529e-11  2.08027e-14  3.62321e-11
1.235229667e+01  3.6424548e-11  3.64245e-11  2.05714e-14  3.64040e-11
1.241405815e+01  3.6606156e-11  3.66062e-11  2.02401e-14  3.65859e-11
1.247612845e+01  3.6793582e-11  3.67936e-11  1.98465e-14  3.67737e-11
1.253850909e+01  3.6991211e-11  3.69912e-11  1.93578e-14  3.69719e-11
1.260120163e+01  3.7187013e-11  3.71870e-11  1.88735e-14  3.71681e-11
1.266420764e+01  3.7387274e-11  3.73873e-11  1.83440e-14  3.73689e-11
1.272752868e+01  3.7582153e-11  3.75822e-11  1.78473e-14  3.75643e-11
1.279116632e+01  3.7763635e-11  3.77636e-11  1.74430e-14  3.77462e-11
1.285512215e+01  3.7935550e-11  3.79355e-11  1.70987e-14  3.79185e-11
1.291939776e+01  3.8130647e-11  3.81306e-11  1.65692e-14  3.81141e-11
1.298399475e+01  3.8351614e-11  3.83516e-11  1.58422e-14  3.83358e-11
1.304891473e+01  3.8593093e-11  3.85931e-11  1.49643e-14  3.85781e-11
1.311415930e+01  3.8845575e-11  3.88456e-11  1.40091e-14  3.88316e-11
1.317973010e+01  3.9066462e-11  3.90665e-11  1.32793e-14  3.90532e-11
1.324562875e+01  3.9273362e-11  3.92734e-11  1.26442e-14  3.92607e-11
1.331185689e+01  3.9517313e-11  3.95173e-11  1.17505e-14  3.95056e-11
1.337841618e+01  3.9779370e-11  3.97794e-11  1.07364e-14  3.97686e-11
1.344530826e+01  3.9964881e-11  3.99649e-11  1.02386e-14  3.99546e-11
1.351253480e+01  4.0118587e-11  4.01186e-11  9.94278e-15  4.01086e-11
1.358009747e+01  4.0315689e-11  4.03157e-11  9.35185e-15  4.03063e-11
1.364799796e+01  4.0482945e-11  4.04829e-11  8.94774e-15  4.04740e-11
1.371623795e+01  4.0552487e-11  4.05525e-11  9.15453e-15  4.05433e-11
1.378481914e+01  4.0587093e-11  4.05871e-11  9.55606e-15  4.05775e-11
1.385374323e+01  4.0654483e-11  4.06545e-11  9.72556e-15  4.06448e-11
1.392301195e+01  4.0767585e-11  4.07676e-11  9.59226e-15  4.07580e-11
1.399262701e+01  4.0890503e-11  4.08905e-11  9.38407e-15  4.08811e-11
1.406259015e+01  4.1032211e-11  4.10322e-11  9.05009e-15  4.10232e-11
1.413290310e+01  4.1188196e-11  4.11882e-11  8.62147e-15  4.11796e-11
1.420356761e+01  4.1333492e-11  4.13335e-11  8.24724e-15  4.13252e-11
1.427458545e+01  4.1463771e-11  4.14638e-11  7.95052e-15  4.14558e-11
1.434595838e+01  4.1563994e-11  4.15640e-11  7.81432e-15  4.15562e-11
1.441768817e+01  4.1568088e-11  4.15681e-11  8.20514e-15  4.15599e-11
1.448977661e+01  4.1565933e-11  4.15659e-11  8.60453e-15  4.15573e-11
1.456222549e+01  4.1655475e-11  4.16555e-11  8.47323e-15  4.16470e-11
1.463503662e+01  4.1814040e-11  4.18140e-11  7.95268e-15  4.18061e-11
1.470821180e+01  4.2016587e-11  4.20166e-11  7.19079e-15  4.20094e-11
1.478175286e+01  4.2198984e-11  4.21990e-11  6.53681e-15  4.21924e-11
1.485566163e+01  4.2310487e-11  4.23105e-11  6.25404e-15  4.23042e-11
1.492993994e+01  4.2422691e-11  4.24227e-11  5.95801e-15  4.24167e-11
1.500458964e+01  4.2592478e-11  4.25925e-11  5.35678e-15  4.25871e-11
1.507961258e+01  4.2748377e-11  4.27484e-11  4.82391e-15  4.27436e-11
1.515501065e+01  4.2865073e-11  4.28651e-11  4.48462e-15  4.28606e-11
1.523078570e+01  4.2907526e-11  4.29075e-11  4.50704e-15  4.29030e-11
1.530693963e+01  4.2765890e-11  4.27659e-11  5.42017e-15  4.27605e-11
1.538347433e+01  4.2633130e-11  4.26331e-11  6.25592e-15  4.26269e-11
1.546039170e+01  4.2503647e-11  4.25036e-11  7.04365e-15  4.24966e-11
1.553769366e+01  4.2459420e-11  4.24594e-11  7.39412e-15  4.24520e-11
1.561538212e+01  4.2526627e-11  4.25266e-11  7.19760e-15  4.25194e-11
1.569345903e+01  4.2625304e-11  4.26253e-11  6.84439e-15  4.26185e-11
1.577192633e+01  4.2727873e-11  4.27279e-11  6.46681e-15  4.27214e-11
1.585078596e+01  4.2782473e-11  4.27825e-11  6.30274e-15  4.27762e-11
1.593003989e+01  4.2797802e-11  4.27978e-11  6.30637e-15  4.27915e-11
1.600969009e+01  4.2767630e-11  4.27676e-11  6.50053e-15  4.27611e-11
1.608973854e+01  4.2680883e-11  4.26809e-11  6.92858e-15  4.26740e-11
1.617018723e+01  4.2393820e-11  4.23938e-11  8.21414e-15  4.23856e-11
1.625103817e+01  4.2058318e-11  4.20583e-11  9.67181e-15  4.20486e-11
1.633229336e+01  4.1603376e-11  4.16034e-11  1.16017e-14  4.15918e-11
1.641395483e+01  4.1144125e-11  4.11441e-11  1.34995e-14  4.11306e-11
1.649602460e+01  4.0807788e-11  4.08078e-11  1.48296e-14  4.07930e-11
1.657850473e+01  4.0466963e-11  4.04670e-11  1.61405e-14  4.04508e-11
1.666139725e+01  4.0333674e-11  4.03337e-11  1.65560e-14  4.03171e-11
1.674470424e+01  4.0258360e-11  4.02584e-11  1.67143e-14  4.02416e-11
1.682842776e+01  4.0239740e-11  4.02397e-11  1.66281e-14  4.02231e-11
1.691256990e+01  4.0226174e-11  4.02262e-11  1.65119e-14  4.02097e-11
1.699713274e+01  4.0225626e-11  4.02256e-11  1.63348e-14  4.02093e-11
1.708211841e+01  4.0209851e-11  4.02099e-11  1.62100e-14  4.01936e-11
1.716752900e+01  4.0169605e-11  4.01696e-11  1.61723e-14  4.01534e-11
1.725336665e+01  4.0065651e-11  4.00657e-11  1.63710e-14  4.00493e-11
1.733963348e+01  3.9931598e-11  3.99316e-11  1.66709e-14  3.99149e-11
1.742633165e+01  3.9788237e-11  3.97882e-11  1.69904e-14  3.97712e-11
1.751346330e+01  3.9705697e-11  3.97057e-11  1.70650e-14  3.96886e-11
1.760103062e+01  3.9720924e-11  3.97209e-11  1.67638e-14  3.97042e-11
1.768903577e+01  3.9811325e-11  3.98113e-11  1.61804e-14  3.97951e-11
1.777748095e+01  3.9935404e-11  3.99354e-11  1.54745e-14  3.99199e-11
1.786636836e+01  3.9995473e-11  3.99955e-11  1.50040e-14  3.99805e-11
1.795570020e+01  3.9948166e-11  3.99482e-11  1.49189e-14  3.99332e-11
1.804547870e+01  3.9824470e-11  3.98245e-11  1.50985e-14  3.98094e-11
1.813570609e+01  3.9691271e-11  3.96913e-11  1.52996e-14  3.96760e-11
1.822638462e+01  3.9539422e-11  3.95394e-11  1.55538e-14  3.95239e-11
1.831751655e+01  3.9397465e-11  3.93975e-11  1.57607e-14  3.93817e-11
1.840910413e+01  3.9383496e-11  3.93835e-11  1.55147e-14  3.93680e-11
1.850114965e+01  3.9466985e-11  3.94670e-11  1.49319e-14  3.94521e-11
1.859365540e+01  3.9617499e-11  3.96175e-11  1.41239e-14  3.96034e-11
1.868662368e+01  3.9698356e-11  3.96984e-11  1.35553e-14  3.96848e-11
1.878005679e+01  3.9679755e-11  3.96798e-11  1.33195e-14  3.96664e-11
1.887395708e+01  3.9590770e-11  3.95908e-11  1.33123e-14  3.95775e-11
1.896832686e+01  3.9430391e-11  3.94304e-11  1.35315e-14  3.94169e-11
1.906316850e+01  3.9078828e-11  3.90788e-11  1.43605e-14  3.90645e-11
1.915848434e+01  3.8512263e-11  3.85123e-11  1.58613e-14  3.84964e-11
1.925427676e+01  3.8076723e-11  3.80767e-11  1.69120e-14  3.80598e-11
1.935054815e+01  3.7724641e-11  3.77246e-11  1.76743e-14  3.77070e-11
1.944730089e+01  3.7595319e-11  3.75953e-11  1.77173e-14  3.75776e-11
1.954453739e+01  3.7548741e-11  3.75487e-11  1.74948e-14  3.75312e-11
1.964226008e+01  3.7563030e-11  3.75630e-11  1.70810e-14  3.75459e-11
1.974047138e+01  3.7616009e-11  3.76160e-11  1.65484e-14  3.75995e-11
1.983917374e+01  3.7664669e-11  3.76647e-11  1.60309e-14  3.76486e-11
1.993836960e+01  3.7736795e-11  3.77368e-11  1.54444e-14  3.77214e-11
2.003806145e+01  3.7803251e-11  3.78033e-11  1.48779e-14  3.77884e-11
2.013825176e+01  3.7871721e-11  3.78717e-11  1.43082e-14  3.78574e-11
2.023894302e+01  3.7939209e-11  3.79392e-11  1.37442e-14  3.79255e-11
2.034013773e+01  3.8021392e-11  3.80214e-11  1.31401e-14  3.80083e-11
2.044183842e+01  3.8132969e-11  3.81330e-11  1.24541e-14  3.81205e-11
2.054404761e+01  3.8219720e-11  3.82197e-11  1.18446e-14  3.82079e-11
2.064676785e+01  3.8326425e-11  3.83264e-11  1.11816e-14  3.83152e-11
2.075000169e+01  3.8406720e-11  3.84067e-11  1.05985e-14  3.83961e-11
2.085375170e+01  3.8498914e-11  3.84989e-11  9.98528e-15  3.84889e-11
2.095802046e+01  3.8590781e-11  3.85908e-11  9.37701e-15  3.85814e-11
2.106281056e+01  3.8703585e-11  3.87036e-11  8.71451e-15  3.86949e-11
2.116812461e+01  3.8786383e-11  3.87864e-11  8.13976e-15  3.87782e-11
2.127396524e+01  3.8794541e-11  3.87945e-11  7.77334e-15  3.87868e-11
2.138033506e+01  3.8683885e-11  3.86839e-11  7.73117e-15  3.86762e-11
2.148723674e+01  3.8530087e-11  3.85301e-11  7.80186e-15  3.85223e-11
2.159467292e+01  3.8409300e-11  3.84093e-11  7.77867e-15  3.84015e-11
2.170264629e+01  3.8268691e-11  3.82687e-11  7.80447e-15  3.82609e-11
2.181115952e+01  3.8040005e-11  3.80400e-11  8.05899e-15  3.80319e-11
2.192021532e+01  3.7753407e-11  3.77534e-11  8.45826e-15  3.77449e-11
2.202981639e+01  3.7482355e-11  3.74824e-11  8.80757e-15  3.74735e-11
2.213996547e+01  3.7214567e-11  3.72146e-11  9.13987e-15  3.72054e-11
2.225066530e+01  3.6961397e-11  3.69614e-11  9.42632e-15  3.69520e-11
2.236191863e+01  3.6751436e-11  3.67514e-11  9.59478e-15  3.67418e-11
2.247372822e+01  3.6626226e-11  3.66262e-11  9.54214e-15  3.66167e-11
2.258609686e+01  3.6622780e-11  3.66228e-11  9.17947e-15  3.66136e-11
2.269902735e+01  3.6657524e-11  3.66575e-11  8.72253e-15  3.66488e-11
2.281252248e+01  3.6710145e-11  3.67101e-11  8.22383e-15  3.67019e-11
2.292658510e+01  3.6772903e-11  3.67729e-11  7.70342e-15  3.67652e-11
2.304121802e+01  3.6848068e-11  3.68481e-11  7.15620e-15  3.68409e-11
2.315642411e+01  3.6855645e-11  3.68556e-11  6.77814e-15  3.68489e-11
2.327220623e+01  3.6810463e-11  3.68105e-11  6.53005e-15  3.68039e-11
2.338856726e+01  3.6773913e-11  3.67739e-11  6.26149e-15  3.67677e-11
2.350551010e+01  3.6722030e-11  3.67220e-11  6.03033e-15  3.67160e-11
2.362303765e+01  3.6662771e-11  3.66628e-11  5.81697e-15  3.66570e-11
2.374115284e+01  3.6612542e-11  3.66125e-11  5.58232e-15  3.66070e-11
2.385985860e+01  3.6566215e-11  3.65662e-11  5.33891e-15  3.65609e-11
2.397915789e+01  3.6465061e-11  3.64651e-11  5.22417e-15  3.64598e-11
2.409905368e+01  3.6337362e-11  3.63374e-11  5.17010e-15  3.63322e-11
2.421954895e+01  3.6187243e-11  3.61872e-11  5.16613e-15  3.61821e-11
2.434064670e+01  3.5997006e-11  3.59970e-11  5.25200e-15  3.59918e-11
2.446234993e+01  3.5859970e-11  3.58600e-11  5.21336e-15  3.58548e-11
2.458466168e+01  3.5791495e-11  3.57915e-11  5.01772e-15  3.57865e-11
2.470758499e+01  3.5664270e-11  3.56643e-11  4.95472e-15  3.56593e-11
2.483112291e+01  3.5536545e-11  3.55365e-11  4.89162e-15  3.55317e-11
2.495527853e+01  3.5421458e-11  3.54215e-11  4.79923e-15  3.54167e-11
