# ------------------------------------------------------------------------
# Radiance spectrum
# NASA-GSFC Planetary Spectrum Generator (PSG) (Villanueva et al. 2018, 2022)
# Synthesized on Fri Feb 23 18:54:54 2024
# Doppler velocities [km/s] (vobs,vrot+vorb,vwidth,vrfl,vstr): 0.00000,-0.00000,0.00000,-119.41115,-0.00000
# Spectral unit: Wavelength [um]
# Radiance unit: Spectral irradiance [W/m2/um]
# Wave/freq Total Object Reflected Thermal
5.000000000e-01  9.6988387e-13  9.69884e-13  9.69884e-13  1.79446e-46
5.025000000e-01  9.7961967e-13  9.79620e-13  9.79620e-13  2.83111e-46
5.050125000e-01  9.8933470e-13  9.89335e-13  9.89335e-13  4.45617e-46
5.075375625e-01  9.9902707e-13  9.99027e-13  9.99027e-13  6.99769e-46
5.100752503e-01  1.0086949e-12  1.00869e-12  1.00869e-12  1.09633e-45
5.126256266e-01  1.0183363e-12  1.01834e-12  1.01834e-12  1.71366e-45
5.151887547e-01  1.0279494e-12  1.02795e-12  1.02795e-12  2.67245e-45
5.177646985e-01  1.0375325e-12  1.03753e-12  1.03753e-12  4.15817e-45
5.203535220e-01  1.0470835e-12  1.04708e-12  1.04708e-12  6.45518e-45
5.229552896e-01  1.0566007e-12  1.05660e-12  1.05660e-12  9.99843e-45
5.255700660e-01  1.0660823e-12  1.06608e-12  1.06608e-12  1.54517e-44
5.281979164e-01  1.0755265e-12  1.07553e-12  1.07553e-12  2.38259e-44
5.308389059e-01  1.0849314e-12  1.08493e-12  1.08493e-12  3.66568e-44
5.334931005e-01  1.0942952e-12  1.09430e-12  1.09430e-12  5.62724e-44
5.361605660e-01  1.1036162e-12  1.10362e-12  1.10362e-12  8.61943e-44
5.388413688e-01  1.1128927e-12  1.11289e-12  1.11289e-12  1.31737e-43
5.415355756e-01  1.1221228e-12  1.12212e-12  1.12212e-12  2.00904e-43
5.442432535e-01  1.1313049e-12  1.13130e-12  1.13130e-12  3.05721e-43
5.469644698e-01  1.1404372e-12  1.14044e-12  1.14044e-12  4.64218e-43
5.496992921e-01  1.1495180e-12  1.14952e-12  1.14952e-12  7.03370e-43
5.524477886e-01  1.1585457e-12  1.15855e-12  1.15855e-12  1.06345e-42
5.552100275e-01  1.1675185e-12  1.16752e-12  1.16752e-12  1.60443e-42
5.579860777e-01  1.1764349e-12  1.17643e-12  1.17643e-12  2.41550e-42
5.607760081e-01  1.1852932e-12  1.18529e-12  1.18529e-12  3.62891e-42
5.635798881e-01  1.1940918e-12  1.19409e-12  1.19409e-12  5.44043e-42
5.663977875e-01  1.2028290e-12  1.20283e-12  1.20283e-12  8.13924e-42
5.692297765e-01  1.2115035e-12  1.21150e-12  1.21150e-12  1.21515e-41
5.720759254e-01  1.2201135e-12  1.22011e-12  1.22011e-12  1.81042e-41
5.749363050e-01  1.2286575e-12  1.22866e-12  1.22866e-12  2.69175e-41
5.778109865e-01  1.2371341e-12  1.23713e-12  1.23713e-12  3.99394e-41
5.807000414e-01  1.2455418e-12  1.24554e-12  1.24554e-12  5.91402e-41
5.836035417e-01  1.2538792e-12  1.25388e-12  1.25388e-12  8.73943e-41
5.865215594e-01  1.2621447e-12  1.26214e-12  1.26214e-12  1.28887e-40
5.894541672e-01  1.2703369e-12  1.27034e-12  1.27034e-12  1.89697e-40
5.924014380e-01  1.2784546e-12  1.27845e-12  1.27845e-12  2.78641e-40
5.953634452e-01  1.2864962e-12  1.28650e-12  1.28650e-12  4.08477e-40
5.983402624e-01  1.2944606e-12  1.29446e-12  1.29446e-12  5.97629e-40
6.013319637e-01  1.3023463e-12  1.30235e-12  1.30235e-12  8.72650e-40
6.043386235e-01  1.3101520e-12  1.31015e-12  1.31015e-12  1.27174e-39
6.073603167e-01  1.3178766e-12  1.31788e-12  1.31788e-12  1.84974e-39
6.103971182e-01  1.3255188e-12  1.32552e-12  1.32552e-12  2.68523e-39
6.134491038e-01  1.3330773e-12  1.33308e-12  1.33308e-12  3.89059e-39
6.165163494e-01  1.3405510e-12  1.34055e-12  1.34055e-12  5.62619e-39
6.195989311e-01  1.3479387e-12  1.34794e-12  1.34794e-12  8.12054e-39
6.226969258e-01  1.3552393e-12  1.35524e-12  1.35524e-12  1.16985e-38
6.258104104e-01  1.3624517e-12  1.36245e-12  1.36245e-12  1.68211e-38
6.289394624e-01  1.3695748e-12  1.36957e-12  1.36957e-12  2.41413e-38
6.320841597e-01  1.3766075e-12  1.37661e-12  1.37661e-12  3.45824e-38
6.352445805e-01  1.3835489e-12  1.38355e-12  1.38355e-12  4.94470e-38
6.384208035e-01  1.3903980e-12  1.39040e-12  1.39040e-12  7.05699e-38
6.416129075e-01  1.3971537e-12  1.39715e-12  1.39715e-12  1.00531e-37
6.448209720e-01  1.4038152e-12  1.40382e-12  1.40382e-12  1.42949e-37
6.480450769e-01  1.4103816e-12  1.41038e-12  1.41038e-12  2.02895e-37
6.512853022e-01  1.4168518e-12  1.41685e-12  1.41685e-12  2.87456e-37
6.545417288e-01  1.4232253e-12  1.42323e-12  1.42323e-12  4.06524e-37
6.578144374e-01  1.4295010e-12  1.42950e-12  1.42950e-12  5.73879e-37
6.611035096e-01  1.4356782e-12  1.43568e-12  1.43568e-12  8.08681e-37
6.644090271e-01  1.4417561e-12  1.44176e-12  1.44176e-12  1.13752e-36
6.677310723e-01  1.4477340e-12  1.44773e-12  1.44773e-12  1.59726e-36
6.710697276e-01  1.4536113e-12  1.45361e-12  1.45361e-12  2.23884e-36
6.744250763e-01  1.4593871e-12  1.45939e-12  1.45939e-12  3.13263e-36
6.777972017e-01  1.4650609e-12  1.46506e-12  1.46506e-12  4.37560e-36
6.811861877e-01  1.4706321e-12  1.47063e-12  1.47063e-12  6.10114e-36
6.845921186e-01  1.4761000e-12  1.47610e-12  1.47610e-12  8.49247e-36
6.880150792e-01  1.4814641e-12  1.48146e-12  1.48146e-12  1.18008e-35
6.914551546e-01  1.4867239e-12  1.48672e-12  1.48672e-12  1.63698e-35
6.949124304e-01  1.4918788e-12  1.49188e-12  1.49188e-12  2.26693e-35
6.983869925e-01  1.4969284e-12  1.49693e-12  1.49693e-12  3.13397e-35
7.018789275e-01  1.5018723e-12  1.50187e-12  1.50187e-12  4.32535e-35
7.053883221e-01  1.5067099e-12  1.50671e-12  1.50671e-12  5.95961e-35
7.089152637e-01  1.5114410e-12  1.51144e-12  1.51144e-12  8.19767e-35
7.124598400e-01  1.5160651e-12  1.51607e-12  1.51607e-12  1.12575e-34
7.160221392e-01  1.5205819e-12  1.52058e-12  1.52058e-12  1.54339e-34
7.196022499e-01  1.5249911e-12  1.52499e-12  1.52499e-12  2.11249e-34
7.232002612e-01  1.5292925e-12  1.52929e-12  1.52929e-12  2.88671e-34
7.268162625e-01  1.5334857e-12  1.53349e-12  1.53349e-12  3.93827e-34
7.304503438e-01  1.5375706e-12  1.53757e-12  1.53757e-12  5.36419e-34
7.341025955e-01  1.5415469e-12  1.54155e-12  1.54155e-12  7.29462e-34
7.377731085e-01  1.5454145e-12  1.54541e-12  1.54541e-12  9.90386e-34
7.414619740e-01  1.5491732e-12  1.54917e-12  1.54917e-12  1.34250e-33
7.451692839e-01  1.5528230e-12  1.55282e-12  1.55282e-12  1.81691e-33
7.488951303e-01  1.5563636e-12  1.55636e-12  1.55636e-12  2.45508e-33
7.526396060e-01  1.5597951e-12  1.55980e-12  1.55980e-12  3.31220e-33
7.564028040e-01  1.5631174e-12  1.56312e-12  1.56312e-12  4.46156e-33
7.601848180e-01  1.5663305e-12  1.56633e-12  1.56633e-12  6.00043e-33
7.639857421e-01  1.5694343e-12  1.56943e-12  1.56943e-12  8.05758e-33
7.678056708e-01  1.5724290e-12  1.57243e-12  1.57243e-12  1.08033e-32
7.716446992e-01  1.5753146e-12  1.57531e-12  1.57531e-12  1.44626e-32
7.755029227e-01  1.5780911e-12  1.57809e-12  1.57809e-12  1.93317e-32
7.793804373e-01  1.5807587e-12  1.58076e-12  1.58076e-12  2.58009e-32
7.832773395e-01  1.5833176e-12  1.58332e-12  1.58332e-12  3.43831e-32
7.871937262e-01  1.5857677e-12  1.58577e-12  1.58577e-12  4.57511e-32
7.911296948e-01  1.5881094e-12  1.58811e-12  1.58811e-12  6.07867e-32
7.950853433e-01  1.5903428e-12  1.59034e-12  1.59034e-12  8.06435e-32
7.990607700e-01  1.5924682e-12  1.59247e-12  1.59247e-12  1.06828e-31
8.030560739e-01  1.5944858e-12  1.59449e-12  1.59449e-12  1.41307e-31
8.070713542e-01  1.5963958e-12  1.59640e-12  1.59640e-12  1.86640e-31
8.111067110e-01  1.5981986e-12  1.59820e-12  1.59820e-12  2.46158e-31
8.151622446e-01  1.5998944e-12  1.59989e-12  1.59989e-12  3.24183e-31
8.192380558e-01  1.6014836e-12  1.60148e-12  1.60148e-12  4.26325e-31
8.233342461e-01  1.6029665e-12  1.60297e-12  1.60297e-12  5.59843e-31
8.274509173e-01  1.6043436e-12  1.60434e-12  1.60434e-12  7.34127e-31
8.315881719e-01  1.6056151e-12  1.60562e-12  1.60562e-12  9.61298e-31
8.357461127e-01  1.6067815e-12  1.60678e-12  1.60678e-12  1.25698e-30
8.399248433e-01  1.6078432e-12  1.60784e-12  1.60784e-12  1.64131e-30
8.441244675e-01  1.6088007e-12  1.60880e-12  1.60880e-12  2.14014e-30
8.483450899e-01  1.6096545e-12  1.60965e-12  1.60965e-12  2.78668e-30
8.525868153e-01  1.6104049e-12  1.61040e-12  1.61040e-12  3.62352e-30
8.568497494e-01  1.6110526e-12  1.61105e-12  1.61105e-12  4.70516e-30
8.611339981e-01  1.6115980e-12  1.61160e-12  1.61160e-12  6.10128e-30
8.654396681e-01  1.6120417e-12  1.61204e-12  1.61204e-12  7.90084e-30
8.697668665e-01  1.6123842e-12  1.61238e-12  1.61238e-12  1.02173e-29
8.741157008e-01  1.6126261e-12  1.61263e-12  1.61263e-12  1.31950e-29
8.784862793e-01  1.6127679e-12  1.61277e-12  1.61277e-12  1.70176e-29
8.828787107e-01  1.6128103e-12  1.61281e-12  1.61281e-12  2.19183e-29
8.872931042e-01  1.6127539e-12  1.61275e-12  1.61275e-12  2.81926e-29
8.917295698e-01  1.6125993e-12  1.61260e-12  1.61260e-12  3.62148e-29
8.961882176e-01  1.6123471e-12  1.61235e-12  1.61235e-12  4.64585e-29
9.006691587e-01  1.6119981e-12  1.61200e-12  1.61200e-12  5.95214e-29
9.051725045e-01  1.6115528e-12  1.61155e-12  1.61155e-12  7.61576e-29
9.096983670e-01  1.6110120e-12  1.61101e-12  1.61101e-12  9.73169e-29
9.142468589e-01  1.6103763e-12  1.61038e-12  1.61038e-12  1.24194e-28
9.188180931e-01  1.6096465e-12  1.60965e-12  1.60965e-12  1.58291e-28
9.234121836e-01  1.6088233e-12  1.60882e-12  1.60882e-12  2.01490e-28
9.280292445e-01  1.6079073e-12  1.60791e-12  1.60791e-12  2.56152e-28
9.326693908e-01  1.6068995e-12  1.60690e-12  1.60690e-12  3.25230e-28
9.373327377e-01  1.6058004e-12  1.60580e-12  1.60580e-12  4.12416e-28
9.420194014e-01  1.6046109e-12  1.60461e-12  1.60461e-12  5.22317e-28
9.467294984e-01  1.6033318e-12  1.60333e-12  1.60333e-12  6.60679e-28
9.514631459e-01  1.6019638e-12  1.60196e-12  1.60196e-12  8.34655e-28
9.562204616e-01  1.6005078e-12  1.60051e-12  1.60051e-12  1.05314e-27
9.610015639e-01  1.5989644e-12  1.59896e-12  1.59896e-12  1.32718e-27
9.658065718e-01  1.5973347e-12  1.59733e-12  1.59733e-12  1.67049e-27
9.706356046e-01  1.5956193e-12  1.59562e-12  1.59562e-12  2.10003e-27
9.754887826e-01  1.5938190e-12  1.59382e-12  1.59382e-12  2.63683e-27
9.803662265e-01  1.5919349e-12  1.59193e-12  1.59193e-12  3.30684e-27
9.852680577e-01  1.5899676e-12  1.58997e-12  1.58997e-12  4.14213e-27
9.901943980e-01  1.5879180e-12  1.58792e-12  1.58792e-12  5.18221e-27
9.951453700e-01  1.5857871e-12  1.58579e-12  1.58579e-12  6.47575e-27
1.000121097e+00  1.5835756e-12  1.58358e-12  1.58358e-12  8.08261e-27
1.005121702e+00  1.5812844e-12  1.58128e-12  1.58128e-12  1.00763e-26
1.010147311e+00  1.5789145e-12  1.57891e-12  1.57891e-12  1.25471e-26
1.015198047e+00  1.5764666e-12  1.57647e-12  1.57647e-12  1.56055e-26
1.020274038e+00  1.5739417e-12  1.57394e-12  1.57394e-12  1.93870e-26
1.025375408e+00  1.5713407e-12  1.57134e-12  1.57134e-12  2.40569e-26
1.030502285e+00  1.5686645e-12  1.56866e-12  1.56866e-12  2.98175e-26
1.035654796e+00  1.5659139e-12  1.56591e-12  1.56591e-12  3.69154e-26
1.040833070e+00  1.5630900e-12  1.56309e-12  1.56309e-12  4.56509e-26
1.046037236e+00  1.5601935e-12  1.56019e-12  1.56019e-12  5.63897e-26
1.051267422e+00  1.5572254e-12  1.55723e-12  1.55723e-12  6.95763e-26
1.056523759e+00  1.5541867e-12  1.55419e-12  1.55419e-12  8.57505e-26
1.061806378e+00  1.5510782e-12  1.55108e-12  1.55108e-12  1.05567e-25
1.067115410e+00  1.5479009e-12  1.54790e-12  1.54790e-12  1.29819e-25
1.072450987e+00  1.5446556e-12  1.54466e-12  1.54466e-12  1.59466e-25
1.077813242e+00  1.5413434e-12  1.54134e-12  1.54134e-12  1.95669e-25
1.083202308e+00  1.5379652e-12  1.53797e-12  1.53797e-12  2.39830e-25
1.088618319e+00  1.5345218e-12  1.53452e-12  1.53452e-12  2.93637e-25
1.094061411e+00  1.5310142e-12  1.53101e-12  1.53101e-12  3.59127e-25
1.099531718e+00  1.5274434e-12  1.52744e-12  1.52744e-12  4.38752e-25
1.105029377e+00  1.5238102e-12  1.52381e-12  1.52381e-12  5.35457e-25
1.110554523e+00  1.5201157e-12  1.52012e-12  1.52012e-12  6.52781e-25
1.116107296e+00  1.5163607e-12  1.51636e-12  1.51636e-12  7.94968e-25
1.121687832e+00  1.5125462e-12  1.51255e-12  1.51255e-12  9.67106e-25
1.127296272e+00  1.5086731e-12  1.50867e-12  1.50867e-12  1.17528e-24
1.132932753e+00  1.5047423e-12  1.50474e-12  1.50474e-12  1.42678e-24
1.138597417e+00  1.5007548e-12  1.50075e-12  1.50075e-12  1.73030e-24
1.144290404e+00  1.4967116e-12  1.49671e-12  1.49671e-12  2.09621e-24
1.150011856e+00  1.4926134e-12  1.49261e-12  1.49261e-12  2.53690e-24
1.155761915e+00  1.4884613e-12  1.48846e-12  1.48846e-12  3.06709e-24
1.161540725e+00  1.4842563e-12  1.48426e-12  1.48426e-12  3.70431e-24
1.167348428e+00  1.4799991e-12  1.48000e-12  1.48000e-12  4.46939e-24
1.173185171e+00  1.4756908e-12  1.47569e-12  1.47569e-12  5.38704e-24
1.179051096e+00  1.4713323e-12  1.47133e-12  1.47133e-12  6.48660e-24
1.184946352e+00  1.4669244e-12  1.46692e-12  1.46692e-12  7.80280e-24
1.190871084e+00  1.4624682e-12  1.46247e-12  1.46247e-12  9.37674e-24
1.196825439e+00  1.4579644e-12  1.45796e-12  1.45796e-12  1.12570e-23
1.202809566e+00  1.4534141e-12  1.45341e-12  1.45341e-12  1.35011e-23
1.208823614e+00  1.4488182e-12  1.44882e-12  1.44882e-12  1.61767e-23
1.214867732e+00  1.4441774e-12  1.44418e-12  1.44418e-12  1.93636e-23
1.220942071e+00  1.4394928e-12  1.43949e-12  1.43949e-12  2.31559e-23
1.227046781e+00  1.4347653e-12  1.43477e-12  1.43477e-12  2.76643e-23
1.233182015e+00  1.4299957e-12  1.43000e-12  1.43000e-12  3.30187e-23
1.239347925e+00  1.4251849e-12  1.42518e-12  1.42518e-12  3.93719e-23
1.245544665e+00  1.4203338e-12  1.42033e-12  1.42033e-12  4.69029e-23
1.251772388e+00  1.4154433e-12  1.41544e-12  1.41544e-12  5.58216e-23
1.258031250e+00  1.4105143e-12  1.41051e-12  1.41051e-12  6.63738e-23
1.264321406e+00  1.4055476e-12  1.40555e-12  1.40555e-12  7.88469e-23
1.270643013e+00  1.4005442e-12  1.40054e-12  1.40054e-12  9.35768e-23
1.276996228e+00  1.3955048e-12  1.39550e-12  1.39550e-12  1.10956e-22
1.283381209e+00  1.3904303e-12  1.39043e-12  1.39043e-12  1.31441e-22
1.289798116e+00  1.3853217e-12  1.38532e-12  1.38532e-12  1.55565e-22
1.296247106e+00  1.3801796e-12  1.38018e-12  1.38018e-12  1.83950e-22
1.302728342e+00  1.3750051e-12  1.37501e-12  1.37501e-12  2.17315e-22
1.309241983e+00  1.3697988e-12  1.36980e-12  1.36980e-12  2.56501e-22
1.315788193e+00  1.3645618e-12  1.36456e-12  1.36456e-12  3.02481e-22
1.322367134e+00  1.3592946e-12  1.35929e-12  1.35929e-12  3.56384e-22
1.328978970e+00  1.3539983e-12  1.35400e-12  1.35400e-12  4.19518e-22
1.335623865e+00  1.3486736e-12  1.34867e-12  1.34867e-12  4.93401e-22
1.342301984e+00  1.3433214e-12  1.34332e-12  1.34332e-12  5.79783e-22
1.349013494e+00  1.3407490e-12  1.34075e-12  1.34075e-12  6.80480e-22
1.355758561e+00  1.3451680e-12  1.34517e-12  1.34517e-12  7.97347e-22
1.362537354e+00  1.3375210e-12  1.33752e-12  1.33752e-12  9.34719e-22
1.369350041e+00  1.3205230e-12  1.32052e-12  1.32052e-12  1.09596e-21
1.376196791e+00  1.3280363e-12  1.32804e-12  1.32804e-12  1.28038e-21
1.383077775e+00  1.3090439e-12  1.30904e-12  1.30904e-12  1.49902e-21
1.389993164e+00  1.3072796e-12  1.30728e-12  1.30728e-12  1.75009e-21
1.396943130e+00  1.3026348e-12  1.30263e-12  1.30263e-12  2.04215e-21
1.403927846e+00  1.2954482e-12  1.29545e-12  1.29545e-12  2.38161e-21
1.410947485e+00  1.2904579e-12  1.29046e-12  1.29046e-12  2.77448e-21
1.418002222e+00  1.2884334e-12  1.28843e-12  1.28843e-12  3.22835e-21
1.425092233e+00  1.2880461e-12  1.28805e-12  1.28805e-12  3.75262e-21
1.432217694e+00  1.2879897e-12  1.28799e-12  1.28799e-12  4.35822e-21
1.439378783e+00  1.2843255e-12  1.28433e-12  1.28433e-12  5.05948e-21
1.446575677e+00  1.2783743e-12  1.27837e-12  1.27837e-12  5.87033e-21
1.453808555e+00  1.2739687e-12  1.27397e-12  1.27397e-12  6.80434e-21
1.461077598e+00  1.2702150e-12  1.27021e-12  1.27021e-12  7.87993e-21
1.468382986e+00  1.2648829e-12  1.26488e-12  1.26488e-12  9.11988e-21
1.475724901e+00  1.2572254e-12  1.25723e-12  1.25723e-12  1.05494e-20
1.483103525e+00  1.2539738e-12  1.25397e-12  1.25397e-12  1.21868e-20
1.490519043e+00  1.2429708e-12  1.24297e-12  1.24297e-12  1.40803e-20
1.497971638e+00  1.2370290e-12  1.23703e-12  1.23703e-12  1.62452e-20
1.505461496e+00  1.2293789e-12  1.22938e-12  1.22938e-12  1.87322e-20
1.512988804e+00  1.2227685e-12  1.22277e-12  1.22277e-12  2.15803e-20
1.520553748e+00  1.2156886e-12  1.21569e-12  1.21569e-12  2.48435e-20
1.528156517e+00  1.2034966e-12  1.20350e-12  1.20350e-12  2.85960e-20
1.535797299e+00  1.1945969e-12  1.19460e-12  1.19460e-12  3.28768e-20
1.543476286e+00  1.1848906e-12  1.18489e-12  1.18489e-12  3.77733e-20
1.551193667e+00  1.1730160e-12  1.17302e-12  1.17302e-12  4.33780e-20
1.558949636e+00  1.1600094e-12  1.16001e-12  1.16001e-12  4.97838e-20
1.566744384e+00  1.1523315e-12  1.15233e-12  1.15233e-12  5.70546e-20
1.574578106e+00  1.1386187e-12  1.13862e-12  1.13862e-12  6.53882e-20
1.582450996e+00  1.1262390e-12  1.12624e-12  1.12624e-12  7.48710e-20
1.590363251e+00  1.1158890e-12  1.11589e-12  1.11589e-12  8.56436e-20
1.598315067e+00  1.1037157e-12  1.10372e-12  1.10372e-12  9.79172e-20
1.606306643e+00  1.0916946e-12  1.09169e-12  1.09169e-12  1.11866e-19
1.614338176e+00  1.0775367e-12  1.07754e-12  1.07754e-12  1.27744e-19
1.622409867e+00  1.0632029e-12  1.06320e-12  1.06320e-12  1.45775e-19
1.630521916e+00  1.0490463e-12  1.04905e-12  1.04905e-12  1.66228e-19
1.638674526e+00  1.0364521e-12  1.03645e-12  1.03645e-12  1.89377e-19
1.646867898e+00  1.0233293e-12  1.02333e-12  1.02333e-12  2.15612e-19
1.655102238e+00  1.0085734e-12  1.00857e-12  1.00857e-12  2.45361e-19
1.663377749e+00  9.9477041e-13  9.94770e-13  9.94770e-13  2.78984e-19
1.671694638e+00  9.8105892e-13  9.81059e-13  9.81059e-13  3.16990e-19
1.680053111e+00  9.6592087e-13  9.65921e-13  9.65921e-13  3.59992e-19
1.688453377e+00  9.5298912e-13  9.52989e-13  9.52989e-13  4.08426e-19
1.696895643e+00  9.4131196e-13  9.41312e-13  9.41311e-13  4.62979e-19
1.705380122e+00  9.2663791e-13  9.26638e-13  9.26637e-13  5.24674e-19
1.713907022e+00  9.1207175e-13  9.12072e-13  9.12071e-13  5.94178e-19
1.722476557e+00  8.9950176e-13  8.99502e-13  8.99501e-13  6.72253e-19
1.731088940e+00  8.8750915e-13  8.87509e-13  8.87508e-13  7.60015e-19
1.739744385e+00  8.7397537e-13  8.73975e-13  8.73975e-13  8.58841e-19
1.748443107e+00  8.6070385e-13  8.60704e-13  8.60703e-13  9.69839e-19
1.757185322e+00  8.4817372e-13  8.48174e-13  8.48173e-13  1.09435e-18
1.765971249e+00  8.3621470e-13  8.36215e-13  8.36213e-13  1.23393e-18
1.774801105e+00  8.2386643e-13  8.23866e-13  8.23865e-13  1.39047e-18
1.783675111e+00  8.1137395e-13  8.11374e-13  8.11372e-13  1.56589e-18
1.792593486e+00  7.9968312e-13  7.99683e-13  7.99681e-13  1.76210e-18
1.801556454e+00  7.8862589e-13  7.88626e-13  7.88624e-13  1.98143e-18
1.810564236e+00  7.7780512e-13  7.77805e-13  7.77803e-13  2.22656e-18
1.819617057e+00  7.6575294e-13  7.65753e-13  7.65750e-13  2.50086e-18
1.828715142e+00  7.5479254e-13  7.54793e-13  7.54790e-13  2.80672e-18
1.837858718e+00  7.4513526e-13  7.45135e-13  7.45132e-13  3.14741e-18
1.847048012e+00  7.3531992e-13  7.35320e-13  7.35316e-13  3.52730e-18
1.856283252e+00  7.2535064e-13  7.25351e-13  7.25347e-13  3.95066e-18
1.865564668e+00  7.1590554e-13  7.15906e-13  7.15901e-13  4.42172e-18
1.874892491e+00  7.0720007e-13  7.07200e-13  7.07195e-13  4.94534e-18
1.884266954e+00  6.9803824e-13  6.98038e-13  6.98033e-13  5.52792e-18
1.893688289e+00  6.8909151e-13  6.89092e-13  6.89085e-13  6.17512e-18
1.903156730e+00  6.8086917e-13  6.80869e-13  6.80862e-13  6.89313e-18
1.912672514e+00  6.7270524e-13  6.72705e-13  6.72698e-13  7.68986e-18
1.922235876e+00  6.6496101e-13  6.64961e-13  6.64952e-13  8.57292e-18
1.931847056e+00  6.5655287e-13  6.56553e-13  6.56543e-13  9.55259e-18
1.941506291e+00  6.5056296e-13  6.50563e-13  6.50552e-13  1.06339e-17
1.951213822e+00  6.4411074e-13  6.44111e-13  6.44099e-13  1.18313e-17
1.960969892e+00  6.3791050e-13  6.37910e-13  6.37897e-13  1.31551e-17
1.970774741e+00  6.3125774e-13  6.31258e-13  6.31243e-13  1.46194e-17
1.980628615e+00  6.2450982e-13  6.24510e-13  6.24494e-13  1.62374e-17
1.990531758e+00  6.1822305e-13  6.18223e-13  6.18205e-13  1.80225e-17
2.000484417e+00  6.1307749e-13  6.13077e-13  6.13057e-13  1.99885e-17
2.010486839e+00  6.0795910e-13  6.07959e-13  6.07937e-13  2.21560e-17
2.020539273e+00  6.0232467e-13  6.02325e-13  6.02300e-13  2.45463e-17
2.030641969e+00  5.9820932e-13  5.98209e-13  5.98182e-13  2.71720e-17
2.040795179e+00  5.9364013e-13  5.93640e-13  5.93610e-13  3.00635e-17
2.050999155e+00  5.8862620e-13  5.88626e-13  5.88593e-13  3.32460e-17
2.061254151e+00  5.8430227e-13  5.84302e-13  5.84266e-13  3.67404e-17
2.071560421e+00  5.7993204e-13  5.79932e-13  5.79891e-13  4.05792e-17
2.081918224e+00  5.7630147e-13  5.76301e-13  5.76257e-13  4.47883e-17
2.092327815e+00  5.7164295e-13  5.71643e-13  5.71594e-13  4.94148e-17
2.102789454e+00  5.6804208e-13  5.68042e-13  5.67988e-13  5.44788e-17
2.113303401e+00  5.6547904e-13  5.65479e-13  5.65419e-13  6.00177e-17
2.123869918e+00  5.6151301e-13  5.61513e-13  5.61447e-13  6.60989e-17
2.134489268e+00  5.5851362e-13  5.58514e-13  5.58441e-13  7.27439e-17
2.145161714e+00  5.5526762e-13  5.55268e-13  5.55188e-13  8.00163e-17
2.155887523e+00  5.5227999e-13  5.52280e-13  5.52192e-13  8.79636e-17
2.166666960e+00  5.4935982e-13  5.49360e-13  5.49263e-13  9.66464e-17
2.177500295e+00  5.4693777e-13  5.46938e-13  5.46832e-13  1.06119e-16
2.188387796e+00  5.4445302e-13  5.44453e-13  5.44337e-13  1.16459e-16
2.199329735e+00  5.4178535e-13  5.41785e-13  5.41658e-13  1.27741e-16
2.210326384e+00  5.3954317e-13  5.39543e-13  5.39403e-13  1.40031e-16
2.221378016e+00  5.3759821e-13  5.37598e-13  5.37445e-13  1.53413e-16
2.232484906e+00  5.3618336e-13  5.36183e-13  5.36015e-13  1.67968e-16
2.243647331e+00  5.3422170e-13  5.34222e-13  5.34038e-13  1.83826e-16
2.254865567e+00  5.3207744e-13  5.32077e-13  5.31876e-13  2.01081e-16
2.266139895e+00  5.3092364e-13  5.30924e-13  5.30704e-13  2.19800e-16
2.277470595e+00  5.2957926e-13  5.29579e-13  5.29339e-13  2.40145e-16
2.288857948e+00  5.2822126e-13  5.28221e-13  5.27959e-13  2.62238e-16
2.300302237e+00  5.2696463e-13  5.26965e-13  5.26678e-13  2.86209e-16
2.311803748e+00  5.2609191e-13  5.26092e-13  5.25780e-13  3.12188e-16
2.323362767e+00  5.2531288e-13  5.25313e-13  5.24973e-13  3.40343e-16
2.334979581e+00  5.2451346e-13  5.24513e-13  5.24143e-13  3.70850e-16
2.346654479e+00  5.2414005e-13  5.24140e-13  5.23736e-13  4.03852e-16
2.358387751e+00  5.2423933e-13  5.24239e-13  5.23800e-13  4.39526e-16
2.370179690e+00  5.2452672e-13  5.24527e-13  5.24049e-13  4.78091e-16
2.382030589e+00  5.2461613e-13  5.24616e-13  5.24096e-13  5.19799e-16
2.393940742e+00  5.2510799e-13  5.25108e-13  5.24543e-13  5.64816e-16
2.405910445e+00  5.2599393e-13  5.25994e-13  5.25381e-13  6.13374e-16
2.417939997e+00  5.2667754e-13  5.26678e-13  5.26012e-13  6.65804e-16
2.430029697e+00  5.2774698e-13  5.27747e-13  5.27025e-13  7.22298e-16
2.442179846e+00  5.2893047e-13  5.28930e-13  5.28147e-13  7.83179e-16
2.454390745e+00  5.3059200e-13  5.30592e-13  5.29743e-13  8.48688e-16
2.466662699e+00  5.3225352e-13  5.32254e-13  5.31334e-13  9.19223e-16
2.478996012e+00  5.3427619e-13  5.34276e-13  5.33281e-13  9.95056e-16
2.491390992e+00  5.3588340e-13  5.35883e-13  5.34807e-13  1.07672e-15
2.503847947e+00  5.3779626e-13  5.37796e-13  5.36632e-13  1.16443e-15
2.516367187e+00  5.3975554e-13  5.39756e-13  5.38497e-13  1.25868e-15
2.528949023e+00  5.4170997e-13  5.41710e-13  5.40350e-13  1.35989e-15
2.541593768e+00  5.4346031e-13  5.43460e-13  5.41992e-13  1.46861e-15
2.554301737e+00  5.4491200e-13  5.44912e-13  5.43327e-13  1.58537e-15
2.567073246e+00  5.4656250e-13  5.46563e-13  5.44852e-13  1.71053e-15
2.579908612e+00  5.4831017e-13  5.48310e-13  5.46466e-13  1.84466e-15
2.592808155e+00  5.4971747e-13  5.49717e-13  5.47729e-13  1.98852e-15
2.605772196e+00  5.5031144e-13  5.50311e-13  5.48168e-13  2.14302e-15
2.618801057e+00  5.5058706e-13  5.50587e-13  5.48278e-13  2.30864e-15
2.631895062e+00  5.5088322e-13  5.50883e-13  5.48397e-13  2.48590e-15
2.645054537e+00  5.5148217e-13  5.51482e-13  5.48807e-13  2.67537e-15
2.658279810e+00  5.5107131e-13  5.51071e-13  5.48193e-13  2.87867e-15
2.671571209e+00  5.4967349e-13  5.49673e-13  5.46577e-13  3.09679e-15
2.684929065e+00  5.4864494e-13  5.48645e-13  5.45315e-13  3.32966e-15
2.698353710e+00  5.4852652e-13  5.48527e-13  5.44949e-13  3.57766e-15
2.711845479e+00  5.4730570e-13  5.47306e-13  5.43462e-13  3.84350e-15
2.725404706e+00  5.4568268e-13  5.45683e-13  5.41555e-13  4.12773e-15
2.739031730e+00  5.4340002e-13  5.43400e-13  5.38968e-13  4.43181e-15
2.752726889e+00  5.4113867e-13  5.41139e-13  5.36382e-13  4.75624e-15
2.766490523e+00  5.3863615e-13  5.38636e-13  5.33534e-13  5.10260e-15
2.780322976e+00  5.3607442e-13  5.36074e-13  5.30602e-13  5.47197e-15
2.794224591e+00  5.3328364e-13  5.33284e-13  5.27418e-13  5.86599e-15
2.808195713e+00  5.3035720e-13  5.30357e-13  5.24071e-13  6.28602e-15
2.822236692e+00  5.2717257e-13  5.27173e-13  5.20439e-13  6.73385e-15
2.836347875e+00  5.2471214e-13  5.24712e-13  5.17503e-13  7.20925e-15
2.850529615e+00  5.2224770e-13  5.22248e-13  5.14533e-13  7.71510e-15
2.864782263e+00  5.1986545e-13  5.19865e-13  5.11613e-13  8.25294e-15
2.879106174e+00  5.1756633e-13  5.17566e-13  5.08742e-13  8.82455e-15
2.893501705e+00  5.1485856e-13  5.14859e-13  5.05425e-13  9.43307e-15
2.907969214e+00  5.1171388e-13  5.11714e-13  5.01633e-13  1.00808e-14
2.922509060e+00  5.0879275e-13  5.08793e-13  4.98025e-13  1.07682e-14
2.937121605e+00  5.0597319e-13  5.05973e-13  4.94475e-13  1.14977e-14
2.951807213e+00  5.0305750e-13  5.03057e-13  4.90785e-13  1.22723e-14
2.966566249e+00  5.0048627e-13  5.00486e-13  4.87394e-13  1.30927e-14
2.981399080e+00  4.9837305e-13  4.98373e-13  4.84412e-13  1.39609e-14
2.996306076e+00  4.9605020e-13  4.96050e-13  4.81168e-13  1.48820e-14
3.011287606e+00  4.9356552e-13  4.93566e-13  4.77707e-13  1.58587e-14
3.026344044e+00  4.9081257e-13  4.90813e-13  4.73918e-13  1.68946e-14
3.041475764e+00  4.8806827e-13  4.88068e-13  4.70077e-13  1.79916e-14
3.056683143e+00  4.8503625e-13  4.85036e-13  4.65882e-13  1.91546e-14
3.071966559e+00  4.8150465e-13  4.81505e-13  4.61116e-13  2.03886e-14
3.087326392e+00  4.7808407e-13  4.78084e-13  4.56390e-13  2.16938e-14
3.102763024e+00  4.7496159e-13  4.74962e-13  4.51889e-13  2.30725e-14
3.118276839e+00  4.7206333e-13  4.72063e-13  4.47535e-13  2.45286e-14
3.133868223e+00  4.6910107e-13  4.69101e-13  4.43033e-13  2.60683e-14
3.149537564e+00  4.6626238e-13  4.66262e-13  4.38568e-13  2.76942e-14
3.165285252e+00  4.6355124e-13  4.63551e-13  4.34141e-13  2.94104e-14
3.181111678e+00  4.6097179e-13  4.60972e-13  4.29750e-13  3.12215e-14
3.197017237e+00  4.5821376e-13  4.58214e-13  4.25079e-13  3.31352e-14
3.213002323e+00  4.5594811e-13  4.55948e-13  4.20799e-13  3.51492e-14
3.229067334e+00  4.5399880e-13  4.53999e-13  4.16729e-13  3.72699e-14
3.245212671e+00  4.5205966e-13  4.52060e-13  4.12554e-13  3.95059e-14
3.261438734e+00  4.5047696e-13  4.50477e-13  4.08619e-13  4.18580e-14
3.277745928e+00  4.4891587e-13  4.48916e-13  4.04580e-13  4.43361e-14
3.294134658e+00  4.4741853e-13  4.47419e-13  4.00473e-13  4.69457e-14
3.310605331e+00  4.4602610e-13  4.46026e-13  3.96334e-13  4.96923e-14
3.327158358e+00  4.4474617e-13  4.44746e-13  3.92164e-13  5.25820e-14
3.343794149e+00  4.4374799e-13  4.43748e-13  3.88130e-13  5.56182e-14
3.360513120e+00  4.4313116e-13  4.43131e-13  3.84326e-13  5.88050e-14
3.377315686e+00  4.4267489e-13  4.42675e-13  3.80522e-13  6.21533e-14
3.394202264e+00  4.4270084e-13  4.42701e-13  3.77038e-13  6.56627e-14
3.411173276e+00  4.4258571e-13  4.42586e-13  3.73231e-13  6.93548e-14
3.428229142e+00  4.4314758e-13  4.43148e-13  3.69931e-13  7.32168e-14
3.445370288e+00  4.4279350e-13  4.42794e-13  3.65494e-13  7.72996e-14
3.462597139e+00  4.4307515e-13  4.43075e-13  3.61505e-13  8.15702e-14
3.479910125e+00  4.4356987e-13  4.43570e-13  3.57521e-13  8.60485e-14
3.497309675e+00  4.4455334e-13  4.44553e-13  3.53820e-13  9.07337e-14
3.514796224e+00  4.4579214e-13  4.45792e-13  3.50150e-13  9.56418e-14
3.532370205e+00  4.4671436e-13  4.46714e-13  3.45910e-13  1.00804e-13
3.550032056e+00  4.4835237e-13  4.48352e-13  3.42160e-13  1.06192e-13
3.567782216e+00  4.5027544e-13  4.50275e-13  3.38445e-13  1.11831e-13
3.585621127e+00  4.5254927e-13  4.52549e-13  3.34822e-13  1.17728e-13
3.603549233e+00  4.5512611e-13  4.55126e-13  3.31232e-13  1.23894e-13
3.621566979e+00  4.5807098e-13  4.58071e-13  3.27732e-13  1.30339e-13
3.639674814e+00  4.6139229e-13  4.61392e-13  3.24322e-13  1.37070e-13
3.657873188e+00  4.6501808e-13  4.65018e-13  3.20913e-13  1.44105e-13
3.676162554e+00  4.6909300e-13  4.69093e-13  3.17648e-13  1.51445e-13
3.694543367e+00  4.7344055e-13  4.73441e-13  3.14328e-13  1.59113e-13
3.713016084e+00  4.7815281e-13  4.78153e-13  3.11037e-13  1.67116e-13
3.731581164e+00  4.8316459e-13  4.83165e-13  3.07693e-13  1.75472e-13
3.750239070e+00  4.8869325e-13  4.88693e-13  3.04516e-13  1.84177e-13
3.768990265e+00  4.9459635e-13  4.94596e-13  3.01340e-13  1.93256e-13
3.787835216e+00  5.0086278e-13  5.00863e-13  2.98140e-13  2.02723e-13
3.806774393e+00  5.0760475e-13  5.07605e-13  2.95021e-13  2.12583e-13
3.825808265e+00  5.1478546e-13  5.14785e-13  2.91931e-13  2.22854e-13
3.844937306e+00  5.2241843e-13  5.22418e-13  2.88869e-13  2.33550e-13
3.864161992e+00  5.3054078e-13  5.30541e-13  2.85860e-13  2.44680e-13
3.883482802e+00  5.3911965e-13  5.39120e-13  2.82853e-13  2.56266e-13
3.902900216e+00  5.4821575e-13  5.48216e-13  2.79899e-13  2.68317e-13
3.922414717e+00  5.5784277e-13  5.57843e-13  2.76997e-13  2.80846e-13
3.942026791e+00  5.6799273e-13  5.67993e-13  2.74121e-13  2.93872e-13
3.961736925e+00  5.7865939e-13  5.78659e-13  2.71246e-13  3.07413e-13
3.981545610e+00  5.8985946e-13  5.89859e-13  2.68373e-13  3.21487e-13
4.001453338e+00  6.0171420e-13  6.01714e-13  2.65624e-13  3.36090e-13
4.021460604e+00  6.1409211e-13  6.14092e-13  2.62827e-13  3.51265e-13
4.041567907e+00  6.2705329e-13  6.27053e-13  2.60031e-13  3.67022e-13
4.061775747e+00  6.4067487e-13  6.40675e-13  2.57309e-13  3.83366e-13
4.082084626e+00  6.5495238e-13  6.54952e-13  2.54636e-13  4.00317e-13
4.102495049e+00  6.6986419e-13  6.69864e-13  2.51963e-13  4.17901e-13
4.123007524e+00  6.8542923e-13  6.85429e-13  2.49291e-13  4.36138e-13
4.143622562e+00  7.0166671e-13  7.01667e-13  2.46621e-13  4.55045e-13
4.164340674e+00  7.1864935e-13  7.18649e-13  2.44022e-13  4.74627e-13
4.185162378e+00  7.3628947e-13  7.36289e-13  2.41356e-13  4.94933e-13
4.206088190e+00  7.5461099e-13  7.54611e-13  2.38625e-13  5.15986e-13
4.227118631e+00  7.7372057e-13  7.73721e-13  2.35942e-13  5.37778e-13
4.248254224e+00  7.9357242e-13  7.93572e-13  2.33219e-13  5.60353e-13
4.269495495e+00  8.1414366e-13  8.14144e-13  2.30390e-13  5.83753e-13
4.290842972e+00  8.3544746e-13  8.35447e-13  2.27437e-13  6.08010e-13
4.312297187e+00  8.5754336e-13  8.57543e-13  2.24407e-13  6.33136e-13
4.333858673e+00  8.8058708e-13  8.80587e-13  2.21496e-13  6.59091e-13
4.355527967e+00  9.0451201e-13  9.04512e-13  2.18573e-13  6.85939e-13
4.377305606e+00  9.2954105e-13  9.29541e-13  2.15957e-13  7.13584e-13
4.399192134e+00  9.5553673e-13  9.55537e-13  2.13410e-13  7.42127e-13
4.421188095e+00  9.8256671e-13  9.82567e-13  2.11013e-13  7.71554e-13
4.443294036e+00  1.0105851e-12  1.01059e-12  2.08661e-13  8.01924e-13
4.465510506e+00  1.0395450e-12  1.03954e-12  2.06229e-13  8.33316e-13
4.487838058e+00  1.0694017e-12  1.06940e-12  2.03578e-13  8.65824e-13
4.510277249e+00  1.1002073e-12  1.10021e-12  2.00734e-13  8.99473e-13
4.532828635e+00  1.1319549e-12  1.13195e-12  1.97602e-13  9.34352e-13
4.555492778e+00  1.1646768e-12  1.16468e-12  1.94152e-13  9.70525e-13
4.578270242e+00  1.1983264e-12  1.19833e-12  1.90155e-13  1.00817e-12
4.601161593e+00  1.2331546e-12  1.23315e-12  1.86054e-13  1.04710e-12
4.624167401e+00  1.2691432e-12  1.26914e-12  1.81700e-13  1.08744e-12
4.647288238e+00  1.3064082e-12  1.30641e-12  1.77270e-13  1.12914e-12
4.670524679e+00  1.3450020e-12  1.34500e-12  1.72806e-13  1.17220e-12
4.693877303e+00  1.3848423e-12  1.38484e-12  1.67896e-13  1.21695e-12
4.717346689e+00  1.4261532e-12  1.42615e-12  1.63112e-13  1.26304e-12
4.740933423e+00  1.4689668e-12  1.46897e-12  1.58488e-13  1.31048e-12
4.764638090e+00  1.5132504e-12  1.51325e-12  1.53747e-13  1.35950e-12
4.788461280e+00  1.5591638e-12  1.55916e-12  1.49601e-13  1.40956e-12
4.812403587e+00  1.6066644e-12  1.60666e-12  1.45927e-13  1.46074e-12
4.836465604e+00  1.6557061e-12  1.65571e-12  1.42376e-13  1.51333e-12
4.860647933e+00  1.7063093e-12  1.70631e-12  1.38963e-13  1.56735e-12
4.884951172e+00  1.7584920e-12  1.75849e-12  1.35315e-13  1.62318e-12
4.909375928e+00  1.8122991e-12  1.81230e-12  1.31875e-13  1.68042e-12
4.933922808e+00  1.8677422e-12  1.86774e-12  1.28605e-13  1.73914e-12
4.958592422e+00  1.9248727e-12  1.92487e-12  1.25208e-13  1.79966e-12
4.983385384e+00  1.9837769e-12  1.98378e-12  1.21503e-13  1.86227e-12
5.008302311e+00  2.0444758e-12  2.04448e-12  1.17751e-13  1.92672e-12
5.033343822e+00  2.1068490e-12  2.10685e-12  1.14537e-13  1.99231e-12
5.058510541e+00  2.1708874e-12  2.17089e-12  1.11749e-13  2.05914e-12
5.083803094e+00  2.2366121e-12  2.23661e-12  1.09246e-13  2.12737e-12
5.109222110e+00  2.3040554e-12  2.30406e-12  1.06923e-13  2.19713e-12
5.134768220e+00  2.3732854e-12  2.37329e-12  1.04647e-13  2.26864e-12
5.160442061e+00  2.4443256e-12  2.44433e-12  1.02418e-13  2.34191e-12
5.186244272e+00  2.5171993e-12  2.51720e-12  1.00235e-13  2.41696e-12
5.212175493e+00  2.5919621e-12  2.59196e-12  9.80496e-14  2.49391e-12
5.238236370e+00  2.6686335e-12  2.66863e-12  9.58784e-14  2.57276e-12
5.264427552e+00  2.7469852e-12  2.74699e-12  9.40299e-14  2.65296e-12
5.290749690e+00  2.8269310e-12  2.82693e-12  9.25573e-14  2.73437e-12
5.317203438e+00  2.9082180e-12  2.90822e-12  9.16634e-14  2.81655e-12
5.343789456e+00  2.9908026e-12  2.99080e-12  9.12884e-14  2.89951e-12
5.370508403e+00  3.0750713e-12  3.07507e-12  9.10017e-14  2.98407e-12
5.397360945e+00  3.1612023e-12  3.16120e-12  9.06534e-14  3.07055e-12
5.424347750e+00  3.2490924e-12  3.24909e-12  9.03476e-14  3.15874e-12
5.451469488e+00  3.3384667e-12  3.33847e-12  9.02864e-14  3.24818e-12
5.478726836e+00  3.4294757e-12  3.42948e-12  9.03339e-14  3.33914e-12
5.506120470e+00  3.5227558e-12  3.52276e-12  9.00737e-14  3.43268e-12
5.533651072e+00  3.6186527e-12  3.61865e-12  8.93582e-14  3.52929e-12
5.561319328e+00  3.7181838e-12  3.71818e-12  8.76951e-14  3.63049e-12
5.589125924e+00  3.8216613e-12  3.82166e-12  8.50814e-14  3.73658e-12
5.617071554e+00  3.9260771e-12  3.92608e-12  8.32084e-14  3.84287e-12
5.645156912e+00  4.0308680e-12  4.03087e-12  8.22481e-14  3.94862e-12
5.673382696e+00  4.1404602e-12  4.14046e-12  8.00532e-14  4.06041e-12
5.701749610e+00  4.2538621e-12  4.25386e-12  7.72464e-14  4.17662e-12
5.730258358e+00  4.3715713e-12  4.37157e-12  7.37246e-14  4.29785e-12
5.758909650e+00  4.4888400e-12  4.48884e-12  7.14702e-14  4.41737e-12
5.787704198e+00  4.5940936e-12  4.59409e-12  7.46555e-14  4.51944e-12
5.816642719e+00  4.7019654e-12  4.70197e-12  7.73129e-14  4.62465e-12
5.845725932e+00  4.8223426e-12  4.82234e-12  7.61325e-14  4.74621e-12
5.874954562e+00  4.9515463e-12  4.95155e-12  7.28173e-14  4.87873e-12
5.904329335e+00  5.0828276e-12  5.08283e-12  6.97558e-14  5.01307e-12
5.933850982e+00  5.2144631e-12  5.21446e-12  6.74418e-14  5.14702e-12
5.963520237e+00  5.3454887e-12  5.34549e-12  6.60669e-14  5.27942e-12
5.993337838e+00  5.4776135e-12  5.47761e-12  6.50542e-14  5.41256e-12
6.023304527e+00  5.6111386e-12  5.61114e-12  6.42851e-14  5.54685e-12
6.053421050e+00  5.7469437e-12  5.74694e-12  6.35120e-14  5.68343e-12
6.083688155e+00  5.8868713e-12  5.88687e-12  6.22930e-14  5.82458e-12
6.114106596e+00  6.0313631e-12  6.03136e-12  6.05809e-14  5.97078e-12
6.144677129e+00  6.1788952e-12  6.17890e-12  5.87765e-14  6.12012e-12
6.175400514e+00  6.3273535e-12  6.32735e-12  5.73480e-14  6.27001e-12
6.206277517e+00  6.4774387e-12  6.47744e-12  5.61130e-14  6.42133e-12
6.237308904e+00  6.6236644e-12  6.62366e-12  5.61410e-14  6.56752e-12
6.268495449e+00  6.7670833e-12  6.76708e-12  5.70930e-14  6.70999e-12
6.299837926e+00  6.9167930e-12  6.91679e-12  5.71922e-14  6.85960e-12
6.331337116e+00  7.0732331e-12  7.07323e-12  5.64502e-14  7.01678e-12
6.362993801e+00  7.2330505e-12  7.23305e-12  5.55290e-14  7.17752e-12
6.394808770e+00  7.3951410e-12  7.39514e-12  5.46304e-14  7.34051e-12
6.426782814e+00  7.5607247e-12  7.56072e-12  5.35588e-14  7.50717e-12
6.458916728e+00  7.7298229e-12  7.72982e-12  5.23300e-14  7.67749e-12
6.491211312e+00  7.8993626e-12  7.89936e-12  5.14164e-14  7.84795e-12
6.523667368e+00  8.0633631e-12  8.06336e-12  5.16434e-14  8.01172e-12
6.556285705e+00  8.2234794e-12  8.22348e-12  5.26669e-14  8.17081e-12
6.589067134e+00  8.3836740e-12  8.38367e-12  5.38750e-14  8.32980e-12
6.622012469e+00  8.5331665e-12  8.53317e-12  5.66383e-14  8.47653e-12
6.655122532e+00  8.7060356e-12  8.70604e-12  5.65389e-14  8.64950e-12
6.688398144e+00  8.8912166e-12  8.89122e-12  5.51859e-14  8.83603e-12
6.721840135e+00  9.0755216e-12  9.07552e-12  5.42422e-14  9.02128e-12
6.755449336e+00  9.2602801e-12  9.26028e-12  5.35186e-14  9.20676e-12
6.789226583e+00  9.4457106e-12  9.44571e-12  5.29703e-14  9.39274e-12
6.823172715e+00  9.6349901e-12  9.63499e-12  5.22424e-14  9.58275e-12
6.857288579e+00  9.8272867e-12  9.82729e-12  5.14362e-14  9.77585e-12
6.891575022e+00  1.0024558e-11  1.00246e-11  5.03630e-14  9.97419e-12
6.926032897e+00  1.0226386e-11  1.02264e-11  4.90868e-14  1.01773e-11
6.960663062e+00  1.0430407e-11  1.04304e-11  4.78481e-14  1.03826e-11
6.995466377e+00  1.0634651e-11  1.06347e-11  4.68227e-14  1.05878e-11
7.030443709e+00  1.0843245e-11  1.08432e-11  4.56273e-14  1.07976e-11
7.065595927e+00  1.1055347e-11  1.10553e-11  4.43490e-14  1.10110e-11
7.100923907e+00  1.1258062e-11  1.12581e-11  4.40672e-14  1.12140e-11
7.136428526e+00  1.1470972e-11  1.14710e-11  4.31140e-14  1.14279e-11
7.172110669e+00  1.1696150e-11  1.16962e-11  4.13832e-14  1.16548e-11
7.207971222e+00  1.1914066e-11  1.19141e-11  4.04286e-14  1.18736e-11
7.244011079e+00  1.2115386e-11  1.21154e-11  4.08754e-14  1.20745e-11
7.280231134e+00  1.2310284e-11  1.23103e-11  4.18730e-14  1.22684e-11
7.316632290e+00  1.2514457e-11  1.25145e-11  4.22747e-14  1.24722e-11
7.353215451e+00  1.2734842e-11  1.27348e-11  4.16547e-14  1.26932e-11
7.389981528e+00  1.2967670e-11  1.29677e-11  4.03436e-14  1.29273e-11
7.426931436e+00  1.3205726e-11  1.32057e-11  3.88609e-14  1.31669e-11
7.464066093e+00  1.3447036e-11  1.34470e-11  3.73436e-14  1.34097e-11
7.501386424e+00  1.3692032e-11  1.36920e-11  3.57686e-14  1.36563e-11
7.538893356e+00  1.3932401e-11  1.39324e-11  3.46328e-14  1.38978e-11
7.576587822e+00  1.4161462e-11  1.41615e-11  3.42866e-14  1.41272e-11
7.614470762e+00  1.4388413e-11  1.43884e-11  3.41509e-14  1.43543e-11
7.652543115e+00  1.4630942e-11  1.46309e-11  3.32407e-14  1.45977e-11
7.690805831e+00  1.4882988e-11  1.48830e-11  3.19372e-14  1.48511e-11
7.729259860e+00  1.5136092e-11  1.51361e-11  3.07087e-14  1.51054e-11
7.767906159e+00  1.5392601e-11  1.53926e-11  2.94306e-14  1.53632e-11
7.806745690e+00  1.5644822e-11  1.56448e-11  2.84853e-14  1.56163e-11
7.845779419e+00  1.5895706e-11  1.58957e-11  2.77056e-14  1.58680e-11
7.885008316e+00  1.6152254e-11  1.61523e-11  2.67506e-14  1.61255e-11
7.924433357e+00  1.6407966e-11  1.64080e-11  2.59291e-14  1.63820e-11
7.964055524e+00  1.6652123e-11  1.66521e-11  2.57076e-14  1.66264e-11
8.003875802e+00  1.6890596e-11  1.68906e-11  2.57860e-14  1.68648e-11
8.043895181e+00  1.7127444e-11  1.71274e-11  2.59689e-14  1.71015e-11
8.084114657e+00  1.7359222e-11  1.73592e-11  2.63890e-14  1.73328e-11
8.124535230e+00  1.7583158e-11  1.75832e-11  2.71389e-14  1.75560e-11
8.165157906e+00  1.7800427e-11  1.78004e-11  2.81462e-14  1.77723e-11
8.205983696e+00  1.8004702e-11  1.80047e-11  2.96330e-14  1.79751e-11
8.247013614e+00  1.8207283e-11  1.82073e-11  3.11383e-14  1.81761e-11
8.288248682e+00  1.8427798e-11  1.84278e-11  3.19382e-14  1.83959e-11
8.329689926e+00  1.8686258e-11  1.86863e-11  3.13622e-14  1.86549e-11
8.371338375e+00  1.8962022e-11  1.89620e-11  3.02246e-14  1.89318e-11
8.413195067e+00  1.9230287e-11  1.92303e-11  2.94103e-14  1.92009e-11
8.455261042e+00  1.9496346e-11  1.94963e-11  2.87201e-14  1.94676e-11
8.497537348e+00  1.9756222e-11  1.97562e-11  2.82745e-14  1.97279e-11
8.540025034e+00  2.0006537e-11  2.00065e-11  2.81637e-14  1.99784e-11
8.582725160e+00  2.0234721e-11  2.02347e-11  2.87560e-14  2.02060e-11
8.625638785e+00  2.0420694e-11  2.04207e-11  3.06151e-14  2.03901e-11
8.668766979e+00  2.0581283e-11  2.05813e-11  3.31534e-14  2.05481e-11
8.712110814e+00  2.0786773e-11  2.07868e-11  3.42736e-14  2.07525e-11
8.755671368e+00  2.1011691e-11  2.10117e-11  3.47909e-14  2.09769e-11
8.799449725e+00  2.1215389e-11  2.12154e-11  3.58758e-14  2.11795e-11
8.843446974e+00  2.1406344e-11  2.14063e-11  3.72585e-14  2.13691e-11
8.887664209e+00  2.1597755e-11  2.15978e-11  3.85645e-14  2.15592e-11
8.932102530e+00  2.1793729e-11  2.17937e-11  3.96888e-14  2.17540e-11
8.976763042e+00  2.1992823e-11  2.19928e-11  4.06772e-14  2.19521e-11
9.021646857e+00  2.2201892e-11  2.22019e-11  4.13639e-14  2.21605e-11
9.066755092e+00  2.2429055e-11  2.24291e-11  4.15663e-14  2.23875e-11
9.112088867e+00  2.2666360e-11  2.26664e-11  4.15037e-14  2.26249e-11
9.157649312e+00  2.2911237e-11  2.29112e-11  4.12514e-14  2.28700e-11
9.203437558e+00  2.3161476e-11  2.31615e-11  4.08709e-14  2.31206e-11
9.249454746e+00  2.3419188e-11  2.34192e-11  4.03211e-14  2.33789e-11
9.295702020e+00  2.3688070e-11  2.36881e-11  3.95296e-14  2.36485e-11
9.342180530e+00  2.3957106e-11  2.39571e-11  3.87491e-14  2.39184e-11
9.388891432e+00  2.4221406e-11  2.42214e-11  3.80824e-14  2.41833e-11
9.435835890e+00  2.4472012e-11  2.44720e-11  3.77090e-14  2.44343e-11
9.483015069e+00  2.4705057e-11  2.47051e-11  3.76898e-14  2.46674e-11
9.530430144e+00  2.4923633e-11  2.49236e-11  3.79415e-14  2.48857e-11
9.578082295e+00  2.5150645e-11  2.51506e-11  3.79973e-14  2.51126e-11
9.625972707e+00  2.5385534e-11  2.53855e-11  3.78782e-14  2.53477e-11
9.674102570e+00  2.5623643e-11  2.56236e-11  3.76810e-14  2.55860e-11
9.722473083e+00  2.5870795e-11  2.58708e-11  3.73015e-14  2.58335e-11
9.771085448e+00  2.6130554e-11  2.61306e-11  3.66844e-14  2.60939e-11
9.819940876e+00  2.6382879e-11  2.63829e-11  3.61999e-14  2.63467e-11
9.869040580e+00  2.6617659e-11  2.66177e-11  3.60171e-14  2.65816e-11
9.918385783e+00  2.6871065e-11  2.68711e-11  3.54972e-14  2.68356e-11
9.967977712e+00  2.7136133e-11  2.71361e-11  3.47754e-14  2.71014e-11
1.001781760e+01  2.7403886e-11  2.74039e-11  3.40112e-14  2.73699e-11
1.006790669e+01  2.7678162e-11  2.76782e-11  3.31439e-14  2.76450e-11
1.011824622e+01  2.7962053e-11  2.79621e-11  3.21296e-14  2.79299e-11
1.016883745e+01  2.8242380e-11  2.82424e-11  3.11825e-14  2.82112e-11
1.021968164e+01  2.8501592e-11  2.85016e-11  3.05691e-14  2.84710e-11
1.027078005e+01  2.8725476e-11  2.87255e-11  3.04862e-14  2.86950e-11
1.032213395e+01  2.8922572e-11  2.89226e-11  3.07787e-14  2.88918e-11
1.037374462e+01  2.9112526e-11  2.91125e-11  3.11394e-14  2.90814e-11
1.042561334e+01  2.9322186e-11  2.93222e-11  3.11789e-14  2.92910e-11
1.047774141e+01  2.9555488e-11  2.95555e-11  3.08576e-14  2.95246e-11
1.053013012e+01  2.9788392e-11  2.97884e-11  3.05264e-14  2.97579e-11
1.058278077e+01  2.9996068e-11  2.99961e-11  3.05233e-14  2.99655e-11
1.063569467e+01  3.0192340e-11  3.01923e-11  3.06462e-14  3.01617e-11
1.068887314e+01  3.0413447e-11  3.04134e-11  3.04113e-14  3.03830e-11
1.074231751e+01  3.0647921e-11  3.06479e-11  2.99845e-14  3.06179e-11
1.079602910e+01  3.0884255e-11  3.08843e-11  2.95212e-14  3.08547e-11
1.085000924e+01  3.1150554e-11  3.11506e-11  2.86714e-14  3.11219e-11
1.090425929e+01  3.1423506e-11  3.14235e-11  2.77408e-14  3.13958e-11
1.095878058e+01  3.1664359e-11  3.16644e-11  2.72019e-14  3.16372e-11
1.101357449e+01  3.1863636e-11  3.18636e-11  2.71485e-14  3.18365e-11
1.106864236e+01  3.2040166e-11  3.20402e-11  2.73364e-14  3.20128e-11
1.112398557e+01  3.2221884e-11  3.22219e-11  2.74315e-14  3.21945e-11
1.117960550e+01  3.2428198e-11  3.24282e-11  2.72179e-14  3.24010e-11
1.123550353e+01  3.2649904e-11  3.26499e-11  2.68124e-14  3.26231e-11
1.129168104e+01  3.2877535e-11  3.28775e-11  2.63277e-14  3.28512e-11
1.134813945e+01  3.3124547e-11  3.31245e-11  2.56219e-14  3.30989e-11
1.140488015e+01  3.3379992e-11  3.33800e-11  2.48217e-14  3.33552e-11
1.146190455e+01  3.3635123e-11  3.36351e-11  2.40229e-14  3.36111e-11
1.151921407e+01  3.3908162e-11  3.39082e-11  2.30376e-14  3.38851e-11
1.157681014e+01  3.4192216e-11  3.41922e-11  2.19444e-14  3.41703e-11
1.163469419e+01  3.4445464e-11  3.44455e-11  2.11664e-14  3.44243e-11
1.169286766e+01  3.4678630e-11  3.46786e-11  2.05840e-14  3.46580e-11
1.175133200e+01  3.4913324e-11  3.49133e-11  1.99787e-14  3.48933e-11
1.181008866e+01  3.5145146e-11  3.51451e-11  1.93934e-14  3.51258e-11
1.186913910e+01  3.5376262e-11  3.53763e-11  1.88068e-14  3.53575e-11
1.192848480e+01  3.5591391e-11  3.55914e-11  1.83608e-14  3.55730e-11
1.198812722e+01  3.5791768e-11  3.57918e-11  1.80377e-14  3.57737e-11
1.204806786e+01  3.5993713e-11  3.59937e-11  1.76852e-14  3.59760e-11
1.210830820e+01  3.6190449e-11  3.61904e-11  1.73645e-14  3.61731e-11
1.216884974e+01  3.6389500e-11  3.63895e-11  1.70083e-14  3.63725e-11
1.222969399e+01  3.6588614e-11  3.65886e-11  1.66375e-14  3.65720e-11
1.229084246e+01  3.6782424e-11  3.67824e-11  1.62981e-14  3.67661e-11
1.235229667e+01  3.6963919e-11  3.69639e-11  1.60478e-14  3.69479e-11
1.241405815e+01  3.7139902e-11  3.71399e-11  1.58263e-14  3.71241e-11
1.247612845e+01  3.7321203e-11  3.73212e-11  1.55440e-14  3.73057e-11
1.253850909e+01  3.7504776e-11  3.75048e-11  1.52279e-14  3.74895e-11
1.260120163e+01  3.7680060e-11  3.76801e-11  1.49630e-14  3.76651e-11
1.266420764e+01  3.7856811e-11  3.78568e-11  1.46709e-14  3.78421e-11
1.272752868e+01  3.8035849e-11  3.80358e-11  1.43463e-14  3.80215e-11
1.279116632e+01  3.8204091e-11  3.82041e-11  1.40900e-14  3.81900e-11
1.285512215e+01  3.8359819e-11  3.83598e-11  1.39121e-14  3.83459e-11
1.291939776e+01  3.8512910e-11  3.85129e-11  1.37364e-14  3.84992e-11
1.298399475e+01  3.8656914e-11  3.86569e-11  1.36097e-14  3.86433e-11
1.304891473e+01  3.8788510e-11  3.87885e-11  1.35541e-14  3.87750e-11
1.311415930e+01  3.8911629e-11  3.89116e-11  1.35387e-14  3.88981e-11
1.317973010e+01  3.9047754e-11  3.90478e-11  1.34108e-14  3.90343e-11
1.324562875e+01  3.9206022e-11  3.92060e-11  1.31114e-14  3.91929e-11
1.331185689e+01  3.9369885e-11  3.93699e-11  1.27603e-14  3.93571e-11
1.337841618e+01  3.9525438e-11  3.95254e-11  1.24536e-14  3.95130e-11
1.344530826e+01  3.9679205e-11  3.96792e-11  1.21460e-14  3.96671e-11
1.351253480e+01  3.9827040e-11  3.98270e-11  1.18648e-14  3.98152e-11
1.358009747e+01  3.9957283e-11  3.99573e-11  1.16851e-14  3.99456e-11
1.364799796e+01  4.0052726e-11  4.00527e-11  1.17136e-14  4.00410e-11
1.371623795e+01  4.0142706e-11  4.01427e-11  1.17565e-14  4.01309e-11
1.378481914e+01  4.0215480e-11  4.02155e-11  1.18867e-14  4.02036e-11
1.385374323e+01  4.0271348e-11  4.02713e-11  1.20991e-14  4.02592e-11
1.392301195e+01  4.0358171e-11  4.03582e-11  1.20978e-14  4.03461e-11
1.399262701e+01  4.0466519e-11  4.04665e-11  1.19475e-14  4.04546e-11
1.406259015e+01  4.0582620e-11  4.05826e-11  1.17358e-14  4.05709e-11
1.413290310e+01  4.0699340e-11  4.06993e-11  1.15070e-14  4.06878e-11
1.420356761e+01  4.0806498e-11  4.08065e-11  1.13211e-14  4.07952e-11
1.427458545e+01  4.0903613e-11  4.09036e-11  1.11793e-14  4.08924e-11
1.434595838e+01  4.1004722e-11  4.10047e-11  1.10004e-14  4.09937e-11
1.441768817e+01  4.1100454e-11  4.11005e-11  1.08382e-14  4.10896e-11
1.448977661e+01  4.1188219e-11  4.11882e-11  1.07067e-14  4.11775e-11
1.456222549e+01  4.1267553e-11  4.12676e-11  1.06075e-14  4.12569e-11
1.463503662e+01  4.1353920e-11  4.13539e-11  1.04553e-14  4.13435e-11
1.470821180e+01  4.1435304e-11  4.14353e-11  1.03166e-14  4.14250e-11
1.478175286e+01  4.1504780e-11  4.15048e-11  1.02278e-14  4.14946e-11
1.485566163e+01  4.1576151e-11  4.15762e-11  1.01147e-14  4.15660e-11
1.492993994e+01  4.1649879e-11  4.16499e-11  9.97583e-15  4.16399e-11
1.500458964e+01  4.1725123e-11  4.17251e-11  9.81630e-15  4.17153e-11
1.507961258e+01  4.1793645e-11  4.17936e-11  9.67878e-15  4.17840e-11
1.515501065e+01  4.1853691e-11  4.18537e-11  9.57143e-15  4.18441e-11
1.523078570e+01  4.1896522e-11  4.18965e-11  9.53680e-15  4.18870e-11
1.530693963e+01  4.1909429e-11  4.19094e-11  9.63514e-15  4.18998e-11
1.538347433e+01  4.1908059e-11  4.19081e-11  9.78605e-15  4.18983e-11
1.546039170e+01  4.1887574e-11  4.18876e-11  1.00112e-14  4.18776e-11
1.553769366e+01  4.1833925e-11  4.18339e-11  1.03751e-14  4.18235e-11
1.561538212e+01  4.1804042e-11  4.18040e-11  1.06051e-14  4.17934e-11
1.569345903e+01  4.1776087e-11  4.17761e-11  1.08073e-14  4.17653e-11
1.577192633e+01  4.1772057e-11  4.17721e-11  1.08808e-14  4.17612e-11
1.585078596e+01  4.1790722e-11  4.17907e-11  1.08354e-14  4.17799e-11
1.593003989e+01  4.1808401e-11  4.18084e-11  1.07819e-14  4.17976e-11
1.600969009e+01  4.1834796e-11  4.18348e-11  1.06772e-14  4.18241e-11
1.608973854e+01  4.1853643e-11  4.18536e-11  1.05949e-14  4.18430e-11
1.617018723e+01  4.1882136e-11  4.18821e-11  1.04591e-14  4.18717e-11
1.625103817e+01  4.1884590e-11  4.18846e-11  1.04264e-14  4.18742e-11
1.633229336e+01  4.1851283e-11  4.18513e-11  1.05356e-14  4.18407e-11
1.641395483e+01  4.1803378e-11  4.18034e-11  1.06925e-14  4.17927e-11
1.649602460e+01  4.1746628e-11  4.17466e-11  1.08715e-14  4.17358e-11
1.657850473e+01  4.1677522e-11  4.16775e-11  1.10866e-14  4.16664e-11
1.666139725e+01  4.1646861e-11  4.16469e-11  1.11268e-14  4.16357e-11
1.674470424e+01  4.1614503e-11  4.16145e-11  1.11616e-14  4.16033e-11
1.682842776e+01  4.1584001e-11  4.15840e-11  1.11768e-14  4.15728e-11
1.691256990e+01  4.1525791e-11  4.15258e-11  1.12917e-14  4.15145e-11
1.699713274e+01  4.1468162e-11  4.14682e-11  1.13911e-14  4.14568e-11
1.708211841e+01  4.1415553e-11  4.14156e-11  1.14580e-14  4.14041e-11
1.716752900e+01  4.1361366e-11  4.13614e-11  1.15191e-14  4.13498e-11
1.725336665e+01  4.1296800e-11  4.12968e-11  1.16087e-14  4.12852e-11
1.733963348e+01  4.1207772e-11  4.12078e-11  1.17801e-14  4.11960e-11
1.742633165e+01  4.1086398e-11  4.10864e-11  1.20609e-14  4.10743e-11
1.751346330e+01  4.0981674e-11  4.09817e-11  1.22639e-14  4.09694e-11
1.760103062e+01  4.0882594e-11  4.08826e-11  1.24324e-14  4.08702e-11
1.768903577e+01  4.0819117e-11  4.08191e-11  1.24566e-14  4.08067e-11
1.777748095e+01  4.0775364e-11  4.07754e-11  1.23986e-14  4.07630e-11
1.786636836e+01  4.0737686e-11  4.07377e-11  1.23103e-14  4.07254e-11
1.795570020e+01  4.0711798e-11  4.07118e-11  1.21718e-14  4.06996e-11
1.804547870e+01  4.0675296e-11  4.06753e-11  1.20647e-14  4.06632e-11
1.813570609e+01  4.0621643e-11  4.06216e-11  1.20111e-14  4.06096e-11
1.822638462e+01  4.0518031e-11  4.05180e-11  1.21249e-14  4.05059e-11
1.831751655e+01  4.0396145e-11  4.03961e-11  1.22916e-14  4.03839e-11
1.840910413e+01  4.0273999e-11  4.02740e-11  1.24479e-14  4.02616e-11
1.850114965e+01  4.0201428e-11  4.02014e-11  1.24241e-14  4.01890e-11
1.859365540e+01  4.0138578e-11  4.01386e-11  1.23597e-14  4.01262e-11
1.868662368e+01  4.0093715e-11  4.00937e-11  1.22280e-14  4.00815e-11
1.878005679e+01  4.0040666e-11  4.00407e-11  1.21180e-14  4.00285e-11
1.887395708e+01  3.9962520e-11  3.99625e-11  1.20850e-14  3.99504e-11
1.896832686e+01  3.9861561e-11  3.98616e-11  1.21198e-14  3.98494e-11
1.906316850e+01  3.9728799e-11  3.97288e-11  1.22499e-14  3.97165e-11
1.915848434e+01  3.9589504e-11  3.95895e-11  1.23917e-14  3.95771e-11
1.925427676e+01  3.9483506e-11  3.94835e-11  1.24178e-14  3.94711e-11
1.935054815e+01  3.9388229e-11  3.93882e-11  1.24025e-14  3.93758e-11
1.944730089e+01  3.9287696e-11  3.92877e-11  1.23972e-14  3.92753e-11
1.954453739e+01  3.9207337e-11  3.92073e-11  1.23225e-14  3.91950e-11
1.964226008e+01  3.9145778e-11  3.91458e-11  1.21842e-14  3.91336e-11
1.974047138e+01  3.9115797e-11  3.91158e-11  1.19447e-14  3.91039e-11
1.983917374e+01  3.9069302e-11  3.90693e-11  1.17531e-14  3.90575e-11
1.993836960e+01  3.9052953e-11  3.90530e-11  1.14671e-14  3.90415e-11
2.003806145e+01  3.9065309e-11  3.90653e-11  1.10935e-14  3.90542e-11
2.013825176e+01  3.9032585e-11  3.90326e-11  1.08539e-14  3.90217e-11
2.023894302e+01  3.8998794e-11  3.89988e-11  1.06154e-14  3.89882e-11
2.034013773e+01  3.8963948e-11  3.89639e-11  1.03780e-14  3.89536e-11
2.044183842e+01  3.8929751e-11  3.89298e-11  1.01367e-14  3.89196e-11
2.054404761e+01  3.8874260e-11  3.88743e-11  9.95512e-15  3.88643e-11
2.064676785e+01  3.8808566e-11  3.88086e-11  9.80023e-15  3.87988e-11
2.075000169e+01  3.8769300e-11  3.87693e-11  9.56732e-15  3.87597e-11
2.085375170e+01  3.8725688e-11  3.87257e-11  9.34507e-15  3.87163e-11
2.095802046e+01  3.8671075e-11  3.86711e-11  9.15199e-15  3.86619e-11
2.106281056e+01  3.8625152e-11  3.86252e-11  8.93272e-15  3.86162e-11
2.116812461e+01  3.8540002e-11  3.85400e-11  8.82028e-15  3.85312e-11
2.127396524e+01  3.8489818e-11  3.84898e-11  8.60897e-15  3.84812e-11
2.138033506e+01  3.8444117e-11  3.84441e-11  8.38399e-15  3.84357e-11
2.148723674e+01  3.8404934e-11  3.84049e-11  8.14020e-15  3.83968e-11
2.159467292e+01  3.8376343e-11  3.83763e-11  7.86714e-15  3.83685e-11
2.170264629e+01  3.8353330e-11  3.83533e-11  7.57886e-15  3.83458e-11
2.181115952e+01  3.8317413e-11  3.83174e-11  7.32468e-15  3.83101e-11
2.192021532e+01  3.8270740e-11  3.82707e-11  7.09832e-15  3.82636e-11
2.202981639e+01  3.8212589e-11  3.82126e-11  6.90116e-15  3.82057e-11
2.213996547e+01  3.8162564e-11  3.81626e-11  6.68185e-15  3.81559e-11
2.225066530e+01  3.8088186e-11  3.80882e-11  6.52455e-15  3.80817e-11
2.236191863e+01  3.8016738e-11  3.80167e-11  6.35829e-15  3.80104e-11
2.247372822e+01  3.7929672e-11  3.79297e-11  6.23043e-15  3.79234e-11
2.258609686e+01  3.7821112e-11  3.78211e-11  6.15512e-15  3.78150e-11
2.269902735e+01  3.7708477e-11  3.77085e-11  6.08770e-15  3.77024e-11
2.281252248e+01  3.7596207e-11  3.75962e-11  6.01703e-15  3.75902e-11
2.292658510e+01  3.7448500e-11  3.74485e-11  6.03180e-15  3.74425e-11
2.304121802e+01  3.7293072e-11  3.72931e-11  6.06230e-15  3.72870e-11
2.315642411e+01  3.7130410e-11  3.71304e-11  6.10708e-15  3.71243e-11
2.327220623e+01  3.6972421e-11  3.69724e-11  6.13704e-15  3.69663e-11
2.338856726e+01  3.6819473e-11  3.68195e-11  6.15164e-15  3.68133e-11
2.350551010e+01  3.6673490e-11  3.66735e-11  6.14662e-15  3.66673e-11
2.362303765e+01  3.6544561e-11  3.65446e-11  6.09839e-15  3.65385e-11
2.374115284e+01  3.6404144e-11  3.64041e-11  6.07534e-15  3.63981e-11
2.385985860e+01  3.6267096e-11  3.62671e-11  6.04214e-15  3.62611e-11
2.397915789e+01  3.6143433e-11  3.61434e-11  5.97563e-15  3.61375e-11
2.409905368e+01  3.5999940e-11  3.59999e-11  5.95361e-15  3.59940e-11
2.421954895e+01  3.5858693e-11  3.58587e-11  5.92437e-15  3.58528e-11
2.434064670e+01  3.5731904e-11  3.57319e-11  5.86009e-15  3.57260e-11
2.446234993e+01  3.5577185e-11  3.55772e-11  5.85809e-15  3.55713e-11
2.458466168e+01  3.5420261e-11  3.54203e-11  5.85902e-15  3.54144e-11
2.470758499e+01  3.5266083e-11  3.52661e-11  5.85171e-15  3.52602e-11
2.483112291e+01  3.5102970e-11  3.51030e-11  5.86253e-15  3.50971e-11
2.495527853e+01  3.4923914e-11  3.49239e-11  5.90681e-15  3.49180e-11
