# ------------------------------------------------------------------------
# Radiance spectrum
# NASA-GSFC Planetary Spectrum Generator (PSG) (Villanueva et al. 2018, 2022)
# Synthesized on Wed Feb 14 20:09:24 2024
# Doppler velocities [km/s] (vobs,vrot+vorb,vwidth,vrfl,vstr): 0.00000,-0.00000,0.00000,-119.41115,-0.00000
# Spectral unit: Wavelength [um]
# Radiance unit: Spectral irradiance [W/m2/um]
# Wave/freq Total Object Reflected Thermal
5.000000000e-01  1.9598873e-12  1.95989e-12  1.95989e-12  1.52388e-46
5.025000000e-01  2.0256839e-12  2.02568e-12  2.02568e-12  2.38452e-46
5.050125000e-01  2.0700624e-12  2.07006e-12  2.07006e-12  3.73708e-46
5.075375625e-01  2.1148699e-12  2.11487e-12  2.11487e-12  5.84310e-46
5.100752503e-01  2.1607278e-12  2.16073e-12  2.16073e-12  9.11360e-46
5.126256266e-01  2.2203862e-12  2.22039e-12  2.22039e-12  1.41484e-45
5.151887547e-01  2.2808801e-12  2.28088e-12  2.28088e-12  2.19126e-45
5.177646985e-01  2.3422874e-12  2.34229e-12  2.34229e-12  3.38571e-45
5.203535220e-01  2.4018408e-12  2.40184e-12  2.40184e-12  5.22140e-45
5.229552896e-01  2.4447693e-12  2.44477e-12  2.44477e-12  8.05793e-45
5.255700660e-01  2.4880776e-12  2.48808e-12  2.48808e-12  1.24071e-44
5.281979164e-01  2.5318450e-12  2.53184e-12  2.53184e-12  1.90601e-44
5.308389059e-01  2.5705902e-12  2.57059e-12  2.57059e-12  2.92416e-44
5.334931005e-01  2.5977077e-12  2.59771e-12  2.59771e-12  4.48518e-44
5.361605660e-01  2.6248935e-12  2.62489e-12  2.62489e-12  6.86426e-44
5.388413688e-01  2.6520585e-12  2.65206e-12  2.65206e-12  1.04822e-43
5.415355756e-01  2.6751004e-12  2.67510e-12  2.67510e-12  1.59830e-43
5.442432535e-01  2.6948806e-12  2.69488e-12  2.69488e-12  2.43302e-43
5.469644698e-01  2.7144195e-12  2.71442e-12  2.71442e-12  3.69572e-43
5.496992921e-01  2.7338899e-12  2.73389e-12  2.73389e-12  5.60159e-43
5.524477886e-01  2.7757030e-12  2.77570e-12  2.77570e-12  8.44163e-43
5.552100275e-01  2.8206036e-12  2.82060e-12  2.82060e-12  1.26885e-42
5.579860777e-01  2.8658178e-12  2.86582e-12  2.86582e-12  1.90309e-42
5.607760081e-01  2.9059989e-12  2.90600e-12  2.90600e-12  2.85068e-42
5.635798881e-01  2.9321164e-12  2.93212e-12  2.93212e-12  4.27066e-42
5.663977875e-01  2.9582436e-12  2.95824e-12  2.95824e-12  6.38451e-42
5.692297765e-01  2.9841897e-12  2.98419e-12  2.98419e-12  9.52497e-42
5.720759254e-01  3.0068199e-12  3.00682e-12  3.00682e-12  1.41879e-41
5.749363050e-01  3.0278757e-12  3.02788e-12  3.02788e-12  2.10947e-41
5.778109865e-01  3.0488614e-12  3.04886e-12  3.04886e-12  3.12991e-41
5.807000414e-01  3.0700656e-12  3.07007e-12  3.07007e-12  4.63427e-41
5.836035417e-01  3.0920771e-12  3.09208e-12  3.09208e-12  6.84678e-41
5.865215594e-01  3.1140289e-12  3.11403e-12  3.11403e-12  1.00951e-40
5.894541672e-01  3.1358204e-12  3.13582e-12  3.13582e-12  1.48546e-40
5.924014380e-01  3.1582427e-12  3.15824e-12  3.15824e-12  2.18119e-40
5.953634452e-01  3.1806073e-12  3.18061e-12  3.18061e-12  3.19636e-40
5.983402624e-01  3.2029124e-12  3.20291e-12  3.20291e-12  4.67470e-40
6.013319637e-01  3.2274834e-12  3.22748e-12  3.22748e-12  6.82093e-40
6.043386235e-01  3.2550728e-12  3.25507e-12  3.25507e-12  9.92854e-40
6.073603167e-01  3.2825582e-12  3.28256e-12  3.28256e-12  1.44238e-39
6.103971182e-01  3.3105529e-12  3.31055e-12  3.31055e-12  2.09120e-39
6.134491038e-01  3.3420665e-12  3.34207e-12  3.34207e-12  3.02445e-39
6.165163494e-01  3.3735099e-12  3.37351e-12  3.37351e-12  4.36579e-39
6.195989311e-01  3.4049826e-12  3.40498e-12  3.40498e-12  6.28988e-39
6.226969258e-01  3.4382708e-12  3.43827e-12  3.43827e-12  9.04230e-39
6.258104104e-01  3.4717060e-12  3.47171e-12  3.47171e-12  1.29742e-38
6.289394624e-01  3.5052857e-12  3.50529e-12  3.50529e-12  1.85801e-38
6.320841597e-01  3.5364407e-12  3.53644e-12  3.53644e-12  2.65672e-38
6.352445805e-01  3.5662046e-12  3.56620e-12  3.56620e-12  3.79236e-38
6.384208035e-01  3.5959575e-12  3.59596e-12  3.59596e-12  5.40332e-38
6.416129075e-01  3.6231992e-12  3.62320e-12  3.62320e-12  7.68695e-38
6.448209720e-01  3.6477818e-12  3.64778e-12  3.64778e-12  1.09194e-37
6.480450769e-01  3.6722956e-12  3.67230e-12  3.67230e-12  1.54826e-37
6.512853022e-01  3.6947568e-12  3.69476e-12  3.69476e-12  2.19185e-37
6.545417288e-01  3.7141413e-12  3.71414e-12  3.71414e-12  3.09859e-37
6.578144374e-01  3.7332954e-12  3.73330e-12  3.73330e-12  4.37254e-37
6.611035096e-01  3.7521049e-12  3.75210e-12  3.75210e-12  6.15934e-37
6.644090271e-01  3.7704538e-12  3.77045e-12  3.77045e-12  8.66111e-37
6.677310723e-01  3.7884492e-12  3.78845e-12  3.78845e-12  1.21577e-36
6.710697276e-01  3.8084593e-12  3.80846e-12  3.80846e-12  1.70306e-36
6.744250763e-01  3.8328896e-12  3.83289e-12  3.83289e-12  2.38001e-36
6.777972017e-01  3.8572387e-12  3.85724e-12  3.85724e-12  3.32018e-36
6.811861877e-01  3.8775053e-12  3.87751e-12  3.87751e-12  4.62608e-36
6.845921186e-01  3.8902019e-12  3.89020e-12  3.89020e-12  6.44073e-36
6.880150792e-01  3.9027274e-12  3.90273e-12  3.90273e-12  8.95165e-36
6.914551546e-01  3.9145044e-12  3.91450e-12  3.91450e-12  1.24209e-35
6.949124304e-01  3.9257590e-12  3.92576e-12  3.92576e-12  1.72060e-35
6.983869925e-01  3.9367206e-12  3.93672e-12  3.93672e-12  2.37941e-35
7.018789275e-01  3.9473885e-12  3.94739e-12  3.94739e-12  3.28493e-35
7.053883221e-01  3.9581133e-12  3.95811e-12  3.95811e-12  4.52725e-35
7.089152637e-01  3.9684280e-12  3.96843e-12  3.96843e-12  6.22910e-35
7.124598400e-01  3.9707925e-12  3.97079e-12  3.97079e-12  8.56486e-35
7.160221392e-01  3.9692729e-12  3.96927e-12  3.96927e-12  1.17623e-34
7.196022499e-01  3.9675125e-12  3.96751e-12  3.96751e-12  1.61267e-34
7.232002612e-01  3.9651581e-12  3.96516e-12  3.96516e-12  2.20748e-34
7.268162625e-01  3.9624480e-12  3.96245e-12  3.96245e-12  3.01677e-34
7.304503438e-01  3.9526949e-12  3.95269e-12  3.95269e-12  4.11951e-34
7.341025955e-01  3.8951277e-12  3.89513e-12  3.89513e-12  5.64939e-34
7.377731085e-01  3.8365807e-12  3.83658e-12  3.83658e-12  7.73483e-34
7.414619740e-01  3.7769448e-12  3.77694e-12  3.77694e-12  1.05731e-33
7.451692839e-01  3.7159895e-12  3.71599e-12  3.71599e-12  1.44301e-33
7.488951303e-01  3.6540869e-12  3.65409e-12  3.65409e-12  1.96626e-33
7.526396060e-01  3.5776762e-12  3.57768e-12  3.57768e-12  2.67921e-33
7.564028040e-01  3.4945772e-12  3.49458e-12  3.49458e-12  3.64718e-33
7.601848180e-01  3.4101245e-12  3.41012e-12  3.41012e-12  4.95701e-33
7.639857421e-01  3.3181141e-12  3.31811e-12  3.31811e-12  6.73135e-33
7.678056708e-01  3.2250005e-12  3.22500e-12  3.22500e-12  9.12609e-33
7.716446992e-01  3.1277418e-12  3.12774e-12  3.12774e-12  1.23571e-32
7.755029227e-01  3.0251140e-12  3.02511e-12  3.02511e-12  1.67131e-32
7.793804373e-01  2.9214131e-12  2.92141e-12  2.92141e-12  2.25685e-32
7.832773395e-01  2.8172744e-12  2.81727e-12  2.81727e-12  3.04246e-32
7.871937262e-01  2.7123515e-12  2.71235e-12  2.71235e-12  4.09496e-32
7.911296948e-01  2.6091338e-12  2.60913e-12  2.60913e-12  5.50135e-32
7.950853433e-01  2.5117310e-12  2.51173e-12  2.51173e-12  7.37415e-32
7.990607700e-01  2.4135092e-12  2.41351e-12  2.41351e-12  9.86921e-32
8.030560739e-01  2.3153554e-12  2.31536e-12  2.31536e-12  1.31870e-31
8.070713542e-01  2.2164240e-12  2.21642e-12  2.21642e-12  1.75932e-31
8.111067110e-01  2.1229431e-12  2.12294e-12  2.12294e-12  2.34218e-31
8.151622446e-01  2.0451451e-12  2.04515e-12  2.04515e-12  3.10856e-31
8.192380558e-01  1.9665487e-12  1.96655e-12  1.96655e-12  4.11969e-31
8.233342461e-01  1.8962605e-12  1.89626e-12  1.89626e-12  5.44711e-31
8.274509173e-01  1.8273387e-12  1.82734e-12  1.82734e-12  7.19053e-31
8.315881719e-01  1.7620475e-12  1.76205e-12  1.76205e-12  9.47462e-31
8.357461127e-01  1.7026566e-12  1.70266e-12  1.70266e-12  1.24591e-30
8.399248433e-01  1.6429457e-12  1.64295e-12  1.64295e-12  1.63602e-30
8.441244675e-01  1.5889267e-12  1.58893e-12  1.58893e-12  2.14404e-30
8.483450899e-01  1.5344931e-12  1.53449e-12  1.53449e-12  2.80590e-30
8.525868153e-01  1.4860368e-12  1.48604e-12  1.48604e-12  3.66486e-30
8.568497494e-01  1.4411980e-12  1.44120e-12  1.44120e-12  4.77844e-30
8.611339981e-01  1.3979871e-12  1.39799e-12  1.39799e-12  6.22074e-30
8.654396681e-01  1.3596709e-12  1.35967e-12  1.35967e-12  8.08356e-30
8.697668665e-01  1.3211253e-12  1.32113e-12  1.32113e-12  1.04899e-29
8.741157008e-01  1.2936341e-12  1.29363e-12  1.29363e-12  1.35806e-29
8.784862793e-01  1.2665572e-12  1.26656e-12  1.26656e-12  1.75573e-29
8.828787107e-01  1.2420306e-12  1.24203e-12  1.24203e-12  2.26626e-29
8.872931042e-01  1.2185558e-12  1.21856e-12  1.21856e-12  2.92105e-29
8.917295698e-01  1.1981421e-12  1.19814e-12  1.19814e-12  3.75898e-29
8.961882176e-01  1.1822960e-12  1.18230e-12  1.18230e-12  4.82890e-29
9.006691587e-01  1.1662595e-12  1.16626e-12  1.16626e-12  6.19526e-29
9.051725045e-01  1.1495351e-12  1.14954e-12  1.14954e-12  7.93829e-29
9.096983670e-01  1.1326274e-12  1.13263e-12  1.13263e-12  1.01586e-28
9.142468589e-01  1.1273009e-12  1.12730e-12  1.12730e-12  1.29698e-28
9.188180931e-01  1.1226631e-12  1.12266e-12  1.12266e-12  1.65365e-28
9.234121836e-01  1.1222139e-12  1.12221e-12  1.12221e-12  2.10493e-28
9.280292445e-01  1.1230741e-12  1.12307e-12  1.12307e-12  2.67562e-28
9.326693908e-01  1.1282379e-12  1.12824e-12  1.12824e-12  3.39541e-28
9.373327377e-01  1.1366986e-12  1.13670e-12  1.13670e-12  4.30213e-28
9.420194014e-01  1.1463288e-12  1.14633e-12  1.14633e-12  5.44354e-28
9.467294984e-01  1.1577473e-12  1.15775e-12  1.15775e-12  6.87803e-28
9.514631459e-01  1.1718196e-12  1.17182e-12  1.17182e-12  8.67762e-28
9.562204616e-01  1.1915209e-12  1.19152e-12  1.19152e-12  1.09289e-27
9.610015639e-01  1.2136030e-12  1.21360e-12  1.21360e-12  1.37443e-27
9.658065718e-01  1.2442605e-12  1.24426e-12  1.24426e-12  1.72503e-27
9.706356046e-01  1.2760243e-12  1.27602e-12  1.27602e-12  2.16217e-27
9.754887826e-01  1.3148295e-12  1.31483e-12  1.31483e-12  2.70501e-27
9.803662265e-01  1.3543382e-12  1.35434e-12  1.35434e-12  3.37975e-27
9.852680577e-01  1.4010887e-12  1.40109e-12  1.40109e-12  4.21482e-27
9.901943980e-01  1.4482612e-12  1.44826e-12  1.44826e-12  5.24954e-27
9.951453700e-01  1.5022533e-12  1.50225e-12  1.50225e-12  6.52614e-27
1.000121097e+00  1.5566310e-12  1.55663e-12  1.55663e-12  8.10292e-27
1.005121702e+00  1.6271098e-12  1.62711e-12  1.62711e-12  1.00332e-26
1.010147311e+00  1.6979065e-12  1.69791e-12  1.69791e-12  1.24074e-26
1.015198047e+00  1.7796643e-12  1.77966e-12  1.77966e-12  1.53084e-26
1.020274038e+00  1.8619250e-12  1.86192e-12  1.86192e-12  1.88629e-26
1.025375408e+00  1.9530968e-12  1.95310e-12  1.95310e-12  2.31935e-26
1.030502285e+00  2.0454429e-12  2.04544e-12  2.04544e-12  2.84787e-26
1.035654796e+00  2.1491624e-12  2.14916e-12  2.14916e-12  3.48842e-26
1.040833070e+00  2.2539779e-12  2.25398e-12  2.25398e-12  4.26701e-26
1.046037236e+00  2.3649580e-12  2.36496e-12  2.36496e-12  5.20929e-26
1.051267422e+00  2.4772116e-12  2.47721e-12  2.47721e-12  6.35042e-26
1.056523759e+00  2.5927664e-12  2.59277e-12  2.59277e-12  7.72856e-26
1.061806378e+00  2.7090543e-12  2.70905e-12  2.70905e-12  9.39246e-26
1.067115410e+00  2.8264133e-12  2.82641e-12  2.82641e-12  1.13979e-25
1.072450987e+00  2.9402582e-12  2.94026e-12  2.94026e-12  1.38183e-25
1.077813242e+00  3.0501140e-12  3.05011e-12  3.05011e-12  1.67375e-25
1.083202308e+00  3.1527629e-12  3.15276e-12  3.15276e-12  2.02631e-25
1.088618319e+00  3.2503821e-12  3.25038e-12  3.25038e-12  2.45134e-25
1.094061411e+00  3.3413246e-12  3.34132e-12  3.34132e-12  2.96398e-25
1.099531718e+00  3.4298942e-12  3.42989e-12  3.42989e-12  3.58025e-25
1.105029377e+00  3.5106476e-12  3.51065e-12  3.51065e-12  4.32322e-25
1.110554523e+00  3.5885880e-12  3.58859e-12  3.58859e-12  5.21564e-25
1.116107296e+00  3.6480545e-12  3.64805e-12  3.64805e-12  6.29878e-25
1.121687832e+00  3.7063316e-12  3.70633e-12  3.70633e-12  7.59897e-25
1.127296272e+00  3.7618953e-12  3.76190e-12  3.76190e-12  9.15984e-25
1.132932753e+00  3.8031833e-12  3.80318e-12  3.80318e-12  1.10484e-24
1.138597417e+00  3.8312332e-12  3.83123e-12  3.83123e-12  1.33338e-24
1.144290404e+00  3.8628903e-12  3.86289e-12  3.86289e-12  1.60667e-24
1.150011856e+00  3.8955691e-12  3.89557e-12  3.89557e-12  1.93358e-24
1.155761915e+00  3.9136438e-12  3.91364e-12  3.91364e-12  2.32888e-24
1.161540725e+00  3.9289951e-12  3.92900e-12  3.92900e-12  2.80299e-24
1.167348428e+00  3.9373887e-12  3.93739e-12  3.93739e-12  3.37314e-24
1.173185171e+00  3.9479401e-12  3.94794e-12  3.94794e-12  4.05384e-24
1.179051096e+00  3.9601712e-12  3.96017e-12  3.96017e-12  4.86571e-24
1.184946352e+00  3.9646052e-12  3.96461e-12  3.96461e-12  5.84021e-24
1.190871084e+00  3.9667645e-12  3.96676e-12  3.96676e-12  7.00482e-24
1.196825439e+00  3.9654231e-12  3.96542e-12  3.96542e-12  8.39707e-24
1.202809566e+00  3.9688561e-12  3.96886e-12  3.96886e-12  1.00493e-23
1.208823614e+00  3.9775805e-12  3.97758e-12  3.97758e-12  1.20057e-23
1.214867732e+00  3.9804362e-12  3.98044e-12  3.98044e-12  1.43401e-23
1.220942071e+00  3.9817283e-12  3.98173e-12  3.98173e-12  1.71148e-23
1.227046781e+00  3.9824742e-12  3.98247e-12  3.98247e-12  2.04076e-23
1.233182015e+00  3.9792344e-12  3.97923e-12  3.97923e-12  2.43234e-23
1.239347925e+00  3.9723804e-12  3.97238e-12  3.97238e-12  2.89768e-23
1.245544665e+00  3.9680183e-12  3.96802e-12  3.96802e-12  3.44748e-23
1.251772388e+00  3.9633733e-12  3.96337e-12  3.96337e-12  4.09777e-23
1.258031250e+00  3.9574620e-12  3.95746e-12  3.95746e-12  4.86691e-23
1.264321406e+00  3.9518264e-12  3.95183e-12  3.95183e-12  5.77463e-23
1.270643013e+00  3.9453757e-12  3.94538e-12  3.94538e-12  6.84591e-23
1.276996228e+00  3.9326975e-12  3.93270e-12  3.93270e-12  8.11553e-23
1.283381209e+00  3.9226102e-12  3.92261e-12  3.92261e-12  9.60798e-23
1.289798116e+00  3.9146558e-12  3.91466e-12  3.91466e-12  1.13607e-22
1.296247106e+00  3.9000181e-12  3.90002e-12  3.90002e-12  1.34338e-22
1.302728342e+00  3.8831528e-12  3.88315e-12  3.88315e-12  1.58757e-22
1.309241983e+00  3.8636607e-12  3.86366e-12  3.86366e-12  1.87516e-22
1.315788193e+00  3.8446482e-12  3.84465e-12  3.84465e-12  2.21269e-22
1.322367134e+00  3.8250558e-12  3.82506e-12  3.82506e-12  2.60883e-22
1.328978970e+00  3.8046817e-12  3.80468e-12  3.80468e-12  3.07350e-22
1.335623865e+00  3.7728493e-12  3.77285e-12  3.77285e-12  3.62390e-22
1.342301984e+00  3.7379423e-12  3.73794e-12  3.73794e-12  4.27106e-22
1.349013494e+00  3.7013528e-12  3.70135e-12  3.70135e-12  5.03067e-22
1.355758561e+00  3.6467480e-12  3.64675e-12  3.64675e-12  5.93618e-22
1.362537354e+00  3.6007485e-12  3.60075e-12  3.60075e-12  6.98966e-22
1.369350041e+00  3.5745510e-12  3.57455e-12  3.57455e-12  8.19879e-22
1.376196791e+00  3.5157632e-12  3.51576e-12  3.51576e-12  9.65573e-22
1.383077775e+00  3.4708249e-12  3.47082e-12  3.47082e-12  1.13385e-21
1.389993164e+00  3.4469713e-12  3.44697e-12  3.44697e-12  1.32615e-21
1.396943130e+00  3.3657878e-12  3.36579e-12  3.36579e-12  1.56307e-21
1.403927846e+00  3.3023121e-12  3.30231e-12  3.30231e-12  1.83591e-21
1.410947485e+00  3.2506205e-12  3.25062e-12  3.25062e-12  2.15081e-21
1.418002222e+00  3.1849532e-12  3.18495e-12  3.18495e-12  2.52286e-21
1.425092233e+00  3.1241567e-12  3.12416e-12  3.12416e-12  2.95470e-21
1.432217694e+00  3.0614579e-12  3.06146e-12  3.06146e-12  3.45859e-21
1.439378783e+00  2.9904975e-12  2.99050e-12  2.99050e-12  4.04999e-21
1.446575677e+00  2.9207954e-12  2.92080e-12  2.92080e-12  4.73778e-21
1.453808555e+00  2.8512726e-12  2.85127e-12  2.85127e-12  5.53771e-21
1.461077598e+00  2.7815486e-12  2.78155e-12  2.78155e-12  6.46768e-21
1.468382986e+00  2.7105737e-12  2.71057e-12  2.71057e-12  7.54911e-21
1.475724901e+00  2.6405867e-12  2.64059e-12  2.64059e-12  8.80308e-21
1.483103525e+00  2.5720625e-12  2.57206e-12  2.57206e-12  1.02551e-20
1.490519043e+00  2.5050862e-12  2.50509e-12  2.50509e-12  1.19345e-20
1.497971638e+00  2.4358541e-12  2.43585e-12  2.43585e-12  1.38826e-20
1.505461496e+00  2.3671440e-12  2.36714e-12  2.36714e-12  1.61348e-20
1.512988804e+00  2.2996161e-12  2.29962e-12  2.29962e-12  1.87349e-20
1.520553748e+00  2.2334505e-12  2.23345e-12  2.23345e-12  2.17331e-20
1.528156517e+00  2.1678934e-12  2.16789e-12  2.16789e-12  2.51898e-20
1.535797299e+00  2.1063700e-12  2.10637e-12  2.10637e-12  2.91577e-20
1.543476286e+00  2.0449631e-12  2.04496e-12  2.04496e-12  3.37248e-20
1.551193667e+00  1.9829468e-12  1.98295e-12  1.98295e-12  3.89815e-20
1.558949636e+00  1.9264490e-12  1.92645e-12  1.92645e-12  4.49896e-20
1.566744384e+00  1.8675935e-12  1.86759e-12  1.86759e-12  5.19027e-20
1.574578106e+00  1.8087714e-12  1.80877e-12  1.80877e-12  5.98339e-20
1.582450996e+00  1.7517876e-12  1.75179e-12  1.75179e-12  6.89095e-20
1.590363251e+00  1.6978743e-12  1.69787e-12  1.69787e-12  7.92708e-20
1.598315067e+00  1.6470820e-12  1.64708e-12  1.64708e-12  9.10855e-20
1.606306643e+00  1.5980440e-12  1.59804e-12  1.59804e-12  1.04561e-19
1.614338176e+00  1.5496850e-12  1.54968e-12  1.54968e-12  1.19935e-19
1.622409867e+00  1.5015640e-12  1.50156e-12  1.50156e-12  1.37467e-19
1.630521916e+00  1.4541200e-12  1.45412e-12  1.45412e-12  1.57438e-19
1.638674526e+00  1.4128081e-12  1.41281e-12  1.41281e-12  1.80033e-19
1.646867898e+00  1.3715059e-12  1.37151e-12  1.37151e-12  2.05727e-19
1.655102238e+00  1.3317626e-12  1.33176e-12  1.33176e-12  2.34877e-19
1.663377749e+00  1.2957766e-12  1.29578e-12  1.29578e-12  2.67835e-19
1.671694638e+00  1.2608646e-12  1.26086e-12  1.26086e-12  3.05164e-19
1.680053111e+00  1.2143607e-12  1.21436e-12  1.21436e-12  3.48019e-19
1.688453377e+00  1.1861601e-12  1.18616e-12  1.18616e-12  3.95621e-19
1.696895643e+00  1.1547760e-12  1.15478e-12  1.15478e-12  4.49631e-19
1.705380122e+00  1.1218418e-12  1.12184e-12  1.12184e-12  5.10783e-19
1.713907022e+00  1.0911844e-12  1.09118e-12  1.09118e-12  5.79683e-19
1.722476557e+00  1.0635101e-12  1.06351e-12  1.06351e-12  6.57168e-19
1.731088940e+00  1.0362435e-12  1.03624e-12  1.03624e-12  7.44478e-19
1.739744385e+00  1.0110869e-12  1.01109e-12  1.01109e-12  8.42585e-19
1.748443107e+00  9.8760543e-13  9.87605e-13  9.87604e-13  9.52774e-19
1.757185322e+00  9.6288492e-13  9.62885e-13  9.62884e-13  1.07686e-18
1.765971249e+00  9.4102075e-13  9.41021e-13  9.41020e-13  1.21583e-18
1.774801105e+00  9.2101581e-13  9.21016e-13  9.21014e-13  1.37148e-18
1.783675111e+00  9.0157903e-13  9.01579e-13  9.01577e-13  1.54594e-18
1.792593486e+00  8.8286063e-13  8.82861e-13  8.82859e-13  1.74130e-18
1.801556454e+00  8.6477317e-13  8.64773e-13  8.64771e-13  1.95992e-18
1.810564236e+00  8.4839457e-13  8.48395e-13  8.48392e-13  2.20404e-18
1.819617057e+00  8.3277247e-13  8.32772e-13  8.32770e-13  2.47673e-18
1.828715142e+00  8.1712938e-13  8.17129e-13  8.17127e-13  2.78141e-18
1.837858718e+00  8.0581300e-13  8.05813e-13  8.05810e-13  3.11964e-18
1.847048012e+00  7.9685518e-13  7.96855e-13  7.96852e-13  3.49558e-18
1.856283252e+00  7.8546970e-13  7.85470e-13  7.85466e-13  3.91577e-18
1.865564668e+00  7.7447174e-13  7.74472e-13  7.74467e-13  4.38349e-18
1.874892491e+00  7.6400494e-13  7.64005e-13  7.64000e-13  4.90365e-18
1.884266954e+00  7.5428341e-13  7.54283e-13  7.54278e-13  5.48153e-18
1.893688289e+00  7.4706085e-13  7.47061e-13  7.47055e-13  6.12143e-18
1.903156730e+00  7.4046558e-13  7.40466e-13  7.40459e-13  6.83118e-18
1.912672514e+00  7.3303353e-13  7.33034e-13  7.33026e-13  7.61952e-18
1.922235876e+00  7.2795946e-13  7.27959e-13  7.27951e-13  8.49059e-18
1.931847056e+00  7.2419619e-13  7.24196e-13  7.24187e-13  9.45355e-18
1.941506291e+00  7.1957920e-13  7.19579e-13  7.19569e-13  1.05207e-17
1.951213822e+00  7.1752937e-13  7.17529e-13  7.17518e-13  1.16966e-17
1.960969892e+00  7.1567346e-13  7.15673e-13  7.15660e-13  1.29956e-17
1.970774741e+00  7.1498887e-13  7.14989e-13  7.14974e-13  1.44274e-17
1.980628615e+00  7.1615026e-13  7.16150e-13  7.16134e-13  1.60026e-17
1.990531758e+00  7.1780824e-13  7.17808e-13  7.17791e-13  1.77377e-17
2.000484417e+00  7.1816486e-13  7.18165e-13  7.18145e-13  1.96532e-17
2.010486839e+00  7.2031939e-13  7.20319e-13  7.20298e-13  2.17562e-17
2.020539273e+00  7.2654688e-13  7.26547e-13  7.26523e-13  2.40536e-17
2.030641969e+00  7.2772601e-13  7.27726e-13  7.27699e-13  2.65999e-17
2.040795179e+00  7.3454722e-13  7.34547e-13  7.34518e-13  2.93705e-17
2.050999155e+00  7.3937234e-13  7.39372e-13  7.39340e-13  3.24212e-17
2.061254151e+00  7.4727050e-13  7.47271e-13  7.47235e-13  3.57487e-17
2.071560421e+00  7.5456287e-13  7.54563e-13  7.54523e-13  3.93982e-17
2.081918224e+00  7.6367828e-13  7.63678e-13  7.63635e-13  4.33806e-17
2.092327815e+00  7.7224144e-13  7.72241e-13  7.72194e-13  4.77416e-17
2.102789454e+00  7.8400446e-13  7.84004e-13  7.83952e-13  5.24801e-17
2.113303401e+00  7.9428639e-13  7.94286e-13  7.94229e-13  5.76692e-17
2.123869918e+00  8.0445136e-13  8.04451e-13  8.04388e-13  6.33350e-17
2.134489268e+00  8.1639839e-13  8.16398e-13  8.16329e-13  6.94936e-17
2.145161714e+00  8.2770069e-13  8.27701e-13  8.27624e-13  7.62144e-17
2.155887523e+00  8.4067996e-13  8.40680e-13  8.40596e-13  8.35096e-17
2.166666960e+00  8.5325253e-13  8.53253e-13  8.53161e-13  9.14552e-17
2.177500295e+00  8.6431365e-13  8.64314e-13  8.64214e-13  1.00126e-16
2.188387796e+00  8.7591190e-13  8.75912e-13  8.75802e-13  1.09543e-16
2.199329735e+00  8.9016401e-13  8.90164e-13  8.90044e-13  1.19714e-16
2.210326384e+00  9.0634974e-13  9.06350e-13  9.06219e-13  1.30702e-16
2.221378016e+00  9.2208563e-13  9.22086e-13  9.21943e-13  1.42625e-16
2.232484906e+00  9.3743686e-13  9.37437e-13  9.37281e-13  1.55554e-16
2.243647331e+00  9.5228924e-13  9.52289e-13  9.52120e-13  1.69570e-16
2.254865567e+00  9.6888591e-13  9.68886e-13  9.68701e-13  1.84674e-16
2.266139895e+00  9.8502553e-13  9.85026e-13  9.84825e-13  2.01021e-16
2.277470595e+00  9.9995892e-13  9.99959e-13  9.99740e-13  2.18740e-16
2.288857948e+00  1.0139377e-12  1.01394e-12  1.01370e-12  2.37927e-16
2.300302237e+00  1.0316751e-12  1.03168e-12  1.03142e-12  2.58438e-16
2.311803748e+00  1.0470608e-12  1.04706e-12  1.04678e-12  2.80690e-16
2.323362767e+00  1.0600260e-12  1.06003e-12  1.05972e-12  3.04838e-16
2.334979581e+00  1.0737035e-12  1.07370e-12  1.07337e-12  3.30820e-16
2.346654479e+00  1.0882986e-12  1.08830e-12  1.08794e-12  3.58735e-16
2.358387751e+00  1.1005789e-12  1.10058e-12  1.10019e-12  3.88980e-16
2.370179690e+00  1.1137224e-12  1.11372e-12  1.11330e-12  4.21450e-16
2.382030589e+00  1.1277630e-12  1.12776e-12  1.12731e-12  4.56274e-16
2.393940742e+00  1.1394803e-12  1.13948e-12  1.13899e-12  4.93956e-16
2.405910445e+00  1.1486504e-12  1.14865e-12  1.14812e-12  5.34768e-16
2.417939997e+00  1.1616326e-12  1.16163e-12  1.16105e-12  5.78106e-16
2.430029697e+00  1.1684697e-12  1.16847e-12  1.16784e-12  6.25527e-16
2.442179846e+00  1.1764051e-12  1.17641e-12  1.17573e-12  6.76291e-16
2.454390745e+00  1.1816447e-12  1.18164e-12  1.18091e-12  7.31266e-16
2.466662699e+00  1.1839833e-12  1.18398e-12  1.18319e-12  7.90863e-16
2.478996012e+00  1.1850294e-12  1.18503e-12  1.18417e-12  8.55159e-16
2.491390992e+00  1.1920878e-12  1.19209e-12  1.19117e-12  9.22808e-16
2.503847947e+00  1.1965823e-12  1.19658e-12  1.19559e-12  9.95934e-16
2.516367187e+00  1.2002839e-12  1.20028e-12  1.19921e-12  1.07452e-15
2.528949023e+00  1.2001479e-12  1.20015e-12  1.19899e-12  1.15988e-15
2.541593768e+00  1.2009876e-12  1.20099e-12  1.19974e-12  1.25109e-15
2.554301737e+00  1.2037712e-12  1.20377e-12  1.20242e-12  1.34811e-15
2.567073246e+00  1.2069343e-12  1.20693e-12  1.20548e-12  1.45178e-15
2.579908612e+00  1.2087131e-12  1.20871e-12  1.20715e-12  1.56323e-15
2.592808155e+00  1.2103951e-12  1.21040e-12  1.20871e-12  1.68245e-15
2.605772196e+00  1.2110691e-12  1.21107e-12  1.20926e-12  1.81038e-15
2.618801057e+00  1.2111381e-12  1.21114e-12  1.20919e-12  1.94744e-15
2.631895062e+00  1.2076793e-12  1.20768e-12  1.20558e-12  2.09598e-15
2.645054537e+00  1.2051416e-12  1.20514e-12  1.20289e-12  2.25422e-15
2.658279810e+00  1.1962259e-12  1.19623e-12  1.19380e-12  2.42776e-15
2.671571209e+00  1.1830185e-12  1.18302e-12  1.18040e-12  2.61680e-15
2.684929065e+00  1.1675474e-12  1.16755e-12  1.16473e-12  2.82128e-15
2.698353710e+00  1.1484050e-12  1.14840e-12  1.14536e-12  3.04381e-15
2.711845479e+00  1.1216438e-12  1.12164e-12  1.11835e-12  3.28997e-15
2.725404706e+00  1.0944087e-12  1.09441e-12  1.09085e-12  3.55524e-15
2.739031730e+00  1.0653775e-12  1.06538e-12  1.06153e-12  3.84253e-15
2.752726889e+00  1.0314512e-12  1.03145e-12  1.02729e-12  4.15753e-15
2.766490523e+00  1.0013223e-12  1.00132e-12  9.96831e-13  4.49174e-15
2.780322976e+00  9.7142234e-13  9.71422e-13  9.66572e-13  4.85079e-15
2.794224591e+00  9.4617282e-13  9.46173e-13  9.40943e-13  5.22953e-15
2.808195713e+00  9.2556278e-13  9.25563e-13  9.19935e-13  5.62816e-15
2.822236692e+00  9.0915293e-13  9.09153e-13  9.03105e-13  6.04746e-15
2.836347875e+00  8.9228059e-13  8.92281e-13  8.85784e-13  6.49656e-15
2.850529615e+00  8.7886999e-13  8.78870e-13  8.71901e-13  6.96927e-15
2.864782263e+00  8.6663727e-13  8.66637e-13  8.59166e-13  7.47100e-15
2.879106174e+00  8.5489821e-13  8.54898e-13  8.46893e-13  8.00473e-15
2.893501705e+00  8.4442655e-13  8.44427e-13  8.35856e-13  8.57014e-15
2.907969214e+00  8.3523863e-13  8.35239e-13  8.26070e-13  9.16853e-15
2.922509060e+00  8.2743072e-13  8.27431e-13  8.17630e-13  9.80091e-15
2.937121605e+00  8.1824693e-13  8.18247e-13  8.07769e-13  1.04775e-14
2.951807213e+00  8.1114744e-13  8.11147e-13  7.99958e-13  1.11895e-14
2.966566249e+00  8.0367888e-13  8.03679e-13  7.91732e-13  1.19469e-14
2.981399080e+00  7.9812741e-13  7.98127e-13  7.85384e-13  1.27431e-14
2.996306076e+00  7.9468584e-13  7.94686e-13  7.81108e-13  1.35783e-14
3.011287606e+00  7.9087851e-13  7.90879e-13  7.76414e-13  1.44644e-14
3.026344044e+00  7.8805751e-13  7.88058e-13  7.72660e-13  1.53978e-14
3.041475764e+00  7.8415376e-13  7.84154e-13  7.67763e-13  1.63911e-14
3.056683143e+00  7.8021430e-13  7.80214e-13  7.62772e-13  1.74425e-14
3.071966559e+00  7.7568453e-13  7.75685e-13  7.57126e-13  1.85582e-14
3.087326392e+00  7.7221400e-13  7.72214e-13  7.52483e-13  1.97314e-14
3.102763024e+00  7.6875338e-13  7.68753e-13  7.47782e-13  2.09713e-14
3.118276839e+00  7.6618249e-13  7.66182e-13  7.43908e-13  2.22745e-14
3.133868223e+00  7.6390663e-13  7.63907e-13  7.40259e-13  2.36479e-14
3.149537564e+00  7.6296357e-13  7.62964e-13  7.37878e-13  2.50855e-14
3.165285252e+00  7.6062407e-13  7.60624e-13  7.34010e-13  2.66143e-14
3.181111678e+00  7.5925524e-13  7.59255e-13  7.31038e-13  2.82169e-14
3.197017237e+00  7.5730086e-13  7.57301e-13  7.27389e-13  2.99120e-14
3.213002323e+00  7.5630689e-13  7.56307e-13  7.24620e-13  3.16873e-14
3.229067334e+00  7.5439999e-13  7.54400e-13  7.20832e-13  3.35678e-14
3.245212671e+00  7.5379043e-13  7.53790e-13  7.18259e-13  3.55313e-14
3.261438734e+00  7.5215555e-13  7.52156e-13  7.14544e-13  3.76117e-14
3.277745928e+00  7.5167157e-13  7.51672e-13  7.11888e-13  3.97839e-14
3.294134658e+00  7.4946269e-13  7.49463e-13  7.07367e-13  4.20956e-14
3.310605331e+00  7.4785150e-13  7.47852e-13  7.03334e-13  4.45179e-14
3.327158358e+00  7.4595095e-13  7.45951e-13  6.98880e-13  4.70705e-14
3.343794149e+00  7.4368102e-13  7.43681e-13  6.93919e-13  4.97620e-14
3.360513120e+00  7.4192532e-13  7.41925e-13  6.89344e-13  5.25816e-14
3.377315686e+00  7.4033112e-13  7.40331e-13  6.84790e-13  5.55414e-14
3.394202264e+00  7.3859023e-13  7.38590e-13  6.79935e-13  5.86548e-14
3.411173276e+00  7.3712205e-13  7.37122e-13  6.75203e-13  6.19189e-14
3.428229142e+00  7.3670059e-13  7.36701e-13  6.71382e-13  6.53189e-14
3.445370288e+00  7.3446912e-13  7.34469e-13  6.65530e-13  6.89387e-14
3.462597139e+00  7.3254729e-13  7.32547e-13  6.59816e-13  7.27315e-14
3.479910125e+00  7.3055036e-13  7.30550e-13  6.53834e-13  7.67167e-14
3.497309675e+00  7.2923508e-13  7.29235e-13  6.48358e-13  8.08774e-14
3.514796224e+00  7.2771557e-13  7.27716e-13  6.42464e-13  8.52513e-14
3.532370205e+00  7.2612904e-13  7.26129e-13  6.36285e-13  8.98442e-14
3.550032056e+00  7.2521143e-13  7.25211e-13  6.30575e-13  9.46361e-14
3.567782216e+00  7.2362229e-13  7.23622e-13  6.23930e-13  9.96922e-14
3.585621127e+00  7.2187804e-13  7.21878e-13  6.16873e-13  1.05005e-13
3.603549233e+00  7.2080865e-13  7.20809e-13  6.10262e-13  1.10546e-13
3.621566979e+00  7.2005361e-13  7.20054e-13  6.03711e-13  1.16342e-13
3.639674814e+00  7.1915976e-13  7.19160e-13  5.96732e-13  1.22428e-13
3.657873188e+00  7.1809867e-13  7.18099e-13  5.89277e-13  1.28822e-13
3.676162554e+00  7.1756242e-13  7.17562e-13  5.82068e-13  1.35495e-13
3.694543367e+00  7.1745060e-13  7.17451e-13  5.74986e-13  1.42464e-13
3.713016084e+00  7.1694155e-13  7.16942e-13  5.67140e-13  1.49801e-13
3.731581164e+00  7.1684360e-13  7.16844e-13  5.59378e-13  1.57465e-13
3.750239070e+00  7.1731995e-13  7.17320e-13  5.51863e-13  1.65457e-13
3.768990265e+00  7.1912593e-13  7.19126e-13  5.45406e-13  1.73720e-13
3.787835216e+00  7.2038895e-13  7.20389e-13  5.37960e-13  1.82429e-13
3.806774393e+00  7.2208392e-13  7.22084e-13  5.30568e-13  1.91516e-13
3.825808265e+00  7.2458440e-13  7.24584e-13  5.23626e-13  2.00958e-13
3.844937306e+00  7.2746334e-13  7.27463e-13  5.16652e-13  2.10811e-13
3.864161992e+00  7.3062133e-13  7.30621e-13  5.09517e-13  2.21104e-13
3.883482802e+00  7.3417304e-13  7.34173e-13  5.02330e-13  2.31843e-13
3.902900216e+00  7.3829601e-13  7.38296e-13  4.95273e-13  2.43023e-13
3.922414717e+00  7.4306934e-13  7.43069e-13  4.88420e-13  2.54649e-13
3.942026791e+00  7.4764706e-13  7.47647e-13  4.80784e-13  2.66863e-13
3.961736925e+00  7.5320239e-13  7.53202e-13  4.73686e-13  2.79516e-13
3.981545610e+00  7.5954058e-13  7.59541e-13  4.66892e-13  2.92649e-13
4.001453338e+00  7.6673008e-13  7.66730e-13  4.60467e-13  3.06263e-13
4.021460604e+00  7.7473263e-13  7.74733e-13  4.54357e-13  3.20375e-13
4.041567907e+00  7.8335219e-13  7.83352e-13  4.48312e-13  3.35040e-13
4.061775747e+00  7.9274318e-13  7.92743e-13  4.42500e-13  3.50243e-13
4.082084626e+00  8.0248901e-13  8.02489e-13  4.36392e-13  3.66097e-13
4.102495049e+00  8.1279472e-13  8.12795e-13  4.30209e-13  3.82585e-13
4.123007524e+00  8.2412984e-13  8.24130e-13  4.24517e-13  3.99613e-13
4.143622562e+00  8.3649052e-13  8.36491e-13  4.19303e-13  4.17188e-13
4.164340674e+00  8.4948270e-13  8.49483e-13  4.14051e-13  4.35432e-13
4.185162378e+00  8.6307742e-13  8.63077e-13  4.08693e-13  4.54384e-13
4.206088190e+00  8.7782520e-13  8.77825e-13  4.03936e-13  4.73889e-13
4.227118631e+00  8.9363159e-13  8.93632e-13  3.99653e-13  4.93979e-13
4.248254224e+00  9.0951338e-13  9.09513e-13  3.94474e-13  5.15039e-13
4.269495495e+00  9.2666601e-13  9.26666e-13  3.90014e-13  5.36652e-13
4.290842972e+00  9.4458465e-13  9.44585e-13  3.85553e-13  5.59032e-13
4.312297187e+00  9.6354049e-13  9.63540e-13  3.81461e-13  5.82079e-13
4.333858673e+00  9.8354622e-13  9.83546e-13  3.77753e-13  6.05793e-13
4.355527967e+00  1.0043652e-12  1.00437e-12  3.74056e-13  6.30310e-13
4.377305606e+00  1.0259653e-12  1.02597e-12  3.70284e-13  6.55681e-13
4.399192134e+00  1.0487428e-12  1.04874e-12  3.67051e-13  6.81692e-13
4.421188095e+00  1.0722652e-12  1.07227e-12  3.63635e-13  7.08630e-13
4.443294036e+00  1.0964618e-12  1.09646e-12  3.59855e-13  7.36607e-13
4.465510506e+00  1.1217518e-12  1.12175e-12  3.56396e-13  7.65356e-13
4.487838058e+00  1.1477490e-12  1.14775e-12  3.52521e-13  7.95228e-13
4.510277249e+00  1.1746513e-12  1.17465e-12  3.48521e-13  8.26130e-13
4.532828635e+00  1.2019463e-12  1.20195e-12  3.43264e-13  8.58682e-13
4.555492778e+00  1.2299994e-12  1.23000e-12  3.37296e-13  8.92703e-13
4.578270242e+00  1.2586048e-12  1.25860e-12  3.29949e-13  9.28655e-13
4.601161593e+00  1.2876568e-12  1.28766e-12  3.20618e-13  9.67039e-13
4.624167401e+00  1.3175992e-12  1.31760e-12  3.09952e-13  1.00765e-12
4.647288238e+00  1.3485881e-12  1.34859e-12  2.97950e-13  1.05064e-12
4.670524679e+00  1.3811789e-12  1.38118e-12  2.85823e-13  1.09536e-12
4.693877303e+00  1.4157448e-12  1.41574e-12  2.74630e-13  1.14111e-12
4.717346689e+00  1.4525803e-12  1.45258e-12  2.65637e-13  1.18694e-12
4.740933423e+00  1.4914653e-12  1.49147e-12  2.58588e-13  1.23288e-12
4.764638090e+00  1.5319602e-12  1.53196e-12  2.51967e-13  1.27999e-12
4.788461280e+00  1.5736798e-12  1.57368e-12  2.43312e-13  1.33037e-12
4.812403587e+00  1.6169888e-12  1.61699e-12  2.33451e-13  1.38354e-12
4.836465604e+00  1.6622669e-12  1.66227e-12  2.24775e-13  1.43749e-12
4.860647933e+00  1.7094614e-12  1.70946e-12  2.18071e-13  1.49139e-12
4.884951172e+00  1.7583813e-12  1.75838e-12  2.13536e-13  1.54485e-12
4.909375928e+00  1.8088455e-12  1.80885e-12  2.10001e-13  1.59884e-12
4.933922808e+00  1.8608756e-12  1.86088e-12  2.06130e-13  1.65475e-12
4.958592422e+00  1.9146086e-12  1.91461e-12  2.01486e-13  1.71312e-12
4.983385384e+00  1.9700245e-12  1.97002e-12  1.96974e-13  1.77305e-12
5.008302311e+00  2.0269676e-12  2.02697e-12  1.93347e-13  1.83362e-12
5.033343822e+00  2.0857664e-12  2.08577e-12  1.89100e-13  1.89667e-12
5.058510541e+00  2.1467365e-12  2.14674e-12  1.83686e-13  1.96305e-12
5.083803094e+00  2.2101534e-12  2.21015e-12  1.76990e-13  2.03316e-12
5.109222110e+00  2.2755675e-12  2.27557e-12  1.70605e-13  2.10496e-12
5.134768220e+00  2.3429889e-12  2.34299e-12  1.64510e-13  2.17848e-12
5.160442061e+00  2.4119957e-12  2.41200e-12  1.59448e-13  2.25255e-12
5.186244272e+00  2.4812743e-12  2.48127e-12  1.57279e-13  2.32400e-12
5.212175493e+00  2.5500635e-12  2.55006e-12  1.58352e-13  2.39171e-12
5.238236370e+00  2.6197930e-12  2.61979e-12  1.59969e-13  2.45982e-12
5.264427552e+00  2.6909572e-12  2.69096e-12  1.61406e-13  2.52955e-12
5.290749690e+00  2.7627496e-12  2.76275e-12  1.63600e-13  2.59915e-12
5.317203438e+00  2.8350525e-12  2.83505e-12  1.66501e-13  2.66855e-12
5.343789456e+00  2.9092554e-12  2.90926e-12  1.68632e-13  2.74062e-12
5.370508403e+00  2.9881762e-12  2.98818e-12  1.67658e-13  2.82052e-12
5.397360945e+00  3.0700495e-12  3.07005e-12  1.65654e-13  2.90440e-12
5.424347750e+00  3.1544332e-12  3.15443e-12  1.63173e-13  2.99126e-12
5.451469488e+00  3.2394061e-12  3.23941e-12  1.61709e-13  3.07770e-12
5.478726836e+00  3.3248251e-12  3.32483e-12  1.61191e-13  3.16363e-12
5.506120470e+00  3.4122756e-12  3.41228e-12  1.60456e-13  3.25182e-12
5.533651072e+00  3.5031642e-12  3.50316e-12  1.58702e-13  3.34446e-12
5.561319328e+00  3.6008233e-12  3.60082e-12  1.54219e-13  3.44660e-12
5.589125924e+00  3.7035119e-12  3.70351e-12  1.48399e-13  3.55511e-12
5.617071554e+00  3.8071504e-12  3.80715e-12  1.43550e-13  3.66360e-12
5.645156912e+00  3.9098327e-12  3.90983e-12  1.40464e-13  3.76937e-12
5.673382696e+00  4.0131354e-12  4.01314e-12  1.38179e-13  3.87496e-12
5.701749610e+00  4.1178542e-12  4.11785e-12  1.36244e-13  3.98161e-12
5.730258358e+00  4.2266513e-12  4.22665e-12  1.33520e-13  4.09313e-12
5.758909650e+00  4.3375040e-12  4.33750e-12  1.30926e-13  4.20658e-12
5.787704198e+00  4.4516588e-12  4.45166e-12  1.27986e-13  4.32367e-12
5.816642719e+00  4.5635627e-12  4.56356e-12  1.26745e-13  4.43682e-12
5.845725932e+00  4.6799271e-12  4.67993e-12  1.24694e-13  4.55523e-12
5.874954562e+00  4.7982224e-12  4.79822e-12  1.22770e-13  4.67545e-12
5.904329335e+00  4.9272897e-12  4.92729e-12  1.18209e-13  4.80908e-12
5.933850982e+00  5.0599709e-12  5.05997e-12  1.13494e-13  4.94648e-12
5.963520237e+00  5.1988446e-12  5.19884e-12  1.07924e-13  5.09092e-12
5.993337838e+00  5.3369582e-12  5.33696e-12  1.03522e-13  5.23344e-12
6.023304527e+00  5.4690245e-12  5.46902e-12  1.01549e-13  5.36748e-12
6.053421050e+00  5.6002603e-12  5.60026e-12  1.00411e-13  5.49985e-12
6.083688155e+00  5.7368965e-12  5.73690e-12  9.85071e-14  5.63839e-12
6.114106596e+00  5.8753144e-12  5.87531e-12  9.67707e-14  5.77854e-12
6.144677129e+00  6.0214192e-12  6.02142e-12  9.38709e-14  5.92755e-12
6.175400514e+00  6.1687599e-12  6.16876e-12  9.13286e-14  6.07743e-12
6.206277517e+00  6.3188396e-12  6.31884e-12  8.88003e-14  6.23004e-12
6.237308904e+00  6.4655128e-12  6.46551e-12  8.75096e-14  6.37800e-12
6.268495449e+00  6.6107480e-12  6.61075e-12  8.69481e-14  6.52380e-12
6.299837926e+00  6.7563602e-12  6.75636e-12  8.67036e-14  6.66966e-12
6.331337116e+00  6.9005057e-12  6.90051e-12  8.70682e-14  6.81344e-12
6.362993801e+00  7.0420497e-12  7.04205e-12  8.81691e-14  6.95388e-12
6.394808770e+00  7.1824096e-12  7.18241e-12  8.96913e-14  7.09272e-12
6.426782814e+00  7.3273448e-12  7.32734e-12  9.06697e-14  7.23668e-12
6.458916728e+00  7.4794036e-12  7.47940e-12  9.07640e-14  7.38864e-12
6.491211312e+00  7.6355668e-12  7.63557e-12  9.05083e-14  7.54506e-12
6.523667368e+00  7.8023404e-12  7.80234e-12  8.90047e-14  7.71334e-12
6.556285705e+00  7.9712388e-12  7.97124e-12  8.75517e-14  7.88369e-12
6.589067134e+00  8.1479767e-12  8.14798e-12  8.53815e-14  8.06260e-12
6.622012469e+00  8.3177092e-12  8.31771e-12  8.44851e-14  8.23322e-12
6.655122532e+00  8.4919348e-12  8.49193e-12  8.33023e-14  8.40863e-12
6.688398144e+00  8.6613100e-12  8.66131e-12  8.29907e-14  8.57832e-12
6.721840135e+00  8.8375265e-12  8.83753e-12  8.20979e-14  8.75543e-12
6.755449336e+00  9.0158516e-12  9.01585e-12  8.12140e-14  8.93464e-12
6.789226583e+00  9.1977941e-12  9.19779e-12  8.01721e-14  9.11762e-12
6.823172715e+00  9.3843621e-12  9.38436e-12  7.88792e-14  9.30548e-12
6.857288579e+00  9.5720607e-12  9.57206e-12  7.77184e-14  9.49434e-12
6.891575022e+00  9.7696096e-12  9.76961e-12  7.58072e-14  9.69380e-12
6.926032897e+00  9.9643925e-12  9.96439e-12  7.44351e-14  9.88996e-12
6.960663062e+00  1.0162352e-11  1.01624e-11  7.29967e-14  1.00894e-11
6.995466377e+00  1.0363432e-11  1.03634e-11  7.15034e-14  1.02919e-11
7.030443709e+00  1.0562450e-11  1.05625e-11  7.04178e-14  1.04920e-11
7.065595927e+00  1.0765509e-11  1.07655e-11  6.91811e-14  1.06963e-11
7.100923907e+00  1.0967380e-11  1.09674e-11  6.82413e-14  1.08991e-11
7.136428526e+00  1.1174054e-11  1.11741e-11  6.70882e-14  1.11070e-11
7.172110669e+00  1.1384095e-11  1.13841e-11  6.58523e-14  1.13182e-11
7.207971222e+00  1.1597211e-11  1.15972e-11  6.45624e-14  1.15326e-11
7.244011079e+00  1.1816268e-11  1.18163e-11  6.30109e-14  1.17533e-11
7.280231134e+00  1.2039784e-11  1.20398e-11  6.13261e-14  1.19785e-11
7.316632290e+00  1.2266395e-11  1.22664e-11  5.96148e-14  1.22068e-11
7.353215451e+00  1.2497748e-11  1.24977e-11  5.77679e-14  1.24400e-11
7.389981528e+00  1.2730009e-11  1.27300e-11  5.60501e-14  1.26740e-11
7.426931436e+00  1.2963071e-11  1.29631e-11  5.44586e-14  1.29086e-11
7.464066093e+00  1.3194711e-11  1.31947e-11  5.31225e-14  1.31416e-11
7.501386424e+00  1.3429681e-11  1.34297e-11  5.17322e-14  1.33779e-11
7.538893356e+00  1.3664594e-11  1.36646e-11  5.04923e-14  1.36141e-11
7.576587822e+00  1.3900700e-11  1.39007e-11  4.93186e-14  1.38514e-11
7.614470762e+00  1.4135797e-11  1.41358e-11  4.83293e-14  1.40875e-11
7.652543115e+00  1.4375188e-11  1.43752e-11  4.72194e-14  1.43280e-11
7.690805831e+00  1.4618235e-11  1.46182e-11  4.60315e-14  1.45722e-11
7.729259860e+00  1.4864101e-11  1.48641e-11  4.48146e-14  1.48193e-11
7.767906159e+00  1.5117362e-11  1.51174e-11  4.33391e-14  1.50740e-11
7.806745690e+00  1.5372230e-11  1.53722e-11  4.19095e-14  1.53303e-11
7.845779419e+00  1.5625193e-11  1.56252e-11  4.06907e-14  1.55845e-11
7.885008316e+00  1.5882096e-11  1.58821e-11  3.93932e-14  1.58427e-11
7.924433357e+00  1.6142518e-11  1.61425e-11  3.80418e-14  1.61045e-11
7.964055524e+00  1.6399904e-11  1.63999e-11  3.69317e-14  1.63630e-11
8.003875802e+00  1.6660519e-11  1.66605e-11  3.57731e-14  1.66247e-11
8.043895181e+00  1.6924907e-11  1.69249e-11  3.45459e-14  1.68904e-11
8.084114657e+00  1.7191570e-11  1.71916e-11  3.33166e-14  1.71583e-11
8.124535230e+00  1.7455931e-11  1.74559e-11  3.22695e-14  1.74237e-11
8.165157906e+00  1.7722044e-11  1.77220e-11  3.12315e-14  1.76908e-11
8.205983696e+00  1.7993311e-11  1.79933e-11  3.00707e-14  1.79632e-11
8.247013614e+00  1.8265632e-11  1.82656e-11  2.89491e-14  1.82367e-11
8.288248682e+00  1.8546762e-11  1.85468e-11  2.75793e-14  1.85192e-11
8.329689926e+00  1.8828286e-11  1.88283e-11  2.62793e-14  1.88020e-11
8.371338375e+00  1.9103974e-11  1.91040e-11  2.52619e-14  1.90787e-11
8.413195067e+00  1.9370944e-11  1.93709e-11  2.46059e-14  1.93463e-11
8.455261042e+00  1.9616906e-11  1.96169e-11  2.46961e-14  1.95922e-11
8.497537348e+00  1.9832513e-11  1.98325e-11  2.57858e-14  1.98067e-11
8.540025034e+00  1.9974753e-11  1.99748e-11  2.91772e-14  1.99456e-11
8.582725160e+00  1.9973737e-11  1.99737e-11  3.68916e-14  1.99368e-11
8.625638785e+00  1.9763270e-11  1.97633e-11  5.06535e-14  1.97126e-11
8.668766979e+00  1.9312710e-11  1.93127e-11  7.09658e-14  1.92417e-11
8.712110814e+00  1.8715914e-11  1.87159e-11  9.46459e-14  1.86213e-11
8.755671368e+00  1.8224623e-11  1.82246e-11  1.14272e-13  1.81104e-11
8.799449725e+00  1.8268274e-11  1.82683e-11  1.18102e-13  1.81502e-11
8.843446974e+00  1.8272742e-11  1.82727e-11  1.22807e-13  1.81499e-11
8.887664209e+00  1.8244303e-11  1.82443e-11  1.28159e-13  1.81161e-11
8.932102530e+00  1.8673945e-11  1.86739e-11  1.21270e-13  1.85527e-11
8.976763042e+00  1.9004153e-11  1.90042e-11  1.17182e-13  1.88870e-11
9.021646857e+00  1.9222036e-11  1.92220e-11  1.16044e-13  1.91060e-11
9.066755092e+00  1.9486389e-11  1.94864e-11  1.13779e-13  1.93726e-11
9.112088867e+00  1.9818808e-11  1.98188e-11  1.09936e-13  1.97089e-11
9.157649312e+00  2.0160852e-11  2.01609e-11  1.05990e-13  2.00549e-11
9.203437558e+00  2.0474451e-11  2.04745e-11  1.02826e-13  2.03716e-11
9.249454746e+00  2.0730898e-11  2.07309e-11  1.01048e-13  2.06298e-11
9.295702020e+00  2.0957574e-11  2.09576e-11  9.99658e-14  2.08576e-11
9.342180530e+00  2.1163762e-11  2.11638e-11  9.93376e-14  2.10644e-11
9.388891432e+00  2.1376769e-11  2.13768e-11  9.85552e-14  2.12782e-11
9.435835890e+00  2.1616359e-11  2.16164e-11  9.72150e-14  2.15191e-11
9.483015069e+00  2.1908327e-11  2.19083e-11  9.48225e-14  2.18135e-11
9.530430144e+00  2.2292661e-11  2.22927e-11  9.06383e-14  2.22020e-11
9.578082295e+00  2.2784099e-11  2.27841e-11  8.44780e-14  2.26996e-11
9.625972707e+00  2.3311448e-11  2.33114e-11  7.78291e-14  2.32336e-11
9.674102570e+00  2.3838171e-11  2.38382e-11  7.14137e-14  2.37668e-11
9.722473083e+00  2.4378249e-11  2.43782e-11  6.49631e-14  2.43133e-11
9.771085448e+00  2.4850016e-11  2.48500e-11  5.99677e-14  2.47900e-11
9.819940876e+00  2.5276371e-11  2.52764e-11  5.59407e-14  2.52204e-11
9.869040580e+00  2.5605943e-11  2.56059e-11  5.37296e-14  2.55522e-11
9.918385783e+00  2.5791172e-11  2.57912e-11  5.40523e-14  2.57371e-11
9.967977712e+00  2.5860379e-11  2.58604e-11  5.62916e-14  2.58041e-11
1.001781760e+01  2.5914107e-11  2.59141e-11  5.86764e-14  2.58554e-11
1.006790669e+01  2.6013715e-11  2.60137e-11  6.01990e-14  2.59535e-11
1.011824622e+01  2.6094436e-11  2.60944e-11  6.19377e-14  2.60325e-11
1.016883745e+01  2.6186486e-11  2.61865e-11  6.34054e-14  2.61231e-11
1.021968164e+01  2.6232282e-11  2.62323e-11  6.55012e-14  2.61668e-11
1.027078005e+01  2.6286109e-11  2.62861e-11  6.73692e-14  2.62187e-11
1.032213395e+01  2.6612438e-11  2.66124e-11  6.50911e-14  2.65473e-11
1.037374462e+01  2.7071606e-11  2.70716e-11  6.09215e-14  2.70107e-11
1.042561334e+01  2.7328990e-11  2.73290e-11  5.97577e-14  2.72692e-11
1.047774141e+01  2.7511932e-11  2.75119e-11  5.96510e-14  2.74523e-11
1.053013012e+01  2.7786169e-11  2.77862e-11  5.82519e-14  2.77279e-11
1.058278077e+01  2.8112210e-11  2.81122e-11  5.61636e-14  2.80560e-11
1.063569467e+01  2.8421673e-11  2.84217e-11  5.43362e-14  2.83673e-11
1.068887314e+01  2.8683746e-11  2.86837e-11  5.31625e-14  2.86306e-11
1.074231751e+01  2.8985168e-11  2.89852e-11  5.14880e-14  2.89337e-11
1.079602910e+01  2.9371710e-11  2.93717e-11  4.87559e-14  2.93230e-11
1.085000924e+01  2.9866013e-11  2.98660e-11  4.47359e-14  2.98213e-11
1.090425929e+01  3.0333925e-11  3.03339e-11  4.11426e-14  3.02928e-11
1.095878058e+01  3.0758992e-11  3.07590e-11  3.81556e-14  3.07208e-11
1.101357449e+01  3.1080122e-11  3.10801e-11  3.64738e-14  3.10436e-11
1.106864236e+01  3.1294374e-11  3.12944e-11  3.60692e-14  3.12583e-11
1.112398557e+01  3.1269857e-11  3.12699e-11  3.84002e-14  3.12315e-11
1.117960550e+01  3.1075800e-11  3.10758e-11  4.25506e-14  3.10332e-11
1.123550353e+01  3.0979688e-11  3.09797e-11  4.54480e-14  3.09342e-11
1.129168104e+01  3.1046415e-11  3.10464e-11  4.64365e-14  3.10000e-11
1.134813945e+01  3.1305929e-11  3.13059e-11  4.52806e-14  3.12606e-11
1.140488015e+01  3.1622353e-11  3.16224e-11  4.35253e-14  3.15788e-11
1.146190455e+01  3.1941966e-11  3.19420e-11  4.17617e-14  3.19002e-11
1.151921407e+01  3.2301980e-11  3.23020e-11  3.96064e-14  3.22624e-11
1.157681014e+01  3.2661330e-11  3.26613e-11  3.74951e-14  3.26238e-11
1.163469419e+01  3.2973967e-11  3.29740e-11  3.58870e-14  3.29381e-11
1.169286766e+01  3.3274333e-11  3.32743e-11  3.44203e-14  3.32399e-11
1.175133200e+01  3.3557780e-11  3.35578e-11  3.31344e-14  3.35246e-11
1.181008866e+01  3.3843870e-11  3.38439e-11  3.18342e-14  3.38120e-11
1.186913910e+01  3.4095963e-11  3.40960e-11  3.08658e-14  3.40651e-11
1.192848480e+01  3.4317571e-11  3.43176e-11  3.01821e-14  3.42874e-11
1.198812722e+01  3.4541122e-11  3.45411e-11  2.94743e-14  3.45116e-11
1.204806786e+01  3.4747831e-11  3.47478e-11  2.89126e-14  3.47189e-11
1.210830820e+01  3.4950666e-11  3.49507e-11  2.83755e-14  3.49223e-11
1.216884974e+01  3.5132087e-11  3.51321e-11  2.80156e-14  3.51041e-11
1.222969399e+01  3.5306289e-11  3.53063e-11  2.77027e-14  3.52786e-11
1.229084246e+01  3.5501570e-11  3.55016e-11  2.71940e-14  3.54744e-11
1.235229667e+01  3.5699733e-11  3.56997e-11  2.66504e-14  3.56731e-11
1.241405815e+01  3.5884939e-11  3.58849e-11  2.62042e-14  3.58587e-11
1.247612845e+01  3.6084639e-11  3.60846e-11  2.56275e-14  3.60590e-11
1.253850909e+01  3.6270109e-11  3.62701e-11  2.51567e-14  3.62450e-11
1.260120163e+01  3.6447442e-11  3.64474e-11  2.47391e-14  3.64227e-11
1.266420764e+01  3.6634673e-11  3.66347e-11  2.42315e-14  3.66104e-11
1.272752868e+01  3.6814909e-11  3.68149e-11  2.37679e-14  3.67911e-11
1.279116632e+01  3.7003968e-11  3.70040e-11  2.32261e-14  3.69807e-11
1.285512215e+01  3.7168434e-11  3.71684e-11  2.28602e-14  3.71456e-11
1.291939776e+01  3.7331258e-11  3.73313e-11  2.24931e-14  3.73088e-11
1.298399475e+01  3.7508118e-11  3.75081e-11  2.20102e-14  3.74861e-11
1.304891473e+01  3.7685857e-11  3.76859e-11  2.15111e-14  3.76643e-11
1.311415930e+01  3.7887993e-11  3.78880e-11  2.08290e-14  3.78672e-11
1.317973010e+01  3.8052974e-11  3.80530e-11  2.04036e-14  3.80326e-11
1.324562875e+01  3.8246929e-11  3.82469e-11  1.97663e-14  3.82272e-11
1.331185689e+01  3.8409144e-11  3.84091e-11  1.93411e-14  3.83898e-11
1.337841618e+01  3.8613258e-11  3.86133e-11  1.86220e-14  3.85946e-11
1.344530826e+01  3.8794144e-11  3.87941e-11  1.80552e-14  3.87761e-11
1.351253480e+01  3.8916422e-11  3.89164e-11  1.78681e-14  3.88986e-11
1.358009747e+01  3.9072883e-11  3.90729e-11  1.74426e-14  3.90554e-11
1.364799796e+01  3.9225991e-11  3.92260e-11  1.70288e-14  3.92090e-11
1.371623795e+01  3.9307703e-11  3.93077e-11  1.70584e-14  3.92906e-11
1.378481914e+01  3.9364284e-11  3.93643e-11  1.72250e-14  3.93471e-11
1.385374323e+01  3.9416114e-11  3.94161e-11  1.73973e-14  3.93987e-11
1.392301195e+01  3.9538502e-11  3.95385e-11  1.71141e-14  3.95214e-11
1.399262701e+01  3.9686050e-11  3.96860e-11  1.66664e-14  3.96694e-11
1.406259015e+01  3.9828508e-11  3.98285e-11  1.62406e-14  3.98123e-11
1.413290310e+01  3.9971357e-11  3.99714e-11  1.58039e-14  3.99556e-11
1.420356761e+01  4.0110780e-11  4.01108e-11  1.53790e-14  4.00954e-11
1.427458545e+01  4.0225034e-11  4.02250e-11  1.50908e-14  4.02099e-11
1.434595838e+01  4.0298161e-11  4.02982e-11  1.50255e-14  4.02831e-11
1.441768817e+01  4.0271292e-11  4.02713e-11  1.55069e-14  4.02558e-11
1.448977661e+01  4.0189270e-11  4.01893e-11  1.62665e-14  4.01730e-11
1.456222549e+01  4.0198298e-11  4.01983e-11  1.64903e-14  4.01818e-11
1.463503662e+01  4.0323924e-11  4.03239e-11  1.60575e-14  4.03079e-11
1.470821180e+01  4.0503870e-11  4.05039e-11  1.53254e-14  4.04885e-11
1.478175286e+01  4.0665428e-11  4.06654e-11  1.46906e-14  4.06507e-11
1.485566163e+01  4.0805467e-11  4.08055e-11  1.41666e-14  4.07913e-11
1.492993994e+01  4.0911742e-11  4.09117e-11  1.38134e-14  4.08979e-11
1.500458964e+01  4.1044436e-11  4.10444e-11  1.33161e-14  4.10311e-11
1.507961258e+01  4.1178461e-11  4.11785e-11  1.28070e-14  4.11657e-11
1.515501065e+01  4.1284653e-11  4.12847e-11  1.24334e-14  4.12722e-11
1.523078570e+01  4.1321047e-11  4.13210e-11  1.23998e-14  4.13086e-11
1.530693963e+01  4.1216229e-11  4.12162e-11  1.30466e-14  4.12032e-11
1.538347433e+01  4.1085089e-11  4.10851e-11  1.37928e-14  4.10713e-11
1.546039170e+01  4.0994093e-11  4.09941e-11  1.43149e-14  4.09798e-11
1.553769366e+01  4.0948246e-11  4.09482e-11  1.45962e-14  4.09336e-11
1.561538212e+01  4.1009989e-11  4.10100e-11  1.43497e-14  4.09956e-11
1.569345903e+01  4.1116901e-11  4.11169e-11  1.38833e-14  4.11030e-11
1.577192633e+01  4.1228700e-11  4.12287e-11  1.33900e-14  4.12153e-11
1.585078596e+01  4.1281658e-11  4.12817e-11  1.31620e-14  4.12685e-11
1.593003989e+01  4.1268608e-11  4.12686e-11  1.32237e-14  4.12554e-11
1.600969009e+01  4.1218042e-11  4.12180e-11  1.34386e-14  4.12046e-11
1.608973854e+01  4.1141812e-11  4.11418e-11  1.37498e-14  4.11281e-11
1.617018723e+01  4.0857447e-11  4.08574e-11  1.49548e-14  4.08425e-11
1.625103817e+01  4.0504904e-11  4.05049e-11  1.64191e-14  4.04885e-11
1.633229336e+01  4.0037416e-11  4.00374e-11  1.83358e-14  4.00191e-11
1.641395483e+01  3.9569241e-11  3.95692e-11  2.02051e-14  3.95490e-11
1.649602460e+01  3.9277484e-11  3.92775e-11  2.12814e-14  3.92562e-11
1.657850473e+01  3.8975618e-11  3.89756e-11  2.23667e-14  3.89533e-11
1.666139725e+01  3.8854021e-11  3.88540e-11  2.26734e-14  3.88313e-11
1.674470424e+01  3.8783868e-11  3.87839e-11  2.27517e-14  3.87611e-11
1.682842776e+01  3.8763438e-11  3.87634e-11  2.26150e-14  3.87408e-11
1.691256990e+01  3.8747268e-11  3.87473e-11  2.24522e-14  3.87248e-11
1.699713274e+01  3.8729195e-11  3.87292e-11  2.22886e-14  3.87069e-11
1.708211841e+01  3.8672592e-11  3.86726e-11  2.22688e-14  3.86503e-11
1.716752900e+01  3.8558079e-11  3.85581e-11  2.24644e-14  3.85356e-11
1.725336665e+01  3.8398084e-11  3.83981e-11  2.28214e-14  3.83753e-11
1.733963348e+01  3.8199742e-11  3.81997e-11  2.33082e-14  3.81764e-11
1.742633165e+01  3.8026196e-11  3.80262e-11  2.36814e-14  3.80025e-11
1.751346330e+01  3.7854539e-11  3.78545e-11  2.40304e-14  3.78305e-11
1.760103062e+01  3.7758377e-11  3.77584e-11  2.40813e-14  3.77343e-11
1.768903577e+01  3.7738063e-11  3.77381e-11  2.38411e-14  3.77142e-11
1.777748095e+01  3.7772362e-11  3.77724e-11  2.33954e-14  3.77490e-11
1.786636836e+01  3.7843584e-11  3.78436e-11  2.28140e-14  3.78208e-11
1.795570020e+01  3.7931881e-11  3.79319e-11  2.21720e-14  3.79097e-11
1.804547870e+01  3.7911207e-11  3.79112e-11  2.19206e-14  3.78893e-11
1.813570609e+01  3.7862986e-11  3.78630e-11  2.17618e-14  3.78412e-11
1.822638462e+01  3.7772840e-11  3.77728e-11  2.17437e-14  3.77511e-11
1.831751655e+01  3.7675497e-11  3.76755e-11  2.17422e-14  3.76538e-11
1.840910413e+01  3.7586744e-11  3.75867e-11  2.17026e-14  3.75650e-11
1.850114965e+01  3.7602698e-11  3.76027e-11  2.12976e-14  3.75814e-11
1.859365540e+01  3.7707314e-11  3.77073e-11  2.05911e-14  3.76867e-11
1.868662368e+01  3.7813100e-11  3.78131e-11  1.98844e-14  3.77932e-11
1.878005679e+01  3.7870409e-11  3.78704e-11  1.93430e-14  3.78511e-11
1.887395708e+01  3.7764195e-11  3.77642e-11  1.93426e-14  3.77449e-11
1.896832686e+01  3.7622339e-11  3.76223e-11  1.94513e-14  3.76029e-11
1.906316850e+01  3.7378668e-11  3.73787e-11  1.98814e-14  3.73588e-11
1.915848434e+01  3.6934071e-11  3.69341e-11  2.09443e-14  3.69131e-11
1.925427676e+01  3.6505657e-11  3.65057e-11  2.19310e-14  3.64837e-11
1.935054815e+01  3.6133570e-11  3.61336e-11  2.27163e-14  3.61109e-11
1.944730089e+01  3.5883549e-11  3.58835e-11  2.30983e-14  3.58605e-11
1.954453739e+01  3.5782584e-11  3.57826e-11  2.30026e-14  3.57596e-11
1.964226008e+01  3.5754361e-11  3.57544e-11  2.26767e-14  3.57317e-11
1.974047138e+01  3.5754781e-11  3.57548e-11  2.22615e-14  3.57325e-11
1.983917374e+01  3.5743893e-11  3.57439e-11  2.18807e-14  3.57220e-11
1.993836960e+01  3.5717916e-11  3.57179e-11  2.15452e-14  3.56964e-11
2.003806145e+01  3.5741322e-11  3.57413e-11  2.10607e-14  3.57203e-11
2.013825176e+01  3.5768719e-11  3.57687e-11  2.05658e-14  3.57482e-11
2.023894302e+01  3.5819190e-11  3.58192e-11  2.00044e-14  3.57992e-11
2.034013773e+01  3.5873941e-11  3.58739e-11  1.94332e-14  3.58545e-11
2.044183842e+01  3.5946894e-11  3.59469e-11  1.88121e-14  3.59281e-11
2.054404761e+01  3.6015556e-11  3.60156e-11  1.82072e-14  3.59973e-11
2.064676785e+01  3.6116577e-11  3.61166e-11  1.75132e-14  3.60991e-11
2.075000169e+01  3.6238385e-11  3.62384e-11  1.67652e-14  3.62216e-11
2.085375170e+01  3.6350218e-11  3.63502e-11  1.60512e-14  3.63342e-11
2.095802046e+01  3.6439582e-11  3.64396e-11  1.54057e-14  3.64242e-11
2.106281056e+01  3.6544583e-11  3.65446e-11  1.47211e-14  3.65299e-11
2.116812461e+01  3.6633045e-11  3.66330e-11  1.40874e-14  3.66190e-11
2.127396524e+01  3.6698015e-11  3.66980e-11  1.35225e-14  3.66845e-11
2.138033506e+01  3.6702799e-11  3.67028e-11  1.31251e-14  3.66897e-11
2.148723674e+01  3.6578456e-11  3.65785e-11  1.30779e-14  3.65654e-11
2.159467292e+01  3.6400148e-11  3.64001e-11  1.31720e-14  3.63870e-11
2.170264629e+01  3.6234472e-11  3.62345e-11  1.32269e-14  3.62212e-11
2.181115952e+01  3.6036685e-11  3.60367e-11  1.33619e-14  3.60233e-11
2.192021532e+01  3.5810752e-11  3.58108e-11  1.35650e-14  3.57972e-11
2.202981639e+01  3.5582607e-11  3.55826e-11  1.37672e-14  3.55688e-11
2.213996547e+01  3.5293381e-11  3.52934e-11  1.41212e-14  3.52793e-11
2.225066530e+01  3.5004001e-11  3.50040e-11  1.44671e-14  3.49895e-11
2.236191863e+01  3.4754909e-11  3.47549e-11  1.47017e-14  3.47402e-11
2.247372822e+01  3.4612651e-11  3.46127e-11  1.46581e-14  3.45980e-11
2.258609686e+01  3.4569069e-11  3.45691e-11  1.43626e-14  3.45547e-11
2.269902735e+01  3.4610868e-11  3.46109e-11  1.38537e-14  3.45970e-11
2.281252248e+01  3.4697745e-11  3.46977e-11  1.32359e-14  3.46845e-11
2.292658510e+01  3.4812555e-11  3.48126e-11  1.25539e-14  3.48000e-11
2.304121802e+01  3.4945097e-11  3.49451e-11  1.18341e-14  3.49333e-11
2.315642411e+01  3.5036667e-11  3.50367e-11  1.12206e-14  3.50254e-11
2.327220623e+01  3.5075817e-11  3.50758e-11  1.07393e-14  3.50651e-11
2.338856726e+01  3.5045762e-11  3.50458e-11  1.04282e-14  3.50353e-11
2.350551010e+01  3.4998072e-11  3.49981e-11  1.01606e-14  3.49879e-11
2.362303765e+01  3.4954379e-11  3.49544e-11  9.88410e-15  3.49445e-11
2.374115284e+01  3.4873042e-11  3.48730e-11  9.69755e-15  3.48633e-11
2.385985860e+01  3.4795134e-11  3.47951e-11  9.50273e-15  3.47856e-11
2.397915789e+01  3.4765028e-11  3.47650e-11  9.19620e-15  3.47558e-11
2.409905368e+01  3.4767985e-11  3.47680e-11  8.81428e-15  3.47592e-11
2.421954895e+01  3.4675221e-11  3.46752e-11  8.65564e-15  3.46666e-11
2.434064670e+01  3.4453383e-11  3.44534e-11  8.79276e-15  3.44446e-11
2.446234993e+01  3.4270591e-11  3.42706e-11  8.83703e-15  3.42618e-11
2.458466168e+01  3.4143505e-11  3.41435e-11  8.75243e-15  3.41348e-11
2.470758499e+01  3.4055278e-11  3.40553e-11  8.57928e-15  3.40467e-11
2.483112291e+01  3.3969353e-11  3.39694e-11  8.40105e-15  3.39610e-11
2.495527853e+01  3.3750730e-11  3.37507e-11  8.51842e-15  3.37422e-11
