# ------------------------------------------------------------------------
# Radiance spectrum
# NASA-GSFC Planetary Spectrum Generator (PSG) (Villanueva et al. 2018, 2022)
# Synthesized on Wed Feb 14 19:12:36 2024
# Doppler velocities [km/s] (vobs,vrot+vorb,vwidth,vrfl,vstr): 0.00000,-0.00000,0.00000,-119.41115,-0.00000
# Spectral unit: Wavelength [um]
# Radiance unit: Spectral irradiance [W/m2/um]
# Wave/freq Total Object Reflected Thermal
5.000000000e-01  6.6854243e-13  6.68542e-13  6.68542e-13  1.87682e-46
5.025000000e-01  6.7456834e-13  6.74568e-13  6.74568e-13  2.96134e-46
5.050125000e-01  6.7949023e-13  6.79490e-13  6.79490e-13  4.66233e-46
5.075375625e-01  6.8467235e-13  6.84672e-13  6.84672e-13  7.32296e-46
5.100752503e-01  6.8996580e-13  6.89966e-13  6.89966e-13  1.14750e-45
5.126256266e-01  7.0020017e-13  7.00200e-13  7.00200e-13  1.79274e-45
5.151887547e-01  7.1040404e-13  7.10404e-13  7.10404e-13  2.79440e-45
5.177646985e-01  7.2041237e-13  7.20412e-13  7.20412e-13  4.34592e-45
5.203535220e-01  7.3021688e-13  7.30217e-13  7.30217e-13  6.74375e-45
5.229552896e-01  7.3841376e-13  7.38414e-13  7.38414e-13  1.04432e-44
5.255700660e-01  7.4661379e-13  7.46614e-13  7.46614e-13  1.61357e-44
5.281979164e-01  7.5448127e-13  7.54481e-13  7.54481e-13  2.48765e-44
5.308389059e-01  7.6217461e-13  7.62175e-13  7.62175e-13  3.82677e-44
5.334931005e-01  7.6951798e-13  7.69518e-13  7.69518e-13  5.87396e-44
5.361605660e-01  7.7667283e-13  7.76673e-13  7.76673e-13  8.99664e-44
5.388413688e-01  7.8354702e-13  7.83547e-13  7.83547e-13  1.37496e-43
5.415355756e-01  7.9004562e-13  7.90046e-13  7.90046e-13  2.09687e-43
5.442432535e-01  7.9633459e-13  7.96335e-13  7.96335e-13  3.19093e-43
5.469644698e-01  8.0231986e-13  8.02320e-13  8.02320e-13  4.84549e-43
5.496992921e-01  8.0826185e-13  8.08262e-13  8.08262e-13  7.34215e-43
5.524477886e-01  8.1586965e-13  8.15870e-13  8.15870e-13  1.10991e-42
5.552100275e-01  8.2373055e-13  8.23731e-13  8.23731e-13  1.67422e-42
5.579860777e-01  8.3203225e-13  8.32032e-13  8.32032e-13  2.51996e-42
5.607760081e-01  8.4032324e-13  8.40323e-13  8.40323e-13  3.78493e-42
5.635798881e-01  8.4832376e-13  8.48324e-13  8.48324e-13  5.67315e-42
5.663977875e-01  8.5611972e-13  8.56120e-13  8.56120e-13  8.48581e-42
5.692297765e-01  8.6351742e-13  8.63517e-13  8.63517e-13  1.26671e-41
5.720759254e-01  8.7098147e-13  8.70981e-13  8.70981e-13  1.88695e-41
5.749363050e-01  8.7832164e-13  8.78322e-13  8.78322e-13  2.80513e-41
5.778109865e-01  8.8495797e-13  8.84958e-13  8.84958e-13  4.16189e-41
5.807000414e-01  8.9174641e-13  8.91746e-13  8.91746e-13  6.16217e-41
5.836035417e-01  8.9907938e-13  8.99079e-13  8.99079e-13  9.10474e-41
5.865215594e-01  9.0579055e-13  9.05791e-13  9.05791e-13  1.34262e-40
5.894541672e-01  9.1186720e-13  9.11867e-13  9.11867e-13  1.97605e-40
5.924014380e-01  9.1888611e-13  9.18886e-13  9.18886e-13  2.90218e-40
5.953634452e-01  9.2606538e-13  9.26065e-13  9.26065e-13  4.25383e-40
5.983402624e-01  9.3210011e-13  9.32100e-13  9.32100e-13  6.22342e-40
6.013319637e-01  9.3828427e-13  9.38284e-13  9.38284e-13  9.08686e-40
6.043386235e-01  9.4462053e-13  9.44621e-13  9.44621e-13  1.32416e-39
6.073603167e-01  9.5070192e-13  9.50702e-13  9.50702e-13  1.92587e-39
6.103971182e-01  9.5672981e-13  9.56730e-13  9.56730e-13  2.79560e-39
6.134491038e-01  9.6332467e-13  9.63325e-13  9.63325e-13  4.05000e-39
6.165163494e-01  9.6966278e-13  9.69663e-13  9.69663e-13  5.85614e-39
6.195989311e-01  9.7573963e-13  9.75740e-13  9.75740e-13  8.45178e-39
6.226969258e-01  9.8144553e-13  9.81446e-13  9.81446e-13  1.21751e-38
6.258104104e-01  9.8740962e-13  9.87410e-13  9.87410e-13  1.75051e-38
6.289394624e-01  9.9427447e-13  9.94274e-13  9.94274e-13  2.51185e-38
6.320841597e-01  1.0001287e-12  1.00013e-12  1.00013e-12  3.59795e-38
6.352445805e-01  1.0056018e-12  1.00560e-12  1.00560e-12  5.14423e-38
6.384208035e-01  1.0117681e-12  1.01177e-12  1.01177e-12  7.34088e-38
6.416129075e-01  1.0179868e-12  1.01799e-12  1.01799e-12  1.04561e-37
6.448209720e-01  1.0243674e-12  1.02437e-12  1.02437e-12  1.48657e-37
6.480450769e-01  1.0294876e-12  1.02949e-12  1.02949e-12  2.10989e-37
6.512853022e-01  1.0347609e-12  1.03476e-12  1.03476e-12  2.98907e-37
6.545417288e-01  1.0401896e-12  1.04019e-12  1.04019e-12  4.22686e-37
6.578144374e-01  1.0446652e-12  1.04467e-12  1.04467e-12  5.96701e-37
6.611035096e-01  1.0496256e-12  1.04963e-12  1.04963e-12  8.40804e-37
6.644090271e-01  1.0556374e-12  1.05564e-12  1.05564e-12  1.18253e-36
6.677310723e-01  1.0629389e-12  1.06294e-12  1.06294e-12  1.65997e-36
6.710697276e-01  1.0704163e-12  1.07042e-12  1.07042e-12  2.32602e-36
6.744250763e-01  1.0777309e-12  1.07773e-12  1.07773e-12  3.25365e-36
6.777972017e-01  1.0854495e-12  1.08545e-12  1.08545e-12  4.54308e-36
6.811861877e-01  1.0928907e-12  1.09289e-12  1.09289e-12  6.33264e-36
6.845921186e-01  1.0997066e-12  1.09971e-12  1.09971e-12  8.81237e-36
6.880150792e-01  1.1058898e-12  1.10589e-12  1.10589e-12  1.22427e-35
6.914551546e-01  1.1123573e-12  1.11236e-12  1.11236e-12  1.69787e-35
6.949124304e-01  1.1193438e-12  1.11934e-12  1.11934e-12  2.35055e-35
6.983869925e-01  1.1246444e-12  1.12464e-12  1.12464e-12  3.24911e-35
7.018789275e-01  1.1299923e-12  1.12999e-12  1.12999e-12  4.48356e-35
7.053883221e-01  1.1352710e-12  1.13527e-12  1.13527e-12  6.17665e-35
7.089152637e-01  1.1410669e-12  1.14107e-12  1.14107e-12  8.49442e-35
7.124598400e-01  1.1460891e-12  1.14609e-12  1.14609e-12  1.16633e-34
7.160221392e-01  1.1508032e-12  1.15080e-12  1.15080e-12  1.59883e-34
7.196022499e-01  1.1557990e-12  1.15580e-12  1.15580e-12  2.18804e-34
7.232002612e-01  1.1603660e-12  1.16037e-12  1.16037e-12  2.98959e-34
7.268162625e-01  1.1650965e-12  1.16510e-12  1.16510e-12  4.07803e-34
7.304503438e-01  1.1697530e-12  1.16975e-12  1.16975e-12  5.55375e-34
7.341025955e-01  1.1728979e-12  1.17290e-12  1.17290e-12  7.55231e-34
7.377731085e-01  1.1772814e-12  1.17728e-12  1.17728e-12  1.02524e-33
7.414619740e-01  1.1814688e-12  1.18147e-12  1.18147e-12  1.38957e-33
7.451692839e-01  1.1844935e-12  1.18449e-12  1.18449e-12  1.88057e-33
7.488951303e-01  1.1863479e-12  1.18635e-12  1.18635e-12  2.54130e-33
7.526396060e-01  1.1889635e-12  1.18896e-12  1.18896e-12  3.42852e-33
7.564028040e-01  1.1916174e-12  1.19162e-12  1.19162e-12  4.61821e-33
7.601848180e-01  1.1940668e-12  1.19407e-12  1.19407e-12  6.21110e-33
7.639857421e-01  1.1985059e-12  1.19851e-12  1.19851e-12  8.33890e-33
7.678056708e-01  1.2012815e-12  1.20128e-12  1.20128e-12  1.11800e-32
7.716446992e-01  1.2028740e-12  1.20287e-12  1.20287e-12  1.49677e-32
7.755029227e-01  1.2036454e-12  1.20365e-12  1.20365e-12  2.00093e-32
7.793804373e-01  1.2034694e-12  1.20347e-12  1.20347e-12  2.67106e-32
7.832773395e-01  1.2027112e-12  1.20271e-12  1.20271e-12  3.56040e-32
7.871937262e-01  1.2014923e-12  1.20149e-12  1.20149e-12  4.73889e-32
7.911296948e-01  1.1993181e-12  1.19932e-12  1.19932e-12  6.29850e-32
7.950853433e-01  1.1958152e-12  1.19582e-12  1.19582e-12  8.35988e-32
7.990607700e-01  1.1909796e-12  1.19098e-12  1.19098e-12  1.10807e-31
8.030560739e-01  1.1859228e-12  1.18592e-12  1.18592e-12  1.46656e-31
8.070713542e-01  1.1808938e-12  1.18089e-12  1.18089e-12  1.93817e-31
8.111067110e-01  1.1761430e-12  1.17614e-12  1.17614e-12  2.55761e-31
8.151622446e-01  1.1716731e-12  1.17167e-12  1.17167e-12  3.37001e-31
8.192380558e-01  1.1656203e-12  1.16562e-12  1.16562e-12  4.43465e-31
8.233342461e-01  1.1588535e-12  1.15885e-12  1.15885e-12  5.82756e-31
8.274509173e-01  1.1516223e-12  1.15162e-12  1.15162e-12  7.64729e-31
8.315881719e-01  1.1439275e-12  1.14393e-12  1.14393e-12  1.00213e-30
8.357461127e-01  1.1358950e-12  1.13590e-12  1.13590e-12  1.31140e-30
8.399248433e-01  1.1269019e-12  1.12690e-12  1.12690e-12  1.71383e-30
8.441244675e-01  1.1183234e-12  1.11832e-12  1.11832e-12  2.23652e-30
8.483450899e-01  1.1094122e-12  1.10941e-12  1.10941e-12  2.91462e-30
8.525868153e-01  1.1040489e-12  1.10405e-12  1.10405e-12  3.79183e-30
8.568497494e-01  1.0979841e-12  1.09798e-12  1.09798e-12  4.92651e-30
8.611339981e-01  1.0884641e-12  1.08846e-12  1.08846e-12  6.39384e-30
8.654396681e-01  1.0802470e-12  1.08025e-12  1.08025e-12  8.28587e-30
8.697668665e-01  1.0693273e-12  1.06933e-12  1.06933e-12  1.07256e-29
8.741157008e-01  1.0592138e-12  1.05921e-12  1.05921e-12  1.38639e-29
8.784862793e-01  1.0494081e-12  1.04941e-12  1.04941e-12  1.78958e-29
8.828787107e-01  1.0397871e-12  1.03979e-12  1.03979e-12  2.30687e-29
8.872931042e-01  1.0308544e-12  1.03085e-12  1.03085e-12  2.96952e-29
8.917295698e-01  1.0226117e-12  1.02261e-12  1.02261e-12  3.81721e-29
8.961882176e-01  1.0151862e-12  1.01519e-12  1.01519e-12  4.90003e-29
9.006691587e-01  1.0084538e-12  1.00845e-12  1.00845e-12  6.28134e-29
9.051725045e-01  1.0034173e-12  1.00342e-12  1.00342e-12  8.04030e-29
9.096983670e-01  1.0017037e-12  1.00170e-12  1.00170e-12  1.02754e-28
9.142468589e-01  9.9943174e-13  9.99432e-13  9.99432e-13  1.31155e-28
9.188180931e-01  9.9322605e-13  9.93226e-13  9.93226e-13  1.67246e-28
9.234121836e-01  9.8771823e-13  9.87718e-13  9.87718e-13  2.12981e-28
9.280292445e-01  9.8215892e-13  9.82159e-13  9.82159e-13  2.70878e-28
9.326693908e-01  9.7642458e-13  9.76425e-13  9.76425e-13  3.44080e-28
9.373327377e-01  9.7089107e-13  9.70891e-13  9.70891e-13  4.36504e-28
9.420194014e-01  9.6543448e-13  9.65434e-13  9.65434e-13  5.53052e-28
9.467294984e-01  9.5918382e-13  9.59184e-13  9.59184e-13  6.99890e-28
9.514631459e-01  9.5214228e-13  9.52142e-13  9.52142e-13  8.84670e-28
9.562204616e-01  9.4580546e-13  9.45805e-13  9.45805e-13  1.11678e-27
9.610015639e-01  9.3818503e-13  9.38185e-13  9.38185e-13  1.40820e-27
9.658065718e-01  9.3127180e-13  9.31272e-13  9.31272e-13  1.77338e-27
9.706356046e-01  9.2122187e-13  9.21222e-13  9.21222e-13  2.23115e-27
9.754887826e-01  9.1337187e-13  9.13372e-13  9.13372e-13  2.80312e-27
9.803662265e-01  9.1389999e-13  9.13900e-13  9.13900e-13  3.51490e-27
9.852680577e-01  9.1165883e-13  9.11659e-13  9.11659e-13  4.40317e-27
9.901943980e-01  9.1036028e-13  9.10360e-13  9.10360e-13  5.50886e-27
9.951453700e-01  9.0790653e-13  9.07907e-13  9.07907e-13  6.88468e-27
1.000121097e+00  9.0787073e-13  9.07871e-13  9.07871e-13  8.59208e-27
1.005121702e+00  9.0852290e-13  9.08523e-13  9.08523e-13  1.07096e-26
1.010147311e+00  9.0961469e-13  9.09615e-13  9.09615e-13  1.33328e-26
1.015198047e+00  9.1126652e-13  9.11267e-13  9.11267e-13  1.65782e-26
1.020274038e+00  9.1359789e-13  9.13598e-13  9.13598e-13  2.05885e-26
1.025375408e+00  9.1514023e-13  9.15140e-13  9.15140e-13  2.55410e-26
1.030502285e+00  9.2333168e-13  9.23332e-13  9.23332e-13  3.16296e-26
1.035654796e+00  9.2937739e-13  9.29377e-13  9.29377e-13  3.91321e-26
1.040833070e+00  9.3413782e-13  9.34138e-13  9.34138e-13  4.83644e-26
1.046037236e+00  9.4707417e-13  9.47074e-13  9.47074e-13  5.96632e-26
1.051267422e+00  9.5301566e-13  9.53016e-13  9.53016e-13  7.35642e-26
1.056523759e+00  9.5972929e-13  9.59729e-13  9.59729e-13  9.05956e-26
1.061806378e+00  9.6781205e-13  9.67812e-13  9.67812e-13  1.11431e-25
1.067115410e+00  9.7833685e-13  9.78337e-13  9.78337e-13  1.36875e-25
1.072450987e+00  9.9296719e-13  9.92967e-13  9.92967e-13  1.67880e-25
1.077813242e+00  1.0068849e-12  1.00688e-12  1.00688e-12  2.05692e-25
1.083202308e+00  1.0202118e-12  1.02021e-12  1.02021e-12  2.51756e-25
1.088618319e+00  1.0329498e-12  1.03295e-12  1.03295e-12  3.07815e-25
1.094061411e+00  1.0433164e-12  1.04332e-12  1.04332e-12  3.76026e-25
1.099531718e+00  1.0528691e-12  1.05287e-12  1.05287e-12  4.58889e-25
1.105029377e+00  1.0658739e-12  1.06587e-12  1.06587e-12  5.59228e-25
1.110554523e+00  1.0774622e-12  1.07746e-12  1.07746e-12  6.80861e-25
1.116107296e+00  1.0815159e-12  1.08152e-12  1.08152e-12  8.28645e-25
1.121687832e+00  1.0898418e-12  1.08984e-12  1.08984e-12  1.00703e-24
1.127296272e+00  1.0964282e-12  1.09643e-12  1.09643e-12  1.22272e-24
1.132932753e+00  1.1047949e-12  1.10479e-12  1.10479e-12  1.48280e-24
1.138597417e+00  1.1099126e-12  1.10991e-12  1.10991e-12  1.79687e-24
1.144290404e+00  1.1159926e-12  1.11599e-12  1.11599e-12  2.17498e-24
1.150011856e+00  1.1237219e-12  1.12372e-12  1.12372e-12  2.62952e-24
1.155761915e+00  1.1214055e-12  1.12141e-12  1.12141e-12  3.17882e-24
1.161540725e+00  1.1234267e-12  1.12343e-12  1.12343e-12  3.83734e-24
1.167348428e+00  1.1233091e-12  1.12331e-12  1.12331e-12  4.62851e-24
1.173185171e+00  1.1223322e-12  1.12233e-12  1.12233e-12  5.57760e-24
1.179051096e+00  1.1213036e-12  1.12130e-12  1.12130e-12  6.71456e-24
1.184946352e+00  1.1195399e-12  1.11954e-12  1.11954e-12  8.07576e-24
1.190871084e+00  1.1187524e-12  1.11875e-12  1.11875e-12  9.70229e-24
1.196825439e+00  1.1177992e-12  1.11780e-12  1.11780e-12  1.16450e-23
1.202809566e+00  1.1167948e-12  1.11679e-12  1.11679e-12  1.39630e-23
1.208823614e+00  1.1156271e-12  1.11563e-12  1.11563e-12  1.67262e-23
1.214867732e+00  1.1128391e-12  1.11284e-12  1.11284e-12  2.00199e-23
1.220942071e+00  1.1100122e-12  1.11001e-12  1.11001e-12  2.39389e-23
1.227046781e+00  1.1070355e-12  1.10704e-12  1.10704e-12  2.85978e-23
1.233182015e+00  1.1041331e-12  1.10413e-12  1.10413e-12  3.41302e-23
1.239347925e+00  1.1024117e-12  1.10241e-12  1.10241e-12  4.06891e-23
1.245544665e+00  1.0999835e-12  1.09998e-12  1.09998e-12  4.84656e-23
1.251772388e+00  1.0976257e-12  1.09763e-12  1.09763e-12  5.76732e-23
1.258031250e+00  1.0955568e-12  1.09556e-12  1.09556e-12  6.85632e-23
1.264321406e+00  1.0923544e-12  1.09235e-12  1.09235e-12  8.14423e-23
1.270643013e+00  1.0899892e-12  1.08999e-12  1.08999e-12  9.66420e-23
1.276996228e+00  1.0876936e-12  1.08769e-12  1.08769e-12  1.14571e-22
1.283381209e+00  1.0851428e-12  1.08514e-12  1.08514e-12  1.35704e-22
1.289798116e+00  1.0855687e-12  1.08557e-12  1.08557e-12  1.60538e-22
1.296247106e+00  1.0836839e-12  1.08368e-12  1.08368e-12  1.89787e-22
1.302728342e+00  1.0817575e-12  1.08176e-12  1.08176e-12  2.24162e-22
1.309241983e+00  1.0804287e-12  1.08043e-12  1.08043e-12  2.64506e-22
1.315788193e+00  1.0770401e-12  1.07704e-12  1.07704e-12  3.11896e-22
1.322367134e+00  1.0758398e-12  1.07584e-12  1.07584e-12  3.67362e-22
1.328978970e+00  1.0732259e-12  1.07323e-12  1.07323e-12  4.32369e-22
1.335623865e+00  1.0708915e-12  1.07089e-12  1.07089e-12  5.08413e-22
1.342301984e+00  1.0688334e-12  1.06883e-12  1.06883e-12  5.97284e-22
1.349013494e+00  1.0646574e-12  1.06466e-12  1.06466e-12  7.01230e-22
1.355758561e+00  1.0609776e-12  1.06098e-12  1.06098e-12  8.22503e-22
1.362537354e+00  1.0574789e-12  1.05748e-12  1.05748e-12  9.63890e-22
1.369350041e+00  1.0548781e-12  1.05488e-12  1.05488e-12  1.12849e-21
1.376196791e+00  1.0529599e-12  1.05296e-12  1.05296e-12  1.31996e-21
1.383077775e+00  1.0514102e-12  1.05141e-12  1.05141e-12  1.54254e-21
1.389993164e+00  1.0510357e-12  1.05104e-12  1.05104e-12  1.80086e-21
1.396943130e+00  1.0485902e-12  1.04859e-12  1.04859e-12  2.10114e-21
1.403927846e+00  1.0454071e-12  1.04541e-12  1.04541e-12  2.44961e-21
1.410947485e+00  1.0432978e-12  1.04330e-12  1.04330e-12  2.85312e-21
1.418002222e+00  1.0399562e-12  1.03996e-12  1.03996e-12  3.32078e-21
1.425092233e+00  1.0358947e-12  1.03589e-12  1.03589e-12  3.86219e-21
1.432217694e+00  1.0322096e-12  1.03221e-12  1.03221e-12  4.48797e-21
1.439378783e+00  1.0285030e-12  1.02850e-12  1.02850e-12  5.21084e-21
1.446575677e+00  1.0253627e-12  1.02536e-12  1.02536e-12  6.04480e-21
1.453808555e+00  1.0226840e-12  1.02268e-12  1.02268e-12  7.00613e-21
1.461077598e+00  1.0182290e-12  1.01823e-12  1.01823e-12  8.11540e-21
1.468382986e+00  1.0138573e-12  1.01386e-12  1.01386e-12  9.39263e-21
1.475724901e+00  1.0084145e-12  1.00841e-12  1.00841e-12  1.08635e-20
1.483103525e+00  1.0039254e-12  1.00393e-12  1.00393e-12  1.25533e-20
1.490519043e+00  9.9980573e-13  9.99806e-13  9.99806e-13  1.44937e-20
1.497971638e+00  9.9642975e-13  9.96430e-13  9.96430e-13  1.67194e-20
1.505461496e+00  9.9246635e-13  9.92466e-13  9.92466e-13  1.92730e-20
1.512988804e+00  9.8576442e-13  9.85764e-13  9.85764e-13  2.22065e-20
1.520553748e+00  9.7860645e-13  9.78606e-13  9.78606e-13  2.55680e-20
1.528156517e+00  9.7146476e-13  9.71465e-13  9.71465e-13  2.94155e-20
1.535797299e+00  9.6387717e-13  9.63877e-13  9.63877e-13  3.38179e-20
1.543476286e+00  9.5870597e-13  9.58706e-13  9.58706e-13  3.88380e-20
1.551193667e+00  9.5399189e-13  9.53992e-13  9.53992e-13  4.45669e-20
1.558949636e+00  9.4790487e-13  9.47905e-13  9.47905e-13  5.11106e-20
1.566744384e+00  9.4264343e-13  9.42643e-13  9.42643e-13  5.85649e-20
1.574578106e+00  9.3503601e-13  9.35036e-13  9.35036e-13  6.70755e-20
1.582450996e+00  9.2745401e-13  9.27454e-13  9.27454e-13  7.67654e-20
1.590363251e+00  9.1775301e-13  9.17753e-13  9.17753e-13  8.78132e-20
1.598315067e+00  9.0996749e-13  9.09967e-13  9.09967e-13  1.00353e-19
1.606306643e+00  9.0327311e-13  9.03273e-13  9.03273e-13  1.14584e-19
1.614338176e+00  8.9703789e-13  8.97038e-13  8.97038e-13  1.30730e-19
1.622409867e+00  8.8766592e-13  8.87666e-13  8.87666e-13  1.49102e-19
1.630521916e+00  8.7877769e-13  8.78778e-13  8.78778e-13  1.69923e-19
1.638674526e+00  8.7244612e-13  8.72446e-13  8.72446e-13  1.93449e-19
1.646867898e+00  8.6880434e-13  8.68804e-13  8.68804e-13  2.19999e-19
1.655102238e+00  8.6060933e-13  8.60609e-13  8.60609e-13  2.50160e-19
1.663377749e+00  8.5040681e-13  8.50407e-13  8.50407e-13  2.84331e-19
1.671694638e+00  8.3806033e-13  8.38060e-13  8.38060e-13  3.23033e-19
1.680053111e+00  8.2858301e-13  8.28583e-13  8.28583e-13  3.66611e-19
1.688453377e+00  8.1949687e-13  8.19497e-13  8.19496e-13  4.15757e-19
1.696895643e+00  8.1096369e-13  8.10964e-13  8.10963e-13  4.71131e-19
1.705380122e+00  8.0015378e-13  8.00154e-13  8.00153e-13  5.33675e-19
1.713907022e+00  7.9255330e-13  7.92553e-13  7.92553e-13  6.03850e-19
1.722476557e+00  7.8490937e-13  7.84909e-13  7.84909e-13  6.82792e-19
1.731088940e+00  7.7428490e-13  7.74285e-13  7.74284e-13  7.71842e-19
1.739744385e+00  7.6381531e-13  7.63815e-13  7.63814e-13  8.71902e-19
1.748443107e+00  7.5688995e-13  7.56890e-13  7.56889e-13  9.83800e-19
1.757185322e+00  7.4783153e-13  7.47832e-13  7.47830e-13  1.10964e-18
1.765971249e+00  7.3803387e-13  7.38034e-13  7.38033e-13  1.25088e-18
1.774801105e+00  7.2909815e-13  7.29098e-13  7.29097e-13  1.40900e-18
1.783675111e+00  7.2274726e-13  7.22747e-13  7.22746e-13  1.58549e-18
1.792593486e+00  7.1375918e-13  7.13759e-13  7.13757e-13  1.78358e-18
1.801556454e+00  7.0405247e-13  7.04052e-13  7.04050e-13  2.00533e-18
1.810564236e+00  6.9395106e-13  6.93951e-13  6.93949e-13  2.25331e-18
1.819617057e+00  6.8654804e-13  6.86548e-13  6.86546e-13  2.52937e-18
1.828715142e+00  6.7888422e-13  6.78884e-13  6.78881e-13  2.83754e-18
1.837858718e+00  6.7005037e-13  6.70050e-13  6.70047e-13  3.18177e-18
1.847048012e+00  6.6143214e-13  6.61432e-13  6.61429e-13  3.56539e-18
1.856283252e+00  6.5272561e-13  6.52726e-13  6.52722e-13  3.99280e-18
1.865564668e+00  6.4378373e-13  6.43784e-13  6.43779e-13  4.46880e-18
1.874892491e+00  6.3699431e-13  6.36994e-13  6.36989e-13  4.99687e-18
1.884266954e+00  6.2987798e-13  6.29878e-13  6.29872e-13  5.58413e-18
1.893688289e+00  6.2111732e-13  6.21117e-13  6.21111e-13  6.23808e-18
1.903156730e+00  6.1271720e-13  6.12717e-13  6.12710e-13  6.96397e-18
1.912672514e+00  6.0452700e-13  6.04527e-13  6.04519e-13  7.76935e-18
1.922235876e+00  5.9791679e-13  5.97917e-13  5.97908e-13  8.66055e-18
1.931847056e+00  5.8984305e-13  5.89843e-13  5.89833e-13  9.65027e-18
1.941506291e+00  5.8204631e-13  5.82046e-13  5.82036e-13  1.07462e-17
1.951213822e+00  5.7466452e-13  5.74665e-13  5.74653e-13  1.19586e-17
1.960969892e+00  5.6839619e-13  5.68396e-13  5.68383e-13  1.32977e-17
1.970774741e+00  5.6189052e-13  5.61891e-13  5.61876e-13  1.47785e-17
1.980628615e+00  5.5675439e-13  5.56754e-13  5.56738e-13  1.64109e-17
1.990531758e+00  5.4915702e-13  5.49157e-13  5.49139e-13  1.82200e-17
2.000484417e+00  5.4320264e-13  5.43203e-13  5.43182e-13  2.02115e-17
2.010486839e+00  5.3769975e-13  5.37700e-13  5.37677e-13  2.24060e-17
2.020539273e+00  5.3257278e-13  5.32573e-13  5.32548e-13  2.48229e-17
2.030641969e+00  5.2720798e-13  5.27208e-13  5.27180e-13  2.74857e-17
2.040795179e+00  5.2033626e-13  5.20336e-13  5.20306e-13  3.04240e-17
2.050999155e+00  5.1265334e-13  5.12653e-13  5.12620e-13  3.36618e-17
2.061254151e+00  5.0814889e-13  5.08149e-13  5.08112e-13  3.72038e-17
2.071560421e+00  5.0465786e-13  5.04658e-13  5.04617e-13  4.10883e-17
2.081918224e+00  5.0124614e-13  5.01246e-13  5.01201e-13  4.53522e-17
2.092327815e+00  4.9511930e-13  4.95119e-13  4.95069e-13  5.00530e-17
2.102789454e+00  4.9065449e-13  4.90654e-13  4.90599e-13  5.51951e-17
2.113303401e+00  4.8634556e-13  4.86346e-13  4.86285e-13  6.08300e-17
2.123869918e+00  4.8257239e-13  4.82572e-13  4.82505e-13  6.69970e-17
2.134489268e+00  4.7919854e-13  4.79199e-13  4.79125e-13  7.37436e-17
2.145161714e+00  4.7414143e-13  4.74141e-13  4.74060e-13  8.11485e-17
2.155887523e+00  4.6918380e-13  4.69184e-13  4.69095e-13  8.92469e-17
2.166666960e+00  4.6655899e-13  4.66559e-13  4.66461e-13  9.80608e-17
2.177500295e+00  4.6332368e-13  4.63324e-13  4.63216e-13  1.07698e-16
2.188387796e+00  4.5955152e-13  4.59552e-13  4.59433e-13  1.18230e-16
2.199329735e+00  4.5720084e-13  4.57201e-13  4.57071e-13  1.29690e-16
2.210326384e+00  4.5455140e-13  4.54551e-13  4.54409e-13  1.42193e-16
2.221378016e+00  4.5088888e-13  4.50889e-13  4.50733e-13  1.55846e-16
2.232484906e+00  4.4844084e-13  4.48441e-13  4.48270e-13  1.70683e-16
2.243647331e+00  4.4653180e-13  4.46532e-13  4.46345e-13  1.86816e-16
2.254865567e+00  4.4415076e-13  4.44151e-13  4.43946e-13  2.04384e-16
2.266139895e+00  4.4054754e-13  4.40548e-13  4.40324e-13  2.23538e-16
2.277470595e+00  4.4004396e-13  4.40044e-13  4.39800e-13  2.44220e-16
2.288857948e+00  4.3681060e-13  4.36811e-13  4.36544e-13  2.66813e-16
2.300302237e+00  4.3348063e-13  4.33481e-13  4.33189e-13  2.91353e-16
2.311803748e+00  4.3142201e-13  4.31422e-13  4.31104e-13  3.17911e-16
2.323362767e+00  4.2897071e-13  4.28971e-13  4.28624e-13  3.46740e-16
2.334979581e+00  4.2765039e-13  4.27650e-13  4.27272e-13  3.77910e-16
2.346654479e+00  4.2587770e-13  4.25878e-13  4.25466e-13  4.11710e-16
2.358387751e+00  4.2338544e-13  4.23385e-13  4.22937e-13  4.48371e-16
2.370179690e+00  4.2233277e-13  4.22333e-13  4.21845e-13  4.87915e-16
2.382030589e+00  4.2061589e-13  4.20616e-13  4.20085e-13  5.30753e-16
2.393940742e+00  4.1927895e-13  4.19279e-13  4.18702e-13  5.77022e-16
2.405910445e+00  4.1842215e-13  4.18422e-13  4.17795e-13  6.26955e-16
2.417939997e+00  4.1712695e-13  4.17127e-13  4.16446e-13  6.80935e-16
2.430029697e+00  4.1630539e-13  4.16305e-13  4.15566e-13  7.39130e-16
2.442179846e+00  4.1536802e-13  4.15368e-13  4.14566e-13  8.01927e-16
2.454390745e+00  4.1389882e-13  4.13899e-13  4.13029e-13  8.69735e-16
2.466662699e+00  4.1196137e-13  4.11961e-13  4.11018e-13  9.42915e-16
2.478996012e+00  4.1126953e-13  4.11270e-13  4.10248e-13  1.02150e-15
2.491390992e+00  4.1000368e-13  4.10004e-13  4.08897e-13  1.10624e-15
2.503847947e+00  4.0807469e-13  4.08075e-13  4.06877e-13  1.19761e-15
2.516367187e+00  4.0686160e-13  4.06862e-13  4.05566e-13  1.29573e-15
2.528949023e+00  4.0574786e-13  4.05748e-13  4.04347e-13  1.40119e-15
2.541593768e+00  4.0468220e-13  4.04682e-13  4.03168e-13  1.51452e-15
2.554301737e+00  4.0346647e-13  4.03466e-13  4.01830e-13  1.63631e-15
2.567073246e+00  4.0244835e-13  4.02448e-13  4.00681e-13  1.76700e-15
2.579908612e+00  4.0147813e-13  4.01478e-13  3.99571e-13  1.90723e-15
2.592808155e+00  4.0021683e-13  4.00217e-13  3.98159e-13  2.05778e-15
2.605772196e+00  3.9900795e-13  3.99008e-13  3.96789e-13  2.21919e-15
2.618801057e+00  3.9775593e-13  3.97756e-13  3.95364e-13  2.39221e-15
2.631895062e+00  3.9655745e-13  3.96557e-13  3.93980e-13  2.57752e-15
2.645054537e+00  3.9531843e-13  3.95318e-13  3.92542e-13  2.77598e-15
2.658279810e+00  3.9408758e-13  3.94088e-13  3.91099e-13  2.98839e-15
2.671571209e+00  3.9258799e-13  3.92588e-13  3.89372e-13  3.21584e-15
2.684929065e+00  3.9142469e-13  3.91425e-13  3.87966e-13  3.45880e-15
2.698353710e+00  3.8990701e-13  3.89907e-13  3.86188e-13  3.71882e-15
2.711845479e+00  3.8827076e-13  3.88271e-13  3.84274e-13  3.99678e-15
2.725404706e+00  3.8629533e-13  3.86295e-13  3.82001e-13  4.29402e-15
2.739031730e+00  3.8443638e-13  3.84436e-13  3.79825e-13  4.61127e-15
2.752726889e+00  3.8251596e-13  3.82516e-13  3.77566e-13  4.94994e-15
2.766490523e+00  3.8066935e-13  3.80669e-13  3.75358e-13  5.31115e-15
2.780322976e+00  3.7885332e-13  3.78853e-13  3.73157e-13  5.69630e-15
2.794224591e+00  3.7719931e-13  3.77199e-13  3.71093e-13  6.10659e-15
2.808195713e+00  3.7579192e-13  3.75792e-13  3.69249e-13  6.54332e-15
2.822236692e+00  3.7462792e-13  3.74628e-13  3.67620e-13  7.00795e-15
2.836347875e+00  3.7349244e-13  3.73492e-13  3.65990e-13  7.50245e-15
2.850529615e+00  3.7238733e-13  3.72387e-13  3.64359e-13  8.02851e-15
2.864782263e+00  3.7127279e-13  3.71273e-13  3.62685e-13  8.58801e-15
2.879106174e+00  3.7019315e-13  3.70193e-13  3.61010e-13  9.18271e-15
2.893501705e+00  3.6915049e-13  3.69150e-13  3.59336e-13  9.81459e-15
2.907969214e+00  3.6810622e-13  3.68106e-13  3.57620e-13  1.04858e-14
2.922509060e+00  3.6706355e-13  3.67064e-13  3.55865e-13  1.11985e-14
2.937121605e+00  3.6586528e-13  3.65865e-13  3.53910e-13  1.19554e-14
2.951807213e+00  3.6483702e-13  3.64837e-13  3.52079e-13  1.27581e-14
2.966566249e+00  3.6413650e-13  3.64137e-13  3.50528e-13  1.36081e-14
2.981399080e+00  3.6332879e-13  3.63329e-13  3.48819e-13  1.45096e-14
2.996306076e+00  3.6269253e-13  3.62693e-13  3.47228e-13  1.54642e-14
3.011287606e+00  3.6188070e-13  3.61881e-13  3.45404e-13  1.64762e-14
3.026344044e+00  3.6113143e-13  3.61131e-13  3.43584e-13  1.75476e-14
3.041475764e+00  3.6040987e-13  3.60410e-13  3.41728e-13  1.86816e-14
3.056683143e+00  3.5953191e-13  3.59532e-13  3.39649e-13  1.98826e-14
3.071966559e+00  3.5861844e-13  3.58618e-13  3.37465e-13  2.11532e-14
3.087326392e+00  3.5763862e-13  3.57639e-13  3.35141e-13  2.24974e-14
3.102763024e+00  3.5707741e-13  3.57077e-13  3.33162e-13  2.39156e-14
3.118276839e+00  3.5645664e-13  3.56457e-13  3.31042e-13  2.54146e-14
3.133868223e+00  3.5589227e-13  3.55892e-13  3.28895e-13  2.69977e-14
3.149537564e+00  3.5542512e-13  3.55425e-13  3.26756e-13  2.86686e-14
3.165285252e+00  3.5516605e-13  3.55166e-13  3.24735e-13  3.04306e-14
3.181111678e+00  3.5476427e-13  3.54764e-13  3.22473e-13  3.22913e-14
3.197017237e+00  3.5478981e-13  3.54790e-13  3.20540e-13  3.42497e-14
3.213002323e+00  3.5492747e-13  3.54927e-13  3.18614e-13  3.63136e-14
3.229067334e+00  3.5507909e-13  3.55079e-13  3.16590e-13  3.84889e-14
3.245212671e+00  3.5535458e-13  3.55355e-13  3.14575e-13  4.07797e-14
3.261438734e+00  3.5589427e-13  3.55894e-13  3.12705e-13  4.31893e-14
3.277745928e+00  3.5643228e-13  3.56432e-13  3.10706e-13  4.57267e-14
3.294134658e+00  3.5687827e-13  3.56878e-13  3.08479e-13  4.83996e-14
3.310605331e+00  3.5773749e-13  3.57737e-13  3.06532e-13  5.12059e-14
3.327158358e+00  3.5855266e-13  3.58553e-13  3.04393e-13  5.41592e-14
3.343794149e+00  3.5939990e-13  3.59400e-13  3.02135e-13  5.72651e-14
3.360513120e+00  3.5932928e-13  3.59329e-13  2.98779e-13  6.05505e-14
3.377315686e+00  3.5863115e-13  3.58631e-13  2.94611e-13  6.40202e-14
3.394202264e+00  3.6327146e-13  3.63271e-13  2.95728e-13  6.75439e-14
3.411173276e+00  3.6433928e-13  3.64339e-13  2.93009e-13  7.13302e-14
3.428229142e+00  3.6620009e-13  3.66200e-13  2.90913e-13  7.52870e-14
3.445370288e+00  3.7049262e-13  3.70493e-13  2.91120e-13  7.93721e-14
3.462597139e+00  3.7347249e-13  3.73472e-13  2.89777e-13  8.36955e-14
3.479910125e+00  3.7599929e-13  3.75999e-13  2.87754e-13  8.82457e-14
3.497309675e+00  3.7816019e-13  3.78160e-13  2.85128e-13  9.30324e-14
3.514796224e+00  3.8191725e-13  3.81917e-13  2.83921e-13  9.79960e-14
3.532370205e+00  3.8627997e-13  3.86280e-13  2.83105e-13  1.03175e-13
3.550032056e+00  3.8966560e-13  3.89666e-13  2.81024e-13  1.08642e-13
3.567782216e+00  3.9365624e-13  3.93656e-13  2.79311e-13  1.14345e-13
3.585621127e+00  3.9791304e-13  3.97913e-13  2.77605e-13  1.20308e-13
3.603549233e+00  4.0236231e-13  4.02362e-13  2.75817e-13  1.26545e-13
3.621566979e+00  4.0715436e-13  4.07154e-13  2.74096e-13  1.33059e-13
3.639674814e+00  4.1208002e-13  4.12080e-13  2.72209e-13  1.39872e-13
3.657873188e+00  4.1753186e-13  4.17532e-13  2.70559e-13  1.46972e-13
3.676162554e+00  4.2327406e-13  4.23274e-13  2.68888e-13  1.54386e-13
3.694543367e+00  4.2939740e-13  4.29397e-13  2.67279e-13  1.62118e-13
3.713016084e+00  4.3585946e-13  4.35859e-13  2.65677e-13  1.70183e-13
3.731581164e+00  4.4264622e-13  4.42646e-13  2.64052e-13  1.78594e-13
3.750239070e+00  4.4984645e-13  4.49846e-13  2.62488e-13  1.87358e-13
3.768990265e+00  4.5729550e-13  4.57296e-13  2.60794e-13  1.96501e-13
3.787835216e+00  4.6530660e-13  4.65307e-13  2.59296e-13  2.06010e-13
3.806774393e+00  4.7352066e-13  4.73521e-13  2.57589e-13  2.15931e-13
3.825808265e+00  4.8234257e-13  4.82343e-13  2.56102e-13  2.26240e-13
3.844937306e+00  4.9142272e-13  4.91423e-13  2.54436e-13  2.36987e-13
3.864161992e+00  5.0103829e-13  5.01038e-13  2.52882e-13  2.48157e-13
3.883482802e+00  5.1099226e-13  5.10992e-13  2.51204e-13  2.59788e-13
3.902900216e+00  5.2153028e-13  5.21530e-13  2.49663e-13  2.71868e-13
3.922414717e+00  5.3239417e-13  5.32394e-13  2.47949e-13  2.84445e-13
3.942026791e+00  5.4400081e-13  5.44001e-13  2.46522e-13  2.97478e-13
3.961736925e+00  5.5590041e-13  5.55900e-13  2.44850e-13  3.11051e-13
3.981545610e+00  5.6845842e-13  5.68458e-13  2.43335e-13  3.25124e-13
4.001453338e+00  5.8141289e-13  5.81413e-13  2.41653e-13  3.39760e-13
4.021460604e+00  5.9507401e-13  5.95074e-13  2.40152e-13  3.54922e-13
4.041567907e+00  6.0936969e-13  6.09370e-13  2.38729e-13  3.70641e-13
4.061775747e+00  6.2421428e-13  6.24214e-13  2.37263e-13  3.86951e-13
4.082084626e+00  6.3956868e-13  6.39569e-13  2.35684e-13  4.03885e-13
4.102495049e+00  6.5568285e-13  6.55683e-13  2.34278e-13  4.21405e-13
4.123007524e+00  6.7241735e-13  6.72417e-13  2.32853e-13  4.39564e-13
4.143622562e+00  6.8973636e-13  6.89736e-13  2.31341e-13  4.58395e-13
4.164340674e+00  7.0773328e-13  7.07733e-13  2.29836e-13  4.77897e-13
4.185162378e+00  7.2640876e-13  7.26409e-13  2.28315e-13  4.98093e-13
4.206088190e+00  7.4596793e-13  7.45968e-13  2.27029e-13  5.18939e-13
4.227118631e+00  7.6635054e-13  7.66351e-13  2.25880e-13  5.40470e-13
4.248254224e+00  7.8710278e-13  7.87103e-13  2.24221e-13  5.62882e-13
4.269495495e+00  8.0874096e-13  8.08741e-13  2.22726e-13  5.86015e-13
4.290842972e+00  8.3132023e-13  8.31320e-13  2.21458e-13  6.09862e-13
4.312297187e+00  8.5427447e-13  8.54274e-13  2.19563e-13  6.34711e-13
4.333858673e+00  8.7835902e-13  8.78359e-13  2.18114e-13  6.60245e-13
4.355527967e+00  9.0318154e-13  9.03182e-13  2.16501e-13  6.86680e-13
4.377305606e+00  9.2894560e-13  9.28946e-13  2.15004e-13  7.13942e-13
4.399192134e+00  9.5568961e-13  9.55690e-13  2.13662e-13  7.42028e-13
4.421188095e+00  9.8312970e-13  9.83130e-13  2.11971e-13  7.71159e-13
4.443294036e+00  1.0114413e-12  1.01144e-12  2.10168e-13  8.01273e-13
4.465510506e+00  1.0406883e-12  1.04069e-12  2.08317e-13  8.32371e-13
4.487838058e+00  1.0708969e-12  1.07090e-12  2.06420e-13  8.64476e-13
4.510277249e+00  1.1021239e-12  1.10212e-12  2.04539e-13  8.97585e-13
4.532828635e+00  1.1343720e-12  1.13437e-12  2.02633e-13  9.31739e-13
4.555492778e+00  1.1676665e-12  1.16767e-12  2.00703e-13  9.66963e-13
4.578270242e+00  1.2019653e-12  1.20197e-12  1.98594e-13  1.00337e-12
4.601161593e+00  1.2373555e-12  1.23736e-12  1.96426e-13  1.04093e-12
4.624167401e+00  1.2738670e-12  1.27387e-12  1.94203e-13  1.07966e-12
4.647288238e+00  1.3115035e-12  1.31150e-12  1.91848e-13  1.11966e-12
4.670524679e+00  1.3503332e-12  1.35033e-12  1.89461e-13  1.16087e-12
4.693877303e+00  1.3903367e-12  1.39034e-12  1.86873e-13  1.20346e-12
4.717346689e+00  1.4316136e-12  1.43161e-12  1.84296e-13  1.24732e-12
4.740933423e+00  1.4741946e-12  1.47419e-12  1.81747e-13  1.29245e-12
4.764638090e+00  1.5181007e-12  1.51810e-12  1.79209e-13  1.33889e-12
4.788461280e+00  1.5633728e-12  1.56337e-12  1.76773e-13  1.38660e-12
4.812403587e+00  1.6100315e-12  1.61003e-12  1.74471e-13  1.43556e-12
4.836465604e+00  1.6580746e-12  1.65807e-12  1.72123e-13  1.48595e-12
4.860647933e+00  1.7075381e-12  1.70754e-12  1.69802e-13  1.53774e-12
4.884951172e+00  1.7584466e-12  1.75845e-12  1.67401e-13  1.59105e-12
4.909375928e+00  1.8108336e-12  1.81083e-12  1.65027e-13  1.64581e-12
4.933922808e+00  1.8647194e-12  1.86472e-12  1.62732e-13  1.70199e-12
4.958592422e+00  1.9201379e-12  1.92014e-12  1.60395e-13  1.75974e-12
4.983385384e+00  1.9771511e-12  1.97715e-12  1.57864e-13  1.81929e-12
5.008302311e+00  2.0357451e-12  2.03575e-12  1.55448e-13  1.88030e-12
5.033343822e+00  2.0959187e-12  2.09592e-12  1.53194e-13  1.94272e-12
5.058510541e+00  2.1577101e-12  2.15771e-12  1.50999e-13  2.00671e-12
5.083803094e+00  2.2211261e-12  2.22113e-12  1.48896e-13  2.07223e-12
5.109222110e+00  2.2862023e-12  2.28620e-12  1.46832e-13  2.13937e-12
5.134768220e+00  2.3529600e-12  2.35296e-12  1.44808e-13  2.20815e-12
5.160442061e+00  2.4214385e-12  2.42144e-12  1.42791e-13  2.27865e-12
5.186244272e+00  2.4916340e-12  2.49163e-12  1.40829e-13  2.35080e-12
5.212175493e+00  2.5635644e-12  2.56356e-12  1.38921e-13  2.42464e-12
5.238236370e+00  2.6372826e-12  2.63728e-12  1.37018e-13  2.50026e-12
5.264427552e+00  2.7126988e-12  2.71270e-12  1.35261e-13  2.57744e-12
5.290749690e+00  2.7896599e-12  2.78966e-12  1.33813e-13  2.65585e-12
5.317203438e+00  2.8682193e-12  2.86822e-12  1.32576e-13  2.73564e-12
5.343789456e+00  2.9482149e-12  2.94821e-12  1.31681e-13  2.81653e-12
5.370508403e+00  3.0299858e-12  3.02999e-12  1.30775e-13  2.89921e-12
5.397360945e+00  3.1133377e-12  3.11334e-12  1.30036e-13  2.98330e-12
5.424347750e+00  3.1982523e-12  3.19825e-12  1.29461e-13  3.06879e-12
5.451469488e+00  3.2851326e-12  3.28513e-12  1.28740e-13  3.15639e-12
5.478726836e+00  3.3740487e-12  3.37405e-12  1.27863e-13  3.24619e-12
5.506120470e+00  3.4652103e-12  3.46521e-12  1.26733e-13  3.33848e-12
5.533651072e+00  3.5585544e-12  3.55855e-12  1.25444e-13  3.43311e-12
5.561319328e+00  3.6539915e-12  3.65399e-12  1.24082e-13  3.52991e-12
5.589125924e+00  3.7519482e-12  3.75195e-12  1.22442e-13  3.62951e-12
5.617071554e+00  3.8520565e-12  3.85206e-12  1.20765e-13  3.73129e-12
5.645156912e+00  3.9538094e-12  3.95381e-12  1.19312e-13  3.83450e-12
5.673382696e+00  4.0579969e-12  4.05800e-12  1.17699e-13  3.94030e-12
5.701749610e+00  4.1637259e-12  4.16373e-12  1.16346e-13  4.04738e-12
5.730258358e+00  4.2716831e-12  4.27168e-12  1.14940e-13  4.15674e-12
5.758909650e+00  4.3820698e-12  4.38207e-12  1.13417e-13  4.26865e-12
5.787704198e+00  4.4958471e-12  4.49585e-12  1.11441e-13  4.38441e-12
5.816642719e+00  4.6109291e-12  4.61093e-12  1.09828e-13  4.50110e-12
5.845725932e+00  4.7289165e-12  4.72892e-12  1.07989e-13  4.62093e-12
5.874954562e+00  4.8477560e-12  4.84776e-12  1.06632e-13  4.74112e-12
5.904329335e+00  4.9696540e-12  4.96965e-12  1.05012e-13  4.86464e-12
5.933850982e+00  5.0926213e-12  5.09262e-12  1.03761e-13  4.98886e-12
5.963520237e+00  5.2183248e-12  5.21832e-12  1.02363e-13  5.11596e-12
5.993337838e+00  5.3450816e-12  5.34508e-12  1.01300e-13  5.24378e-12
6.023304527e+00  5.4745922e-12  5.47459e-12  1.00090e-13  5.37450e-12
6.053421050e+00  5.6051018e-12  5.60510e-12  9.91930e-14  5.50591e-12
6.083688155e+00  5.7406582e-12  5.74066e-12  9.75988e-14  5.64306e-12
6.114106596e+00  5.8780727e-12  5.87807e-12  9.61310e-14  5.78194e-12
6.144677129e+00  6.0182581e-12  6.01826e-12  9.45754e-14  5.92368e-12
6.175400514e+00  6.1599612e-12  6.15996e-12  9.32138e-14  6.06675e-12
6.206277517e+00  6.3040654e-12  6.30407e-12  9.18453e-14  6.21222e-12
6.237308904e+00  6.4492020e-12  6.44920e-12  9.07448e-14  6.35846e-12
6.268495449e+00  6.5964494e-12  6.59645e-12  8.96787e-14  6.50677e-12
6.299837926e+00  6.7448222e-12  6.74482e-12  8.88260e-14  6.65600e-12
6.331337116e+00  6.8932224e-12  6.89322e-12  8.83593e-14  6.80486e-12
6.362993801e+00  7.0441798e-12  7.04418e-12  8.78051e-14  6.95637e-12
6.394808770e+00  7.1994573e-12  7.19946e-12  8.68817e-14  7.11258e-12
6.426782814e+00  7.3556229e-12  7.35562e-12  8.61731e-14  7.26945e-12
6.458916728e+00  7.5154376e-12  7.51544e-12  8.52335e-14  7.43020e-12
6.491211312e+00  7.6726979e-12  7.67270e-12  8.50058e-14  7.58769e-12
6.523667368e+00  7.8399979e-12  7.84000e-12  8.36147e-14  7.75638e-12
6.556285705e+00  8.0072947e-12  8.00729e-12  8.25652e-14  7.92473e-12
6.589067134e+00  8.1771191e-12  8.17712e-12  8.14860e-14  8.09563e-12
6.622012469e+00  8.3490109e-12  8.34901e-12  8.04395e-14  8.26857e-12
6.655122532e+00  8.5233580e-12  8.52336e-12  7.93743e-14  8.44398e-12
6.688398144e+00  8.7010871e-12  8.70109e-12  7.81801e-14  8.62291e-12
6.721840135e+00  8.8800531e-12  8.88005e-12  7.71204e-14  8.80293e-12
6.755449336e+00  9.0622720e-12  9.06227e-12  7.59543e-14  8.98632e-12
6.789226583e+00  9.2419914e-12  9.24199e-12  7.53227e-14  9.16667e-12
6.823172715e+00  9.4266522e-12  9.42665e-12  7.43846e-14  9.35227e-12
6.857288579e+00  9.6147544e-12  9.61475e-12  7.33219e-14  9.54143e-12
6.891575022e+00  9.8090533e-12  9.80905e-12  7.18707e-14  9.73718e-12
6.926032897e+00  1.0005008e-11  1.00050e-11  7.05055e-14  9.93450e-12
6.960663062e+00  1.0200560e-11  1.02006e-11  6.94121e-14  1.01311e-11
6.995466377e+00  1.0400630e-11  1.04006e-11  6.81184e-14  1.03325e-11
7.030443709e+00  1.0602847e-11  1.06028e-11  6.68513e-14  1.05360e-11
7.065595927e+00  1.0806762e-11  1.08068e-11  6.56467e-14  1.07411e-11
7.100923907e+00  1.1013305e-11  1.10133e-11  6.44219e-14  1.09489e-11
7.136428526e+00  1.1223485e-11  1.12235e-11  6.30970e-14  1.11604e-11
7.172110669e+00  1.1434423e-11  1.14344e-11  6.19060e-14  1.13725e-11
7.207971222e+00  1.1649365e-11  1.16494e-11  6.05900e-14  1.15888e-11
7.244011079e+00  1.1867104e-11  1.18671e-11  5.92489e-14  1.18079e-11
7.280231134e+00  1.2087173e-11  1.20872e-11  5.79181e-14  1.20293e-11
7.316632290e+00  1.2312623e-11  1.23126e-11  5.63834e-14  1.22562e-11
7.353215451e+00  1.2539117e-11  1.25391e-11  5.49563e-14  1.24842e-11
7.389981528e+00  1.2768728e-11  1.27687e-11  5.34913e-14  1.27152e-11
7.426931436e+00  1.3000054e-11  1.30001e-11  5.20814e-14  1.29480e-11
7.464066093e+00  1.3233836e-11  1.32338e-11  5.06759e-14  1.31832e-11
7.501386424e+00  1.3471006e-11  1.34710e-11  4.92176e-14  1.34218e-11
7.538893356e+00  1.3707766e-11  1.37078e-11  4.79356e-14  1.36598e-11
7.576587822e+00  1.3948695e-11  1.39487e-11  4.65519e-14  1.39021e-11
7.614470762e+00  1.4191602e-11  1.41916e-11  4.51971e-14  1.41464e-11
7.652543115e+00  1.4436742e-11  1.44367e-11  4.38550e-14  1.43929e-11
7.690805831e+00  1.4685416e-11  1.46854e-11  4.24551e-14  1.46430e-11
7.729259860e+00  1.4934529e-11  1.49345e-11  4.11621e-14  1.48934e-11
7.767906159e+00  1.5191114e-11  1.51911e-11  3.96123e-14  1.51515e-11
7.806745690e+00  1.5452631e-11  1.54526e-11  3.79500e-14  1.54147e-11
7.845779419e+00  1.5714630e-11  1.57146e-11  3.63975e-14  1.56782e-11
7.885008316e+00  1.5987060e-11  1.59871e-11  3.44812e-14  1.59526e-11
7.924433357e+00  1.6238631e-11  1.62386e-11  3.36560e-14  1.62050e-11
7.964055524e+00  1.6499208e-11  1.64992e-11  3.25125e-14  1.64667e-11
8.003875802e+00  1.6783014e-11  1.67830e-11  3.04559e-14  1.67526e-11
8.043895181e+00  1.7066002e-11  1.70660e-11  2.85709e-14  1.70374e-11
8.084114657e+00  1.7351790e-11  1.73518e-11  2.66961e-14  1.73251e-11
8.124535230e+00  1.7632995e-11  1.76330e-11  2.51291e-14  1.76079e-11
8.165157906e+00  1.7903215e-11  1.79032e-11  2.41003e-14  1.78791e-11
8.205983696e+00  1.8159657e-11  1.81597e-11  2.36786e-14  1.81360e-11
8.247013614e+00  1.8386918e-11  1.83869e-11  2.43985e-14  1.83625e-11
8.288248682e+00  1.8572826e-11  1.85728e-11  2.66243e-14  1.85462e-11
8.329689926e+00  1.8690035e-11  1.86900e-11  3.12270e-14  1.86588e-11
8.371338375e+00  1.8760684e-11  1.87607e-11  3.72634e-14  1.87234e-11
8.413195067e+00  1.8826384e-11  1.88264e-11  4.32064e-14  1.87832e-11
8.455261042e+00  1.8875227e-11  1.88752e-11  4.94514e-14  1.88258e-11
8.497537348e+00  1.8919216e-11  1.89192e-11  5.55782e-14  1.88636e-11
8.540025034e+00  1.8966993e-11  1.89670e-11  6.13108e-14  1.89057e-11
8.582725160e+00  1.9020489e-11  1.90205e-11  6.66071e-14  1.89539e-11
8.625638785e+00  1.9075283e-11  1.90753e-11  7.16233e-14  1.90037e-11
8.668766979e+00  1.9112797e-11  1.91128e-11  7.69246e-14  1.90359e-11
8.712110814e+00  1.9130555e-11  1.91306e-11  8.25578e-14  1.90480e-11
8.755671368e+00  1.9117548e-11  1.91175e-11  8.88079e-14  1.90287e-11
8.799449725e+00  1.9058958e-11  1.90590e-11  9.60414e-14  1.89629e-11
8.843446974e+00  1.8962103e-11  1.89621e-11  1.03987e-13  1.88581e-11
8.887664209e+00  1.8848880e-11  1.88489e-11  1.12006e-13  1.87369e-11
8.932102530e+00  1.8777082e-11  1.87771e-11  1.18573e-13  1.86585e-11
8.976763042e+00  1.8691674e-11  1.86917e-11  1.25180e-13  1.85665e-11
9.021646857e+00  1.8550720e-11  1.85507e-11  1.32868e-13  1.84179e-11
9.066755092e+00  1.8443576e-11  1.84436e-11  1.39369e-13  1.83042e-11
9.112088867e+00  1.8391459e-11  1.83915e-11  1.44238e-13  1.82472e-11
9.157649312e+00  1.8389270e-11  1.83893e-11  1.47690e-13  1.82416e-11
9.203437558e+00  1.8452541e-11  1.84525e-11  1.49446e-13  1.83031e-11
9.249454746e+00  1.8537280e-11  1.85373e-11  1.50600e-13  1.83867e-11
9.295702020e+00  1.8623095e-11  1.86231e-11  1.51637e-13  1.84715e-11
9.342180530e+00  1.8744090e-11  1.87441e-11  1.51821e-13  1.85923e-11
9.388891432e+00  1.8897391e-11  1.88974e-11  1.51263e-13  1.87461e-11
9.435835890e+00  1.9089214e-11  1.90892e-11  1.49876e-13  1.89393e-11
9.483015069e+00  1.9303614e-11  1.93036e-11  1.48033e-13  1.91556e-11
9.530430144e+00  1.9537593e-11  1.95376e-11  1.45821e-13  1.93918e-11
9.578082295e+00  1.9797029e-11  1.97970e-11  1.43146e-13  1.96539e-11
9.625972707e+00  2.0068692e-11  2.00687e-11  1.40291e-13  1.99284e-11
9.674102570e+00  2.0337432e-11  2.03374e-11  1.37553e-13  2.01999e-11
9.722473083e+00  2.0577622e-11  2.05776e-11  1.35401e-13  2.04422e-11
9.771085448e+00  2.0814885e-11  2.08149e-11  1.33337e-13  2.06815e-11
9.819940876e+00  2.1066948e-11  2.10669e-11  1.31040e-13  2.09359e-11
9.869040580e+00  2.1320660e-11  2.13207e-11  1.28754e-13  2.11919e-11
9.918385783e+00  2.1563775e-11  2.15638e-11  1.26689e-13  2.14371e-11
9.967977712e+00  2.1777851e-11  2.17779e-11  1.25145e-13  2.16527e-11
1.001781760e+01  2.1966091e-11  2.19661e-11  1.24041e-13  2.18421e-11
1.006790669e+01  2.2136826e-11  2.21368e-11  1.23217e-13  2.20136e-11
1.011824622e+01  2.2290751e-11  2.22908e-11  1.22646e-13  2.21681e-11
1.016883745e+01  2.2425929e-11  2.24259e-11  1.22346e-13  2.23036e-11
1.021968164e+01  2.2525661e-11  2.25257e-11  1.22558e-13  2.24031e-11
1.027078005e+01  2.2565127e-11  2.25651e-11  1.23630e-13  2.24415e-11
1.032213395e+01  2.2556572e-11  2.25566e-11  1.25333e-13  2.24312e-11
1.037374462e+01  2.2532121e-11  2.25321e-11  1.27164e-13  2.24050e-11
1.042561334e+01  2.2537744e-11  2.25377e-11  1.28455e-13  2.24093e-11
1.047774141e+01  2.2614660e-11  2.26147e-11  1.28653e-13  2.24860e-11
1.053013012e+01  2.2767830e-11  2.27678e-11  1.27743e-13  2.26401e-11
1.058278077e+01  2.2980026e-11  2.29800e-11  1.26015e-13  2.28540e-11
1.063569467e+01  2.3236287e-11  2.32363e-11  1.23713e-13  2.31126e-11
1.068887314e+01  2.3535665e-11  2.35357e-11  1.20876e-13  2.34148e-11
1.074231751e+01  2.3867376e-11  2.38674e-11  1.17674e-13  2.37497e-11
1.079602910e+01  2.4180599e-11  2.41806e-11  1.14770e-13  2.40658e-11
1.085000924e+01  2.4520092e-11  2.45201e-11  1.11592e-13  2.44085e-11
1.090425929e+01  2.4818817e-11  2.48188e-11  1.08978e-13  2.47098e-11
1.095878058e+01  2.5031253e-11  2.50313e-11  1.07454e-13  2.49238e-11
1.101357449e+01  2.5146405e-11  2.51464e-11  1.07096e-13  2.50393e-11
1.106864236e+01  2.5234940e-11  2.52349e-11  1.07022e-13  2.51279e-11
1.112398557e+01  2.5337046e-11  2.53370e-11  1.06754e-13  2.52303e-11
1.117960550e+01  2.5494014e-11  2.54940e-11  1.05834e-13  2.53882e-11
1.123550353e+01  2.5693443e-11  2.56934e-11  1.04430e-13  2.55890e-11
1.129168104e+01  2.5930931e-11  2.59309e-11  1.02613e-13  2.58283e-11
1.134813945e+01  2.6245471e-11  2.62455e-11  9.99824e-14  2.61455e-11
1.140488015e+01  2.6611280e-11  2.66113e-11  9.68500e-14  2.65144e-11
1.146190455e+01  2.6975915e-11  2.69759e-11  9.37896e-14  2.68821e-11
1.151921407e+01  2.7356443e-11  2.73564e-11  9.06228e-14  2.72658e-11
1.157681014e+01  2.7806330e-11  2.78063e-11  8.68123e-14  2.77195e-11
1.163469419e+01  2.8250699e-11  2.82507e-11  8.31375e-14  2.81676e-11
1.169286766e+01  2.8632179e-11  2.86322e-11  8.01587e-14  2.85520e-11
1.175133200e+01  2.8998654e-11  2.89987e-11  7.73810e-14  2.89213e-11
1.181008866e+01  2.9395819e-11  2.93958e-11  7.43596e-14  2.93215e-11
1.186913910e+01  2.9771530e-11  2.97715e-11  7.15970e-14  2.96999e-11
1.192848480e+01  3.0094833e-11  3.00948e-11  6.93701e-14  3.00255e-11
1.198812722e+01  3.0409350e-11  3.04094e-11  6.72573e-14  3.03421e-11
1.204806786e+01  3.0719780e-11  3.07198e-11  6.52117e-14  3.06546e-11
1.210830820e+01  3.1023363e-11  3.10234e-11  6.32556e-14  3.09601e-11
1.216884974e+01  3.1312729e-11  3.13127e-11  6.14501e-14  3.12513e-11
1.222969399e+01  3.1628865e-11  3.16289e-11  5.94355e-14  3.15694e-11
1.229084246e+01  3.1944877e-11  3.19449e-11  5.74499e-14  3.18874e-11
1.235229667e+01  3.2200186e-11  3.22002e-11  5.60007e-14  3.21442e-11
1.241405815e+01  3.2432243e-11  3.24322e-11  5.47561e-14  3.23775e-11
1.247612845e+01  3.2653545e-11  3.26535e-11  5.36060e-14  3.25999e-11
1.253850909e+01  3.2886208e-11  3.28862e-11  5.23689e-14  3.28338e-11
1.260120163e+01  3.3141751e-11  3.31418e-11  5.09571e-14  3.30908e-11
1.266420764e+01  3.3418874e-11  3.34189e-11  4.93883e-14  3.33695e-11
1.272752868e+01  3.3696447e-11  3.36964e-11  4.78321e-14  3.36486e-11
1.279116632e+01  3.3950988e-11  3.39510e-11  4.64673e-14  3.39045e-11
1.285512215e+01  3.4175005e-11  3.41750e-11  4.53426e-14  3.41297e-11
1.291939776e+01  3.4375324e-11  3.43753e-11  4.43982e-14  3.43309e-11
1.298399475e+01  3.4560910e-11  3.45609e-11  4.35616e-14  3.45173e-11
1.304891473e+01  3.4738856e-11  3.47389e-11  4.27776e-14  3.46961e-11
1.311415930e+01  3.4915152e-11  3.49152e-11  4.20014e-14  3.48732e-11
1.317973010e+01  3.5090594e-11  3.50906e-11  4.12274e-14  3.50494e-11
1.324562875e+01  3.5266803e-11  3.52668e-11  4.04444e-14  3.52264e-11
1.331185689e+01  3.5447064e-11  3.54471e-11  3.96303e-14  3.54074e-11
1.337841618e+01  3.5623608e-11  3.56236e-11  3.88390e-14  3.55848e-11
1.344530826e+01  3.5787739e-11  3.57877e-11  3.81278e-14  3.57496e-11
1.351253480e+01  3.5926931e-11  3.59269e-11  3.75765e-14  3.58894e-11
1.358009747e+01  3.6026018e-11  3.60260e-11  3.72778e-14  3.59887e-11
1.364799796e+01  3.6081734e-11  3.60817e-11  3.72435e-14  3.60445e-11
1.371623795e+01  3.6146711e-11  3.61467e-11  3.71295e-14  3.61096e-11
1.378481914e+01  3.6228589e-11  3.62286e-11  3.68909e-14  3.61917e-11
1.385374323e+01  3.6335927e-11  3.63359e-11  3.64793e-14  3.62994e-11
1.392301195e+01  3.6494198e-11  3.64942e-11  3.57450e-14  3.64585e-11
1.399262701e+01  3.6692846e-11  3.66928e-11  3.47637e-14  3.66581e-11
1.406259015e+01  3.6894958e-11  3.68950e-11  3.37648e-14  3.68612e-11
1.413290310e+01  3.7091222e-11  3.70912e-11  3.28041e-14  3.70584e-11
1.420356761e+01  3.7248434e-11  3.72484e-11  3.20743e-14  3.72164e-11
1.427458545e+01  3.7412318e-11  3.74123e-11  3.13036e-14  3.73810e-11
1.434595838e+01  3.7599996e-11  3.76000e-11  3.03963e-14  3.75696e-11
1.441768817e+01  3.7784662e-11  3.77847e-11  2.95082e-14  3.77552e-11
1.448977661e+01  3.7958571e-11  3.79586e-11  2.86818e-14  3.79299e-11
1.456222549e+01  3.8091579e-11  3.80916e-11  2.80810e-14  3.80635e-11
1.463503662e+01  3.8214432e-11  3.82144e-11  2.75312e-14  3.81869e-11
1.470821180e+01  3.8333113e-11  3.83331e-11  2.69985e-14  3.83061e-11
1.478175286e+01  3.8437670e-11  3.84377e-11  2.65354e-14  3.84111e-11
1.485566163e+01  3.8527600e-11  3.85276e-11  2.61423e-14  3.85015e-11
1.492993994e+01  3.8633182e-11  3.86332e-11  2.56595e-14  3.86075e-11
1.500458964e+01  3.8798778e-11  3.87988e-11  2.48622e-14  3.87739e-11
1.507961258e+01  3.8991621e-11  3.89916e-11  2.39272e-14  3.89677e-11
1.515501065e+01  3.9183085e-11  3.91831e-11  2.30034e-14  3.91601e-11
1.523078570e+01  3.9443779e-11  3.94438e-11  2.17392e-14  3.94220e-11
1.530693963e+01  3.9624662e-11  3.96247e-11  2.08794e-14  3.96038e-11
1.538347433e+01  3.9666415e-11  3.96664e-11  2.06999e-14  3.96457e-11
1.546039170e+01  3.9570300e-11  3.95703e-11  2.11731e-14  3.95491e-11
1.553769366e+01  3.9252227e-11  3.92522e-11  2.26792e-14  3.92295e-11
1.561538212e+01  3.8943958e-11  3.89440e-11  2.40926e-14  3.89199e-11
1.569345903e+01  3.8574953e-11  3.85750e-11  2.57453e-14  3.85492e-11
1.577192633e+01  3.8108681e-11  3.81087e-11  2.77984e-14  3.80809e-11
1.585078596e+01  3.7834708e-11  3.78347e-11  2.89159e-14  3.78058e-11
1.593003989e+01  3.7574521e-11  3.75745e-11  2.99338e-14  3.75446e-11
1.600969009e+01  3.7406144e-11  3.74061e-11  3.05060e-14  3.73756e-11
1.608973854e+01  3.7352281e-11  3.73523e-11  3.05451e-14  3.73217e-11
1.617018723e+01  3.7373062e-11  3.73731e-11  3.02423e-14  3.73428e-11
1.625103817e+01  3.7410861e-11  3.74109e-11  2.98581e-14  3.73810e-11
1.633229336e+01  3.7404398e-11  3.74044e-11  2.96587e-14  3.73747e-11
1.641395483e+01  3.7342164e-11  3.73422e-11  2.96876e-14  3.73125e-11
1.649602460e+01  3.7236490e-11  3.72365e-11  2.98863e-14  3.72066e-11
1.657850473e+01  3.7011881e-11  3.70119e-11  3.05650e-14  3.69813e-11
1.666139725e+01  3.6829487e-11  3.68295e-11  3.10436e-14  3.67984e-11
1.674470424e+01  3.6552922e-11  3.65529e-11  3.18863e-14  3.65210e-11
1.682842776e+01  3.6305878e-11  3.63059e-11  3.25811e-14  3.62733e-11
1.691256990e+01  3.5997891e-11  3.59979e-11  3.34956e-14  3.59644e-11
1.699713274e+01  3.5732359e-11  3.57324e-11  3.42121e-14  3.56981e-11
1.708211841e+01  3.5438255e-11  3.54383e-11  3.50162e-14  3.54032e-11
1.716752900e+01  3.5175244e-11  3.51752e-11  3.56724e-14  3.51396e-11
1.725336665e+01  3.4889531e-11  3.48895e-11  3.63931e-14  3.48531e-11
1.733963348e+01  3.4611634e-11  3.46116e-11  3.70595e-14  3.45746e-11
1.742633165e+01  3.4301040e-11  3.43010e-11  3.78270e-14  3.42632e-11
1.751346330e+01  3.4022641e-11  3.40226e-11  3.84486e-14  3.39842e-11
1.760103062e+01  3.3746499e-11  3.37465e-11  3.90400e-14  3.37075e-11
1.768903577e+01  3.3556759e-11  3.35568e-11  3.92911e-14  3.35175e-11
1.777748095e+01  3.3394357e-11  3.33944e-11  3.94275e-14  3.33549e-11
1.786636836e+01  3.3268512e-11  3.32685e-11  3.94187e-14  3.32291e-11
1.795570020e+01  3.3114589e-11  3.31146e-11  3.95012e-14  3.30751e-11
1.804547870e+01  3.2935759e-11  3.29358e-11  3.96615e-14  3.28961e-11
1.813570609e+01  3.2680359e-11  3.26804e-11  4.00801e-14  3.26403e-11
1.822638462e+01  3.2395965e-11  3.23960e-11  4.05837e-14  3.23554e-11
1.831751655e+01  3.2110732e-11  3.21107e-11  4.10724e-14  3.20697e-11
1.840910413e+01  3.1837402e-11  3.18374e-11  4.15027e-14  3.17959e-11
1.850114965e+01  3.1671670e-11  3.16717e-11  4.15495e-14  3.16301e-11
1.859365540e+01  3.1546453e-11  3.15465e-11  4.14496e-14  3.15050e-11
1.868662368e+01  3.1467306e-11  3.14673e-11  4.11883e-14  3.14261e-11
1.878005679e+01  3.1370956e-11  3.13710e-11  4.09803e-14  3.13300e-11
1.887395708e+01  3.1201832e-11  3.12018e-11  4.10078e-14  3.11608e-11
1.896832686e+01  3.0997157e-11  3.09972e-11  4.11432e-14  3.09560e-11
1.906316850e+01  3.0709414e-11  3.07094e-11  4.15384e-14  3.06679e-11
1.915848434e+01  3.0384030e-11  3.03840e-11  4.20406e-14  3.03420e-11
1.925427676e+01  3.0096451e-11  3.00965e-11  4.24064e-14  3.00540e-11
1.935054815e+01  2.9791303e-11  2.97913e-11  4.28145e-14  2.97485e-11
1.944730089e+01  2.9500610e-11  2.95006e-11  4.31634e-14  2.94574e-11
1.954453739e+01  2.9273832e-11  2.92738e-11  4.33004e-14  2.92305e-11
1.964226008e+01  2.9038101e-11  2.90381e-11  4.34559e-14  2.89946e-11
1.974047138e+01  2.8835091e-11  2.88351e-11  4.35017e-14  2.87916e-11
1.983917374e+01  2.8676649e-11  2.86766e-11  4.34043e-14  2.86332e-11
1.993836960e+01  2.8561277e-11  2.85613e-11  4.31718e-14  2.85181e-11
2.003806145e+01  2.8496003e-11  2.84960e-11  4.27863e-14  2.84532e-11
2.013825176e+01  2.8491191e-11  2.84912e-11  4.22205e-14  2.84490e-11
2.023894302e+01  2.8503170e-11  2.85032e-11  4.16076e-14  2.84616e-11
2.034013773e+01  2.8539465e-11  2.85395e-11  4.09268e-14  2.84985e-11
2.044183842e+01  2.8565242e-11  2.85652e-11  4.02811e-14  2.85250e-11
2.054404761e+01  2.8577610e-11  2.85776e-11  3.96780e-14  2.85379e-11
2.064676785e+01  2.8588020e-11  2.85880e-11  3.90839e-14  2.85489e-11
2.075000169e+01  2.8630935e-11  2.86309e-11  3.84007e-14  2.85925e-11
2.085375170e+01  2.8687684e-11  2.86877e-11  3.76832e-14  2.86500e-11
2.095802046e+01  2.8730982e-11  2.87310e-11  3.70088e-14  2.86940e-11
2.106281056e+01  2.8786362e-11  2.87864e-11  3.63054e-14  2.87501e-11
2.116812461e+01  2.8851231e-11  2.88512e-11  3.55811e-14  2.88156e-11
2.127396524e+01  2.8939208e-11  2.89392e-11  3.47990e-14  2.89044e-11
2.138033506e+01  2.9041411e-11  2.90414e-11  3.39847e-14  2.90074e-11
2.148723674e+01  2.9175475e-11  2.91755e-11  3.30912e-14  2.91424e-11
2.159467292e+01  2.9335365e-11  2.93354e-11  3.21365e-14  2.93032e-11
2.170264629e+01  2.9513455e-11  2.95135e-11  3.11423e-14  2.94823e-11
2.181115952e+01  2.9697689e-11  2.96977e-11  3.01415e-14  2.96675e-11
2.192021532e+01  2.9932525e-11  2.99325e-11  2.90174e-14  2.99035e-11
2.202981639e+01  3.0108709e-11  3.01087e-11  2.80578e-14  3.00807e-11
2.213996547e+01  3.0290089e-11  3.02901e-11  2.70941e-14  3.02630e-11
2.225066530e+01  3.0455519e-11  3.04555e-11  2.61806e-14  3.04293e-11
2.236191863e+01  3.0579252e-11  3.05793e-11  2.53825e-14  3.05539e-11
2.247372822e+01  3.0659616e-11  3.06596e-11  2.47017e-14  3.06349e-11
2.258609686e+01  3.0693765e-11  3.06938e-11  2.41431e-14  3.06696e-11
2.269902735e+01  3.0688111e-11  3.06881e-11  2.36883e-14  3.06644e-11
2.281252248e+01  3.0647004e-11  3.06470e-11  2.33245e-14  3.06237e-11
2.292658510e+01  3.0576342e-11  3.05763e-11  2.30354e-14  3.05533e-11
2.304121802e+01  3.0485134e-11  3.04851e-11  2.27975e-14  3.04623e-11
2.315642411e+01  3.0389398e-11  3.03894e-11  2.25706e-14  3.03668e-11
2.327220623e+01  3.0292733e-11  3.02927e-11  2.23460e-14  3.02704e-11
2.338856726e+01  3.0192408e-11  3.01924e-11  2.21302e-14  3.01703e-11
2.350551010e+01  3.0085729e-11  3.00857e-11  2.19296e-14  3.00638e-11
2.362303765e+01  2.9965749e-11  2.99657e-11  2.17604e-14  2.99440e-11
2.374115284e+01  2.9827558e-11  2.98276e-11  2.16339e-14  2.98059e-11
2.385985860e+01  2.9660123e-11  2.96601e-11  2.15752e-14  2.96385e-11
2.397915789e+01  2.9507781e-11  2.95078e-11  2.14794e-14  2.94863e-11
2.409905368e+01  2.9346922e-11  2.93469e-11  2.14023e-14  2.93255e-11
2.421954895e+01  2.9160019e-11  2.91600e-11  2.13838e-14  2.91386e-11
2.434064670e+01  2.8954250e-11  2.89542e-11  2.14067e-14  2.89328e-11
2.446234993e+01  2.8746207e-11  2.87462e-11  2.14322e-14  2.87248e-11
2.458466168e+01  2.8521152e-11  2.85212e-11  2.14940e-14  2.84997e-11
2.470758499e+01  2.8284969e-11  2.82850e-11  2.15780e-14  2.82634e-11
2.483112291e+01  2.8042325e-11  2.80423e-11  2.16735e-14  2.80207e-11
2.495527853e+01  2.7774204e-11  2.77742e-11  2.18227e-14  2.77524e-11
