# ------------------------------------------------------------------------
# Radiance spectrum
# NASA-GSFC Planetary Spectrum Generator (PSG) (Villanueva et al. 2018, 2022)
# Synthesized on Wed Feb 14 23:00:05 2024
# Doppler velocities [km/s] (vobs,vrot+vorb,vwidth,vrfl,vstr): 0.00000,-0.00000,0.00000,-119.41115,-0.00000
# Spectral unit: Wavelength [um]
# Radiance unit: Spectral irradiance [W/m2/um]
# Wave/freq Total Object Reflected Thermal
5.000000000e-01  1.9997497e-12  1.99975e-12  1.99975e-12  1.51298e-46
5.025000000e-01  2.0771347e-12  2.07713e-12  2.07713e-12  2.36255e-46
5.050125000e-01  2.1238682e-12  2.12387e-12  2.12387e-12  3.70128e-46
5.075375625e-01  2.1695909e-12  2.16959e-12  2.16959e-12  5.78647e-46
5.100752503e-01  2.2158216e-12  2.21582e-12  2.21582e-12  9.02515e-46
5.126256266e-01  2.2609740e-12  2.26097e-12  2.26097e-12  1.40475e-45
5.151887547e-01  2.3060378e-12  2.30604e-12  2.30604e-12  2.18160e-45
5.177646985e-01  2.3444638e-12  2.34446e-12  2.34446e-12  3.38442e-45
5.203535220e-01  2.3843501e-12  2.38435e-12  2.38435e-12  5.23733e-45
5.229552896e-01  2.4318810e-12  2.43188e-12  2.43188e-12  8.07595e-45
5.255700660e-01  2.4816170e-12  2.48162e-12  2.48162e-12  1.24209e-44
5.281979164e-01  2.5376943e-12  2.53769e-12  2.53769e-12  1.90410e-44
5.308389059e-01  2.5937707e-12  2.59377e-12  2.59377e-12  2.91259e-44
5.334931005e-01  2.6491449e-12  2.64914e-12  2.64914e-12  4.44611e-44
5.361605660e-01  2.7034354e-12  2.70344e-12  2.70344e-12  6.77365e-44
5.388413688e-01  2.7561625e-12  2.75616e-12  2.75616e-12  1.03002e-43
5.415355756e-01  2.8086636e-12  2.80866e-12  2.80866e-12  1.56298e-43
5.442432535e-01  2.8610034e-12  2.86100e-12  2.86100e-12  2.36670e-43
5.469644698e-01  2.9109458e-12  2.91095e-12  2.91095e-12  3.57755e-43
5.496992921e-01  2.9602032e-12  2.96020e-12  2.96020e-12  5.39703e-43
5.524477886e-01  3.0085643e-12  3.00856e-12  3.00856e-12  8.12588e-43
5.552100275e-01  3.0566290e-12  3.05663e-12  3.05663e-12  1.22093e-42
5.579860777e-01  3.0984358e-12  3.09844e-12  3.09844e-12  1.83254e-42
5.607760081e-01  3.1415657e-12  3.14157e-12  3.14157e-12  2.74414e-42
5.635798881e-01  3.1877083e-12  3.18771e-12  3.18771e-12  4.09864e-42
5.663977875e-01  3.2316861e-12  3.23169e-12  3.23169e-12  6.11118e-42
5.692297765e-01  3.2735349e-12  3.27353e-12  3.27353e-12  9.09625e-42
5.720759254e-01  3.3090281e-12  3.30903e-12  3.30903e-12  1.35254e-41
5.749363050e-01  3.3421279e-12  3.34213e-12  3.34213e-12  2.00776e-41
5.778109865e-01  3.3705682e-12  3.37057e-12  3.37057e-12  2.97649e-41
5.807000414e-01  3.3996683e-12  3.39967e-12  3.39967e-12  4.40308e-41
5.836035417e-01  3.4311924e-12  3.43119e-12  3.43119e-12  6.49762e-41
5.865215594e-01  3.4602827e-12  3.46028e-12  3.46028e-12  9.57274e-41
5.894541672e-01  3.4867891e-12  3.48679e-12  3.48679e-12  1.40804e-40
5.924014380e-01  3.5131427e-12  3.51314e-12  3.51314e-12  2.06692e-40
5.953634452e-01  3.5389391e-12  3.53894e-12  3.53894e-12  3.02829e-40
5.983402624e-01  3.5628591e-12  3.56286e-12  3.56286e-12  4.42921e-40
6.013319637e-01  3.5847660e-12  3.58477e-12  3.58477e-12  6.46728e-40
6.043386235e-01  3.6041141e-12  3.60411e-12  3.60411e-12  9.42804e-40
6.073603167e-01  3.6198347e-12  3.61983e-12  3.61983e-12  1.37245e-39
6.103971182e-01  3.6343374e-12  3.63434e-12  3.63434e-12  1.99430e-39
6.134491038e-01  3.6487437e-12  3.64874e-12  3.64874e-12  2.89223e-39
6.165163494e-01  3.6623257e-12  3.66233e-12  3.66233e-12  4.18673e-39
6.195989311e-01  3.6750730e-12  3.67507e-12  3.67507e-12  6.04951e-39
6.226969258e-01  3.6901341e-12  3.69013e-12  3.69013e-12  8.72114e-39
6.258104104e-01  3.7076554e-12  3.70766e-12  3.70766e-12  1.25438e-38
6.289394624e-01  3.7316151e-12  3.73162e-12  3.73162e-12  1.79908e-38
6.320841597e-01  3.7533438e-12  3.75334e-12  3.75334e-12  2.57622e-38
6.352445805e-01  3.7738821e-12  3.77388e-12  3.77388e-12  3.68271e-38
6.384208035e-01  3.7961290e-12  3.79613e-12  3.79613e-12  5.25324e-38
6.416129075e-01  3.8193500e-12  3.81935e-12  3.81935e-12  7.47845e-38
6.448209720e-01  3.8435590e-12  3.84356e-12  3.84356e-12  1.06249e-37
6.480450769e-01  3.8692077e-12  3.86921e-12  3.86921e-12  1.50642e-37
6.512853022e-01  3.8966453e-12  3.89665e-12  3.89665e-12  2.13135e-37
6.545417288e-01  3.9267792e-12  3.92678e-12  3.92678e-12  3.00886e-37
6.578144374e-01  3.9569777e-12  3.95698e-12  3.95698e-12  4.23989e-37
6.611035096e-01  3.9877966e-12  3.98780e-12  3.98780e-12  5.96322e-37
6.644090271e-01  4.0201371e-12  4.02014e-12  4.02014e-12  8.37010e-37
6.677310723e-01  4.0509783e-12  4.05098e-12  4.05098e-12  1.17298e-36
6.710697276e-01  4.0827831e-12  4.08278e-12  4.08278e-12  1.64064e-36
6.744250763e-01  4.1174877e-12  4.11749e-12  4.11749e-12  2.28976e-36
6.777972017e-01  4.1512526e-12  4.15125e-12  4.15125e-12  3.19046e-36
6.811861877e-01  4.1860056e-12  4.18601e-12  4.18601e-12  4.43701e-36
6.845921186e-01  4.2230154e-12  4.22302e-12  4.22302e-12  6.15787e-36
6.880150792e-01  4.2526342e-12  4.25263e-12  4.25263e-12  8.53991e-36
6.914551546e-01  4.2830955e-12  4.28310e-12  4.28310e-12  1.18214e-35
6.949124304e-01  4.3161442e-12  4.31614e-12  4.31614e-12  1.63297e-35
6.983869925e-01  4.3355216e-12  4.33552e-12  4.33552e-12  2.25607e-35
7.018789275e-01  4.3575416e-12  4.35754e-12  4.35754e-12  3.11043e-35
7.053883221e-01  4.3824644e-12  4.38246e-12  4.38246e-12  4.27930e-35
7.089152637e-01  4.4079683e-12  4.40797e-12  4.40797e-12  5.87693e-35
7.124598400e-01  4.4258122e-12  4.42581e-12  4.42581e-12  8.06575e-35
7.160221392e-01  4.4382893e-12  4.43829e-12  4.43829e-12  1.10591e-34
7.196022499e-01  4.4461827e-12  4.44618e-12  4.44618e-12  1.51472e-34
7.232002612e-01  4.4556343e-12  4.45563e-12  4.45563e-12  2.07072e-34
7.268162625e-01  4.4587965e-12  4.45880e-12  4.45880e-12  2.82846e-34
7.304503438e-01  4.4559802e-12  4.45598e-12  4.45598e-12  3.86013e-34
7.341025955e-01  4.4564851e-12  4.45649e-12  4.45649e-12  5.25699e-34
7.377731085e-01  4.4593812e-12  4.45938e-12  4.45938e-12  7.14523e-34
7.414619740e-01  4.4567467e-12  4.45675e-12  4.45675e-12  9.70282e-34
7.451692839e-01  4.4442032e-12  4.44420e-12  4.44420e-12  1.31714e-33
7.488951303e-01  4.4324500e-12  4.43245e-12  4.43245e-12  1.78488e-33
7.526396060e-01  4.4195608e-12  4.41956e-12  4.41956e-12  2.41512e-33
7.564028040e-01  4.4028636e-12  4.40286e-12  4.40286e-12  3.26420e-33
7.601848180e-01  4.3803950e-12  4.38040e-12  4.38040e-12  4.40792e-33
7.639857421e-01  4.3576159e-12  4.35762e-12  4.35762e-12  5.94296e-33
7.678056708e-01  4.3339227e-12  4.33392e-12  4.33392e-12  8.00061e-33
7.716446992e-01  4.3083403e-12  4.30834e-12  4.30834e-12  1.07560e-32
7.755029227e-01  4.2800097e-12  4.28001e-12  4.28001e-12  1.44423e-32
7.793804373e-01  4.2486806e-12  4.24868e-12  4.24868e-12  1.93682e-32
7.832773395e-01  4.2209910e-12  4.22099e-12  4.22099e-12  2.59216e-32
7.871937262e-01  4.1914240e-12  4.19142e-12  4.19142e-12  3.46458e-32
7.911296948e-01  4.1593636e-12  4.15936e-12  4.15936e-12  4.62481e-32
7.950853433e-01  4.1257974e-12  4.12580e-12  4.12580e-12  6.16509e-32
7.990607700e-01  4.0899869e-12  4.08999e-12  4.08999e-12  8.20785e-32
8.030560739e-01  4.0634549e-12  4.06345e-12  4.06345e-12  1.08984e-31
8.070713542e-01  4.0339661e-12  4.03397e-12  4.03397e-12  1.44541e-31
8.111067110e-01  4.0011462e-12  4.00115e-12  4.00115e-12  1.91484e-31
8.151622446e-01  3.9731975e-12  3.97320e-12  3.97320e-12  2.53143e-31
8.192380558e-01  3.9378256e-12  3.93783e-12  3.93783e-12  3.34448e-31
8.233342461e-01  3.9107103e-12  3.91071e-12  3.91071e-12  4.40779e-31
8.274509173e-01  3.8850268e-12  3.88503e-12  3.88503e-12  5.79961e-31
8.315881719e-01  3.8550480e-12  3.85505e-12  3.85505e-12  7.62350e-31
8.357461127e-01  3.8205222e-12  3.82052e-12  3.82052e-12  1.00116e-30
8.399248433e-01  3.7946899e-12  3.79469e-12  3.79469e-12  1.31154e-30
8.441244675e-01  3.7668261e-12  3.76683e-12  3.76683e-12  1.71606e-30
8.483450899e-01  3.7308067e-12  3.73081e-12  3.73081e-12  2.24421e-30
8.525868153e-01  3.7136531e-12  3.71365e-12  3.71365e-12  2.92443e-30
8.568497494e-01  3.6873591e-12  3.68736e-12  3.68736e-12  3.80937e-30
8.611339981e-01  3.6650676e-12  3.66507e-12  3.66507e-12  4.95285e-30
8.654396681e-01  3.6459120e-12  3.64591e-12  3.64591e-12  6.42829e-30
8.697668665e-01  3.6213816e-12  3.62138e-12  3.62138e-12  8.33669e-30
8.741157008e-01  3.5834603e-12  3.58346e-12  3.58346e-12  1.08128e-29
8.784862793e-01  3.5631006e-12  3.56310e-12  3.56310e-12  1.39775e-29
8.828787107e-01  3.5420176e-12  3.54202e-12  3.54202e-12  1.80452e-29
8.872931042e-01  3.5165829e-12  3.51658e-12  3.51658e-12  2.32762e-29
8.917295698e-01  3.4899350e-12  3.48993e-12  3.48993e-12  2.99868e-29
8.961882176e-01  3.4619552e-12  3.46196e-12  3.46196e-12  3.85855e-29
9.006691587e-01  3.4320242e-12  3.43202e-12  3.43202e-12  4.95940e-29
9.051725045e-01  3.4026539e-12  3.40265e-12  3.40265e-12  6.36539e-29
9.096983670e-01  3.3737252e-12  3.37373e-12  3.37373e-12  8.15872e-29
9.142468589e-01  3.3406144e-12  3.34061e-12  3.34061e-12  1.04482e-28
9.188180931e-01  3.3065848e-12  3.30658e-12  3.30658e-12  1.33640e-28
9.234121836e-01  3.2751447e-12  3.27514e-12  3.27514e-12  1.70661e-28
9.280292445e-01  3.2391756e-12  3.23918e-12  3.23918e-12  2.17762e-28
9.326693908e-01  3.2055591e-12  3.20556e-12  3.20556e-12  2.77432e-28
9.373327377e-01  3.1701802e-12  3.17018e-12  3.17018e-12  3.53064e-28
9.420194014e-01  3.1311793e-12  3.13118e-12  3.13118e-12  4.48911e-28
9.467294984e-01  3.0918107e-12  3.09181e-12  3.09181e-12  5.70073e-28
9.514631459e-01  3.0570613e-12  3.05706e-12  3.05706e-12  7.22661e-28
9.562204616e-01  3.0202108e-12  3.02021e-12  3.02021e-12  9.15141e-28
9.610015639e-01  2.9835079e-12  2.98351e-12  2.98351e-12  1.15742e-27
9.658065718e-01  2.9441046e-12  2.94410e-12  2.94410e-12  1.46242e-27
9.706356046e-01  2.9068511e-12  2.90685e-12  2.90685e-12  1.84510e-27
9.754887826e-01  2.8702612e-12  2.87026e-12  2.87026e-12  2.32487e-27
9.803662265e-01  2.8323602e-12  2.83236e-12  2.83236e-12  2.92621e-27
9.852680577e-01  2.7978538e-12  2.79785e-12  2.79785e-12  3.67728e-27
9.901943980e-01  2.7647613e-12  2.76476e-12  2.76476e-12  4.61486e-27
9.951453700e-01  2.7325904e-12  2.73259e-12  2.73259e-12  5.78395e-27
1.000121097e+00  2.7013430e-12  2.70134e-12  2.70134e-12  7.23983e-27
1.005121702e+00  2.6710205e-12  2.67102e-12  2.67102e-12  9.05051e-27
1.010147311e+00  2.6437095e-12  2.64371e-12  2.64371e-12  1.12971e-26
1.015198047e+00  2.6180540e-12  2.61805e-12  2.61805e-12  1.40824e-26
1.020274038e+00  2.5941729e-12  2.59417e-12  2.59417e-12  1.75306e-26
1.025375408e+00  2.5741371e-12  2.57414e-12  2.57414e-12  2.17890e-26
1.030502285e+00  2.5557372e-12  2.55574e-12  2.55574e-12  2.70459e-26
1.035654796e+00  2.5409146e-12  2.54091e-12  2.54091e-12  3.35199e-26
1.040833070e+00  2.5277099e-12  2.52771e-12  2.52771e-12  4.14892e-26
1.046037236e+00  2.5169651e-12  2.51697e-12  2.51697e-12  5.12813e-26
1.051267422e+00  2.5102411e-12  2.51024e-12  2.51024e-12  6.32862e-26
1.056523759e+00  2.5069124e-12  2.50691e-12  2.50691e-12  7.79854e-26
1.061806378e+00  2.5050316e-12  2.50503e-12  2.50503e-12  9.59759e-26
1.067115410e+00  2.5067552e-12  2.50676e-12  2.50676e-12  1.17940e-25
1.072450987e+00  2.5117006e-12  2.51170e-12  2.51170e-12  1.44718e-25
1.077813242e+00  2.5197271e-12  2.51973e-12  2.51973e-12  1.77322e-25
1.083202308e+00  2.5306941e-12  2.53069e-12  2.53069e-12  2.16961e-25
1.088618319e+00  2.5433885e-12  2.54339e-12  2.54339e-12  2.65119e-25
1.094061411e+00  2.5570828e-12  2.55708e-12  2.55708e-12  3.23573e-25
1.099531718e+00  2.5736668e-12  2.57367e-12  2.57367e-12  3.94357e-25
1.105029377e+00  2.5908681e-12  2.59087e-12  2.59087e-12  4.80067e-25
1.110554523e+00  2.6082072e-12  2.60821e-12  2.60821e-12  5.83756e-25
1.116107296e+00  2.6263872e-12  2.62639e-12  2.62639e-12  7.09002e-25
1.121687832e+00  2.6437535e-12  2.64375e-12  2.64375e-12  8.60260e-25
1.127296272e+00  2.6613645e-12  2.66136e-12  2.66136e-12  1.04263e-24
1.132932753e+00  2.6768771e-12  2.67688e-12  2.67688e-12  1.26260e-24
1.138597417e+00  2.6921706e-12  2.69217e-12  2.69217e-12  1.52738e-24
1.144290404e+00  2.7065466e-12  2.70655e-12  2.70655e-12  1.84591e-24
1.150011856e+00  2.7193141e-12  2.71931e-12  2.71931e-12  2.22891e-24
1.155761915e+00  2.7304841e-12  2.73048e-12  2.73048e-12  2.68902e-24
1.161540725e+00  2.7414517e-12  2.74145e-12  2.74145e-12  3.24081e-24
1.167348428e+00  2.7510667e-12  2.75107e-12  2.75107e-12  3.90236e-24
1.173185171e+00  2.7597975e-12  2.75980e-12  2.75980e-12  4.69457e-24
1.179051096e+00  2.7669643e-12  2.76696e-12  2.76696e-12  5.64281e-24
1.184946352e+00  2.7737192e-12  2.77372e-12  2.77372e-12  6.77597e-24
1.190871084e+00  2.7785873e-12  2.77859e-12  2.77859e-12  8.13019e-24
1.196825439e+00  2.7836235e-12  2.78362e-12  2.78362e-12  9.74501e-24
1.202809566e+00  2.7882606e-12  2.78826e-12  2.78826e-12  1.16694e-23
1.208823614e+00  2.7925010e-12  2.79250e-12  2.79250e-12  1.39604e-23
1.214867732e+00  2.7958988e-12  2.79590e-12  2.79590e-12  1.66863e-23
1.220942071e+00  2.7996911e-12  2.79969e-12  2.79969e-12  1.99237e-23
1.227046781e+00  2.8036502e-12  2.80365e-12  2.80365e-12  2.37653e-23
1.233182015e+00  2.8074401e-12  2.80744e-12  2.80744e-12  2.83203e-23
1.239347925e+00  2.8125007e-12  2.81250e-12  2.81250e-12  3.37103e-23
1.245544665e+00  2.8173835e-12  2.81738e-12  2.81738e-12  4.00878e-23
1.251772388e+00  2.8228587e-12  2.82286e-12  2.82286e-12  4.76222e-23
1.258031250e+00  2.8286998e-12  2.82870e-12  2.82870e-12  5.65155e-23
1.264321406e+00  2.8356659e-12  2.83567e-12  2.83567e-12  6.69958e-23
1.270643013e+00  2.8430905e-12  2.84309e-12  2.84309e-12  7.93388e-23
1.276996228e+00  2.8507503e-12  2.85075e-12  2.85075e-12  9.38632e-23
1.283381209e+00  2.8598292e-12  2.85983e-12  2.85983e-12  1.10921e-22
1.289798116e+00  2.8693412e-12  2.86934e-12  2.86934e-12  1.30947e-22
1.296247106e+00  2.8802443e-12  2.88024e-12  2.88024e-12  1.54416e-22
1.302728342e+00  2.8915595e-12  2.89156e-12  2.89156e-12  1.81908e-22
1.309241983e+00  2.9037054e-12  2.90371e-12  2.90371e-12  2.14070e-22
1.315788193e+00  2.9166699e-12  2.91667e-12  2.91667e-12  2.51656e-22
1.322367134e+00  2.9290682e-12  2.92907e-12  2.92907e-12  2.95585e-22
1.328978970e+00  2.9430081e-12  2.94301e-12  2.94301e-12  3.46789e-22
1.335623865e+00  2.9584688e-12  2.95847e-12  2.95847e-12  4.06402e-22
1.342301984e+00  2.9733418e-12  2.97334e-12  2.97334e-12  4.75856e-22
1.349013494e+00  2.9888785e-12  2.98888e-12  2.98888e-12  5.56614e-22
1.355758561e+00  3.0051713e-12  3.00517e-12  3.00517e-12  6.50409e-22
1.362537354e+00  3.0228264e-12  3.02283e-12  3.02283e-12  7.59166e-22
1.369350041e+00  3.0387431e-12  3.03874e-12  3.03874e-12  8.85505e-22
1.376196791e+00  3.0526327e-12  3.05263e-12  3.05263e-12  1.03222e-21
1.383077775e+00  3.0675721e-12  3.06757e-12  3.06757e-12  1.20196e-21
1.389993164e+00  3.0780694e-12  3.07807e-12  3.07807e-12  1.39924e-21
1.396943130e+00  3.0817547e-12  3.08175e-12  3.08175e-12  1.62902e-21
1.403927846e+00  3.0823322e-12  3.08233e-12  3.08233e-12  1.89572e-21
1.410947485e+00  3.0879494e-12  3.08795e-12  3.08795e-12  2.20257e-21
1.418002222e+00  3.0969446e-12  3.09694e-12  3.09694e-12  2.55560e-21
1.425092233e+00  3.0928983e-12  3.09290e-12  3.09290e-12  2.96829e-21
1.432217694e+00  3.0828964e-12  3.08290e-12  3.08290e-12  3.44771e-21
1.439378783e+00  3.1222938e-12  3.12229e-12  3.12229e-12  3.97201e-21
1.446575677e+00  3.1870255e-12  3.18703e-12  3.18703e-12  4.55419e-21
1.453808555e+00  3.2263477e-12  3.22635e-12  3.22635e-12  5.23652e-21
1.461077598e+00  3.2475819e-12  3.24758e-12  3.24758e-12  6.03220e-21
1.468382986e+00  3.2636219e-12  3.26362e-12  3.26362e-12  6.94821e-21
1.475724901e+00  3.2810727e-12  3.28107e-12  3.28107e-12  7.99455e-21
1.483103525e+00  3.2973271e-12  3.29733e-12  3.29733e-12  9.19213e-21
1.490519043e+00  3.3104932e-12  3.31049e-12  3.31049e-12  1.05652e-20
1.497971638e+00  3.3227912e-12  3.32279e-12  3.32279e-12  1.21346e-20
1.505461496e+00  3.3334754e-12  3.33348e-12  3.33348e-12  1.39289e-20
1.512988804e+00  3.3421902e-12  3.34219e-12  3.34219e-12  1.59801e-20
1.520553748e+00  3.3490544e-12  3.34905e-12  3.34905e-12  1.83238e-20
1.528156517e+00  3.3547432e-12  3.35474e-12  3.35474e-12  2.09979e-20
1.535797299e+00  3.3589939e-12  3.35899e-12  3.35899e-12  2.40483e-20
1.543476286e+00  3.3615490e-12  3.36155e-12  3.36155e-12  2.75274e-20
1.551193667e+00  3.3626151e-12  3.36262e-12  3.36262e-12  3.14923e-20
1.558949636e+00  3.3633067e-12  3.36331e-12  3.36331e-12  3.60019e-20
1.566744384e+00  3.3621764e-12  3.36218e-12  3.36218e-12  4.11374e-20
1.574578106e+00  3.3598820e-12  3.35988e-12  3.35988e-12  4.69782e-20
1.582450996e+00  3.3564401e-12  3.35644e-12  3.35644e-12  5.36172e-20
1.590363251e+00  3.3512416e-12  3.35124e-12  3.35124e-12  6.11662e-20
1.598315067e+00  3.3456462e-12  3.34565e-12  3.34565e-12  6.97294e-20
1.606306643e+00  3.3387752e-12  3.33878e-12  3.33878e-12  7.94492e-20
1.614338176e+00  3.3306477e-12  3.33065e-12  3.33065e-12  9.04762e-20
1.622409867e+00  3.3218084e-12  3.32181e-12  3.32181e-12  1.02970e-19
1.630521916e+00  3.3120072e-12  3.31201e-12  3.31201e-12  1.17122e-19
1.638674526e+00  3.3013459e-12  3.30135e-12  3.30135e-12  1.33143e-19
1.646867898e+00  3.2898384e-12  3.28984e-12  3.28984e-12  1.51268e-19
1.655102238e+00  3.2777557e-12  3.27776e-12  3.27776e-12  1.71754e-19
1.663377749e+00  3.2649371e-12  3.26494e-12  3.26494e-12  1.94901e-19
1.671694638e+00  3.2515645e-12  3.25156e-12  3.25156e-12  2.21032e-19
1.680053111e+00  3.2378164e-12  3.23782e-12  3.23782e-12  2.50507e-19
1.688453377e+00  3.2236159e-12  3.22362e-12  3.22362e-12  2.83735e-19
1.696895643e+00  3.2087209e-12  3.20872e-12  3.20872e-12  3.21189e-19
1.705380122e+00  3.1934758e-12  3.19348e-12  3.19348e-12  3.63359e-19
1.713907022e+00  3.1778874e-12  3.17789e-12  3.17789e-12  4.10808e-19
1.722476557e+00  3.1617164e-12  3.16172e-12  3.16172e-12  4.64187e-19
1.731088940e+00  3.1457084e-12  3.14571e-12  3.14571e-12  5.24126e-19
1.739744385e+00  3.1294561e-12  3.12946e-12  3.12946e-12  5.91431e-19
1.748443107e+00  3.1128841e-12  3.11288e-12  3.11288e-12  6.66972e-19
1.757185322e+00  3.0961600e-12  3.09616e-12  3.09616e-12  7.51679e-19
1.765971249e+00  3.0794471e-12  3.07945e-12  3.07945e-12  8.46577e-19
1.774801105e+00  3.0625089e-12  3.06251e-12  3.06251e-12  9.52866e-19
1.783675111e+00  3.0455083e-12  3.04551e-12  3.04551e-12  1.07181e-18
1.792593486e+00  3.0285266e-12  3.02853e-12  3.02853e-12  1.20480e-18
1.801556454e+00  3.0114867e-12  3.01149e-12  3.01149e-12  1.35342e-18
1.810564236e+00  2.9947793e-12  2.99478e-12  2.99478e-12  1.51929e-18
1.819617057e+00  2.9778601e-12  2.97786e-12  2.97786e-12  1.70446e-18
1.828715142e+00  2.9608878e-12  2.96089e-12  2.96089e-12  1.91100e-18
1.837858718e+00  2.9435598e-12  2.94356e-12  2.94356e-12  2.14135e-18
1.847048012e+00  2.9257326e-12  2.92573e-12  2.92573e-12  2.39822e-18
1.856283252e+00  2.9068137e-12  2.90681e-12  2.90681e-12  2.68483e-18
1.865564668e+00  2.8853264e-12  2.88533e-12  2.88532e-12  3.00551e-18
1.874892491e+00  2.8567024e-12  2.85670e-12  2.85670e-12  3.36766e-18
1.884266954e+00  2.8098963e-12  2.80990e-12  2.80989e-12  3.78619e-18
1.893688289e+00  2.7151491e-12  2.71515e-12  2.71514e-12  4.29866e-18
1.903156730e+00  2.5926343e-12  2.59263e-12  2.59263e-12  4.90596e-18
1.912672514e+00  2.5773347e-12  2.57733e-12  2.57733e-12  5.46930e-18
1.922235876e+00  2.6140840e-12  2.61408e-12  2.61408e-12  6.02558e-18
1.931847056e+00  2.6437729e-12  2.64377e-12  2.64377e-12  6.64298e-18
1.941506291e+00  2.6586716e-12  2.65867e-12  2.65866e-12  7.34185e-18
1.951213822e+00  2.6663506e-12  2.66635e-12  2.66634e-12  8.12156e-18
1.960969892e+00  2.6676438e-12  2.66764e-12  2.66763e-12  8.99098e-18
1.970774741e+00  2.6636471e-12  2.66365e-12  2.66364e-12  9.95906e-18
1.980628615e+00  2.6569638e-12  2.65696e-12  2.65695e-12  1.10313e-17
1.990531758e+00  2.6495810e-12  2.64958e-12  2.64957e-12  1.22134e-17
2.000484417e+00  2.6416490e-12  2.64165e-12  2.64164e-12  1.35157e-17
2.010486839e+00  2.6340666e-12  2.63407e-12  2.63405e-12  1.49466e-17
2.020539273e+00  2.6268954e-12  2.62690e-12  2.62688e-12  1.65173e-17
2.030641969e+00  2.6189802e-12  2.61898e-12  2.61896e-12  1.82453e-17
2.040795179e+00  2.6108716e-12  2.61087e-12  2.61085e-12  2.01429e-17
2.050999155e+00  2.6016404e-12  2.60164e-12  2.60162e-12  2.22309e-17
2.061254151e+00  2.5914405e-12  2.59144e-12  2.59142e-12  2.45268e-17
2.071560421e+00  2.5800933e-12  2.58009e-12  2.58007e-12  2.70518e-17
2.081918224e+00  2.5680137e-12  2.56801e-12  2.56798e-12  2.98252e-17
2.092327815e+00  2.5554763e-12  2.55548e-12  2.55544e-12  3.28680e-17
2.102789454e+00  2.5428134e-12  2.54281e-12  2.54278e-12  3.62021e-17
2.113303401e+00  2.5297722e-12  2.52977e-12  2.52973e-12  3.98560e-17
2.123869918e+00  2.5170616e-12  2.51706e-12  2.51702e-12  4.38506e-17
2.134489268e+00  2.5056259e-12  2.50563e-12  2.50558e-12  4.82029e-17
2.145161714e+00  2.4955042e-12  2.49550e-12  2.49545e-12  5.29393e-17
2.155887523e+00  2.4846098e-12  2.48461e-12  2.48455e-12  5.81207e-17
2.166666960e+00  2.4716550e-12  2.47165e-12  2.47159e-12  6.38092e-17
2.177500295e+00  2.4568043e-12  2.45680e-12  2.45673e-12  7.00525e-17
2.188387796e+00  2.4408928e-12  2.44089e-12  2.44082e-12  7.68881e-17
2.199329735e+00  2.4268029e-12  2.42680e-12  2.42672e-12  8.43046e-17
2.210326384e+00  2.4125054e-12  2.41251e-12  2.41241e-12  9.23932e-17
2.221378016e+00  2.3968048e-12  2.39680e-12  2.39670e-12  1.01244e-16
2.232484906e+00  2.3791341e-12  2.37913e-12  2.37902e-12  1.10947e-16
2.243647331e+00  2.3591790e-12  2.35918e-12  2.35906e-12  1.21597e-16
2.254865567e+00  2.3238043e-12  2.32380e-12  2.32367e-12  1.33782e-16
2.266139895e+00  2.2480110e-12  2.24801e-12  2.24786e-12  1.48792e-16
2.277470595e+00  2.1395888e-12  2.13959e-12  2.13942e-12  1.66879e-16
2.288857948e+00  2.0927565e-12  2.09276e-12  2.09257e-12  1.83930e-16
2.300302237e+00  2.1610443e-12  2.16104e-12  2.16085e-12  1.96296e-16
2.311803748e+00  2.2192836e-12  2.21928e-12  2.21907e-12  2.09817e-16
2.323362767e+00  2.2311626e-12  2.23116e-12  2.23094e-12  2.27074e-16
2.334979581e+00  2.2221987e-12  2.22220e-12  2.22195e-12  2.47108e-16
2.346654479e+00  2.2020687e-12  2.20207e-12  2.20180e-12  2.69664e-16
2.358387751e+00  2.1755973e-12  2.17560e-12  2.17530e-12  2.94699e-16
2.370179690e+00  2.1483606e-12  2.14836e-12  2.14804e-12  3.21988e-16
2.382030589e+00  2.1088593e-12  2.10886e-12  2.10851e-12  3.52942e-16
2.393940742e+00  2.0583280e-12  2.05833e-12  2.05794e-12  3.87979e-16
2.405910445e+00  2.0294684e-12  2.02947e-12  2.02904e-12  4.23570e-16
2.417939997e+00  2.0273443e-12  2.02734e-12  2.02689e-12  4.58537e-16
2.430029697e+00  2.0231561e-12  2.02316e-12  2.02266e-12  4.96439e-16
2.442179846e+00  2.0127815e-12  2.01278e-12  2.01224e-12  5.38218e-16
2.454390745e+00  1.9990205e-12  1.99902e-12  1.99844e-12  5.83845e-16
2.466662699e+00  1.9803339e-12  1.98033e-12  1.97970e-12  6.34020e-16
2.478996012e+00  1.9536275e-12  1.95363e-12  1.95294e-12  6.89929e-16
2.491390992e+00  1.9184589e-12  1.91846e-12  1.91771e-12  7.52444e-16
2.503847947e+00  1.8931805e-12  1.89318e-12  1.89236e-12  8.17764e-16
2.516367187e+00  1.8816811e-12  1.88168e-12  1.88080e-12  8.84550e-16
2.528949023e+00  1.8692721e-12  1.86927e-12  1.86832e-12  9.56632e-16
2.541593768e+00  1.8525374e-12  1.85254e-12  1.85150e-12  1.03556e-15
2.554301737e+00  1.8366163e-12  1.83662e-12  1.83550e-12  1.12022e-15
2.567073246e+00  1.8190880e-12  1.81909e-12  1.81788e-12  1.21192e-15
2.579908612e+00  1.7971138e-12  1.79711e-12  1.79580e-12  1.31248e-15
2.592808155e+00  1.7745676e-12  1.77457e-12  1.77315e-12  1.42108e-15
2.605772196e+00  1.7499286e-12  1.74993e-12  1.74839e-12  1.53911e-15
2.618801057e+00  1.7212430e-12  1.72124e-12  1.71957e-12  1.66851e-15
2.631895062e+00  1.6877987e-12  1.68780e-12  1.68599e-12  1.81094e-15
2.645054537e+00  1.6466967e-12  1.64670e-12  1.64473e-12  1.96973e-15
2.658279810e+00  1.5961518e-12  1.59615e-12  1.59400e-12  2.14825e-15
2.671571209e+00  1.5303577e-12  1.53036e-12  1.52800e-12  2.35357e-15
2.684929065e+00  1.4361415e-12  1.43614e-12  1.43354e-12  2.60066e-15
2.698353710e+00  1.2950196e-12  1.29502e-12  1.29211e-12  2.91333e-15
2.711845479e+00  1.1496449e-12  1.14964e-12  1.14638e-12  3.26298e-15
2.725404706e+00  1.0479058e-12  1.04791e-12  1.04430e-12  3.60375e-15
2.739031730e+00  9.9975647e-13  9.99756e-13  9.95840e-13  3.91661e-15
2.752726889e+00  9.7314185e-13  9.73142e-13  9.68913e-13  4.22873e-15
2.766490523e+00  9.4885727e-13  9.48857e-13  9.44296e-13  4.56101e-15
2.780322976e+00  9.2092128e-13  9.20921e-13  9.15998e-13  4.92285e-15
2.794224591e+00  9.0467163e-13  9.04672e-13  8.99378e-13  5.29351e-15
2.808195713e+00  9.0131388e-13  9.01314e-13  8.95645e-13  5.66852e-15
2.822236692e+00  9.0847021e-13  9.08470e-13  9.02422e-13  6.04869e-15
2.836347875e+00  9.1485132e-13  9.14851e-13  9.08399e-13  6.45280e-15
2.850529615e+00  9.1652419e-13  9.16524e-13  9.09634e-13  6.89052e-15
2.864782263e+00  9.1589013e-13  9.15890e-13  9.08530e-13  7.35994e-15
2.879106174e+00  9.1486556e-13  9.14866e-13  9.07007e-13  7.85899e-15
2.893501705e+00  9.1161324e-13  9.11613e-13  9.03219e-13  8.39422e-15
2.907969214e+00  9.0753148e-13  9.07531e-13  8.98567e-13  8.96467e-15
2.922509060e+00  9.0300615e-13  9.03006e-13  8.93435e-13  9.57148e-15
2.937121605e+00  8.9865250e-13  8.98653e-13  8.88438e-13  1.02149e-14
2.951807213e+00  8.9462911e-13  8.94629e-13  8.83733e-13  1.08961e-14
2.966566249e+00  8.9116866e-13  8.91169e-13  8.79552e-13  1.16162e-14
2.981399080e+00  8.8837899e-13  8.88379e-13  8.76003e-13  1.23765e-14
2.996306076e+00  8.8609221e-13  8.86092e-13  8.72913e-13  1.31792e-14
3.011287606e+00  8.8426132e-13  8.84261e-13  8.70235e-13  1.40265e-14
3.026344044e+00  8.8314681e-13  8.83147e-13  8.68228e-13  1.49189e-14
3.041475764e+00  8.8159626e-13  8.81596e-13  8.65732e-13  1.58644e-14
3.056683143e+00  8.7887057e-13  8.78871e-13  8.62000e-13  1.68702e-14
3.071966559e+00  8.7477788e-13  8.74778e-13  8.56836e-13  1.79417e-14
3.087326392e+00  8.7043021e-13  8.70430e-13  8.51354e-13  1.90761e-14
3.102763024e+00  8.6686771e-13  8.66868e-13  8.46598e-13  2.02696e-14
3.118276839e+00  8.6498758e-13  8.64988e-13  8.43470e-13  2.15172e-14
3.133868223e+00  8.6493428e-13  8.64934e-13  8.42116e-13  2.28184e-14
3.149537564e+00  8.6598631e-13  8.65986e-13  8.41807e-13  2.41797e-14
3.165285252e+00  8.6851160e-13  8.68512e-13  8.42913e-13  2.55988e-14
3.181111678e+00  8.7258321e-13  8.72583e-13  8.45508e-13  2.70753e-14
3.197017237e+00  8.7855050e-13  8.78550e-13  8.49945e-13  2.86053e-14
3.213002323e+00  8.8602223e-13  8.86022e-13  8.55830e-13  3.01921e-14
3.229067334e+00  8.9358851e-13  8.93589e-13  8.61736e-13  3.18525e-14
3.245212671e+00  9.0196483e-13  9.01965e-13  8.68385e-13  3.35795e-14
3.261438734e+00  9.1106527e-13  9.11065e-13  8.75690e-13  3.53749e-14
3.277745928e+00  9.1936710e-13  9.19367e-13  8.82105e-13  3.72624e-14
3.294134658e+00  9.2759045e-13  9.27590e-13  8.88355e-13  3.92353e-14
3.310605331e+00  9.3685819e-13  9.36858e-13  8.95581e-13  4.12776e-14
3.327158358e+00  9.4613498e-13  9.46135e-13  9.02727e-13  4.34075e-14
3.343794149e+00  9.5435749e-13  9.54357e-13  9.08709e-13  4.56485e-14
3.360513120e+00  9.6200524e-13  9.62005e-13  9.14008e-13  4.79976e-14
3.377315686e+00  9.7087283e-13  9.70873e-13  9.20453e-13  5.04203e-14
3.394202264e+00  9.8146387e-13  9.81464e-13  9.28561e-13  5.29025e-14
3.411173276e+00  9.9174182e-13  9.91742e-13  9.36251e-13  5.54907e-14
3.428229142e+00  1.0045223e-12  1.00452e-12  9.46409e-13  5.81133e-14
3.445370288e+00  1.0130518e-12  1.01305e-12  9.52099e-13  6.09531e-14
3.462597139e+00  1.0208408e-12  1.02084e-12  9.56912e-13  6.39288e-14
3.479910125e+00  1.0272265e-12  1.02723e-12  9.60157e-13  6.70696e-14
3.497309675e+00  1.0357812e-12  1.03578e-12  9.65517e-13  7.02641e-14
3.514796224e+00  1.0445972e-12  1.04460e-12  9.71025e-13  7.35724e-14
3.532370205e+00  1.0501583e-12  1.05016e-12  9.73024e-13  7.71339e-14
3.550032056e+00  1.0565920e-12  1.05659e-12  9.75788e-13  8.08042e-14
3.567782216e+00  1.0619732e-12  1.06197e-12  9.77306e-13  8.46668e-14
3.585621127e+00  1.0660891e-12  1.06609e-12  9.77344e-13  8.87453e-14
3.603549233e+00  1.0692110e-12  1.06921e-12  9.76168e-13  9.30426e-14
3.621566979e+00  1.0725363e-12  1.07254e-12  9.75026e-13  9.75107e-14
3.639674814e+00  1.0759598e-12  1.07596e-12  9.73799e-13  1.02160e-13
3.657873188e+00  1.0799996e-12  1.08000e-12  9.73033e-13  1.06967e-13
3.676162554e+00  1.0841671e-12  1.08417e-12  9.72206e-13  1.11962e-13
3.694543367e+00  1.0869455e-12  1.08695e-12  9.69691e-13  1.17254e-13
3.713016084e+00  1.0891230e-12  1.08912e-12  9.66309e-13  1.22814e-13
3.731581164e+00  1.0903763e-12  1.09038e-12  9.61695e-13  1.28682e-13
3.750239070e+00  1.0912109e-12  1.09121e-12  9.56370e-13  1.34841e-13
3.768990265e+00  1.0916847e-12  1.09168e-12  9.50379e-13  1.41305e-13
3.787835216e+00  1.0918549e-12  1.09185e-12  9.43768e-13  1.48087e-13
3.806774393e+00  1.0927028e-12  1.09270e-12  9.37592e-13  1.55111e-13
3.825808265e+00  1.0934303e-12  1.09343e-12  9.30968e-13  1.62462e-13
3.844937306e+00  1.0943958e-12  1.09440e-12  9.24275e-13  1.70120e-13
3.864161992e+00  1.0959625e-12  1.09596e-12  9.17908e-13  1.78055e-13
3.883482802e+00  1.0975772e-12  1.09758e-12  9.11238e-13  1.86339e-13
3.902900216e+00  1.0988329e-12  1.09883e-12  9.03786e-13  1.95047e-13
3.922414717e+00  1.1000405e-12  1.10004e-12  8.95878e-13  2.04162e-13
3.942026791e+00  1.1009468e-12  1.10095e-12  8.87198e-13  2.13749e-13
3.961736925e+00  1.1011666e-12  1.10117e-12  8.77266e-13  2.23901e-13
3.981545610e+00  1.1005148e-12  1.10051e-12  8.65815e-13  2.34700e-13
4.001453338e+00  1.0992630e-12  1.09926e-12  8.53108e-13  2.46155e-13
4.021460604e+00  1.1000056e-12  1.10001e-12  8.42178e-13  2.57828e-13
4.041567907e+00  1.1039076e-12  1.10391e-12  8.34461e-13  2.69446e-13
4.061775747e+00  1.1078601e-12  1.10786e-12  8.26255e-13  2.81605e-13
4.082084626e+00  1.1109747e-12  1.11097e-12  8.16429e-13  2.94546e-13
4.102495049e+00  1.1136323e-12  1.11363e-12  8.05379e-13  3.08253e-13
4.123007524e+00  1.1163409e-12  1.11634e-12  7.93677e-13  3.22664e-13
4.143622562e+00  1.1198454e-12  1.11985e-12  7.82222e-13  3.37623e-13
4.164340674e+00  1.1238376e-12  1.12384e-12  7.70596e-13  3.53241e-13
4.185162378e+00  1.1281260e-12  1.12813e-12  7.58509e-13  3.69617e-13
4.206088190e+00  1.1333862e-12  1.13339e-12  7.46812e-13  3.86575e-13
4.227118631e+00  1.1400176e-12  1.14002e-12  7.36036e-13  4.03981e-13
4.248254224e+00  1.1463596e-12  1.14636e-12  7.23890e-13  4.22470e-13
4.269495495e+00  1.1534857e-12  1.15349e-12  7.11778e-13  4.41708e-13
4.290842972e+00  1.1620275e-12  1.16203e-12  7.00579e-13  4.61449e-13
4.312297187e+00  1.1712691e-12  1.17127e-12  6.89250e-13  4.82019e-13
4.333858673e+00  1.1811483e-12  1.18115e-12  6.77647e-13  5.03502e-13
4.355527967e+00  1.1919192e-12  1.19192e-12  6.66098e-13  5.25821e-13
4.377305606e+00  1.2036363e-12  1.20364e-12  6.54648e-13  5.48989e-13
4.399192134e+00  1.2163379e-12  1.21634e-12  6.43316e-13  5.73022e-13
4.421188095e+00  1.2301219e-12  1.23012e-12  6.32227e-13  5.97895e-13
4.443294036e+00  1.2452037e-12  1.24520e-12  6.21729e-13  6.23475e-13
4.465510506e+00  1.2612477e-12  1.26125e-12  6.11213e-13  6.50034e-13
4.487838058e+00  1.2781711e-12  1.27817e-12  6.00461e-13  6.77710e-13
4.510277249e+00  1.2963212e-12  1.29632e-12  5.90062e-13  7.06259e-13
4.532828635e+00  1.3157530e-12  1.31575e-12  5.80112e-13  7.35641e-13
4.555492778e+00  1.3361214e-12  1.33612e-12  5.69847e-13  7.66275e-13
4.578270242e+00  1.3574299e-12  1.35743e-12  5.59140e-13  7.98290e-13
4.601161593e+00  1.3802357e-12  1.38024e-12  5.49192e-13  8.31044e-13
4.624167401e+00  1.4043272e-12  1.40433e-12  5.39503e-13  8.64824e-13
4.647288238e+00  1.4296715e-12  1.42967e-12  5.29935e-13  8.99737e-13
4.670524679e+00  1.4562832e-12  1.45628e-12  5.20448e-13  9.35835e-13
4.693877303e+00  1.4840734e-12  1.48407e-12  5.10629e-13  9.73445e-13
4.717346689e+00  1.5132694e-12  1.51327e-12  5.01084e-13  1.01219e-12
4.740933423e+00  1.5438509e-12  1.54385e-12  4.91661e-13  1.05219e-12
4.764638090e+00  1.5755987e-12  1.57560e-12  4.81057e-13  1.09454e-12
4.788461280e+00  1.6086944e-12  1.60869e-12  4.69358e-13  1.13934e-12
4.812403587e+00  1.6432363e-12  1.64324e-12  4.55964e-13  1.18727e-12
4.836465604e+00  1.6793717e-12  1.67937e-12  4.39599e-13  1.23977e-12
4.860647933e+00  1.7173932e-12  1.71739e-12  4.17136e-13  1.30026e-12
4.884951172e+00  1.7581476e-12  1.75815e-12  3.78601e-13  1.37955e-12
4.909375928e+00  1.8031335e-12  1.80313e-12  3.39212e-13  1.46392e-12
4.933922808e+00  1.8514708e-12  1.85147e-12  3.12311e-13  1.53916e-12
4.958592422e+00  1.9012977e-12  1.90130e-12  3.00407e-13  1.60089e-12
4.983385384e+00  1.9506914e-12  1.95069e-12  3.03071e-13  1.64762e-12
5.008302311e+00  2.0010405e-12  2.00104e-12  3.05295e-13  1.69575e-12
5.033343822e+00  2.0533148e-12  2.05331e-12  3.03870e-13  1.74944e-12
5.058510541e+00  2.1080873e-12  2.10809e-12  2.98808e-13  1.80928e-12
5.083803094e+00  2.1658720e-12  2.16587e-12  2.90366e-13  1.87551e-12
5.109222110e+00  2.2269876e-12  2.22699e-12  2.79202e-13  1.94779e-12
5.134768220e+00  2.2914540e-12  2.29145e-12  2.66338e-13  2.02512e-12
5.160442061e+00  2.3592503e-12  2.35925e-12  2.52492e-13  2.10676e-12
5.186244272e+00  2.4298247e-12  2.42982e-12  2.38974e-13  2.19085e-12
5.212175493e+00  2.5030830e-12  2.50308e-12  2.25968e-13  2.27712e-12
5.238236370e+00  2.5749841e-12  2.57498e-12  2.18768e-13  2.35622e-12
5.264427552e+00  2.6458064e-12  2.64581e-12  2.15701e-13  2.43011e-12
5.290749690e+00  2.7187509e-12  2.71875e-12  2.12302e-13  2.50645e-12
5.317203438e+00  2.7952464e-12  2.79525e-12  2.07217e-13  2.58803e-12
5.343789456e+00  2.8760630e-12  2.87606e-12  2.00113e-13  2.67595e-12
5.370508403e+00  2.9622563e-12  2.96226e-12  1.90524e-13  2.77173e-12
5.397360945e+00  3.0509001e-12  3.05090e-12  1.81410e-13  2.86949e-12
5.424347750e+00  3.1444060e-12  3.14441e-12  1.70888e-13  2.97352e-12
5.451469488e+00  3.2369910e-12  3.23699e-12  1.63450e-13  3.07354e-12
5.478726836e+00  3.3250163e-12  3.32502e-12  1.61062e-13  3.16395e-12
5.506120470e+00  3.4134619e-12  3.41346e-12  1.59700e-13  3.25376e-12
5.533651072e+00  3.5074956e-12  3.50750e-12  1.56101e-13  3.35139e-12
5.561319328e+00  3.6125643e-12  3.61256e-12  1.47564e-13  3.46500e-12
5.589125924e+00  3.7355177e-12  3.73552e-12  1.31247e-13  3.60427e-12
5.617071554e+00  3.8549056e-12  3.85491e-12  1.19319e-13  3.73559e-12
5.645156912e+00  3.9519936e-12  3.95199e-12  1.20186e-13  3.83181e-12
5.673382696e+00  4.0334623e-12  4.03346e-12  1.28899e-13  3.90456e-12
5.701749610e+00  4.1086736e-12  4.10867e-12  1.40226e-13  3.96845e-12
5.730258358e+00  4.1863546e-12  4.18635e-12  1.50147e-13  4.03621e-12
5.758909650e+00  4.2772781e-12  4.27728e-12  1.54586e-13  4.12269e-12
5.787704198e+00  4.3898929e-12  4.38989e-12  1.51113e-13  4.23878e-12
5.816642719e+00  4.5114487e-12  4.51145e-12  1.45358e-13  4.36609e-12
5.845725932e+00  4.6365064e-12  4.63651e-12  1.39499e-13  4.49701e-12
5.874954562e+00  4.7641071e-12  4.76411e-12  1.33884e-13  4.63022e-12
5.904329335e+00  4.8888908e-12  4.88889e-12  1.30171e-13  4.75872e-12
5.933850982e+00  5.0201952e-12  5.02020e-12  1.25351e-13  4.89484e-12
5.963520237e+00  5.1655676e-12  5.16557e-12  1.17422e-13  5.04815e-12
5.993337838e+00  5.3098505e-12  5.30985e-12  1.10936e-13  5.19891e-12
6.023304527e+00  5.4255969e-12  5.42560e-12  1.12937e-13  5.31266e-12
6.053421050e+00  5.4922611e-12  5.49226e-12  1.27579e-13  5.36468e-12
6.083688155e+00  5.5689544e-12  5.56895e-12  1.39060e-13  5.42989e-12
6.114106596e+00  5.6697184e-12  5.66972e-12  1.44451e-13  5.52527e-12
6.144677129e+00  5.7904474e-12  5.79045e-12  1.45344e-13  5.64510e-12
6.175400514e+00  5.9165308e-12  5.91653e-12  1.45372e-13  5.77116e-12
6.206277517e+00  6.0415431e-12  6.04154e-12  1.45951e-13  5.89559e-12
6.237308904e+00  6.1596416e-12  6.15964e-12  1.48178e-13  6.01146e-12
6.268495449e+00  6.2683530e-12  6.26835e-12  1.52335e-13  6.11602e-12
6.299837926e+00  6.3698685e-12  6.36987e-12  1.57798e-13  6.21207e-12
6.331337116e+00  6.4647631e-12  6.46476e-12  1.64309e-13  6.30045e-12
6.362993801e+00  6.5721321e-12  6.57213e-12  1.68473e-13  6.40366e-12
6.394808770e+00  6.6977774e-12  6.69778e-12  1.69565e-13  6.52821e-12
6.426782814e+00  6.8235167e-12  6.82352e-12  1.70786e-13  6.65273e-12
6.458916728e+00  6.9597433e-12  6.95974e-12  1.70521e-13  6.78922e-12
6.491211312e+00  7.0997879e-12  7.09979e-12  1.69905e-13  6.92988e-12
6.523667368e+00  7.2490490e-12  7.24905e-12  1.68200e-13  7.08085e-12
6.556285705e+00  7.3951748e-12  7.39517e-12  1.67221e-13  7.22795e-12
6.589067134e+00  7.5434260e-12  7.54343e-12  1.66194e-13  7.37723e-12
6.622012469e+00  7.7015268e-12  7.70153e-12  1.64124e-13  7.53740e-12
6.655122532e+00  7.8729963e-12  7.87300e-12  1.60672e-13  7.71232e-12
6.688398144e+00  8.0608177e-12  8.06082e-12  1.55614e-13  7.90520e-12
6.721840135e+00  8.2594897e-12  8.25949e-12  1.49753e-13  8.10974e-12
6.755449336e+00  8.4698213e-12  8.46982e-12  1.43083e-13  8.32674e-12
6.789226583e+00  8.6755681e-12  8.67557e-12  1.37471e-13  8.53810e-12
6.823172715e+00  8.8633343e-12  8.86333e-12  1.34254e-13  8.72908e-12
6.857288579e+00  9.0419471e-12  9.04195e-12  1.32307e-13  8.90964e-12
6.891575022e+00  9.2352048e-12  9.23520e-12  1.29142e-13  9.10606e-12
6.926032897e+00  9.4514639e-12  9.45146e-12  1.24062e-13  9.32740e-12
6.960663062e+00  9.6741534e-12  9.67415e-12  1.18799e-13  9.55535e-12
6.995466377e+00  9.9084711e-12  9.90847e-12  1.12905e-13  9.79557e-12
7.030443709e+00  1.0152009e-11  1.01520e-11  1.06654e-13  1.00454e-11
7.065595927e+00  1.0369715e-11  1.03697e-11  1.03091e-13  1.02666e-11
7.100923907e+00  1.0571678e-11  1.05717e-11  1.01149e-13  1.04705e-11
7.136428526e+00  1.0782829e-11  1.07828e-11  9.86771e-14  1.06842e-11
7.172110669e+00  1.1007430e-11  1.10074e-11  9.53876e-14  1.09120e-11
7.207971222e+00  1.1234215e-11  1.12342e-11  9.22106e-14  1.11420e-11
7.244011079e+00  1.1451924e-11  1.14519e-11  8.99731e-14  1.13620e-11
7.280231134e+00  1.1668373e-11  1.16684e-11  8.80362e-14  1.15803e-11
7.316632290e+00  1.1908465e-11  1.19085e-11  8.46351e-14  1.18238e-11
7.353215451e+00  1.2163167e-11  1.21632e-11  8.05064e-14  1.20827e-11
7.389981528e+00  1.2418604e-11  1.24186e-11  7.66302e-14  1.23420e-11
7.426931436e+00  1.2674741e-11  1.26747e-11  7.29924e-14  1.26017e-11
7.464066093e+00  1.2935381e-11  1.29354e-11  6.93395e-14  1.28660e-11
7.501386424e+00  1.3195328e-11  1.31953e-11  6.59921e-14  1.31293e-11
7.538893356e+00  1.3446675e-11  1.34467e-11  6.33974e-14  1.33833e-11
7.576587822e+00  1.3689328e-11  1.36893e-11  6.15035e-14  1.36278e-11
7.614470762e+00  1.3918964e-11  1.39190e-11  6.04993e-14  1.38585e-11
7.652543115e+00  1.4148188e-11  1.41482e-11  5.96264e-14  1.40886e-11
7.690805831e+00  1.4388763e-11  1.43888e-11  5.82476e-14  1.43305e-11
7.729259860e+00  1.4638913e-11  1.46389e-11  5.64932e-14  1.45824e-11
7.767906159e+00  1.4903101e-11  1.49031e-11  5.41662e-14  1.48489e-11
7.806745690e+00  1.5166278e-11  1.51663e-11  5.20518e-14  1.51142e-11
7.845779419e+00  1.5417710e-11  1.54177e-11  5.06502e-14  1.53671e-11
7.885008316e+00  1.5676322e-11  1.56763e-11  4.90228e-14  1.56273e-11
7.924433357e+00  1.5944446e-11  1.59444e-11  4.70799e-14  1.58974e-11
7.964055524e+00  1.6216142e-11  1.62161e-11  4.51094e-14  1.61710e-11
8.003875802e+00  1.6501325e-11  1.65013e-11  4.26833e-14  1.64586e-11
8.043895181e+00  1.6795045e-11  1.67950e-11  4.00453e-14  1.67550e-11
8.084114657e+00  1.7100312e-11  1.71003e-11  3.70875e-14  1.70632e-11
8.124535230e+00  1.7408550e-11  1.74086e-11  3.41801e-14  1.73744e-11
8.165157906e+00  1.7707436e-11  1.77074e-11  3.18065e-14  1.76756e-11
8.205983696e+00  1.8000363e-11  1.80004e-11  2.97998e-14  1.79706e-11
8.247013614e+00  1.8278660e-11  1.82787e-11  2.84603e-14  1.82502e-11
8.288248682e+00  1.8550858e-11  1.85509e-11  2.74292e-14  1.85234e-11
8.329689926e+00  1.8829041e-11  1.88290e-11  2.62523e-14  1.88028e-11
8.371338375e+00  1.9116235e-11  1.91162e-11  2.48333e-14  1.90914e-11
8.413195067e+00  1.9403388e-11  1.94034e-11  2.34977e-14  1.93799e-11
8.455261042e+00  1.9687823e-11  1.96878e-11  2.23291e-14  1.96655e-11
8.497537348e+00  1.9966122e-11  1.99661e-11  2.14274e-14  1.99447e-11
8.540025034e+00  2.0243192e-11  2.02432e-11  2.06177e-14  2.02226e-11
8.582725160e+00  2.0522993e-11  2.05230e-11  1.97698e-14  2.05032e-11
8.625638785e+00  2.0801593e-11  2.08016e-11  1.90053e-14  2.07826e-11
8.668766979e+00  2.1073588e-11  2.10736e-11  1.84792e-14  2.10551e-11
8.712110814e+00  2.1343328e-11  2.13433e-11  1.80482e-14  2.13253e-11
8.755671368e+00  2.1613027e-11  2.16130e-11  1.76420e-14  2.15954e-11
8.799449725e+00  2.1881298e-11  2.18813e-11  1.72966e-14  2.18640e-11
8.843446974e+00  2.2144027e-11  2.21440e-11  1.71194e-14  2.21269e-11
8.887664209e+00  2.2391067e-11  2.23911e-11  1.73696e-14  2.23737e-11
8.932102530e+00  2.2621779e-11  2.26218e-11  1.80355e-14  2.26037e-11
8.976763042e+00  2.2828859e-11  2.28289e-11  1.92762e-14  2.28096e-11
9.021646857e+00  2.2984901e-11  2.29849e-11  2.17404e-14  2.29632e-11
9.066755092e+00  2.3088789e-11  2.30888e-11  2.53766e-14  2.30634e-11
9.112088867e+00  2.3133249e-11  2.31332e-11  3.02834e-14  2.31030e-11
9.157649312e+00  2.3112444e-11  2.31124e-11  3.65154e-14  2.30759e-11
9.203437558e+00  2.3077148e-11  2.30771e-11  4.28152e-14  2.30343e-11
9.249454746e+00  2.2989337e-11  2.29893e-11  5.00311e-14  2.29393e-11
9.295702020e+00  2.2804323e-11  2.28043e-11  5.90903e-14  2.27452e-11
9.342180530e+00  2.2657191e-11  2.26572e-11  6.69447e-14  2.25902e-11
9.388891432e+00  2.2698476e-11  2.26985e-11  7.04577e-14  2.26280e-11
9.435835890e+00  2.2869891e-11  2.28699e-11  7.10939e-14  2.27988e-11
9.483015069e+00  2.3058606e-11  2.30586e-11  7.13242e-14  2.29873e-11
9.530430144e+00  2.3241515e-11  2.32415e-11  7.16333e-14  2.31699e-11
9.578082295e+00  2.3451906e-11  2.34519e-11  7.13618e-14  2.33805e-11
9.625972707e+00  2.3677210e-11  2.36772e-11  7.07838e-14  2.36064e-11
9.674102570e+00  2.3897533e-11  2.38975e-11  7.02922e-14  2.38272e-11
9.722473083e+00  2.4112975e-11  2.41130e-11  6.98795e-14  2.40431e-11
9.771085448e+00  2.4321988e-11  2.43220e-11  6.95686e-14  2.42524e-11
9.819940876e+00  2.4523811e-11  2.45238e-11  6.93669e-14  2.44544e-11
9.869040580e+00  2.4730624e-11  2.47306e-11  6.90541e-14  2.46616e-11
9.918385783e+00  2.4946831e-11  2.49468e-11  6.85601e-14  2.48783e-11
9.967977712e+00  2.5191635e-11  2.51916e-11  6.75702e-14  2.51241e-11
1.001781760e+01  2.5425531e-11  2.54255e-11  6.67654e-14  2.53588e-11
1.006790669e+01  2.5561635e-11  2.55616e-11  6.75474e-14  2.54941e-11
1.011824622e+01  2.5476912e-11  2.54769e-11  7.17937e-14  2.54051e-11
1.016883745e+01  2.5483725e-11  2.54837e-11  7.44201e-14  2.54093e-11
1.021968164e+01  2.6018202e-11  2.60182e-11  6.87966e-14  2.59494e-11
1.027078005e+01  2.6655269e-11  2.66553e-11  6.17875e-14  2.65935e-11
1.032213395e+01  2.7034823e-11  2.70348e-11  5.88175e-14  2.69760e-11
1.037374462e+01  2.7094704e-11  2.70947e-11  6.05845e-14  2.70341e-11
1.042561334e+01  2.6862596e-11  2.68626e-11  6.64449e-14  2.67962e-11
1.047774141e+01  2.5895682e-11  2.58957e-11  8.24238e-14  2.58133e-11
1.053013012e+01  2.5486058e-11  2.54861e-11  9.01024e-14  2.53960e-11
1.058278077e+01  2.5648851e-11  2.56489e-11  8.96912e-14  2.55592e-11
1.063569467e+01  2.5930431e-11  2.59304e-11  8.76670e-14  2.58428e-11
1.068887314e+01  2.6255058e-11  2.62551e-11  8.51075e-14  2.61700e-11
1.074231751e+01  2.6597624e-11  2.65976e-11  8.23648e-14  2.65153e-11
1.079602910e+01  2.6928950e-11  2.69290e-11  7.98198e-14  2.68491e-11
1.085000924e+01  2.7315429e-11  2.73154e-11  7.66334e-14  2.72388e-11
1.090425929e+01  2.7694312e-11  2.76943e-11  7.36098e-14  2.76207e-11
1.095878058e+01  2.8046575e-11  2.80466e-11  7.09722e-14  2.79756e-11
1.101357449e+01  2.8388101e-11  2.83881e-11  6.85138e-14  2.83196e-11
1.106864236e+01  2.8697522e-11  2.86975e-11  6.64769e-14  2.86310e-11
1.112398557e+01  2.9031241e-11  2.90312e-11  6.41921e-14  2.89670e-11
1.117960550e+01  2.9368341e-11  2.93683e-11  6.19089e-14  2.93064e-11
1.123550353e+01  2.9688026e-11  2.96880e-11  5.98598e-14  2.96282e-11
1.129168104e+01  3.0042578e-11  3.00426e-11  5.74603e-14  2.99851e-11
1.134813945e+01  3.0499683e-11  3.04997e-11  5.39958e-14  3.04457e-11
1.140488015e+01  3.1056969e-11  3.10570e-11  4.95418e-14  3.10074e-11
1.146190455e+01  3.1695210e-11  3.16952e-11  4.43469e-14  3.16509e-11
1.151921407e+01  3.2455086e-11  3.24551e-11  3.80270e-14  3.24171e-11
1.157681014e+01  3.3258354e-11  3.32584e-11  3.14305e-14  3.32269e-11
1.163469419e+01  3.3862295e-11  3.38623e-11  2.70003e-14  3.38353e-11
1.169286766e+01  3.4282135e-11  3.42821e-11  2.44906e-14  3.42576e-11
1.175133200e+01  3.4675683e-11  3.46757e-11  2.22850e-14  3.46534e-11
1.181008866e+01  3.5046464e-11  3.50465e-11  2.03368e-14  3.50261e-11
1.186913910e+01  3.5150044e-11  3.51500e-11  2.09375e-14  3.51291e-11
1.192848480e+01  3.5218774e-11  3.52188e-11  2.18187e-14  3.51970e-11
1.198812722e+01  3.5462079e-11  3.54621e-11  2.10526e-14  3.54410e-11
1.204806786e+01  3.5767633e-11  3.57676e-11  1.97225e-14  3.57479e-11
1.210830820e+01  3.6049040e-11  3.60490e-11  1.86204e-14  3.60304e-11
1.216884974e+01  3.6305140e-11  3.63051e-11  1.77468e-14  3.62874e-11
1.222969399e+01  3.6557301e-11  3.65573e-11  1.69077e-14  3.65404e-11
1.229084246e+01  3.6792785e-11  3.67928e-11  1.62100e-14  3.67766e-11
1.235229667e+01  3.7005171e-11  3.70052e-11  1.57018e-14  3.69895e-11
1.241405815e+01  3.7206524e-11  3.72065e-11  1.52753e-14  3.71912e-11
1.247612845e+01  3.7397467e-11  3.73975e-11  1.49221e-14  3.73825e-11
1.253850909e+01  3.7586852e-11  3.75869e-11  1.45679e-14  3.75723e-11
1.260120163e+01  3.7767207e-11  3.77672e-11  1.42719e-14  3.77529e-11
1.266420764e+01  3.7939995e-11  3.79400e-11  1.40202e-14  3.79260e-11
1.272752868e+01  3.8108693e-11  3.81087e-11  1.37842e-14  3.80949e-11
1.279116632e+01  3.8275645e-11  3.82756e-11  1.35453e-14  3.82621e-11
1.285512215e+01  3.8438047e-11  3.84380e-11  1.33246e-14  3.84247e-11
1.291939776e+01  3.8605070e-11  3.86051e-11  1.30534e-14  3.85920e-11
1.298399475e+01  3.8773563e-11  3.87736e-11  1.27567e-14  3.87608e-11
1.304891473e+01  3.8941532e-11  3.89415e-11  1.24498e-14  3.89291e-11
1.311415930e+01  3.9111817e-11  3.91118e-11  1.21130e-14  3.90997e-11
1.317973010e+01  3.9279978e-11  3.92800e-11  1.17784e-14  3.92682e-11
1.324562875e+01  3.9448447e-11  3.94484e-11  1.14293e-14  3.94370e-11
1.331185689e+01  3.9605770e-11  3.96058e-11  1.11446e-14  3.95946e-11
1.337841618e+01  3.9761701e-11  3.97617e-11  1.08559e-14  3.97508e-11
1.344530826e+01  3.9917062e-11  3.99171e-11  1.05579e-14  3.99065e-11
1.351253480e+01  4.0065653e-11  4.00657e-11  1.02917e-14  4.00554e-11
1.358009747e+01  4.0220695e-11  4.02207e-11  9.97027e-15  4.02107e-11
1.364799796e+01  4.0376847e-11  4.03768e-11  9.62985e-15  4.03672e-11
1.371623795e+01  4.0521607e-11  4.05216e-11  9.35061e-15  4.05123e-11
1.378481914e+01  4.0669115e-11  4.06691e-11  9.04164e-15  4.06601e-11
1.385374323e+01  4.0825278e-11  4.08253e-11  8.66747e-15  4.08166e-11
1.392301195e+01  4.0976710e-11  4.09767e-11  8.31244e-15  4.09684e-11
1.399262701e+01  4.1130128e-11  4.11301e-11  7.93527e-15  4.11222e-11
1.406259015e+01  4.1274559e-11  4.12746e-11  7.60238e-15  4.12670e-11
1.413290310e+01  4.1417996e-11  4.14180e-11  7.26506e-15  4.14107e-11
1.420356761e+01  4.1544290e-11  4.15443e-11  7.01772e-15  4.15373e-11
1.427458545e+01  4.1677184e-11  4.16772e-11  6.72038e-15  4.16705e-11
1.434595838e+01  4.1818441e-11  4.18184e-11  6.36479e-15  4.18121e-11
1.441768817e+01  4.1951864e-11  4.19519e-11  6.04424e-15  4.19458e-11
1.448977661e+01  4.2077412e-11  4.20774e-11  5.75783e-15  4.20717e-11
1.456222549e+01  4.2188169e-11  4.21882e-11  5.54246e-15  4.21826e-11
1.463503662e+01  4.2300846e-11  4.23008e-11  5.30491e-15  4.22955e-11
1.470821180e+01  4.2405115e-11  4.24051e-11  5.10149e-15  4.24000e-11
1.478175286e+01  4.2503967e-11  4.25040e-11  4.91524e-15  4.24991e-11
1.485566163e+01  4.2592191e-11  4.25922e-11  4.77300e-15  4.25874e-11
1.492993994e+01  4.2670182e-11  4.26702e-11  4.67131e-15  4.26655e-11
1.500458964e+01  4.2727052e-11  4.27271e-11  4.66486e-15  4.27224e-11
1.507961258e+01  4.2759246e-11  4.27592e-11  4.76864e-15  4.27545e-11
1.515501065e+01  4.2772338e-11  4.27723e-11  4.95104e-15  4.27674e-11
1.523078570e+01  4.2702622e-11  4.27026e-11  5.52644e-15  4.26971e-11
1.530693963e+01  4.2565089e-11  4.25651e-11  6.40839e-15  4.25587e-11
1.538347433e+01  4.2423781e-11  4.24238e-11  7.27517e-15  4.24165e-11
1.546039170e+01  4.2215738e-11  4.22157e-11  8.43046e-15  4.22073e-11
1.553769366e+01  4.1914083e-11  4.19141e-11  9.99313e-15  4.19041e-11
1.561538212e+01  4.1722927e-11  4.17229e-11  1.09877e-14  4.17119e-11
1.569345903e+01  4.1548751e-11  4.15488e-11  1.18681e-14  4.15369e-11
1.577192633e+01  4.1378046e-11  4.13780e-11  1.27004e-14  4.13653e-11
1.585078596e+01  4.1315508e-11  4.13155e-11  1.30073e-14  4.13025e-11
1.593003989e+01  4.1285765e-11  4.12858e-11  1.31461e-14  4.12726e-11
1.600969009e+01  4.1300364e-11  4.13004e-11  1.30700e-14  4.12873e-11
1.608973854e+01  4.1361176e-11  4.13612e-11  1.27776e-14  4.13484e-11
1.617018723e+01  4.1466531e-11  4.14665e-11  1.22825e-14  4.14542e-11
1.625103817e+01  4.1572408e-11  4.15724e-11  1.17824e-14  4.15606e-11
1.633229336e+01  4.1720272e-11  4.17203e-11  1.10990e-14  4.17092e-11
1.641395483e+01  4.1863832e-11  4.18638e-11  1.04351e-14  4.18534e-11
1.649602460e+01  4.1985862e-11  4.19859e-11  9.86285e-15  4.19760e-11
1.657850473e+01  4.2158743e-11  4.21587e-11  9.07753e-15  4.21497e-11
1.666139725e+01  4.2263715e-11  4.22637e-11  8.57647e-15  4.22551e-11
1.674470424e+01  4.2412910e-11  4.24129e-11  7.89248e-15  4.24050e-11
1.682842776e+01  4.2520215e-11  4.25202e-11  7.38013e-15  4.25128e-11
1.691256990e+01  4.2602845e-11  4.26028e-11  6.96553e-15  4.25959e-11
1.699713274e+01  4.2612232e-11  4.26122e-11  6.83925e-15  4.26054e-11
1.708211841e+01  4.2538256e-11  4.25383e-11  7.03316e-15  4.25312e-11
1.716752900e+01  4.2413647e-11  4.24136e-11  7.41057e-15  4.24062e-11
1.725336665e+01  4.2210674e-11  4.22107e-11  8.07370e-15  4.22026e-11
1.733963348e+01  4.1966947e-11  4.19669e-11  8.87054e-15  4.19581e-11
1.742633165e+01  4.1650815e-11  4.16508e-11  9.91762e-15  4.16409e-11
1.751346330e+01  4.1320171e-11  4.13202e-11  1.09903e-14  4.13092e-11
1.760103062e+01  4.0942946e-11  4.09429e-11  1.22074e-14  4.09307e-11
1.768903577e+01  4.0624515e-11  4.06245e-11  1.31757e-14  4.06113e-11
1.777748095e+01  4.0279924e-11  4.02799e-11  1.42129e-14  4.02657e-11
1.786636836e+01  4.0032408e-11  4.00324e-11  1.48700e-14  4.00175e-11
1.795570020e+01  3.9774174e-11  3.97742e-11  1.55448e-14  3.97586e-11
1.804547870e+01  3.9537788e-11  3.95378e-11  1.61207e-14  3.95217e-11
1.813570609e+01  3.9212706e-11  3.92127e-11  1.69911e-14  3.91957e-11
1.822638462e+01  3.8911849e-11  3.89118e-11  1.77528e-14  3.88941e-11
1.831751655e+01  3.8738099e-11  3.87381e-11  1.80511e-14  3.87200e-11
1.840910413e+01  3.8678879e-11  3.86789e-11  1.79414e-14  3.86609e-11
1.850114965e+01  3.8602781e-11  3.86028e-11  1.78828e-14  3.85849e-11
1.859365540e+01  3.8411250e-11  3.84113e-11  1.82078e-14  3.83930e-11
1.868662368e+01  3.8033228e-11  3.80332e-11  1.91454e-14  3.80141e-11
1.878005679e+01  3.7544326e-11  3.75443e-11  2.04285e-14  3.75239e-11
1.887395708e+01  3.7123307e-11  3.71233e-11  2.14585e-14  3.71018e-11
1.896832686e+01  3.6904589e-11  3.69046e-11  2.18014e-14  3.68828e-11
1.906316850e+01  3.6887829e-11  3.68878e-11  2.14753e-14  3.68664e-11
1.915848434e+01  3.7078251e-11  3.70783e-11  2.04799e-14  3.70578e-11
1.925427676e+01  3.7231962e-11  3.72320e-11  1.96107e-14  3.72124e-11
1.935054815e+01  3.7393132e-11  3.73931e-11  1.87248e-14  3.73744e-11
1.944730089e+01  3.7559118e-11  3.75591e-11  1.78311e-14  3.75413e-11
1.954453739e+01  3.7661895e-11  3.76619e-11  1.71420e-14  3.76448e-11
1.964226008e+01  3.7724526e-11  3.77245e-11  1.65813e-14  3.77079e-11
1.974047138e+01  3.7655884e-11  3.76559e-11  1.64260e-14  3.76395e-11
1.983917374e+01  3.7576505e-11  3.75765e-11  1.62994e-14  3.75602e-11
1.993836960e+01  3.7638542e-11  3.76385e-11  1.57413e-14  3.76228e-11
2.003806145e+01  3.7910270e-11  3.79103e-11  1.45570e-14  3.78957e-11
2.013825176e+01  3.8274704e-11  3.82747e-11  1.31091e-14  3.82616e-11
2.023894302e+01  3.8637813e-11  3.86378e-11  1.16813e-14  3.86261e-11
2.034013773e+01  3.8971577e-11  3.89716e-11  1.03556e-14  3.89612e-11
2.044183842e+01  3.9266819e-11  3.92668e-11  9.15635e-15  3.92577e-11
2.054404761e+01  3.9480690e-11  3.94807e-11  8.20457e-15  3.94725e-11
2.064676785e+01  3.9632206e-11  3.96322e-11  7.44036e-15  3.96248e-11
2.075000169e+01  3.9615039e-11  3.96150e-11  7.16205e-15  3.96079e-11
2.085375170e+01  3.9457988e-11  3.94580e-11  7.27773e-15  3.94507e-11
2.095802046e+01  3.9218911e-11  3.92189e-11  7.61670e-15  3.92113e-11
2.106281056e+01  3.8929707e-11  3.89297e-11  8.08541e-15  3.89216e-11
2.116812461e+01  3.8661944e-11  3.86619e-11  8.48347e-15  3.86535e-11
2.127396524e+01  3.8439585e-11  3.84396e-11  8.74672e-15  3.84308e-11
2.138033506e+01  3.8306220e-11  3.83062e-11  8.75944e-15  3.82975e-11
2.148723674e+01  3.8259543e-11  3.82595e-11  8.53325e-15  3.82510e-11
2.159467292e+01  3.8256461e-11  3.82565e-11  8.18894e-15  3.82483e-11
2.170264629e+01  3.8203362e-11  3.82034e-11  7.97861e-15  3.81954e-11
2.181115952e+01  3.8024434e-11  3.80244e-11  8.10021e-15  3.80163e-11
2.192021532e+01  3.7673314e-11  3.76733e-11  8.66880e-15  3.76646e-11
2.202981639e+01  3.7219113e-11  3.72191e-11  9.49482e-15  3.72096e-11
2.213996547e+01  3.6667631e-11  3.66676e-11  1.05580e-14  3.66571e-11
2.225066530e+01  3.6072040e-11  3.60720e-11  1.17166e-14  3.60603e-11
2.236191863e+01  3.5513202e-11  3.55132e-11  1.27620e-14  3.55004e-11
2.247372822e+01  3.5081908e-11  3.50819e-11  1.34658e-14  3.50684e-11
2.258609686e+01  3.4775083e-11  3.47751e-11  1.38427e-14  3.47612e-11
2.269902735e+01  3.4546810e-11  3.45468e-11  1.40143e-14  3.45328e-11
2.281252248e+01  3.4307399e-11  3.43074e-11  1.42081e-14  3.42932e-11
2.292658510e+01  3.3971440e-11  3.39714e-11  1.46350e-14  3.39568e-11
2.304121802e+01  3.3489908e-11  3.34899e-11  1.54112e-14  3.34745e-11
2.315642411e+01  3.2947274e-11  3.29473e-11  1.63235e-14  3.29310e-11
2.327220623e+01  3.2420650e-11  3.24206e-11  1.71824e-14  3.24035e-11
2.338856726e+01  3.1967297e-11  3.19673e-11  1.78507e-14  3.19494e-11
2.350551010e+01  3.1582645e-11  3.15826e-11  1.83433e-14  3.15643e-11
2.362303765e+01  3.1287909e-11  3.12879e-11  1.86128e-14  3.12693e-11
2.374115284e+01  3.1049952e-11  3.10500e-11  1.87420e-14  3.10312e-11
2.385985860e+01  3.0887985e-11  3.08880e-11  1.86885e-14  3.08693e-11
2.397915789e+01  3.0808193e-11  3.08082e-11  1.84411e-14  3.07898e-11
2.409905368e+01  3.0816265e-11  3.08163e-11  1.79904e-14  3.07983e-11
2.421954895e+01  3.0964172e-11  3.09642e-11  1.72201e-14  3.09470e-11
2.434064670e+01  3.1242372e-11  3.12424e-11  1.61582e-14  3.12262e-11
2.446234993e+01  3.1646746e-11  3.16467e-11  1.48192e-14  3.16319e-11
2.458466168e+01  3.2003697e-11  3.20037e-11  1.36017e-14  3.19901e-11
2.470758499e+01  3.2247192e-11  3.22472e-11  1.26523e-14  3.22345e-11
2.483112291e+01  3.2355491e-11  3.23555e-11  1.20150e-14  3.23435e-11
2.495527853e+01  3.2331962e-11  3.23320e-11  1.16767e-14  3.23203e-11
