# ------------------------------------------------------------------------
# Radiance spectrum
# NASA-GSFC Planetary Spectrum Generator (PSG) (Villanueva et al. 2018, 2022)
# Synthesized on Wed Feb 14 20:50:22 2024
# Doppler velocities [km/s] (vobs,vrot+vorb,vwidth,vrfl,vstr): 0.00000,-0.00000,0.00000,-119.41115,-0.00000
# Spectral unit: Wavelength [um]
# Radiance unit: Spectral irradiance [W/m2/um]
# Wave/freq Total Object Reflected Thermal
5.000000000e-01  4.3554726e-13  4.35547e-13  4.35547e-13  1.94050e-46
5.025000000e-01  4.3991933e-13  4.39919e-13  4.39919e-13  3.06152e-46
5.050125000e-01  4.4428207e-13  4.44282e-13  4.44282e-13  4.81884e-46
5.075375625e-01  4.4863464e-13  4.48635e-13  4.48635e-13  7.56720e-46
5.100752503e-01  4.5297619e-13  4.52976e-13  4.52976e-13  1.18555e-45
5.126256266e-01  4.5730587e-13  4.57306e-13  4.57306e-13  1.85312e-45
5.151887547e-01  4.6162286e-13  4.61623e-13  4.61623e-13  2.88995e-45
5.177646985e-01  4.6592632e-13  4.65926e-13  4.65926e-13  4.49659e-45
5.203535220e-01  4.7021542e-13  4.70215e-13  4.70215e-13  6.98054e-45
5.229552896e-01  4.7448933e-13  4.74489e-13  4.74489e-13  1.08121e-44
5.255700660e-01  4.7874725e-13  4.78747e-13  4.78747e-13  1.67093e-44
5.281979164e-01  4.8298834e-13  4.82988e-13  4.82988e-13  2.57650e-44
5.308389059e-01  4.8721181e-13  4.87212e-13  4.87212e-13  3.96401e-44
5.334931005e-01  4.9141685e-13  4.91417e-13  4.91417e-13  6.08522e-44
5.361605660e-01  4.9560267e-13  4.95603e-13  4.95603e-13  9.32092e-44
5.388413688e-01  4.9976846e-13  4.99768e-13  4.99768e-13  1.42458e-43
5.415355756e-01  5.0391345e-13  5.03913e-13  5.03913e-13  2.17255e-43
5.442432535e-01  5.0803686e-13  5.08037e-13  5.08037e-13  3.30602e-43
5.469644698e-01  5.1213791e-13  5.12138e-13  5.12138e-13  5.01998e-43
5.496992921e-01  5.1621585e-13  5.16216e-13  5.16216e-13  7.60613e-43
5.524477886e-01  5.2026992e-13  5.20270e-13  5.20270e-13  1.14999e-42
5.552100275e-01  5.2429937e-13  5.24299e-13  5.24299e-13  1.73501e-42
5.579860777e-01  5.2830346e-13  5.28303e-13  5.28303e-13  2.61209e-42
5.607760081e-01  5.3228146e-13  5.32281e-13  5.32281e-13  3.92425e-42
5.635798881e-01  5.3623265e-13  5.36233e-13  5.36233e-13  5.88320e-42
5.663977875e-01  5.4015631e-13  5.40156e-13  5.40156e-13  8.80165e-42
5.692297765e-01  5.4405174e-13  5.44052e-13  5.44052e-13  1.31405e-41
5.720759254e-01  5.4791825e-13  5.47918e-13  5.47918e-13  1.95776e-41
5.749363050e-01  5.5175515e-13  5.51755e-13  5.51755e-13  2.91082e-41
5.778109865e-01  5.5556176e-13  5.55562e-13  5.55562e-13  4.31899e-41
5.807000414e-01  5.5933741e-13  5.59337e-13  5.59337e-13  6.39533e-41
5.836035417e-01  5.6308146e-13  5.63081e-13  5.63081e-13  9.45069e-41
5.865215594e-01  5.6679326e-13  5.66793e-13  5.66793e-13  1.39376e-40
5.894541672e-01  5.7047218e-13  5.70472e-13  5.70472e-13  2.05135e-40
5.924014380e-01  5.7411758e-13  5.74118e-13  5.74118e-13  3.01319e-40
5.953634452e-01  5.7772886e-13  5.77729e-13  5.77729e-13  4.41721e-40
5.983402624e-01  5.8130542e-13  5.81305e-13  5.81305e-13  6.46267e-40
6.013319637e-01  5.8484666e-13  5.84847e-13  5.84847e-13  9.43671e-40
6.043386235e-01  5.8835201e-13  5.88352e-13  5.88352e-13  1.37524e-39
6.073603167e-01  5.9182090e-13  5.91821e-13  5.91821e-13  2.00028e-39
6.103971182e-01  5.9525278e-13  5.95253e-13  5.95253e-13  2.90377e-39
6.134491038e-01  5.9864709e-13  5.98647e-13  5.98647e-13  4.20722e-39
6.165163494e-01  6.0200331e-13  6.02003e-13  6.02003e-13  6.08408e-39
6.195989311e-01  6.0532092e-13  6.05321e-13  6.05321e-13  8.78143e-39
6.226969258e-01  6.0859942e-13  6.08599e-13  6.08599e-13  1.26506e-38
6.258104104e-01  6.1183830e-13  6.11838e-13  6.11838e-13  1.81901e-38
6.289394624e-01  6.1503708e-13  6.15037e-13  6.15037e-13  2.61060e-38
6.320841597e-01  6.1819529e-13  6.18195e-13  6.18195e-13  3.73968e-38
6.352445805e-01  6.2131248e-13  6.21312e-13  6.21312e-13  5.34712e-38
6.384208035e-01  6.2438819e-13  6.24388e-13  6.24388e-13  7.63133e-38
6.416129075e-01  6.2742200e-13  6.27422e-13  6.27422e-13  1.08712e-37
6.448209720e-01  6.3041348e-13  6.30413e-13  6.30413e-13  1.54583e-37
6.480450769e-01  6.3336224e-13  6.33362e-13  6.33362e-13  2.19407e-37
6.512853022e-01  6.3626786e-13  6.36268e-13  6.36268e-13  3.10850e-37
6.545417288e-01  6.3912998e-13  6.39130e-13  6.39130e-13  4.39609e-37
6.578144374e-01  6.4194822e-13  6.41948e-13  6.41948e-13  6.20584e-37
6.611035096e-01  6.4472223e-13  6.44722e-13  6.44722e-13  8.74496e-37
6.644090271e-01  6.4745166e-13  6.47452e-13  6.47452e-13  1.23010e-36
6.677310723e-01  6.5013618e-13  6.50136e-13  6.50136e-13  1.72725e-36
6.710697276e-01  6.5277548e-13  6.52775e-13  6.52775e-13  2.42105e-36
6.744250763e-01  6.5536924e-13  6.55369e-13  6.55369e-13  3.38758e-36
6.777972017e-01  6.5791719e-13  6.57917e-13  6.57917e-13  4.73170e-36
6.811861877e-01  6.6041905e-13  6.60419e-13  6.60419e-13  6.59768e-36
6.845921186e-01  6.6287453e-13  6.62875e-13  6.62875e-13  9.18363e-36
6.880150792e-01  6.6528340e-13  6.65283e-13  6.65283e-13  1.27612e-35
6.914551546e-01  6.6764542e-13  6.67645e-13  6.67645e-13  1.77021e-35
6.949124304e-01  6.6996035e-13  6.69960e-13  6.69960e-13  2.45142e-35
6.983869925e-01  6.7222798e-13  6.72228e-13  6.72228e-13  3.38903e-35
7.018789275e-01  6.7444812e-13  6.74448e-13  6.74448e-13  4.67736e-35
7.053883221e-01  6.7662057e-13  6.76621e-13  6.76621e-13  6.44464e-35
7.089152637e-01  6.7874515e-13  6.78745e-13  6.78745e-13  8.86484e-35
7.124598400e-01  6.8082171e-13  6.80822e-13  6.80822e-13  1.21737e-34
7.160221392e-01  6.8285008e-13  6.82850e-13  6.82850e-13  1.66900e-34
7.196022499e-01  6.8483015e-13  6.84830e-13  6.84830e-13  2.28442e-34
7.232002612e-01  6.8676176e-13  6.86762e-13  6.86762e-13  3.12165e-34
7.268162625e-01  6.8864482e-13  6.88645e-13  6.88645e-13  4.25879e-34
7.304503438e-01  6.9047922e-13  6.90479e-13  6.90479e-13  5.80075e-34
7.341025955e-01  6.9226488e-13  6.92265e-13  6.92265e-13  7.88829e-34
7.377731085e-01  6.9400170e-13  6.94002e-13  6.94002e-13  1.07099e-33
7.414619740e-01  6.9568964e-13  6.95690e-13  6.95690e-13  1.45176e-33
7.451692839e-01  6.9732863e-13  6.97329e-13  6.97329e-13  1.96478e-33
7.488951303e-01  6.9891863e-13  6.98919e-13  6.98919e-13  2.65489e-33
7.526396060e-01  7.0045961e-13  7.00460e-13  7.00460e-13  3.58176e-33
7.564028040e-01  7.0195155e-13  7.01952e-13  7.01952e-13  4.82467e-33
7.601848180e-01  7.0339445e-13  7.03394e-13  7.03394e-13  6.48877e-33
7.639857421e-01  7.0478831e-13  7.04788e-13  7.04788e-13  8.71335e-33
7.678056708e-01  7.0613314e-13  7.06133e-13  7.06133e-13  1.16826e-32
7.716446992e-01  7.0742897e-13  7.07429e-13  7.07429e-13  1.56396e-32
7.755029227e-01  7.0867584e-13  7.08676e-13  7.08676e-13  2.09050e-32
7.793804373e-01  7.0987379e-13  7.09874e-13  7.09874e-13  2.79007e-32
7.832773395e-01  7.1102288e-13  7.11023e-13  7.11023e-13  3.71814e-32
7.871937262e-01  7.1212318e-13  7.12123e-13  7.12123e-13  4.94745e-32
7.911296948e-01  7.1317477e-13  7.13175e-13  7.13175e-13  6.57338e-32
7.950853433e-01  7.1417773e-13  7.14178e-13  7.14178e-13  8.72066e-32
7.990607700e-01  7.1513218e-13  7.15132e-13  7.15132e-13  1.15523e-31
8.030560739e-01  7.1603821e-13  7.16038e-13  7.16038e-13  1.52808e-31
8.070713542e-01  7.1689595e-13  7.16896e-13  7.16896e-13  2.01830e-31
8.111067110e-01  7.1770552e-13  7.17706e-13  7.17706e-13  2.66191e-31
8.151622446e-01  7.1846707e-13  7.18467e-13  7.18467e-13  3.50567e-31
8.192380558e-01  7.1918073e-13  7.19181e-13  7.19181e-13  4.61021e-31
8.233342461e-01  7.1984668e-13  7.19847e-13  7.19847e-13  6.05406e-31
8.274509173e-01  7.2046506e-13  7.20465e-13  7.20465e-13  7.93874e-31
8.315881719e-01  7.2103607e-13  7.21036e-13  7.21036e-13  1.03953e-30
8.357461127e-01  7.2155987e-13  7.21560e-13  7.21560e-13  1.35928e-30
8.399248433e-01  7.2203667e-13  7.22037e-13  7.22037e-13  1.77489e-30
8.441244675e-01  7.2246665e-13  7.22467e-13  7.22467e-13  2.31431e-30
8.483450899e-01  7.2285005e-13  7.22850e-13  7.22850e-13  3.01348e-30
8.525868153e-01  7.2318705e-13  7.23187e-13  7.23187e-13  3.91842e-30
8.568497494e-01  7.2347791e-13  7.23478e-13  7.23478e-13  5.08808e-30
8.611339981e-01  7.2372283e-13  7.23723e-13  7.23723e-13  6.59783e-30
8.654396681e-01  7.2392207e-13  7.23922e-13  7.23922e-13  8.54385e-30
8.697668665e-01  7.2407588e-13  7.24076e-13  7.24076e-13  1.10488e-29
8.741157008e-01  7.2418450e-13  7.24184e-13  7.24184e-13  1.42689e-29
8.784862793e-01  7.2424819e-13  7.24248e-13  7.24248e-13  1.84026e-29
8.828787107e-01  7.2426724e-13  7.24267e-13  7.24267e-13  2.37021e-29
8.872931042e-01  7.2424190e-13  7.24242e-13  7.24242e-13  3.04870e-29
8.917295698e-01  7.2417247e-13  7.24172e-13  7.24172e-13  3.91622e-29
8.961882176e-01  7.2405924e-13  7.24059e-13  7.24059e-13  5.02395e-29
9.006691587e-01  7.2390249e-13  7.23902e-13  7.23902e-13  6.43655e-29
9.051725045e-01  7.2370252e-13  7.23703e-13  7.23703e-13  8.23557e-29
9.096983670e-01  7.2345966e-13  7.23460e-13  7.23460e-13  1.05237e-28
9.142468589e-01  7.2317419e-13  7.23174e-13  7.23174e-13  1.34302e-28
9.188180931e-01  7.2284645e-13  7.22846e-13  7.22846e-13  1.71173e-28
9.234121836e-01  7.2247677e-13  7.22477e-13  7.22477e-13  2.17888e-28
9.280292445e-01  7.2206545e-13  7.22065e-13  7.22065e-13  2.76999e-28
9.326693908e-01  7.2161285e-13  7.21613e-13  7.21613e-13  3.51699e-28
9.373327377e-01  7.2111930e-13  7.21119e-13  7.21119e-13  4.45980e-28
9.420194014e-01  7.2058514e-13  7.20585e-13  7.20585e-13  5.64826e-28
9.467294984e-01  7.2001072e-13  7.20011e-13  7.20011e-13  7.14449e-28
9.514631459e-01  7.1939639e-13  7.19396e-13  7.19396e-13  9.02584e-28
9.562204616e-01  7.1874251e-13  7.18743e-13  7.18743e-13  1.13885e-27
9.610015639e-01  7.1804945e-13  7.18049e-13  7.18049e-13  1.43519e-27
9.658065718e-01  7.1731756e-13  7.17318e-13  7.17318e-13  1.80644e-27
9.706356046e-01  7.1654722e-13  7.16547e-13  7.16547e-13  2.27094e-27
9.754887826e-01  7.1573880e-13  7.15739e-13  7.15739e-13  2.85142e-27
9.803662265e-01  7.1489267e-13  7.14893e-13  7.14893e-13  3.57597e-27
9.852680577e-01  7.1400922e-13  7.14009e-13  7.14009e-13  4.47924e-27
9.901943980e-01  7.1308882e-13  7.13089e-13  7.13089e-13  5.60397e-27
9.951453700e-01  7.1213187e-13  7.12132e-13  7.12132e-13  7.00278e-27
1.000121097e+00  7.1113875e-13  7.11139e-13  7.11139e-13  8.74041e-27
1.005121702e+00  7.1010985e-13  7.10110e-13  7.10110e-13  1.08964e-26
1.010147311e+00  7.0904557e-13  7.09046e-13  7.09046e-13  1.35682e-26
1.015198047e+00  7.0794630e-13  7.07946e-13  7.07946e-13  1.68756e-26
1.020274038e+00  7.0681245e-13  7.06812e-13  7.06812e-13  2.09648e-26
1.025375408e+00  7.0564441e-13  7.05644e-13  7.05644e-13  2.60148e-26
1.030502285e+00  7.0444260e-13  7.04443e-13  7.04443e-13  3.22442e-26
1.035654796e+00  7.0320740e-13  7.03207e-13  7.03207e-13  3.99197e-26
1.040833070e+00  7.0193924e-13  7.01939e-13  7.01939e-13  4.93662e-26
1.046037236e+00  7.0063851e-13  7.00639e-13  7.00639e-13  6.09790e-26
1.051267422e+00  6.9930564e-13  6.99306e-13  6.99306e-13  7.52388e-26
1.056523759e+00  6.9794103e-13  6.97941e-13  6.97941e-13  9.27293e-26
1.061806378e+00  6.9654510e-13  6.96545e-13  6.96545e-13  1.14159e-25
1.067115410e+00  6.9511825e-13  6.95118e-13  6.95118e-13  1.40384e-25
1.072450987e+00  6.9366091e-13  6.93661e-13  6.93661e-13  1.72445e-25
1.077813242e+00  6.9217349e-13  6.92173e-13  6.92173e-13  2.11594e-25
1.083202308e+00  6.9065641e-13  6.90656e-13  6.90656e-13  2.59348e-25
1.088618319e+00  6.8911009e-13  6.89110e-13  6.89110e-13  3.17534e-25
1.094061411e+00  6.8753494e-13  6.87535e-13  6.87535e-13  3.88355e-25
1.099531718e+00  6.8593138e-13  6.85931e-13  6.85931e-13  4.74460e-25
1.105029377e+00  6.8429984e-13  6.84300e-13  6.84300e-13  5.79035e-25
1.110554523e+00  6.8264072e-13  6.82641e-13  6.82641e-13  7.05907e-25
1.116107296e+00  6.8095446e-13  6.80954e-13  6.80954e-13  8.59667e-25
1.121687832e+00  6.7924147e-13  6.79241e-13  6.79241e-13  1.04581e-24
1.127296272e+00  6.7750217e-13  6.77502e-13  6.77502e-13  1.27093e-24
1.132932753e+00  6.7573697e-13  6.75737e-13  6.75737e-13  1.54290e-24
1.138597417e+00  6.7394631e-13  6.73946e-13  6.73946e-13  1.87112e-24
1.144290404e+00  6.7213059e-13  6.72131e-13  6.72131e-13  2.26682e-24
1.150011856e+00  6.7029023e-13  6.70290e-13  6.70290e-13  2.74337e-24
1.155761915e+00  6.6842565e-13  6.68426e-13  6.68426e-13  3.31671e-24
1.161540725e+00  6.6653727e-13  6.66537e-13  6.66537e-13  4.00579e-24
1.167348428e+00  6.6462551e-13  6.64626e-13  6.64626e-13  4.83313e-24
1.173185171e+00  6.6269077e-13  6.62691e-13  6.62691e-13  5.82547e-24
1.179051096e+00  6.6073347e-13  6.60733e-13  6.60733e-13  7.01452e-24
1.184946352e+00  6.5875403e-13  6.58754e-13  6.58754e-13  8.43783e-24
1.190871084e+00  6.5675286e-13  6.56753e-13  6.56753e-13  1.01399e-23
1.196825439e+00  6.5473036e-13  6.54730e-13  6.54730e-13  1.21732e-23
1.202809566e+00  6.5268695e-13  6.52687e-13  6.52687e-13  1.45999e-23
1.208823614e+00  6.5062303e-13  6.50623e-13  6.50623e-13  1.74932e-23
1.214867732e+00  6.4853901e-13  6.48539e-13  6.48539e-13  2.09395e-23
1.220942071e+00  6.4643529e-13  6.46435e-13  6.46435e-13  2.50405e-23
1.227046781e+00  6.4431229e-13  6.44312e-13  6.44312e-13  2.99157e-23
1.233182015e+00  6.4217039e-13  6.42170e-13  6.42170e-13  3.57059e-23
1.239347925e+00  6.4001000e-13  6.40010e-13  6.40010e-13  4.25761e-23
1.245544665e+00  6.3783152e-13  6.37832e-13  6.37832e-13  5.07201e-23
1.251772388e+00  6.3563534e-13  6.35635e-13  6.35635e-13  6.03646e-23
1.258031250e+00  6.3342186e-13  6.33422e-13  6.33422e-13  7.17756e-23
1.264321406e+00  6.3119147e-13  6.31191e-13  6.31191e-13  8.52639e-23
1.270643013e+00  6.2894455e-13  6.28945e-13  6.28945e-13  1.01193e-22
1.276996228e+00  6.2668151e-13  6.26682e-13  6.26682e-13  1.19986e-22
1.283381209e+00  6.2440271e-13  6.24403e-13  6.24403e-13  1.42138e-22
1.289798116e+00  6.2210856e-13  6.22109e-13  6.22109e-13  1.68226e-22
1.296247106e+00  6.1979942e-13  6.19799e-13  6.19799e-13  1.98920e-22
1.302728342e+00  6.1747567e-13  6.17476e-13  6.17476e-13  2.35002e-22
1.309241983e+00  6.1513770e-13  6.15138e-13  6.15138e-13  2.77377e-22
1.315788193e+00  6.1278587e-13  6.12786e-13  6.12786e-13  3.27098e-22
1.322367134e+00  6.1042056e-13  6.10421e-13  6.10421e-13  3.85388e-22
1.328978970e+00  6.0804214e-13  6.08042e-13  6.08042e-13  4.53661e-22
1.335623865e+00  6.0565097e-13  6.05651e-13  6.05651e-13  5.33556e-22
1.342301984e+00  6.0324742e-13  6.03247e-13  6.03247e-13  6.26969e-22
1.349013494e+00  6.0083184e-13  6.00832e-13  6.00832e-13  7.36089e-22
1.355758561e+00  5.9840460e-13  5.98405e-13  5.98405e-13  8.63448e-22
1.362537354e+00  5.9596605e-13  5.95966e-13  5.95966e-13  1.01196e-21
1.369350041e+00  5.9351655e-13  5.93517e-13  5.93517e-13  1.18500e-21
1.376196791e+00  5.9105644e-13  5.91056e-13  5.91056e-13  1.38643e-21
1.383077775e+00  5.8858607e-13  5.88586e-13  5.88586e-13  1.62072e-21
1.389993164e+00  5.8610579e-13  5.86106e-13  5.86106e-13  1.89298e-21
1.396943130e+00  5.8361593e-13  5.83616e-13  5.83616e-13  2.20911e-21
1.403927846e+00  5.8111684e-13  5.81117e-13  5.81117e-13  2.57586e-21
1.410947485e+00  5.7860886e-13  5.78609e-13  5.78609e-13  3.00097e-21
1.418002222e+00  5.7609230e-13  5.76092e-13  5.76092e-13  3.49334e-21
1.425092233e+00  5.7356751e-13  5.73568e-13  5.73568e-13  4.06311e-21
1.432217694e+00  5.7103480e-13  5.71035e-13  5.71035e-13  4.72191e-21
1.439378783e+00  5.6849451e-13  5.68495e-13  5.68495e-13  5.48301e-21
1.446575677e+00  5.6594696e-13  5.65947e-13  5.65947e-13  6.36160e-21
1.453808555e+00  5.6339245e-13  5.63392e-13  5.63392e-13  7.37496e-21
1.461077598e+00  5.6083131e-13  5.60831e-13  5.60831e-13  8.54281e-21
1.468382986e+00  5.5826384e-13  5.58264e-13  5.58264e-13  9.88764e-21
1.475724901e+00  5.5569035e-13  5.55690e-13  5.55690e-13  1.14350e-20
1.483103525e+00  5.5311116e-13  5.53111e-13  5.53111e-13  1.32140e-20
1.490519043e+00  5.5052655e-13  5.50527e-13  5.50527e-13  1.52576e-20
1.497971638e+00  5.4793683e-13  5.47937e-13  5.47937e-13  1.76033e-20
1.505461496e+00  5.4534230e-13  5.45342e-13  5.45342e-13  2.02937e-20
1.512988804e+00  5.4274323e-13  5.42743e-13  5.42743e-13  2.33771e-20
1.520553748e+00  5.4013994e-13  5.40140e-13  5.40140e-13  2.69080e-20
1.528156517e+00  5.3753269e-13  5.37533e-13  5.37533e-13  3.09482e-20
1.535797299e+00  5.3492177e-13  5.34922e-13  5.34922e-13  3.55676e-20
1.543476286e+00  5.3230746e-13  5.32307e-13  5.32307e-13  4.08452e-20
1.551193667e+00  5.2969004e-13  5.29690e-13  5.29690e-13  4.68701e-20
1.558949636e+00  5.2706978e-13  5.27070e-13  5.27070e-13  5.37430e-20
1.566744384e+00  5.2444695e-13  5.24447e-13  5.24447e-13  6.15771e-20
1.574578106e+00  5.2182181e-13  5.21822e-13  5.21822e-13  7.05002e-20
1.582450996e+00  5.1919463e-13  5.19195e-13  5.19195e-13  8.06561e-20
1.590363251e+00  5.1656566e-13  5.16566e-13  5.16566e-13  9.22063e-20
1.598315067e+00  5.1393517e-13  5.13935e-13  5.13935e-13  1.05333e-19
1.606306643e+00  5.1130341e-13  5.11303e-13  5.11303e-13  1.20239e-19
1.614338176e+00  5.0867062e-13  5.08671e-13  5.08670e-13  1.37154e-19
1.622409867e+00  5.0603706e-13  5.06037e-13  5.06037e-13  1.56335e-19
1.630521916e+00  5.0340296e-13  5.03403e-13  5.03403e-13  1.78069e-19
1.638674526e+00  5.0076857e-13  5.00769e-13  5.00768e-13  2.02677e-19
1.646867898e+00  4.9813413e-13  4.98134e-13  4.98134e-13  2.30522e-19
1.655102238e+00  4.9549986e-13  4.95500e-13  4.95500e-13  2.62004e-19
1.663377749e+00  4.9286601e-13  4.92866e-13  4.92866e-13  2.97574e-19
1.671694638e+00  4.9023279e-13  4.90233e-13  4.90232e-13  3.37733e-19
1.680053111e+00  4.8760043e-13  4.87600e-13  4.87600e-13  3.83043e-19
1.688453377e+00  4.8496916e-13  4.84969e-13  4.84969e-13  4.34127e-19
1.696895643e+00  4.8233918e-13  4.82339e-13  4.82339e-13  4.91681e-19
1.705380122e+00  4.7971073e-13  4.79711e-13  4.79710e-13  5.56478e-19
1.713907022e+00  4.7708400e-13  4.77084e-13  4.77083e-13  6.29381e-19
1.722476557e+00  4.7445922e-13  4.74459e-13  4.74459e-13  7.11346e-19
1.731088940e+00  4.7183657e-13  4.71837e-13  4.71836e-13  8.03435e-19
1.739744385e+00  4.6921628e-13  4.69216e-13  4.69215e-13  9.06830e-19
1.748443107e+00  4.6659853e-13  4.66599e-13  4.66598e-13  1.02284e-18
1.757185322e+00  4.6398353e-13  4.63984e-13  4.63982e-13  1.15291e-18
1.765971249e+00  4.6137146e-13  4.61371e-13  4.61370e-13  1.29865e-18
1.774801105e+00  4.5876253e-13  4.58763e-13  4.58761e-13  1.46184e-18
1.783675111e+00  4.5615692e-13  4.56157e-13  4.56155e-13  1.64445e-18
1.792593486e+00  4.5355481e-13  4.53555e-13  4.53553e-13  1.84865e-18
1.801556454e+00  4.5267282e-13  4.52673e-13  4.52671e-13  2.07635e-18
1.810564236e+00  4.4805155e-13  4.48052e-13  4.48049e-13  2.33176e-18
1.819617057e+00  4.4623406e-13  4.46234e-13  4.46231e-13  2.61589e-18
1.828715142e+00  4.4364509e-13  4.43645e-13  4.43642e-13  2.93306e-18
1.837858718e+00  4.4517684e-13  4.45177e-13  4.45174e-13  3.28468e-18
1.847048012e+00  4.3916255e-13  4.39163e-13  4.39159e-13  3.67996e-18
1.856283252e+00  4.3703529e-13  4.37035e-13  4.37031e-13  4.11796e-18
1.865564668e+00  4.3198679e-13  4.31987e-13  4.31982e-13  4.60707e-18
1.874892491e+00  4.3114179e-13  4.31142e-13  4.31137e-13  5.14796e-18
1.884266954e+00  4.2724736e-13  4.27247e-13  4.27242e-13  5.75125e-18
1.893688289e+00  4.2322708e-13  4.23227e-13  4.23221e-13  6.42136e-18
1.903156730e+00  4.2427555e-13  4.24276e-13  4.24268e-13  7.15984e-18
1.912672514e+00  4.2012596e-13  4.20126e-13  4.20118e-13  7.98434e-18
1.922235876e+00  4.1506233e-13  4.15062e-13  4.15053e-13  8.89952e-18
1.931847056e+00  4.1319489e-13  4.13195e-13  4.13185e-13  9.90891e-18
1.941506291e+00  4.0961276e-13  4.09613e-13  4.09602e-13  1.10289e-17
1.951213822e+00  4.0782335e-13  4.07823e-13  4.07811e-13  1.22647e-17
1.960969892e+00  4.0469210e-13  4.04692e-13  4.04678e-13  1.36336e-17
1.970774741e+00  4.0241599e-13  4.02416e-13  4.02401e-13  1.51442e-17
1.980628615e+00  3.9889050e-13  3.98891e-13  3.98874e-13  1.68153e-17
1.990531758e+00  3.9732248e-13  3.97322e-13  3.97304e-13  1.86542e-17
2.000484417e+00  3.9471857e-13  3.94719e-13  3.94698e-13  2.06853e-17
2.010486839e+00  3.9314864e-13  3.93149e-13  3.93126e-13  2.29204e-17
2.020539273e+00  3.8919767e-13  3.89198e-13  3.89172e-13  2.53915e-17
2.030641969e+00  3.8642016e-13  3.86420e-13  3.86392e-13  2.81076e-17
2.040795179e+00  3.8566637e-13  3.85666e-13  3.85635e-13  3.10863e-17
2.050999155e+00  3.8376605e-13  3.83766e-13  3.83732e-13  3.43670e-17
2.061254151e+00  3.7935035e-13  3.79350e-13  3.79312e-13  3.79875e-17
2.071560421e+00  3.7792878e-13  3.77929e-13  3.77887e-13  4.19454e-17
2.081918224e+00  3.7558730e-13  3.75587e-13  3.75541e-13  4.62962e-17
2.092327815e+00  3.7305824e-13  3.73058e-13  3.73007e-13  5.10711e-17
2.102789454e+00  3.7241089e-13  3.72411e-13  3.72355e-13  5.62894e-17
2.113303401e+00  3.7264729e-13  3.72647e-13  3.72585e-13  6.19970e-17
2.123869918e+00  3.6960892e-13  3.69609e-13  3.69541e-13  6.82822e-17
2.134489268e+00  3.6696739e-13  3.66967e-13  3.66892e-13  7.51581e-17
2.145161714e+00  3.6565873e-13  3.65659e-13  3.65576e-13  8.26624e-17
2.155887523e+00  3.6240834e-13  3.62408e-13  3.62317e-13  9.08960e-17
2.166666960e+00  3.6010964e-13  3.60110e-13  3.60010e-13  9.98792e-17
2.177500295e+00  3.5658623e-13  3.56586e-13  3.56477e-13  1.09714e-16
2.188387796e+00  3.5370030e-13  3.53700e-13  3.53580e-13  1.20439e-16
2.199329735e+00  3.5320449e-13  3.53204e-13  3.53072e-13  1.32087e-16
2.210326384e+00  3.5094124e-13  3.50941e-13  3.50796e-13  1.44828e-16
2.221378016e+00  3.4928764e-13  3.49288e-13  3.49129e-13  1.58697e-16
2.232484906e+00  3.4733713e-13  3.47337e-13  3.47163e-13  1.73811e-16
2.243647331e+00  3.4551066e-13  3.45511e-13  3.45320e-13  1.90260e-16
2.254865567e+00  3.4333523e-13  3.43335e-13  3.43127e-13  2.08170e-16
2.266139895e+00  3.4140274e-13  3.41403e-13  3.41175e-13  2.27638e-16
2.277470595e+00  3.3976675e-13  3.39767e-13  3.39518e-13  2.48783e-16
2.288857948e+00  3.3709513e-13  3.37095e-13  3.36823e-13  2.71804e-16
2.300302237e+00  3.3547136e-13  3.35471e-13  3.35175e-13  2.96746e-16
2.311803748e+00  3.3373678e-13  3.33737e-13  3.33413e-13  3.23817e-16
2.323362767e+00  3.3161144e-13  3.31611e-13  3.31258e-13  3.53205e-16
2.334979581e+00  3.2988940e-13  3.29889e-13  3.29504e-13  3.85036e-16
2.346654479e+00  3.2850712e-13  3.28507e-13  3.28088e-13  4.19497e-16
2.358387751e+00  3.2762405e-13  3.27624e-13  3.27167e-13  4.56769e-16
2.370179690e+00  3.2525126e-13  3.25251e-13  3.24754e-13  4.97248e-16
2.382030589e+00  3.2354899e-13  3.23549e-13  3.23008e-13  5.40976e-16
2.393940742e+00  3.2207020e-13  3.22070e-13  3.21482e-13  5.88233e-16
2.405910445e+00  3.2038000e-13  3.20380e-13  3.19741e-13  6.39332e-16
2.417939997e+00  3.1832290e-13  3.18323e-13  3.17628e-13  6.94581e-16
2.430029697e+00  3.1633183e-13  3.16332e-13  3.15578e-13  7.54229e-16
2.442179846e+00  3.1503871e-13  3.15039e-13  3.14220e-13  8.18490e-16
2.454390745e+00  3.1322543e-13  3.13225e-13  3.12338e-13  8.87892e-16
2.466662699e+00  3.1168326e-13  3.11683e-13  3.10721e-13  9.62665e-16
2.478996012e+00  3.0994260e-13  3.09943e-13  3.08899e-13  1.04328e-15
2.491390992e+00  3.0882837e-13  3.08828e-13  3.07698e-13  1.12997e-15
2.503847947e+00  3.0685218e-13  3.06852e-13  3.05629e-13  1.22350e-15
2.516367187e+00  3.0595316e-13  3.05953e-13  3.04629e-13  1.32386e-15
2.528949023e+00  3.0530648e-13  3.05306e-13  3.03875e-13  1.43170e-15
2.541593768e+00  3.0470816e-13  3.04708e-13  3.03161e-13  1.54759e-15
2.554301737e+00  3.0316873e-13  3.03169e-13  3.01496e-13  1.67242e-15
2.567073246e+00  3.0665049e-13  3.06650e-13  3.04846e-13  1.80453e-15
2.579908612e+00  3.0602756e-13  3.06028e-13  3.04080e-13  1.94790e-15
2.592808155e+00  3.0768034e-13  3.07680e-13  3.05580e-13  2.10065e-15
2.605772196e+00  3.0459341e-13  3.04593e-13  3.02327e-13  2.26672e-15
2.618801057e+00  3.0216492e-13  3.02165e-13  2.99720e-13  2.44448e-15
2.631895062e+00  2.9924556e-13  2.99246e-13  2.96610e-13  2.63529e-15
2.645054537e+00  2.9260387e-13  2.92604e-13  2.89762e-13  2.84216e-15
2.658279810e+00  2.9501609e-13  2.95016e-13  2.91958e-13  3.05763e-15
2.671571209e+00  3.0387707e-13  3.03877e-13  3.00594e-13  3.28307e-15
2.684929065e+00  2.9334023e-13  2.93340e-13  2.89801e-13  3.53937e-15
2.698353710e+00  2.8816229e-13  2.88162e-13  2.84353e-13  3.80937e-15
2.711845479e+00  2.8415046e-13  2.84150e-13  2.80053e-13  4.09713e-15
2.725404706e+00  2.8227080e-13  2.82271e-13  2.77868e-13  4.40254e-15
2.739031730e+00  2.7622861e-13  2.76229e-13  2.71495e-13  4.73343e-15
2.752726889e+00  2.6802404e-13  2.68024e-13  2.62934e-13  5.08974e-15
2.766490523e+00  2.6536063e-13  2.65361e-13  2.59897e-13  5.46339e-15
2.780322976e+00  2.5925704e-13  2.59257e-13  2.53390e-13  5.86694e-15
2.794224591e+00  2.5499174e-13  2.54992e-13  2.48697e-13  6.29497e-15
2.808195713e+00  2.5424643e-13  2.54246e-13  2.47501e-13  6.74564e-15
2.822236692e+00  2.5088540e-13  2.50885e-13  2.43655e-13  7.23031e-15
2.836347875e+00  2.4886641e-13  2.48866e-13  2.41122e-13  7.74409e-15
2.850529615e+00  2.4669122e-13  2.46691e-13  2.38400e-13  8.29139e-15
2.864782263e+00  2.4424129e-13  2.44241e-13  2.35367e-13  8.87445e-15
2.879106174e+00  2.4251939e-13  2.42519e-13  2.33026e-13  9.49300e-15
2.893501705e+00  2.4134793e-13  2.41348e-13  2.31199e-13  1.01492e-14
2.907969214e+00  2.4047308e-13  2.40473e-13  2.29627e-13  1.08457e-14
2.922509060e+00  2.3916356e-13  2.39164e-13  2.27577e-13  1.15868e-14
2.937121605e+00  2.3835584e-13  2.38356e-13  2.25984e-13  1.23720e-14
2.951807213e+00  2.3780316e-13  2.37803e-13  2.24599e-13  1.32045e-14
2.966566249e+00  2.3702944e-13  2.37029e-13  2.22941e-13  1.40884e-14
2.981399080e+00  2.3667091e-13  2.36671e-13  2.21647e-13  1.50241e-14
2.996306076e+00  2.3648875e-13  2.36489e-13  2.20474e-13  1.60152e-14
3.011287606e+00  2.3629027e-13  2.36290e-13  2.19225e-13  1.70652e-14
3.026344044e+00  2.3615693e-13  2.36157e-13  2.17980e-13  1.81770e-14
3.041475764e+00  2.3609193e-13  2.36092e-13  2.16738e-13  1.93536e-14
3.056683143e+00  2.3624923e-13  2.36249e-13  2.15652e-13  2.05976e-14
3.071966559e+00  2.3625515e-13  2.36255e-13  2.14341e-13  2.19146e-14
3.087326392e+00  2.3671154e-13  2.36712e-13  2.13407e-13  2.33043e-14
3.102763024e+00  2.3728239e-13  2.37282e-13  2.12510e-13  2.47724e-14
3.118276839e+00  2.3789782e-13  2.37898e-13  2.11575e-13  2.63233e-14
3.133868223e+00  2.3859899e-13  2.38599e-13  2.10638e-13  2.79607e-14
3.149537564e+00  2.3946181e-13  2.39462e-13  2.09774e-13  2.96882e-14
3.165285252e+00  2.4027561e-13  2.40276e-13  2.08764e-13  3.15120e-14
3.181111678e+00  2.4115430e-13  2.41154e-13  2.07719e-13  3.34357e-14
3.197017237e+00  2.4266273e-13  2.42663e-13  2.07205e-13  3.54581e-14
3.213002323e+00  2.4364883e-13  2.43649e-13  2.06053e-13  3.75962e-14
3.229067334e+00  2.4485525e-13  2.44855e-13  2.05008e-13  3.98473e-14
3.245212671e+00  2.4611428e-13  2.46114e-13  2.03896e-13  4.22187e-14
3.261438734e+00  2.4766952e-13  2.47670e-13  2.02957e-13  4.47126e-14
3.277745928e+00  2.4935484e-13  2.49355e-13  2.02018e-13  4.73368e-14
3.294134658e+00  2.5107656e-13  2.51077e-13  2.00978e-13  5.00985e-14
3.310605331e+00  2.5317220e-13  2.53172e-13  2.00174e-13  5.29985e-14
3.327158358e+00  2.5538114e-13  2.55381e-13  1.99334e-13  5.60471e-14
3.343794149e+00  2.5774302e-13  2.57743e-13  1.98493e-13  5.92500e-14
3.360513120e+00  2.5975255e-13  2.59753e-13  1.97128e-13  6.26245e-14
3.377315686e+00  2.6149422e-13  2.61494e-13  1.95316e-13  6.61780e-14
3.394202264e+00  2.6320739e-13  2.63207e-13  1.93294e-13  6.99138e-14
3.411173276e+00  2.6400341e-13  2.64003e-13  1.90140e-13  7.38633e-14
3.428229142e+00  2.6999260e-13  2.69993e-13  1.92117e-13  7.78754e-14
3.445370288e+00  2.7594297e-13  2.75943e-13  1.93861e-13  8.20824e-14
3.462597139e+00  2.7899661e-13  2.78997e-13  1.92416e-13  8.65802e-14
3.479910125e+00  2.8185533e-13  2.81855e-13  1.90548e-13  9.13070e-14
3.497309675e+00  2.8436246e-13  2.84362e-13  1.88083e-13  9.62799e-14
3.514796224e+00  2.9018143e-13  2.90181e-13  1.88804e-13  1.01377e-13
3.532370205e+00  2.9554132e-13  2.95541e-13  1.88807e-13  1.06734e-13
3.550032056e+00  2.9984009e-13  2.99840e-13  1.87449e-13  1.12391e-13
3.567782216e+00  3.0446393e-13  3.04464e-13  1.86158e-13  1.18306e-13
3.585621127e+00  3.0953339e-13  3.09533e-13  1.85050e-13  1.24483e-13
3.603549233e+00  3.1488623e-13  3.14886e-13  1.83946e-13  1.30940e-13
3.621566979e+00  3.2058786e-13  3.20588e-13  1.82904e-13  1.37684e-13
3.639674814e+00  3.2653832e-13  3.26538e-13  1.81808e-13  1.44731e-13
3.657873188e+00  3.3283107e-13  3.32831e-13  1.80744e-13  1.52087e-13
3.676162554e+00  3.3931696e-13  3.39317e-13  1.79542e-13  1.59775e-13
3.694543367e+00  3.4632736e-13  3.46327e-13  1.78542e-13  1.67786e-13
3.713016084e+00  3.5360799e-13  3.53608e-13  1.77461e-13  1.76147e-13
3.731581164e+00  3.6117380e-13  3.61174e-13  1.76301e-13  1.84872e-13
3.750239070e+00  3.6919189e-13  3.69192e-13  1.75229e-13  1.93962e-13
3.768990265e+00  3.7759712e-13  3.77597e-13  1.74162e-13  2.03436e-13
3.787835216e+00  3.8640244e-13  3.86402e-13  1.73098e-13  2.13305e-13
3.806774393e+00  3.9566978e-13  3.95670e-13  1.72091e-13  2.23578e-13
3.825808265e+00  4.0548268e-13  4.05483e-13  1.71221e-13  2.34262e-13
3.844937306e+00  4.1563702e-13  4.15637e-13  1.70246e-13  2.45391e-13
3.864161992e+00  4.2622090e-13  4.26221e-13  1.69248e-13  2.56973e-13
3.883482802e+00  4.3731870e-13  4.37319e-13  1.68305e-13  2.69013e-13
3.902900216e+00  4.4880726e-13  4.48807e-13  1.67262e-13  2.81545e-13
3.922414717e+00  4.6070578e-13  4.60706e-13  1.66122e-13  2.94584e-13
3.942026791e+00  4.7316542e-13  4.73165e-13  1.65038e-13  3.08128e-13
3.961736925e+00  4.8602712e-13  4.86027e-13  1.63809e-13  3.22219e-13
3.981545610e+00  4.9961031e-13  4.99610e-13  1.62785e-13  3.36825e-13
4.001453338e+00  5.1371406e-13  5.13714e-13  1.61717e-13  3.51997e-13
4.021460604e+00  5.2841854e-13  5.28419e-13  1.60679e-13  3.67740e-13
4.041567907e+00  5.4373943e-13  5.43739e-13  1.59669e-13  3.84071e-13
4.061775747e+00  5.5961383e-13  5.59614e-13  1.58591e-13  4.01022e-13
4.082084626e+00  5.7613990e-13  5.76140e-13  1.57543e-13  4.18597e-13
4.102495049e+00  5.9331523e-13  5.93315e-13  1.56500e-13  4.36815e-13
4.123007524e+00  6.1108362e-13  6.11084e-13  1.55368e-13  4.55716e-13
4.143622562e+00  6.2963134e-13  6.29631e-13  1.54359e-13  4.75272e-13
4.164340674e+00  6.4886448e-13  6.48864e-13  1.53332e-13  4.95533e-13
4.185162378e+00  6.6890687e-13  6.68907e-13  1.52423e-13  5.16483e-13
4.206088190e+00  6.9314738e-13  6.93147e-13  1.56161e-13  5.36986e-13
4.227118631e+00  7.2336420e-13  7.23364e-13  1.67192e-13  5.56172e-13
4.248254224e+00  7.4541848e-13  7.45418e-13  1.66245e-13  5.79174e-13
4.269495495e+00  7.6527031e-13  7.65270e-13  1.61059e-13  6.04211e-13
4.290842972e+00  7.8924670e-13  7.89247e-13  1.60503e-13  6.28744e-13
4.312297187e+00  8.1082605e-13  8.10826e-13  1.55187e-13  6.55639e-13
4.333858673e+00  8.3280439e-13  8.32804e-13  1.48978e-13  6.83827e-13
4.355527967e+00  8.5732861e-13  8.57329e-13  1.45103e-13  7.12226e-13
4.377305606e+00  8.8396878e-13  8.83969e-13  1.43018e-13  7.40951e-13
4.399192134e+00  9.1211870e-13  9.12119e-13  1.41839e-13  7.70280e-13
4.421188095e+00  9.4127283e-13  9.41273e-13  1.40752e-13  8.00521e-13
4.443294036e+00  9.7123568e-13  9.71236e-13  1.39383e-13  8.31853e-13
4.465510506e+00  1.0022863e-12  1.00229e-12  1.38169e-13  8.64118e-13
4.487838058e+00  1.0343185e-12  1.03432e-12  1.36883e-13  8.97436e-13
4.510277249e+00  1.0674422e-12  1.06744e-12  1.35688e-13  9.31754e-13
4.532828635e+00  1.1015872e-12  1.10159e-12  1.34403e-13  9.67184e-13
4.555492778e+00  1.1368117e-12  1.13681e-12  1.33090e-13  1.00372e-12
4.578270242e+00  1.1731674e-12  1.17317e-12  1.31807e-13  1.04136e-12
4.601161593e+00  1.2106128e-12  1.21061e-12  1.30400e-13  1.08021e-12
4.624167401e+00  1.2492490e-12  1.24925e-12  1.29044e-13  1.12021e-12
4.647288238e+00  1.2890962e-12  1.28910e-12  1.27739e-13  1.16136e-12
4.670524679e+00  1.3301803e-12  1.33018e-12  1.26503e-13  1.20368e-12
4.693877303e+00  1.3724922e-12  1.37249e-12  1.25240e-13  1.24725e-12
4.717346689e+00  1.4160784e-12  1.41608e-12  1.24026e-13  1.29205e-12
4.740933423e+00  1.4609548e-12  1.46095e-12  1.22841e-13  1.33811e-12
4.764638090e+00  1.5071256e-12  1.50713e-12  1.21593e-13  1.38553e-12
4.788461280e+00  1.5546423e-12  1.55464e-12  1.20411e-13  1.43423e-12
4.812403587e+00  1.6035057e-12  1.60351e-12  1.19149e-13  1.48436e-12
4.836465604e+00  1.6537814e-12  1.65378e-12  1.18203e-13  1.53558e-12
4.860647933e+00  1.7054355e-12  1.70544e-12  1.17033e-13  1.58840e-12
4.884951172e+00  1.7585196e-12  1.75852e-12  1.15839e-13  1.64268e-12
4.909375928e+00  1.8130527e-12  1.81305e-12  1.14829e-13  1.69822e-12
4.933922808e+00  1.8690693e-12  1.86907e-12  1.13621e-13  1.75545e-12
4.958592422e+00  1.9265677e-12  1.92657e-12  1.12612e-13  1.81396e-12
4.983385384e+00  1.9856691e-12  1.98567e-12  1.11119e-13  1.87455e-12
5.008302311e+00  2.0462679e-12  2.04627e-12  1.10013e-13  1.93625e-12
5.033343822e+00  2.1083862e-12  2.10839e-12  1.09100e-13  1.99929e-12
5.058510541e+00  2.1723028e-12  2.17230e-12  1.07533e-13  2.06477e-12
5.083803094e+00  2.2376748e-12  2.23767e-12  1.06525e-13  2.13115e-12
5.109222110e+00  2.3048841e-12  2.30488e-12  1.05070e-13  2.19981e-12
5.134768220e+00  2.3735707e-12  2.37357e-12  1.04083e-13  2.26949e-12
5.160442061e+00  2.4438548e-12  2.44385e-12  1.03249e-13  2.34061e-12
5.186244272e+00  2.5163617e-12  2.51636e-12  1.01565e-13  2.41480e-12
5.212175493e+00  2.5897156e-12  2.58972e-12  1.01283e-13  2.48843e-12
5.238236370e+00  2.6659300e-12  2.66593e-12  9.94260e-14  2.56650e-12
5.264427552e+00  2.7437528e-12  2.74375e-12  9.79170e-14  2.64584e-12
5.290749690e+00  2.8227176e-12  2.82272e-12  9.72211e-14  2.72550e-12
5.317203438e+00  2.9044686e-12  2.90447e-12  9.54985e-14  2.80897e-12
5.343789456e+00  2.9865090e-12  2.98651e-12  9.53606e-14  2.89115e-12
5.370508403e+00  3.0719474e-12  3.07195e-12  9.37575e-14  2.97819e-12
5.397360945e+00  3.1593178e-12  3.15932e-12  9.22039e-14  3.06711e-12
5.424347750e+00  3.2463905e-12  3.24639e-12  9.24263e-14  3.15396e-12
5.451469488e+00  3.3383862e-12  3.33839e-12  9.03445e-14  3.24804e-12
5.478726836e+00  3.4297518e-12  3.42975e-12  9.01469e-14  3.33960e-12
5.506120470e+00  3.5266056e-12  3.52661e-12  8.76211e-14  3.43898e-12
5.533651072e+00  3.6225839e-12  3.62258e-12  8.69978e-14  3.53559e-12
5.561319328e+00  3.7203837e-12  3.72038e-12  8.64481e-14  3.63394e-12
5.589125924e+00  3.8204691e-12  3.82047e-12  8.57203e-14  3.73475e-12
5.617071554e+00  3.9248018e-12  3.92480e-12  8.38554e-14  3.84095e-12
5.645156912e+00  4.0257894e-12  4.02579e-12  8.46908e-14  3.94110e-12
5.673382696e+00  4.1361044e-12  4.13610e-12  8.20417e-14  4.05406e-12
5.701749610e+00  4.2441870e-12  4.24419e-12  8.14432e-14  4.16274e-12
5.730258358e+00  4.3523409e-12  4.35234e-12  8.16592e-14  4.27068e-12
5.758909650e+00  4.4639583e-12  4.46396e-12  8.12455e-14  4.38271e-12
5.787704198e+00  4.5832471e-12  4.58325e-12  7.87167e-14  4.50453e-12
5.816642719e+00  4.6975441e-12  4.69754e-12  7.88921e-14  4.61865e-12
5.845725932e+00  4.8173383e-12  4.81734e-12  7.78389e-14  4.73950e-12
5.874954562e+00  4.9350741e-12  4.93507e-12  7.81839e-14  4.85689e-12
5.904329335e+00  5.0624750e-12  5.06247e-12  7.60961e-14  4.98638e-12
5.933850982e+00  5.1852496e-12  5.18525e-12  7.61501e-14  5.10910e-12
5.963520237e+00  5.3212794e-12  5.32128e-12  7.29770e-14  5.24830e-12
5.993337838e+00  5.4512238e-12  5.45122e-12  7.22715e-14  5.37895e-12
6.023304527e+00  5.5879401e-12  5.58794e-12  7.03680e-14  5.51757e-12
6.053421050e+00  5.7103208e-12  5.71032e-12  7.27247e-14  5.63760e-12
6.083688155e+00  5.8515307e-12  5.85153e-12  7.08266e-14  5.78070e-12
6.114106596e+00  5.9939727e-12  5.99397e-12  6.92522e-14  5.92472e-12
6.144677129e+00  6.1409091e-12  6.14091e-12  6.72419e-14  6.07367e-12
6.175400514e+00  6.2796668e-12  6.27967e-12  6.75654e-14  6.21210e-12
6.206277517e+00  6.4279115e-12  6.42791e-12  6.63205e-14  6.36159e-12
6.237308904e+00  6.5776713e-12  6.57767e-12  6.52635e-14  6.51241e-12
6.268495449e+00  6.7288746e-12  6.72887e-12  6.43896e-14  6.66448e-12
6.299837926e+00  6.8818739e-12  6.88187e-12  6.36156e-14  6.81826e-12
6.331337116e+00  7.0287170e-12  7.02872e-12  6.43412e-14  6.96438e-12
6.362993801e+00  7.1743108e-12  7.17431e-12  6.55670e-14  7.10874e-12
6.394808770e+00  7.3356399e-12  7.33564e-12  6.44370e-14  7.27120e-12
6.426782814e+00  7.4760265e-12  7.47603e-12  6.70271e-14  7.40900e-12
6.458916728e+00  7.6605535e-12  7.66055e-12  6.29613e-14  7.59759e-12
6.491211312e+00  7.7906986e-12  7.79070e-12  6.75193e-14  7.72318e-12
6.523667368e+00  7.9786892e-12  7.97869e-12  6.37632e-14  7.91493e-12
6.556285705e+00  8.1444888e-12  8.14449e-12  6.35913e-14  8.08090e-12
6.589067134e+00  8.3090352e-12  8.30904e-12  6.38522e-14  8.24518e-12
6.622012469e+00  8.4874057e-12  8.48741e-12  6.25526e-14  8.42485e-12
6.655122532e+00  8.6686697e-12  8.66867e-12  6.12098e-14  8.60746e-12
6.688398144e+00  8.8561927e-12  8.85619e-12  5.94217e-14  8.79677e-12
6.721840135e+00  9.0358130e-12  9.03581e-12  5.88898e-14  8.97692e-12
6.755449336e+00  9.2344036e-12  9.23440e-12  5.64506e-14  9.17795e-12
6.789226583e+00  9.4026764e-12  9.40268e-12  5.76921e-14  9.34498e-12
6.823172715e+00  9.6017622e-12  9.60176e-12  5.57738e-14  9.54599e-12
6.857288579e+00  9.7749494e-12  9.77495e-12  5.68257e-14  9.71812e-12
6.891575022e+00  9.9789867e-12  9.97899e-12  5.49110e-14  9.92408e-12
6.926032897e+00  1.0182150e-11  1.01821e-11  5.33668e-14  1.01288e-11
6.960663062e+00  1.0375096e-11  1.03751e-11  5.30373e-14  1.03221e-11
6.995466377e+00  1.0576810e-11  1.05768e-11  5.20862e-14  1.05247e-11
7.030443709e+00  1.0778005e-11  1.07780e-11  5.13872e-14  1.07266e-11
7.065595927e+00  1.0976785e-11  1.09768e-11  5.10799e-14  1.09257e-11
7.100923907e+00  1.1191458e-11  1.11915e-11  4.96062e-14  1.11419e-11
7.136428526e+00  1.1396103e-11  1.13961e-11  4.91592e-14  1.13469e-11
7.172110669e+00  1.1600142e-11  1.16001e-11  4.89115e-14  1.15512e-11
7.207971222e+00  1.1824560e-11  1.18246e-11  4.72460e-14  1.17773e-11
7.244011079e+00  1.2047448e-11  1.20474e-11  4.59030e-14  1.20015e-11
7.280231134e+00  1.2257844e-11  1.22578e-11  4.56442e-14  1.22122e-11
7.316632290e+00  1.2486499e-11  1.24865e-11  4.42290e-14  1.24423e-11
7.353215451e+00  1.2703596e-11  1.27036e-11  4.37782e-14  1.26598e-11
7.389981528e+00  1.2937230e-11  1.29372e-11  4.23554e-14  1.28949e-11
7.426931436e+00  1.3166149e-11  1.31661e-11  4.14049e-14  1.31247e-11
7.464066093e+00  1.3390333e-11  1.33903e-11  4.08895e-14  1.33494e-11
7.501386424e+00  1.3628632e-11  1.36286e-11  3.96264e-14  1.35890e-11
7.538893356e+00  1.3866203e-11  1.38662e-11  3.85530e-14  1.38276e-11
7.576587822e+00  1.4100771e-11  1.41008e-11  3.77852e-14  1.40630e-11
7.614470762e+00  1.4338855e-11  1.43389e-11  3.69324e-14  1.43019e-11
7.652543115e+00  1.4583981e-11  1.45840e-11  3.58074e-14  1.45482e-11
7.690805831e+00  1.4831096e-11  1.48311e-11  3.46997e-14  1.47964e-11
7.729259860e+00  1.5076879e-11  1.50769e-11  3.37796e-14  1.50431e-11
7.767906159e+00  1.5329798e-11  1.53298e-11  3.26042e-14  1.52972e-11
7.806745690e+00  1.5585912e-11  1.55859e-11  3.13864e-14  1.55545e-11
7.845779419e+00  1.5839591e-11  1.58396e-11  3.03992e-14  1.58092e-11
7.885008316e+00  1.6093941e-11  1.60939e-11  2.94795e-14  1.60645e-11
7.924433357e+00  1.6345622e-11  1.63456e-11  2.87739e-14  1.63168e-11
7.964055524e+00  1.6590759e-11  1.65908e-11  2.84384e-14  1.65623e-11
8.003875802e+00  1.6824908e-11  1.68249e-11  2.86374e-14  1.67963e-11
8.043895181e+00  1.7019708e-11  1.70197e-11  3.05313e-14  1.69892e-11
8.084114657e+00  1.7157349e-11  1.71573e-11  3.47307e-14  1.71226e-11
8.124535230e+00  1.7243595e-11  1.72436e-11  4.08322e-14  1.72028e-11
8.165157906e+00  1.7261188e-11  1.72612e-11  4.93716e-14  1.72118e-11
8.205983696e+00  1.7217995e-11  1.72180e-11  5.98635e-14  1.71581e-11
8.247013614e+00  1.7133331e-11  1.71333e-11  7.14330e-14  1.70619e-11
8.288248682e+00  1.7011393e-11  1.70114e-11  8.38361e-14  1.69276e-11
8.329689926e+00  1.6988344e-11  1.69883e-11  9.21263e-14  1.68962e-11
8.371338375e+00  1.7099019e-11  1.70990e-11  9.53551e-14  1.70037e-11
8.413195067e+00  1.7258178e-11  1.72582e-11  9.67713e-14  1.71614e-11
8.455261042e+00  1.7431071e-11  1.74311e-11  9.76536e-14  1.73334e-11
8.497537348e+00  1.7606889e-11  1.76069e-11  9.83874e-14  1.75085e-11
8.540025034e+00  1.7779463e-11  1.77795e-11  9.91766e-14  1.76803e-11
8.582725160e+00  1.7952548e-11  1.79525e-11  9.98978e-14  1.78527e-11
8.625638785e+00  1.8131145e-11  1.81311e-11  1.00401e-13  1.80307e-11
8.668766979e+00  1.8316095e-11  1.83161e-11  1.00672e-13  1.82154e-11
8.712110814e+00  1.8515102e-11  1.85151e-11  1.00500e-13  1.84146e-11
8.755671368e+00  1.8741659e-11  1.87417e-11  9.95275e-14  1.86421e-11
8.799449725e+00  1.9001605e-11  1.90016e-11  9.76416e-14  1.89040e-11
8.843446974e+00  1.9256689e-11  1.92567e-11  9.59449e-14  1.91607e-11
8.887664209e+00  1.9447847e-11  1.94478e-11  9.60036e-14  1.93518e-11
8.932102530e+00  1.9633757e-11  1.96338e-11  9.61716e-14  1.95376e-11
8.976763042e+00  1.9842719e-11  1.98427e-11  9.57158e-14  1.97470e-11
9.021646857e+00  2.0064382e-11  2.00644e-11  9.49334e-14  1.99694e-11
9.066755092e+00  2.0290454e-11  2.02905e-11  9.40471e-14  2.01964e-11
9.112088867e+00  2.0528433e-11  2.05284e-11  9.28825e-14  2.04356e-11
9.157649312e+00  2.0792905e-11  2.07929e-11  9.11127e-14  2.07018e-11
9.203437558e+00  2.1080341e-11  2.10803e-11  8.88561e-14  2.09915e-11
9.249454746e+00  2.1338949e-11  2.13389e-11  8.73122e-14  2.12516e-11
9.295702020e+00  2.1541256e-11  2.15413e-11  8.70467e-14  2.14542e-11
9.342180530e+00  2.1683829e-11  2.16838e-11  8.80572e-14  2.15958e-11
9.388891432e+00  2.1768009e-11  2.17680e-11  9.02380e-14  2.16778e-11
9.435835890e+00  2.1860680e-11  2.18607e-11  9.21238e-14  2.17686e-11
9.483015069e+00  2.1962446e-11  2.19624e-11  9.37170e-14  2.18687e-11
9.530430144e+00  2.2102837e-11  2.21028e-11  9.44404e-14  2.20084e-11
9.578082295e+00  2.2319768e-11  2.23198e-11  9.35977e-14  2.22262e-11
9.625972707e+00  2.2527326e-11  2.25273e-11  9.29329e-14  2.24344e-11
9.674102570e+00  2.2727367e-11  2.27274e-11  9.24000e-14  2.26350e-11
9.722473083e+00  2.2975770e-11  2.29758e-11  9.09554e-14  2.28848e-11
9.771085448e+00  2.3253491e-11  2.32535e-11  8.89966e-14  2.31645e-11
9.819940876e+00  2.3497974e-11  2.34980e-11  8.76685e-14  2.34103e-11
9.869040580e+00  2.3711862e-11  2.37119e-11  8.68899e-14  2.36250e-11
9.918385783e+00  2.3930093e-11  2.39301e-11  8.60300e-14  2.38441e-11
9.967977712e+00  2.4162245e-11  2.41622e-11  8.49313e-14  2.40773e-11
1.001781760e+01  2.4407520e-11  2.44075e-11  8.36198e-14  2.43239e-11
1.006790669e+01  2.4668880e-11  2.46689e-11  8.20589e-14  2.45868e-11
1.011824622e+01  2.4939935e-11  2.49399e-11  8.03641e-14  2.48596e-11
1.016883745e+01  2.5197382e-11  2.51974e-11  7.89080e-14  2.51185e-11
1.021968164e+01  2.5433309e-11  2.54333e-11  7.78000e-14  2.53555e-11
1.027078005e+01  2.5669832e-11  2.56698e-11  7.66872e-14  2.55931e-11
1.032213395e+01  2.5923430e-11  2.59234e-11  7.53250e-14  2.58481e-11
1.037374462e+01  2.6187731e-11  2.61877e-11  7.38195e-14  2.61139e-11
1.042561334e+01  2.6463895e-11  2.64639e-11  7.21616e-14  2.63917e-11
1.047774141e+01  2.6770956e-11  2.67710e-11  7.00913e-14  2.67009e-11
1.053013012e+01  2.7065432e-11  2.70654e-11  6.82322e-14  2.69972e-11
1.058278077e+01  2.7337421e-11  2.73374e-11  6.67089e-14  2.72707e-11
1.063569467e+01  2.7579292e-11  2.75793e-11  6.56066e-14  2.75137e-11
1.068887314e+01  2.7812597e-11  2.78126e-11  6.46209e-14  2.77480e-11
1.074231751e+01  2.8043950e-11  2.80439e-11  6.36602e-14  2.79803e-11
1.079602910e+01  2.8259845e-11  2.82598e-11  6.28952e-14  2.81969e-11
1.085000924e+01  2.8479079e-11  2.84791e-11  6.20808e-14  2.84170e-11
1.090425929e+01  2.8710034e-11  2.87100e-11  6.11164e-14  2.86489e-11
1.095878058e+01  2.8972717e-11  2.89727e-11  5.97671e-14  2.89130e-11
1.101357449e+01  2.9249223e-11  2.92492e-11  5.82649e-14  2.91910e-11
1.106864236e+01  2.9518063e-11  2.95181e-11  5.68688e-14  2.94612e-11
1.112398557e+01  2.9804015e-11  2.98040e-11  5.52887e-14  2.97487e-11
1.117960550e+01  3.0088105e-11  3.00881e-11  5.37486e-14  3.00344e-11
1.123550353e+01  3.0350497e-11  3.03505e-11  5.24682e-14  3.02980e-11
1.129168104e+01  3.0627016e-11  3.06270e-11  5.10422e-14  3.05760e-11
1.134813945e+01  3.0904562e-11  3.09046e-11  4.96192e-14  3.08549e-11
1.140488015e+01  3.1156618e-11  3.11566e-11  4.84814e-14  3.11081e-11
1.146190455e+01  3.1412187e-11  3.14122e-11  4.73120e-14  3.13649e-11
1.151921407e+01  3.1689914e-11  3.16899e-11  4.59203e-14  3.16440e-11
1.157681014e+01  3.1971460e-11  3.19715e-11  4.45028e-14  3.19270e-11
1.163469419e+01  3.2242744e-11  3.22427e-11  4.32020e-14  3.21995e-11
1.169286766e+01  3.2510835e-11  3.25108e-11  4.19430e-14  3.24689e-11
1.175133200e+01  3.2772355e-11  3.27724e-11  4.07570e-14  3.27316e-11
1.181008866e+01  3.3059938e-11  3.30599e-11  3.93289e-14  3.30206e-11
1.186913910e+01  3.3346222e-11  3.33462e-11  3.79275e-14  3.33083e-11
1.192848480e+01  3.3594301e-11  3.35943e-11  3.68942e-14  3.35574e-11
1.198812722e+01  3.3820373e-11  3.38204e-11  3.60652e-14  3.37843e-11
1.204806786e+01  3.4047022e-11  3.40470e-11  3.52280e-14  3.40118e-11
1.210830820e+01  3.4290885e-11  3.42909e-11  3.42353e-14  3.42566e-11
1.216884974e+01  3.4552970e-11  3.45530e-11  3.30852e-14  3.45199e-11
1.222969399e+01  3.4822458e-11  3.48225e-11  3.18777e-14  3.47906e-11
1.229084246e+01  3.5073339e-11  3.50733e-11  3.08369e-14  3.50425e-11
1.235229667e+01  3.5317277e-11  3.53173e-11  2.98580e-14  3.52874e-11
1.241405815e+01  3.5546409e-11  3.55464e-11  2.90036e-14  3.55174e-11
1.247612845e+01  3.5764020e-11  3.57640e-11  2.82419e-14  3.57358e-11
1.253850909e+01  3.5961345e-11  3.59613e-11  2.76397e-14  3.59337e-11
1.260120163e+01  3.6138895e-11  3.61389e-11  2.71863e-14  3.61117e-11
1.266420764e+01  3.6309427e-11  3.63094e-11  2.67759e-14  3.62827e-11
1.272752868e+01  3.6463751e-11  3.64638e-11  2.64777e-14  3.64373e-11
1.279116632e+01  3.6608035e-11  3.66080e-11  2.62402e-14  3.65818e-11
1.285512215e+01  3.6744564e-11  3.67446e-11  2.60437e-14  3.67185e-11
1.291939776e+01  3.6880475e-11  3.68805e-11  2.58336e-14  3.68546e-11
1.298399475e+01  3.7018995e-11  3.70190e-11  2.55869e-14  3.69934e-11
1.304891473e+01  3.7152902e-11  3.71529e-11  2.53571e-14  3.71275e-11
1.311415930e+01  3.7290669e-11  3.72907e-11  2.50831e-14  3.72656e-11
1.317973010e+01  3.7429507e-11  3.74295e-11  2.47862e-14  3.74047e-11
1.324562875e+01  3.7565361e-11  3.75654e-11  2.44954e-14  3.75409e-11
1.331185689e+01  3.7693298e-11  3.76933e-11  2.42444e-14  3.76691e-11
1.337841618e+01  3.7820237e-11  3.78202e-11  2.39847e-14  3.77963e-11
1.344530826e+01  3.7940412e-11  3.79404e-11  2.37552e-14  3.79167e-11
1.351253480e+01  3.8049639e-11  3.80496e-11  2.35824e-14  3.80261e-11
1.358009747e+01  3.8156127e-11  3.81561e-11  2.34107e-14  3.81327e-11
1.364799796e+01  3.8262784e-11  3.82628e-11  2.32213e-14  3.82396e-11
1.371623795e+01  3.8382148e-11  3.83821e-11  2.29353e-14  3.83592e-11
1.378481914e+01  3.8498442e-11  3.84984e-11  2.26553e-14  3.84758e-11
1.385374323e+01  3.8612915e-11  3.86129e-11  2.23732e-14  3.85905e-11
1.392301195e+01  3.8725145e-11  3.87251e-11  2.20918e-14  3.87031e-11
1.399262701e+01  3.8855800e-11  3.88558e-11  2.16862e-14  3.88341e-11
1.406259015e+01  3.8969929e-11  3.89699e-11  2.13695e-14  3.89486e-11
1.413290310e+01  3.9075899e-11  3.90759e-11  2.10894e-14  3.90548e-11
1.420356761e+01  3.9180889e-11  3.91809e-11  2.08028e-14  3.91601e-11
1.427458545e+01  3.9290870e-11  3.92909e-11  2.04754e-14  3.92704e-11
1.434595838e+01  3.9407596e-11  3.94076e-11  2.00988e-14  3.93875e-11
1.441768817e+01  3.9532833e-11  3.95328e-11  1.96649e-14  3.95132e-11
1.448977661e+01  3.9665787e-11  3.96658e-11  1.91800e-14  3.96466e-11
1.456222549e+01  3.9779876e-11  3.97799e-11  1.87924e-14  3.97611e-11
1.463503662e+01  3.9894794e-11  3.98948e-11  1.83916e-14  3.98764e-11
1.470821180e+01  4.0009262e-11  4.00093e-11  1.79851e-14  3.99913e-11
1.478175286e+01  4.0128468e-11  4.01285e-11  1.75456e-14  4.01109e-11
1.485566163e+01  4.0241193e-11  4.02412e-11  1.71332e-14  4.02241e-11
1.492993994e+01  4.0336142e-11  4.03361e-11  1.68059e-14  4.03193e-11
1.500458964e+01  4.0313393e-11  4.03134e-11  1.70747e-14  4.02963e-11
1.507961258e+01  4.0606317e-11  4.06063e-11  1.57164e-14  4.05906e-11
1.515501065e+01  4.0683396e-11  4.06834e-11  1.54575e-14  4.06679e-11
1.523078570e+01  4.0695872e-11  4.06959e-11  1.55100e-14  4.06804e-11
1.530693963e+01  4.0575848e-11  4.05758e-11  1.61982e-14  4.05597e-11
1.538347433e+01  4.0403723e-11  4.04037e-11  1.71102e-14  4.03866e-11
1.546039170e+01  4.0154432e-11  4.01544e-11  1.83594e-14  4.01361e-11
1.553769366e+01  3.9759456e-11  3.97595e-11  2.02618e-14  3.97392e-11
1.561538212e+01  3.9481951e-11  3.94820e-11  2.15556e-14  3.94604e-11
1.569345903e+01  3.9264421e-11  3.92644e-11  2.25279e-14  3.92419e-11
1.577192633e+01  3.9061422e-11  3.90614e-11  2.33986e-14  3.90380e-11
1.585078596e+01  3.8988673e-11  3.89887e-11  2.36418e-14  3.89650e-11
1.593003989e+01  3.8940061e-11  3.89401e-11  2.37568e-14  3.89163e-11
1.600969009e+01  3.8866807e-11  3.88668e-11  2.39660e-14  3.88428e-11
1.608973854e+01  3.8806777e-11  3.88068e-11  2.40987e-14  3.87827e-11
1.617018723e+01  3.8648966e-11  3.86490e-11  2.46444e-14  3.86243e-11
1.625103817e+01  3.8470869e-11  3.84709e-11  2.52540e-14  3.84456e-11
1.633229336e+01  3.8277366e-11  3.82774e-11  2.59046e-14  3.82515e-11
1.641395483e+01  3.8055694e-11  3.80557e-11  2.66495e-14  3.80290e-11
1.649602460e+01  3.7880922e-11  3.78809e-11  2.71694e-14  3.78538e-11
1.657850473e+01  3.7659544e-11  3.76595e-11  2.78611e-14  3.76317e-11
1.666139725e+01  3.7548340e-11  3.75483e-11  2.80716e-14  3.75203e-11
1.674470424e+01  3.7457312e-11  3.74573e-11  2.81833e-14  3.74291e-11
1.682842776e+01  3.7405045e-11  3.74050e-11  2.81237e-14  3.73769e-11
1.691256990e+01  3.7351824e-11  3.73518e-11  2.80572e-14  3.73238e-11
1.699713274e+01  3.7336530e-11  3.73365e-11  2.78296e-14  3.73087e-11
1.708211841e+01  3.7319433e-11  3.73194e-11  2.76019e-14  3.72918e-11
1.716752900e+01  3.7284661e-11  3.72847e-11  2.74364e-14  3.72572e-11
1.725336665e+01  3.7244599e-11  3.72446e-11  2.72833e-14  3.72173e-11
1.733963348e+01  3.7208094e-11  3.72081e-11  2.71087e-14  3.71810e-11
1.742633165e+01  3.7204704e-11  3.72047e-11  2.68009e-14  3.71779e-11
1.751346330e+01  3.7268339e-11  3.72683e-11  2.62360e-14  3.72421e-11
1.760103062e+01  3.7316969e-11  3.73170e-11  2.57272e-14  3.72912e-11
1.768903577e+01  3.7394208e-11  3.73942e-11  2.51117e-14  3.73691e-11
1.777748095e+01  3.7503961e-11  3.75040e-11  2.43783e-14  3.74796e-11
1.786636836e+01  3.7565694e-11  3.75657e-11  2.38226e-14  3.75419e-11
1.795570020e+01  3.7588730e-11  3.75887e-11  2.34064e-14  3.75653e-11
1.804547870e+01  3.7533208e-11  3.75332e-11  2.32684e-14  3.75099e-11
1.813570609e+01  3.7386614e-11  3.73866e-11  2.34455e-14  3.73632e-11
1.822638462e+01  3.7132559e-11  3.71326e-11  2.39872e-14  3.71086e-11
1.831751655e+01  3.6819110e-11  3.68191e-11  2.47170e-14  3.67944e-11
1.840910413e+01  3.6600018e-11  3.66000e-11  2.51007e-14  3.65749e-11
1.850114965e+01  3.6514360e-11  3.65144e-11  2.50138e-14  3.64893e-11
1.859365540e+01  3.6518085e-11  3.65181e-11  2.46174e-14  3.64935e-11
1.868662368e+01  3.6583433e-11  3.65834e-11  2.40126e-14  3.65594e-11
1.878005679e+01  3.6689283e-11  3.66893e-11  2.32750e-14  3.66660e-11
1.887395708e+01  3.6779384e-11  3.67794e-11  2.25939e-14  3.67568e-11
1.896832686e+01  3.6796470e-11  3.67965e-11  2.21554e-14  3.67743e-11
1.906316850e+01  3.6772057e-11  3.67721e-11  2.18513e-14  3.67502e-11
1.915848434e+01  3.6821497e-11  3.68215e-11  2.13069e-14  3.68002e-11
1.925427676e+01  3.6790126e-11  3.67901e-11  2.10223e-14  3.67691e-11
1.935054815e+01  3.6721481e-11  3.67215e-11  2.08533e-14  3.67006e-11
1.944730089e+01  3.6739003e-11  3.67390e-11  2.04092e-14  3.67186e-11
1.954453739e+01  3.6770857e-11  3.67709e-11  1.99207e-14  3.67509e-11
1.964226008e+01  3.6767147e-11  3.67671e-11  1.95433e-14  3.67476e-11
1.974047138e+01  3.6757212e-11  3.67572e-11  1.91845e-14  3.67380e-11
1.983917374e+01  3.6763342e-11  3.67633e-11  1.87760e-14  3.67446e-11
1.993836960e+01  3.6769220e-11  3.67692e-11  1.83683e-14  3.67509e-11
2.003806145e+01  3.6797869e-11  3.67979e-11  1.78926e-14  3.67800e-11
2.013825176e+01  3.6818092e-11  3.68181e-11  1.74433e-14  3.68006e-11
2.023894302e+01  3.6792989e-11  3.67930e-11  1.71289e-14  3.67759e-11
2.034013773e+01  3.6711392e-11  3.67114e-11  1.69791e-14  3.66944e-11
2.044183842e+01  3.6597346e-11  3.65973e-11  1.69203e-14  3.65804e-11
2.054404761e+01  3.6464576e-11  3.64646e-11  1.69110e-14  3.64477e-11
2.064676785e+01  3.6269431e-11  3.62694e-11  1.70753e-14  3.62524e-11
2.075000169e+01  3.6091336e-11  3.60913e-11  1.71834e-14  3.60742e-11
2.085375170e+01  3.5956193e-11  3.59562e-11  1.71636e-14  3.59390e-11
2.095802046e+01  3.5781761e-11  3.57818e-11  1.72492e-14  3.57645e-11
2.106281056e+01  3.5574180e-11  3.55742e-11  1.74209e-14  3.55568e-11
2.116812461e+01  3.5344122e-11  3.53441e-11  1.76474e-14  3.53265e-11
2.127396524e+01  3.5167343e-11  3.51673e-11  1.77200e-14  3.51496e-11
2.138033506e+01  3.5089439e-11  3.50894e-11  1.75178e-14  3.50719e-11
2.148723674e+01  3.4991129e-11  3.49911e-11  1.73691e-14  3.49738e-11
2.159467292e+01  3.4908424e-11  3.49084e-11  1.71763e-14  3.48912e-11
2.170264629e+01  3.4822310e-11  3.48223e-11  1.69911e-14  3.48053e-11
2.181115952e+01  3.4707831e-11  3.47078e-11  1.68794e-14  3.46910e-11
2.192021532e+01  3.4573403e-11  3.45734e-11  1.68177e-14  3.45566e-11
2.202981639e+01  3.4541454e-11  3.45415e-11  1.64853e-14  3.45250e-11
2.213996547e+01  3.4431935e-11  3.44319e-11  1.63548e-14  3.44156e-11
2.225066530e+01  3.4249568e-11  3.42496e-11  1.64100e-14  3.42332e-11
2.236191863e+01  3.4012777e-11  3.40128e-11  1.66000e-14  3.39962e-11
2.247372822e+01  3.3706764e-11  3.37068e-11  1.69597e-14  3.36898e-11
2.258609686e+01  3.3350658e-11  3.33507e-11  1.74377e-14  3.33332e-11
2.269902735e+01  3.3004612e-11  3.30046e-11  1.78807e-14  3.29867e-11
2.281252248e+01  3.2750404e-11  3.27504e-11  1.80859e-14  3.27323e-11
2.292658510e+01  3.2487353e-11  3.24874e-11  1.83071e-14  3.24690e-11
2.304121802e+01  3.2238580e-11  3.22386e-11  1.84872e-14  3.22201e-11
2.315642411e+01  3.2057355e-11  3.20574e-11  1.84970e-14  3.20389e-11
2.327220623e+01  3.1839807e-11  3.18398e-11  1.85918e-14  3.18212e-11
2.338856726e+01  3.1636985e-11  3.16370e-11  1.86472e-14  3.16183e-11
2.350551010e+01  3.1467167e-11  3.14672e-11  1.86199e-14  3.14485e-11
2.362303765e+01  3.1296882e-11  3.12969e-11  1.85914e-14  3.12783e-11
2.374115284e+01  3.1145597e-11  3.11456e-11  1.85158e-14  3.11271e-11
2.385985860e+01  3.0923631e-11  3.09236e-11  1.86047e-14  3.09050e-11
2.397915789e+01  3.0652977e-11  3.06530e-11  1.88038e-14  3.06342e-11
2.409905368e+01  3.0765478e-11  3.07655e-11  1.81083e-14  3.07474e-11
2.421954895e+01  3.0765585e-11  3.07656e-11  1.76785e-14  3.07479e-11
2.434064670e+01  3.0593752e-11  3.05938e-11  1.76460e-14  3.05761e-11
2.446234993e+01  3.0355757e-11  3.03558e-11  1.77626e-14  3.03380e-11
2.458466168e+01  3.0139944e-11  3.01399e-11  1.78254e-14  3.01221e-11
2.470758499e+01  2.9973296e-11  2.99733e-11  1.77747e-14  2.99555e-11
2.483112291e+01  2.9852274e-11  2.98523e-11  1.76205e-14  2.98347e-11
2.495527853e+01  2.9673270e-11  2.96733e-11  1.75952e-14  2.96557e-11
