# ------------------------------------------------------------------------
# Radiance spectrum
# NASA-GSFC Planetary Spectrum Generator (PSG) (Villanueva et al. 2018, 2022)
# Synthesized on Wed Feb 14 19:29:24 2024
# Doppler velocities [km/s] (vobs,vrot+vorb,vwidth,vrfl,vstr): 0.00000,-0.00000,0.00000,-119.41115,-0.00000
# Spectral unit: Wavelength [um]
# Radiance unit: Spectral irradiance [W/m2/um]
# Wave/freq Total Object Reflected Thermal
5.000000000e-01  2.0659107e-12  2.06591e-12  2.06591e-12  1.49490e-46
5.025000000e-01  2.0582593e-12  2.05826e-12  2.05826e-12  2.37061e-46
5.050125000e-01  2.0258648e-12  2.02586e-12  2.02586e-12  3.76649e-46
5.075375625e-01  2.1352836e-12  2.13528e-12  2.13528e-12  5.82197e-46
5.100752503e-01  2.2457587e-12  2.24576e-12  2.24576e-12  8.97708e-46
5.126256266e-01  2.3213416e-12  2.32134e-12  2.32134e-12  1.38974e-45
5.151887547e-01  2.3967651e-12  2.39677e-12  2.39677e-12  2.14676e-45
5.177646985e-01  2.4554639e-12  2.45546e-12  2.45546e-12  3.31870e-45
5.203535220e-01  2.5146763e-12  2.51468e-12  2.51468e-12  5.11864e-45
5.229552896e-01  2.5725859e-12  2.57259e-12  2.57259e-12  7.87926e-45
5.255700660e-01  2.6285543e-12  2.62855e-12  2.62855e-12  1.21063e-44
5.281979164e-01  2.6754880e-12  2.67549e-12  2.67549e-12  1.85901e-44
5.308389059e-01  2.7182710e-12  2.71827e-12  2.71827e-12  2.85045e-44
5.334931005e-01  2.7515943e-12  2.75159e-12  2.75159e-12  4.36828e-44
5.361605660e-01  2.7801766e-12  2.78018e-12  2.78018e-12  6.68511e-44
5.388413688e-01  2.8025943e-12  2.80259e-12  2.80259e-12  1.02190e-43
5.415355756e-01  2.8186896e-12  2.81869e-12  2.81869e-12  1.56033e-43
5.442432535e-01  2.8298884e-12  2.82989e-12  2.82989e-12  2.37913e-43
5.469644698e-01  2.8477703e-12  2.84777e-12  2.84777e-12  3.61554e-43
5.496992921e-01  2.8683025e-12  2.86830e-12  2.86830e-12  5.48010e-43
5.524477886e-01  2.9286336e-12  2.92863e-12  2.92863e-12  8.23426e-43
5.552100275e-01  2.9927697e-12  2.99277e-12  2.99277e-12  1.23390e-42
5.579860777e-01  3.0353685e-12  3.03537e-12  3.03537e-12  1.85166e-42
5.607760081e-01  3.0752607e-12  3.07526e-12  3.07526e-12  2.77413e-42
5.635798881e-01  3.1075517e-12  3.10755e-12  3.10755e-12  4.15259e-42
5.663977875e-01  3.1415042e-12  3.14150e-12  3.14150e-12  6.20132e-42
5.692297765e-01  3.1772434e-12  3.17724e-12  3.17724e-12  9.23892e-42
5.720759254e-01  3.2049426e-12  3.20494e-12  3.20494e-12  1.37536e-41
5.749363050e-01  3.2295813e-12  3.22958e-12  3.22958e-12  2.04419e-41
5.778109865e-01  3.2527276e-12  3.25273e-12  3.25273e-12  3.03269e-41
5.807000414e-01  3.2746399e-12  3.27464e-12  3.27464e-12  4.49078e-41
5.836035417e-01  3.2927601e-12  3.29276e-12  3.29276e-12  6.64016e-41
5.865215594e-01  3.3171135e-12  3.31711e-12  3.31711e-12  9.78872e-41
5.894541672e-01  3.3473294e-12  3.34733e-12  3.34733e-12  1.43880e-40
5.924014380e-01  3.3694146e-12  3.36941e-12  3.36941e-12  2.11320e-40
5.953634452e-01  3.3904088e-12  3.39041e-12  3.39041e-12  3.09796e-40
5.983402624e-01  3.4176333e-12  3.41763e-12  3.41763e-12  4.52826e-40
6.013319637e-01  3.4385543e-12  3.43855e-12  3.43855e-12  6.61201e-40
6.043386235e-01  3.4516312e-12  3.45163e-12  3.45163e-12  9.64669e-40
6.073603167e-01  3.4765894e-12  3.47659e-12  3.47659e-12  1.40215e-39
6.103971182e-01  3.5050914e-12  3.50509e-12  3.50509e-12  2.03298e-39
6.134491038e-01  3.5355393e-12  3.53554e-12  3.53554e-12  2.94104e-39
6.165163494e-01  3.5677549e-12  3.56775e-12  3.56775e-12  4.24536e-39
6.195989311e-01  3.6017642e-12  3.60176e-12  3.60176e-12  6.11475e-39
6.226969258e-01  3.6489642e-12  3.64896e-12  3.64896e-12  8.77363e-39
6.258104104e-01  3.6924124e-12  3.69241e-12  3.69241e-12  1.25716e-38
6.289394624e-01  3.7192718e-12  3.71927e-12  3.71927e-12  1.80229e-38
6.320841597e-01  3.7554829e-12  3.75548e-12  3.75548e-12  2.57543e-38
6.352445805e-01  3.7955958e-12  3.79560e-12  3.79560e-12  3.67125e-38
6.384208035e-01  3.8222712e-12  3.82227e-12  3.82227e-12  5.23364e-38
6.416129075e-01  3.8583196e-12  3.85832e-12  3.85832e-12  7.43703e-38
6.448209720e-01  3.9035465e-12  3.90355e-12  3.90355e-12  1.05347e-37
6.480450769e-01  3.9312290e-12  3.93123e-12  3.93123e-12  1.49324e-37
6.512853022e-01  3.9543277e-12  3.95433e-12  3.95433e-12  2.11406e-37
6.545417288e-01  3.9717837e-12  3.97178e-12  3.97178e-12  2.98987e-37
6.578144374e-01  3.9940730e-12  3.99407e-12  3.99407e-12  4.21789e-37
6.611035096e-01  4.0157940e-12  4.01579e-12  4.01579e-12  5.93993e-37
6.644090271e-01  4.0352592e-12  4.03526e-12  4.03526e-12  8.35247e-37
6.677310723e-01  4.0582895e-12  4.05829e-12  4.05829e-12  1.17179e-36
6.710697276e-01  4.0825572e-12  4.08256e-12  4.08256e-12  1.64069e-36
6.744250763e-01  4.1078499e-12  4.10785e-12  4.10785e-12  2.29282e-36
6.777972017e-01  4.1346339e-12  4.13463e-12  4.13463e-12  3.19779e-36
6.811861877e-01  4.1584691e-12  4.15847e-12  4.15847e-12  4.45389e-36
6.845921186e-01  4.1763389e-12  4.17634e-12  4.17634e-12  6.19754e-36
6.880150792e-01  4.1950838e-12  4.19508e-12  4.19508e-12  8.60763e-36
6.914551546e-01  4.2118261e-12  4.21183e-12  4.21183e-12  1.19373e-35
6.949124304e-01  4.2253866e-12  4.22539e-12  4.22539e-12  1.65334e-35
6.983869925e-01  4.2364319e-12  4.23643e-12  4.23643e-12  2.28671e-35
7.018789275e-01  4.2452892e-12  4.24529e-12  4.24529e-12  3.15819e-35
7.053883221e-01  4.2522910e-12  4.25229e-12  4.25229e-12  4.35536e-35
7.089152637e-01  4.2596543e-12  4.25965e-12  4.25965e-12  5.99576e-35
7.124598400e-01  4.2620852e-12  4.26209e-12  4.26209e-12  8.24534e-35
7.160221392e-01  4.2622604e-12  4.26226e-12  4.26226e-12  1.13230e-34
7.196022499e-01  4.2626530e-12  4.26265e-12  4.26265e-12  1.55227e-34
7.232002612e-01  4.2434273e-12  4.24343e-12  4.24343e-12  2.12989e-34
7.268162625e-01  4.2170560e-12  4.21706e-12  4.21706e-12  2.92018e-34
7.304503438e-01  4.1808637e-12  4.18086e-12  4.18086e-12  4.00192e-34
7.341025955e-01  4.1080770e-12  4.10808e-12  4.10808e-12  5.50054e-34
7.377731085e-01  4.0499442e-12  4.04994e-12  4.04994e-12  7.53284e-34
7.414619740e-01  3.9915494e-12  3.99155e-12  3.99155e-12  1.02983e-33
7.451692839e-01  3.9241022e-12  3.92410e-12  3.92410e-12  1.40704e-33
7.488951303e-01  3.8232542e-12  3.82325e-12  3.82325e-12  1.92684e-33
7.526396060e-01  3.7021351e-12  3.70214e-12  3.70214e-12  2.64017e-33
7.564028040e-01  3.5799529e-12  3.57995e-12  3.57995e-12  3.61118e-33
7.601848180e-01  3.4686595e-12  3.46866e-12  3.46866e-12  4.92388e-33
7.639857421e-01  3.3211625e-12  3.32116e-12  3.32116e-12  6.72903e-33
7.678056708e-01  3.1890830e-12  3.18908e-12  3.18908e-12  9.16255e-33
7.716446992e-01  3.0565093e-12  3.05651e-12  3.05651e-12  1.24538e-32
7.755029227e-01  2.9159926e-12  2.91599e-12  2.91599e-12  1.69106e-32
7.793804373e-01  2.7773505e-12  2.77735e-12  2.77735e-12  2.29158e-32
7.832773395e-01  2.6509590e-12  2.65096e-12  2.65096e-12  3.09582e-32
7.871937262e-01  2.5243411e-12  2.52434e-12  2.52434e-12  4.17509e-32
7.911296948e-01  2.3969088e-12  2.39691e-12  2.39691e-12  5.62135e-32
7.950853433e-01  2.2723949e-12  2.27239e-12  2.27239e-12  7.55344e-32
7.990607700e-01  2.1440356e-12  2.14404e-12  2.14404e-12  1.01362e-31
8.030560739e-01  2.0242326e-12  2.02423e-12  2.02423e-12  1.35681e-31
8.070713542e-01  1.9181308e-12  1.91813e-12  1.91813e-12  1.81084e-31
8.111067110e-01  1.8209605e-12  1.82096e-12  1.82096e-12  2.41089e-31
8.151622446e-01  1.7203433e-12  1.72034e-12  1.72034e-12  3.20578e-31
8.192380558e-01  1.6266176e-12  1.62662e-12  1.62662e-12  4.25336e-31
8.233342461e-01  1.5451795e-12  1.54518e-12  1.54518e-12  5.62824e-31
8.274509173e-01  1.4773273e-12  1.47733e-12  1.47733e-12  7.42713e-31
8.315881719e-01  1.4108854e-12  1.41089e-12  1.41089e-12  9.78520e-31
8.357461127e-01  1.3361341e-12  1.33613e-12  1.33613e-12  1.28826e-30
8.399248433e-01  1.2670619e-12  1.26706e-12  1.26706e-12  1.69270e-30
8.441244675e-01  1.2224436e-12  1.22244e-12  1.22244e-12  2.21606e-30
8.483450899e-01  1.1719425e-12  1.17194e-12  1.17194e-12  2.89862e-30
8.525868153e-01  1.1246935e-12  1.12469e-12  1.12469e-12  3.78496e-30
8.568497494e-01  1.0799598e-12  1.07996e-12  1.07996e-12  4.93429e-30
8.611339981e-01  1.0342475e-12  1.03425e-12  1.03425e-12  6.42416e-30
8.654396681e-01  9.9032039e-13  9.90320e-13  9.90320e-13  8.35098e-30
8.697668665e-01  9.6284553e-13  9.62846e-13  9.62846e-13  1.08253e-29
8.741157008e-01  9.3367178e-13  9.33672e-13  9.33672e-13  1.40157e-29
8.784862793e-01  9.1733928e-13  9.17339e-13  9.17339e-13  1.81016e-29
8.828787107e-01  8.9180103e-13  8.91801e-13  8.91801e-13  2.33658e-29
8.872931042e-01  8.7259872e-13  8.72599e-13  8.72599e-13  3.01039e-29
8.917295698e-01  8.6261721e-13  8.62617e-13  8.62617e-13  3.87029e-29
8.961882176e-01  8.4895319e-13  8.48953e-13  8.48953e-13  4.97079e-29
9.006691587e-01  8.3749757e-13  8.37498e-13  8.37498e-13  6.37459e-29
9.051725045e-01  8.3150665e-13  8.31507e-13  8.31507e-13  8.16031e-29
9.096983670e-01  8.2784812e-13  8.27848e-13  8.27848e-13  1.04306e-28
9.142468589e-01  8.2952334e-13  8.29523e-13  8.29523e-13  1.33090e-28
9.188180931e-01  8.3139848e-13  8.31398e-13  8.31398e-13  1.69596e-28
9.234121836e-01  8.2959832e-13  8.29598e-13  8.29598e-13  2.15906e-28
9.280292445e-01  8.3087497e-13  8.30875e-13  8.30875e-13  2.74438e-28
9.326693908e-01  8.3335048e-13  8.33350e-13  8.33350e-13  3.48358e-28
9.373327377e-01  8.3976712e-13  8.39767e-13  8.39767e-13  4.41479e-28
9.420194014e-01  8.5522734e-13  8.55227e-13  8.55227e-13  5.58352e-28
9.467294984e-01  8.7323099e-13  8.73231e-13  8.73231e-13  7.05122e-28
9.514631459e-01  8.8854166e-13  8.88542e-13  8.88542e-13  8.89565e-28
9.562204616e-01  9.1049008e-13  9.10490e-13  9.10490e-13  1.12021e-27
9.610015639e-01  9.3147661e-13  9.31477e-13  9.31477e-13  1.40903e-27
9.658065718e-01  9.5497554e-13  9.54976e-13  9.54976e-13  1.76972e-27
9.706356046e-01  9.8667809e-13  9.86678e-13  9.86678e-13  2.21842e-27
9.754887826e-01  1.0272957e-12  1.02730e-12  1.02730e-12  2.77528e-27
9.803662265e-01  1.0733285e-12  1.07333e-12  1.07333e-12  3.46598e-27
9.852680577e-01  1.1167203e-12  1.11672e-12  1.11672e-12  4.32426e-27
9.901943980e-01  1.1700579e-12  1.17006e-12  1.17006e-12  5.38366e-27
9.951453700e-01  1.2209735e-12  1.22097e-12  1.22097e-12  6.69583e-27
1.000121097e+00  1.2921071e-12  1.29211e-12  1.29211e-12  8.30237e-27
1.005121702e+00  1.3745171e-12  1.37452e-12  1.37452e-12  1.02709e-26
1.010147311e+00  1.4568556e-12  1.45686e-12  1.45686e-12  1.26904e-26
1.015198047e+00  1.5492756e-12  1.54928e-12  1.54928e-12  1.56453e-26
1.020274038e+00  1.6463350e-12  1.64633e-12  1.64633e-12  1.92552e-26
1.025375408e+00  1.7428685e-12  1.74287e-12  1.74287e-12  2.36690e-26
1.030502285e+00  1.8648229e-12  1.86482e-12  1.86482e-12  2.89859e-26
1.035654796e+00  2.0020728e-12  2.00207e-12  2.00207e-12  3.53964e-26
1.040833070e+00  2.1247628e-12  2.12476e-12  2.12476e-12  4.32276e-26
1.046037236e+00  2.2569530e-12  2.25695e-12  2.25695e-12  5.26696e-26
1.051267422e+00  2.3962712e-12  2.39627e-12  2.39627e-12  6.40384e-26
1.056523759e+00  2.5235761e-12  2.52358e-12  2.52358e-12  7.78495e-26
1.061806378e+00  2.6735040e-12  2.67350e-12  2.67350e-12  9.42820e-26
1.067115410e+00  2.8248499e-12  2.82485e-12  2.82485e-12  1.13999e-25
1.072450987e+00  2.9637803e-12  2.96378e-12  2.96378e-12  1.37824e-25
1.077813242e+00  3.0947819e-12  3.09478e-12  3.09478e-12  1.66538e-25
1.083202308e+00  3.2240988e-12  3.22410e-12  3.22410e-12  2.00988e-25
1.088618319e+00  3.3481451e-12  3.34815e-12  3.34815e-12  2.42370e-25
1.094061411e+00  3.4686019e-12  3.46860e-12  3.46860e-12  2.91987e-25
1.099531718e+00  3.5747943e-12  3.57479e-12  3.57479e-12  3.51877e-25
1.105029377e+00  3.6650294e-12  3.66503e-12  3.66503e-12  4.24308e-25
1.110554523e+00  3.7743654e-12  3.77437e-12  3.77437e-12  5.09779e-25
1.116107296e+00  3.8611767e-12  3.86118e-12  3.86118e-12  6.13372e-25
1.121687832e+00  3.9257337e-12  3.92573e-12  3.92573e-12  7.39174e-25
1.127296272e+00  3.9881200e-12  3.98812e-12  3.98812e-12  8.89951e-25
1.132932753e+00  4.0374700e-12  4.03747e-12  4.03747e-12  1.07202e-24
1.138597417e+00  4.0874027e-12  4.08740e-12  4.08740e-12  1.28975e-24
1.144290404e+00  4.1429060e-12  4.14291e-12  4.14291e-12  1.54873e-24
1.150011856e+00  4.1816601e-12  4.18166e-12  4.18166e-12  1.86175e-24
1.155761915e+00  4.2068028e-12  4.20680e-12  4.20680e-12  2.23964e-24
1.161540725e+00  4.2292828e-12  4.22928e-12  4.22928e-12  2.69228e-24
1.167348428e+00  4.2406097e-12  4.24061e-12  4.24061e-12  3.23787e-24
1.173185171e+00  4.2615144e-12  4.26151e-12  4.26151e-12  3.88474e-24
1.179051096e+00  4.2731623e-12  4.27316e-12  4.27316e-12  4.66188e-24
1.184946352e+00  4.2860042e-12  4.28600e-12  4.28600e-12  5.58767e-24
1.190871084e+00  4.2963908e-12  4.29639e-12  4.29639e-12  6.69261e-24
1.196825439e+00  4.3074008e-12  4.30740e-12  4.30740e-12  8.00702e-24
1.202809566e+00  4.3190260e-12  4.31903e-12  4.31903e-12  9.56880e-24
1.208823614e+00  4.3322714e-12  4.33227e-12  4.33227e-12  1.14207e-23
1.214867732e+00  4.3428551e-12  4.34286e-12  4.34286e-12  1.36222e-23
1.220942071e+00  4.3541555e-12  4.35416e-12  4.35416e-12  1.62298e-23
1.227046781e+00  4.3728516e-12  4.37285e-12  4.37285e-12  1.92957e-23
1.233182015e+00  4.3825352e-12  4.38254e-12  4.38254e-12  2.29477e-23
1.239347925e+00  4.3914873e-12  4.39149e-12  4.39149e-12  2.72664e-23
1.245544665e+00  4.4000443e-12  4.40004e-12  4.40004e-12  3.23673e-23
1.251772388e+00  4.4014998e-12  4.40150e-12  4.40150e-12  3.84253e-23
1.258031250e+00  4.4042545e-12  4.40425e-12  4.40425e-12  4.55633e-23
1.264321406e+00  4.4101501e-12  4.41015e-12  4.41015e-12  5.39483e-23
1.270643013e+00  4.4078349e-12  4.40783e-12  4.40783e-12  6.38946e-23
1.276996228e+00  4.4004318e-12  4.40043e-12  4.40043e-12  7.56616e-23
1.283381209e+00  4.3904801e-12  4.39048e-12  4.39048e-12  8.95461e-23
1.289798116e+00  4.3811295e-12  4.38113e-12  4.38113e-12  1.05869e-22
1.296247106e+00  4.3701220e-12  4.37012e-12  4.37012e-12  1.25082e-22
1.302728342e+00  4.3565152e-12  4.35652e-12  4.35652e-12  1.47705e-22
1.309241983e+00  4.3376786e-12  4.33768e-12  4.33768e-12  1.74404e-22
1.315788193e+00  4.3096446e-12  4.30964e-12  4.30964e-12  2.06042e-22
1.322367134e+00  4.2770627e-12  4.27706e-12  4.27706e-12  2.43377e-22
1.328978970e+00  4.2394634e-12  4.23946e-12  4.23946e-12  2.87450e-22
1.335623865e+00  4.1929280e-12  4.19293e-12  4.19293e-12  3.39688e-22
1.342301984e+00  4.1393418e-12  4.13934e-12  4.13934e-12  4.01514e-22
1.349013494e+00  4.0889829e-12  4.08898e-12  4.08898e-12  4.73935e-22
1.355758561e+00  4.0313628e-12  4.03136e-12  4.03136e-12  5.59574e-22
1.362537354e+00  3.9736913e-12  3.97369e-12  3.97369e-12  6.60118e-22
1.369350041e+00  3.9135126e-12  3.91351e-12  3.91351e-12  7.78362e-22
1.376196791e+00  3.8368562e-12  3.83686e-12  3.83686e-12  9.19368e-22
1.383077775e+00  3.7733662e-12  3.77337e-12  3.77337e-12  1.08274e-21
1.389993164e+00  3.6972324e-12  3.69723e-12  3.69723e-12  1.27656e-21
1.396943130e+00  3.6026672e-12  3.60267e-12  3.60267e-12  1.50806e-21
1.403927846e+00  3.5201806e-12  3.52018e-12  3.52018e-12  1.77666e-21
1.410947485e+00  3.4293086e-12  3.42931e-12  3.42931e-12  2.09396e-21
1.418002222e+00  3.3494086e-12  3.34941e-12  3.34941e-12  2.46169e-21
1.425092233e+00  3.2526636e-12  3.25266e-12  3.25266e-12  2.89886e-21
1.432217694e+00  3.1565974e-12  3.15660e-12  3.15660e-12  3.41033e-21
1.439378783e+00  3.0711490e-12  3.07115e-12  3.07115e-12  4.00227e-21
1.446575677e+00  2.9758235e-12  2.97582e-12  2.97582e-12  4.69983e-21
1.453808555e+00  2.8971823e-12  2.89718e-12  2.89718e-12  5.50085e-21
1.461077598e+00  2.8057090e-12  2.80571e-12  2.80571e-12  6.44510e-21
1.468382986e+00  2.7392596e-12  2.73926e-12  2.73926e-12  7.51794e-21
1.475724901e+00  2.6358758e-12  2.63588e-12  2.63588e-12  8.80903e-21
1.483103525e+00  2.5411534e-12  2.54115e-12  2.54115e-12  1.03004e-20
1.490519043e+00  2.4477477e-12  2.44775e-12  2.44775e-12  1.20320e-20
1.497971638e+00  2.3762257e-12  2.37623e-12  2.37623e-12  1.40001e-20
1.505461496e+00  2.2793986e-12  2.27940e-12  2.27940e-12  1.63352e-20
1.512988804e+00  2.1968893e-12  2.19689e-12  2.19689e-12  1.90064e-20
1.520553748e+00  2.1118723e-12  2.11187e-12  2.11187e-12  2.21047e-20
1.528156517e+00  2.0469021e-12  2.04690e-12  2.04690e-12  2.56171e-20
1.535797299e+00  1.9572768e-12  1.95728e-12  1.95728e-12  2.97659e-20
1.543476286e+00  1.8927305e-12  1.89273e-12  1.89273e-12  3.44414e-20
1.551193667e+00  1.8052532e-12  1.80525e-12  1.80525e-12  3.99460e-20
1.558949636e+00  1.7458957e-12  1.74590e-12  1.74590e-12  4.61190e-20
1.566744384e+00  1.6829483e-12  1.68295e-12  1.68295e-12  5.32326e-20
1.574578106e+00  1.6310993e-12  1.63110e-12  1.63110e-12  6.13065e-20
1.582450996e+00  1.5649495e-12  1.56495e-12  1.56495e-12  7.06901e-20
1.590363251e+00  1.5015257e-12  1.50153e-12  1.50153e-12  8.14208e-20
1.598315067e+00  1.4452424e-12  1.44524e-12  1.44524e-12  9.36232e-20
1.606306643e+00  1.3982111e-12  1.39821e-12  1.39821e-12  1.07444e-19
1.614338176e+00  1.3544013e-12  1.35440e-12  1.35440e-12  1.23165e-19
1.622409867e+00  1.3084295e-12  1.30843e-12  1.30843e-12  1.41128e-19
1.630521916e+00  1.2649521e-12  1.26495e-12  1.26495e-12  1.61543e-19
1.638674526e+00  1.2272292e-12  1.22723e-12  1.22723e-12  1.84640e-19
1.646867898e+00  1.1728556e-12  1.17286e-12  1.17286e-12  2.11367e-19
1.655102238e+00  1.1363917e-12  1.13639e-12  1.13639e-12  2.41215e-19
1.663377749e+00  1.1014443e-12  1.10144e-12  1.10144e-12  2.75033e-19
1.671694638e+00  1.0562053e-12  1.05621e-12  1.05620e-12  3.13814e-19
1.680053111e+00  1.0207548e-12  1.02075e-12  1.02075e-12  3.57350e-19
1.688453377e+00  9.9066229e-13  9.90662e-13  9.90662e-13  4.06357e-19
1.696895643e+00  9.5499769e-13  9.54998e-13  9.54997e-13  4.62124e-19
1.705380122e+00  9.2771684e-13  9.27717e-13  9.27716e-13  5.24597e-19
1.713907022e+00  9.0365263e-13  9.03653e-13  9.03652e-13  5.94859e-19
1.722476557e+00  8.7257747e-13  8.72577e-13  8.72577e-13  6.74729e-19
1.731088940e+00  8.4448883e-13  8.44489e-13  8.44488e-13  7.64508e-19
1.739744385e+00  8.2242663e-13  8.22427e-13  8.22426e-13  8.64953e-19
1.748443107e+00  8.0201590e-13  8.02016e-13  8.02015e-13  9.77731e-19
1.757185322e+00  7.8082404e-13  7.80824e-13  7.80823e-13  1.10461e-18
1.765971249e+00  7.5782968e-13  7.57830e-13  7.57828e-13  1.24746e-18
1.774801105e+00  7.4330546e-13  7.43305e-13  7.43304e-13  1.40622e-18
1.783675111e+00  7.2290510e-13  7.22905e-13  7.22904e-13  1.58546e-18
1.792593486e+00  7.0583377e-13  7.05834e-13  7.05832e-13  1.78557e-18
1.801556454e+00  6.8954080e-13  6.89541e-13  6.89539e-13  2.00943e-18
1.810564236e+00  6.7517892e-13  6.75179e-13  6.75177e-13  2.25930e-18
1.819617057e+00  6.6063485e-13  6.60635e-13  6.60632e-13  2.53870e-18
1.828715142e+00  6.5250799e-13  6.52508e-13  6.52505e-13  2.84825e-18
1.837858718e+00  6.3925413e-13  6.39254e-13  6.39251e-13  3.19586e-18
1.847048012e+00  6.2839104e-13  6.28391e-13  6.28387e-13  3.58242e-18
1.856283252e+00  6.2131001e-13  6.21310e-13  6.21306e-13  4.01103e-18
1.865564668e+00  6.1217896e-13  6.12179e-13  6.12174e-13  4.48944e-18
1.874892491e+00  6.0475773e-13  6.04758e-13  6.04753e-13  5.02053e-18
1.884266954e+00  5.9798105e-13  5.97981e-13  5.97975e-13  5.61044e-18
1.893688289e+00  5.9286831e-13  5.92868e-13  5.92862e-13  6.26424e-18
1.903156730e+00  5.8631928e-13  5.86319e-13  5.86312e-13  6.99141e-18
1.912672514e+00  5.8032300e-13  5.80323e-13  5.80315e-13  7.79757e-18
1.922235876e+00  5.7797691e-13  5.77977e-13  5.77968e-13  8.68661e-18
1.931847056e+00  5.7512237e-13  5.75122e-13  5.75113e-13  9.67182e-18
1.941506291e+00  5.7440956e-13  5.74410e-13  5.74399e-13  1.07587e-17
1.951213822e+00  5.7558669e-13  5.75587e-13  5.75575e-13  1.19570e-17
1.960969892e+00  5.7981740e-13  5.79817e-13  5.79804e-13  1.32743e-17
1.970774741e+00  5.8522313e-13  5.85223e-13  5.85208e-13  1.47250e-17
1.980628615e+00  5.8969202e-13  5.89692e-13  5.89676e-13  1.63266e-17
1.990531758e+00  5.9164854e-13  5.91649e-13  5.91630e-13  1.80985e-17
2.000484417e+00  6.0214235e-13  6.02142e-13  6.02122e-13  2.00234e-17
2.010486839e+00  6.0187634e-13  6.01876e-13  6.01854e-13  2.21776e-17
2.020539273e+00  6.1149362e-13  6.11494e-13  6.11469e-13  2.45099e-17
2.030641969e+00  6.1602714e-13  6.16027e-13  6.16000e-13  2.70933e-17
2.040795179e+00  6.1858894e-13  6.18589e-13  6.18559e-13  2.99408e-17
2.050999155e+00  6.2934498e-13  6.29345e-13  6.29312e-13  3.30232e-17
2.061254151e+00  6.4184774e-13  6.41848e-13  6.41811e-13  3.63902e-17
2.071560421e+00  6.5540362e-13  6.55404e-13  6.55364e-13  4.00688e-17
2.081918224e+00  6.7293194e-13  6.72932e-13  6.72888e-13  4.40624e-17
2.092327815e+00  6.8987133e-13  6.89871e-13  6.89823e-13  4.84286e-17
2.102789454e+00  7.0138885e-13  7.01389e-13  7.01336e-13  5.32447e-17
2.113303401e+00  7.1964184e-13  7.19642e-13  7.19583e-13  5.84354e-17
2.123869918e+00  7.4322300e-13  7.43223e-13  7.43159e-13  6.40316e-17
2.134489268e+00  7.6506198e-13  7.65062e-13  7.64992e-13  7.01406e-17
2.145161714e+00  7.8587982e-13  7.85880e-13  7.85803e-13  7.67980e-17
2.155887523e+00  8.0925336e-13  8.09253e-13  8.09169e-13  8.39949e-17
2.166666960e+00  8.2916953e-13  8.29170e-13  8.29078e-13  9.18666e-17
2.177500295e+00  8.4889808e-13  8.48898e-13  8.48798e-13  1.00417e-16
2.188387796e+00  8.6543704e-13  8.65437e-13  8.65327e-13  1.09761e-16
2.199329735e+00  8.8876441e-13  8.88764e-13  8.88645e-13  1.19746e-16
2.210326384e+00  9.1807691e-13  9.18077e-13  9.17947e-13  1.30403e-16
2.221378016e+00  9.4154119e-13  9.41541e-13  9.41399e-13  1.42079e-16
2.232484906e+00  9.6893111e-13  9.68931e-13  9.68777e-13  1.54579e-16
2.243647331e+00  9.9583795e-13  9.95838e-13  9.95670e-13  1.68085e-16
2.254865567e+00  1.0203236e-12  1.02032e-12  1.02014e-12  1.82742e-16
2.266139895e+00  1.0417298e-12  1.04173e-12  1.04153e-12  1.98677e-16
2.277470595e+00  1.0653975e-12  1.06540e-12  1.06518e-12  2.15762e-16
2.288857948e+00  1.0838943e-12  1.08389e-12  1.08366e-12  2.34425e-16
2.300302237e+00  1.1128435e-12  1.11284e-12  1.11259e-12  2.53972e-16
2.311803748e+00  1.1385447e-12  1.13854e-12  1.13827e-12  2.75159e-16
2.323362767e+00  1.1555771e-12  1.15558e-12  1.15528e-12  2.98493e-16
2.334979581e+00  1.1893106e-12  1.18931e-12  1.18899e-12  3.22394e-16
2.346654479e+00  1.2157666e-12  1.21577e-12  1.21542e-12  3.48541e-16
2.358387751e+00  1.2276703e-12  1.22767e-12  1.22729e-12  3.77834e-16
2.370179690e+00  1.2471957e-12  1.24720e-12  1.24679e-12  4.08619e-16
2.382030589e+00  1.2701969e-12  1.27020e-12  1.26976e-12  4.41272e-16
2.393940742e+00  1.2860796e-12  1.28608e-12  1.28560e-12  4.77047e-16
2.405910445e+00  1.3055394e-12  1.30554e-12  1.30502e-12  5.14962e-16
2.417939997e+00  1.3155060e-12  1.31551e-12  1.31495e-12  5.56854e-16
2.430029697e+00  1.3297123e-12  1.32971e-12  1.32911e-12  6.01173e-16
2.442179846e+00  1.3405804e-12  1.34058e-12  1.33993e-12  6.49188e-16
2.454390745e+00  1.3514754e-12  1.35148e-12  1.35077e-12  7.00635e-16
2.466662699e+00  1.3534528e-12  1.35345e-12  1.35270e-12  7.57486e-16
2.478996012e+00  1.3564542e-12  1.35645e-12  1.35564e-12  8.18307e-16
2.491390992e+00  1.3590732e-12  1.35907e-12  1.35819e-12  8.83643e-16
2.503847947e+00  1.3607572e-12  1.36076e-12  1.35980e-12  9.53943e-16
2.516367187e+00  1.3631927e-12  1.36319e-12  1.36216e-12  1.02910e-15
2.528949023e+00  1.3634529e-12  1.36345e-12  1.36234e-12  1.11028e-15
2.541593768e+00  1.3633769e-12  1.36338e-12  1.36218e-12  1.19737e-15
2.554301737e+00  1.3619330e-12  1.36193e-12  1.36064e-12  1.29116e-15
2.567073246e+00  1.3597886e-12  1.35979e-12  1.35840e-12  1.39189e-15
2.579908612e+00  1.3547164e-12  1.35472e-12  1.35322e-12  1.50101e-15
2.592808155e+00  1.3498774e-12  1.34988e-12  1.34826e-12  1.61783e-15
2.605772196e+00  1.3421923e-12  1.34219e-12  1.34045e-12  1.74437e-15
2.618801057e+00  1.3332503e-12  1.33325e-12  1.33137e-12  1.88067e-15
2.631895062e+00  1.3235539e-12  1.32355e-12  1.32153e-12  2.02719e-15
2.645054537e+00  1.3103947e-12  1.31039e-12  1.30821e-12  2.18641e-15
2.658279810e+00  1.2975374e-12  1.29754e-12  1.29518e-12  2.35695e-15
2.671571209e+00  1.2759449e-12  1.27594e-12  1.27340e-12  2.54638e-15
2.684929065e+00  1.2495833e-12  1.24958e-12  1.24683e-12  2.75390e-15
2.698353710e+00  1.2216210e-12  1.22162e-12  1.21864e-12  2.97865e-15
2.711845479e+00  1.1837626e-12  1.18376e-12  1.18053e-12  3.23010e-15
2.725404706e+00  1.1338958e-12  1.13390e-12  1.13038e-12  3.51404e-15
2.739031730e+00  1.0727431e-12  1.07274e-12  1.06891e-12  3.83421e-15
2.752726889e+00  1.0129304e-12  1.01293e-12  1.00875e-12  4.18014e-15
2.766490523e+00  9.5479422e-13  9.54794e-13  9.50241e-13  4.55317e-15
2.780322976e+00  9.0402940e-13  9.04029e-13  8.99082e-13  4.94695e-15
2.794224591e+00  8.6295384e-13  8.62954e-13  8.57596e-13  5.35781e-15
2.808195713e+00  8.2727732e-13  8.27277e-13  8.21486e-13  5.79176e-15
2.822236692e+00  7.9795534e-13  7.97955e-13  7.91708e-13  6.24728e-15
2.836347875e+00  7.7417593e-13  7.74176e-13  7.67450e-13  6.72556e-15
2.850529615e+00  7.5212325e-13  7.52123e-13  7.44889e-13  7.23435e-15
2.864782263e+00  7.3276625e-13  7.32766e-13  7.24993e-13  7.77287e-15
2.879106174e+00  7.1617456e-13  7.16175e-13  7.07833e-13  8.34187e-15
2.893501705e+00  7.0179856e-13  7.01799e-13  6.92855e-13  8.94359e-15
2.907969214e+00  6.8861537e-13  6.88615e-13  6.79033e-13  9.58199e-15
2.922509060e+00  6.7652249e-13  6.76522e-13  6.66263e-13  1.02590e-14
2.937121605e+00  6.6542017e-13  6.65420e-13  6.54443e-13  1.09768e-14
2.951807213e+00  6.5704276e-13  6.57043e-13  6.45312e-13  1.17311e-14
2.966566249e+00  6.5066062e-13  6.50661e-13  6.38135e-13  1.25252e-14
2.981399080e+00  6.4564418e-13  6.45644e-13  6.32282e-13  1.33626e-14
2.996306076e+00  6.4153836e-13  6.41538e-13  6.27292e-13  1.42469e-14
3.011287606e+00  6.3809481e-13  6.38095e-13  6.22914e-13  1.51809e-14
3.026344044e+00  6.3430749e-13  6.34307e-13  6.18135e-13  1.61720e-14
3.041475764e+00  6.3045503e-13  6.30455e-13  6.13233e-13  1.72219e-14
3.056683143e+00  6.2597915e-13  6.25979e-13  6.07642e-13  1.83371e-14
3.071966559e+00  6.2205809e-13  6.22058e-13  6.02544e-13  1.95141e-14
3.087326392e+00  6.1831354e-13  6.18314e-13  5.97555e-13  2.07582e-14
3.102763024e+00  6.1643731e-13  6.16437e-13  5.94377e-13  2.20607e-14
3.118276839e+00  6.1507740e-13  6.15077e-13  5.91645e-13  2.34325e-14
3.133868223e+00  6.1415437e-13  6.14154e-13  5.89277e-13  2.48774e-14
3.149537564e+00  6.1341212e-13  6.13412e-13  5.87012e-13  2.64004e-14
3.165285252e+00  6.1324296e-13  6.13243e-13  5.85241e-13  2.80015e-14
3.181111678e+00  6.1268674e-13  6.12687e-13  5.82993e-13  2.96933e-14
3.197017237e+00  6.1221373e-13  6.12214e-13  5.80738e-13  3.14756e-14
3.213002323e+00  6.1141245e-13  6.11412e-13  5.78055e-13  3.33573e-14
3.229067334e+00  6.1009197e-13  6.10092e-13  5.74746e-13  3.53462e-14
3.245212671e+00  6.0868171e-13  6.08682e-13  5.71239e-13  3.74428e-14
3.261438734e+00  6.0756324e-13  6.07563e-13  5.67916e-13  3.96469e-14
3.277745928e+00  6.0653628e-13  6.06536e-13  5.64570e-13  4.19661e-14
3.294134658e+00  6.0507603e-13  6.05076e-13  5.60662e-13  4.44141e-14
3.310605331e+00  6.0359744e-13  6.03597e-13  5.56607e-13  4.69909e-14
3.327158358e+00  6.0201267e-13  6.02013e-13  5.52308e-13  4.97043e-14
3.343794149e+00  5.9881673e-13  5.98817e-13  5.46226e-13  5.25905e-14
3.360513120e+00  5.9291221e-13  5.92912e-13  5.37227e-13  5.56853e-14
3.377315686e+00  5.8606600e-13  5.86066e-13  5.27098e-13  5.89681e-14
3.394202264e+00  5.8171012e-13  5.81710e-13  5.19340e-13  6.23704e-14
3.411173276e+00  5.7605575e-13  5.76056e-13  5.10071e-13  6.59852e-14
3.428229142e+00  5.7993971e-13  5.79940e-13  5.10403e-13  6.95364e-14
3.445370288e+00  5.8300045e-13  5.83000e-13  5.09720e-13  7.32806e-14
3.462597139e+00  5.8382184e-13  5.83822e-13  5.06549e-13  7.72727e-14
3.479910125e+00  5.8146415e-13  5.81464e-13  4.99900e-13  8.15646e-14
3.497309675e+00  5.7902835e-13  5.79028e-13  4.92950e-13  8.60779e-14
3.514796224e+00  5.8336655e-13  5.83367e-13  4.92795e-13  9.05714e-14
3.532370205e+00  5.8555088e-13  5.85551e-13  4.90192e-13  9.53584e-14
3.550032056e+00  5.8652337e-13  5.86523e-13  4.86098e-13  1.00425e-13
3.567782216e+00  5.8673569e-13  5.86736e-13  4.80965e-13  1.05771e-13
3.585621127e+00  5.8687622e-13  5.86876e-13  4.75494e-13  1.11382e-13
3.603549233e+00  5.8741109e-13  5.87411e-13  4.70163e-13  1.17248e-13
3.621566979e+00  5.8793448e-13  5.87934e-13  4.64534e-13  1.23401e-13
3.639674814e+00  5.8873927e-13  5.88739e-13  4.58903e-13  1.29837e-13
3.657873188e+00  5.8956858e-13  5.89569e-13  4.52985e-13  1.36583e-13
3.676162554e+00  5.9094906e-13  5.90949e-13  4.47327e-13  1.43622e-13
3.694543367e+00  5.9283240e-13  5.92832e-13  4.41865e-13  1.50967e-13
3.713016084e+00  5.9506925e-13  5.95069e-13  4.36431e-13  1.58638e-13
3.731581164e+00  5.9749252e-13  5.97493e-13  4.30830e-13  1.66662e-13
3.750239070e+00  6.0009625e-13  6.00096e-13  4.25041e-13  1.75055e-13
3.768990265e+00  6.0322599e-13  6.03226e-13  4.19422e-13  1.83804e-13
3.787835216e+00  6.0654504e-13  6.06545e-13  4.13592e-13  1.92953e-13
3.806774393e+00  6.1027059e-13  6.10271e-13  4.07772e-13  2.02499e-13
3.825808265e+00  6.1448975e-13  6.14490e-13  4.02041e-13  2.12448e-13
3.844937306e+00  6.1921496e-13  6.19215e-13  3.96400e-13  2.22815e-13
3.864161992e+00  6.2417913e-13  6.24179e-13  3.90533e-13  2.33647e-13
3.883482802e+00  6.2952258e-13  6.29523e-13  3.84576e-13  2.44947e-13
3.902900216e+00  6.3546979e-13  6.35470e-13  3.78764e-13  2.56706e-13
3.922414717e+00  6.4198804e-13  6.41988e-13  3.73043e-13  2.68945e-13
3.942026791e+00  6.4885034e-13  6.48850e-13  3.67135e-13  2.81716e-13
3.961736925e+00  6.5623406e-13  6.56234e-13  3.61220e-13  2.95014e-13
3.981545610e+00  6.6420100e-13  6.64201e-13  3.55349e-13  3.08852e-13
4.001453338e+00  6.7289384e-13  6.72894e-13  3.49670e-13  3.23224e-13
4.021460604e+00  6.8226248e-13  6.82262e-13  3.44106e-13  3.38157e-13
4.041567907e+00  6.9206061e-13  6.92061e-13  3.38340e-13  3.53720e-13
4.061775747e+00  7.0263374e-13  7.02634e-13  3.32763e-13  3.69870e-13
4.082084626e+00  7.1412937e-13  7.14129e-13  3.27538e-13  3.86591e-13
4.102495049e+00  7.2600262e-13  7.26003e-13  3.21972e-13  4.04030e-13
4.123007524e+00  7.3855177e-13  7.38552e-13  3.16403e-13  4.22149e-13
4.143622562e+00  7.5212591e-13  7.52126e-13  3.11249e-13  4.40877e-13
4.164340674e+00  7.6644260e-13  7.66443e-13  3.06134e-13  4.60309e-13
4.185162378e+00  7.8152267e-13  7.81523e-13  3.01056e-13  4.80467e-13
4.206088190e+00  7.9748866e-13  7.97489e-13  2.96152e-13  5.01337e-13
4.227118631e+00  8.1433798e-13  8.14338e-13  2.91396e-13  5.22942e-13
4.248254224e+00  8.3186176e-13  8.31862e-13  2.86473e-13  5.45388e-13
4.269495495e+00  8.5045224e-13  8.50452e-13  2.81897e-13  5.68555e-13
4.290842972e+00  8.6990149e-13  8.69901e-13  2.77353e-13  5.92548e-13
4.312297187e+00  8.9021762e-13  8.90218e-13  2.72820e-13  6.17398e-13
4.333858673e+00  9.1166641e-13  9.11666e-13  2.68664e-13  6.43003e-13
4.355527967e+00  9.3407021e-13  9.34070e-13  2.64598e-13  6.69472e-13
4.377305606e+00  9.5752751e-13  9.57528e-13  2.60749e-13  6.96778e-13
4.399192134e+00  9.8189585e-13  9.81896e-13  2.56860e-13  7.25036e-13
4.421188095e+00  1.0070322e-12  1.00703e-12  2.52641e-13  7.54391e-13
4.443294036e+00  1.0333151e-12  1.03332e-12  2.48679e-13  7.84636e-13
4.465510506e+00  1.0606627e-12  1.06066e-12  2.44805e-13  8.15858e-13
4.487838058e+00  1.0887536e-12  1.08875e-12  2.40367e-13  8.48387e-13
4.510277249e+00  1.1177003e-12  1.11770e-12  2.35461e-13  8.82239e-13
4.532828635e+00  1.1472250e-12  1.14723e-12  2.29382e-13  9.17843e-13
4.555492778e+00  1.1771867e-12  1.17719e-12  2.21565e-13  9.55621e-13
4.578270242e+00  1.2078044e-12  1.20780e-12  2.12136e-13  9.95669e-13
4.601161593e+00  1.2394205e-12  1.23942e-12  2.01525e-13  1.03790e-12
4.624167401e+00  1.2720446e-12  1.27204e-12  1.89379e-13  1.08267e-12
4.647288238e+00  1.3062677e-12  1.30627e-12  1.76868e-13  1.12940e-12
4.670524679e+00  1.3426157e-12  1.34262e-12  1.65351e-13  1.17726e-12
4.693877303e+00  1.3810741e-12  1.38107e-12  1.54881e-13  1.22619e-12
4.717346689e+00  1.4222021e-12  1.42220e-12  1.47784e-13  1.27442e-12
4.740933423e+00  1.4653639e-12  1.46536e-12  1.42458e-13  1.32291e-12
4.764638090e+00  1.5098877e-12  1.50989e-12  1.36093e-13  1.37379e-12
4.788461280e+00  1.5558389e-12  1.55584e-12  1.28136e-13  1.42770e-12
4.812403587e+00  1.6035610e-12  1.60356e-12  1.19618e-13  1.48394e-12
4.836465604e+00  1.6533631e-12  1.65336e-12  1.12950e-13  1.54041e-12
4.860647933e+00  1.7051179e-12  1.70512e-12  1.09062e-13  1.59606e-12
4.884951172e+00  1.7585327e-12  1.75853e-12  1.06601e-13  1.65193e-12
4.909375928e+00  1.8135068e-12  1.81351e-12  1.04557e-13  1.70895e-12
4.933922808e+00  1.8700708e-12  1.87007e-12  1.02314e-13  1.76776e-12
4.958592422e+00  1.9282948e-12  1.92829e-12  9.97763e-14  1.82852e-12
4.983385384e+00  1.9882198e-12  1.98822e-12  9.71212e-14  1.89110e-12
5.008302311e+00  2.0498521e-12  2.04985e-12  9.45373e-14  1.95531e-12
5.033343822e+00  2.1134742e-12  2.11347e-12  9.11060e-14  2.02237e-12
5.058510541e+00  2.1793355e-12  2.17934e-12  8.65854e-14  2.09275e-12
5.083803094e+00  2.2473351e-12  2.24734e-12  8.17910e-14  2.16554e-12
5.109222110e+00  2.3171617e-12  2.31716e-12  7.76248e-14  2.23954e-12
5.134768220e+00  2.3888005e-12  2.38880e-12  7.39909e-14  2.31481e-12
5.160442061e+00  2.4616811e-12  2.46168e-12  7.18029e-14  2.38988e-12
5.186244272e+00  2.5347679e-12  2.53477e-12  7.23382e-14  2.46243e-12
5.212175493e+00  2.6082439e-12  2.60824e-12  7.46163e-14  2.53363e-12
5.238236370e+00  2.6830283e-12  2.68303e-12  7.69890e-14  2.60604e-12
5.264427552e+00  2.7593760e-12  2.75938e-12  7.91295e-14  2.68025e-12
5.290749690e+00  2.8362971e-12  2.83630e-12  8.21899e-14  2.75411e-12
5.317203438e+00  2.9142201e-12  2.91422e-12  8.55242e-14  2.82870e-12
5.343789456e+00  2.9956191e-12  2.99562e-12  8.67202e-14  2.90890e-12
5.370508403e+00  3.0812516e-12  3.08125e-12  8.55496e-14  2.99570e-12
5.397360945e+00  3.1703014e-12  3.17030e-12  8.31666e-14  3.08713e-12
5.424347750e+00  3.2614789e-12  3.26148e-12  8.08181e-14  3.18066e-12
5.451469488e+00  3.3528166e-12  3.35282e-12  7.99402e-14  3.27288e-12
5.478726836e+00  3.4446655e-12  3.44467e-12  8.00491e-14  3.36462e-12
5.506120470e+00  3.5385802e-12  3.53858e-12  7.99926e-14  3.45859e-12
5.533651072e+00  3.6361196e-12  3.63612e-12  7.88704e-14  3.55725e-12
5.561319328e+00  3.7396637e-12  3.73966e-12  7.55195e-14  3.66414e-12
5.589125924e+00  3.8472141e-12  3.84721e-12  7.13873e-14  3.77583e-12
5.617071554e+00  3.9550287e-12  3.95503e-12  6.85189e-14  3.88651e-12
5.645156912e+00  4.0617651e-12  4.06177e-12  6.73869e-14  3.99438e-12
5.673382696e+00  4.1703580e-12  4.17036e-12  6.64044e-14  4.10395e-12
5.701749610e+00  4.2811873e-12  4.28119e-12  6.53933e-14  4.21579e-12
5.730258358e+00  4.3962775e-12  4.39628e-12  6.35305e-14  4.33275e-12
5.758909650e+00  4.5135206e-12  4.51352e-12  6.17740e-14  4.45175e-12
5.787704198e+00  4.6318647e-12  4.63186e-12  6.05132e-14  4.57135e-12
5.816642719e+00  4.7506365e-12  4.75064e-12  5.99295e-14  4.69071e-12
5.845725932e+00  4.8721974e-12  4.87220e-12  5.91329e-14  4.81306e-12
5.874954562e+00  4.9971765e-12  4.99718e-12  5.79512e-14  4.93923e-12
5.904329335e+00  5.1286716e-12  5.12867e-12  5.54744e-14  5.07320e-12
5.933850982e+00  5.2670642e-12  5.26706e-12  5.17621e-14  5.21530e-12
5.963520237e+00  5.4099601e-12  5.40996e-12  4.76647e-14  5.36230e-12
5.993337838e+00  5.5509930e-12  5.55099e-12  4.49856e-14  5.50601e-12
6.023304527e+00  5.6906631e-12  5.69066e-12  4.34326e-14  5.64723e-12
6.053421050e+00  5.8296328e-12  5.82963e-12  4.27111e-14  5.78692e-12
6.083688155e+00  5.9708175e-12  5.97082e-12  4.20227e-14  5.92879e-12
6.114106596e+00  6.1159001e-12  6.11590e-12  4.09756e-14  6.07492e-12
6.144677129e+00  6.2646666e-12  6.26467e-12  3.96618e-14  6.22500e-12
6.175400514e+00  6.4162638e-12  6.41626e-12  3.82979e-14  6.37797e-12
6.206277517e+00  6.5687703e-12  6.56877e-12  3.72894e-14  6.53148e-12
6.237308904e+00  6.7202614e-12  6.72026e-12  3.69815e-14  6.68328e-12
6.268495449e+00  6.8736405e-12  6.87364e-12  3.67439e-14  6.83690e-12
6.299837926e+00  7.0282047e-12  7.02820e-12  3.66983e-14  6.99151e-12
6.331337116e+00  7.1814781e-12  7.18148e-12  3.72625e-14  7.14422e-12
6.362993801e+00  7.3318106e-12  7.33181e-12  3.86519e-14  7.29316e-12
6.394808770e+00  7.4831655e-12  7.48317e-12  4.01228e-14  7.44304e-12
6.426782814e+00  7.6392221e-12  7.63922e-12  4.10766e-14  7.59815e-12
6.458916728e+00  7.8016111e-12  7.80161e-12  4.13120e-14  7.76030e-12
6.491211312e+00  7.9679509e-12  7.96795e-12  4.12524e-14  7.92670e-12
6.523667368e+00  8.1410362e-12  8.14104e-12  4.05257e-14  8.10051e-12
6.556285705e+00  8.3206113e-12  8.32061e-12  3.92336e-14  8.28138e-12
6.589067134e+00  8.5022589e-12  8.50226e-12  3.80233e-14  8.46424e-12
6.622012469e+00  8.6845904e-12  8.68459e-12  3.70675e-14  8.64752e-12
6.655122532e+00  8.8653494e-12  8.86535e-12  3.66241e-14  8.82873e-12
6.688398144e+00  9.0474063e-12  9.04741e-12  3.62965e-14  9.01111e-12
6.721840135e+00  9.2337580e-12  9.23376e-12  3.57217e-14  9.19804e-12
6.755449336e+00  9.4261173e-12  9.42612e-12  3.47282e-14  9.39139e-12
6.789226583e+00  9.6204420e-12  9.62044e-12  3.37985e-14  9.58664e-12
6.823172715e+00  9.8176977e-12  9.81770e-12  3.28242e-14  9.78487e-12
6.857288579e+00  1.0017068e-11  1.00171e-11  3.18934e-14  9.98517e-12
6.891575022e+00  1.0221489e-11  1.02215e-11  3.07089e-14  1.01908e-11
6.926032897e+00  1.0426821e-11  1.04268e-11  2.96945e-14  1.03971e-11
6.960663062e+00  1.0631347e-11  1.06313e-11  2.89960e-14  1.06024e-11
6.995466377e+00  1.0838627e-11  1.08386e-11  2.82610e-14  1.08104e-11
7.030443709e+00  1.1047317e-11  1.10473e-11  2.76105e-14  1.10197e-11
7.065595927e+00  1.1258094e-11  1.12581e-11  2.69784e-14  1.12311e-11
7.100923907e+00  1.1471475e-11  1.14715e-11  2.63191e-14  1.14452e-11
7.136428526e+00  1.1689244e-11  1.16892e-11  2.54899e-14  1.16638e-11
7.172110669e+00  1.1909363e-11  1.19094e-11  2.46646e-14  1.18847e-11
7.207971222e+00  1.2133089e-11  1.21331e-11  2.37463e-14  1.21093e-11
7.244011079e+00  1.2360012e-11  1.23600e-11  2.27726e-14  1.23372e-11
7.280231134e+00  1.2589324e-11  1.25893e-11  2.18058e-14  1.25675e-11
7.316632290e+00  1.2825055e-11  1.28251e-11  2.05630e-14  1.28045e-11
7.353215451e+00  1.3060549e-11  1.30605e-11  1.95193e-14  1.30410e-11
7.389981528e+00  1.3297161e-11  1.32972e-11  1.85683e-14  1.32786e-11
7.426931436e+00  1.3533245e-11  1.35332e-11  1.78081e-14  1.35154e-11
7.464066093e+00  1.3772323e-11  1.37723e-11  1.70022e-14  1.37553e-11
7.501386424e+00  1.4011995e-11  1.40120e-11  1.62994e-14  1.39957e-11
7.538893356e+00  1.4252700e-11  1.42527e-11  1.56647e-14  1.42370e-11
7.576587822e+00  1.4497564e-11  1.44976e-11  1.49114e-14  1.44827e-11
7.614470762e+00  1.4743410e-11  1.47434e-11  1.42262e-14  1.47292e-11
7.652543115e+00  1.4991742e-11  1.49917e-11  1.35206e-14  1.49782e-11
7.690805831e+00  1.5241235e-11  1.52412e-11  1.28657e-14  1.52284e-11
7.729259860e+00  1.5493911e-11  1.54939e-11  1.21517e-14  1.54818e-11
7.767906159e+00  1.5749500e-11  1.57495e-11  1.13957e-14  1.57381e-11
7.806745690e+00  1.6005700e-11  1.60057e-11  1.07134e-14  1.59950e-11
7.845779419e+00  1.6261158e-11  1.62612e-11  1.01632e-14  1.62510e-11
7.885008316e+00  1.6521145e-11  1.65211e-11  9.48757e-15  1.65117e-11
7.924433357e+00  1.6783003e-11  1.67830e-11  8.81591e-15  1.67742e-11
7.964055524e+00  1.7045546e-11  1.70455e-11  8.19971e-15  1.70373e-11
8.003875802e+00  1.7310030e-11  1.73100e-11  7.57942e-15  1.73025e-11
8.043895181e+00  1.7574047e-11  1.75740e-11  7.05622e-15  1.75670e-11
8.084114657e+00  1.7843510e-11  1.78435e-11  6.37765e-15  1.78371e-11
8.124535230e+00  1.8114526e-11  1.81145e-11  5.71084e-15  1.81088e-11
8.165157906e+00  1.8384379e-11  1.83844e-11  5.16084e-15  1.83792e-11
8.205983696e+00  1.8653270e-11  1.86533e-11  4.71071e-15  1.86486e-11
8.247013614e+00  1.8924169e-11  1.89242e-11  4.24082e-15  1.89199e-11
8.288248682e+00  1.9193714e-11  1.91937e-11  3.87461e-15  1.91898e-11
8.329689926e+00  1.9464578e-11  1.94646e-11  3.50797e-15  1.94611e-11
8.371338375e+00  1.9733852e-11  1.97339e-11  3.24146e-15  1.97306e-11
8.413195067e+00  1.9999042e-11  1.99990e-11  3.15205e-15  1.99959e-11
8.455261042e+00  2.0257330e-11  2.02573e-11  3.32043e-15  2.02540e-11
8.497537348e+00  2.0501159e-11  2.05012e-11  3.97406e-15  2.04972e-11
8.540025034e+00  2.0710228e-11  2.07102e-11  5.72570e-15  2.07045e-11
8.582725160e+00  2.0857635e-11  2.08576e-11  9.33804e-15  2.08483e-11
8.625638785e+00  2.0915738e-11  2.09157e-11  1.55262e-14  2.09002e-11
8.668766979e+00  2.0863774e-11  2.08638e-11  2.47332e-14  2.08390e-11
8.712110814e+00  2.0716777e-11  2.07168e-11  3.63142e-14  2.06805e-11
8.755671368e+00  2.0677087e-11  2.06771e-11  4.43331e-14  2.06328e-11
8.799449725e+00  2.0776048e-11  2.07760e-11  4.81337e-14  2.07279e-11
8.843446974e+00  2.0603714e-11  2.06037e-11  5.91706e-14  2.05445e-11
8.887664209e+00  2.0583169e-11  2.05832e-11  6.56712e-14  2.05175e-11
8.932102530e+00  2.0689208e-11  2.06892e-11  6.85718e-14  2.06206e-11
8.976763042e+00  2.0744516e-11  2.07445e-11  7.26315e-14  2.06719e-11
9.021646857e+00  2.0815745e-11  2.08157e-11  7.61030e-14  2.07396e-11
9.066755092e+00  2.1012347e-11  2.10123e-11  7.63320e-14  2.09360e-11
9.112088867e+00  2.1295228e-11  2.12952e-11  7.44548e-14  2.12208e-11
9.157649312e+00  2.1620383e-11  2.16204e-11  7.16356e-14  2.15487e-11
9.203437558e+00  2.1930197e-11  2.19302e-11  6.92608e-14  2.18609e-11
9.249454746e+00  2.2221078e-11  2.22211e-11  6.73855e-14  2.21537e-11
9.295702020e+00  2.2492294e-11  2.24923e-11  6.59966e-14  2.24263e-11
9.342180530e+00  2.2729002e-11  2.27290e-11  6.53871e-14  2.26636e-11
9.388891432e+00  2.2950642e-11  2.29506e-11  6.50970e-14  2.28855e-11
9.435835890e+00  2.3191190e-11  2.31912e-11  6.43987e-14  2.31268e-11
9.483015069e+00  2.3474642e-11  2.34746e-11  6.28252e-14  2.34118e-11
9.530430144e+00  2.3861727e-11  2.38617e-11  5.92109e-14  2.38025e-11
9.578082295e+00  2.4334878e-11  2.43349e-11  5.40196e-14  2.42809e-11
9.625972707e+00  2.4878887e-11  2.48789e-11  4.76372e-14  2.48312e-11
9.674102570e+00  2.5462904e-11  2.54629e-11  4.07179e-14  2.54222e-11
9.722473083e+00  2.5932939e-11  2.59329e-11  3.61498e-14  2.58968e-11
9.771085448e+00  2.6368028e-11  2.63680e-11  3.23665e-14  2.63357e-11
9.819940876e+00  2.6727896e-11  2.67279e-11  3.00445e-14  2.66979e-11
9.869040580e+00  2.6934138e-11  2.69341e-11  3.04764e-14  2.69037e-11
9.918385783e+00  2.7038909e-11  2.70389e-11  3.26132e-14  2.70063e-11
9.967977712e+00  2.7090478e-11  2.70905e-11  3.55454e-14  2.70549e-11
1.001781760e+01  2.7245374e-11  2.72454e-11  3.66355e-14  2.72087e-11
1.006790669e+01  2.7385451e-11  2.73855e-11  3.79019e-14  2.73475e-11
1.011824622e+01  2.7515654e-11  2.75157e-11  3.92544e-14  2.74764e-11
1.016883745e+01  2.7630702e-11  2.76307e-11  4.07696e-14  2.75899e-11
1.021968164e+01  2.7599032e-11  2.75990e-11  4.44624e-14  2.75546e-11
1.027078005e+01  2.7703697e-11  2.77037e-11  4.59354e-14  2.76578e-11
1.032213395e+01  2.8072000e-11  2.80720e-11  4.34122e-14  2.80286e-11
1.037374462e+01  2.8411893e-11  2.84119e-11  4.13634e-14  2.83705e-11
1.042561334e+01  2.8567013e-11  2.85670e-11  4.20067e-14  2.85250e-11
1.047774141e+01  2.8781329e-11  2.87813e-11  4.17654e-14  2.87396e-11
1.053013012e+01  2.9095109e-11  2.90951e-11  4.01266e-14  2.90550e-11
1.058278077e+01  2.9418475e-11  2.94185e-11  3.83847e-14  2.93801e-11
1.063569467e+01  2.9693258e-11  2.96933e-11  3.73235e-14  2.96559e-11
1.068887314e+01  2.9907295e-11  2.99073e-11  3.70688e-14  2.98702e-11
1.074231751e+01  3.0142488e-11  3.01425e-11  3.65210e-14  3.01060e-11
1.079602910e+01  3.0459968e-11  3.04600e-11  3.49167e-14  3.04251e-11
1.085000924e+01  3.0975494e-11  3.09755e-11  3.08607e-14  3.09446e-11
1.090425929e+01  3.1560244e-11  3.15602e-11  2.60589e-14  3.15342e-11
1.095878058e+01  3.1983684e-11  3.19837e-11  2.33385e-14  3.19603e-11
1.101357449e+01  3.2274289e-11  3.22743e-11  2.22610e-14  3.22520e-11
1.106864236e+01  3.2405077e-11  3.24051e-11  2.30634e-14  3.23820e-11
1.112398557e+01  3.2361798e-11  3.23618e-11  2.58195e-14  3.23360e-11
1.117960550e+01  3.2165088e-11  3.21651e-11  3.02009e-14  3.21349e-11
1.123550353e+01  3.2039433e-11  3.20394e-11  3.36238e-14  3.20058e-11
1.129168104e+01  3.2095611e-11  3.20956e-11  3.49146e-14  3.20607e-11
1.134813945e+01  3.2349203e-11  3.23492e-11  3.40031e-14  3.23152e-11
1.140488015e+01  3.2714252e-11  3.27143e-11  3.19061e-14  3.26823e-11
1.146190455e+01  3.3073345e-11  3.30733e-11  2.99085e-14  3.30434e-11
1.151921407e+01  3.3441690e-11  3.34417e-11  2.78496e-14  3.34138e-11
1.157681014e+01  3.3836305e-11  3.38363e-11  2.55597e-14  3.38107e-11
1.163469419e+01  3.4214513e-11  3.42145e-11  2.34768e-14  3.41910e-11
1.169286766e+01  3.4554839e-11  3.45548e-11  2.18037e-14  3.45330e-11
1.175133200e+01  3.4878538e-11  3.48785e-11  2.03163e-14  3.48582e-11
1.181008866e+01  3.5211793e-11  3.52118e-11  1.87562e-14  3.51930e-11
1.186913910e+01  3.5503625e-11  3.55036e-11  1.76072e-14  3.54860e-11
1.192848480e+01  3.5776768e-11  3.57768e-11  1.66404e-14  3.57601e-11
1.198812722e+01  3.6032017e-11  3.60320e-11  1.58407e-14  3.60162e-11
1.204806786e+01  3.6267566e-11  3.62676e-11  1.52173e-14  3.62523e-11
1.210830820e+01  3.6512588e-11  3.65126e-11  1.45034e-14  3.64981e-11
1.216884974e+01  3.6733778e-11  3.67338e-11  1.39945e-14  3.67198e-11
1.222969399e+01  3.6973923e-11  3.69739e-11  1.33126e-14  3.69606e-11
1.229084246e+01  3.7207585e-11  3.72076e-11  1.26814e-14  3.71949e-11
1.235229667e+01  3.7422326e-11  3.74223e-11  1.22032e-14  3.74101e-11
1.241405815e+01  3.7640725e-11  3.76407e-11  1.16847e-14  3.76290e-11
1.247612845e+01  3.7848824e-11  3.78488e-11  1.12416e-14  3.78376e-11
1.253850909e+01  3.8046872e-11  3.80469e-11  1.08685e-14  3.80360e-11
1.260120163e+01  3.8245729e-11  3.82457e-11  1.04766e-14  3.82353e-11
1.266420764e+01  3.8437129e-11  3.84371e-11  1.01312e-14  3.84270e-11
1.272752868e+01  3.8631670e-11  3.86317e-11  9.74851e-15  3.86219e-11
1.279116632e+01  3.8827408e-11  3.88274e-11  9.34490e-15  3.88181e-11
1.285512215e+01  3.9009193e-11  3.90092e-11  9.03495e-15  3.90002e-11
1.291939776e+01  3.9206114e-11  3.92061e-11  8.59934e-15  3.91975e-11
1.298399475e+01  3.9394219e-11  3.93942e-11  8.21818e-15  3.93860e-11
1.304891473e+01  3.9587943e-11  3.95879e-11  7.78515e-15  3.95802e-11
1.311415930e+01  3.9783300e-11  3.97833e-11  7.33069e-15  3.97760e-11
1.317973010e+01  3.9954688e-11  3.99547e-11  7.03562e-15  3.99477e-11
1.324562875e+01  4.0125118e-11  4.01251e-11  6.73412e-15  4.01184e-11
1.331185689e+01  4.0300321e-11  4.03003e-11  6.38719e-15  4.02939e-11
1.337841618e+01  4.0461450e-11  4.04615e-11  6.12399e-15  4.04553e-11
1.344530826e+01  4.0584465e-11  4.05845e-11  6.10188e-15  4.05784e-11
1.351253480e+01  4.0726906e-11  4.07269e-11  5.93241e-15  4.07210e-11
1.358009747e+01  4.0885654e-11  4.08857e-11  5.64136e-15  4.08800e-11
1.364799796e+01  4.0976822e-11  4.09768e-11  5.77256e-15  4.09710e-11
1.371623795e+01  4.0998156e-11  4.09982e-11  6.32471e-15  4.09918e-11
1.378481914e+01  4.1007250e-11  4.10072e-11  6.92099e-15  4.10003e-11
1.385374323e+01  4.1128261e-11  4.11283e-11  6.79047e-15  4.11215e-11
1.392301195e+01  4.1307859e-11  4.13079e-11  6.28583e-15  4.13016e-11
1.399262701e+01  4.1481128e-11  4.14811e-11  5.81307e-15  4.14753e-11
1.406259015e+01  4.1648442e-11  4.16484e-11  5.36891e-15  4.16431e-11
1.413290310e+01  4.1794919e-11  4.17949e-11  5.04025e-15  4.17899e-11
1.420356761e+01  4.1926786e-11  4.19268e-11  4.78672e-15  4.19220e-11
1.427458545e+01  4.2029466e-11  4.20295e-11  4.68978e-15  4.20248e-11
1.434595838e+01  4.2052396e-11  4.20524e-11  5.03201e-15  4.20474e-11
1.441768817e+01  4.1997644e-11  4.19976e-11  5.78648e-15  4.19919e-11
1.448977661e+01  4.1956080e-11  4.19561e-11  6.43311e-15  4.19496e-11
1.456222549e+01  4.2049840e-11  4.20498e-11  6.30352e-15  4.20435e-11
1.463503662e+01  4.2212610e-11  4.22126e-11  5.78483e-15  4.22068e-11
1.470821180e+01  4.2413309e-11  4.24133e-11  5.05744e-15  4.24083e-11
1.478175286e+01  4.2583452e-11  4.25835e-11  4.49262e-15  4.25790e-11
1.485566163e+01  4.2696045e-11  4.26960e-11  4.22699e-15  4.26918e-11
1.492993994e+01  4.2817549e-11  4.28175e-11  3.90515e-15  4.28136e-11
1.500458964e+01  4.2969721e-11  4.29697e-11  3.41718e-15  4.29663e-11
1.507961258e+01  4.3084446e-11  4.30844e-11  3.11498e-15  4.30813e-11
1.515501065e+01  4.3151551e-11  4.31516e-11  3.04376e-15  4.31485e-11
1.523078570e+01  4.3130305e-11  4.31303e-11  3.39872e-15  4.31269e-11
1.530693963e+01  4.2994192e-11  4.29942e-11  4.29661e-15  4.29899e-11
1.538347433e+01  4.2877442e-11  4.28774e-11  5.06644e-15  4.28724e-11
1.546039170e+01  4.2789369e-11  4.27894e-11  5.66738e-15  4.27837e-11
1.553769366e+01  4.2793192e-11  4.27932e-11  5.80340e-15  4.27874e-11
1.561538212e+01  4.2881781e-11  4.28818e-11  5.52278e-15  4.28763e-11
1.569345903e+01  4.3002295e-11  4.30023e-11  5.08516e-15  4.29972e-11
1.577192633e+01  4.3131547e-11  4.31315e-11  4.60264e-15  4.31269e-11
1.585078596e+01  4.3186471e-11  4.31865e-11  4.45632e-15  4.31820e-11
1.593003989e+01  4.3232892e-11  4.32329e-11  4.33824e-15  4.32286e-11
1.600969009e+01  4.3222381e-11  4.32224e-11  4.46443e-15  4.32179e-11
1.608973854e+01  4.3161897e-11  4.31619e-11  4.79671e-15  4.31571e-11
1.617018723e+01  4.2909029e-11  4.29090e-11  5.95371e-15  4.29031e-11
1.625103817e+01  4.2605519e-11  4.26055e-11  7.29503e-15  4.25982e-11
1.633229336e+01  4.2195794e-11  4.21958e-11  9.05410e-15  4.21867e-11
1.641395483e+01  4.1817940e-11  4.18179e-11  1.06305e-14  4.18073e-11
1.649602460e+01  4.1544912e-11  4.15449e-11  1.17219e-14  4.15332e-11
1.657850473e+01  4.1303582e-11  4.13036e-11  1.26477e-14  4.12909e-11
1.666139725e+01  4.1215461e-11  4.12155e-11  1.29104e-14  4.12026e-11
1.674470424e+01  4.1160542e-11  4.11605e-11  1.30203e-14  4.11475e-11
1.682842776e+01  4.1131793e-11  4.11318e-11  1.30106e-14  4.11188e-11
1.691256990e+01  4.1127472e-11  4.11275e-11  1.28916e-14  4.11146e-11
1.699713274e+01  4.1100788e-11  4.11008e-11  1.28528e-14  4.10879e-11
1.708211841e+01  4.1027927e-11  4.10279e-11  1.29858e-14  4.10149e-11
1.716752900e+01  4.0914677e-11  4.09147e-11  1.32632e-14  4.09014e-11
1.725336665e+01  4.0708584e-11  4.07086e-11  1.38840e-14  4.06947e-11
1.733963348e+01  4.0450802e-11  4.04508e-11  1.46811e-14  4.04361e-11
1.742633165e+01  4.0129093e-11  4.01291e-11  1.56961e-14  4.01134e-11
1.751346330e+01  3.9881116e-11  3.98811e-11  1.64050e-14  3.98647e-11
1.760103062e+01  3.9780836e-11  3.97808e-11  1.65404e-14  3.97643e-11
1.768903577e+01  3.9815287e-11  3.98153e-11  1.61658e-14  3.97991e-11
1.777748095e+01  3.9989084e-11  3.99891e-11  1.52779e-14  3.99738e-11
1.786636836e+01  4.0061428e-11  4.00614e-11  1.47646e-14  4.00467e-11
1.795570020e+01  4.0051419e-11  4.00514e-11  1.45474e-14  4.00369e-11
1.804547870e+01  3.9994811e-11  3.99948e-11  1.44911e-14  3.99803e-11
1.813570609e+01  3.9913665e-11  3.99137e-11  1.45135e-14  3.98992e-11
1.822638462e+01  3.9748466e-11  3.97485e-11  1.48214e-14  3.97336e-11
1.831751655e+01  3.9562963e-11  3.95630e-11  1.51858e-14  3.95478e-11
1.840910413e+01  3.9586002e-11  3.95860e-11  1.48173e-14  3.95712e-11
1.850114965e+01  3.9740490e-11  3.97405e-11  1.39980e-14  3.97265e-11
1.859365540e+01  3.9951793e-11  3.99518e-11  1.29921e-14  3.99388e-11
1.868662368e+01  3.9955099e-11  3.99551e-11  1.26934e-14  3.99424e-11
1.878005679e+01  3.9777710e-11  3.97777e-11  1.29934e-14  3.97647e-11
1.887395708e+01  3.9534681e-11  3.95347e-11  1.34975e-14  3.95212e-11
1.896832686e+01  3.9225877e-11  3.92259e-11  1.42011e-14  3.92117e-11
1.906316850e+01  3.8702026e-11  3.87020e-11  1.55841e-14  3.86864e-11
1.915848434e+01  3.8053310e-11  3.80533e-11  1.73395e-14  3.80360e-11
1.925427676e+01  3.7563987e-11  3.75640e-11  1.85500e-14  3.75454e-11
1.935054815e+01  3.7193708e-11  3.71937e-11  1.93568e-14  3.71744e-11
1.944730089e+01  3.7021712e-11  3.70217e-11  1.95205e-14  3.70022e-11
1.954453739e+01  3.6980817e-11  3.69808e-11  1.92659e-14  3.69616e-11
1.964226008e+01  3.7016693e-11  3.70167e-11  1.87713e-14  3.69979e-11
1.974047138e+01  3.7056054e-11  3.70561e-11  1.82672e-14  3.70378e-11
1.983917374e+01  3.7104443e-11  3.71044e-11  1.77371e-14  3.70867e-11
1.993836960e+01  3.7237415e-11  3.72374e-11  1.69535e-14  3.72205e-11
2.003806145e+01  3.7379439e-11  3.73794e-11  1.61487e-14  3.73633e-11
2.013825176e+01  3.7491717e-11  3.74917e-11  1.54389e-14  3.74763e-11
2.023894302e+01  3.7616025e-11  3.76160e-11  1.46985e-14  3.76013e-11
2.034013773e+01  3.7698024e-11  3.76980e-11  1.40877e-14  3.76839e-11
2.044183842e+01  3.7833542e-11  3.78335e-11  1.33249e-14  3.78202e-11
2.054404761e+01  3.7980862e-11  3.79809e-11  1.25341e-14  3.79683e-11
2.064676785e+01  3.8139043e-11  3.81390e-11  1.17185e-14  3.81273e-11
2.075000169e+01  3.8309248e-11  3.83092e-11  1.08757e-14  3.82984e-11
2.085375170e+01  3.8503525e-11  3.85035e-11  9.97226e-15  3.84936e-11
2.095802046e+01  3.8657274e-11  3.86573e-11  9.19066e-15  3.86481e-11
2.106281056e+01  3.8797455e-11  3.87975e-11  8.45336e-15  3.87890e-11
2.116812461e+01  3.8866707e-11  3.88667e-11  7.91790e-15  3.88588e-11
2.127396524e+01  3.8877156e-11  3.88772e-11  7.54679e-15  3.88696e-11
2.138033506e+01  3.8805632e-11  3.88056e-11  7.39969e-15  3.87982e-11
2.148723674e+01  3.8693239e-11  3.86932e-11  7.36079e-15  3.86859e-11
2.159467292e+01  3.8527122e-11  3.85271e-11  7.46239e-15  3.85197e-11
2.170264629e+01  3.8295397e-11  3.82954e-11  7.73328e-15  3.82877e-11
2.181115952e+01  3.8035088e-11  3.80351e-11  8.07201e-15  3.80270e-11
2.192021532e+01  3.7788141e-11  3.77881e-11  8.36695e-15  3.77798e-11
2.202981639e+01  3.7535330e-11  3.75353e-11  8.66927e-15  3.75267e-11
2.213996547e+01  3.7236916e-11  3.72369e-11  9.08192e-15  3.72278e-11
2.225066530e+01  3.6978009e-11  3.69780e-11  9.38354e-15  3.69686e-11
2.236191863e+01  3.6824558e-11  3.68246e-11  9.40774e-15  3.68152e-11
2.247372822e+01  3.6844138e-11  3.68441e-11  8.98849e-15  3.68351e-11
2.258609686e+01  3.6900276e-11  3.69003e-11  8.47913e-15  3.68918e-11
2.269902735e+01  3.6950590e-11  3.69506e-11  7.98779e-15  3.69426e-11
2.281252248e+01  3.7066565e-11  3.70666e-11  7.33614e-15  3.70592e-11
2.292658510e+01  3.7146113e-11  3.71461e-11  6.77999e-15  3.71393e-11
2.304121802e+01  3.7181623e-11  3.71816e-11  6.33626e-15  3.71753e-11
2.315642411e+01  3.7222920e-11  3.72229e-11  5.88114e-15  3.72170e-11
2.327220623e+01  3.7180090e-11  3.71801e-11  5.63311e-15  3.71745e-11
2.338856726e+01  3.7070448e-11  3.70704e-11  5.54651e-15  3.70649e-11
2.350551010e+01  3.6990567e-11  3.69906e-11  5.38697e-15  3.69852e-11
2.362303765e+01  3.6946398e-11  3.69464e-11  5.14174e-15  3.69413e-11
2.374115284e+01  3.6925528e-11  3.69255e-11  4.84188e-15  3.69207e-11
2.385985860e+01  3.6892844e-11  3.68928e-11  4.57100e-15  3.68883e-11
2.397915789e+01  3.6772017e-11  3.67720e-11  4.50698e-15  3.67675e-11
2.409905368e+01  3.6597450e-11  3.65974e-11  4.56616e-15  3.65929e-11
2.421954895e+01  3.6420334e-11  3.64203e-11  4.62820e-15  3.64157e-11
2.434064670e+01  3.6264399e-11  3.62644e-11  4.63865e-15  3.62598e-11
2.446234993e+01  3.6140090e-11  3.61401e-11  4.57471e-15  3.61355e-11
2.458466168e+01  3.6001949e-11  3.60019e-11  4.54078e-15  3.59974e-11
2.470758499e+01  3.5909831e-11  3.59098e-11  4.40155e-15  3.59054e-11
2.483112291e+01  3.5713061e-11  3.57131e-11  4.49635e-15  3.57086e-11
2.495527853e+01  3.5542938e-11  3.55429e-11  4.52880e-15  3.55384e-11
