# ------------------------------------------------------------------------
# Radiance spectrum
# NASA-GSFC Planetary Spectrum Generator (PSG) (Villanueva et al. 2018, 2022)
# Synthesized on Mon Feb 12 09:53:57 2024
# Doppler velocities [km/s] (vobs,vrot+vorb,vwidth,vrfl,vstr): 0.00000,-0.00000,0.00000,-119.41115,-0.00000
# Spectral unit: Wavelength [um]
# Radiance unit: Spectral irradiance [W/m2/um]
# Wave/freq Total Object Reflected Thermal
5.000000000e-01  7.5354197e-12  7.53542e-12  7.53542e-12  0.00000e+00
5.025000000e-01  7.6110611e-12  7.61106e-12  7.61106e-12  0.00000e+00
5.050125000e-01  7.6865411e-12  7.68654e-12  7.68654e-12  0.00000e+00
5.075375625e-01  7.7618450e-12  7.76184e-12  7.76184e-12  0.00000e+00
5.100752503e-01  7.8369582e-12  7.83696e-12  7.83696e-12  0.00000e+00
5.126256266e-01  7.9118663e-12  7.91187e-12  7.91187e-12  0.00000e+00
5.151887547e-01  7.9865546e-12  7.98655e-12  7.98655e-12  0.00000e+00
5.177646985e-01  8.0610089e-12  8.06101e-12  8.06101e-12  0.00000e+00
5.203535220e-01  8.1352148e-12  8.13521e-12  8.13521e-12  0.00000e+00
5.229552896e-01  8.2091580e-12  8.20916e-12  8.20916e-12  0.00000e+00
5.255700660e-01  8.2828243e-12  8.28282e-12  8.28282e-12  0.00000e+00
5.281979164e-01  8.3561997e-12  8.35620e-12  8.35620e-12  0.00000e+00
5.308389059e-01  8.4292701e-12  8.42927e-12  8.42927e-12  0.00000e+00
5.334931005e-01  8.5020217e-12  8.50202e-12  8.50202e-12  0.00000e+00
5.361605660e-01  8.5744406e-12  8.57444e-12  8.57444e-12  0.00000e+00
5.388413688e-01  8.6465131e-12  8.64651e-12  8.64651e-12  0.00000e+00
5.415355756e-01  8.7182258e-12  8.71823e-12  8.71823e-12  0.00000e+00
5.442432535e-01  8.7895650e-12  8.78957e-12  8.78957e-12  0.00000e+00
5.469644698e-01  8.8605175e-12  8.86052e-12  8.86052e-12  0.00000e+00
5.496992921e-01  8.9310701e-12  8.93107e-12  8.93107e-12  0.00000e+00
5.524477886e-01  9.0012097e-12  9.00121e-12  9.00121e-12  0.00000e+00
5.552100275e-01  9.0709234e-12  9.07092e-12  9.07092e-12  0.00000e+00
5.579860777e-01  9.1401983e-12  9.14020e-12  9.14020e-12  0.00000e+00
5.607760081e-01  9.2090218e-12  9.20902e-12  9.20902e-12  0.00000e+00
5.635798881e-01  9.2773815e-12  9.27738e-12  9.27738e-12  0.00000e+00
5.663977875e-01  9.3452649e-12  9.34526e-12  9.34526e-12  0.00000e+00
5.692297765e-01  9.4126599e-12  9.41266e-12  9.41266e-12  0.00000e+00
5.720759254e-01  9.4795545e-12  9.47955e-12  9.47955e-12  0.00000e+00
5.749363050e-01  9.5459368e-12  9.54594e-12  9.54594e-12  0.00000e+00
5.778109865e-01  9.6117951e-12  9.61180e-12  9.61180e-12  0.00000e+00
5.807000414e-01  9.6771179e-12  9.67712e-12  9.67712e-12  0.00000e+00
5.836035417e-01  9.7418939e-12  9.74189e-12  9.74189e-12  0.00000e+00
5.865215594e-01  9.8061118e-12  9.80611e-12  9.80611e-12  0.00000e+00
5.894541672e-01  9.8697608e-12  9.86976e-12  9.86976e-12  0.00000e+00
5.924014380e-01  9.9328301e-12  9.93283e-12  9.93283e-12  0.00000e+00
5.953634452e-01  9.9953090e-12  9.99531e-12  9.99531e-12  0.00000e+00
5.983402624e-01  1.0057187e-11  1.00572e-11  1.00572e-11  0.00000e+00
6.013319637e-01  1.0118454e-11  1.01185e-11  1.01185e-11  0.00000e+00
6.043386235e-01  1.0179101e-11  1.01791e-11  1.01791e-11  0.00000e+00
6.073603167e-01  1.0239116e-11  1.02391e-11  1.02391e-11  0.00000e+00
6.103971182e-01  1.0298491e-11  1.02985e-11  1.02985e-11  0.00000e+00
6.134491038e-01  1.0357216e-11  1.03572e-11  1.03572e-11  0.00000e+00
6.165163494e-01  1.0415282e-11  1.04153e-11  1.04153e-11  0.00000e+00
6.195989311e-01  1.0472680e-11  1.04727e-11  1.04727e-11  0.00000e+00
6.226969258e-01  1.0529402e-11  1.05294e-11  1.05294e-11  0.00000e+00
6.258104104e-01  1.0585438e-11  1.05854e-11  1.05854e-11  0.00000e+00
6.289394624e-01  1.0640780e-11  1.06408e-11  1.06408e-11  0.00000e+00
6.320841597e-01  1.0695420e-11  1.06954e-11  1.06954e-11  0.00000e+00
6.352445805e-01  1.0749351e-11  1.07494e-11  1.07494e-11  0.00000e+00
6.384208035e-01  1.0802564e-11  1.08026e-11  1.08026e-11  0.00000e+00
6.416129075e-01  1.0855052e-11  1.08551e-11  1.08551e-11  0.00000e+00
6.448209720e-01  1.0906808e-11  1.09068e-11  1.09068e-11  0.00000e+00
6.480450769e-01  1.0957824e-11  1.09578e-11  1.09578e-11  0.00000e+00
6.512853022e-01  1.1008095e-11  1.10081e-11  1.10081e-11  0.00000e+00
6.545417288e-01  1.1057612e-11  1.10576e-11  1.10576e-11  0.00000e+00
6.578144374e-01  1.1106371e-11  1.11064e-11  1.11064e-11  0.00000e+00
6.611035096e-01  1.1154364e-11  1.11544e-11  1.11544e-11  0.00000e+00
6.644090271e-01  1.1201586e-11  1.12016e-11  1.12016e-11  0.00000e+00
6.677310723e-01  1.1248031e-11  1.12480e-11  1.12480e-11  0.00000e+00
6.710697276e-01  1.1293693e-11  1.12937e-11  1.12937e-11  0.00000e+00
6.744250763e-01  1.1338568e-11  1.13386e-11  1.13386e-11  0.00000e+00
6.777972017e-01  1.1382650e-11  1.13827e-11  1.13827e-11  0.00000e+00
6.811861877e-01  1.1425935e-11  1.14259e-11  1.14259e-11  0.00000e+00
6.845921186e-01  1.1468418e-11  1.14684e-11  1.14684e-11  0.00000e+00
6.880150792e-01  1.1510093e-11  1.15101e-11  1.15101e-11  0.00000e+00
6.914551546e-01  1.1550959e-11  1.15510e-11  1.15510e-11  0.00000e+00
6.949124304e-01  1.1591010e-11  1.15910e-11  1.15910e-11  0.00000e+00
6.983869925e-01  1.1630242e-11  1.16302e-11  1.16302e-11  0.00000e+00
7.018789275e-01  1.1668653e-11  1.16687e-11  1.16687e-11  0.00000e+00
7.053883221e-01  1.1706238e-11  1.17062e-11  1.17062e-11  0.00000e+00
7.089152637e-01  1.1742996e-11  1.17430e-11  1.17430e-11  0.00000e+00
7.124598400e-01  1.1778922e-11  1.17789e-11  1.17789e-11  0.00000e+00
7.160221392e-01  1.1814015e-11  1.18140e-11  1.18140e-11  0.00000e+00
7.196022499e-01  1.1848272e-11  1.18483e-11  1.18483e-11  0.00000e+00
7.232002612e-01  1.1881691e-11  1.18817e-11  1.18817e-11  0.00000e+00
7.268162625e-01  1.1914270e-11  1.19143e-11  1.19143e-11  0.00000e+00
7.304503438e-01  1.1946007e-11  1.19460e-11  1.19460e-11  0.00000e+00
7.341025955e-01  1.1976901e-11  1.19769e-11  1.19769e-11  0.00000e+00
7.377731085e-01  1.2006950e-11  1.20069e-11  1.20069e-11  0.00000e+00
7.414619740e-01  1.2036153e-11  1.20362e-11  1.20362e-11  0.00000e+00
7.451692839e-01  1.2064509e-11  1.20645e-11  1.20645e-11  0.00000e+00
7.488951303e-01  1.2092018e-11  1.20920e-11  1.20920e-11  0.00000e+00
7.526396060e-01  1.2118678e-11  1.21187e-11  1.21187e-11  0.00000e+00
7.564028040e-01  1.2144491e-11  1.21445e-11  1.21445e-11  0.00000e+00
7.601848180e-01  1.2169454e-11  1.21695e-11  1.21695e-11  0.00000e+00
7.639857421e-01  1.2193569e-11  1.21936e-11  1.21936e-11  0.00000e+00
7.678056708e-01  1.2216836e-11  1.22168e-11  1.22168e-11  0.00000e+00
7.716446992e-01  1.2239256e-11  1.22393e-11  1.22393e-11  0.00000e+00
7.755029227e-01  1.2260828e-11  1.22608e-11  1.22608e-11  0.00000e+00
7.793804373e-01  1.2281553e-11  1.22816e-11  1.22816e-11  0.00000e+00
7.832773395e-01  1.2301434e-11  1.23014e-11  1.23014e-11  0.00000e+00
7.871937262e-01  1.2320470e-11  1.23205e-11  1.23205e-11  0.00000e+00
7.911296948e-01  1.2338664e-11  1.23387e-11  1.23387e-11  0.00000e+00
7.950853433e-01  1.2356016e-11  1.23560e-11  1.23560e-11  0.00000e+00
7.990607700e-01  1.2372529e-11  1.23725e-11  1.23725e-11  0.00000e+00
8.030560739e-01  1.2388204e-11  1.23882e-11  1.23882e-11  0.00000e+00
8.070713542e-01  1.2403044e-11  1.24030e-11  1.24030e-11  0.00000e+00
8.111067110e-01  1.2417051e-11  1.24171e-11  1.24171e-11  0.00000e+00
8.151622446e-01  1.2430226e-11  1.24302e-11  1.24302e-11  0.00000e+00
8.192380558e-01  1.2442573e-11  1.24426e-11  1.24426e-11  0.00000e+00
8.233342461e-01  1.2454095e-11  1.24541e-11  1.24541e-11  0.00000e+00
8.274509173e-01  1.2464793e-11  1.24648e-11  1.24648e-11  0.00000e+00
8.315881719e-01  1.2474672e-11  1.24747e-11  1.24747e-11  0.00000e+00
8.357461127e-01  1.2483735e-11  1.24837e-11  1.24837e-11  0.00000e+00
8.399248433e-01  1.2491984e-11  1.24920e-11  1.24920e-11  0.00000e+00
8.441244675e-01  1.2499423e-11  1.24994e-11  1.24994e-11  0.00000e+00
8.483450899e-01  1.2506056e-11  1.25061e-11  1.25061e-11  0.00000e+00
8.525868153e-01  1.2511887e-11  1.25119e-11  1.25119e-11  0.00000e+00
8.568497494e-01  1.2516919e-11  1.25169e-11  1.25169e-11  0.00000e+00
8.611339981e-01  1.2521156e-11  1.25212e-11  1.25212e-11  0.00000e+00
8.654396681e-01  1.2524603e-11  1.25246e-11  1.25246e-11  0.00000e+00
8.697668665e-01  1.2527264e-11  1.25273e-11  1.25273e-11  0.00000e+00
8.741157008e-01  1.2529144e-11  1.25291e-11  1.25291e-11  0.00000e+00
8.784862793e-01  1.2530246e-11  1.25302e-11  1.25302e-11  0.00000e+00
8.828787107e-01  1.2530575e-11  1.25306e-11  1.25306e-11  0.00000e+00
8.872931042e-01  1.2530137e-11  1.25301e-11  1.25301e-11  0.00000e+00
8.917295698e-01  1.2528936e-11  1.25289e-11  1.25289e-11  0.00000e+00
8.961882176e-01  1.2526976e-11  1.25270e-11  1.25270e-11  0.00000e+00
9.006691587e-01  1.2524264e-11  1.25243e-11  1.25243e-11  0.00000e+00
9.051725045e-01  1.2520680e-11  1.25207e-11  1.25207e-11  8.74078e-34
9.096983670e-01  1.2516478e-11  1.25165e-11  1.25165e-11  1.11693e-33
9.142468589e-01  1.2511539e-11  1.25115e-11  1.25115e-11  1.42541e-33
9.188180931e-01  1.2505869e-11  1.25059e-11  1.25059e-11  1.81674e-33
9.234121836e-01  1.2499473e-11  1.24995e-11  1.24995e-11  2.31255e-33
9.280292445e-01  1.2492357e-11  1.24924e-11  1.24924e-11  2.93991e-33
9.326693908e-01  1.2484527e-11  1.24845e-11  1.24845e-11  3.73274e-33
9.373327377e-01  1.2475988e-11  1.24760e-11  1.24760e-11  4.73339e-33
9.420194014e-01  1.2466746e-11  1.24667e-11  1.24667e-11  5.99476e-33
9.467294984e-01  1.2456808e-11  1.24568e-11  1.24568e-11  7.58277e-33
9.514631459e-01  1.2446180e-11  1.24462e-11  1.24462e-11  9.57953e-33
9.562204616e-01  1.2434867e-11  1.24349e-11  1.24349e-11  1.20871e-32
9.610015639e-01  1.2422877e-11  1.24229e-11  1.24229e-11  1.52324e-32
9.658065718e-01  1.2410214e-11  1.24102e-11  1.24102e-11  1.91726e-32
9.706356046e-01  1.2396887e-11  1.23969e-11  1.23969e-11  2.41025e-32
9.754887826e-01  1.2382900e-11  1.23829e-11  1.23829e-11  3.02635e-32
9.803662265e-01  1.2368262e-11  1.23683e-11  1.23683e-11  3.79534e-32
9.852680577e-01  1.2352977e-11  1.23530e-11  1.23530e-11  4.75402e-32
9.901943980e-01  1.2337053e-11  1.23371e-11  1.23371e-11  5.94775e-32
9.951453700e-01  1.2320374e-11  1.23204e-11  1.23204e-11  1.48647e-31
1.000121097e+00  1.2303192e-11  1.23032e-11  1.23032e-11  1.85532e-31
1.005121702e+00  1.2285392e-11  1.22854e-11  1.22854e-11  2.31296e-31
1.010147311e+00  1.2266979e-11  1.22670e-11  1.22670e-11  2.88012e-31
1.015198047e+00  1.2247961e-11  1.22480e-11  1.22480e-11  3.58216e-31
1.020274038e+00  1.2228345e-11  1.22283e-11  1.22283e-11  4.45017e-31
1.025375408e+00  1.2208137e-11  1.22081e-11  1.22081e-11  5.52214e-31
1.030502285e+00  1.2187344e-11  1.21873e-11  1.21873e-11  6.84445e-31
1.035654796e+00  1.2165975e-11  1.21660e-11  1.21660e-11  8.47373e-31
1.040833070e+00  1.2144035e-11  1.21440e-11  1.21440e-11  1.04789e-30
1.046037236e+00  1.2121531e-11  1.21215e-11  1.21215e-11  1.29440e-30
1.051267422e+00  1.2098472e-11  1.20985e-11  1.20985e-11  1.59709e-30
1.056523759e+00  1.2074863e-11  1.20749e-11  1.20749e-11  1.96836e-30
1.061806378e+00  1.2050712e-11  1.20507e-11  1.20507e-11  2.42324e-30
1.067115410e+00  1.2026027e-11  1.20260e-11  1.20260e-11  2.97993e-30
1.072450987e+00  1.2000814e-11  1.20008e-11  1.20008e-11  3.66047e-30
1.077813242e+00  1.1975080e-11  1.19751e-11  1.19751e-11  4.49149e-30
1.083202308e+00  1.1948834e-11  1.19488e-11  1.19488e-11  5.50516e-30
1.088618319e+00  1.1922081e-11  1.19221e-11  1.19221e-11  6.74027e-30
1.094061411e+00  1.1894830e-11  1.18948e-11  1.18948e-11  8.24357e-30
1.099531718e+00  1.1867088e-11  1.18671e-11  1.18671e-11  1.00713e-29
1.105029377e+00  1.1838861e-11  1.18389e-11  1.18389e-11  1.22911e-29
1.110554523e+00  1.1810157e-11  1.18102e-11  1.18102e-11  1.49842e-29
1.116107296e+00  1.1780983e-11  1.17810e-11  1.17810e-11  1.82481e-29
1.121687832e+00  1.1751347e-11  1.17513e-11  1.17513e-11  2.21994e-29
1.127296272e+00  1.1721256e-11  1.17213e-11  1.17213e-11  2.69780e-29
1.132932753e+00  1.1690717e-11  1.16907e-11  1.16907e-11  3.27510e-29
1.138597417e+00  1.1659738e-11  1.16597e-11  1.16597e-11  3.97181e-29
1.144290404e+00  1.1628324e-11  1.16283e-11  1.16283e-11  4.81175e-29
1.150011856e+00  1.1596485e-11  1.15965e-11  1.15965e-11  5.82332e-29
1.155761915e+00  1.1564226e-11  1.15642e-11  1.15642e-11  7.04035e-29
1.161540725e+00  1.1531441e-11  1.15314e-11  1.15314e-11  1.27546e-28
1.167348428e+00  1.1498366e-11  1.14984e-11  1.14984e-11  1.53889e-28
1.173185171e+00  1.1464780e-11  1.14648e-11  1.14648e-11  2.47313e-28
1.179051096e+00  1.1430918e-11  1.14309e-11  1.14309e-11  2.97793e-28
1.184946352e+00  1.1396559e-11  1.13966e-11  1.13966e-11  4.47773e-28
1.190871084e+00  1.1361938e-11  1.13619e-11  1.13619e-11  5.38095e-28
1.196825439e+00  1.1326835e-11  1.13268e-11  1.13268e-11  7.75198e-28
1.202809566e+00  1.1291484e-11  1.12915e-11  1.12915e-11  9.29732e-28
1.208823614e+00  1.1255666e-11  1.12557e-11  1.12557e-11  1.29964e-27
1.214867732e+00  1.1219500e-11  1.12195e-11  1.12195e-11  1.77792e-27
1.220942071e+00  1.1182995e-11  1.11830e-11  1.11830e-11  2.39189e-27
1.227046781e+00  1.1146268e-11  1.11463e-11  1.11463e-11  2.85758e-27
1.233182015e+00  1.1109103e-11  1.11091e-11  1.11091e-11  3.78963e-27
1.239347925e+00  1.1071730e-11  1.10717e-11  1.10717e-11  4.51880e-27
1.245544665e+00  1.1033934e-11  1.10339e-11  1.10339e-11  5.92147e-27
1.251772388e+00  1.0995942e-11  1.09959e-11  1.09959e-11  7.04745e-27
1.258031250e+00  1.0957650e-11  1.09577e-11  1.09577e-11  8.37967e-27
1.264321406e+00  1.0919066e-11  1.09191e-11  1.09191e-11  9.95439e-27
1.270643013e+00  1.0880197e-11  1.08802e-11  1.08802e-11  1.18140e-26
1.276996228e+00  1.0841048e-11  1.08410e-11  1.08410e-11  1.40081e-26
1.283381209e+00  1.0801627e-11  1.08016e-11  1.08016e-11  1.65944e-26
1.289798116e+00  1.0761940e-11  1.07619e-11  1.07619e-11  1.96401e-26
1.296247106e+00  1.0721994e-11  1.07220e-11  1.07220e-11  2.32236e-26
1.302728342e+00  1.0681795e-11  1.06818e-11  1.06818e-11  2.74360e-26
1.309241983e+00  1.0641350e-11  1.06414e-11  1.06414e-11  3.23832e-26
1.315788193e+00  1.0600665e-11  1.06007e-11  1.06007e-11  3.81881e-26
1.322367134e+00  1.0559748e-11  1.05597e-11  1.05597e-11  4.49933e-26
1.328978970e+00  1.0518708e-11  1.05187e-11  1.05187e-11  4.81491e-26
1.335623865e+00  1.0477238e-11  1.04772e-11  1.04772e-11  6.22916e-26
1.342301984e+00  1.0435658e-11  1.04357e-11  1.04357e-11  7.31973e-26
1.349013494e+00  1.0393871e-11  1.03939e-11  1.03939e-11  8.59370e-26
1.355758561e+00  1.0351882e-11  1.03519e-11  1.03519e-11  1.00806e-25
1.362537354e+00  1.0309697e-11  1.03097e-11  1.03097e-11  1.18145e-25
1.369350041e+00  1.0267323e-11  1.02673e-11  1.02673e-11  1.38346e-25
1.376196791e+00  1.0224663e-11  1.02247e-11  1.02247e-11  1.76578e-25
1.383077775e+00  1.0181928e-11  1.01819e-11  1.01819e-11  2.06417e-25
1.389993164e+00  1.0138920e-11  1.01389e-11  1.01389e-11  2.61184e-25
1.396943130e+00  1.0095748e-11  1.00957e-11  1.00957e-11  3.28248e-25
1.403927846e+00  1.0052014e-11  1.00520e-11  1.00520e-11  5.19436e-25
1.410947485e+00  1.0007831e-11  1.00078e-11  1.00078e-11  8.59969e-25
1.418002222e+00  9.9630079e-12  9.96301e-12  9.96301e-12  1.48306e-24
1.425092233e+00  9.9173592e-12  9.91736e-12  9.91736e-12  2.58742e-24
1.432217694e+00  9.8712948e-12  9.87129e-12  9.87129e-12  4.15961e-24
1.439378783e+00  9.8249227e-12  9.82492e-12  9.82492e-12  6.28492e-24
1.446575677e+00  9.7780554e-12  9.77806e-12  9.77806e-12  9.25004e-24
1.453808555e+00  9.7302163e-12  9.73022e-12  9.73022e-12  1.36979e-23
1.461077598e+00  9.6818112e-12  9.68181e-12  9.68181e-12  1.97658e-23
1.468382986e+00  9.6328520e-12  9.63285e-12  9.63285e-12  2.79146e-23
1.475724901e+00  9.5837356e-12  9.58374e-12  9.58374e-12  3.82299e-23
1.483103525e+00  9.5353299e-12  9.53533e-12  9.53533e-12  4.99275e-23
1.490519043e+00  9.4885820e-12  9.48858e-12  9.48858e-12  6.13736e-23
1.497971638e+00  9.4437574e-12  9.44376e-12  9.44376e-12  7.11830e-23
1.505461496e+00  9.3999837e-12  9.39998e-12  9.39998e-12  7.99085e-23
1.512988804e+00  9.3564047e-12  9.35640e-12  9.35640e-12  8.88240e-23
1.520553748e+00  9.3126475e-12  9.31265e-12  9.31265e-12  9.88129e-23
1.528156517e+00  9.2689044e-12  9.26890e-12  9.26890e-12  1.09379e-22
1.535797299e+00  9.2253639e-12  9.22536e-12  9.22536e-12  1.19666e-22
1.543476286e+00  9.1818426e-12  9.18184e-12  9.18184e-12  1.30053e-22
1.551193667e+00  9.1382521e-12  9.13825e-12  9.13825e-12  1.40779e-22
1.558949636e+00  9.0945973e-12  9.09460e-12  9.09460e-12  1.51726e-22
1.566744384e+00  9.0508826e-12  9.05088e-12  9.05088e-12  1.62733e-22
1.574578106e+00  9.0071127e-12  9.00711e-12  9.00711e-12  1.73594e-22
1.582450996e+00  8.9633819e-12  8.96338e-12  8.96338e-12  1.83193e-22
1.590363251e+00  8.9192464e-12  8.91925e-12  8.91925e-12  1.95726e-22
1.598315067e+00  8.8747161e-12  8.87472e-12  8.87472e-12  2.12409e-22
1.606306643e+00  8.8301547e-12  8.83015e-12  8.83015e-12  2.29707e-22
1.614338176e+00  8.7854785e-12  8.78548e-12  8.78548e-12  2.48921e-22
1.622409867e+00  8.7404305e-12  8.74043e-12  8.74043e-12  2.75436e-22
1.630521916e+00  8.6953686e-12  8.69537e-12  8.69537e-12  3.04278e-22
1.638674526e+00  8.6502971e-12  8.65030e-12  8.65030e-12  3.35573e-22
1.646867898e+00  8.6052200e-12  8.60522e-12  8.60522e-12  3.69441e-22
1.655102238e+00  8.5602271e-12  8.56023e-12  8.56023e-12  4.03211e-22
1.663377749e+00  8.5152357e-12  8.51524e-12  8.51524e-12  4.39002e-22
1.671694638e+00  8.4702498e-12  8.47025e-12  8.47025e-12  4.76741e-22
1.680053111e+00  8.4252733e-12  8.42527e-12  8.42527e-12  5.16307e-22
1.688453377e+00  8.3802260e-12  8.38023e-12  8.38023e-12  5.62126e-22
1.696895643e+00  8.3352799e-12  8.33528e-12  8.33528e-12  6.05338e-22
1.705380122e+00  8.2901885e-12  8.29019e-12  8.29019e-12  6.61490e-22
1.713907022e+00  8.2452058e-12  8.24521e-12  8.24521e-12  7.14750e-22
1.722476557e+00  8.2001698e-12  8.20017e-12  8.20017e-12  7.77633e-22
1.731088940e+00  8.1551670e-12  8.15517e-12  8.15517e-12  8.44195e-22
1.739744385e+00  8.1101198e-12  8.11012e-12  8.11012e-12  9.23961e-22
1.748443107e+00  8.0651137e-12  8.06511e-12  8.06511e-12  1.00959e-21
1.757185322e+00  8.0201521e-12  8.02015e-12  8.02015e-12  1.10127e-21
1.765971249e+00  7.9751585e-12  7.97516e-12  7.97516e-12  1.21292e-21
1.774801105e+00  7.9302169e-12  7.93022e-12  7.93022e-12  1.33431e-21
1.783675111e+00  7.8853305e-12  7.88533e-12  7.88533e-12  1.46608e-21
1.792593486e+00  7.8404241e-12  7.84042e-12  7.84042e-12  1.62850e-21
1.801556454e+00  7.7956581e-12  7.79566e-12  7.79566e-12  1.78543e-21
1.810564236e+00  7.7510343e-12  7.75103e-12  7.75103e-12  1.93027e-21
1.819617057e+00  7.7064001e-12  7.70640e-12  7.70640e-12  2.11017e-21
1.828715142e+00  7.6618366e-12  7.66184e-12  7.66184e-12  2.30376e-21
1.837858718e+00  7.6172703e-12  7.61727e-12  7.61727e-12  2.54653e-21
1.847048012e+00  7.5726297e-12  7.57263e-12  7.57263e-12  2.89069e-21
1.856283252e+00  7.5278450e-12  7.52784e-12  7.52784e-12  3.40981e-21
1.865564668e+00  7.4829229e-12  7.48292e-12  7.48292e-12  4.15571e-21
1.874892491e+00  7.4373490e-12  7.43735e-12  7.43735e-12  5.57369e-21
1.884266954e+00  7.3914353e-12  7.39144e-12  7.39144e-12  7.62951e-21
1.893688289e+00  7.3448243e-12  7.34482e-12  7.34482e-12  1.08332e-20
1.903156730e+00  7.2970945e-12  7.29709e-12  7.29709e-12  1.59618e-20
1.912672514e+00  7.2476892e-12  7.24769e-12  7.24769e-12  2.42360e-20
1.922235876e+00  7.1979440e-12  7.19794e-12  7.19794e-12  3.48408e-20
1.931847056e+00  7.1470087e-12  7.14701e-12  7.14701e-12  4.95204e-20
1.941506291e+00  7.0960521e-12  7.09605e-12  7.09605e-12  6.73940e-20
1.951213822e+00  7.0466408e-12  7.04664e-12  7.04664e-12  8.61449e-20
1.960969892e+00  6.9974830e-12  6.99748e-12  6.99748e-12  1.08044e-19
1.970774741e+00  6.9515220e-12  6.95152e-12  6.95152e-12  1.26768e-19
1.980628615e+00  6.9059883e-12  6.90599e-12  6.90599e-12  1.47512e-19
1.990531758e+00  6.8630933e-12  6.86309e-12  6.86309e-12  1.64062e-19
2.000484417e+00  6.8203852e-12  6.82039e-12  6.82039e-12  1.82141e-19
2.010486839e+00  6.7794369e-12  6.77944e-12  6.77944e-12  1.96256e-19
2.020539273e+00  6.7385895e-12  6.73859e-12  6.73859e-12  2.11169e-19
2.030641969e+00  6.6983174e-12  6.69832e-12  6.69832e-12  2.24801e-19
2.040795179e+00  6.6581443e-12  6.65814e-12  6.65814e-12  2.38795e-19
2.050999155e+00  6.6193384e-12  6.61934e-12  6.61934e-12  2.46151e-19
2.061254151e+00  6.5806856e-12  6.58069e-12  6.58069e-12  2.51848e-19
2.071560421e+00  6.5427788e-12  6.54278e-12  6.54278e-12  2.51431e-19
2.081918224e+00  6.5050843e-12  6.50508e-12  6.50508e-12  2.47061e-19
2.092327815e+00  6.4675366e-12  6.46754e-12  6.46754e-12  2.38402e-19
2.102789454e+00  6.4300717e-12  6.43007e-12  6.43007e-12  2.25203e-19
2.113303401e+00  6.3919222e-12  6.39192e-12  6.39192e-12  2.14577e-19
2.123869918e+00  6.3537418e-12  6.35374e-12  6.35374e-12  2.00787e-19
2.134489268e+00  6.3152183e-12  6.31522e-12  6.31522e-12  1.87488e-19
2.145161714e+00  6.2761734e-12  6.27617e-12  6.27617e-12  1.78161e-19
2.155887523e+00  6.2368710e-12  6.23687e-12  6.23687e-12  1.70790e-19
2.166666960e+00  6.1973821e-12  6.19738e-12  6.19738e-12  1.65405e-19
2.177500295e+00  6.1577142e-12  6.15771e-12  6.15771e-12  1.63024e-19
2.188387796e+00  6.1180588e-12  6.11806e-12  6.11806e-12  1.61049e-19
2.199329735e+00  6.0782980e-12  6.07830e-12  6.07830e-12  1.62658e-19
2.210326384e+00  6.0385588e-12  6.03856e-12  6.03856e-12  1.66050e-19
2.221378016e+00  5.9989649e-12  5.99896e-12  5.99896e-12  1.68493e-19
2.232484906e+00  5.9593985e-12  5.95940e-12  5.95940e-12  1.73479e-19
2.243647331e+00  5.9198631e-12  5.91986e-12  5.91986e-12  1.81832e-19
2.254865567e+00  5.8801856e-12  5.88019e-12  5.88019e-12  2.01163e-19
2.266139895e+00  5.8406070e-12  5.84061e-12  5.84061e-12  2.24824e-19
2.277470595e+00  5.8008973e-12  5.80090e-12  5.80090e-12  2.64233e-19
2.288857948e+00  5.7612364e-12  5.76124e-12  5.76124e-12  3.14641e-19
2.300302237e+00  5.7215130e-12  5.72151e-12  5.72151e-12  3.84529e-19
2.311803748e+00  5.6819035e-12  5.68190e-12  5.68190e-12  4.67805e-19
2.323362767e+00  5.6422969e-12  5.64230e-12  5.64230e-12  5.74055e-19
2.334979581e+00  5.6028658e-12  5.60287e-12  5.60287e-12  6.95387e-19
2.346654479e+00  5.5636668e-12  5.56367e-12  5.56367e-12  8.29063e-19
2.358387751e+00  5.5247548e-12  5.52475e-12  5.52475e-12  9.70920e-19
2.370179690e+00  5.4860734e-12  5.48607e-12  5.48607e-12  1.12563e-18
2.382030589e+00  5.4477858e-12  5.44779e-12  5.44778e-12  1.27648e-18
2.393940742e+00  5.4097257e-12  5.40973e-12  5.40972e-12  1.43821e-18
2.405910445e+00  5.3719464e-12  5.37195e-12  5.37194e-12  1.60407e-18
2.417939997e+00  5.3343394e-12  5.33434e-12  5.33434e-12  1.78704e-18
2.430029697e+00  5.2969053e-12  5.29691e-12  5.29690e-12  1.98868e-18
2.442179846e+00  5.2595921e-12  5.25959e-12  5.25959e-12  2.21940e-18
2.454390745e+00  5.2225060e-12  5.22251e-12  5.22250e-12  2.46440e-18
2.466662699e+00  5.1855426e-12  5.18554e-12  5.18554e-12  2.74392e-18
2.478996012e+00  5.1488068e-12  5.14881e-12  5.14880e-12  3.04051e-18
2.491390992e+00  5.1122467e-12  5.11225e-12  5.11224e-12  3.36594e-18
2.503847947e+00  5.0759136e-12  5.07591e-12  5.07591e-12  3.70971e-18
2.516367187e+00  5.0399586e-12  5.03996e-12  5.03995e-12  4.02907e-18
2.528949023e+00  5.0043275e-12  5.00433e-12  5.00432e-12  4.32810e-18
2.541593768e+00  4.9689180e-12  4.96892e-12  4.96891e-12  4.63045e-18
2.554301737e+00  4.9337788e-12  4.93378e-12  4.93377e-12  4.91544e-18
2.567073246e+00  4.8989573e-12  4.89896e-12  4.89895e-12  5.15614e-18
2.579908612e+00  4.8641582e-12  4.86416e-12  4.86415e-12  5.46365e-18
2.592808155e+00  4.8292882e-12  4.82929e-12  4.82928e-12  5.89687e-18
2.605772196e+00  4.7943530e-12  4.79435e-12  4.79435e-12  6.48250e-18
2.618801057e+00  4.7594533e-12  4.75945e-12  4.75945e-12  7.19884e-18
2.631895062e+00  4.7233614e-12  4.72336e-12  4.72335e-12  8.79931e-18
2.645054537e+00  4.6873298e-12  4.68733e-12  4.68732e-12  1.06914e-17
2.658279810e+00  4.6515014e-12  4.65150e-12  4.65149e-12  1.28179e-17
2.671571209e+00  4.6158763e-12  4.61588e-12  4.61586e-12  1.52013e-17
2.684929065e+00  4.5761320e-12  4.57613e-12  4.57611e-12  2.14169e-17
2.698353710e+00  4.5351939e-12  4.53519e-12  4.53516e-12  2.97759e-17
2.711845479e+00  4.4944984e-12  4.49450e-12  4.49446e-12  3.93010e-17
2.725404706e+00  4.4533713e-12  4.45337e-12  4.45332e-12  5.08159e-17
2.739031730e+00  4.3910255e-12  4.39103e-12  4.39094e-12  8.80919e-17
2.752726889e+00  4.3291641e-12  4.32916e-12  4.32903e-12  1.30716e-16
2.766490523e+00  4.2677431e-12  4.26774e-12  4.26756e-12  1.79291e-16
2.780322976e+00  4.2009147e-12  4.20091e-12  4.20067e-12  2.42767e-16
2.794224591e+00  4.1055483e-12  4.10555e-12  4.10519e-12  3.59462e-16
2.808195713e+00  4.0109782e-12  4.01098e-12  4.01049e-12  4.92112e-16
2.822236692e+00  3.9054287e-12  3.90543e-12  3.90477e-12  6.63455e-16
2.836347875e+00  3.7770154e-12  3.77702e-12  3.77611e-12  9.03260e-16
2.850529615e+00  3.6352754e-12  3.63528e-12  3.63407e-12  1.20461e-15
2.864782263e+00  3.4765800e-12  3.47658e-12  3.47499e-12  1.58579e-15
2.879106174e+00  3.2817343e-12  3.28173e-12  3.27963e-12  2.10674e-15
2.893501705e+00  3.0438463e-12  3.04385e-12  3.04104e-12  2.81126e-15
2.907969214e+00  2.7869417e-12  2.78694e-12  2.78328e-12  3.66495e-15
2.922509060e+00  2.5354596e-12  2.53546e-12  2.53084e-12  4.61572e-15
2.937121605e+00  2.3143764e-12  2.31438e-12  2.30879e-12  5.58973e-15
2.951807213e+00  2.1472920e-12  2.14729e-12  2.14080e-12  6.49368e-15
2.966566249e+00  2.0016372e-12  2.00164e-12  1.99422e-12  7.41943e-15
2.981399080e+00  1.8608466e-12  1.86085e-12  1.85242e-12  8.42569e-15
2.996306076e+00  1.7124821e-12  1.71248e-12  1.70291e-12  9.57151e-15
3.011287606e+00  1.5617785e-12  1.56178e-12  1.55093e-12  1.08493e-14
3.026344044e+00  1.4142311e-12  1.41423e-12  1.40199e-12  1.22446e-14
3.041475764e+00  1.2733401e-12  1.27334e-12  1.25959e-12  1.37469e-14
3.056683143e+00  1.1419289e-12  1.14193e-12  1.12658e-12  1.53444e-14
3.071966559e+00  1.0624688e-12  1.06247e-12  1.04569e-12  1.67739e-14
3.087326392e+00  1.0228487e-12  1.02285e-12  1.00479e-12  1.80592e-14
3.102763024e+00  1.0160603e-12  1.01606e-12  9.96858e-13  1.92025e-14
3.118276839e+00  1.0311449e-12  1.03114e-12  1.01090e-12  2.02438e-14
3.133868223e+00  1.0527120e-12  1.05271e-12  1.03144e-12  2.12768e-14
3.149537564e+00  1.0885570e-12  1.08856e-12  1.06633e-12  2.22229e-14
3.165285252e+00  1.1482371e-12  1.14824e-12  1.12527e-12  2.29660e-14
3.181111678e+00  1.2385109e-12  1.23851e-12  1.21512e-12  2.33893e-14
3.197017237e+00  1.3622209e-12  1.36222e-12  1.33883e-12  2.33929e-14
3.213002323e+00  1.5144988e-12  1.51450e-12  1.49155e-12  2.29483e-14
3.229067334e+00  1.6583179e-12  1.65832e-12  1.63589e-12  2.24282e-14
3.245212671e+00  1.7970404e-12  1.79704e-12  1.77525e-12  2.17891e-14
3.261438734e+00  1.9421888e-12  1.94219e-12  1.92133e-12  2.08613e-14
3.277745928e+00  2.1118798e-12  2.11188e-12  2.09255e-12  1.93315e-14
3.294134658e+00  2.2174491e-12  2.21745e-12  2.19893e-12  1.85231e-14
3.310605331e+00  2.3237293e-12  2.32373e-12  2.30623e-12  1.75014e-14
3.327158358e+00  2.4293803e-12  2.42938e-12  2.41311e-12  1.62668e-14
3.343794149e+00  2.5266808e-12  2.52668e-12  2.51173e-12  1.49488e-14
3.360513120e+00  2.6143645e-12  2.61436e-12  2.60078e-12  1.35813e-14
3.377315686e+00  2.6853207e-12  2.68532e-12  2.67298e-12  1.23366e-14
3.394202264e+00  2.7414419e-12  2.74144e-12  2.73022e-12  1.12189e-14
3.411173276e+00  2.7831027e-12  2.78310e-12  2.77284e-12  1.02659e-14
3.428229142e+00  2.8157006e-12  2.81570e-12  2.80632e-12  9.38445e-15
3.445370288e+00  2.8416934e-12  2.84169e-12  2.83316e-12  8.53499e-15
3.462597139e+00  2.8617300e-12  2.86173e-12  2.85401e-12  7.71933e-15
3.479910125e+00  2.8738367e-12  2.87384e-12  2.86681e-12  7.02272e-15
3.497309675e+00  2.8794132e-12  2.87941e-12  2.87298e-12  6.43343e-15
3.514796224e+00  2.8808973e-12  2.88090e-12  2.87500e-12  5.89405e-15
3.532370205e+00  2.8783129e-12  2.87831e-12  2.87289e-12  5.42319e-15
3.550032056e+00  2.8711421e-12  2.87114e-12  2.86608e-12  5.06465e-15
3.567782216e+00  2.8606563e-12  2.86066e-12  2.85586e-12  4.79137e-15
3.585621127e+00  2.8472920e-12  2.84729e-12  2.84269e-12  4.60523e-15
3.603549233e+00  2.8339194e-12  2.83392e-12  2.82954e-12  4.38362e-15
3.621566979e+00  2.8205635e-12  2.82056e-12  2.81644e-12  4.12222e-15
3.639674814e+00  2.8018078e-12  2.80181e-12  2.79768e-12  4.12523e-15
3.657873188e+00  2.7822973e-12  2.78230e-12  2.77813e-12  4.16669e-15
3.676162554e+00  2.7629370e-12  2.76294e-12  2.75874e-12  4.19689e-15
3.694543367e+00  2.7436454e-12  2.74365e-12  2.73943e-12  4.21991e-15
3.713016084e+00  2.7245002e-12  2.72450e-12  2.72027e-12  4.22950e-15
3.731581164e+00  2.7054474e-12  2.70545e-12  2.70122e-12  4.22817e-15
3.750239070e+00  2.6833476e-12  2.68335e-12  2.67888e-12  4.47191e-15
3.768990265e+00  2.6613431e-12  2.66134e-12  2.65661e-12  4.73445e-15
3.787835216e+00  2.6384997e-12  2.63850e-12  2.63340e-12  5.10387e-15
3.806774393e+00  2.6153444e-12  2.61534e-12  2.60980e-12  5.54651e-15
3.825808265e+00  2.5924021e-12  2.59240e-12  2.58638e-12  6.01815e-15
3.844937306e+00  2.5696497e-12  2.56965e-12  2.56313e-12  6.52291e-15
3.864161992e+00  2.5465989e-12  2.54660e-12  2.53948e-12  7.12042e-15
3.883482802e+00  2.5236867e-12  2.52369e-12  2.51592e-12  7.76905e-15
3.902900216e+00  2.5009860e-12  2.50099e-12  2.49252e-12  8.46339e-15
3.922414717e+00  2.4785211e-12  2.47852e-12  2.46932e-12  9.20289e-15
3.942026791e+00  2.4562931e-12  2.45629e-12  2.44630e-12  9.98980e-15
3.961736925e+00  2.4342817e-12  2.43428e-12  2.42345e-12  1.08299e-14
3.981545610e+00  2.4123408e-12  2.41234e-12  2.40059e-12  1.17514e-14
4.001453338e+00  2.3905431e-12  2.39054e-12  2.37779e-12  1.27493e-14
4.021460604e+00  2.3689776e-12  2.36898e-12  2.35516e-12  1.38133e-14
4.041567907e+00  2.3476675e-12  2.34767e-12  2.33272e-12  1.49427e-14
4.061775747e+00  2.3265947e-12  2.32659e-12  2.31045e-12  1.61450e-14
4.082084626e+00  2.3057818e-12  2.30578e-12  2.28836e-12  1.74193e-14
4.102495049e+00  2.2852310e-12  2.28523e-12  2.26646e-12  1.87690e-14
4.123007524e+00  2.2650556e-12  2.26506e-12  2.24489e-12  2.01683e-14
4.143622562e+00  2.2451419e-12  2.24514e-12  2.22349e-12  2.16475e-14
4.164340674e+00  2.2254746e-12  2.22547e-12  2.20226e-12  2.32153e-14
4.185162378e+00  2.2060573e-12  2.20606e-12  2.18118e-12  2.48762e-14
4.206088190e+00  2.1869108e-12  2.18691e-12  2.16028e-12  2.66287e-14
4.227118631e+00  2.1680213e-12  2.16802e-12  2.13954e-12  2.84828e-14
4.248254224e+00  2.1487045e-12  2.14870e-12  2.11799e-12  3.07124e-14
4.269495495e+00  2.1288195e-12  2.12882e-12  2.09538e-12  3.34406e-14
4.290842972e+00  2.1092791e-12  2.10928e-12  2.07293e-12  3.63452e-14
4.312297187e+00  2.0901210e-12  2.09012e-12  2.05070e-12  3.94210e-14
4.333858673e+00  2.0713226e-12  2.07132e-12  2.02863e-12  4.26900e-14
4.355527967e+00  2.0526322e-12  2.05263e-12  2.00633e-12  4.63070e-14
4.377305606e+00  2.0338616e-12  2.03386e-12  1.98343e-12  5.04339e-14
4.399192134e+00  2.0157111e-12  2.01571e-12  1.96101e-12  5.47025e-14
4.421188095e+00  1.9981343e-12  1.99813e-12  1.93900e-12  5.91370e-14
4.443294036e+00  1.9809966e-12  1.98100e-12  1.91716e-12  6.38364e-14
4.465510506e+00  1.9658116e-12  1.96581e-12  1.89824e-12  6.75712e-14
4.487838058e+00  1.9510113e-12  1.95101e-12  1.87957e-12  7.14423e-14
4.510277249e+00  1.9371622e-12  1.93716e-12  1.86227e-12  7.48920e-14
4.532828635e+00  1.9254847e-12  1.92548e-12  1.84905e-12  7.64377e-14
4.555492778e+00  1.9143328e-12  1.91433e-12  1.83691e-12  7.74238e-14
4.578270242e+00  1.9048097e-12  1.90481e-12  1.82860e-12  7.62121e-14
4.601161593e+00  1.8951104e-12  1.89511e-12  1.82040e-12  7.47127e-14
4.624167401e+00  1.8851984e-12  1.88520e-12  1.81227e-12  7.29300e-14
4.647288238e+00  1.8750415e-12  1.87504e-12  1.80417e-12  7.08714e-14
4.670524679e+00  1.8646238e-12  1.86462e-12  1.79610e-12  6.85210e-14
4.693877303e+00  1.8539289e-12  1.85393e-12  1.78807e-12  6.58628e-14
4.717346689e+00  1.8429399e-12  1.84294e-12  1.78006e-12  6.28801e-14
4.740933423e+00  1.8308828e-12  1.83088e-12  1.76872e-12  6.21642e-14
4.764638090e+00  1.8186818e-12  1.81868e-12  1.75717e-12  6.15103e-14
4.788461280e+00  1.8064000e-12  1.80640e-12  1.74570e-12  6.07023e-14
4.812403587e+00  1.7940303e-12  1.79403e-12  1.73431e-12  5.97157e-14
4.836465604e+00  1.7815582e-12  1.78156e-12  1.72299e-12  5.85724e-14
4.860647933e+00  1.7689767e-12  1.76898e-12  1.71173e-12  5.72480e-14
4.884951172e+00  1.7562759e-12  1.75628e-12  1.70054e-12  5.57327e-14
4.909375928e+00  1.7434652e-12  1.74347e-12  1.68898e-12  5.44893e-14
4.933922808e+00  1.7306974e-12  1.73070e-12  1.67586e-12  5.48331e-14
4.958592422e+00  1.7179667e-12  1.71797e-12  1.66284e-12  5.51255e-14
4.983385384e+00  1.7052695e-12  1.70527e-12  1.64991e-12  5.53633e-14
5.008302311e+00  1.6926648e-12  1.69266e-12  1.63679e-12  5.58750e-14
5.033343822e+00  1.6802729e-12  1.68027e-12  1.62320e-12  5.70748e-14
5.058510541e+00  1.6679876e-12  1.66799e-12  1.60971e-12  5.82798e-14
5.083803094e+00  1.6558072e-12  1.65581e-12  1.59632e-12  5.94892e-14
5.109222110e+00  1.6438686e-12  1.64387e-12  1.58272e-12  6.11491e-14
5.134768220e+00  1.6323510e-12  1.63235e-12  1.56866e-12  6.36890e-14
5.160442061e+00  1.6210225e-12  1.62102e-12  1.55473e-12  6.62882e-14
5.186244272e+00  1.6099015e-12  1.60990e-12  1.54090e-12  6.89979e-14
5.212175493e+00  1.5990901e-12  1.59909e-12  1.52703e-12  7.20618e-14
5.238236370e+00  1.5886181e-12  1.58862e-12  1.51311e-12  7.55064e-14
5.264427552e+00  1.5784267e-12  1.57843e-12  1.49927e-12  7.91615e-14
5.290749690e+00  1.5690795e-12  1.56908e-12  1.48488e-12  8.42022e-14
5.317203438e+00  1.5600865e-12  1.56009e-12  1.47060e-12  8.94853e-14
5.343789456e+00  1.5514556e-12  1.55146e-12  1.45644e-12  9.50195e-14
5.370508403e+00  1.5431781e-12  1.54318e-12  1.44240e-12  1.00782e-13
5.397360945e+00  1.5352772e-12  1.53528e-12  1.42847e-12  1.06811e-13
5.424347750e+00  1.5286747e-12  1.52867e-12  1.41394e-12  1.14731e-13
5.451469488e+00  1.5226921e-12  1.52269e-12  1.39945e-12  1.23238e-13
5.478726836e+00  1.5172338e-12  1.51723e-12  1.38509e-12  1.32148e-13
5.506120470e+00  1.5122897e-12  1.51229e-12  1.37085e-12  1.41436e-13
5.533651072e+00  1.5078921e-12  1.50789e-12  1.35674e-12  1.51151e-13
5.561319328e+00  1.5046470e-12  1.50465e-12  1.34241e-12  1.62235e-13
5.589125924e+00  1.5046488e-12  1.50465e-12  1.32680e-12  1.77845e-13
5.617071554e+00  1.5055406e-12  1.50554e-12  1.31134e-12  1.94197e-13
5.645156912e+00  1.5073716e-12  1.50737e-12  1.29602e-12  2.11354e-13
5.673382696e+00  1.5101370e-12  1.51014e-12  1.28084e-12  2.29299e-13
5.701749610e+00  1.5138894e-12  1.51389e-12  1.26579e-12  2.48100e-13
5.730258358e+00  1.5201039e-12  1.52010e-12  1.25027e-12  2.69830e-13
5.758909650e+00  1.5297898e-12  1.52979e-12  1.23399e-12  2.95799e-13
5.787704198e+00  1.5429055e-12  1.54291e-12  1.21709e-12  3.25813e-13
5.816642719e+00  1.5585671e-12  1.55857e-12  1.20001e-12  3.58554e-13
5.845725932e+00  1.5751189e-12  1.57512e-12  1.18338e-12  3.91742e-13
5.874954562e+00  1.5946987e-12  1.59470e-12  1.16646e-12  4.28236e-13
5.904329335e+00  1.6103343e-12  1.61033e-12  1.15151e-12  4.58821e-13
5.933850982e+00  1.6254735e-12  1.62547e-12  1.13728e-12  4.88195e-13
5.963520237e+00  1.6419422e-12  1.64194e-12  1.12317e-12  5.18768e-13
5.993337838e+00  1.6597262e-12  1.65973e-12  1.10921e-12  5.50515e-13
6.023304527e+00  1.6788982e-12  1.67890e-12  1.09538e-12  5.83522e-13
6.053421050e+00  1.6994895e-12  1.69949e-12  1.08167e-12  6.17820e-13
6.083688155e+00  1.7114342e-12  1.71143e-12  1.07053e-12  6.40908e-13
6.114106596e+00  1.7206909e-12  1.72069e-12  1.06028e-12  6.60407e-13
6.144677129e+00  1.7277359e-12  1.72774e-12  1.05074e-12  6.76992e-13
6.175400514e+00  1.7290063e-12  1.72901e-12  1.04260e-12  6.86408e-13
6.206277517e+00  1.7302672e-12  1.73027e-12  1.03451e-12  6.95759e-13
6.237308904e+00  1.7314538e-12  1.73145e-12  1.02649e-12  7.04968e-13
6.268495449e+00  1.7311893e-12  1.73119e-12  1.01879e-12  7.12399e-13
6.299837926e+00  1.7297089e-12  1.72971e-12  1.01135e-12  7.18362e-13
6.331337116e+00  1.7281656e-12  1.72817e-12  1.00393e-12  7.24238e-13
6.362993801e+00  1.7281085e-12  1.72811e-12  9.96268e-13  7.31840e-13
6.394808770e+00  1.7278095e-12  1.72781e-12  9.88682e-13  7.39127e-13
6.426782814e+00  1.7276578e-12  1.72766e-12  9.81103e-13  7.46555e-13
6.458916728e+00  1.7275266e-12  1.72753e-12  9.73554e-13  7.53972e-13
6.491211312e+00  1.7273467e-12  1.72735e-12  9.66046e-13  7.61301e-13
6.523667368e+00  1.7274836e-12  1.72748e-12  9.58526e-13  7.68958e-13
6.556285705e+00  1.7274338e-12  1.72743e-12  9.51068e-13  7.76366e-13
6.589067134e+00  1.7278034e-12  1.72780e-12  9.43590e-13  7.84214e-13
6.622012469e+00  1.7294194e-12  1.72942e-12  9.35990e-13  7.93430e-13
6.655122532e+00  1.7309085e-12  1.73091e-12  9.28455e-13  8.02453e-13
6.688398144e+00  1.7342593e-12  1.73426e-12  9.20744e-13  8.13515e-13
6.721840135e+00  1.7387494e-12  1.73875e-12  9.12962e-13  8.25788e-13
6.755449336e+00  1.7432284e-12  1.74323e-12  9.05250e-13  8.37978e-13
6.789226583e+00  1.7415122e-12  1.74151e-12  8.98286e-13  8.43226e-13
6.823172715e+00  1.7392029e-12  1.73920e-12  8.91409e-13  8.47794e-13
6.857288579e+00  1.7365471e-12  1.73655e-12  8.84587e-13  8.51960e-13
6.891575022e+00  1.7336247e-12  1.73362e-12  8.77812e-13  8.55812e-13
6.926032897e+00  1.7303282e-12  1.73033e-12  8.71093e-13  8.59236e-13
6.960663062e+00  1.7265416e-12  1.72654e-12  8.64437e-13  8.62104e-13
6.995466377e+00  1.7224466e-12  1.72245e-12  8.57827e-13  8.64620e-13
7.030443709e+00  1.7179292e-12  1.71793e-12  8.51271e-13  8.66659e-13
7.065595927e+00  1.7118003e-12  1.71180e-12  8.44868e-13  8.66932e-13
7.100923907e+00  1.7047319e-12  1.70473e-12  8.38553e-13  8.66179e-13
7.136428526e+00  1.6970129e-12  1.69701e-12  8.32297e-13  8.64715e-13
7.172110669e+00  1.6946269e-12  1.69463e-12  8.25629e-13  8.68998e-13
7.207971222e+00  1.6932879e-12  1.69329e-12  8.18912e-13  8.74376e-13
7.244011079e+00  1.6917669e-12  1.69177e-12  8.12246e-13  8.79521e-13
7.280231134e+00  1.6829608e-12  1.68296e-12  8.06139e-13  8.76822e-13
7.316632290e+00  1.6733141e-12  1.67331e-12  8.00099e-13  8.73215e-13
7.353215451e+00  1.6630455e-12  1.66305e-12  7.94106e-13  8.68939e-13
7.389981528e+00  1.6573596e-12  1.65736e-12  7.87816e-13  8.69543e-13
7.426931436e+00  1.6512138e-12  1.65121e-12  7.81580e-13  8.69634e-13
7.464066093e+00  1.6445929e-12  1.64459e-12  7.75397e-13  8.69196e-13
7.501386424e+00  1.6389625e-12  1.63896e-12  7.69176e-13  8.69787e-13
7.538893356e+00  1.6328804e-12  1.63288e-12  7.63009e-13  8.69872e-13
7.576587822e+00  1.6261926e-12  1.62619e-12  7.56903e-13  8.69290e-13
7.614470762e+00  1.6137648e-12  1.61376e-12  7.51144e-13  8.62620e-13
7.652543115e+00  1.6006518e-12  1.60065e-12  7.45433e-13  8.55219e-13
7.690805831e+00  1.5868372e-12  1.58684e-12  7.39767e-13  8.47070e-13
7.729259860e+00  1.5802295e-12  1.58023e-12  7.33737e-13  8.46493e-13
7.767906159e+00  1.5736131e-12  1.57361e-12  7.27736e-13  8.45877e-13
7.806745690e+00  1.5663783e-12  1.56638e-12  7.21796e-13  8.44582e-13
7.845779419e+00  1.5616475e-12  1.56165e-12  7.15765e-13  8.45883e-13
7.885008316e+00  1.5569975e-12  1.55700e-12  7.09766e-13  8.47232e-13
7.924433357e+00  1.5519518e-12  1.55195e-12  7.03821e-13  8.48131e-13
7.964055524e+00  1.5484767e-12  1.54848e-12  6.97841e-13  8.50635e-13
8.003875802e+00  1.5454806e-12  1.54548e-12  6.91880e-13  8.53600e-13
8.043895181e+00  1.5423095e-12  1.54231e-12  6.85967e-13  8.56342e-13
8.084114657e+00  1.5398234e-12  1.53982e-12  6.80066e-13  8.59757e-13
8.124535230e+00  1.5382330e-12  1.53823e-12  6.74170e-13  8.64063e-13
8.165157906e+00  1.5363352e-12  1.53634e-12  6.68329e-13  8.68006e-13
8.205983696e+00  1.5344796e-12  1.53448e-12  6.62529e-13  8.71951e-13
8.247013614e+00  1.5334045e-12  1.53340e-12  6.56742e-13  8.76663e-13
8.288248682e+00  1.5322155e-12  1.53222e-12  6.51002e-13  8.81213e-13
8.329689926e+00  1.5307202e-12  1.53072e-12  6.45317e-13  8.85403e-13
8.371338375e+00  1.5294817e-12  1.52948e-12  6.39665e-13  8.89816e-13
8.413195067e+00  1.5279300e-12  1.52793e-12  6.34067e-13  8.93863e-13
8.455261042e+00  1.5264475e-12  1.52645e-12  6.28509e-13  8.97939e-13
8.497537348e+00  1.5250390e-12  1.52504e-12  6.22990e-13  9.02049e-13
8.540025034e+00  1.5237095e-12  1.52371e-12  6.17510e-13  9.06199e-13
8.582725160e+00  1.5222589e-12  1.52226e-12  6.12076e-13  9.10182e-13
8.625638785e+00  1.5206840e-12  1.52068e-12  6.06688e-13  9.13996e-13
8.668766979e+00  1.5189818e-12  1.51898e-12  6.01345e-13  9.17637e-13
8.712110814e+00  1.5177895e-12  1.51779e-12  5.96027e-13  9.21762e-13
8.755671368e+00  1.5171289e-12  1.51713e-12  5.90736e-13  9.26393e-13
8.799449725e+00  1.5165843e-12  1.51658e-12  5.85483e-13  9.31101e-13
8.843446974e+00  1.5157177e-12  1.51572e-12  5.80281e-13  9.35437e-13
8.887664209e+00  1.5149671e-12  1.51497e-12  5.75116e-13  9.39851e-13
8.932102530e+00  1.5141109e-12  1.51411e-12  5.69996e-13  9.44115e-13
8.976763042e+00  1.5149860e-12  1.51499e-12  5.64872e-13  9.50114e-13
9.021646857e+00  1.5160273e-12  1.51603e-12  5.59785e-13  9.56242e-13
9.066755092e+00  1.5167696e-12  1.51677e-12  5.54749e-13  9.62021e-13
9.112088867e+00  1.5186316e-12  1.51863e-12  5.49727e-13  9.68905e-13
9.157649312e+00  1.5216521e-12  1.52165e-12  5.44720e-13  9.76932e-13
9.203437558e+00  1.5244079e-12  1.52441e-12  5.39762e-13  9.84646e-13
9.249454746e+00  1.5273812e-12  1.52738e-12  5.34842e-13  9.92539e-13
9.295702020e+00  1.5330702e-12  1.53307e-12  5.29904e-13  1.00317e-12
9.342180530e+00  1.5397994e-12  1.53980e-12  5.24988e-13  1.01481e-12
9.388891432e+00  1.5463258e-12  1.54633e-12  5.20121e-13  1.02621e-12
9.435835890e+00  1.5528960e-12  1.55290e-12  5.15297e-13  1.03760e-12
9.483015069e+00  1.5597680e-12  1.55977e-12  5.10511e-13  1.04926e-12
9.530430144e+00  1.5672102e-12  1.56721e-12  5.05757e-13  1.06145e-12
9.578082295e+00  1.5789554e-12  1.57896e-12  5.00962e-13  1.07799e-12
9.625972707e+00  1.5908380e-12  1.59084e-12  4.96211e-13  1.09463e-12
9.674102570e+00  1.6028549e-12  1.60285e-12  4.91503e-13  1.11135e-12
9.722473083e+00  1.6152772e-12  1.61528e-12  4.86832e-13  1.12844e-12
9.771085448e+00  1.6275570e-12  1.62756e-12  4.82210e-13  1.14535e-12
9.819940876e+00  1.6438705e-12  1.64387e-12  4.77560e-13  1.16631e-12
9.869040580e+00  1.6679905e-12  1.66799e-12  4.72820e-13  1.19517e-12
9.918385783e+00  1.6924488e-12  1.69245e-12  4.68126e-13  1.22432e-12
9.967977712e+00  1.7175280e-12  1.71753e-12  4.63471e-13  1.25406e-12
1.001781760e+01  1.7588802e-12  1.75888e-12  4.58597e-13  1.30028e-12
1.006790669e+01  1.8300943e-12  1.83009e-12  4.53297e-13  1.37680e-12
1.011824622e+01  1.9030368e-12  1.90304e-12  4.48044e-13  1.45499e-12
1.016883745e+01  1.9771177e-12  1.97712e-12  4.42849e-13  1.53427e-12
1.021968164e+01  2.0586313e-12  2.05863e-12  4.37613e-13  1.62102e-12
1.027078005e+01  2.1513637e-12  2.15136e-12  4.32283e-13  1.71908e-12
1.032213395e+01  2.2494486e-12  2.24945e-12  4.26955e-13  1.82249e-12
1.037374462e+01  2.3612870e-12  2.36129e-12  4.21507e-13  1.93978e-12
1.042561334e+01  2.4812689e-12  2.48127e-12  4.16029e-13  2.06524e-12
1.047774141e+01  2.6546147e-12  2.65461e-12  4.09887e-13  2.24473e-12
1.053013012e+01  2.8314294e-12  2.83143e-12  4.03809e-13  2.42762e-12
1.058278077e+01  3.0555998e-12  3.05560e-12  3.97197e-13  2.65840e-12
1.063569467e+01  3.2842336e-12  3.28423e-12  3.90655e-13  2.89358e-12
1.068887314e+01  3.5803104e-12  3.58031e-12  3.83353e-13  3.19696e-12
1.074231751e+01  3.8876487e-12  3.88765e-12  3.76061e-13  3.51159e-12
1.079602910e+01  4.1912770e-12  4.19128e-12  3.68969e-13  3.82231e-12
1.085000924e+01  4.4985666e-12  4.49857e-12  3.61981e-13  4.13659e-12
1.090425929e+01  4.8417300e-12  4.84173e-12  3.54696e-13  4.48703e-12
1.095878058e+01  5.2086657e-12  5.20867e-12  3.47280e-13  4.86139e-12
1.101357449e+01  5.5761037e-12  5.57610e-12  3.40019e-13  5.23608e-12
1.106864236e+01  5.9337018e-12  5.93370e-12  3.33029e-13  5.60067e-12
1.112398557e+01  6.2889702e-12  6.28897e-12  3.26214e-13  5.96276e-12
1.117960550e+01  6.6265606e-12  6.62656e-12  3.19743e-13  6.30682e-12
1.123550353e+01  6.9695506e-12  6.96955e-12  3.13344e-13  6.65621e-12
1.129168104e+01  7.3175632e-12  7.31756e-12  3.07020e-13  7.01054e-12
1.134813945e+01  7.6709127e-12  7.67091e-12  3.00767e-13  7.37015e-12
1.140488015e+01  7.9592476e-12  7.95925e-12  2.95333e-13  7.66391e-12
1.146190455e+01  8.2327822e-12  8.23278e-12  2.90156e-13  7.94263e-12
1.151921407e+01  8.5101025e-12  8.51010e-12  2.85035e-13  8.22507e-12
1.157681014e+01  8.7908226e-12  8.79082e-12  2.79972e-13  8.51085e-12
1.163469419e+01  9.0723747e-12  9.07237e-12  2.74993e-13  8.79738e-12
1.169286766e+01  9.3317422e-12  9.33174e-12  2.70323e-13  9.06142e-12
1.175133200e+01  9.5937193e-12  9.59372e-12  2.65707e-13  9.32801e-12
1.181008866e+01  9.8590047e-12  9.85900e-12  2.61140e-13  9.59786e-12
1.186913910e+01  1.0126832e-11  1.01268e-11  2.56628e-13  9.87020e-12
1.192848480e+01  1.0362542e-11  1.03625e-11  2.52491e-13  1.01101e-11
1.198812722e+01  1.0562925e-11  1.05629e-11  2.48743e-13  1.03142e-11
1.204806786e+01  1.0764601e-11  1.07646e-11  2.45040e-13  1.05196e-11
1.210830820e+01  1.0967917e-11  1.09679e-11  2.41377e-13  1.07265e-11
1.216884974e+01  1.1172845e-11  1.11728e-11  2.37754e-13  1.09351e-11
1.222969399e+01  1.1350717e-11  1.13507e-11  2.34417e-13  1.11163e-11
1.229084246e+01  1.1499170e-11  1.14992e-11  2.31376e-13  1.12678e-11
1.235229667e+01  1.1648588e-11  1.16486e-11  2.28365e-13  1.14202e-11
1.241405815e+01  1.1798565e-11  1.17986e-11  2.25386e-13  1.15732e-11
1.247612845e+01  1.1948692e-11  1.19487e-11  2.22442e-13  1.17262e-11
1.253850909e+01  1.2039922e-11  1.20399e-11  2.20008e-13  1.18199e-11
1.260120163e+01  1.2093435e-11  1.20934e-11  2.17895e-13  1.18755e-11
1.266420764e+01  1.2146189e-11  1.21462e-11  2.15802e-13  1.19304e-11
1.272752868e+01  1.2198177e-11  1.21982e-11  2.13728e-13  1.19844e-11
1.279116632e+01  1.2248993e-11  1.22490e-11  2.11677e-13  1.20373e-11
1.285512215e+01  1.2269491e-11  1.22695e-11  2.09866e-13  1.20596e-11
1.291939776e+01  1.2263722e-11  1.22637e-11  2.08258e-13  1.20555e-11
1.298399475e+01  1.2256736e-11  1.22567e-11  2.06660e-13  1.20501e-11
1.304891473e+01  1.2226333e-11  1.22263e-11  2.05234e-13  1.20211e-11
1.311415930e+01  1.2192130e-11  1.21921e-11  2.03834e-13  1.19883e-11
1.317973010e+01  1.2136217e-11  1.21362e-11  2.02584e-13  1.19336e-11
1.324562875e+01  1.2031049e-11  1.20310e-11  2.01670e-13  1.18294e-11
1.331185689e+01  1.1923656e-11  1.19237e-11  2.00757e-13  1.17229e-11
1.337841618e+01  1.1809952e-11  1.18100e-11  1.99874e-13  1.16101e-11
1.344530826e+01  1.1691983e-11  1.16920e-11  1.99006e-13  1.14930e-11
1.351253480e+01  1.1570994e-11  1.15710e-11  1.98144e-13  1.13729e-11
1.358009747e+01  1.1435805e-11  1.14358e-11  1.97361e-13  1.12384e-11
1.364799796e+01  1.1297567e-11  1.12976e-11  1.96583e-13  1.11010e-11
1.371623795e+01  1.1151714e-11  1.11517e-11  1.95838e-13  1.09559e-11
1.378481914e+01  1.0985255e-11  1.09853e-11  1.95208e-13  1.07900e-11
1.385374323e+01  1.0816536e-11  1.08165e-11  1.94574e-13  1.06220e-11
1.392301195e+01  1.0626238e-11  1.06262e-11  1.94055e-13  1.04322e-11
1.399262701e+01  1.0412980e-11  1.04130e-11  1.93655e-13  1.02193e-11
1.406259015e+01  1.0196526e-11  1.01965e-11  1.93253e-13  1.00033e-11
1.413290310e+01  9.9641958e-12  9.96420e-12  1.92923e-13  9.77127e-12
1.420356761e+01  9.7248661e-12  9.72487e-12  1.92612e-13  9.53225e-12
1.427458545e+01  9.4819628e-12  9.48196e-12  1.92298e-13  9.28966e-12
1.434595838e+01  9.2188795e-12  9.21888e-12  1.92077e-13  9.02680e-12
1.441768817e+01  8.9475326e-12  8.94753e-12  1.91879e-13  8.75565e-12
1.448977661e+01  8.6735155e-12  8.67352e-12  1.91671e-13  8.48184e-12
1.456222549e+01  8.3955952e-12  8.39560e-12  1.91462e-13  8.20413e-12
1.463503662e+01  8.1146816e-12  8.11468e-12  1.91246e-13  7.92344e-12
1.470821180e+01  7.8308294e-12  7.83083e-12  1.91023e-13  7.63981e-12
1.478175286e+01  7.6119159e-12  7.61192e-12  1.90433e-13  7.42148e-12
1.485566163e+01  7.3921378e-12  7.39214e-12  1.89835e-13  7.20230e-12
1.492993994e+01  7.1698120e-12  7.16981e-12  1.89237e-13  6.98058e-12
1.500458964e+01  6.9454152e-12  6.94542e-12  1.88637e-13  6.75678e-12
1.507961258e+01  6.7185576e-12  6.71856e-12  1.88038e-13  6.53052e-12
1.515501065e+01  6.4932009e-12  6.49320e-12  1.87419e-13  6.30578e-12
1.523078570e+01  6.3256447e-12  6.32564e-12  1.86502e-13  6.13914e-12
1.530693963e+01  6.1559232e-12  6.15592e-12  1.85592e-13  5.97033e-12
1.538347433e+01  5.9862537e-12  5.98625e-12  1.84677e-13  5.80158e-12
1.546039170e+01  5.8490546e-12  5.84905e-12  1.83603e-13  5.66545e-12
1.553769366e+01  5.7107418e-12  5.71074e-12  1.82534e-13  5.52821e-12
1.561538212e+01  5.5709052e-12  5.57091e-12  1.81472e-13  5.38943e-12
1.569345903e+01  5.4611710e-12  5.46117e-12  1.80270e-13  5.28090e-12
1.577192633e+01  5.3570509e-12  5.35705e-12  1.79046e-13  5.17800e-12
1.585078596e+01  5.2524289e-12  5.25243e-12  1.77829e-13  5.07460e-12
1.593003989e+01  5.1464474e-12  5.14645e-12  1.76622e-13  4.96983e-12
1.600969009e+01  5.0395674e-12  5.03957e-12  1.75424e-13  4.86414e-12
1.608973854e+01  4.9318103e-12  4.93181e-12  1.74234e-13  4.75758e-12
1.617018723e+01  4.8483194e-12  4.84832e-12  1.72942e-13  4.67538e-12
1.625103817e+01  4.7891523e-12  4.78915e-12  1.71551e-13  4.61760e-12
1.633229336e+01  4.7292131e-12  4.72921e-12  1.70173e-13  4.55904e-12
1.641395483e+01  4.6742508e-12  4.67425e-12  1.68782e-13  4.50547e-12
1.649602460e+01  4.6335518e-12  4.63355e-12  1.67341e-13  4.46621e-12
1.657850473e+01  4.5925685e-12  4.59257e-12  1.65911e-13  4.42666e-12
1.666139725e+01  4.5504267e-12  4.55043e-12  1.64497e-13  4.38593e-12
1.674470424e+01  4.4691580e-12  4.46916e-12  1.63254e-13  4.30590e-12
1.682842776e+01  4.3827719e-12  4.38277e-12  1.62039e-13  4.22073e-12
1.691256990e+01  4.2952597e-12  4.29526e-12  1.60835e-13  4.13442e-12
1.699713274e+01  4.1978076e-12  4.19781e-12  1.59678e-13  4.03813e-12
1.708211841e+01  4.0926447e-12  4.09264e-12  1.58558e-13  3.93409e-12
1.716752900e+01  3.9864156e-12  3.98642e-12  1.57447e-13  3.82897e-12
1.725336665e+01  3.8800238e-12  3.88002e-12  1.56343e-13  3.72368e-12
1.733963348e+01  3.7752537e-12  3.77525e-12  1.55239e-13  3.62001e-12
1.742633165e+01  3.6699185e-12  3.66992e-12  1.54143e-13  3.51578e-12
1.751346330e+01  3.5644791e-12  3.56448e-12  1.53053e-13  3.41143e-12
1.760103062e+01  3.4580738e-12  3.45807e-12  1.51973e-13  3.30610e-12
1.768903577e+01  3.3507233e-12  3.35072e-12  1.50903e-13  3.19982e-12
1.777748095e+01  3.2433286e-12  3.24333e-12  1.49839e-13  3.09349e-12
1.786636836e+01  3.1354691e-12  3.13547e-12  1.48783e-13  2.98669e-12
1.795570020e+01  3.0267255e-12  3.02673e-12  1.47736e-13  2.87899e-12
1.804547870e+01  2.9175579e-12  2.91756e-12  1.46697e-13  2.77086e-12
1.813570609e+01  2.8079861e-12  2.80799e-12  1.45666e-13  2.66232e-12
1.822638462e+01  2.7269547e-12  2.72695e-12  1.44540e-13  2.58241e-12
1.831751655e+01  2.6735240e-12  2.67352e-12  1.43327e-13  2.53020e-12
1.840910413e+01  2.6231302e-12  2.62313e-12  1.42114e-13  2.48102e-12
1.850114965e+01  2.5731512e-12  2.57315e-12  1.40908e-13  2.43224e-12
1.859365540e+01  2.5222848e-12  2.52228e-12  1.39715e-13  2.38257e-12
1.868662368e+01  2.4735939e-12  2.47359e-12  1.38525e-13  2.33507e-12
1.878005679e+01  2.4244668e-12  2.42447e-12  1.37346e-13  2.28712e-12
1.887395708e+01  2.3779567e-12  2.37796e-12  1.36168e-13  2.24179e-12
1.896832686e+01  2.3905087e-12  2.39051e-12  1.34806e-13  2.25570e-12
1.906316850e+01  2.4024789e-12  2.40248e-12  1.33459e-13  2.26902e-12
1.915848434e+01  2.4147338e-12  2.41473e-12  1.32124e-13  2.28261e-12
1.925427676e+01  2.4186236e-12  2.41862e-12  1.30828e-13  2.28780e-12
1.935054815e+01  2.3977825e-12  2.39778e-12  1.29623e-13  2.26816e-12
1.944730089e+01  2.3764626e-12  2.37646e-12  1.28430e-13  2.24803e-12
1.954453739e+01  2.3550998e-12  2.35510e-12  1.27247e-13  2.22785e-12
1.964226008e+01  2.3178057e-12  2.31781e-12  1.26125e-13  2.19168e-12
1.974047138e+01  2.2483751e-12  2.24838e-12  1.25110e-13  2.12326e-12
1.983917374e+01  2.1782305e-12  2.17823e-12  1.24106e-13  2.05412e-12
1.993836960e+01  2.1082412e-12  2.10824e-12  1.23110e-13  1.98513e-12
2.003806145e+01  2.0281845e-12  2.02818e-12  1.22152e-13  1.90603e-12
2.013825176e+01  1.9325985e-12  1.93260e-12  1.21247e-13  1.81135e-12
2.023894302e+01  1.8364528e-12  1.83645e-12  1.20351e-13  1.71610e-12
2.034013773e+01  1.7406134e-12  1.74061e-12  1.19461e-13  1.62115e-12
2.044183842e+01  1.6493227e-12  1.64932e-12  1.18564e-13  1.53076e-12
2.054404761e+01  1.5693182e-12  1.56932e-12  1.17641e-13  1.45168e-12
2.064676785e+01  1.4887492e-12  1.48875e-12  1.16728e-13  1.37202e-12
2.075000169e+01  1.4084723e-12  1.40847e-12  1.15821e-13  1.29265e-12
2.085375170e+01  1.3368811e-12  1.33688e-12  1.14897e-13  1.22198e-12
2.095802046e+01  1.2948370e-12  1.29484e-12  1.13898e-13  1.18094e-12
2.106281056e+01  1.2525182e-12  1.25252e-12  1.12908e-13  1.13961e-12
2.116812461e+01  1.2107654e-12  1.21077e-12  1.11925e-13  1.09884e-12
2.127396524e+01  1.1683354e-12  1.16834e-12  1.10953e-13  1.05738e-12
2.138033506e+01  1.1264817e-12  1.12648e-12  1.09989e-13  1.01649e-12
2.148723674e+01  1.0843802e-12  1.08438e-12  1.09033e-13  9.75347e-13
2.159467292e+01  1.0420389e-12  1.04204e-12  1.08086e-13  9.33953e-13
2.170264629e+01  9.9987703e-13  9.99877e-13  1.07148e-13  8.92729e-13
2.181115952e+01  9.5748952e-13  9.57490e-13  1.06218e-13  8.51271e-13
2.192021532e+01  9.1529315e-13  9.15293e-13  1.05296e-13  8.09997e-13
2.202981639e+01  8.7329258e-13  8.73293e-13  1.04382e-13  7.68910e-13
2.213996547e+01  8.3108605e-13  8.31086e-13  1.03477e-13  7.27609e-13
2.225066530e+01  7.9516434e-13  7.95164e-13  1.02564e-13  6.92601e-13
2.236191863e+01  7.7638642e-13  7.76386e-13  1.01615e-13  6.74772e-13
2.247372822e+01  7.5768790e-13  7.57688e-13  1.00675e-13  6.57013e-13
2.258609686e+01  7.3866911e-13  7.38669e-13  9.97438e-14  6.38925e-13
2.269902735e+01  7.2694249e-13  7.26942e-13  9.88035e-14  6.28139e-13
2.281252248e+01  7.1645630e-13  7.16456e-13  9.78689e-14  6.18587e-13
2.292658510e+01  7.0560892e-13  7.05609e-13  9.69439e-14  6.08665e-13
2.304121802e+01  6.9480178e-13  6.94802e-13  9.60276e-14  5.98774e-13
2.315642411e+01  6.8838470e-13  6.88385e-13  9.51092e-14  5.93275e-13
2.327220623e+01  6.8198164e-13  6.81982e-13  9.41995e-14  5.87782e-13
2.338856726e+01  6.7598595e-13  6.75986e-13  9.32973e-14  5.82689e-13
2.350551010e+01  6.6961140e-13  6.69611e-13  9.24047e-14  5.77207e-13
2.362303765e+01  6.6403291e-13  6.64033e-13  9.15185e-14  5.72514e-13
2.374115284e+01  6.6040947e-13  6.60409e-13  9.06362e-14  5.69773e-13
2.385985860e+01  6.5678417e-13  6.56784e-13  8.97622e-14  5.67022e-13
2.397915789e+01  6.5354343e-13  6.53543e-13  8.88957e-14  5.64648e-13
2.409905368e+01  6.4991403e-13  6.49914e-13  8.80382e-14  5.61876e-13
2.421954895e+01  6.4628374e-13  6.46284e-13  8.71890e-14  5.59095e-13
2.434064670e+01  6.4303490e-13  6.43035e-13  8.63469e-14  5.56688e-13
2.446234993e+01  6.3940244e-13  6.39402e-13  8.55137e-14  5.53889e-13
2.458466168e+01  6.3577007e-13  6.35770e-13  8.46885e-14  5.51082e-13
2.470758499e+01  6.3440483e-13  6.34405e-13  8.38660e-14  5.50539e-13
2.483112291e+01  6.3339963e-13  6.33400e-13  8.30506e-14  5.50349e-13
2.495527853e+01  6.3237542e-13  6.32375e-13  8.22429e-14  5.50133e-13
