# ------------------------------------------------------------------------
# Radiance spectrum
# NASA-GSFC Planetary Spectrum Generator (PSG) (Villanueva et al. 2018, 2022)
# Synthesized on Wed Feb 14 20:02:27 2024
# Doppler velocities [km/s] (vobs,vrot+vorb,vwidth,vrfl,vstr): 0.00000,-0.00000,0.00000,-119.41115,-0.00000
# Spectral unit: Wavelength [um]
# Radiance unit: Spectral irradiance [W/m2/um]
# Wave/freq Total Object Reflected Thermal
5.000000000e-01  6.7442006e-13  6.74420e-13  6.74420e-13  1.87521e-46
5.025000000e-01  6.9633598e-13  6.96336e-13  6.96336e-13  2.95205e-46
5.050125000e-01  7.0216553e-13  7.02166e-13  7.02166e-13  4.64725e-46
5.075375625e-01  7.5390800e-13  7.53908e-13  7.53908e-13  7.25132e-46
5.100752503e-01  8.0673648e-13  8.06736e-13  8.06736e-13  1.12875e-45
5.126256266e-01  8.6073193e-13  8.60732e-13  8.60732e-13  1.75283e-45
5.151887547e-01  9.1557863e-13  9.15579e-13  9.15579e-13  2.71560e-45
5.177646985e-01  9.6869144e-13  9.68691e-13  9.68691e-13  4.19893e-45
5.203535220e-01  1.0218643e-12  1.02186e-12  1.02186e-12  6.47815e-45
5.229552896e-01  1.0707205e-12  1.07072e-12  1.07072e-12  9.97869e-45
5.255700660e-01  1.1238964e-12  1.12390e-12  1.12390e-12  1.53279e-44
5.281979164e-01  1.1907585e-12  1.19076e-12  1.19076e-12  2.34488e-44
5.308389059e-01  1.2546126e-12  1.25461e-12  1.25461e-12  3.58099e-44
5.334931005e-01  1.3102466e-12  1.31025e-12  1.31025e-12  5.46320e-44
5.361605660e-01  1.3570767e-12  1.35708e-12  1.35708e-12  8.32700e-44
5.388413688e-01  1.3915698e-12  1.39157e-12  1.39157e-12  1.26864e-43
5.415355756e-01  1.4359790e-12  1.43598e-12  1.43598e-12  1.92603e-43
5.442432535e-01  1.4884249e-12  1.48842e-12  1.48842e-12  2.91464e-43
5.469644698e-01  1.5274646e-12  1.52746e-12  1.52746e-12  4.40945e-43
5.496992921e-01  1.5615083e-12  1.56151e-12  1.56151e-12  6.66130e-43
5.524477886e-01  1.6261585e-12  1.62616e-12  1.62616e-12  1.00004e-42
5.552100275e-01  1.6946299e-12  1.69463e-12  1.69463e-12  1.49743e-42
5.579860777e-01  1.7534556e-12  1.75346e-12  1.75346e-12  2.24048e-42
5.607760081e-01  1.8113225e-12  1.81132e-12  1.81132e-12  3.34577e-42
5.635798881e-01  1.8650320e-12  1.86503e-12  1.86503e-12  4.98886e-42
5.663977875e-01  1.9070882e-12  1.90709e-12  1.90709e-12  7.43525e-42
5.692297765e-01  1.9367489e-12  1.93675e-12  1.93675e-12  1.10769e-41
5.720759254e-01  1.9688087e-12  1.96881e-12  1.96881e-12  1.64631e-41
5.749363050e-01  2.0018784e-12  2.00188e-12  2.00188e-12  2.44151e-41
5.778109865e-01  2.0314529e-12  2.03145e-12  2.03145e-12  3.61512e-41
5.807000414e-01  2.0602584e-12  2.06026e-12  2.06026e-12  5.34256e-41
5.836035417e-01  2.0869085e-12  2.08691e-12  2.08691e-12  7.88173e-41
5.865215594e-01  2.1106675e-12  2.11067e-12  2.11067e-12  1.16087e-40
5.894541672e-01  2.1316709e-12  2.13167e-12  2.13167e-12  1.70697e-40
5.924014380e-01  2.1503584e-12  2.15036e-12  2.15036e-12  2.50569e-40
5.953634452e-01  2.1687822e-12  2.16878e-12  2.16878e-12  3.67095e-40
5.983402624e-01  2.1902542e-12  2.19025e-12  2.19025e-12  5.36534e-40
6.013319637e-01  2.2094657e-12  2.20947e-12  2.20947e-12  7.82860e-40
6.043386235e-01  2.2260675e-12  2.22607e-12  2.22607e-12  1.14041e-39
6.073603167e-01  2.2445166e-12  2.24452e-12  2.24452e-12  1.65761e-39
6.103971182e-01  2.2639173e-12  2.26392e-12  2.26392e-12  2.40441e-39
6.134491038e-01  2.2853197e-12  2.28532e-12  2.28532e-12  3.48005e-39
6.165163494e-01  2.3055269e-12  2.30553e-12  2.30553e-12  5.02792e-39
6.195989311e-01  2.3243067e-12  2.32431e-12  2.32431e-12  7.25162e-39
6.226969258e-01  2.3434236e-12  2.34342e-12  2.34342e-12  1.04384e-38
6.258104104e-01  2.3629872e-12  2.36299e-12  2.36299e-12  1.49963e-38
6.289394624e-01  2.3835347e-12  2.38353e-12  2.38353e-12  2.15011e-38
6.320841597e-01  2.4049722e-12  2.40497e-12  2.40497e-12  3.07661e-38
6.352445805e-01  2.4265584e-12  2.42656e-12  2.42656e-12  4.39404e-38
6.384208035e-01  2.4429998e-12  2.44300e-12  2.44300e-12  6.26778e-38
6.416129075e-01  2.4600804e-12  2.46008e-12  2.46008e-12  8.92326e-38
6.448209720e-01  2.4779176e-12  2.47792e-12  2.47792e-12  1.26792e-37
6.480450769e-01  2.4934529e-12  2.49345e-12  2.49345e-12  1.79878e-37
6.512853022e-01  2.5099556e-12  2.50996e-12  2.50996e-12  2.54695e-37
6.545417288e-01  2.5279913e-12  2.52799e-12  2.52799e-12  3.59908e-37
6.578144374e-01  2.5444695e-12  2.54447e-12  2.54447e-12  5.07757e-37
6.611035096e-01  2.5614881e-12  2.56149e-12  2.56149e-12  7.15004e-37
6.644090271e-01  2.5806213e-12  2.58062e-12  2.58062e-12  1.00479e-36
6.677310723e-01  2.6035817e-12  2.60358e-12  2.60358e-12  1.40888e-36
6.710697276e-01  2.6271389e-12  2.62714e-12  2.62714e-12  1.97184e-36
6.744250763e-01  2.6501636e-12  2.65016e-12  2.65016e-12  2.75504e-36
6.777972017e-01  2.6708251e-12  2.67083e-12  2.67083e-12  3.84362e-36
6.811861877e-01  2.6913790e-12  2.69138e-12  2.69138e-12  5.35300e-36
6.845921186e-01  2.7126248e-12  2.71262e-12  2.71262e-12  7.44155e-36
6.880150792e-01  2.7323811e-12  2.73238e-12  2.73238e-12  1.03288e-35
6.914551546e-01  2.7495902e-12  2.74959e-12  2.74959e-12  1.43157e-35
6.949124304e-01  2.7637603e-12  2.76376e-12  2.76376e-12  1.98143e-35
6.983869925e-01  2.7791626e-12  2.77916e-12  2.77916e-12  2.73741e-35
7.018789275e-01  2.7947590e-12  2.79476e-12  2.79476e-12  3.77530e-35
7.053883221e-01  2.8101995e-12  2.81020e-12  2.81020e-12  5.19798e-35
7.089152637e-01  2.8227813e-12  2.82278e-12  2.82278e-12  7.14701e-35
7.124598400e-01  2.8323596e-12  2.83236e-12  2.83236e-12  9.81363e-35
7.160221392e-01  2.8381990e-12  2.83820e-12  2.83820e-12  1.34583e-34
7.196022499e-01  2.8382537e-12  2.83825e-12  2.83825e-12  1.84375e-34
7.232002612e-01  2.8388925e-12  2.83889e-12  2.83889e-12  2.52154e-34
7.268162625e-01  2.8289243e-12  2.82892e-12  2.82892e-12  3.44681e-34
7.304503438e-01  2.8080285e-12  2.80803e-12  2.80803e-12  4.70943e-34
7.341025955e-01  2.7861865e-12  2.78619e-12  2.78619e-12  6.42458e-34
7.377731085e-01  2.7404662e-12  2.74047e-12  2.74047e-12  8.77251e-34
7.414619740e-01  2.6820160e-12  2.68202e-12  2.68202e-12  1.19748e-33
7.451692839e-01  2.6163094e-12  2.61631e-12  2.61631e-12  1.63309e-33
7.488951303e-01  2.5551643e-12  2.55516e-12  2.55516e-12  2.22233e-33
7.526396060e-01  2.4745129e-12  2.47451e-12  2.47451e-12  3.02526e-33
7.564028040e-01  2.3822633e-12  2.38226e-12  2.38226e-12  4.11618e-33
7.601848180e-01  2.2853018e-12  2.28530e-12  2.28530e-12  5.59356e-33
7.639857421e-01  2.2048412e-12  2.20484e-12  2.20484e-12  7.57568e-33
7.678056708e-01  2.0861470e-12  2.08615e-12  2.08615e-12  1.02820e-32
7.716446992e-01  1.9685619e-12  1.96856e-12  1.96856e-12  1.39292e-32
7.755029227e-01  1.8694084e-12  1.86941e-12  1.86941e-12  1.88045e-32
7.793804373e-01  1.7585956e-12  1.75860e-12  1.75860e-12  2.53721e-32
7.832773395e-01  1.6523286e-12  1.65233e-12  1.65233e-12  3.41617e-32
7.871937262e-01  1.5504080e-12  1.55041e-12  1.55041e-12  4.59018e-32
7.911296948e-01  1.4531244e-12  1.45312e-12  1.45312e-12  6.15499e-32
7.950853433e-01  1.3600267e-12  1.36003e-12  1.36003e-12  8.23687e-32
7.990607700e-01  1.2535846e-12  1.25358e-12  1.25358e-12  1.10187e-31
8.030560739e-01  1.1760122e-12  1.17601e-12  1.17601e-12  1.46786e-31
8.070713542e-01  1.1098244e-12  1.10982e-12  1.10982e-12  1.95044e-31
8.111067110e-01  1.0473782e-12  1.04738e-12  1.04738e-12  2.58690e-31
8.151622446e-01  9.8894879e-13  9.88949e-13  9.88949e-13  3.42471e-31
8.192380558e-01  9.3505938e-13  9.35059e-13  9.35059e-13  4.52532e-31
8.233342461e-01  8.8299532e-13  8.82995e-13  8.82995e-13  5.96989e-31
8.274509173e-01  8.3950384e-13  8.39504e-13  8.39504e-13  7.85827e-31
8.315881719e-01  7.9850378e-13  7.98504e-13  7.98504e-13  1.03268e-30
8.357461127e-01  7.5451693e-13  7.54517e-13  7.54517e-13  1.35548e-30
8.399248433e-01  7.2053763e-13  7.20538e-13  7.20538e-13  1.77511e-30
8.441244675e-01  6.9396797e-13  6.93968e-13  6.93968e-13  2.31991e-30
8.483450899e-01  6.7120003e-13  6.71200e-13  6.71200e-13  3.02669e-30
8.525868153e-01  6.4686454e-13  6.46865e-13  6.46865e-13  3.94379e-30
8.568497494e-01  6.2346772e-13  6.23468e-13  6.23468e-13  5.13123e-30
8.611339981e-01  6.0564833e-13  6.05648e-13  6.05648e-13  6.66386e-30
8.654396681e-01  5.9416718e-13  5.94167e-13  5.94167e-13  8.63780e-30
8.697668665e-01  5.8251779e-13  5.82518e-13  5.82518e-13  1.11813e-29
8.741157008e-01  5.6970016e-13  5.69700e-13  5.69700e-13  1.44556e-29
8.784862793e-01  5.5784653e-13  5.57847e-13  5.57847e-13  1.86620e-29
8.828787107e-01  5.4896449e-13  5.48964e-13  5.48964e-13  2.40540e-29
8.872931042e-01  5.3992359e-13  5.39924e-13  5.39924e-13  3.09630e-29
8.917295698e-01  5.3085100e-13  5.30851e-13  5.30851e-13  3.98035e-29
8.961882176e-01  5.2462977e-13  5.24630e-13  5.24630e-13  5.10884e-29
9.006691587e-01  5.1938125e-13  5.19381e-13  5.19381e-13  6.54811e-29
9.051725045e-01  5.1848653e-13  5.18487e-13  5.18487e-13  8.37883e-29
9.096983670e-01  5.2131652e-13  5.21317e-13  5.21317e-13  1.07041e-28
9.142468589e-01  5.1848337e-13  5.18483e-13  5.18483e-13  1.36634e-28
9.188180931e-01  5.1662261e-13  5.16623e-13  5.16623e-13  1.74169e-28
9.234121836e-01  5.2010827e-13  5.20108e-13  5.20108e-13  2.21632e-28
9.280292445e-01  5.1931247e-13  5.19312e-13  5.19312e-13  2.81770e-28
9.326693908e-01  5.1698941e-13  5.16989e-13  5.16989e-13  3.57817e-28
9.373327377e-01  5.1626153e-13  5.16262e-13  5.16262e-13  4.53752e-28
9.420194014e-01  5.1837249e-13  5.18372e-13  5.18372e-13  5.74549e-28
9.467294984e-01  5.1995237e-13  5.19952e-13  5.19952e-13  7.26627e-28
9.514631459e-01  5.1851304e-13  5.18513e-13  5.18513e-13  9.18045e-28
9.562204616e-01  5.2363750e-13  5.23637e-13  5.23637e-13  1.15781e-27
9.610015639e-01  5.2561717e-13  5.25617e-13  5.25617e-13  1.45879e-27
9.658065718e-01  5.3513379e-13  5.35134e-13  5.35134e-13  1.83458e-27
9.706356046e-01  5.4621229e-13  5.46212e-13  5.46212e-13  2.30406e-27
9.754887826e-01  5.5649311e-13  5.56493e-13  5.56493e-13  2.89034e-27
9.803662265e-01  5.7104835e-13  5.71048e-13  5.71048e-13  3.62011e-27
9.852680577e-01  5.7577802e-13  5.75778e-13  5.75778e-13  4.53244e-27
9.901943980e-01  5.8675613e-13  5.86756e-13  5.86756e-13  5.66487e-27
9.951453700e-01  6.1442935e-13  6.14429e-13  6.14429e-13  7.06172e-27
1.000121097e+00  6.3092033e-13  6.30920e-13  6.30920e-13  8.80090e-27
1.005121702e+00  6.5261307e-13  6.52613e-13  6.52613e-13  1.09505e-26
1.010147311e+00  6.7911354e-13  6.79114e-13  6.79114e-13  1.36034e-26
1.015198047e+00  7.1235566e-13  7.12356e-13  7.12356e-13  1.68691e-26
1.020274038e+00  7.5939538e-13  7.59395e-13  7.59395e-13  2.08691e-26
1.025375408e+00  8.0367771e-13  8.03678e-13  8.03678e-13  2.57931e-26
1.030502285e+00  8.4228422e-13  8.42284e-13  8.42284e-13  3.18572e-26
1.035654796e+00  8.9470367e-13  8.94704e-13  8.94704e-13  3.92528e-26
1.040833070e+00  9.5101837e-13  9.51018e-13  9.51018e-13  4.82915e-26
1.046037236e+00  1.0130166e-12  1.01302e-12  1.01302e-12  5.93111e-26
1.051267422e+00  1.0805361e-12  1.08054e-12  1.08054e-12  7.27226e-26
1.056523759e+00  1.1570365e-12  1.15704e-12  1.15704e-12  8.89875e-26
1.061806378e+00  1.2404046e-12  1.24040e-12  1.24040e-12  1.08691e-25
1.067115410e+00  1.3180789e-12  1.31808e-12  1.31808e-12  1.32666e-25
1.072450987e+00  1.3980028e-12  1.39800e-12  1.39800e-12  1.61703e-25
1.077813242e+00  1.4788323e-12  1.47883e-12  1.47883e-12  1.96842e-25
1.083202308e+00  1.5659260e-12  1.56593e-12  1.56593e-12  2.39185e-25
1.088618319e+00  1.6492145e-12  1.64921e-12  1.64921e-12  2.90395e-25
1.094061411e+00  1.7307324e-12  1.73073e-12  1.73073e-12  3.52207e-25
1.099531718e+00  1.8039521e-12  1.80395e-12  1.80395e-12  4.27019e-25
1.105029377e+00  1.8785096e-12  1.87851e-12  1.87851e-12  5.17045e-25
1.110554523e+00  1.9626511e-12  1.96265e-12  1.96265e-12  6.24708e-25
1.116107296e+00  2.0310822e-12  2.03108e-12  2.03108e-12  7.55105e-25
1.121687832e+00  2.1023581e-12  2.10236e-12  2.10236e-12  9.11397e-25
1.127296272e+00  2.1569887e-12  2.15699e-12  2.15699e-12  1.10068e-24
1.132932753e+00  2.2035105e-12  2.20351e-12  2.20351e-12  1.32891e-24
1.138597417e+00  2.2475760e-12  2.24758e-12  2.24758e-12  1.60310e-24
1.144290404e+00  2.2910583e-12  2.29106e-12  2.29106e-12  1.93187e-24
1.150011856e+00  2.3428847e-12  2.34288e-12  2.34288e-12  2.32342e-24
1.155761915e+00  2.3687479e-12  2.36875e-12  2.36875e-12  2.79914e-24
1.161540725e+00  2.3998801e-12  2.39988e-12  2.39988e-12  3.36674e-24
1.167348428e+00  2.4282978e-12  2.42830e-12  2.42830e-12  4.04635e-24
1.173185171e+00  2.4543636e-12  2.45436e-12  2.45436e-12  4.85928e-24
1.179051096e+00  2.4927256e-12  2.49273e-12  2.49273e-12  5.82141e-24
1.184946352e+00  2.5097617e-12  2.50976e-12  2.50976e-12  6.98337e-24
1.190871084e+00  2.5182722e-12  2.51827e-12  2.51827e-12  8.37674e-24
1.196825439e+00  2.5313597e-12  2.53136e-12  2.53136e-12  1.00327e-23
1.202809566e+00  2.5459308e-12  2.54593e-12  2.54593e-12  1.20019e-23
1.208823614e+00  2.5614061e-12  2.56141e-12  2.56141e-12  1.43416e-23
1.214867732e+00  2.5728373e-12  2.57284e-12  2.57284e-12  1.71281e-23
1.220942071e+00  2.5870833e-12  2.58708e-12  2.58708e-12  2.04289e-23
1.227046781e+00  2.5997666e-12  2.59977e-12  2.59977e-12  2.43460e-23
1.233182015e+00  2.6105671e-12  2.61057e-12  2.61057e-12  2.89918e-23
1.239347925e+00  2.6244839e-12  2.62448e-12  2.62448e-12  3.44775e-23
1.245544665e+00  2.6390555e-12  2.63906e-12  2.63906e-12  4.09577e-23
1.251772388e+00  2.6528428e-12  2.65284e-12  2.65284e-12  4.86127e-23
1.258031250e+00  2.6628923e-12  2.66289e-12  2.66289e-12  5.76681e-23
1.264321406e+00  2.6762300e-12  2.67623e-12  2.67623e-12  6.83170e-23
1.270643013e+00  2.6874866e-12  2.68749e-12  2.68749e-12  8.08746e-23
1.276996228e+00  2.6906104e-12  2.69061e-12  2.69061e-12  9.57441e-23
1.283381209e+00  2.6946542e-12  2.69465e-12  2.69465e-12  1.13228e-22
1.289798116e+00  2.6985304e-12  2.69853e-12  2.69853e-12  1.33781e-22
1.296247106e+00  2.6959130e-12  2.69591e-12  2.69591e-12  1.58045e-22
1.302728342e+00  2.6958475e-12  2.69585e-12  2.69585e-12  1.86477e-22
1.309241983e+00  2.6942605e-12  2.69426e-12  2.69426e-12  2.19864e-22
1.315788193e+00  2.6907449e-12  2.69074e-12  2.69074e-12  2.59054e-22
1.322367134e+00  2.6864841e-12  2.68648e-12  2.68648e-12  3.04981e-22
1.328978970e+00  2.6771738e-12  2.67717e-12  2.67717e-12  3.58957e-22
1.335623865e+00  2.6640260e-12  2.66403e-12  2.66403e-12  4.22315e-22
1.342301984e+00  2.6427038e-12  2.64270e-12  2.64270e-12  4.96937e-22
1.349013494e+00  2.6231819e-12  2.62318e-12  2.62318e-12  5.84098e-22
1.355758561e+00  2.6006788e-12  2.60068e-12  2.60068e-12  6.86213e-22
1.362537354e+00  2.5799762e-12  2.57998e-12  2.57998e-12  8.05296e-22
1.369350041e+00  2.5542775e-12  2.55428e-12  2.55428e-12  9.44843e-22
1.376196791e+00  2.5253858e-12  2.52539e-12  2.52539e-12  1.10809e-21
1.383077775e+00  2.4939553e-12  2.49396e-12  2.49396e-12  1.29886e-21
1.389993164e+00  2.4555602e-12  2.45556e-12  2.45556e-12  1.52258e-21
1.396943130e+00  2.4102934e-12  2.41029e-12  2.41029e-12  1.78494e-21
1.403927846e+00  2.3716203e-12  2.37162e-12  2.37162e-12  2.08898e-21
1.410947485e+00  2.3301520e-12  2.33015e-12  2.33015e-12  2.44368e-21
1.418002222e+00  2.2836378e-12  2.28364e-12  2.28364e-12  2.85815e-21
1.425092233e+00  2.2292723e-12  2.22927e-12  2.22927e-12  3.34359e-21
1.432217694e+00  2.1669684e-12  2.16697e-12  2.16697e-12  3.91234e-21
1.439378783e+00  2.1107080e-12  2.11071e-12  2.11071e-12  4.57054e-21
1.446575677e+00  2.0460255e-12  2.04603e-12  2.04603e-12  5.34099e-21
1.453808555e+00  1.9953645e-12  1.99536e-12  1.99536e-12  6.22504e-21
1.461077598e+00  1.9363234e-12  1.93632e-12  1.93632e-12  7.25749e-21
1.468382986e+00  1.8811946e-12  1.88119e-12  1.88119e-12  8.45025e-21
1.475724901e+00  1.8080126e-12  1.80801e-12  1.80801e-12  9.85410e-21
1.483103525e+00  1.7563671e-12  1.75637e-12  1.75637e-12  1.14505e-20
1.490519043e+00  1.6918690e-12  1.69187e-12  1.69187e-12  1.33171e-20
1.497971638e+00  1.6359422e-12  1.63594e-12  1.63594e-12  1.54590e-20
1.505461496e+00  1.5713972e-12  1.57140e-12  1.57140e-12  1.79514e-20
1.512988804e+00  1.5187420e-12  1.51874e-12  1.51874e-12  2.07982e-20
1.520553748e+00  1.4513690e-12  1.45137e-12  1.45137e-12  2.41232e-20
1.528156517e+00  1.4005609e-12  1.40056e-12  1.40056e-12  2.79000e-20
1.535797299e+00  1.3395255e-12  1.33953e-12  1.33953e-12  3.22856e-20
1.543476286e+00  1.2947596e-12  1.29476e-12  1.29476e-12  3.72562e-20
1.551193667e+00  1.2250685e-12  1.22507e-12  1.22507e-12  4.30954e-20
1.558949636e+00  1.1841744e-12  1.18417e-12  1.18417e-12  4.96327e-20
1.566744384e+00  1.1316439e-12  1.13164e-12  1.13164e-12  5.72036e-20
1.574578106e+00  1.0876102e-12  1.08761e-12  1.08761e-12  6.58109e-20
1.582450996e+00  1.0358740e-12  1.03587e-12  1.03587e-12  7.57321e-20
1.590363251e+00  9.9559533e-13  9.95595e-13  9.95595e-13  8.69608e-20
1.598315067e+00  9.5993833e-13  9.59938e-13  9.59938e-13  9.97249e-20
1.606306643e+00  9.1415378e-13  9.14154e-13  9.14154e-13  1.14427e-19
1.614338176e+00  8.8295705e-13  8.82957e-13  8.82957e-13  1.30963e-19
1.622409867e+00  8.4240276e-13  8.42403e-13  8.42403e-13  1.49960e-19
1.630521916e+00  8.1276051e-13  8.12761e-13  8.12760e-13  1.71356e-19
1.638674526e+00  7.8060971e-13  7.80610e-13  7.80610e-13  1.95729e-19
1.646867898e+00  7.4651161e-13  7.46512e-13  7.46511e-13  2.23470e-19
1.655102238e+00  7.1753168e-13  7.17532e-13  7.17531e-13  2.54802e-19
1.663377749e+00  6.9214405e-13  6.92144e-13  6.92144e-13  2.90193e-19
1.671694638e+00  6.6011783e-13  6.60118e-13  6.60117e-13  3.30553e-19
1.680053111e+00  6.3902639e-13  6.39026e-13  6.39026e-13  3.75746e-19
1.688453377e+00  6.1854531e-13  6.18545e-13  6.18545e-13  4.26792e-19
1.696895643e+00  5.9491269e-13  5.94913e-13  5.94912e-13  4.84641e-19
1.705380122e+00  5.7830859e-13  5.78309e-13  5.78308e-13  5.49462e-19
1.713907022e+00  5.6226566e-13  5.62266e-13  5.62265e-13  6.22487e-19
1.722476557e+00  5.3988195e-13  5.39882e-13  5.39881e-13  7.05328e-19
1.731088940e+00  5.2179565e-13  5.21796e-13  5.21795e-13  7.98217e-19
1.739744385e+00  5.1069881e-13  5.10699e-13  5.10698e-13  9.01911e-19
1.748443107e+00  4.9864683e-13  4.98647e-13  4.98646e-13  1.01853e-18
1.757185322e+00  4.8413224e-13  4.84132e-13  4.84131e-13  1.14984e-18
1.765971249e+00  4.6919400e-13  4.69194e-13  4.69193e-13  1.29730e-18
1.774801105e+00  4.6003246e-13  4.60032e-13  4.60031e-13  1.46159e-18
1.783675111e+00  4.5071147e-13  4.50711e-13  4.50710e-13  1.64565e-18
1.792593486e+00  4.3817482e-13  4.38175e-13  4.38173e-13  1.85249e-18
1.801556454e+00  4.2583403e-13  4.25834e-13  4.25832e-13  2.08393e-18
1.810564236e+00  4.1624751e-13  4.16248e-13  4.16245e-13  2.34191e-18
1.819617057e+00  4.1029494e-13  4.10295e-13  4.10292e-13  2.62883e-18
1.828715142e+00  4.0515420e-13  4.05154e-13  4.05151e-13  2.94869e-18
1.837858718e+00  3.9562844e-13  3.95628e-13  3.95625e-13  3.30735e-18
1.847048012e+00  3.8611491e-13  3.86115e-13  3.86111e-13  3.70731e-18
1.856283252e+00  3.7887500e-13  3.78875e-13  3.78871e-13  4.15170e-18
1.865564668e+00  3.7461887e-13  3.74619e-13  3.74614e-13  4.64452e-18
1.874892491e+00  3.7262458e-13  3.72625e-13  3.72619e-13  5.19091e-18
1.884266954e+00  3.7011411e-13  3.70114e-13  3.70108e-13  5.79837e-18
1.893688289e+00  3.6864175e-13  3.68642e-13  3.68635e-13  6.47191e-18
1.903156730e+00  3.6475226e-13  3.64752e-13  3.64745e-13  7.22171e-18
1.912672514e+00  3.5885277e-13  3.58853e-13  3.58845e-13  8.05577e-18
1.922235876e+00  3.5235286e-13  3.52353e-13  3.52344e-13  8.98148e-18
1.931847056e+00  3.4756219e-13  3.47562e-13  3.47552e-13  1.00050e-17
1.941506291e+00  3.4644898e-13  3.46449e-13  3.46438e-13  1.11324e-17
1.951213822e+00  3.4554165e-13  3.45542e-13  3.45529e-13  1.23790e-17
1.960969892e+00  3.4688101e-13  3.46881e-13  3.46867e-13  1.37522e-17
1.970774741e+00  3.4804330e-13  3.48043e-13  3.48028e-13  1.52688e-17
1.980628615e+00  3.4951887e-13  3.49519e-13  3.49502e-13  1.69418e-17
1.990531758e+00  3.5081709e-13  3.50817e-13  3.50798e-13  1.87872e-17
2.000484417e+00  3.5366022e-13  3.53660e-13  3.53639e-13  2.08163e-17
2.010486839e+00  3.5624198e-13  3.56242e-13  3.56219e-13  2.30517e-17
2.020539273e+00  3.5734408e-13  3.57344e-13  3.57319e-13  2.55178e-17
2.030641969e+00  3.6003088e-13  3.60031e-13  3.60003e-13  2.82242e-17
2.040795179e+00  3.6628410e-13  3.66284e-13  3.66253e-13  3.11816e-17
2.050999155e+00  3.7263669e-13  3.72637e-13  3.72602e-13  3.44279e-17
2.061254151e+00  3.7703264e-13  3.77033e-13  3.76995e-13  3.80016e-17
2.071560421e+00  3.8069234e-13  3.80692e-13  3.80650e-13  4.19267e-17
2.081918224e+00  3.8493652e-13  3.84937e-13  3.84890e-13  4.62260e-17
2.092327815e+00  3.9436533e-13  3.94365e-13  3.94314e-13  5.08934e-17
2.102789454e+00  4.0397264e-13  4.03973e-13  4.03917e-13  5.59973e-17
2.113303401e+00  4.1362484e-13  4.13625e-13  4.13563e-13  6.15764e-17
2.123869918e+00  4.2077060e-13  4.20771e-13  4.20703e-13  6.77001e-17
2.134489268e+00  4.3197664e-13  4.31977e-13  4.31902e-13  7.43387e-17
2.145161714e+00  4.4678492e-13  4.46785e-13  4.46703e-13  8.15302e-17
2.155887523e+00  4.6299845e-13  4.62998e-13  4.62909e-13  8.93425e-17
2.166666960e+00  4.7568322e-13  4.75683e-13  4.75585e-13  9.79049e-17
2.177500295e+00  4.8724866e-13  4.87249e-13  4.87141e-13  1.07246e-16
2.188387796e+00  5.0102216e-13  5.01022e-13  5.00905e-13  1.17365e-16
2.199329735e+00  5.1768790e-13  5.17688e-13  5.17560e-13  1.28297e-16
2.210326384e+00  5.3603711e-13  5.36037e-13  5.35897e-13  1.40120e-16
2.221378016e+00  5.6125712e-13  5.61257e-13  5.61104e-13  1.52749e-16
2.232484906e+00  5.7656519e-13  5.76565e-13  5.76398e-13  1.66719e-16
2.243647331e+00  5.9264214e-13  5.92642e-13  5.92460e-13  1.81834e-16
2.254865567e+00  6.1382454e-13  6.13825e-13  6.13627e-13  1.98011e-16
2.266139895e+00  6.3731723e-13  6.37317e-13  6.37102e-13  2.15401e-16
2.277470595e+00  6.5499835e-13  6.54998e-13  6.54764e-13  2.34438e-16
2.288857948e+00  6.7038358e-13  6.70384e-13  6.70128e-13  2.55122e-16
2.300302237e+00  6.9308203e-13  6.93082e-13  6.92805e-13  2.77069e-16
2.311803748e+00  7.2271401e-13  7.22714e-13  7.22414e-13  3.00300e-16
2.323362767e+00  7.4664559e-13  7.46646e-13  7.46320e-13  3.25647e-16
2.334979581e+00  7.7250761e-13  7.72508e-13  7.72155e-13  3.52774e-16
2.346654479e+00  7.9640982e-13  7.96410e-13  7.96028e-13  3.82078e-16
2.358387751e+00  8.1157883e-13  8.11579e-13  8.11165e-13  4.14326e-16
2.370179690e+00  8.3737545e-13  8.37375e-13  8.36927e-13  4.48016e-16
2.382030589e+00  8.6129305e-13  8.61293e-13  8.60809e-13  4.84339e-16
2.393940742e+00  8.8081720e-13  8.80817e-13  8.80293e-13  5.23789e-16
2.405910445e+00  9.0432571e-13  9.04326e-13  9.03760e-13  5.65613e-16
2.417939997e+00  9.2841653e-13  9.28417e-13  9.27806e-13  6.10317e-16
2.430029697e+00  9.5047109e-13  9.50471e-13  9.49813e-13  6.58452e-16
2.442179846e+00  9.7216145e-13  9.72161e-13  9.71451e-13  7.10009e-16
2.454390745e+00  9.8961659e-13  9.89617e-13  9.88851e-13  7.65899e-16
2.466662699e+00  1.0040649e-12  1.00406e-12  1.00324e-12  8.26299e-16
2.478996012e+00  1.0213475e-12  1.02135e-12  1.02046e-12  8.90347e-16
2.491390992e+00  1.0365833e-12  1.03658e-12  1.03562e-12  9.59280e-16
2.503847947e+00  1.0441633e-12  1.04416e-12  1.04313e-12  1.03492e-15
2.516367187e+00  1.0523320e-12  1.05233e-12  1.05122e-12  1.11577e-15
2.528949023e+00  1.0597206e-12  1.05972e-12  1.05852e-12  1.20254e-15
2.541593768e+00  1.0658957e-12  1.06590e-12  1.06460e-12  1.29578e-15
2.554301737e+00  1.0707827e-12  1.07078e-12  1.06939e-12  1.39600e-15
2.567073246e+00  1.0743100e-12  1.07431e-12  1.07281e-12  1.50374e-15
2.579908612e+00  1.0758720e-12  1.07587e-12  1.07425e-12  1.61984e-15
2.592808155e+00  1.0763817e-12  1.07638e-12  1.07464e-12  1.74453e-15
2.605772196e+00  1.0747085e-12  1.07471e-12  1.07283e-12  1.87903e-15
2.618801057e+00  1.0708998e-12  1.07090e-12  1.06888e-12  2.02413e-15
2.631895062e+00  1.0668020e-12  1.06680e-12  1.06462e-12  2.17961e-15
2.645054537e+00  1.0600250e-12  1.06003e-12  1.05768e-12  2.34772e-15
2.658279810e+00  1.0536153e-12  1.05362e-12  1.05109e-12  2.52743e-15
2.671571209e+00  1.0434436e-12  1.04344e-12  1.04072e-12  2.72258e-15
2.684929065e+00  1.0295025e-12  1.02950e-12  1.02657e-12  2.93468e-15
2.698353710e+00  1.0121519e-12  1.01215e-12  1.00899e-12  3.16506e-15
2.711845479e+00  9.8929595e-13  9.89296e-13  9.85878e-13  3.41752e-15
2.725404706e+00  9.5827286e-13  9.58273e-13  9.54576e-13  3.69727e-15
2.739031730e+00  9.1592223e-13  9.15922e-13  9.11911e-13  4.01125e-15
2.752726889e+00  8.6250473e-13  8.62505e-13  8.58141e-13  4.36383e-15
2.766490523e+00  8.0122516e-13  8.01225e-13  7.96469e-13  4.75592e-15
2.780322976e+00  7.4039200e-13  7.40392e-13  7.35212e-13  5.18043e-15
2.794224591e+00  6.8837159e-13  6.88372e-13  6.82745e-13  5.62693e-15
2.808195713e+00  6.4025118e-13  6.40251e-13  6.34148e-13  6.10309e-15
2.822236692e+00  5.9907124e-13  5.99071e-13  5.92467e-13  6.60465e-15
2.836347875e+00  5.6265469e-13  5.62655e-13  5.55519e-13  7.13568e-15
2.850529615e+00  5.2939191e-13  5.29392e-13  5.21692e-13  7.70016e-15
2.864782263e+00  5.0072315e-13  5.00723e-13  4.92427e-13  8.29611e-15
2.879106174e+00  4.8073339e-13  4.80733e-13  4.71819e-13  8.91407e-15
2.893501705e+00  4.6734327e-13  4.67343e-13  4.57786e-13  9.55748e-15
2.907969214e+00  4.5535480e-13  4.55355e-13  4.45115e-13  1.02398e-14
2.922509060e+00  4.4437774e-13  4.44378e-13  4.33414e-13  1.09638e-14
2.937121605e+00  4.3459519e-13  4.34595e-13  4.22864e-13  1.17309e-14
2.951807213e+00  4.2646297e-13  4.26463e-13  4.13922e-13  1.25415e-14
2.966566249e+00  4.1982978e-13  4.19830e-13  4.06432e-13  1.33976e-14
2.981399080e+00  4.1474436e-13  4.14744e-13  4.00444e-13  1.43007e-14
2.996306076e+00  4.1086459e-13  4.10865e-13  3.95611e-13  1.52539e-14
3.011287606e+00  4.0785853e-13  4.07859e-13  3.91598e-13  1.62606e-14
3.026344044e+00  4.0437123e-13  4.04371e-13  3.87041e-13  1.73299e-14
3.041475764e+00  4.0117857e-13  4.01179e-13  3.82717e-13  1.84613e-14
3.056683143e+00  3.9794008e-13  3.97940e-13  3.78280e-13  1.96598e-14
3.071966559e+00  3.9522284e-13  3.95223e-13  3.74297e-13  2.09255e-14
3.087326392e+00  3.9294607e-13  3.92946e-13  3.70684e-13  2.22619e-14
3.102763024e+00  3.9158279e-13  3.91583e-13  3.67914e-13  2.36688e-14
3.118276839e+00  3.9115322e-13  3.91153e-13  3.66005e-13  2.51487e-14
3.133868223e+00  3.9203812e-13  3.92038e-13  3.65337e-13  2.67010e-14
3.149537564e+00  3.9406761e-13  3.94068e-13  3.65739e-13  2.83289e-14
3.165285252e+00  3.9753901e-13  3.97539e-13  3.67507e-13  3.00318e-14
3.181111678e+00  4.0182269e-13  4.01823e-13  3.70005e-13  3.18173e-14
3.197017237e+00  4.0707850e-13  4.07078e-13  3.73392e-13  3.36862e-14
3.213002323e+00  4.1231690e-13  4.12317e-13  3.76665e-13  3.56521e-14
3.229067334e+00  4.1713153e-13  4.17132e-13  3.79407e-13  3.77242e-14
3.245212671e+00  4.2167539e-13  4.21675e-13  3.81769e-13  3.99061e-14
3.261438734e+00  4.2602931e-13  4.26029e-13  3.83827e-13  4.22021e-14
3.277745928e+00  4.3053965e-13  4.30540e-13  3.85927e-13  4.46125e-14
3.294134658e+00  4.3487759e-13  4.34878e-13  3.87730e-13  4.71471e-14
3.310605331e+00  4.3918661e-13  4.39187e-13  3.89377e-13  4.98096e-14
3.327158358e+00  4.4363820e-13  4.43638e-13  3.91036e-13  5.26023e-14
3.343794149e+00  4.4762310e-13  4.47623e-13  3.92081e-13  5.55426e-14
3.360513120e+00  4.5097058e-13  4.50971e-13  3.92329e-13  5.86417e-14
3.377315686e+00  4.5386593e-13  4.53866e-13  3.91961e-13  6.19047e-14
3.394202264e+00  4.5642589e-13  4.56426e-13  3.91088e-13  6.53376e-14
3.411173276e+00  4.5820388e-13  4.58204e-13  3.89243e-13  6.89605e-14
3.428229142e+00  4.6025045e-13  4.60250e-13  3.87494e-13  7.27566e-14
3.445370288e+00  4.6275331e-13  4.62753e-13  3.86026e-13  7.67275e-14
3.462597139e+00  4.6483543e-13  4.64835e-13  3.83930e-13  8.09058e-14
3.479910125e+00  4.6631285e-13  4.66313e-13  3.81004e-13  8.53090e-14
3.497309675e+00  4.6775094e-13  4.67751e-13  3.77820e-13  8.99306e-14
3.514796224e+00  4.7025111e-13  4.70251e-13  3.75511e-13  9.47404e-14
3.532370205e+00  4.7336122e-13  4.73361e-13  3.73602e-13  9.97592e-14
3.550032056e+00  4.7641746e-13  4.76417e-13  3.71397e-13  1.05021e-13
3.567782216e+00  4.7952302e-13  4.79523e-13  3.68991e-13  1.10532e-13
3.585621127e+00  4.8252468e-13  4.82525e-13  3.66213e-13  1.16312e-13
3.603549233e+00  4.8563844e-13  4.85638e-13  3.63277e-13  1.22361e-13
3.621566979e+00  4.8898955e-13  4.88990e-13  3.60303e-13  1.28687e-13
3.639674814e+00  4.9226346e-13  4.92263e-13  3.56947e-13  1.35317e-13
3.657873188e+00  4.9572548e-13  4.95725e-13  3.53475e-13  1.42250e-13
3.676162554e+00  4.9968326e-13  4.99683e-13  3.50202e-13  1.49481e-13
3.694543367e+00  5.0374811e-13  5.03748e-13  3.46703e-13  1.57045e-13
3.713016084e+00  5.0796572e-13  5.07966e-13  3.43011e-13  1.64954e-13
3.731581164e+00  5.1250902e-13  5.12509e-13  3.39298e-13  1.73211e-13
3.750239070e+00  5.1729057e-13  5.17291e-13  3.35455e-13  1.81836e-13
3.768990265e+00  5.2235337e-13  5.22353e-13  3.31513e-13  1.90841e-13
3.787835216e+00  5.2764088e-13  5.27641e-13  3.27393e-13  2.00248e-13
3.806774393e+00  5.3331986e-13  5.33320e-13  3.23262e-13  2.10058e-13
3.825808265e+00  5.3952556e-13  5.39526e-13  3.19253e-13  2.20272e-13
3.844937306e+00  5.4607928e-13  5.46079e-13  3.15154e-13  2.30926e-13
3.864161992e+00  5.5299999e-13  5.53000e-13  3.10966e-13  2.42034e-13
3.883482802e+00  5.6035308e-13  5.60353e-13  3.06745e-13  2.53608e-13
3.902900216e+00  5.6806576e-13  5.68066e-13  3.02391e-13  2.65675e-13
3.922414717e+00  5.7638325e-13  5.76383e-13  2.98160e-13  2.78224e-13
3.942026791e+00  5.8529586e-13  5.85296e-13  2.94026e-13  2.91270e-13
3.961736925e+00  5.9460146e-13  5.94601e-13  2.89736e-13  3.04865e-13
3.981545610e+00  6.0434598e-13  6.04346e-13  2.85321e-13  3.19025e-13
4.001453338e+00  6.1480375e-13  6.14804e-13  2.81080e-13  3.33724e-13
4.021460604e+00  6.2580186e-13  6.25802e-13  2.76788e-13  3.49014e-13
4.041567907e+00  6.3748259e-13  6.37483e-13  2.72594e-13  3.64888e-13
4.061775747e+00  6.4984155e-13  6.49842e-13  2.68472e-13  3.81369e-13
4.082084626e+00  6.6291479e-13  6.62915e-13  2.64445e-13  3.98470e-13
4.102495049e+00  6.7669926e-13  6.76699e-13  2.60487e-13  4.16212e-13
4.123007524e+00  6.9106400e-13  6.91064e-13  2.56410e-13  4.34654e-13
4.143622562e+00  7.0627204e-13  7.06272e-13  2.52520e-13  4.53752e-13
4.164340674e+00  7.2235302e-13  7.22353e-13  2.48836e-13  4.73517e-13
4.185162378e+00  7.3895431e-13  7.38954e-13  2.44873e-13  4.94081e-13
4.206088190e+00  7.5646790e-13  7.56468e-13  2.41116e-13  5.15352e-13
4.227118631e+00  7.7492149e-13  7.74921e-13  2.37582e-13  5.37340e-13
4.248254224e+00  7.9402081e-13  7.94021e-13  2.33843e-13  5.60178e-13
4.269495495e+00  8.1398796e-13  8.13988e-13  2.30169e-13  5.83819e-13
4.290842972e+00  8.3493345e-13  8.34933e-13  2.26693e-13  6.08241e-13
4.312297187e+00  8.5682508e-13  8.56825e-13  2.23343e-13  6.33482e-13
4.333858673e+00  8.7959368e-13  8.79594e-13  2.19988e-13  6.59606e-13
4.355527967e+00  9.0337357e-13  9.03374e-13  2.16800e-13  6.86573e-13
4.377305606e+00  9.2817812e-13  9.28178e-13  2.13776e-13  7.14403e-13
4.399192134e+00  9.5386778e-13  9.53868e-13  2.10659e-13  7.43209e-13
4.421188095e+00  9.8062074e-13  9.80621e-13  2.07702e-13  7.72919e-13
4.443294036e+00  1.0082980e-12  1.00830e-12  2.04634e-13  8.03664e-13
4.465510506e+00  1.0370230e-12  1.03702e-12  2.01622e-13  8.35401e-13
4.487838058e+00  1.0666357e-12  1.06664e-12  1.98320e-13  8.68316e-13
4.510277249e+00  1.0971651e-12  1.09717e-12  1.94694e-13  9.02471e-13
4.532828635e+00  1.1285402e-12  1.12854e-12  1.90496e-13  9.38044e-13
4.555492778e+00  1.1606032e-12  1.16060e-12  1.85225e-13  9.75378e-13
4.578270242e+00  1.1934859e-12  1.19349e-12  1.78929e-13  1.01456e-12
4.601161593e+00  1.2274955e-12  1.22750e-12  1.72082e-13  1.05541e-12
4.624167401e+00  1.2624219e-12  1.26242e-12  1.63910e-13  1.09851e-12
4.647288238e+00  1.2986449e-12  1.29864e-12  1.55059e-13  1.14359e-12
4.670524679e+00  1.3365316e-12  1.33653e-12  1.46345e-13  1.19019e-12
4.693877303e+00  1.3761406e-12  1.37614e-12  1.37842e-13  1.23830e-12
4.717346689e+00  1.4180347e-12  1.41803e-12  1.31616e-13  1.28642e-12
4.740933423e+00  1.4619771e-12  1.46198e-12  1.27390e-13  1.33459e-12
4.764638090e+00  1.5074084e-12  1.50741e-12  1.23078e-13  1.38433e-12
4.788461280e+00  1.5542369e-12  1.55424e-12  1.17794e-13  1.43644e-12
4.812403587e+00  1.6026533e-12  1.60265e-12  1.11923e-13  1.49073e-12
4.836465604e+00  1.6528766e-12  1.65288e-12  1.06840e-13  1.54604e-12
4.860647933e+00  1.7048942e-12  1.70489e-12  1.03447e-13  1.60145e-12
4.884951172e+00  1.7585406e-12  1.75854e-12  1.00999e-13  1.65754e-12
4.909375928e+00  1.8137570e-12  1.81376e-12  9.88978e-14  1.71486e-12
4.933922808e+00  1.8705616e-12  1.87056e-12  9.67728e-14  1.77379e-12
4.958592422e+00  1.9290065e-12  1.92901e-12  9.44880e-14  1.83452e-12
4.983385384e+00  1.9891072e-12  1.98911e-12  9.22515e-14  1.89686e-12
5.008302311e+00  2.0508495e-12  2.05085e-12  9.02309e-14  1.96062e-12
5.033343822e+00  2.1142852e-12  2.11429e-12  8.82376e-14  2.02605e-12
5.058510541e+00  2.1796574e-12  2.17966e-12  8.56264e-14  2.09403e-12
5.083803094e+00  2.2469766e-12  2.24698e-12  8.27089e-14  2.16427e-12
5.109222110e+00  2.3160859e-12  2.31609e-12  8.00297e-14  2.23606e-12
5.134768220e+00  2.3869498e-12  2.38695e-12  7.76478e-14  2.30930e-12
5.160442061e+00  2.4593996e-12  2.45940e-12  7.58275e-14  2.38357e-12
5.186244272e+00  2.5329532e-12  2.53295e-12  7.52197e-14  2.45773e-12
5.212175493e+00  2.6076332e-12  2.60763e-12  7.54952e-14  2.53214e-12
5.238236370e+00  2.6837516e-12  2.68375e-12  7.60399e-14  2.60771e-12
5.264427552e+00  2.7612616e-12  2.76126e-12  7.68621e-14  2.68440e-12
5.290749690e+00  2.8399579e-12  2.83996e-12  7.81378e-14  2.76182e-12
5.317203438e+00  2.9197034e-12  2.91970e-12  7.99156e-14  2.83979e-12
5.343789456e+00  3.0019407e-12  3.00194e-12  8.07244e-14  2.92122e-12
5.370508403e+00  3.0873643e-12  3.08736e-12  8.01571e-14  3.00721e-12
5.397360945e+00  3.1755958e-12  3.17560e-12  7.88104e-14  3.09679e-12
5.424347750e+00  3.2656839e-12  3.26568e-12  7.75830e-14  3.18810e-12
5.451469488e+00  3.3568619e-12  3.35686e-12  7.70235e-14  3.27984e-12
5.478726836e+00  3.4492968e-12  3.44930e-12  7.69133e-14  3.37238e-12
5.506120470e+00  3.5438625e-12  3.54386e-12  7.66275e-14  3.46724e-12
5.533651072e+00  3.6413455e-12  3.64135e-12  7.57326e-14  3.56561e-12
5.561319328e+00  3.7429265e-12  3.74293e-12  7.36700e-14  3.66926e-12
5.589125924e+00  3.8477583e-12  3.84776e-12  7.10956e-14  3.77666e-12
5.617071554e+00  3.9542689e-12  3.95427e-12  6.89043e-14  3.88536e-12
5.645156912e+00  4.0607721e-12  4.06077e-12  6.78645e-14  3.99291e-12
5.673382696e+00  4.1684023e-12  4.16840e-12  6.72972e-14  4.10111e-12
5.701749610e+00  4.2779417e-12  4.27794e-12  6.68012e-14  4.21114e-12
5.730258358e+00  4.3906083e-12  4.39061e-12  6.58697e-14  4.32474e-12
5.758909650e+00  4.5061433e-12  4.50614e-12  6.46723e-14  4.44147e-12
5.787704198e+00  4.6238780e-12  4.62388e-12  6.35035e-14  4.56037e-12
5.816642719e+00  4.7428448e-12  4.74284e-12  6.27124e-14  4.68013e-12
5.845725932e+00  4.8642959e-12  4.86430e-12  6.18272e-14  4.80247e-12
5.874954562e+00  4.9883940e-12  4.98839e-12  6.08125e-14  4.92758e-12
5.904329335e+00  5.1168161e-12  5.11682e-12  5.91677e-14  5.05765e-12
5.933850982e+00  5.2495026e-12  5.24950e-12  5.69970e-14  5.19251e-12
5.963520237e+00  5.3849265e-12  5.38493e-12  5.48101e-14  5.33012e-12
5.993337838e+00  5.5198908e-12  5.51989e-12  5.34917e-14  5.46640e-12
6.023304527e+00  5.6555406e-12  5.65554e-12  5.26422e-14  5.60290e-12
6.053421050e+00  5.7916198e-12  5.79162e-12  5.22735e-14  5.73935e-12
6.083688155e+00  5.9309728e-12  5.93097e-12  5.16439e-14  5.87933e-12
6.114106596e+00  6.0734528e-12  6.07345e-12  5.08197e-14  6.02263e-12
6.144677129e+00  6.2194101e-12  6.21941e-12  4.97475e-14  6.16966e-12
6.175400514e+00  6.3680882e-12  6.36809e-12  4.86201e-14  6.31947e-12
6.206277517e+00  6.5183476e-12  6.51835e-12  4.76816e-14  6.47067e-12
6.237308904e+00  6.6694846e-12  6.66948e-12  4.70528e-14  6.62243e-12
6.268495449e+00  6.8222604e-12  6.82226e-12  4.65559e-14  6.77570e-12
6.299837926e+00  6.9763144e-12  6.97631e-12  4.62434e-14  6.93007e-12
6.331337116e+00  7.1304321e-12  7.13043e-12  4.63110e-14  7.08412e-12
6.362993801e+00  7.2844961e-12  7.28450e-12  4.67375e-14  7.23776e-12
6.394808770e+00  7.4401151e-12  7.44012e-12  4.72181e-14  7.39290e-12
6.426782814e+00  7.5979292e-12  7.59793e-12  4.76428e-14  7.55029e-12
6.458916728e+00  7.7616588e-12  7.76166e-12  4.74438e-14  7.71421e-12
6.491211312e+00  7.9278752e-12  7.92788e-12  4.71912e-14  7.88068e-12
6.523667368e+00  8.0993993e-12  8.09940e-12  4.64854e-14  8.05291e-12
6.556285705e+00  8.2746531e-12  8.27465e-12  4.55896e-14  8.22906e-12
6.589067134e+00  8.4523447e-12  8.45234e-12  4.46955e-14  8.40765e-12
6.622012469e+00  8.6321561e-12  8.63216e-12  4.38444e-14  8.58831e-12
6.655122532e+00  8.8119463e-12  8.81195e-12  4.32997e-14  8.76865e-12
6.688398144e+00  8.9934528e-12  8.99345e-12  4.28216e-14  8.95063e-12
6.721840135e+00  9.1791053e-12  9.17911e-12  4.21184e-14  9.13699e-12
6.755449336e+00  9.3695561e-12  9.36956e-12  4.11369e-14  9.32842e-12
6.789226583e+00  9.5621088e-12  9.56211e-12  4.01989e-14  9.52191e-12
6.823172715e+00  9.7574664e-12  9.75747e-12  3.92256e-14  9.71824e-12
6.857288579e+00  9.9537762e-12  9.95378e-12  3.84109e-14  9.91537e-12
6.891575022e+00  1.0153803e-11  1.01538e-11  3.74641e-14  1.01163e-11
6.926032897e+00  1.0356649e-11  1.03566e-11  3.64837e-14  1.03202e-11
6.960663062e+00  1.0558633e-11  1.05586e-11  3.58180e-14  1.05228e-11
6.995466377e+00  1.0763822e-11  1.07638e-11  3.50682e-14  1.07288e-11
7.030443709e+00  1.0971221e-11  1.09712e-11  3.43288e-14  1.09369e-11
7.065595927e+00  1.1182197e-11  1.11822e-11  3.34809e-14  1.11487e-11
7.100923907e+00  1.1394207e-11  1.13942e-11  3.27450e-14  1.13615e-11
7.136428526e+00  1.1609822e-11  1.16098e-11  3.19028e-14  1.15779e-11
7.172110669e+00  1.1828091e-11  1.18281e-11  3.10374e-14  1.17971e-11
7.207971222e+00  1.2050059e-11  1.20501e-11  3.00704e-14  1.20200e-11
7.244011079e+00  1.2274971e-11  1.22750e-11  2.90658e-14  1.22459e-11
7.280231134e+00  1.2502004e-11  1.25020e-11  2.80854e-14  1.24739e-11
7.316632290e+00  1.2734806e-11  1.27348e-11  2.68717e-14  1.27079e-11
7.353215451e+00  1.2968311e-11  1.29683e-11  2.57879e-14  1.29425e-11
7.389981528e+00  1.3204058e-11  1.32041e-11  2.47213e-14  1.31793e-11
7.426931436e+00  1.3439687e-11  1.34397e-11  2.38220e-14  1.34159e-11
7.464066093e+00  1.3677156e-11  1.36772e-11  2.29534e-14  1.36542e-11
7.501386424e+00  1.3917635e-11  1.39176e-11  2.20410e-14  1.38956e-11
7.538893356e+00  1.4157446e-11  1.41574e-11  2.13056e-14  1.41361e-11
7.576587822e+00  1.4401296e-11  1.44013e-11  2.04610e-14  1.43808e-11
7.614470762e+00  1.4646851e-11  1.46469e-11  1.96457e-14  1.46272e-11
7.652543115e+00  1.4894787e-11  1.48948e-11  1.88198e-14  1.48760e-11
7.690805831e+00  1.5144654e-11  1.51447e-11  1.80072e-14  1.51266e-11
7.729259860e+00  1.5395970e-11  1.53960e-11  1.72310e-14  1.53787e-11
7.767906159e+00  1.5651721e-11  1.56517e-11  1.63367e-14  1.56354e-11
7.806745690e+00  1.5908909e-11  1.59089e-11  1.54800e-14  1.58934e-11
7.845779419e+00  1.6167320e-11  1.61673e-11  1.46677e-14  1.61527e-11
7.885008316e+00  1.6427365e-11  1.64274e-11  1.38762e-14  1.64135e-11
7.924433357e+00  1.6690137e-11  1.66901e-11  1.30535e-14  1.66771e-11
7.964055524e+00  1.6951851e-11  1.69519e-11  1.23693e-14  1.69395e-11
8.003875802e+00  1.7215351e-11  1.72154e-11  1.16892e-14  1.72037e-11
8.043895181e+00  1.7480097e-11  1.74801e-11  1.10348e-14  1.74691e-11
8.084114657e+00  1.7748450e-11  1.77485e-11  1.03057e-14  1.77381e-11
8.124535230e+00  1.8015903e-11  1.80159e-11  9.68791e-15  1.80062e-11
8.165157906e+00  1.8281056e-11  1.82811e-11  9.22781e-15  1.82718e-11
8.205983696e+00  1.8539721e-11  1.85397e-11  9.07402e-15  1.85306e-11
8.247013614e+00  1.8796278e-11  1.87963e-11  9.03928e-15  1.87872e-11
8.288248682e+00  1.9050360e-11  1.90504e-11  9.12716e-15  1.90412e-11
8.329689926e+00  1.9302342e-11  1.93023e-11  9.31402e-15  1.92930e-11
8.371338375e+00  1.9557609e-11  1.95576e-11  9.40290e-15  1.95482e-11
8.413195067e+00  1.9813896e-11  1.98139e-11  9.47607e-15  1.98044e-11
8.455261042e+00  2.0064474e-11  2.00645e-11  9.75747e-15  2.00547e-11
8.497537348e+00  2.0303840e-11  2.03038e-11  1.04107e-14  2.02934e-11
8.540025034e+00  2.0510012e-11  2.05100e-11  1.21098e-14  2.04979e-11
8.582725160e+00  2.0656768e-11  2.06568e-11  1.55996e-14  2.06412e-11
8.625638785e+00  2.0710319e-11  2.07103e-11  2.17874e-14  2.06885e-11
8.668766979e+00  2.0649957e-11  2.06500e-11  3.11064e-14  2.06189e-11
8.712110814e+00  2.0467096e-11  2.04671e-11  4.35932e-14  2.04235e-11
8.755671368e+00  2.0269640e-11  2.02696e-11  5.59526e-14  2.02137e-11
8.799449725e+00  2.0366039e-11  2.03660e-11  5.95732e-14  2.03065e-11
8.843446974e+00  2.0265683e-11  2.02657e-11  6.83990e-14  2.01973e-11
8.887664209e+00  2.0026617e-11  2.00266e-11  8.05407e-14  1.99461e-11
8.932102530e+00  1.9953391e-11  1.99534e-11  8.78132e-14  1.98656e-11
8.976763042e+00  1.9874909e-11  1.98749e-11  9.48918e-14  1.97800e-11
9.021646857e+00  1.9777473e-11  1.97775e-11  1.02124e-13  1.96753e-11
9.066755092e+00  1.9806838e-11  1.98068e-11  1.05915e-13  1.97009e-11
9.112088867e+00  1.9924335e-11  1.99243e-11  1.07400e-13  1.98169e-11
9.157649312e+00  2.0089285e-11  2.00893e-11  1.07675e-13  1.99816e-11
9.203437558e+00  2.0290685e-11  2.02907e-11  1.07063e-13  2.01836e-11
9.249454746e+00  2.0503402e-11  2.05034e-11  1.06187e-13  2.03972e-11
9.295702020e+00  2.0702867e-11  2.07029e-11  1.05603e-13  2.05973e-11
9.342180530e+00  2.0863413e-11  2.08634e-11  1.05852e-13  2.07576e-11
9.388891432e+00  2.0971775e-11  2.09718e-11  1.07165e-13  2.08646e-11
9.435835890e+00  2.1048421e-11  2.10484e-11  1.09050e-13  2.09394e-11
9.483015069e+00  2.1106437e-11  2.11064e-11  1.11204e-13  2.09952e-11
9.530430144e+00  2.1291487e-11  2.12915e-11  1.10691e-13  2.11808e-11
9.578082295e+00  2.1750512e-11  2.17505e-11  1.04778e-13  2.16457e-11
9.625972707e+00  2.2435818e-11  2.24358e-11  9.46955e-14  2.23411e-11
9.674102570e+00  2.3229099e-11  2.32291e-11  8.29208e-14  2.31462e-11
9.722473083e+00  2.3830453e-11  2.38305e-11  7.51155e-14  2.37553e-11
9.771085448e+00  2.4403542e-11  2.44035e-11  6.80858e-14  2.43355e-11
9.819940876e+00  2.4992486e-11  2.49925e-11  6.10054e-14  2.49315e-11
9.869040580e+00  2.5403317e-11  2.54033e-11  5.72770e-14  2.53460e-11
9.918385783e+00  2.5614509e-11  2.56145e-11  5.70878e-14  2.55574e-11
9.967977712e+00  2.5539933e-11  2.55399e-11  6.16960e-14  2.54782e-11
1.001781760e+01  2.5454220e-11  2.54542e-11  6.62904e-14  2.53879e-11
1.006790669e+01  2.5519819e-11  2.55198e-11  6.82271e-14  2.54516e-11
1.011824622e+01  2.5679311e-11  2.56793e-11  6.85633e-14  2.56107e-11
1.016883745e+01  2.5810847e-11  2.58108e-11  6.92930e-14  2.57416e-11
1.021968164e+01  2.5630275e-11  2.56303e-11  7.47681e-14  2.55555e-11
1.027078005e+01  2.5257062e-11  2.52571e-11  8.29282e-14  2.51741e-11
1.032213395e+01  2.5163566e-11  2.51636e-11  8.66113e-14  2.50770e-11
1.037374462e+01  2.5311863e-11  2.53119e-11  8.66006e-14  2.52253e-11
1.042561334e+01  2.5378645e-11  2.53786e-11  8.77221e-14  2.52909e-11
1.047774141e+01  2.5501559e-11  2.55016e-11  8.79769e-14  2.54136e-11
1.053013012e+01  2.5788994e-11  2.57890e-11  8.59075e-14  2.57031e-11
1.058278077e+01  2.6108763e-11  2.61088e-11  8.34315e-14  2.60253e-11
1.063569467e+01  2.6411883e-11  2.64119e-11  8.12256e-14  2.63307e-11
1.068887314e+01  2.6733754e-11  2.67338e-11  7.88111e-14  2.66549e-11
1.074231751e+01  2.7155781e-11  2.71558e-11  7.51464e-14  2.70806e-11
1.079602910e+01  2.7628662e-11  2.76287e-11  7.09218e-14  2.75577e-11
1.085000924e+01  2.8318553e-11  2.83186e-11  6.40884e-14  2.82545e-11
1.090425929e+01  2.9019109e-11  2.90191e-11  5.73148e-14  2.89618e-11
1.095878058e+01  2.9500122e-11  2.95001e-11  5.33863e-14  2.94467e-11
1.101357449e+01  2.9899452e-11  2.98995e-11  5.05259e-14  2.98489e-11
1.106864236e+01  3.0116056e-11  3.01161e-11  4.98667e-14  3.00662e-11
1.112398557e+01  2.9990794e-11  2.99908e-11  5.31367e-14  2.99377e-11
1.117960550e+01  2.9645226e-11  2.96452e-11  5.87697e-14  2.95865e-11
1.123550353e+01  2.9481762e-11  2.94818e-11  6.21612e-14  2.94196e-11
1.129168104e+01  2.9514666e-11  2.95147e-11  6.32577e-14  2.94514e-11
1.134813945e+01  2.9800538e-11  2.98005e-11  6.15533e-14  2.97390e-11
1.140488015e+01  3.0252356e-11  3.02524e-11  5.81040e-14  3.01943e-11
1.146190455e+01  3.0699298e-11  3.06993e-11  5.47808e-14  3.06445e-11
1.151921407e+01  3.1143669e-11  3.11437e-11  5.15552e-14  3.10921e-11
1.157681014e+01  3.1642180e-11  3.16422e-11  4.78477e-14  3.15943e-11
1.163469419e+01  3.2114961e-11  3.21150e-11  4.44803e-14  3.20705e-11
1.169286766e+01  3.2522122e-11  3.25221e-11  4.18318e-14  3.24803e-11
1.175133200e+01  3.2902710e-11  3.29027e-11  3.94919e-14  3.28632e-11
1.181008866e+01  3.3288600e-11  3.32886e-11  3.71428e-14  3.32515e-11
1.186913910e+01  3.3638714e-11  3.36387e-11  3.51725e-14  3.36035e-11
1.192848480e+01  3.3938999e-11  3.39390e-11  3.36954e-14  3.39053e-11
1.198812722e+01  3.4233886e-11  3.42339e-11  3.22838e-14  3.42016e-11
1.204806786e+01  3.4501438e-11  3.45014e-11  3.11330e-14  3.44703e-11
1.210830820e+01  3.4761995e-11  3.47620e-11  3.00512e-14  3.47319e-11
1.216884974e+01  3.5026448e-11  3.50264e-11  2.89404e-14  3.49975e-11
1.222969399e+01  3.5311635e-11  3.53116e-11  2.76566e-14  3.52840e-11
1.229084246e+01  3.5594430e-11  3.55944e-11  2.64041e-14  3.55680e-11
1.235229667e+01  3.5835057e-11  3.58351e-11  2.55154e-14  3.58095e-11
1.241405815e+01  3.6073184e-11  3.60732e-11  2.46475e-14  3.60485e-11
1.247612845e+01  3.6311096e-11  3.63111e-11  2.37808e-14  3.62873e-11
1.253850909e+01  3.6549170e-11  3.65492e-11  2.29126e-14  3.65263e-11
1.260120163e+01  3.6779150e-11  3.67791e-11  2.21083e-14  3.67570e-11
1.266420764e+01  3.7000920e-11  3.70009e-11  2.13664e-14  3.69796e-11
1.272752868e+01  3.7226640e-11  3.72266e-11  2.05907e-14  3.72060e-11
1.279116632e+01  3.7443231e-11  3.74432e-11  1.98821e-14  3.74233e-11
1.285512215e+01  3.7660953e-11  3.76610e-11  1.91610e-14  3.76418e-11
1.291939776e+01  3.7862982e-11  3.78630e-11  1.85527e-14  3.78444e-11
1.298399475e+01  3.8086941e-11  3.80869e-11  1.77776e-14  3.80692e-11
1.304891473e+01  3.8295526e-11  3.82955e-11  1.71116e-14  3.82784e-11
1.311415930e+01  3.8489369e-11  3.84894e-11  1.65460e-14  3.84728e-11
1.317973010e+01  3.8678067e-11  3.86781e-11  1.60095e-14  3.86621e-11
1.324562875e+01  3.8865646e-11  3.88656e-11  1.54732e-14  3.88502e-11
1.331185689e+01  3.9083628e-11  3.90836e-11  1.47211e-14  3.90689e-11
1.337841618e+01  3.9285888e-11  3.92859e-11  1.40735e-14  3.92718e-11
1.344530826e+01  3.9419911e-11  3.94199e-11  1.38772e-14  3.94060e-11
1.351253480e+01  3.9573125e-11  3.95731e-11  1.35388e-14  3.95596e-11
1.358009747e+01  3.9768124e-11  3.97681e-11  1.29165e-14  3.97552e-11
1.364799796e+01  3.9892955e-11  3.98930e-11  1.27408e-14  3.98802e-11
1.371623795e+01  3.9894834e-11  3.98948e-11  1.33304e-14  3.98815e-11
1.378481914e+01  3.9863117e-11  3.98631e-11  1.40966e-14  3.98490e-11
1.385374323e+01  3.9942767e-11  3.99428e-11  1.41347e-14  3.99286e-11
1.392301195e+01  4.0131374e-11  4.01314e-11  1.34858e-14  4.01179e-11
1.399262701e+01  4.0350503e-11  4.03505e-11  1.26490e-14  4.03379e-11
1.406259015e+01  4.0550899e-11  4.05509e-11  1.19253e-14  4.05390e-11
1.413290310e+01  4.0736227e-11  4.07362e-11  1.12892e-14  4.07249e-11
1.420356761e+01  4.0894897e-11  4.08949e-11  1.08054e-14  4.08841e-11
1.427458545e+01  4.1042907e-11  4.10429e-11  1.03764e-14  4.10325e-11
1.434595838e+01  4.1154573e-11  4.11546e-11  1.01467e-14  4.11444e-11
1.441768817e+01  4.1159069e-11  4.11591e-11  1.05082e-14  4.11486e-11
1.448977661e+01  4.1073318e-11  4.10733e-11  1.13462e-14  4.10620e-11
1.456222549e+01  4.1092280e-11  4.10923e-11  1.15718e-14  4.10807e-11
1.463503662e+01  4.1214034e-11  4.12140e-11  1.12162e-14  4.12028e-11
1.470821180e+01  4.1435735e-11  4.14357e-11  1.03143e-14  4.14254e-11
1.478175286e+01  4.1636104e-11  4.16361e-11  9.52959e-15  4.16266e-11
1.485566163e+01  4.1779965e-11  4.17800e-11  9.04321e-15  4.17709e-11
1.492993994e+01  4.1925109e-11  4.19251e-11  8.54492e-15  4.19166e-11
1.500458964e+01  4.2131017e-11  4.21310e-11  7.72939e-15  4.21233e-11
1.507961258e+01  4.2316226e-11  4.23162e-11  7.02143e-15  4.23092e-11
1.515501065e+01  4.2471056e-11  4.24711e-11  6.46635e-15  4.24646e-11
1.523078570e+01  4.2526492e-11  4.25265e-11  6.40269e-15  4.25201e-11
1.530693963e+01  4.2277856e-11  4.22779e-11  7.82197e-15  4.22700e-11
1.538347433e+01  4.1916800e-11  4.19168e-11  9.74349e-15  4.19071e-11
1.546039170e+01  4.1428582e-11  4.14286e-11  1.22221e-14  4.14164e-11
1.553769366e+01  4.0922841e-11  4.09228e-11  1.47173e-14  4.09081e-11
1.561538212e+01  4.0791196e-11  4.07912e-11  1.53815e-14  4.07758e-11
1.569345903e+01  4.0875082e-11  4.08751e-11  1.50118e-14  4.08601e-11
1.577192633e+01  4.1141289e-11  4.11413e-11  1.37937e-14  4.11275e-11
1.585078596e+01  4.1325619e-11  4.13256e-11  1.29611e-14  4.13127e-11
1.593003989e+01  4.1459977e-11  4.14600e-11  1.23580e-14  4.14476e-11
1.600969009e+01  4.1556134e-11  4.15561e-11  1.19249e-14  4.15442e-11
1.608973854e+01  4.1602564e-11  4.16026e-11  1.17077e-14  4.15909e-11
1.617018723e+01  4.1582001e-11  4.15820e-11  1.17759e-14  4.15702e-11
1.625103817e+01  4.1418521e-11  4.14185e-11  1.24508e-14  4.14061e-11
1.633229336e+01  4.1084183e-11  4.10842e-11  1.38344e-14  4.10703e-11
1.641395483e+01  4.0680353e-11  4.06804e-11  1.54742e-14  4.06649e-11
1.649602460e+01  4.0339913e-11  4.03399e-11  1.68022e-14  4.03231e-11
1.657850473e+01  4.0036954e-11  4.00370e-11  1.79357e-14  4.00190e-11
1.666139725e+01  3.9940690e-11  3.99407e-11  1.81807e-14  3.99225e-11
1.674470424e+01  3.9901108e-11  3.99011e-11  1.81771e-14  3.98829e-11
1.682842776e+01  3.9928405e-11  3.99284e-11  1.78907e-14  3.99105e-11
1.691256990e+01  3.9987270e-11  3.99873e-11  1.74715e-14  3.99698e-11
1.699713274e+01  4.0047679e-11  4.00477e-11  1.70428e-14  4.00306e-11
1.708211841e+01  4.0086676e-11  4.00867e-11  1.66955e-14  4.00700e-11
1.716752900e+01  4.0060140e-11  4.00601e-11  1.65997e-14  4.00435e-11
1.725336665e+01  3.9908999e-11  3.99090e-11  1.69770e-14  3.98920e-11
1.733963348e+01  3.9619723e-11  3.96197e-11  1.78662e-14  3.96019e-11
1.742633165e+01  3.9124165e-11  3.91242e-11  1.95121e-14  3.91047e-11
1.751346330e+01  3.8597646e-11  3.85976e-11  2.12343e-14  3.85764e-11
1.760103062e+01  3.8100226e-11  3.81002e-11  2.28067e-14  3.80774e-11
1.768903577e+01  3.7793098e-11  3.77931e-11  2.36378e-14  3.77695e-11
1.777748095e+01  3.7635961e-11  3.76360e-11  2.38949e-14  3.76121e-11
1.786636836e+01  3.7597792e-11  3.75978e-11  2.37061e-14  3.75741e-11
1.795570020e+01  3.7541278e-11  3.75413e-11  2.35771e-14  3.75177e-11
1.804547870e+01  3.7449794e-11  3.74498e-11  2.35658e-14  3.74262e-11
1.813570609e+01  3.7332660e-11  3.73327e-11  2.36362e-14  3.73090e-11
1.822638462e+01  3.7203993e-11  3.72040e-11  2.37369e-14  3.71803e-11
1.831751655e+01  3.7042401e-11  3.70424e-11  2.39414e-14  3.70185e-11
1.840910413e+01  3.6945110e-11  3.69451e-11  2.39123e-14  3.69212e-11
1.850114965e+01  3.7012872e-11  3.70129e-11  2.33116e-14  3.69896e-11
1.859365540e+01  3.7241660e-11  3.72417e-11  2.21676e-14  3.72195e-11
1.868662368e+01  3.7411202e-11  3.74112e-11  2.12336e-14  3.73900e-11
1.878005679e+01  3.7389774e-11  3.73898e-11  2.09430e-14  3.73688e-11
1.887395708e+01  3.7191570e-11  3.71916e-11  2.12331e-14  3.71703e-11
1.896832686e+01  3.6933247e-11  3.69332e-11  2.17075e-14  3.69115e-11
1.906316850e+01  3.6480676e-11  3.64807e-11  2.27975e-14  3.64579e-11
1.915848434e+01  3.5614797e-11  3.56148e-11  2.51934e-14  3.55896e-11
1.925427676e+01  3.4861528e-11  3.48615e-11  2.71835e-14  3.48343e-11
1.935054815e+01  3.4252429e-11  3.42524e-11  2.86775e-14  3.42238e-11
1.944730089e+01  3.4004566e-11  3.40046e-11  2.90050e-14  3.39756e-11
1.954453739e+01  3.3931238e-11  3.39312e-11  2.87761e-14  3.39025e-11
1.964226008e+01  3.3938389e-11  3.39384e-11  2.82951e-14  3.39101e-11
1.974047138e+01  3.3983591e-11  3.39836e-11  2.76982e-14  3.39559e-11
1.983917374e+01  3.4040530e-11  3.40405e-11  2.70684e-14  3.40135e-11
1.993836960e+01  3.4116397e-11  3.41164e-11  2.63849e-14  3.40900e-11
2.003806145e+01  3.4216620e-11  3.42166e-11  2.56326e-14  3.41910e-11
2.013825176e+01  3.4309128e-11  3.43091e-11  2.49089e-14  3.42842e-11
2.023894302e+01  3.4396925e-11  3.43969e-11  2.42041e-14  3.43727e-11
2.034013773e+01  3.4512660e-11  3.45127e-11  2.34224e-14  3.44892e-11
2.044183842e+01  3.4651066e-11  3.46511e-11  2.25809e-14  3.46285e-11
2.054404761e+01  3.4795944e-11  3.47959e-11  2.17278e-14  3.47742e-11
2.064676785e+01  3.5040287e-11  3.50403e-11  2.05970e-14  3.50197e-11
2.075000169e+01  3.5331726e-11  3.53317e-11  1.93437e-14  3.53124e-11
2.085375170e+01  3.5645584e-11  3.56456e-11  1.80405e-14  3.56275e-11
2.095802046e+01  3.5918511e-11  3.59185e-11  1.68660e-14  3.59016e-11
2.106281056e+01  3.6216248e-11  3.62162e-11  1.56346e-14  3.62006e-11
2.116812461e+01  3.6449924e-11  3.64499e-11  1.45932e-14  3.64353e-11
2.127396524e+01  3.6537351e-11  3.65374e-11  1.39631e-14  3.65234e-11
2.138033506e+01  3.6493261e-11  3.64933e-11  1.36956e-14  3.64796e-11
2.148723674e+01  3.6431825e-11  3.64318e-11  1.34743e-14  3.64184e-11
2.159467292e+01  3.6365955e-11  3.63660e-11  1.32638e-14  3.63527e-11
2.170264629e+01  3.6209819e-11  3.62098e-11  1.32926e-14  3.61965e-11
2.181115952e+01  3.5990792e-11  3.59908e-11  1.34834e-14  3.59773e-11
2.192021532e+01  3.5678354e-11  3.56784e-11  1.39130e-14  3.56644e-11
2.202981639e+01  3.5339332e-11  3.53393e-11  1.44023e-14  3.53249e-11
2.213996547e+01  3.4944739e-11  3.49447e-11  1.50252e-14  3.49297e-11
2.225066530e+01  3.4552232e-11  3.45522e-11  1.56305e-14  3.45366e-11
2.236191863e+01  3.4198613e-11  3.41986e-11  1.61246e-14  3.41825e-11
2.247372822e+01  3.3941594e-11  3.39416e-11  1.63631e-14  3.39252e-11
2.258609686e+01  3.3841396e-11  3.38414e-11  1.61991e-14  3.38252e-11
2.269902735e+01  3.3818550e-11  3.38185e-11  1.58401e-14  3.38027e-11
2.281252248e+01  3.3889912e-11  3.38899e-11  1.52478e-14  3.38747e-11
2.292658510e+01  3.4071307e-11  3.40713e-11  1.43879e-14  3.40569e-11
2.304121802e+01  3.4293058e-11  3.42931e-11  1.34369e-14  3.42796e-11
2.315642411e+01  3.4480418e-11  3.44804e-11  1.25791e-14  3.44678e-11
2.327220623e+01  3.4563935e-11  3.45639e-11  1.19815e-14  3.45520e-11
2.338856726e+01  3.4586624e-11  3.45866e-11  1.15353e-14  3.45751e-11
2.350551010e+01  3.4567082e-11  3.45671e-11  1.11931e-14  3.45559e-11
2.362303765e+01  3.4499484e-11  3.44995e-11  1.09671e-14  3.44885e-11
2.374115284e+01  3.4441861e-11  3.44419e-11  1.07176e-14  3.44311e-11
2.385985860e+01  3.4439833e-11  3.44398e-11  1.03380e-14  3.44295e-11
2.397915789e+01  3.4391275e-11  3.43913e-11  1.00694e-14  3.43812e-11
2.409905368e+01  3.4254350e-11  3.42543e-11  1.00070e-14  3.42443e-11
2.421954895e+01  3.4094411e-11  3.40944e-11  9.99605e-15  3.40844e-11
2.434064670e+01  3.3870083e-11  3.38701e-11  1.01307e-14  3.38600e-11
2.446234993e+01  3.3597313e-11  3.35973e-11  1.03721e-14  3.35869e-11
2.458466168e+01  3.3418480e-11  3.34185e-11  1.03955e-14  3.34081e-11
2.470758499e+01  3.3362040e-11  3.33620e-11  1.01409e-14  3.33519e-11
2.483112291e+01  3.3302054e-11  3.33021e-11  9.89534e-15  3.32922e-11
2.495527853e+01  3.3243438e-11  3.32434e-11  9.64770e-15  3.32338e-11
