# ------------------------------------------------------------------------
# Radiance spectrum
# NASA-GSFC Planetary Spectrum Generator (PSG) (Villanueva et al. 2018, 2022)
# Synthesized on Wed Feb 14 22:10:28 2024
# Doppler velocities [km/s] (vobs,vrot+vorb,vwidth,vrfl,vstr): 0.00000,-0.00000,0.00000,-119.41115,-0.00000
# Spectral unit: Wavelength [um]
# Radiance unit: Spectral irradiance [W/m2/um]
# Wave/freq Total Object Reflected Thermal
5.000000000e-01  3.0223061e-12  3.02231e-12  3.02231e-12  1.23350e-46
5.025000000e-01  3.1193934e-12  3.11939e-12  3.11939e-12  1.91759e-46
5.050125000e-01  3.1809213e-12  3.18092e-12  3.18092e-12  2.99794e-46
5.075375625e-01  3.2218642e-12  3.22186e-12  3.22186e-12  4.69766e-46
5.100752503e-01  3.2636229e-12  3.26362e-12  3.26362e-12  7.34283e-46
5.126256266e-01  3.3241706e-12  3.32417e-12  3.32417e-12  1.14045e-45
5.151887547e-01  3.3832643e-12  3.38326e-12  3.38326e-12  1.76789e-45
5.177646985e-01  3.4164974e-12  3.41650e-12  3.41650e-12  2.74973e-45
5.203535220e-01  3.4525038e-12  3.45250e-12  3.45250e-12  4.26456e-45
5.229552896e-01  3.5074449e-12  3.50744e-12  3.50744e-12  6.57244e-45
5.255700660e-01  3.5597922e-12  3.55979e-12  3.55979e-12  1.01125e-44
5.281979164e-01  3.6017728e-12  3.60177e-12  3.60177e-12  1.55588e-44
5.308389059e-01  3.6501268e-12  3.65013e-12  3.65013e-12  2.38535e-44
5.334931005e-01  3.7122377e-12  3.71224e-12  3.71224e-12  3.63854e-44
5.361605660e-01  3.7667518e-12  3.76675e-12  3.76675e-12  5.54685e-44
5.388413688e-01  3.8109507e-12  3.81095e-12  3.81095e-12  8.45573e-44
5.415355756e-01  3.8640048e-12  3.86400e-12  3.86400e-12  1.28386e-43
5.442432535e-01  3.9241892e-12  3.92419e-12  3.92419e-12  1.94228e-43
5.469644698e-01  3.9698663e-12  3.96987e-12  3.96987e-12  2.94081e-43
5.496992921e-01  4.0098719e-12  4.00987e-12  4.00987e-12  4.44824e-43
5.524477886e-01  4.0627860e-12  4.06279e-12  4.06279e-12  6.69638e-43
5.552100275e-01  4.1170200e-12  4.11702e-12  4.11702e-12  1.00567e-42
5.579860777e-01  4.1636345e-12  4.16363e-12  4.16363e-12  1.50945e-42
5.607760081e-01  4.2086151e-12  4.20862e-12  4.20862e-12  2.26155e-42
5.635798881e-01  4.2489479e-12  4.24895e-12  4.24895e-12  3.38437e-42
5.663977875e-01  4.2886355e-12  4.28864e-12  4.28864e-12  5.05464e-42
5.692297765e-01  4.3276586e-12  4.32766e-12  4.32766e-12  7.53437e-42
5.720759254e-01  4.3664724e-12  4.36647e-12  4.36647e-12  1.12076e-41
5.749363050e-01  4.4052589e-12  4.40526e-12  4.40526e-12  1.66370e-41
5.778109865e-01  4.4393037e-12  4.43930e-12  4.43930e-12  2.46680e-41
5.807000414e-01  4.4743122e-12  4.47431e-12  4.47431e-12  3.64931e-41
5.836035417e-01  4.5130297e-12  4.51303e-12  4.51303e-12  5.38374e-41
5.865215594e-01  4.5471921e-12  4.54719e-12  4.54719e-12  7.93313e-41
5.894541672e-01  4.5769042e-12  4.57690e-12  4.57690e-12  1.16757e-40
5.924014380e-01  4.6071446e-12  4.60714e-12  4.60714e-12  1.71469e-40
5.953634452e-01  4.6368239e-12  4.63682e-12  4.63682e-12  2.51334e-40
5.983402624e-01  4.6640206e-12  4.66402e-12  4.66402e-12  3.67820e-40
6.013319637e-01  4.6929391e-12  4.69294e-12  4.69294e-12  5.37037e-40
6.043386235e-01  4.7241206e-12  4.72412e-12  4.72412e-12  7.82204e-40
6.073603167e-01  4.7469565e-12  4.74696e-12  4.74696e-12  1.13875e-39
6.103971182e-01  4.7677894e-12  4.76779e-12  4.76779e-12  1.65511e-39
6.134491038e-01  4.7937339e-12  4.79373e-12  4.79373e-12  2.39859e-39
6.165163494e-01  4.8180054e-12  4.81801e-12  4.81801e-12  3.47023e-39
6.195989311e-01  4.8403681e-12  4.84037e-12  4.84037e-12  5.01246e-39
6.226969258e-01  4.8650048e-12  4.86500e-12  4.86500e-12  7.22299e-39
6.258104104e-01  4.8887785e-12  4.88878e-12  4.88878e-12  1.03897e-38
6.289394624e-01  4.9092302e-12  4.90923e-12  4.90923e-12  1.49244e-38
6.320841597e-01  4.9346530e-12  4.93465e-12  4.93465e-12  2.13784e-38
6.352445805e-01  4.9622228e-12  4.96222e-12  4.96222e-12  3.05533e-38
6.384208035e-01  4.9866795e-12  4.98668e-12  4.98668e-12  4.36060e-38
6.416129075e-01  5.0141656e-12  5.01417e-12  5.01417e-12  6.20845e-38
6.448209720e-01  5.0447258e-12  5.04473e-12  5.04473e-12  8.81805e-38
6.480450769e-01  5.0740205e-12  5.07402e-12  5.07402e-12  1.25038e-37
6.512853022e-01  5.1024720e-12  5.10247e-12  5.10247e-12  1.76995e-37
6.545417288e-01  5.1298474e-12  5.12985e-12  5.12985e-12  2.50123e-37
6.578144374e-01  5.1581317e-12  5.15813e-12  5.15813e-12  3.52756e-37
6.611035096e-01  5.1839906e-12  5.18399e-12  5.18399e-12  4.96788e-37
6.644090271e-01  5.2049288e-12  5.20493e-12  5.20493e-12  6.98920e-37
6.677310723e-01  5.2265100e-12  5.22651e-12  5.22651e-12  9.81390e-37
6.710697276e-01  5.2472758e-12  5.24728e-12  5.24728e-12  1.37570e-36
6.744250763e-01  5.2660846e-12  5.26608e-12  5.26608e-12  1.92555e-36
6.777972017e-01  5.2733543e-12  5.27335e-12  5.27335e-12  2.69539e-36
6.811861877e-01  5.2825525e-12  5.28255e-12  5.28255e-12  3.76499e-36
6.845921186e-01  5.3003585e-12  5.30036e-12  5.30036e-12  5.24223e-36
6.880150792e-01  5.2977507e-12  5.29775e-12  5.29775e-12  7.31012e-36
6.914551546e-01  5.2948440e-12  5.29484e-12  5.29484e-12  1.01758e-35
6.949124304e-01  5.2954686e-12  5.29547e-12  5.29547e-12  1.41314e-35
6.983869925e-01  5.2825722e-12  5.28257e-12  5.28257e-12  1.96317e-35
7.018789275e-01  5.2738809e-12  5.27388e-12  5.27388e-12  2.72059e-35
7.053883221e-01  5.2676901e-12  5.26769e-12  5.26769e-12  3.76206e-35
7.089152637e-01  5.2480622e-12  5.24806e-12  5.24806e-12  5.20384e-35
7.124598400e-01  5.2360843e-12  5.23608e-12  5.23608e-12  7.17695e-35
7.160221392e-01  5.2186050e-12  5.21860e-12  5.21860e-12  9.88910e-35
7.196022499e-01  5.1788799e-12  5.17888e-12  5.17888e-12  1.36478e-34
7.232002612e-01  5.1763777e-12  5.17638e-12  5.17638e-12  1.86974e-34
7.268162625e-01  5.1575685e-12  5.15757e-12  5.15757e-12  2.56336e-34
7.304503438e-01  5.1199393e-12  5.11994e-12  5.11994e-12  3.51795e-34
7.341025955e-01  5.0972493e-12  5.09725e-12  5.09725e-12  4.80908e-34
7.377731085e-01  5.0433992e-12  5.04340e-12  5.04340e-12  6.59234e-34
7.414619740e-01  4.9947627e-12  4.99476e-12  4.99476e-12  9.01408e-34
7.451692839e-01  4.9693713e-12  4.96937e-12  4.96937e-12  1.22637e-33
7.488951303e-01  4.9311248e-12  4.93112e-12  4.93112e-12  1.66867e-33
7.526396060e-01  4.8879477e-12  4.88795e-12  4.88795e-12  2.26819e-33
7.564028040e-01  4.8383650e-12  4.83837e-12  4.83837e-12  3.08058e-33
7.601848180e-01  4.7829606e-12  4.78296e-12  4.78296e-12  4.18010e-33
7.639857421e-01  4.7625643e-12  4.76256e-12  4.76256e-12  5.63584e-33
7.678056708e-01  4.7246171e-12  4.72462e-12  4.72462e-12  7.60409e-33
7.716446992e-01  4.6701327e-12  4.67013e-12  4.67013e-12  1.02653e-32
7.755029227e-01  4.6056573e-12  4.60566e-12  4.60566e-12  1.38530e-32
7.793804373e-01  4.5635796e-12  4.56358e-12  4.56358e-12  1.86090e-32
7.832773395e-01  4.5191778e-12  4.51918e-12  4.51918e-12  2.49650e-32
7.871937262e-01  4.4713450e-12  4.47135e-12  4.47135e-12  3.34528e-32
7.911296948e-01  4.4272359e-12  4.42724e-12  4.42724e-12  4.47335e-32
7.950853433e-01  4.3980004e-12  4.39800e-12  4.39800e-12  5.96119e-32
7.990607700e-01  4.3374375e-12  4.33744e-12  4.33744e-12  7.96263e-32
8.030560739e-01  4.2949904e-12  4.29499e-12  4.29499e-12  1.05953e-31
8.070713542e-01  4.2578410e-12  4.25784e-12  4.25784e-12  1.40675e-31
8.111067110e-01  4.2217972e-12  4.22180e-12  4.22180e-12  1.86464e-31
8.151622446e-01  4.1887376e-12  4.18874e-12  4.18874e-12  2.46692e-31
8.192380558e-01  4.1431280e-12  4.14313e-12  4.14313e-12  3.26375e-31
8.233342461e-01  4.1076095e-12  4.10761e-12  4.10761e-12  4.30621e-31
8.274509173e-01  4.0615283e-12  4.06153e-12  4.06153e-12  5.68030e-31
8.315881719e-01  4.0239551e-12  4.02396e-12  4.02396e-12  7.47411e-31
8.357461127e-01  4.0081527e-12  4.00815e-12  4.00815e-12  9.79473e-31
8.399248433e-01  3.9634566e-12  3.96346e-12  3.96346e-12  1.28609e-30
8.441244675e-01  3.9423180e-12  3.94232e-12  3.94232e-12  1.68157e-30
8.483450899e-01  3.9025148e-12  3.90251e-12  3.90251e-12  2.20030e-30
8.525868153e-01  3.8770583e-12  3.87706e-12  3.87706e-12  2.87011e-30
8.568497494e-01  3.8570885e-12  3.85709e-12  3.85709e-12  3.73614e-30
8.611339981e-01  3.8298461e-12  3.82985e-12  3.82985e-12  4.86070e-30
8.654396681e-01  3.8059765e-12  3.80598e-12  3.80598e-12  6.31241e-30
8.697668665e-01  3.7811042e-12  3.78110e-12  3.78110e-12  8.18717e-30
8.741157008e-01  3.7503485e-12  3.75035e-12  3.75035e-12  1.06111e-29
8.784862793e-01  3.7273721e-12  3.72737e-12  3.72737e-12  1.37215e-29
8.828787107e-01  3.7075465e-12  3.70755e-12  3.70755e-12  1.77129e-29
8.872931042e-01  3.6708289e-12  3.67083e-12  3.67083e-12  2.28779e-29
8.917295698e-01  3.6307602e-12  3.63076e-12  3.63076e-12  2.95196e-29
8.961882176e-01  3.6055144e-12  3.60551e-12  3.60551e-12  3.79745e-29
9.006691587e-01  3.5666600e-12  3.56666e-12  3.56666e-12  4.88596e-29
9.051725045e-01  3.5334964e-12  3.53350e-12  3.53350e-12  6.27405e-29
9.096983670e-01  3.4637196e-12  3.46372e-12  3.46372e-12  8.07842e-29
9.142468589e-01  3.4390811e-12  3.43908e-12  3.43908e-12  1.03361e-28
9.188180931e-01  3.4072581e-12  3.40726e-12  3.40726e-12  1.32177e-28
9.234121836e-01  3.3707666e-12  3.37077e-12  3.37077e-12  1.68892e-28
9.280292445e-01  3.3116320e-12  3.31163e-12  3.31163e-12  2.16057e-28
9.326693908e-01  3.2481317e-12  3.24813e-12  3.24813e-12  2.76159e-28
9.373327377e-01  3.1915143e-12  3.19151e-12  3.19151e-12  3.52254e-28
9.420194014e-01  3.1425241e-12  3.14252e-12  3.14252e-12  4.48366e-28
9.467294984e-01  3.0939284e-12  3.09393e-12  3.09393e-12  5.69944e-28
9.514631459e-01  3.0290571e-12  3.02906e-12  3.02906e-12  7.24816e-28
9.562204616e-01  2.9520670e-12  2.95207e-12  2.95207e-12  9.21765e-28
9.610015639e-01  2.8758005e-12  2.87580e-12  2.87580e-12  1.17062e-27
9.658065718e-01  2.8403542e-12  2.84035e-12  2.84035e-12  1.47845e-27
9.706356046e-01  2.7537480e-12  2.75375e-12  2.75375e-12  1.87486e-27
9.754887826e-01  2.7020997e-12  2.70210e-12  2.70210e-12  2.36597e-27
9.803662265e-01  2.6289003e-12  2.62890e-12  2.62890e-12  2.98864e-27
9.852680577e-01  2.6011924e-12  2.60119e-12  2.60119e-12  3.75297e-27
9.901943980e-01  2.5260370e-12  2.52604e-12  2.52604e-12  4.72995e-27
9.951453700e-01  2.4872869e-12  2.48729e-12  2.48729e-12  5.93193e-27
1.000121097e+00  2.4205785e-12  2.42058e-12  2.42058e-12  7.45152e-27
1.005121702e+00  2.3996307e-12  2.39963e-12  2.39963e-12  9.30598e-27
1.010147311e+00  2.3340848e-12  2.33408e-12  2.33408e-12  1.16606e-26
1.015198047e+00  2.3118489e-12  2.31185e-12  2.31185e-12  1.45301e-26
1.020274038e+00  2.2664467e-12  2.26645e-12  2.26645e-12  1.81269e-26
1.025375408e+00  2.2489058e-12  2.24891e-12  2.24891e-12  2.25245e-26
1.030502285e+00  2.2086347e-12  2.20863e-12  2.20863e-12  2.80205e-26
1.035654796e+00  2.1779964e-12  2.17800e-12  2.17800e-12  3.47838e-26
1.040833070e+00  2.1737042e-12  2.17370e-12  2.17370e-12  4.30165e-26
1.046037236e+00  2.1664034e-12  2.16640e-12  2.16640e-12  5.31530e-26
1.051267422e+00  2.1507883e-12  2.15079e-12  2.15079e-12  6.56587e-26
1.056523759e+00  2.1430895e-12  2.14309e-12  2.14309e-12  8.09507e-26
1.061806378e+00  2.1390442e-12  2.13904e-12  2.13904e-12  9.96555e-26
1.067115410e+00  2.1463279e-12  2.14633e-12  2.14633e-12  1.22405e-25
1.072450987e+00  2.1576695e-12  2.15767e-12  2.15767e-12  1.50118e-25
1.077813242e+00  2.1723230e-12  2.17232e-12  2.17232e-12  1.83837e-25
1.083202308e+00  2.1934913e-12  2.19349e-12  2.19349e-12  2.24729e-25
1.088618319e+00  2.2131402e-12  2.21314e-12  2.21314e-12  2.74454e-25
1.094061411e+00  2.2357970e-12  2.23580e-12  2.23580e-12  3.34706e-25
1.099531718e+00  2.2601320e-12  2.26013e-12  2.26013e-12  4.07662e-25
1.105029377e+00  2.2927596e-12  2.29276e-12  2.29276e-12  4.95541e-25
1.110554523e+00  2.3259388e-12  2.32594e-12  2.32594e-12  6.01662e-25
1.116107296e+00  2.3608385e-12  2.36084e-12  2.36084e-12  7.29567e-25
1.121687832e+00  2.3948550e-12  2.39486e-12  2.39486e-12  8.83769e-25
1.127296272e+00  2.4310372e-12  2.43104e-12  2.43104e-12  1.06914e-24
1.132932753e+00  2.4577886e-12  2.45779e-12  2.45779e-12  1.29329e-24
1.138597417e+00  2.4821746e-12  2.48217e-12  2.48217e-12  1.56315e-24
1.144290404e+00  2.5108380e-12  2.51084e-12  2.51084e-12  1.88640e-24
1.150011856e+00  2.5280843e-12  2.52808e-12  2.52808e-12  2.27692e-24
1.155761915e+00  2.5537792e-12  2.55378e-12  2.55378e-12  2.74281e-24
1.161540725e+00  2.5750480e-12  2.57505e-12  2.57505e-12  3.30216e-24
1.167348428e+00  2.5962940e-12  2.59629e-12  2.59629e-12  3.97140e-24
1.173185171e+00  2.6122399e-12  2.61224e-12  2.61224e-12  4.77414e-24
1.179051096e+00  2.6229290e-12  2.62293e-12  2.62293e-12  5.73661e-24
1.184946352e+00  2.6357000e-12  2.63570e-12  2.63570e-12  6.88442e-24
1.190871084e+00  2.6401919e-12  2.64019e-12  2.64019e-12  8.26127e-24
1.196825439e+00  2.6504119e-12  2.65041e-12  2.65041e-12  9.89695e-24
1.202809566e+00  2.6588524e-12  2.65885e-12  2.65885e-12  1.18470e-23
1.208823614e+00  2.6657534e-12  2.66575e-12  2.66575e-12  1.41695e-23
1.214867732e+00  2.6814507e-12  2.68145e-12  2.68145e-12  1.69129e-23
1.220942071e+00  2.6924365e-12  2.69244e-12  2.69244e-12  2.01785e-23
1.227046781e+00  2.7130229e-12  2.71302e-12  2.71302e-12  2.40234e-23
1.233182015e+00  2.7304463e-12  2.73045e-12  2.73045e-12  2.85829e-23
1.239347925e+00  2.7438491e-12  2.74385e-12  2.74385e-12  3.39904e-23
1.245544665e+00  2.7597800e-12  2.75978e-12  2.75978e-12  4.03688e-23
1.251772388e+00  2.7716120e-12  2.77161e-12  2.77161e-12  4.79208e-23
1.258031250e+00  2.7846452e-12  2.78465e-12  2.78465e-12  5.68217e-23
1.264321406e+00  2.8035603e-12  2.80356e-12  2.80356e-12  6.72618e-23
1.270643013e+00  2.8217630e-12  2.82176e-12  2.82176e-12  7.95493e-23
1.276996228e+00  2.8427271e-12  2.84273e-12  2.84273e-12  9.39575e-23
1.283381209e+00  2.8662029e-12  2.86620e-12  2.86620e-12  1.10832e-22
1.289798116e+00  2.8847324e-12  2.88473e-12  2.88473e-12  1.30692e-22
1.296247106e+00  2.9116632e-12  2.91166e-12  2.91166e-12  1.53797e-22
1.302728342e+00  2.9395260e-12  2.93953e-12  2.93953e-12  1.80788e-22
1.309241983e+00  2.9766066e-12  2.97661e-12  2.97661e-12  2.12054e-22
1.315788193e+00  3.0131466e-12  3.01315e-12  3.01315e-12  2.48497e-22
1.322367134e+00  3.0466111e-12  3.04661e-12  3.04661e-12  2.91033e-22
1.328978970e+00  3.0796598e-12  3.07966e-12  3.07966e-12  3.40535e-22
1.335623865e+00  3.1174260e-12  3.11743e-12  3.11743e-12  3.97811e-22
1.342301984e+00  3.1555685e-12  3.15557e-12  3.15557e-12  4.64238e-22
1.349013494e+00  3.1898142e-12  3.18981e-12  3.18981e-12  5.41512e-22
1.355758561e+00  3.2292107e-12  3.22921e-12  3.22921e-12  6.30578e-22
1.362537354e+00  3.2655434e-12  3.26554e-12  3.26554e-12  7.33883e-22
1.369350041e+00  3.3024370e-12  3.30244e-12  3.30244e-12  8.53208e-22
1.376196791e+00  3.3481609e-12  3.34816e-12  3.34816e-12  9.89690e-22
1.383077775e+00  3.3894615e-12  3.38946e-12  3.38946e-12  1.14759e-21
1.389993164e+00  3.4438278e-12  3.44383e-12  3.44383e-12  1.32677e-21
1.396943130e+00  3.5012917e-12  3.50129e-12  3.50129e-12  1.53160e-21
1.403927846e+00  3.5493370e-12  3.54934e-12  3.54934e-12  1.76873e-21
1.410947485e+00  3.5929808e-12  3.59298e-12  3.59298e-12  2.04189e-21
1.418002222e+00  3.6345643e-12  3.63456e-12  3.63456e-12  2.35561e-21
1.425092233e+00  3.6766868e-12  3.67669e-12  3.67669e-12  2.71459e-21
1.432217694e+00  3.7385984e-12  3.73860e-12  3.73860e-12  3.11509e-21
1.439378783e+00  3.7745872e-12  3.77459e-12  3.77459e-12  3.58607e-21
1.446575677e+00  3.8310104e-12  3.83101e-12  3.83101e-12  4.11012e-21
1.453808555e+00  3.8724945e-12  3.87249e-12  3.87249e-12  4.71764e-21
1.461077598e+00  3.9076745e-12  3.90767e-12  3.90767e-12  5.41538e-21
1.468382986e+00  3.9420380e-12  3.94204e-12  3.94204e-12  6.21110e-21
1.475724901e+00  3.9923179e-12  3.99232e-12  3.99232e-12  7.09669e-21
1.483103525e+00  4.0148405e-12  4.01484e-12  4.01484e-12  8.14057e-21
1.490519043e+00  4.0564662e-12  4.05647e-12  4.05647e-12  9.29688e-21
1.497971638e+00  4.0886704e-12  4.08867e-12  4.08867e-12  1.06251e-20
1.505461496e+00  4.1300714e-12  4.13007e-12  4.13007e-12  1.21103e-20
1.512988804e+00  4.1624085e-12  4.16241e-12  4.16241e-12  1.38129e-20
1.520553748e+00  4.1909437e-12  4.19094e-12  4.19094e-12  1.57510e-20
1.528156517e+00  4.2185154e-12  4.21852e-12  4.21852e-12  1.79471e-20
1.535797299e+00  4.2466123e-12  4.24661e-12  4.24661e-12  2.04278e-20
1.543476286e+00  4.2593804e-12  4.25938e-12  4.25938e-12  2.33011e-20
1.551193667e+00  4.2846239e-12  4.28462e-12  4.28462e-12  2.64874e-20
1.558949636e+00  4.2933386e-12  4.29334e-12  4.29334e-12  3.01844e-20
1.566744384e+00  4.3067252e-12  4.30673e-12  4.30673e-12  3.43340e-20
1.574578106e+00  4.3174881e-12  4.31749e-12  4.31749e-12  3.90415e-20
1.582450996e+00  4.3247649e-12  4.32476e-12  4.32476e-12  4.43891e-20
1.590363251e+00  4.3321799e-12  4.33218e-12  4.33218e-12  5.04248e-20
1.598315067e+00  4.3354603e-12  4.33546e-12  4.33546e-12  5.72845e-20
1.606306643e+00  4.3394435e-12  4.33944e-12  4.33944e-12  6.50134e-20
1.614338176e+00  4.3358439e-12  4.33584e-12  4.33584e-12  7.38494e-20
1.622409867e+00  4.3305553e-12  4.33056e-12  4.33056e-12  8.38519e-20
1.630521916e+00  4.3243868e-12  4.32439e-12  4.32439e-12  9.51538e-20
1.638674526e+00  4.3122396e-12  4.31224e-12  4.31224e-12  1.08044e-19
1.646867898e+00  4.3185969e-12  4.31860e-12  4.31860e-12  1.22062e-19
1.655102238e+00  4.3043314e-12  4.30433e-12  4.30433e-12  1.38454e-19
1.663377749e+00  4.3047302e-12  4.30473e-12  4.30473e-12  1.56389e-19
1.671694638e+00  4.2967434e-12  4.29674e-12  4.29674e-12  1.76860e-19
1.680053111e+00  4.2891934e-12  4.28919e-12  4.28919e-12  1.99839e-19
1.688453377e+00  4.2695709e-12  4.26957e-12  4.26957e-12  2.26297e-19
1.696895643e+00  4.2565975e-12  4.25660e-12  4.25660e-12  2.55661e-19
1.705380122e+00  4.2418665e-12  4.24187e-12  4.24187e-12  2.88752e-19
1.713907022e+00  4.2219406e-12  4.22194e-12  4.22194e-12  3.26314e-19
1.722476557e+00  4.2031445e-12  4.20314e-12  4.20314e-12  3.68402e-19
1.731088940e+00  4.1812164e-12  4.18122e-12  4.18122e-12  4.15958e-19
1.739744385e+00  4.1632721e-12  4.16327e-12  4.16327e-12  4.68862e-19
1.748443107e+00  4.1426276e-12  4.14263e-12  4.14263e-12  5.28495e-19
1.757185322e+00  4.1253498e-12  4.12535e-12  4.12535e-12  5.94797e-19
1.765971249e+00  4.0965367e-12  4.09654e-12  4.09654e-12  6.70951e-19
1.774801105e+00  4.0753547e-12  4.07535e-12  4.07535e-12  7.54877e-19
1.783675111e+00  4.0538638e-12  4.05386e-12  4.05386e-12  8.48806e-19
1.792593486e+00  4.0411735e-12  4.04117e-12  4.04117e-12  9.51595e-19
1.801556454e+00  4.0283962e-12  4.02840e-12  4.02840e-12  1.06612e-18
1.810564236e+00  4.0030448e-12  4.00304e-12  4.00304e-12  1.19763e-18
1.819617057e+00  3.9761349e-12  3.97613e-12  3.97613e-12  1.34507e-18
1.828715142e+00  3.9513764e-12  3.95138e-12  3.95137e-12  1.50884e-18
1.837858718e+00  3.9362812e-12  3.93628e-12  3.93628e-12  1.68706e-18
1.847048012e+00  3.9213609e-12  3.92136e-12  3.92136e-12  1.88500e-18
1.856283252e+00  3.8994562e-12  3.89946e-12  3.89945e-12  2.10884e-18
1.865564668e+00  3.8834233e-12  3.88342e-12  3.88342e-12  2.35394e-18
1.874892491e+00  3.8747976e-12  3.87480e-12  3.87479e-12  2.62040e-18
1.884266954e+00  3.8482117e-12  3.84821e-12  3.84821e-12  2.92985e-18
1.893688289e+00  3.8161986e-12  3.81620e-12  3.81620e-12  3.27891e-18
1.903156730e+00  3.7920943e-12  3.79209e-12  3.79209e-12  3.65920e-18
1.912672514e+00  3.7721256e-12  3.77213e-12  3.77212e-12  4.07632e-18
1.922235876e+00  3.7564367e-12  3.75644e-12  3.75643e-12  4.53261e-18
1.931847056e+00  3.7379863e-12  3.73799e-12  3.73798e-12  5.04088e-18
1.941506291e+00  3.7227493e-12  3.72275e-12  3.72274e-12  5.59745e-18
1.951213822e+00  3.7067671e-12  3.70677e-12  3.70676e-12  6.21297e-18
1.960969892e+00  3.6863175e-12  3.68632e-12  3.68631e-12  6.90110e-18
1.970774741e+00  3.6738160e-12  3.67382e-12  3.67381e-12  7.64270e-18
1.980628615e+00  3.6551900e-12  3.65519e-12  3.65518e-12  8.47436e-18
1.990531758e+00  3.6448792e-12  3.64488e-12  3.64487e-12  9.36718e-18
2.000484417e+00  3.6186590e-12  3.61866e-12  3.61865e-12  1.03983e-17
2.010486839e+00  3.6153055e-12  3.61531e-12  3.61529e-12  1.14551e-17
2.020539273e+00  3.5965622e-12  3.59656e-12  3.59655e-12  1.26718e-17
2.030641969e+00  3.5804004e-12  3.58040e-12  3.58039e-12  1.39982e-17
2.040795179e+00  3.5689191e-12  3.56892e-12  3.56890e-12  1.54313e-17
2.050999155e+00  3.5533004e-12  3.55330e-12  3.55328e-12  1.70234e-17
2.061254151e+00  3.5319678e-12  3.53197e-12  3.53195e-12  1.88036e-17
2.071560421e+00  3.5186518e-12  3.51865e-12  3.51863e-12  2.07041e-17
2.081918224e+00  3.5036556e-12  3.50366e-12  3.50363e-12  2.27960e-17
2.092327815e+00  3.4884411e-12  3.48844e-12  3.48842e-12  2.50864e-17
2.102789454e+00  3.4730782e-12  3.47308e-12  3.47305e-12  2.75925e-17
2.113303401e+00  3.4509013e-12  3.45090e-12  3.45087e-12  3.04015e-17
2.123869918e+00  3.4348499e-12  3.43485e-12  3.43482e-12  3.34090e-17
2.134489268e+00  3.4229716e-12  3.42297e-12  3.42293e-12  3.66408e-17
2.145161714e+00  3.4118529e-12  3.41185e-12  3.41181e-12  4.01512e-17
2.155887523e+00  3.3969184e-12  3.39692e-12  3.39687e-12  4.40310e-17
2.166666960e+00  3.3902849e-12  3.39028e-12  3.39024e-12  4.81170e-17
2.177500295e+00  3.3776076e-12  3.37761e-12  3.37755e-12  5.26637e-17
2.188387796e+00  3.3620679e-12  3.36207e-12  3.36201e-12  5.76670e-17
2.199329735e+00  3.3439668e-12  3.34397e-12  3.34390e-12  6.31703e-17
2.210326384e+00  3.3292195e-12  3.32922e-12  3.32915e-12  6.90769e-17
2.221378016e+00  3.3156595e-12  3.31566e-12  3.31558e-12  7.54614e-17
2.232484906e+00  3.2950920e-12  3.29509e-12  3.29501e-12  8.26074e-17
2.243647331e+00  3.2822337e-12  3.28223e-12  3.28214e-12  9.01218e-17
2.254865567e+00  3.2667503e-12  3.26675e-12  3.26665e-12  9.83642e-17
2.266139895e+00  3.2497476e-12  3.24975e-12  3.24964e-12  1.07367e-16
2.277470595e+00  3.2270769e-12  3.22708e-12  3.22696e-12  1.17391e-16
2.288857948e+00  3.2094084e-12  3.20941e-12  3.20928e-12  1.28039e-16
2.300302237e+00  3.1952111e-12  3.19521e-12  3.19507e-12  1.39392e-16
2.311803748e+00  3.1775888e-12  3.17759e-12  3.17744e-12  1.51878e-16
2.323362767e+00  3.1557083e-12  3.15571e-12  3.15554e-12  1.65684e-16
2.334979581e+00  3.1510404e-12  3.15104e-12  3.15086e-12  1.79406e-16
2.346654479e+00  3.1283990e-12  3.12840e-12  3.12820e-12  1.95583e-16
2.358387751e+00  3.1147231e-12  3.11472e-12  3.11451e-12  2.12335e-16
2.370179690e+00  3.0941082e-12  3.09411e-12  3.09388e-12  2.31071e-16
2.382030589e+00  3.0736868e-12  3.07369e-12  3.07344e-12  2.51323e-16
2.393940742e+00  3.0602341e-12  3.06023e-12  3.05996e-12  2.72422e-16
2.405910445e+00  3.0419245e-12  3.04192e-12  3.04163e-12  2.95754e-16
2.417939997e+00  3.0244204e-12  3.02442e-12  3.02410e-12  3.20825e-16
2.430029697e+00  3.0051057e-12  3.00511e-12  3.00476e-12  3.48130e-16
2.442179846e+00  2.9895029e-12  2.98950e-12  2.98913e-12  3.76976e-16
2.454390745e+00  2.9702595e-12  2.97026e-12  2.96985e-12  4.08675e-16
2.466662699e+00  2.9491172e-12  2.94912e-12  2.94867e-12  4.43215e-16
2.478996012e+00  2.9319511e-12  2.93195e-12  2.93147e-12  4.79612e-16
2.491390992e+00  2.9090441e-12  2.90904e-12  2.90852e-12  5.20110e-16
2.503847947e+00  2.8809779e-12  2.88098e-12  2.88041e-12  5.65113e-16
2.516367187e+00  2.8630751e-12  2.86308e-12  2.86246e-12  6.10939e-16
2.528949023e+00  2.8454399e-12  2.84544e-12  2.84478e-12  6.60111e-16
2.541593768e+00  2.8278696e-12  2.82787e-12  2.82716e-12  7.12907e-16
2.554301737e+00  2.8104638e-12  2.81046e-12  2.80969e-12  7.69533e-16
2.567073246e+00  2.7929757e-12  2.79298e-12  2.79215e-12  8.30330e-16
2.579908612e+00  2.7750190e-12  2.77502e-12  2.77412e-12  8.95747e-16
2.592808155e+00  2.7570419e-12  2.75704e-12  2.75608e-12  9.65921e-16
2.605772196e+00  2.7387587e-12  2.73876e-12  2.73772e-12  1.04131e-15
2.618801057e+00  2.7199877e-12  2.71999e-12  2.71887e-12  1.12239e-15
2.631895062e+00  2.7013103e-12  2.70131e-12  2.70010e-12  1.20924e-15
2.645054537e+00  2.6815988e-12  2.68160e-12  2.68030e-12  1.30296e-15
2.658279810e+00  2.6623719e-12  2.66237e-12  2.66097e-12  1.40305e-15
2.671571209e+00  2.6409350e-12  2.64093e-12  2.63942e-12  1.51192e-15
2.684929065e+00  2.6100742e-12  2.61007e-12  2.60844e-12  1.63637e-15
2.698353710e+00  2.5544813e-12  2.55448e-12  2.55269e-12  1.79249e-15
2.711845479e+00  2.4921534e-12  2.49215e-12  2.49018e-12  1.96911e-15
2.725404706e+00  2.4337752e-12  2.43378e-12  2.43162e-12  2.15787e-15
2.739031730e+00  2.3697633e-12  2.36976e-12  2.36739e-12  2.36996e-15
2.752726889e+00  2.3074778e-12  2.30748e-12  2.30488e-12  2.59938e-15
2.766490523e+00  2.2560413e-12  2.25604e-12  2.25321e-12  2.83521e-15
2.780322976e+00  2.2040497e-12  2.20405e-12  2.20096e-12  3.09201e-15
2.794224591e+00  2.1581115e-12  2.15811e-12  2.15475e-12  3.36137e-15
2.808195713e+00  2.1340956e-12  2.13410e-12  2.13048e-12  3.61641e-15
2.822236692e+00  2.1288701e-12  2.12887e-12  2.12501e-12  3.85575e-15
2.836347875e+00  2.1175370e-12  2.11754e-12  2.11342e-12  4.12087e-15
2.850529615e+00  2.1058675e-12  2.10587e-12  2.10146e-12  4.40317e-15
2.864782263e+00  2.0928291e-12  2.09283e-12  2.08812e-12  4.70604e-15
2.879106174e+00  2.0790351e-12  2.07904e-12  2.07401e-12  5.02968e-15
2.893501705e+00  2.0658199e-12  2.06582e-12  2.06045e-12  5.37209e-15
2.907969214e+00  2.0529289e-12  2.05293e-12  2.04719e-12  5.73478e-15
2.922509060e+00  2.0404386e-12  2.04044e-12  2.03432e-12  6.11850e-15
2.937121605e+00  2.0283428e-12  2.02834e-12  2.02182e-12  6.52419e-15
2.951807213e+00  2.0171928e-12  2.01719e-12  2.01024e-12  6.95091e-15
2.966566249e+00  2.0074041e-12  2.00740e-12  2.00001e-12  7.39763e-15
2.981399080e+00  1.9987124e-12  1.99871e-12  1.99085e-12  7.86559e-15
2.996306076e+00  1.9899671e-12  1.98997e-12  1.98161e-12  8.36012e-15
3.011287606e+00  1.9810562e-12  1.98106e-12  1.97217e-12  8.88306e-15
3.026344044e+00  1.9719862e-12  1.97199e-12  1.96255e-12  9.43591e-15
3.041475764e+00  1.9623083e-12  1.96231e-12  1.95229e-12  1.00227e-14
3.056683143e+00  1.9510609e-12  1.95106e-12  1.94041e-12  1.06511e-14
3.071966559e+00  1.9389202e-12  1.93892e-12  1.92760e-12  1.13206e-14
3.087326392e+00  1.9264674e-12  1.92647e-12  1.91444e-12  1.20303e-14
3.102763024e+00  1.9157356e-12  1.91574e-12  1.90297e-12  1.27681e-14
3.118276839e+00  1.9055936e-12  1.90559e-12  1.89205e-12  1.35419e-14
3.133868223e+00  1.8963923e-12  1.89639e-12  1.88204e-12  1.43501e-14
3.149537564e+00  1.8867502e-12  1.88675e-12  1.87155e-12  1.52051e-14
3.165285252e+00  1.8774643e-12  1.87746e-12  1.86136e-12  1.61023e-14
3.181111678e+00  1.8684594e-12  1.86846e-12  1.85142e-12  1.70438e-14
3.197017237e+00  1.8595226e-12  1.85952e-12  1.84149e-12  1.80336e-14
3.213002323e+00  1.8505180e-12  1.85052e-12  1.83144e-12  1.90753e-14
3.229067334e+00  1.8411425e-12  1.84114e-12  1.82097e-12  2.01752e-14
3.245212671e+00  1.8314782e-12  1.83148e-12  1.81014e-12  2.13355e-14
3.261438734e+00  1.8208285e-12  1.82083e-12  1.79826e-12  2.25695e-14
3.277745928e+00  1.8091576e-12  1.80916e-12  1.78527e-12  2.38833e-14
3.294134658e+00  1.7966310e-12  1.79663e-12  1.77135e-12  2.52805e-14
3.310605331e+00  1.7825217e-12  1.78252e-12  1.75574e-12  2.67797e-14
3.327158358e+00  1.7682484e-12  1.76825e-12  1.73988e-12  2.83643e-14
3.343794149e+00  1.7521768e-12  1.75218e-12  1.72211e-12  3.00711e-14
3.360513120e+00  1.7334369e-12  1.73344e-12  1.70151e-12  3.19298e-14
3.377315686e+00  1.7147756e-12  1.71478e-12  1.68088e-12  3.38957e-14
3.394202264e+00  1.7031752e-12  1.70318e-12  1.66737e-12  3.58094e-14
3.411173276e+00  1.6849771e-12  1.68498e-12  1.64699e-12  3.79893e-14
3.428229142e+00  1.6810254e-12  1.68103e-12  1.64111e-12  3.99123e-14
3.445370288e+00  1.6766085e-12  1.67661e-12  1.63468e-12  4.19322e-14
3.462597139e+00  1.6672117e-12  1.66721e-12  1.62302e-12  4.41926e-14
3.479910125e+00  1.6528380e-12  1.65284e-12  1.60611e-12  4.67263e-14
3.497309675e+00  1.6380894e-12  1.63809e-12  1.58868e-12  4.94108e-14
3.514796224e+00  1.6320232e-12  1.63202e-12  1.58010e-12  5.19223e-14
3.532370205e+00  1.6237335e-12  1.62373e-12  1.56910e-12  5.46350e-14
3.550032056e+00  1.6123210e-12  1.61232e-12  1.55471e-12  5.76080e-14
3.567782216e+00  1.5999978e-12  1.60000e-12  1.53922e-12  6.07744e-14
3.585621127e+00  1.5875375e-12  1.58754e-12  1.52342e-12  6.41132e-14
3.603549233e+00  1.5745697e-12  1.57457e-12  1.50692e-12  6.76534e-14
3.621566979e+00  1.5608242e-12  1.56082e-12  1.48940e-12  7.14239e-14
3.639674814e+00  1.5469423e-12  1.54694e-12  1.47154e-12  7.54067e-14
3.657873188e+00  1.5342110e-12  1.53421e-12  1.45467e-12  7.95374e-14
3.676162554e+00  1.5214669e-12  1.52147e-12  1.43758e-12  8.38901e-14
3.694543367e+00  1.5083100e-12  1.50831e-12  1.41980e-12  8.85052e-14
3.713016084e+00  1.4944645e-12  1.49446e-12  1.40104e-12  9.34215e-14
3.731581164e+00  1.4807725e-12  1.48077e-12  1.38217e-12  9.85987e-14
3.750239070e+00  1.4678856e-12  1.46789e-12  1.36389e-12  1.03998e-13
3.768990265e+00  1.4548495e-12  1.45485e-12  1.34514e-12  1.09707e-13
3.787835216e+00  1.4419921e-12  1.44199e-12  1.32627e-12  1.15718e-13
3.806774393e+00  1.4301134e-12  1.43011e-12  1.30815e-12  1.21968e-13
3.825808265e+00  1.4193949e-12  1.41939e-12  1.29095e-12  1.28442e-13
3.844937306e+00  1.4110489e-12  1.41105e-12  1.27604e-12  1.35005e-13
3.864161992e+00  1.4037913e-12  1.40379e-12  1.26201e-12  1.41782e-13
3.883482802e+00  1.3967295e-12  1.39673e-12  1.24785e-12  1.48881e-13
3.902900216e+00  1.3902229e-12  1.39022e-12  1.23395e-12  1.56272e-13
3.922414717e+00  1.3834737e-12  1.38347e-12  1.21940e-12  1.64076e-13
3.942026791e+00  1.3763934e-12  1.37639e-12  1.20405e-12  1.72339e-13
3.961736925e+00  1.3682772e-12  1.36828e-12  1.18707e-12  1.81209e-13
3.981545610e+00  1.3583453e-12  1.35835e-12  1.16746e-12  1.90881e-13
4.001453338e+00  1.3474643e-12  1.34746e-12  1.14617e-12  2.01292e-13
4.021460604e+00  1.3411813e-12  1.34118e-12  1.12973e-12  2.11451e-13
4.041567907e+00  1.3416917e-12  1.34169e-12  1.12090e-12  2.20790e-13
4.061775747e+00  1.3419357e-12  1.34194e-12  1.11132e-12  2.30620e-13
4.082084626e+00  1.3399329e-12  1.33993e-12  1.09849e-12  2.41441e-13
4.102495049e+00  1.3366146e-12  1.33661e-12  1.08346e-12  2.53158e-13
4.123007524e+00  1.3331498e-12  1.33315e-12  1.06758e-12  2.65571e-13
4.143622562e+00  1.3302945e-12  1.33029e-12  1.05176e-12  2.78531e-13
4.164340674e+00  1.3278759e-12  1.32788e-12  1.03576e-12  2.92116e-13
4.185162378e+00  1.3256017e-12  1.32560e-12  1.01914e-12  3.06461e-13
4.206088190e+00  1.3245970e-12  1.32460e-12  1.00335e-12  3.21246e-13
4.227118631e+00  1.3256172e-12  1.32562e-12  9.89430e-13  3.36187e-13
4.248254224e+00  1.3253635e-12  1.32536e-12  9.72856e-13  3.52508e-13
4.269495495e+00  1.3262317e-12  1.32623e-12  9.56834e-13  3.69397e-13
4.290842972e+00  1.3282958e-12  1.32830e-12  9.41464e-13  3.86832e-13
4.312297187e+00  1.3304773e-12  1.33048e-12  9.25147e-13  4.05331e-13
4.333858673e+00  1.3334795e-12  1.33348e-12  9.08834e-13  4.24645e-13
4.355527967e+00  1.3374883e-12  1.33749e-12  8.92766e-13  4.44723e-13
4.377305606e+00  1.3425630e-12  1.34256e-12  8.77001e-13  4.65562e-13
4.399192134e+00  1.3487833e-12  1.34878e-12  8.61640e-13  4.87143e-13
4.421188095e+00  1.3560352e-12  1.35604e-12  8.46468e-13  5.09567e-13
4.443294036e+00  1.3646125e-12  1.36461e-12  8.31959e-13  5.32654e-13
4.465510506e+00  1.3741672e-12  1.37417e-12  8.17483e-13  5.56684e-13
4.487838058e+00  1.3843073e-12  1.38431e-12  8.02232e-13  5.82076e-13
4.510277249e+00  1.3954379e-12  1.39544e-12  7.86831e-13  6.08607e-13
4.532828635e+00  1.4079111e-12  1.40791e-12  7.71905e-13  6.36006e-13
4.555492778e+00  1.4214328e-12  1.42143e-12  7.56793e-13  6.64639e-13
4.578270242e+00  1.4358349e-12  1.43583e-12  7.40973e-13  6.94862e-13
4.601161593e+00  1.4520383e-12  1.45204e-12  7.26470e-13  7.25568e-13
4.624167401e+00  1.4697176e-12  1.46972e-12  7.12578e-13  7.57140e-13
4.647288238e+00  1.4888357e-12  1.48884e-12  6.99208e-13  7.89628e-13
4.670524679e+00  1.5092612e-12  1.50926e-12  6.85951e-13  8.23310e-13
4.693877303e+00  1.5307621e-12  1.53076e-12  6.71886e-13  8.58876e-13
4.717346689e+00  1.5537464e-12  1.55375e-12  6.58117e-13  8.95629e-13
4.740933423e+00  1.5782385e-12  1.57824e-12  6.44658e-13  9.33581e-13
4.764638090e+00  1.6038937e-12  1.60389e-12  6.29597e-13  9.74296e-13
4.788461280e+00  1.6309273e-12  1.63093e-12  6.12888e-13  1.01804e-12
4.812403587e+00  1.6593956e-12  1.65940e-12  5.92953e-13  1.06644e-12
4.836465604e+00  1.6895530e-12  1.68955e-12  5.67468e-13  1.12209e-12
4.860647933e+00  1.7219012e-12  1.72190e-12  5.30272e-13  1.19163e-12
4.884951172e+00  1.7580240e-12  1.75802e-12  4.65866e-13  1.29216e-12
4.909375928e+00  1.8002764e-12  1.80028e-12  4.03844e-13  1.39643e-12
4.933922808e+00  1.8468671e-12  1.84687e-12  3.64288e-13  1.48258e-12
4.958592422e+00  1.8946515e-12  1.89465e-12  3.49799e-13  1.54485e-12
4.983385384e+00  1.9404359e-12  1.94044e-12  3.59352e-13  1.58108e-12
5.008302311e+00  1.9865555e-12  1.98656e-12  3.67837e-13  1.61872e-12
5.033343822e+00  2.0346370e-12  2.03464e-12  3.69927e-13  1.66471e-12
5.058510541e+00  2.0854351e-12  2.08544e-12  3.66281e-13  1.71915e-12
5.083803094e+00  2.1400215e-12  2.14002e-12  3.56553e-13  1.78347e-12
5.109222110e+00  2.1989140e-12  2.19891e-12  3.41958e-13  1.85696e-12
5.134768220e+00  2.2621603e-12  2.26216e-12  3.24220e-13  1.93794e-12
5.160442061e+00  2.3298537e-12  2.32985e-12  3.04348e-13  2.02551e-12
5.186244272e+00  2.4007596e-12  2.40076e-12  2.85126e-13  2.11563e-12
5.212175493e+00  2.4746308e-12  2.47463e-12  2.66917e-13  2.20771e-12
5.238236370e+00  2.5444633e-12  2.54446e-12  2.58819e-13  2.28564e-12
5.264427552e+00  2.6114431e-12  2.61144e-12  2.57024e-13  2.35442e-12
5.290749690e+00  2.6809272e-12  2.68093e-12  2.54169e-13  2.42676e-12
5.317203438e+00  2.7550105e-12  2.75501e-12  2.48372e-13  2.50664e-12
5.343789456e+00  2.8347428e-12  2.83474e-12  2.39303e-13  2.59544e-12
5.370508403e+00  2.9223548e-12  2.92235e-12  2.25724e-13  2.69663e-12
5.397360945e+00  3.0127987e-12  3.01280e-12  2.12760e-13  2.80004e-12
5.424347750e+00  3.1096628e-12  3.10966e-12  1.97617e-13  2.91205e-12
5.451469488e+00  3.2029176e-12  3.20292e-12  1.88017e-13  3.01490e-12
5.478726836e+00  3.2879871e-12  3.28799e-12  1.86134e-13  3.10185e-12
5.506120470e+00  3.3731509e-12  3.37315e-12  1.85380e-13  3.18777e-12
5.533651072e+00  3.4671947e-12  3.46719e-12  1.80300e-13  3.28690e-12
5.561319328e+00  3.5789974e-12  3.57900e-12  1.66591e-13  3.41241e-12
5.589125924e+00  3.7163142e-12  3.71631e-12  1.41538e-13  3.57478e-12
5.617071554e+00  3.8447305e-12  3.84473e-12  1.24482e-13  3.72025e-12
5.645156912e+00  3.9397085e-12  3.93971e-12  1.26095e-13  3.81361e-12
5.673382696e+00  4.0110612e-12  4.01106e-12  1.39126e-13  3.87194e-12
5.701749610e+00  4.0707460e-12  4.07075e-12  1.56678e-13  3.91407e-12
5.730258358e+00  4.1306607e-12  4.13066e-12  1.73127e-13  3.95753e-12
5.758909650e+00  4.2072605e-12  4.20726e-12  1.82094e-13  4.02517e-12
5.787704198e+00  4.3164783e-12  4.31648e-12  1.78601e-13  4.13788e-12
5.816642719e+00  4.4369744e-12  4.43697e-12  1.71957e-13  4.26502e-12
5.845725932e+00  4.5580556e-12  4.55806e-12  1.66250e-13  4.39181e-12
5.874954562e+00  4.6791701e-12  4.67917e-12  1.61556e-13  4.51761e-12
5.904329335e+00  4.7921853e-12  4.79219e-12  1.60297e-13  4.63189e-12
5.933850982e+00  4.9104244e-12  4.91042e-12  1.58072e-13  4.75235e-12
5.963520237e+00  5.0480787e-12  5.04808e-12  1.50957e-13  4.89712e-12
5.993337838e+00  5.1848136e-12  5.18481e-12  1.45132e-13  5.03968e-12
6.023304527e+00  5.2619082e-12  5.26191e-12  1.55858e-13  5.10605e-12
6.053421050e+00  5.2322576e-12  5.23226e-12  1.92984e-13  5.03927e-12
6.083688155e+00  5.2074805e-12  5.20748e-12  2.26344e-13  4.98114e-12
6.114106596e+00  5.2247626e-12  5.22476e-12  2.47642e-13  4.97712e-12
6.144677129e+00  5.2923091e-12  5.29231e-12  2.56357e-13  5.03595e-12
6.175400514e+00  5.3937691e-12  5.39377e-12  2.57379e-13  5.13639e-12
6.206277517e+00  5.5133645e-12  5.51336e-12  2.54809e-13  5.25856e-12
6.237308904e+00  5.6461099e-12  5.64611e-12  2.50034e-13  5.39608e-12
6.268495449e+00  5.7808362e-12  5.78084e-12  2.45435e-13  5.53540e-12
6.299837926e+00  5.9004132e-12  5.90041e-12  2.44153e-13  5.65626e-12
6.331337116e+00  6.0031522e-12  6.00315e-12  2.46135e-13  5.75702e-12
6.362993801e+00  6.1213211e-12  6.12132e-12  2.45512e-13  5.87581e-12
6.394808770e+00  6.2549352e-12  6.25494e-12  2.42551e-13  6.01238e-12
6.426782814e+00  6.3825138e-12  6.38251e-12  2.40912e-13  6.14160e-12
6.458916728e+00  6.5162094e-12  6.51621e-12  2.38594e-13  6.27762e-12
6.491211312e+00  6.6541433e-12  6.65414e-12  2.35945e-13  6.41820e-12
6.523667368e+00  6.7970126e-12  6.79701e-12  2.32902e-13  6.56411e-12
6.556285705e+00  6.9300755e-12  6.93008e-12  2.31544e-13  6.69853e-12
6.589067134e+00  7.0642033e-12  7.06420e-12  2.30254e-13  6.83395e-12
6.622012469e+00  7.2131728e-12  7.21317e-12  2.27241e-13  6.98593e-12
6.655122532e+00  7.3873212e-12  7.38732e-12  2.21383e-13  7.16594e-12
6.688398144e+00  7.5859110e-12  7.58591e-12  2.13049e-13  7.37286e-12
6.721840135e+00  7.8036527e-12  7.80365e-12  2.03106e-13  7.60055e-12
6.755449336e+00  8.0390991e-12  8.03910e-12  1.91887e-13  7.84721e-12
6.789226583e+00  8.2617776e-12  8.26178e-12  1.82873e-13  8.07890e-12
6.823172715e+00  8.4450108e-12  8.44501e-12  1.78714e-13  8.26630e-12
6.857288579e+00  8.6054600e-12  8.60546e-12  1.77255e-13  8.42821e-12
6.891575022e+00  8.7865805e-12  8.78658e-12  1.73915e-13  8.61267e-12
6.926032897e+00  9.0105666e-12  9.01057e-12  1.66719e-13  8.84385e-12
6.960663062e+00  9.2474668e-12  9.24747e-12  1.58831e-13  9.08864e-12
6.995466377e+00  9.5060372e-12  9.50604e-12  1.49526e-13  9.35651e-12
7.030443709e+00  9.7816521e-12  9.78165e-12  1.39352e-13  9.64230e-12
7.065595927e+00  1.0006539e-11  1.00065e-11  1.34207e-13  9.87233e-12
7.100923907e+00  1.0198612e-11  1.01986e-11  1.32175e-13  1.00664e-11
7.136428526e+00  1.0409599e-11  1.04096e-11  1.28813e-13  1.02808e-11
7.172110669e+00  1.0644140e-11  1.06441e-11  1.23874e-13  1.05203e-11
7.207971222e+00  1.0879083e-11  1.08791e-11  1.19260e-13  1.07598e-11
7.244011079e+00  1.1093713e-11  1.10937e-11  1.16481e-13  1.09772e-11
7.280231134e+00  1.1305020e-11  1.13050e-11  1.14167e-13  1.11909e-11
7.316632290e+00  1.1558138e-11  1.15581e-11  1.09124e-13  1.14490e-11
7.353215451e+00  1.1836585e-11  1.18366e-11  1.02701e-13  1.17339e-11
7.389981528e+00  1.2111656e-11  1.21117e-11  9.69157e-14  1.20147e-11
7.426931436e+00  1.2386150e-11  1.23862e-11  9.15429e-14  1.22946e-11
7.464066093e+00  1.2666005e-11  1.26660e-11  8.61846e-14  1.25798e-11
7.501386424e+00  1.2940246e-11  1.29402e-11  8.15134e-14  1.28587e-11
7.538893356e+00  1.3196960e-11  1.31970e-11  7.81855e-14  1.31188e-11
7.576587822e+00  1.3433449e-11  1.34334e-11  7.62541e-14  1.33572e-11
7.614470762e+00  1.3643060e-11  1.36431e-11  7.59847e-14  1.35671e-11
7.652543115e+00  1.3851109e-11  1.38511e-11  7.58637e-14  1.37752e-11
7.690805831e+00  1.4076234e-11  1.40762e-11  7.48853e-14  1.40013e-11
7.729259860e+00  1.4319522e-11  1.43195e-11  7.30573e-14  1.42465e-11
7.767906159e+00  1.4581634e-11  1.45816e-11  7.04107e-14  1.45112e-11
7.806745690e+00  1.4838643e-11  1.48386e-11  6.81866e-14  1.47705e-11
7.845779419e+00  1.5076464e-11  1.50765e-11  6.70306e-14  1.50094e-11
7.885008316e+00  1.5321649e-11  1.53216e-11  6.56205e-14  1.52560e-11
7.924433357e+00  1.5583534e-11  1.55835e-11  6.35486e-14  1.55200e-11
7.964055524e+00  1.5854390e-11  1.58544e-11  6.12078e-14  1.57932e-11
8.003875802e+00  1.6145904e-11  1.61459e-11  5.81113e-14  1.60878e-11
8.043895181e+00  1.6453796e-11  1.64538e-11  5.44965e-14  1.63993e-11
8.084114657e+00  1.6774342e-11  1.67743e-11  5.05570e-14  1.67238e-11
8.124535230e+00  1.7099522e-11  1.70995e-11  4.66421e-14  1.70529e-11
8.165157906e+00  1.7415816e-11  1.74158e-11  4.32852e-14  1.73725e-11
8.205983696e+00  1.7715767e-11  1.77158e-11  4.07358e-14  1.76750e-11
8.247013614e+00  1.7990034e-11  1.79900e-11  3.92895e-14  1.79507e-11
8.288248682e+00  1.8252795e-11  1.82528e-11  3.83504e-14  1.82144e-11
8.329689926e+00  1.8525154e-11  1.85252e-11  3.71277e-14  1.84880e-11
8.371338375e+00  1.8813174e-11  1.88132e-11  3.54283e-14  1.87777e-11
8.413195067e+00  1.9104201e-11  1.91042e-11  3.37170e-14  1.90705e-11
8.455261042e+00  1.9387606e-11  1.93876e-11  3.23496e-14  1.93553e-11
8.497537348e+00  1.9663754e-11  1.96638e-11  3.12909e-14  1.96325e-11
8.540025034e+00  1.9939731e-11  1.99397e-11  3.02939e-14  1.99094e-11
8.582725160e+00  2.0226103e-11  2.02261e-11  2.90247e-14  2.01971e-11
8.625638785e+00  2.0518206e-11  2.05182e-11  2.76430e-14  2.04906e-11
8.668766979e+00  2.0811742e-11  2.08117e-11  2.62841e-14  2.07855e-11
8.712110814e+00  2.1103250e-11  2.11032e-11  2.50473e-14  2.10782e-11
8.755671368e+00  2.1395794e-11  2.13958e-11  2.38370e-14  2.13720e-11
8.799449725e+00  2.1684065e-11  2.16841e-11  2.27995e-14  2.16613e-11
8.843446974e+00  2.1961379e-11  2.19614e-11  2.21058e-14  2.19393e-11
8.887664209e+00  2.2212207e-11  2.22122e-11  2.21482e-14  2.21901e-11
8.932102530e+00  2.2436860e-11  2.24369e-11  2.28711e-14  2.24140e-11
8.976763042e+00  2.2625828e-11  2.26258e-11  2.44734e-14  2.26014e-11
9.021646857e+00  2.2746857e-11  2.27469e-11  2.77061e-14  2.27192e-11
9.066755092e+00  2.2792356e-11  2.27924e-11  3.26510e-14  2.27597e-11
9.112088867e+00  2.2753306e-11  2.27533e-11  3.94142e-14  2.27139e-11
9.157649312e+00  2.2622078e-11  2.26221e-11  4.80577e-14  2.25740e-11
9.203437558e+00  2.2453710e-11  2.24537e-11  5.71900e-14  2.23965e-11
9.249454746e+00  2.2204565e-11  2.22046e-11  6.77586e-14  2.21368e-11
9.295702020e+00  2.1795215e-11  2.17952e-11  8.14256e-14  2.17138e-11
9.342180530e+00  2.1446977e-11  2.14470e-11  9.31946e-14  2.13538e-11
9.388891432e+00  2.1446815e-11  2.14468e-11  9.70661e-14  2.13497e-11
9.435835890e+00  2.1647511e-11  2.16475e-11  9.65659e-14  2.15509e-11
9.483015069e+00  2.1863055e-11  2.18631e-11  9.57473e-14  2.17673e-11
9.530430144e+00  2.2074180e-11  2.20742e-11  9.50144e-14  2.19792e-11
9.578082295e+00  2.2311002e-11  2.23110e-11  9.37699e-14  2.22172e-11
9.625972707e+00  2.2550404e-11  2.25504e-11  9.24883e-14  2.24579e-11
9.674102570e+00  2.2768568e-11  2.27686e-11  9.16216e-14  2.26769e-11
9.722473083e+00  2.2967284e-11  2.29673e-11  9.11127e-14  2.28762e-11
9.771085448e+00  2.3144568e-11  2.31446e-11  9.09771e-14  2.30536e-11
9.819940876e+00  2.3292527e-11  2.32925e-11  9.13338e-14  2.32012e-11
9.869040580e+00  2.3432865e-11  2.34329e-11  9.17745e-14  2.33411e-11
9.918385783e+00  2.3571931e-11  2.35719e-11  9.21841e-14  2.34797e-11
9.967977712e+00  2.3723211e-11  2.37232e-11  9.23358e-14  2.36309e-11
1.001781760e+01  2.3860408e-11  2.38604e-11  9.26780e-14  2.37677e-11
1.006790669e+01  2.3821743e-11  2.38217e-11  9.58289e-14  2.37259e-11
1.011824622e+01  2.3424893e-11  2.34249e-11  1.04545e-13  2.33203e-11
1.016883745e+01  2.3286148e-11  2.32861e-11  1.08864e-13  2.31773e-11
1.021968164e+01  2.4052447e-11  2.40524e-11  9.90560e-14  2.39534e-11
1.027078005e+01  2.4889113e-11  2.48891e-11  8.84916e-14  2.48006e-11
1.032213395e+01  2.5193496e-11  2.51935e-11  8.61667e-14  2.51073e-11
1.037374462e+01  2.4906573e-11  2.49066e-11  9.25148e-14  2.48141e-11
1.042561334e+01  2.4201483e-11  2.42015e-11  1.04600e-13  2.40969e-11
1.047774141e+01  2.2478799e-11  2.24788e-11  1.30567e-13  2.23482e-11
1.053013012e+01  2.1621404e-11  2.16214e-11  1.43618e-13  2.14778e-11
1.058278077e+01  2.1678851e-11  2.16789e-11  1.43725e-13  2.15351e-11
1.063569467e+01  2.1968228e-11  2.19682e-11  1.40678e-13  2.18275e-11
1.068887314e+01  2.2356690e-11  2.23567e-11  1.36384e-13  2.22203e-11
1.074231751e+01  2.2781981e-11  2.27820e-11  1.31710e-13  2.26503e-11
1.079602910e+01  2.3181854e-11  2.31819e-11  1.27471e-13  2.30544e-11
1.085000924e+01  2.3664942e-11  2.36649e-11  1.22286e-13  2.35427e-11
1.090425929e+01  2.4146770e-11  2.41468e-11  1.17245e-13  2.40295e-11
1.095878058e+01  2.4601019e-11  2.46010e-11  1.12659e-13  2.44884e-11
1.101357449e+01  2.5038427e-11  2.50384e-11  1.08381e-13  2.49300e-11
1.106864236e+01  2.5409581e-11  2.54096e-11  1.04977e-13  2.53046e-11
1.112398557e+01  2.5829651e-11  2.58297e-11  1.01079e-13  2.57286e-11
1.117960550e+01  2.6252005e-11  2.62520e-11  9.72402e-14  2.61548e-11
1.123550353e+01  2.6659936e-11  2.66599e-11  9.36460e-14  2.65663e-11
1.129168104e+01  2.7130860e-11  2.71309e-11  8.94360e-14  2.70414e-11
1.134813945e+01  2.7780710e-11  2.77807e-11  8.33870e-14  2.76973e-11
1.140488015e+01  2.8576698e-11  2.85767e-11  7.59353e-14  2.85008e-11
1.146190455e+01  2.9485074e-11  2.94851e-11  6.75019e-14  2.94176e-11
1.151921407e+01  3.0579538e-11  3.05795e-11  5.73745e-14  3.05222e-11
1.157681014e+01  3.1718832e-11  3.17188e-11  4.70690e-14  3.16718e-11
1.163469419e+01  3.2534147e-11  3.25341e-11  4.02868e-14  3.24939e-11
1.169286766e+01  3.3073355e-11  3.30734e-11  3.64005e-14  3.30370e-11
1.175133200e+01  3.3570229e-11  3.35702e-11  3.30135e-14  3.35372e-11
1.181008866e+01  3.4038288e-11  3.40383e-11  2.99755e-14  3.40083e-11
1.186913910e+01  3.4072268e-11  3.40723e-11  3.10890e-14  3.40412e-11
1.192848480e+01  3.4070401e-11  3.40704e-11  3.24759e-14  3.40379e-11
1.198812722e+01  3.4349521e-11  3.43495e-11  3.12264e-14  3.43183e-11
1.204806786e+01  3.4724884e-11  3.47249e-11  2.91193e-14  3.46958e-11
1.210830820e+01  3.5067876e-11  3.50679e-11  2.73345e-14  3.50405e-11
1.216884974e+01  3.5377186e-11  3.53772e-11  2.58700e-14  3.53513e-11
1.222969399e+01  3.5682051e-11  3.56821e-11  2.44602e-14  3.56576e-11
1.229084246e+01  3.5954742e-11  3.59547e-11  2.33390e-14  3.59314e-11
1.235229667e+01  3.6185899e-11  3.61859e-11  2.25730e-14  3.61633e-11
1.241405815e+01  3.6403580e-11  3.64036e-11  2.19153e-14  3.63817e-11
1.247612845e+01  3.6603700e-11  3.66037e-11  2.13948e-14  3.65823e-11
1.253850909e+01  3.6796572e-11  3.67966e-11  2.09230e-14  3.67756e-11
1.260120163e+01  3.6987988e-11  3.69880e-11  2.04520e-14  3.69675e-11
1.266420764e+01  3.7171625e-11  3.71716e-11  2.00310e-14  3.71516e-11
1.272752868e+01  3.7348971e-11  3.73490e-11  1.96467e-14  3.73293e-11
1.279116632e+01  3.7521146e-11  3.75211e-11  1.92890e-14  3.75019e-11
1.285512215e+01  3.7688492e-11  3.76885e-11  1.89542e-14  3.76695e-11
1.291939776e+01  3.7862180e-11  3.78622e-11  1.85586e-14  3.78436e-11
1.298399475e+01  3.8037063e-11  3.80371e-11  1.81423e-14  3.80189e-11
1.304891473e+01  3.8215179e-11  3.82152e-11  1.76914e-14  3.81975e-11
1.311415930e+01  3.8396974e-11  3.83970e-11  1.72040e-14  3.83798e-11
1.317973010e+01  3.8578833e-11  3.85788e-11  1.67071e-14  3.85621e-11
1.324562875e+01  3.8759941e-11  3.87599e-11  1.62066e-14  3.87437e-11
1.331185689e+01  3.8924733e-11  3.89247e-11  1.58095e-14  3.89089e-11
1.337841618e+01  3.9094824e-11  3.90948e-11  1.53655e-14  3.90795e-11
1.344530826e+01  3.9256667e-11  3.92567e-11  1.49671e-14  3.92417e-11
1.351253480e+01  3.9416807e-11  3.94168e-11  1.45693e-14  3.94022e-11
1.358009747e+01  3.9582284e-11  3.95823e-11  1.41263e-14  3.95682e-11
1.364799796e+01  3.9753987e-11  3.97540e-11  1.36343e-14  3.97404e-11
1.371623795e+01  3.9909856e-11  3.99099e-11  1.32350e-14  3.98966e-11
1.378481914e+01  4.0072777e-11  4.00728e-11  1.27817e-14  4.00600e-11
1.385374323e+01  4.0239875e-11  4.02399e-11  1.22941e-14  4.02276e-11
1.392301195e+01  4.0404877e-11  4.04049e-11  1.18120e-14  4.03931e-11
1.399262701e+01  4.0568612e-11  4.05686e-11  1.13303e-14  4.05573e-11
1.406259015e+01  4.0727267e-11  4.07273e-11  1.08717e-14  4.07164e-11
1.413290310e+01  4.0882078e-11  4.08821e-11  1.04284e-14  4.08716e-11
1.420356761e+01  4.1018995e-11  4.10190e-11  1.00816e-14  4.10089e-11
1.427458545e+01  4.1155790e-11  4.11558e-11  9.72576e-15  4.11461e-11
1.434595838e+01  4.1316377e-11  4.13164e-11  9.22494e-15  4.13072e-11
1.441768817e+01  4.1464978e-11  4.14650e-11  8.78572e-15  4.14562e-11
1.448977661e+01  4.1607949e-11  4.16079e-11  8.37068e-15  4.15996e-11
1.456222549e+01  4.1730224e-11  4.17302e-11  8.06198e-15  4.17222e-11
1.463503662e+01  4.1848043e-11  4.18480e-11  7.76773e-15  4.18403e-11
1.470821180e+01  4.1974759e-11  4.19748e-11  7.41572e-15  4.19673e-11
1.478175286e+01  4.2094011e-11  4.20940e-11  7.09494e-15  4.20869e-11
1.485566163e+01  4.2193218e-11  4.21932e-11  6.87057e-15  4.21863e-11
1.492993994e+01  4.2275324e-11  4.22753e-11  6.72417e-15  4.22686e-11
1.500458964e+01  4.2335918e-11  4.23359e-11  6.67589e-15  4.23292e-11
1.507961258e+01  4.2371441e-11  4.23714e-11  6.74066e-15  4.23647e-11
1.515501065e+01  4.2368307e-11  4.23683e-11  6.98314e-15  4.23613e-11
1.523078570e+01  4.2269272e-11  4.22693e-11  7.68236e-15  4.22616e-11
1.530693963e+01  4.2060903e-11  4.20609e-11  8.88968e-15  4.20520e-11
1.538347433e+01  4.1849931e-11  4.18499e-11  1.00691e-14  4.18399e-11
1.546039170e+01  4.1546721e-11  4.15467e-11  1.16530e-14  4.15351e-11
1.553769366e+01  4.1113818e-11  4.11138e-11  1.38071e-14  4.11000e-11
1.561538212e+01  4.0835043e-11  4.08350e-11  1.51747e-14  4.08199e-11
1.569345903e+01  4.0589815e-11  4.05898e-11  1.63430e-14  4.05735e-11
1.577192633e+01  4.0378744e-11  4.03787e-11  1.73152e-14  4.03614e-11
1.585078596e+01  4.0318481e-11  4.03185e-11  1.75641e-14  4.03009e-11
1.593003989e+01  4.0312201e-11  4.03122e-11  1.75500e-14  4.02947e-11
1.600969009e+01  4.0371052e-11  4.03711e-11  1.72309e-14  4.03538e-11
1.608973854e+01  4.0487245e-11  4.04872e-11  1.66509e-14  4.04706e-11
1.617018723e+01  4.0699667e-11  4.06997e-11  1.56471e-14  4.06840e-11
1.625103817e+01  4.0881462e-11  4.08815e-11  1.47835e-14  4.08667e-11
1.633229336e+01  4.1108444e-11  4.11084e-11  1.37301e-14  4.10947e-11
1.641395483e+01  4.1334311e-11  4.13343e-11  1.26897e-14  4.13216e-11
1.649602460e+01  4.1518429e-11  4.15184e-11  1.18336e-14  4.15066e-11
1.657850473e+01  4.1759638e-11  4.17596e-11  1.07437e-14  4.17489e-11
1.666139725e+01  4.1896341e-11  4.18963e-11  1.00953e-14  4.18862e-11
1.674470424e+01  4.2071114e-11  4.20711e-11  9.29197e-15  4.20618e-11
1.682842776e+01  4.2159861e-11  4.21599e-11  8.84148e-15  4.21510e-11
1.691256990e+01  4.2171405e-11  4.21714e-11  8.69849e-15  4.21627e-11
1.699713274e+01  4.2083690e-11  4.20837e-11  8.94215e-15  4.20747e-11
1.708211841e+01  4.1851743e-11  4.18517e-11  9.73889e-15  4.18420e-11
1.716752900e+01  4.1552931e-11  4.15529e-11  1.07712e-14  4.15422e-11
1.725336665e+01  4.1133088e-11  4.11331e-11  1.22420e-14  4.11208e-11
1.733963348e+01  4.0684598e-11  4.06846e-11  1.37851e-14  4.06708e-11
1.742633165e+01  4.0135707e-11  4.01357e-11  1.56710e-14  4.01200e-11
1.751346330e+01  3.9588457e-11  3.95885e-11  1.75062e-14  3.95710e-11
1.760103062e+01  3.8979958e-11  3.89800e-11  1.95266e-14  3.89604e-11
1.768903577e+01  3.8487854e-11  3.84879e-11  2.10707e-14  3.84668e-11
1.777748095e+01  3.7995002e-11  3.79950e-11  2.25802e-14  3.79724e-11
1.786636836e+01  3.7677378e-11  3.76774e-11  2.34173e-14  3.76540e-11
1.795570020e+01  3.7365968e-11  3.73660e-11  2.42078e-14  3.73418e-11
1.804547870e+01  3.7067405e-11  3.70674e-11  2.49293e-14  3.70425e-11
1.813570609e+01  3.6646615e-11  3.66466e-11  2.60611e-14  3.66206e-11
1.822638462e+01  3.6294189e-11  3.62942e-11  2.69247e-14  3.62673e-11
1.831751655e+01  3.6099762e-11  3.60998e-11  2.72158e-14  3.60725e-11
1.840910413e+01  3.6097907e-11  3.60979e-11  2.68300e-14  3.60711e-11
1.850114965e+01  3.6062597e-11  3.60626e-11  2.65564e-14  3.60360e-11
1.859365540e+01  3.5864773e-11  3.58648e-11  2.68293e-14  3.58379e-11
1.868662368e+01  3.5377305e-11  3.53773e-11  2.80618e-14  3.53492e-11
1.878005679e+01  3.4692298e-11  3.46923e-11  2.99232e-14  3.46624e-11
1.887395708e+01  3.4097568e-11  3.40976e-11  3.14477e-14  3.40661e-11
1.896832686e+01  3.3843406e-11  3.38434e-11  3.18242e-14  3.38116e-11
1.906316850e+01  3.3938459e-11  3.39385e-11  3.10527e-14  3.39074e-11
1.915848434e+01  3.4352676e-11  3.43527e-11  2.92584e-14  3.43234e-11
1.925427676e+01  3.4675196e-11  3.46752e-11  2.77788e-14  3.46474e-11
1.935054815e+01  3.5019476e-11  3.50195e-11  2.62468e-14  3.49932e-11
1.944730089e+01  3.5383205e-11  3.53832e-11  2.46712e-14  3.53585e-11
1.954453739e+01  3.5598439e-11  3.55984e-11  2.35769e-14  3.55749e-11
1.964226008e+01  3.5738469e-11  3.57385e-11  2.27259e-14  3.57157e-11
1.974047138e+01  3.5678033e-11  3.56780e-11  2.24970e-14  3.56555e-11
1.983917374e+01  3.5583400e-11  3.55834e-11  2.23695e-14  3.55610e-11
1.993836960e+01  3.5745683e-11  3.57457e-11  2.14613e-14  3.57242e-11
2.003806145e+01  3.6249130e-11  3.62491e-11  1.95380e-14  3.62296e-11
2.013825176e+01  3.6864476e-11  3.68645e-11  1.73053e-14  3.68472e-11
2.023894302e+01  3.7472482e-11  3.74725e-11  1.51224e-14  3.74574e-11
2.034013773e+01  3.8006559e-11  3.80066e-11  1.31836e-14  3.79934e-11
2.044183842e+01  3.8439587e-11  3.84396e-11  1.15623e-14  3.84280e-11
2.054404761e+01  3.8738794e-11  3.87388e-11  1.03462e-14  3.87284e-11
2.064676785e+01  3.8952998e-11  3.89530e-11  9.38641e-15  3.89436e-11
2.075000169e+01  3.8898702e-11  3.88987e-11  9.19930e-15  3.88895e-11
2.085375170e+01  3.8579396e-11  3.85794e-11  9.75807e-15  3.85696e-11
2.095802046e+01  3.8147912e-11  3.81479e-11  1.06181e-14  3.81373e-11
2.106281056e+01  3.7673940e-11  3.76739e-11  1.15791e-14  3.76624e-11
2.116812461e+01  3.7294778e-11  3.72948e-11  1.22596e-14  3.72825e-11
2.127396524e+01  3.7037196e-11  3.70372e-11  1.25924e-14  3.70246e-11
2.138033506e+01  3.6945879e-11  3.69459e-11  1.24632e-14  3.69334e-11
2.148723674e+01  3.6977043e-11  3.69770e-11  1.20004e-14  3.69650e-11
2.159467292e+01  3.7052700e-11  3.70527e-11  1.14203e-14  3.70413e-11
2.170264629e+01  3.7081275e-11  3.70813e-11  1.09696e-14  3.70703e-11
2.181115952e+01  3.6934471e-11  3.69345e-11  1.09854e-14  3.69235e-11
2.192021532e+01  3.6501347e-11  3.65013e-11  1.17496e-14  3.64896e-11
2.202981639e+01  3.5913902e-11  3.59139e-11  1.29023e-14  3.59010e-11
2.213996547e+01  3.5132063e-11  3.51321e-11  1.45395e-14  3.51175e-11
2.225066530e+01  3.4238628e-11  3.42386e-11  1.64382e-14  3.42222e-11
2.236191863e+01  3.3443957e-11  3.34440e-11  1.80549e-14  3.34259e-11
2.247372822e+01  3.2885464e-11  3.28855e-11  1.90464e-14  3.28664e-11
2.258609686e+01  3.2535438e-11  3.25354e-11  1.94951e-14  3.25159e-11
2.269902735e+01  3.2286361e-11  3.22864e-11  1.96814e-14  3.22667e-11
2.281252248e+01  3.1991663e-11  3.19917e-11  1.99756e-14  3.19717e-11
2.292658510e+01  3.1542391e-11  3.15424e-11  2.06452e-14  3.15217e-11
2.304121802e+01  3.0848039e-11  3.08480e-11  2.19054e-14  3.08261e-11
2.315642411e+01  2.9986542e-11  2.99865e-11  2.35545e-14  2.99630e-11
2.327220623e+01  2.9113315e-11  2.91133e-11  2.52080e-14  2.90881e-11
2.338856726e+01  2.8384134e-11  2.83841e-11  2.64901e-14  2.83576e-11
2.350551010e+01  2.7833701e-11  2.78337e-11  2.73250e-14  2.78064e-11
2.362303765e+01  2.7411938e-11  2.74119e-11  2.78403e-14  2.73841e-11
2.374115284e+01  2.7063954e-11  2.70640e-11  2.81719e-14  2.70358e-11
2.385985860e+01  2.6803766e-11  2.68038e-11  2.82905e-14  2.67755e-11
2.397915789e+01  2.6705795e-11  2.67058e-11  2.80261e-14  2.66778e-11
2.409905368e+01  2.6802600e-11  2.68026e-11  2.73103e-14  2.67753e-11
2.421954895e+01  2.7183733e-11  2.71837e-11  2.59448e-14  2.71578e-11
2.434064670e+01  2.7831198e-11  2.78312e-11  2.39827e-14  2.78072e-11
2.446234993e+01  2.8609191e-11  2.86092e-11  2.17446e-14  2.85874e-11
2.458466168e+01  2.9322775e-11  2.93228e-11  1.96773e-14  2.93031e-11
2.470758499e+01  2.9790447e-11  2.97904e-11  1.81866e-14  2.97723e-11
2.483112291e+01  3.0031801e-11  3.00318e-11  1.72184e-14  3.00146e-11
2.495527853e+01  3.0170814e-11  3.01708e-11  1.64876e-14  3.01543e-11
