# ------------------------------------------------------------------------
# Radiance spectrum
# NASA-GSFC Planetary Spectrum Generator (PSG) (Villanueva et al. 2018, 2022)
# Synthesized on Wed Feb 14 22:13:24 2024
# Doppler velocities [km/s] (vobs,vrot+vorb,vwidth,vrfl,vstr): 0.00000,-0.00000,0.00000,-119.41115,-0.00000
# Spectral unit: Wavelength [um]
# Radiance unit: Spectral irradiance [W/m2/um]
# Wave/freq Total Object Reflected Thermal
5.000000000e-01  1.8395466e-12  1.83955e-12  1.83955e-12  1.55677e-46
5.025000000e-01  1.8936320e-12  1.89363e-12  1.89363e-12  2.44090e-46
5.050125000e-01  1.9304748e-12  1.93047e-12  1.93047e-12  3.82996e-46
5.075375625e-01  1.9608749e-12  1.96087e-12  1.96087e-12  6.00244e-46
5.100752503e-01  1.9914495e-12  1.99145e-12  1.99145e-12  9.38539e-46
5.126256266e-01  2.0206906e-12  2.02069e-12  2.02069e-12  1.46448e-45
5.151887547e-01  2.0503083e-12  2.05031e-12  2.05031e-12  2.27981e-45
5.177646985e-01  2.0829647e-12  2.08296e-12  2.08296e-12  3.53924e-45
5.203535220e-01  2.1149931e-12  2.11499e-12  2.11499e-12  5.48263e-45
5.229552896e-01  2.1420156e-12  2.14202e-12  2.14202e-12  8.48114e-45
5.255700660e-01  2.1709283e-12  2.17093e-12  2.17093e-12  1.30861e-44
5.281979164e-01  2.2063710e-12  2.20637e-12  2.20637e-12  2.01252e-44
5.308389059e-01  2.2412586e-12  2.24126e-12  2.24126e-12  3.08854e-44
5.334931005e-01  2.2743758e-12  2.27438e-12  2.27438e-12  4.73080e-44
5.361605660e-01  2.3066960e-12  2.30670e-12  2.30670e-12  7.23138e-44
5.388413688e-01  2.3375848e-12  2.33758e-12  2.33758e-12  1.10321e-43
5.415355756e-01  2.3697881e-12  2.36979e-12  2.36979e-12  1.67905e-43
5.442432535e-01  2.4030671e-12  2.40307e-12  2.40307e-12  2.54951e-43
5.469644698e-01  2.4385030e-12  2.43850e-12  2.43850e-12  3.86163e-43
5.496992921e-01  2.4749782e-12  2.47498e-12  2.47498e-12  5.83562e-43
5.524477886e-01  2.5108875e-12  2.51089e-12  2.51089e-12  8.80072e-43
5.552100275e-01  2.5464803e-12  2.54648e-12  2.54648e-12  1.32450e-42
5.579860777e-01  2.5779015e-12  2.57790e-12  2.57790e-12  1.99042e-42
5.607760081e-01  2.6091001e-12  2.60910e-12  2.60910e-12  2.98496e-42
5.635798881e-01  2.6393223e-12  2.63932e-12  2.63932e-12  4.46773e-42
5.663977875e-01  2.6679797e-12  2.66798e-12  2.66798e-12  6.67466e-42
5.692297765e-01  2.6948445e-12  2.69484e-12  2.69484e-12  9.95369e-42
5.720759254e-01  2.7258459e-12  2.72585e-12  2.72585e-12  1.48037e-41
5.749363050e-01  2.7584893e-12  2.75849e-12  2.75849e-12  2.19665e-41
5.778109865e-01  2.7869400e-12  2.78694e-12  2.78694e-12  3.25482e-41
5.807000414e-01  2.8150736e-12  2.81507e-12  2.81507e-12  4.81313e-41
5.836035417e-01  2.8423924e-12  2.84239e-12  2.84239e-12  7.10386e-41
5.865215594e-01  2.8696606e-12  2.86966e-12  2.86966e-12  1.04637e-40
5.894541672e-01  2.8967748e-12  2.89677e-12  2.89677e-12  1.53819e-40
5.924014380e-01  2.9241259e-12  2.92413e-12  2.92413e-12  2.25656e-40
5.953634452e-01  2.9507152e-12  2.95072e-12  2.95072e-12  3.30419e-40
5.983402624e-01  2.9721000e-12  2.97210e-12  2.97210e-12  4.83212e-40
6.013319637e-01  2.9918246e-12  2.99182e-12  2.99182e-12  7.05420e-40
6.043386235e-01  3.0096547e-12  3.00965e-12  3.00965e-12  1.02805e-39
6.073603167e-01  3.0336453e-12  3.03365e-12  3.03365e-12  1.49399e-39
6.103971182e-01  3.0595787e-12  3.05958e-12  3.05958e-12  2.16630e-39
6.134491038e-01  3.0871754e-12  3.08718e-12  3.08718e-12  3.13434e-39
6.165163494e-01  3.1063579e-12  3.10636e-12  3.10636e-12  4.53142e-39
6.195989311e-01  3.1166697e-12  3.11667e-12  3.11667e-12  6.54646e-39
6.226969258e-01  3.1338658e-12  3.13387e-12  3.13387e-12  9.43047e-39
6.258104104e-01  3.1509672e-12  3.15097e-12  3.15097e-12  1.35591e-38
6.289394624e-01  3.1645679e-12  3.16457e-12  3.16457e-12  1.94673e-38
6.320841597e-01  3.1881978e-12  3.18820e-12  3.18820e-12  2.78595e-38
6.352445805e-01  3.2167432e-12  3.21674e-12  3.21674e-12  3.97686e-38
6.384208035e-01  3.2433618e-12  3.24336e-12  3.24336e-12  5.66769e-38
6.416129075e-01  3.2653082e-12  3.26531e-12  3.26531e-12  8.06736e-38
6.448209720e-01  3.2827310e-12  3.28273e-12  3.28273e-12  1.14685e-37
6.480450769e-01  3.2976476e-12  3.29765e-12  3.29765e-12  1.62788e-37
6.512853022e-01  3.3157482e-12  3.31575e-12  3.31575e-12  2.30545e-37
6.545417288e-01  3.3393989e-12  3.33940e-12  3.33940e-12  3.25671e-37
6.578144374e-01  3.3516805e-12  3.35168e-12  3.35168e-12  4.59886e-37
6.611035096e-01  3.3656062e-12  3.36561e-12  3.36561e-12  6.48094e-37
6.644090271e-01  3.3863514e-12  3.38635e-12  3.38635e-12  9.10879e-37
6.677310723e-01  3.3957805e-12  3.39578e-12  3.39578e-12  1.27976e-36
6.710697276e-01  3.4018863e-12  3.40189e-12  3.40189e-12  1.79556e-36
6.744250763e-01  3.4071264e-12  3.40713e-12  3.40713e-12  2.51501e-36
6.777972017e-01  3.4152504e-12  3.41525e-12  3.41525e-12  3.51518e-36
6.811861877e-01  3.4245813e-12  3.42458e-12  3.42458e-12  4.90366e-36
6.845921186e-01  3.4352498e-12  3.43525e-12  3.43525e-12  6.82739e-36
6.880150792e-01  3.4389857e-12  3.43899e-12  3.43899e-12  9.49734e-36
6.914551546e-01  3.4423012e-12  3.44230e-12  3.44230e-12  1.31890e-35
6.949124304e-01  3.4464708e-12  3.44647e-12  3.44647e-12  1.82818e-35
6.983869925e-01  3.4540656e-12  3.45407e-12  3.45407e-12  2.52868e-35
7.018789275e-01  3.4589387e-12  3.45894e-12  3.45894e-12  3.49273e-35
7.053883221e-01  3.4603640e-12  3.46036e-12  3.46036e-12  4.81809e-35
7.089152637e-01  3.4545545e-12  3.45455e-12  3.45455e-12  6.64082e-35
7.124598400e-01  3.4450992e-12  3.44510e-12  3.44510e-12  9.14151e-35
7.160221392e-01  3.4376422e-12  3.43764e-12  3.43764e-12  1.25595e-34
7.196022499e-01  3.4393165e-12  3.43932e-12  3.43932e-12  1.72076e-34
7.232002612e-01  3.4317889e-12  3.43179e-12  3.43179e-12  2.35621e-34
7.268162625e-01  3.4189190e-12  3.41892e-12  3.41892e-12  3.22297e-34
7.304503438e-01  3.4030591e-12  3.40306e-12  3.40306e-12  4.40277e-34
7.341025955e-01  3.3949724e-12  3.39497e-12  3.39497e-12  5.99902e-34
7.377731085e-01  3.3807969e-12  3.38080e-12  3.38080e-12  8.16631e-34
7.414619740e-01  3.3645862e-12  3.36459e-12  3.36459e-12  1.11010e-33
7.451692839e-01  3.3474187e-12  3.34742e-12  3.34742e-12  1.50672e-33
7.488951303e-01  3.3214354e-12  3.32144e-12  3.32144e-12  2.04377e-33
7.526396060e-01  3.3046424e-12  3.30464e-12  3.30464e-12  2.76486e-33
7.564028040e-01  3.2890924e-12  3.28909e-12  3.28909e-12  3.73382e-33
7.601848180e-01  3.2689588e-12  3.26896e-12  3.26896e-12  5.03689e-33
7.639857421e-01  3.2508056e-12  3.25081e-12  3.25081e-12  6.78239e-33
7.678056708e-01  3.2261000e-12  3.22610e-12  3.22610e-12  9.12498e-33
7.716446992e-01  3.2009325e-12  3.20093e-12  3.20093e-12  1.22579e-32
7.755029227e-01  3.1773935e-12  3.17739e-12  3.17739e-12  1.64376e-32
7.793804373e-01  3.1459199e-12  3.14592e-12  3.14592e-12  2.20271e-32
7.832773395e-01  3.1244412e-12  3.12444e-12  3.12444e-12  2.94392e-32
7.871937262e-01  3.0955181e-12  3.09552e-12  3.09552e-12  3.93166e-32
7.911296948e-01  3.0652942e-12  3.06529e-12  3.06529e-12  5.24343e-32
7.950853433e-01  3.0497119e-12  3.04971e-12  3.04971e-12  6.97116e-32
7.990607700e-01  3.0221139e-12  3.02211e-12  3.02211e-12  9.26609e-32
8.030560739e-01  3.0011664e-12  3.00117e-12  3.00117e-12  1.22892e-31
8.070713542e-01  2.9797073e-12  2.97971e-12  2.97971e-12  1.62749e-31
8.111067110e-01  2.9551339e-12  2.95513e-12  2.95513e-12  2.15284e-31
8.151622446e-01  2.9296800e-12  2.92968e-12  2.92968e-12  2.84379e-31
8.192380558e-01  2.9105667e-12  2.91057e-12  2.91057e-12  3.74845e-31
8.233342461e-01  2.8848665e-12  2.88487e-12  2.88487e-12  4.93706e-31
8.274509173e-01  2.8586757e-12  2.85868e-12  2.85868e-12  6.49339e-31
8.315881719e-01  2.8366158e-12  2.83662e-12  2.83662e-12  8.52424e-31
8.357461127e-01  2.8205750e-12  2.82058e-12  2.82058e-12  1.11671e-30
8.399248433e-01  2.8060743e-12  2.80607e-12  2.80607e-12  1.46062e-30
8.441244675e-01  2.7821216e-12  2.78212e-12  2.78212e-12  1.90957e-30
8.483450899e-01  2.7667148e-12  2.76671e-12  2.76671e-12  2.49077e-30
8.525868153e-01  2.7537412e-12  2.75374e-12  2.75374e-12  3.24349e-30
8.568497494e-01  2.7374501e-12  2.73745e-12  2.73745e-12  4.21919e-30
8.611339981e-01  2.7198456e-12  2.71985e-12  2.71985e-12  5.48148e-30
8.654396681e-01  2.7096979e-12  2.70970e-12  2.70970e-12  7.10613e-30
8.697668665e-01  2.6835906e-12  2.68359e-12  2.68359e-12  9.21454e-30
8.741157008e-01  2.6717146e-12  2.67171e-12  2.67171e-12  1.19149e-29
8.784862793e-01  2.6532795e-12  2.65328e-12  2.65328e-12  1.53957e-29
8.828787107e-01  2.6435754e-12  2.64358e-12  2.64358e-12  1.98489e-29
8.872931042e-01  2.6299504e-12  2.62995e-12  2.62995e-12  2.55658e-29
8.917295698e-01  2.6068956e-12  2.60690e-12  2.60690e-12  3.29163e-29
8.961882176e-01  2.5815593e-12  2.58156e-12  2.58156e-12  4.23330e-29
9.006691587e-01  2.5549500e-12  2.55495e-12  2.55495e-12  5.43780e-29
9.051725045e-01  2.5343361e-12  2.53434e-12  2.53434e-12  6.97156e-29
9.096983670e-01  2.5120822e-12  2.51208e-12  2.51208e-12  8.92762e-29
9.142468589e-01  2.4910723e-12  2.49107e-12  2.49107e-12  1.14161e-28
9.188180931e-01  2.4664321e-12  2.46643e-12  2.46643e-12  1.45844e-28
9.234121836e-01  2.4434214e-12  2.44342e-12  2.44342e-12  1.86049e-28
9.280292445e-01  2.4125481e-12  2.41255e-12  2.41255e-12  2.37216e-28
9.326693908e-01  2.3811976e-12  2.38120e-12  2.38120e-12  3.02079e-28
9.373327377e-01  2.3504996e-12  2.35050e-12  2.35050e-12  3.84162e-28
9.420194014e-01  2.3155966e-12  2.31560e-12  2.31560e-12  4.88129e-28
9.467294984e-01  2.2797433e-12  2.27974e-12  2.27974e-12  6.19505e-28
9.514631459e-01  2.2454378e-12  2.24544e-12  2.24544e-12  7.85129e-28
9.562204616e-01  2.2111902e-12  2.21119e-12  2.21119e-12  9.93780e-28
9.610015639e-01  2.1817274e-12  2.18173e-12  2.18173e-12  1.25573e-27
9.658065718e-01  2.1394182e-12  2.13942e-12  2.13942e-12  1.58674e-27
9.706356046e-01  2.0968304e-12  2.09683e-12  2.09683e-12  2.00258e-27
9.754887826e-01  2.0725468e-12  2.07255e-12  2.07255e-12  2.51983e-27
9.803662265e-01  2.0317547e-12  2.03175e-12  2.03175e-12  3.17188e-27
9.852680577e-01  1.9984846e-12  1.99848e-12  1.99848e-12  3.98492e-27
9.901943980e-01  1.9693835e-12  1.96938e-12  1.96938e-12  4.99831e-27
9.951453700e-01  1.9366783e-12  1.93668e-12  1.93668e-12  6.26408e-27
1.000121097e+00  1.9123235e-12  1.91232e-12  1.91232e-12  7.83474e-27
1.005121702e+00  1.8863368e-12  1.88634e-12  1.88634e-12  9.78916e-27
1.010147311e+00  1.8530869e-12  1.85309e-12  1.85309e-12  1.22252e-26
1.015198047e+00  1.8264525e-12  1.82645e-12  1.82645e-12  1.52400e-26
1.020274038e+00  1.8053066e-12  1.80531e-12  1.80531e-12  1.89660e-26
1.025375408e+00  1.7823015e-12  1.78230e-12  1.78230e-12  2.35798e-26
1.030502285e+00  1.7804848e-12  1.78048e-12  1.78048e-12  2.92227e-26
1.035654796e+00  1.7634933e-12  1.76349e-12  1.76349e-12  3.62273e-26
1.040833070e+00  1.7430681e-12  1.74307e-12  1.74307e-12  4.48744e-26
1.046037236e+00  1.7334136e-12  1.73341e-12  1.73341e-12  5.54648e-26
1.051267422e+00  1.7274543e-12  1.72745e-12  1.72745e-12  6.84528e-26
1.056523759e+00  1.7203401e-12  1.72034e-12  1.72034e-12  8.43963e-26
1.061806378e+00  1.7150917e-12  1.71509e-12  1.71509e-12  1.03918e-25
1.067115410e+00  1.7218007e-12  1.72180e-12  1.72180e-12  1.27665e-25
1.072450987e+00  1.7321121e-12  1.73211e-12  1.73211e-12  1.56608e-25
1.077813242e+00  1.7395350e-12  1.73953e-12  1.73953e-12  1.91953e-25
1.083202308e+00  1.7449231e-12  1.74492e-12  1.74492e-12  2.35062e-25
1.088618319e+00  1.7569923e-12  1.75699e-12  1.75699e-12  2.87348e-25
1.094061411e+00  1.7678450e-12  1.76785e-12  1.76785e-12  3.50921e-25
1.099531718e+00  1.7881685e-12  1.78817e-12  1.78817e-12  4.27688e-25
1.105029377e+00  1.8083038e-12  1.80830e-12  1.80830e-12  5.20689e-25
1.110554523e+00  1.8160842e-12  1.81608e-12  1.81608e-12  6.34005e-25
1.116107296e+00  1.8326864e-12  1.83269e-12  1.83269e-12  7.70470e-25
1.121687832e+00  1.8511093e-12  1.85111e-12  1.85111e-12  9.35128e-25
1.127296272e+00  1.8680540e-12  1.86805e-12  1.86805e-12  1.13393e-24
1.132932753e+00  1.8811909e-12  1.88119e-12  1.88119e-12  1.37405e-24
1.138597417e+00  1.8942788e-12  1.89428e-12  1.89428e-12  1.66327e-24
1.144290404e+00  1.9110370e-12  1.91104e-12  1.91104e-12  2.01049e-24
1.150011856e+00  1.9363038e-12  1.93630e-12  1.93630e-12  2.42550e-24
1.155761915e+00  1.9454887e-12  1.94549e-12  1.94549e-12  2.92797e-24
1.161540725e+00  1.9576361e-12  1.95764e-12  1.95764e-12  3.52979e-24
1.167348428e+00  1.9644398e-12  1.96444e-12  1.96444e-12  4.25328e-24
1.173185171e+00  1.9725942e-12  1.97259e-12  1.97259e-12  5.11908e-24
1.179051096e+00  1.9808287e-12  1.98083e-12  1.98083e-12  6.15479e-24
1.184946352e+00  1.9903945e-12  1.99039e-12  1.99039e-12  7.39147e-24
1.190871084e+00  2.0003692e-12  2.00037e-12  2.00037e-12  8.86727e-24
1.196825439e+00  2.0084817e-12  2.00848e-12  2.00848e-12  1.06291e-23
1.202809566e+00  2.0107952e-12  2.01080e-12  2.01080e-12  1.27362e-23
1.208823614e+00  2.0136670e-12  2.01367e-12  2.01367e-12  1.52450e-23
1.214867732e+00  2.0221401e-12  2.02214e-12  2.02214e-12  1.82188e-23
1.220942071e+00  2.0336989e-12  2.03370e-12  2.03370e-12  2.17439e-23
1.227046781e+00  2.0434063e-12  2.04341e-12  2.04341e-12  2.59307e-23
1.233182015e+00  2.0480569e-12  2.04806e-12  2.04806e-12  3.09105e-23
1.239347925e+00  2.0537899e-12  2.05379e-12  2.05379e-12  3.68065e-23
1.245544665e+00  2.0625794e-12  2.06258e-12  2.06258e-12  4.37699e-23
1.251772388e+00  2.0772519e-12  2.07725e-12  2.07725e-12  5.19660e-23
1.258031250e+00  2.0881004e-12  2.08810e-12  2.08810e-12  6.16637e-23
1.264321406e+00  2.1013871e-12  2.10139e-12  2.10139e-12  7.30806e-23
1.270643013e+00  2.1069643e-12  2.10696e-12  2.10696e-12  8.66044e-23
1.276996228e+00  2.1228023e-12  2.12280e-12  2.12280e-12  1.02413e-22
1.283381209e+00  2.1332319e-12  2.13323e-12  2.13323e-12  1.21068e-22
1.289798116e+00  2.1561766e-12  2.15618e-12  2.15618e-12  1.42778e-22
1.296247106e+00  2.1687618e-12  2.16876e-12  2.16876e-12  1.68424e-22
1.302728342e+00  2.1876586e-12  2.18766e-12  2.18766e-12  1.98342e-22
1.309241983e+00  2.2009797e-12  2.20098e-12  2.20098e-12  2.33509e-22
1.315788193e+00  2.2158888e-12  2.21589e-12  2.21589e-12  2.74604e-22
1.322367134e+00  2.2432428e-12  2.24324e-12  2.24324e-12  3.22148e-22
1.328978970e+00  2.2644836e-12  2.26448e-12  2.26448e-12  3.77845e-22
1.335623865e+00  2.2856513e-12  2.28565e-12  2.28565e-12  4.42763e-22
1.342301984e+00  2.3055949e-12  2.30559e-12  2.30559e-12  5.18430e-22
1.349013494e+00  2.3233897e-12  2.32339e-12  2.32339e-12  6.06629e-22
1.355758561e+00  2.3443380e-12  2.34434e-12  2.34434e-12  7.08904e-22
1.362537354e+00  2.3582934e-12  2.35829e-12  2.35829e-12  8.28388e-22
1.369350041e+00  2.3828971e-12  2.38290e-12  2.38290e-12  9.65834e-22
1.376196791e+00  2.4034932e-12  2.40349e-12  2.40349e-12  1.12563e-21
1.383077775e+00  2.4289868e-12  2.42899e-12  2.42899e-12  1.30983e-21
1.389993164e+00  2.4642808e-12  2.46428e-12  2.46428e-12  1.52085e-21
1.396943130e+00  2.4850124e-12  2.48501e-12  2.48501e-12  1.76759e-21
1.403927846e+00  2.5059407e-12  2.50594e-12  2.50594e-12  2.05246e-21
1.410947485e+00  2.5331656e-12  2.53317e-12  2.53317e-12  2.37909e-21
1.418002222e+00  2.5539427e-12  2.55394e-12  2.55394e-12  2.75759e-21
1.425092233e+00  2.5781760e-12  2.57818e-12  2.57818e-12  3.19197e-21
1.432217694e+00  2.5922806e-12  2.59228e-12  2.59228e-12  3.69659e-21
1.439378783e+00  2.6214678e-12  2.62147e-12  2.62147e-12  4.26834e-21
1.446575677e+00  2.6405636e-12  2.64056e-12  2.64056e-12  4.93101e-21
1.453808555e+00  2.6515510e-12  2.65155e-12  2.65155e-12  5.69810e-21
1.461077598e+00  2.6732635e-12  2.67326e-12  2.67326e-12  6.56886e-21
1.468382986e+00  2.6833366e-12  2.68334e-12  2.68334e-12  7.57870e-21
1.475724901e+00  2.7012511e-12  2.70125e-12  2.70125e-12  8.72650e-21
1.483103525e+00  2.7252686e-12  2.72527e-12  2.72527e-12  1.00305e-20
1.490519043e+00  2.7475846e-12  2.74758e-12  2.74758e-12  1.15222e-20
1.497971638e+00  2.7514391e-12  2.75144e-12  2.75144e-12  1.32606e-20
1.505461496e+00  2.7612434e-12  2.76124e-12  2.76124e-12  1.52352e-20
1.512988804e+00  2.7644222e-12  2.76442e-12  2.76442e-12  1.75068e-20
1.520553748e+00  2.7763005e-12  2.77630e-12  2.77630e-12  2.00742e-20
1.528156517e+00  2.7837310e-12  2.78373e-12  2.78373e-12  2.30147e-20
1.535797299e+00  2.7980664e-12  2.79807e-12  2.79807e-12  2.63363e-20
1.543476286e+00  2.7990345e-12  2.79903e-12  2.79903e-12  3.01752e-20
1.551193667e+00  2.8068988e-12  2.80690e-12  2.80690e-12  3.45089e-20
1.558949636e+00  2.8103395e-12  2.81034e-12  2.81034e-12  3.94607e-20
1.566744384e+00  2.8099647e-12  2.80996e-12  2.80996e-12  4.51149e-20
1.574578106e+00  2.8050176e-12  2.80502e-12  2.80502e-12  5.15770e-20
1.582450996e+00  2.8014948e-12  2.80149e-12  2.80149e-12  5.89058e-20
1.590363251e+00  2.7971401e-12  2.79714e-12  2.79714e-12  6.72337e-20
1.598315067e+00  2.7940997e-12  2.79410e-12  2.79410e-12  7.66640e-20
1.606306643e+00  2.7928837e-12  2.79288e-12  2.79288e-12  8.73243e-20
1.614338176e+00  2.7905593e-12  2.79056e-12  2.79056e-12  9.94097e-20
1.622409867e+00  2.7763742e-12  2.77637e-12  2.77637e-12  1.13307e-19
1.630521916e+00  2.7671477e-12  2.76715e-12  2.76715e-12  1.28946e-19
1.638674526e+00  2.7585581e-12  2.75856e-12  2.75856e-12  1.46620e-19
1.646867898e+00  2.7506818e-12  2.75068e-12  2.75068e-12  1.66574e-19
1.655102238e+00  2.7397358e-12  2.73974e-12  2.73974e-12  1.89206e-19
1.663377749e+00  2.7308003e-12  2.73080e-12  2.73080e-12  2.14684e-19
1.671694638e+00  2.7200270e-12  2.72003e-12  2.72003e-12  2.43496e-19
1.680053111e+00  2.7085426e-12  2.70854e-12  2.70854e-12  2.76013e-19
1.688453377e+00  2.6947651e-12  2.69477e-12  2.69476e-12  3.12777e-19
1.696895643e+00  2.6844071e-12  2.68441e-12  2.68441e-12  3.53977e-19
1.705380122e+00  2.6718533e-12  2.67185e-12  2.67185e-12  4.00479e-19
1.713907022e+00  2.6594514e-12  2.65945e-12  2.65945e-12  4.52764e-19
1.722476557e+00  2.6477745e-12  2.64777e-12  2.64777e-12  5.11456e-19
1.731088940e+00  2.6367299e-12  2.63673e-12  2.63673e-12  5.77293e-19
1.739744385e+00  2.6252525e-12  2.62525e-12  2.62525e-12  6.51210e-19
1.748443107e+00  2.6086683e-12  2.60867e-12  2.60867e-12  7.34778e-19
1.757185322e+00  2.5936462e-12  2.59365e-12  2.59365e-12  8.28279e-19
1.765971249e+00  2.5760110e-12  2.57601e-12  2.57601e-12  9.33507e-19
1.774801105e+00  2.5648564e-12  2.56486e-12  2.56486e-12  1.05015e-18
1.783675111e+00  2.5502091e-12  2.55021e-12  2.55021e-12  1.18134e-18
1.792593486e+00  2.5379362e-12  2.53794e-12  2.53793e-12  1.32747e-18
1.801556454e+00  2.5261258e-12  2.52613e-12  2.52612e-12  1.49055e-18
1.810564236e+00  2.5139177e-12  2.51392e-12  2.51392e-12  1.67270e-18
1.819617057e+00  2.5002399e-12  2.50024e-12  2.50024e-12  1.87642e-18
1.828715142e+00  2.4855790e-12  2.48558e-12  2.48558e-12  2.10398e-18
1.837858718e+00  2.4753655e-12  2.47537e-12  2.47536e-12  2.35561e-18
1.847048012e+00  2.4667190e-12  2.46672e-12  2.46672e-12  2.63482e-18
1.856283252e+00  2.4500444e-12  2.45004e-12  2.45004e-12  2.94988e-18
1.865564668e+00  2.4390400e-12  2.43904e-12  2.43904e-12  3.29685e-18
1.874892491e+00  2.4249705e-12  2.42497e-12  2.42497e-12  3.68454e-18
1.884266954e+00  2.4149960e-12  2.41500e-12  2.41499e-12  4.11188e-18
1.893688289e+00  2.3982305e-12  2.39823e-12  2.39823e-12  4.59218e-18
1.903156730e+00  2.3892021e-12  2.38920e-12  2.38920e-12  5.11742e-18
1.912672514e+00  2.3848657e-12  2.38487e-12  2.38486e-12  5.69369e-18
1.922235876e+00  2.3774786e-12  2.37748e-12  2.37747e-12  6.33480e-18
1.931847056e+00  2.3595561e-12  2.35956e-12  2.35955e-12  7.05912e-18
1.941506291e+00  2.3556996e-12  2.35570e-12  2.35569e-12  7.83853e-18
1.951213822e+00  2.3355766e-12  2.33558e-12  2.33557e-12  8.72835e-18
1.960969892e+00  2.3231038e-12  2.32310e-12  2.32309e-12  9.69782e-18
1.970774741e+00  2.3135879e-12  2.31359e-12  2.31358e-12  1.07618e-17
1.980628615e+00  2.3110838e-12  2.31108e-12  2.31107e-12  1.19173e-17
1.990531758e+00  2.3043892e-12  2.30439e-12  2.30438e-12  1.32006e-17
2.000484417e+00  2.2951632e-12  2.29516e-12  2.29515e-12  1.46213e-17
2.010486839e+00  2.2912447e-12  2.29124e-12  2.29123e-12  1.61664e-17
2.020539273e+00  2.2839090e-12  2.28391e-12  2.28389e-12  1.78775e-17
2.030641969e+00  2.2725450e-12  2.27254e-12  2.27253e-12  1.97756e-17
2.040795179e+00  2.2672220e-12  2.26722e-12  2.26720e-12  2.18330e-17
2.050999155e+00  2.2563637e-12  2.25636e-12  2.25634e-12  2.41202e-17
2.061254151e+00  2.2512666e-12  2.25127e-12  2.25124e-12  2.65967e-17
2.071560421e+00  2.2492554e-12  2.24926e-12  2.24923e-12  2.92893e-17
2.081918224e+00  2.2368026e-12  2.23680e-12  2.23677e-12  3.23135e-17
2.092327815e+00  2.2319073e-12  2.23191e-12  2.23187e-12  3.55669e-17
2.102789454e+00  2.2262278e-12  2.22623e-12  2.22619e-12  3.91322e-17
2.113303401e+00  2.2184326e-12  2.21843e-12  2.21839e-12  4.30517e-17
2.123869918e+00  2.2134046e-12  2.21340e-12  2.21336e-12  4.73053e-17
2.134489268e+00  2.2048870e-12  2.20489e-12  2.20483e-12  5.19933e-17
2.145161714e+00  2.2010602e-12  2.20106e-12  2.20100e-12  5.70484e-17
2.155887523e+00  2.1974594e-12  2.19746e-12  2.19740e-12  6.25555e-17
2.166666960e+00  2.1881832e-12  2.18818e-12  2.18811e-12  6.86516e-17
2.177500295e+00  2.1814822e-12  2.18148e-12  2.18141e-12  7.52518e-17
2.188387796e+00  2.1792663e-12  2.17927e-12  2.17918e-12  8.23471e-17
2.199329735e+00  2.1680595e-12  2.16806e-12  2.16797e-12  9.02669e-17
2.210326384e+00  2.1673229e-12  2.16732e-12  2.16722e-12  9.86293e-17
2.221378016e+00  2.1648993e-12  2.16490e-12  2.16479e-12  1.07751e-16
2.232484906e+00  2.1516358e-12  2.15164e-12  2.15152e-12  1.17986e-16
2.243647331e+00  2.1459977e-12  2.14600e-12  2.14587e-12  1.28866e-16
2.254865567e+00  2.1418302e-12  2.14183e-12  2.14169e-12  1.40617e-16
2.266139895e+00  2.1327318e-12  2.13273e-12  2.13258e-12  1.53559e-16
2.277470595e+00  2.1267566e-12  2.12676e-12  2.12659e-12  1.67463e-16
2.288857948e+00  2.1176133e-12  2.11761e-12  2.11743e-12  1.82685e-16
2.300302237e+00  2.1148179e-12  2.11482e-12  2.11462e-12  1.98839e-16
2.311803748e+00  2.1082854e-12  2.10829e-12  2.10807e-12  2.16528e-16
2.323362767e+00  2.1009170e-12  2.10092e-12  2.10068e-12  2.35723e-16
2.334979581e+00  2.0972195e-12  2.09722e-12  2.09696e-12  2.56217e-16
2.346654479e+00  2.0900396e-12  2.09004e-12  2.08976e-12  2.78623e-16
2.358387751e+00  2.0818287e-12  2.08183e-12  2.08153e-12  3.02922e-16
2.370179690e+00  2.0709043e-12  2.07090e-12  2.07057e-12  3.29434e-16
2.382030589e+00  2.0695521e-12  2.06955e-12  2.06920e-12  3.57082e-16
2.393940742e+00  2.0603340e-12  2.06033e-12  2.05995e-12  3.87747e-16
2.405910445e+00  2.0490122e-12  2.04901e-12  2.04859e-12  4.21103e-16
2.417939997e+00  2.0464314e-12  2.04643e-12  2.04598e-12  4.55901e-16
2.430029697e+00  2.0309076e-12  2.03091e-12  2.03041e-12  4.95268e-16
2.442179846e+00  2.0233786e-12  2.02338e-12  2.02284e-12  5.36469e-16
2.454390745e+00  2.0102762e-12  2.01028e-12  2.00969e-12  5.81815e-16
2.466662699e+00  2.0046627e-12  2.00466e-12  2.00403e-12  6.29228e-16
2.478996012e+00  1.9986387e-12  1.99864e-12  1.99796e-12  6.80253e-16
2.491390992e+00  1.9856528e-12  1.98565e-12  1.98492e-12  7.36684e-16
2.503847947e+00  1.9689066e-12  1.96891e-12  1.96811e-12  7.98395e-16
2.516367187e+00  1.9592447e-12  1.95924e-12  1.95838e-12  8.62925e-16
2.528949023e+00  1.9502975e-12  1.95030e-12  1.94937e-12  9.32019e-16
2.541593768e+00  1.9410545e-12  1.94105e-12  1.94005e-12  1.00627e-15
2.554301737e+00  1.9318695e-12  1.93187e-12  1.93078e-12  1.08592e-15
2.567073246e+00  1.9230859e-12  1.92309e-12  1.92191e-12  1.17117e-15
2.579908612e+00  1.9134289e-12  1.91343e-12  1.91217e-12  1.26291e-15
2.592808155e+00  1.9039832e-12  1.90398e-12  1.90262e-12  1.36112e-15
2.605772196e+00  1.8933522e-12  1.89335e-12  1.89189e-12  1.46691e-15
2.618801057e+00  1.8824693e-12  1.88247e-12  1.88089e-12  1.58035e-15
2.631895062e+00  1.8719573e-12  1.87196e-12  1.87026e-12  1.70161e-15
2.645054537e+00  1.8600234e-12  1.86002e-12  1.85819e-12  1.83229e-15
2.658279810e+00  1.8495471e-12  1.84955e-12  1.84758e-12  1.97115e-15
2.671571209e+00  1.8378580e-12  1.83786e-12  1.83574e-12  2.12053e-15
2.684929065e+00  1.8197884e-12  1.81979e-12  1.81750e-12  2.28552e-15
2.698353710e+00  1.7924686e-12  1.79247e-12  1.79000e-12  2.47063e-15
2.711845479e+00  1.7585991e-12  1.75860e-12  1.75592e-12  2.67609e-15
2.725404706e+00  1.7202200e-12  1.72022e-12  1.71732e-12  2.90233e-15
2.739031730e+00  1.6721267e-12  1.67213e-12  1.66897e-12  3.15755e-15
2.752726889e+00  1.6225645e-12  1.62256e-12  1.61913e-12  3.43572e-15
2.766490523e+00  1.5770743e-12  1.57707e-12  1.57334e-12  3.73161e-15
2.780322976e+00  1.5374968e-12  1.53750e-12  1.53345e-12  4.04308e-15
2.794224591e+00  1.5072620e-12  1.50726e-12  1.50290e-12  4.36463e-15
2.808195713e+00  1.4866842e-12  1.48668e-12  1.48199e-12  4.69410e-15
2.822236692e+00  1.4744002e-12  1.47440e-12  1.46937e-12  5.03177e-15
2.836347875e+00  1.4642984e-12  1.46430e-12  1.45891e-12  5.38746e-15
2.850529615e+00  1.4572150e-12  1.45722e-12  1.45146e-12  5.75974e-15
2.864782263e+00  1.4509572e-12  1.45096e-12  1.44480e-12  6.15341e-15
2.879106174e+00  1.4450117e-12  1.44501e-12  1.43844e-12  6.57056e-15
2.893501705e+00  1.4397434e-12  1.43974e-12  1.43273e-12  7.01139e-15
2.907969214e+00  1.4342831e-12  1.43428e-12  1.42680e-12  7.47929e-15
2.922509060e+00  1.4290823e-12  1.42908e-12  1.42111e-12  7.97443e-15
2.937121605e+00  1.4238164e-12  1.42382e-12  1.41532e-12  8.49916e-15
2.951807213e+00  1.4191663e-12  1.41917e-12  1.41011e-12  9.05265e-15
2.966566249e+00  1.4150804e-12  1.41508e-12  1.40544e-12  9.63621e-15
2.981399080e+00  1.4116657e-12  1.41167e-12  1.40142e-12  1.02506e-14
2.996306076e+00  1.4080922e-12  1.40809e-12  1.39719e-12  1.09004e-14
3.011287606e+00  1.4043276e-12  1.40433e-12  1.39274e-12  1.15876e-14
3.026344044e+00  1.4003025e-12  1.40030e-12  1.38799e-12  1.23147e-14
3.041475764e+00  1.3957981e-12  1.39580e-12  1.38271e-12  1.30849e-14
3.056683143e+00  1.3909042e-12  1.39090e-12  1.37700e-12  1.39002e-14
3.071966559e+00  1.3848117e-12  1.38481e-12  1.37004e-12  1.47683e-14
3.087326392e+00  1.3789241e-12  1.37892e-12  1.36324e-12  1.56835e-14
3.102763024e+00  1.3734243e-12  1.37342e-12  1.35678e-12  1.66467e-14
3.118276839e+00  1.3685983e-12  1.36860e-12  1.35094e-12  1.76575e-14
3.133868223e+00  1.3641446e-12  1.36414e-12  1.34542e-12  1.87199e-14
3.149537564e+00  1.3594846e-12  1.35948e-12  1.33964e-12  1.98409e-14
3.165285252e+00  1.3547697e-12  1.35477e-12  1.33375e-12  2.10220e-14
3.181111678e+00  1.3505347e-12  1.35053e-12  1.32827e-12  2.22609e-14
3.197017237e+00  1.3465273e-12  1.34653e-12  1.32297e-12  2.35620e-14
3.213002323e+00  1.3427811e-12  1.34278e-12  1.31785e-12  2.49275e-14
3.229067334e+00  1.3386413e-12  1.33864e-12  1.31227e-12  2.63678e-14
3.245212671e+00  1.3345660e-12  1.33457e-12  1.30668e-12  2.78811e-14
3.261438734e+00  1.3300858e-12  1.33009e-12  1.30061e-12  2.94770e-14
3.277745928e+00  1.3245476e-12  1.32455e-12  1.29338e-12  3.11700e-14
3.294134658e+00  1.3190468e-12  1.31905e-12  1.28610e-12  3.29494e-14
3.310605331e+00  1.3128658e-12  1.31287e-12  1.27803e-12  3.48314e-14
3.327158358e+00  1.3064858e-12  1.30649e-12  1.26967e-12  3.68137e-14
3.343794149e+00  1.3002751e-12  1.30028e-12  1.26138e-12  3.88945e-14
3.360513120e+00  1.2926691e-12  1.29267e-12  1.25156e-12  4.11103e-14
3.377315686e+00  1.2857119e-12  1.28571e-12  1.24229e-12  4.34266e-14
3.394202264e+00  1.2815619e-12  1.28156e-12  1.23577e-12  4.57950e-14
3.411173276e+00  1.2742690e-12  1.27427e-12  1.22591e-12  4.83580e-14
3.428229142e+00  1.2727753e-12  1.27278e-12  1.22188e-12  5.08961e-14
3.445370288e+00  1.2700267e-12  1.27003e-12  1.21644e-12  5.35869e-14
3.462597139e+00  1.2656741e-12  1.26567e-12  1.20922e-12  5.64531e-14
3.479910125e+00  1.2599530e-12  1.25995e-12  1.20045e-12  5.95019e-14
3.497309675e+00  1.2541587e-12  1.25416e-12  1.19146e-12  6.27034e-14
3.514796224e+00  1.2516186e-12  1.25162e-12  1.18568e-12  6.59424e-14
3.532370205e+00  1.2472813e-12  1.24728e-12  1.17788e-12  6.94016e-14
3.550032056e+00  1.2426776e-12  1.24268e-12  1.16964e-12  7.30370e-14
3.567782216e+00  1.2380271e-12  1.23803e-12  1.16118e-12  7.68487e-14
3.585621127e+00  1.2331472e-12  1.23315e-12  1.15229e-12  8.08538e-14
3.603549233e+00  1.2281143e-12  1.22811e-12  1.14305e-12  8.50593e-14
3.621566979e+00  1.2231131e-12  1.22311e-12  1.13365e-12  8.94661e-14
3.639674814e+00  1.2182391e-12  1.21824e-12  1.12416e-12  9.40784e-14
3.657873188e+00  1.2135311e-12  1.21353e-12  1.11463e-12  9.89029e-14
3.676162554e+00  1.2091593e-12  1.20916e-12  1.10522e-12  1.03938e-13
3.694543367e+00  1.2047353e-12  1.20474e-12  1.09552e-12  1.09218e-13
3.713016084e+00  1.2001235e-12  1.20012e-12  1.08536e-12  1.14765e-13
3.731581164e+00  1.1958112e-12  1.19581e-12  1.07525e-12  1.20557e-13
3.750239070e+00  1.1915293e-12  1.19153e-12  1.06490e-12  1.26627e-13
3.768990265e+00  1.1874476e-12  1.18745e-12  1.05447e-12  1.32973e-13
3.787835216e+00  1.1833098e-12  1.18331e-12  1.04368e-12  1.39633e-13
3.806774393e+00  1.1798471e-12  1.17985e-12  1.03330e-12  1.46551e-13
3.825808265e+00  1.1766972e-12  1.17670e-12  1.02293e-12  1.53772e-13
3.844937306e+00  1.1747007e-12  1.17470e-12  1.01349e-12  1.61215e-13
3.864161992e+00  1.1732987e-12  1.17330e-12  1.00436e-12  1.68942e-13
3.883482802e+00  1.1724687e-12  1.17247e-12  9.95507e-13  1.76962e-13
3.902900216e+00  1.1715785e-12  1.17158e-12  9.86212e-13  1.85366e-13
3.922414717e+00  1.1709489e-12  1.17095e-12  9.76815e-13  1.94134e-13
3.942026791e+00  1.1702690e-12  1.17027e-12  9.66942e-13  2.03327e-13
3.961736925e+00  1.1691415e-12  1.16914e-12  9.56105e-13  2.13037e-13
3.981545610e+00  1.1674116e-12  1.16741e-12  9.44081e-13  2.23330e-13
4.001453338e+00  1.1653152e-12  1.16532e-12  9.31099e-13  2.34216e-13
4.021460604e+00  1.1654737e-12  1.16547e-12  9.20235e-13  2.45239e-13
4.041567907e+00  1.1690757e-12  1.16908e-12  9.12964e-13  2.56111e-13
4.061775747e+00  1.1728548e-12  1.17285e-12  9.05406e-13  2.67449e-13
4.082084626e+00  1.1758336e-12  1.17583e-12  8.96331e-13  2.79502e-13
4.102495049e+00  1.1783667e-12  1.17837e-12  8.86109e-13  2.92258e-13
4.123007524e+00  1.1810110e-12  1.18101e-12  8.75377e-13  3.05634e-13
4.143622562e+00  1.1842112e-12  1.18421e-12  8.64661e-13  3.19550e-13
4.164340674e+00  1.1878277e-12  1.18783e-12  8.53756e-13  3.34071e-13
4.185162378e+00  1.1917536e-12  1.19175e-12  8.42486e-13  3.49268e-13
4.206088190e+00  1.1969600e-12  1.19696e-12  8.32106e-13  3.64854e-13
4.227118631e+00  1.2040282e-12  1.20403e-12  8.23428e-13  3.80600e-13
4.248254224e+00  1.2092304e-12  1.20923e-12  8.11333e-13  3.97897e-13
4.269495495e+00  1.2155466e-12  1.21555e-12  7.99817e-13  4.15729e-13
4.290842972e+00  1.2230440e-12  1.22304e-12  7.88978e-13  4.34066e-13
4.312297187e+00  1.2304023e-12  1.23040e-12  7.76867e-13  4.53535e-13
4.333858673e+00  1.2385244e-12  1.23852e-12  7.64724e-13  4.73800e-13
4.355527967e+00  1.2476889e-12  1.24769e-12  7.52938e-13  4.94751e-13
4.377305606e+00  1.2577170e-12  1.25772e-12  7.41204e-13  5.16513e-13
4.399192134e+00  1.2686739e-12  1.26867e-12  7.29587e-13  5.39087e-13
4.421188095e+00  1.2805950e-12  1.28059e-12  7.18107e-13  5.62488e-13
4.443294036e+00  1.2936076e-12  1.29361e-12  7.06948e-13  5.86659e-13
4.465510506e+00  1.3074512e-12  1.30745e-12  6.95613e-13  6.11838e-13
4.487838058e+00  1.3219584e-12  1.32196e-12  6.83703e-13  6.38255e-13
4.510277249e+00  1.3373511e-12  1.33735e-12  6.71516e-13  6.65835e-13
4.532828635e+00  1.3539188e-12  1.35392e-12  6.59540e-13  6.94379e-13
4.555492778e+00  1.3714744e-12  1.37147e-12  6.47317e-13  7.24157e-13
4.578270242e+00  1.3898328e-12  1.38983e-12  6.34287e-13  7.55546e-13
4.601161593e+00  1.4097528e-12  1.40975e-12  6.22069e-13  7.87684e-13
4.624167401e+00  1.4309572e-12  1.43096e-12  6.09987e-13  8.20970e-13
4.647288238e+00  1.4534762e-12  1.45348e-12  5.98042e-13  8.55434e-13
4.670524679e+00  1.4773044e-12  1.47730e-12  5.86118e-13  8.91186e-13
4.693877303e+00  1.5022664e-12  1.50227e-12  5.73465e-13  9.28801e-13
4.717346689e+00  1.5287757e-12  1.52878e-12  5.61242e-13  9.67534e-13
4.740933423e+00  1.5568205e-12  1.55682e-12  5.49365e-13  1.00746e-12
4.764638090e+00  1.5861408e-12  1.58614e-12  5.36400e-13  1.04974e-12
4.788461280e+00  1.6169378e-12  1.61694e-12  5.22575e-13  1.09436e-12
4.812403587e+00  1.6492583e-12  1.64926e-12  5.07015e-13  1.14224e-12
4.836465604e+00  1.6832553e-12  1.68326e-12  4.88374e-13  1.19488e-12
4.860647933e+00  1.7192375e-12  1.71924e-12  4.63421e-13  1.25582e-12
4.884951172e+00  1.7580864e-12  1.75809e-12  4.21786e-13  1.33630e-12
4.909375928e+00  1.8013393e-12  1.80134e-12  3.79799e-13  1.42154e-12
4.933922808e+00  1.8480521e-12  1.84805e-12  3.50909e-13  1.49714e-12
4.958592422e+00  1.8962727e-12  1.89627e-12  3.37750e-13  1.55852e-12
4.983385384e+00  1.9439358e-12  1.94394e-12  3.40145e-13  1.60379e-12
5.008302311e+00  1.9926175e-12  1.99262e-12  3.41663e-13  1.65095e-12
5.033343822e+00  2.0433087e-12  2.04331e-12  3.39259e-13  1.70405e-12
5.058510541e+00  2.0964976e-12  2.09650e-12  3.33330e-13  1.76317e-12
5.083803094e+00  2.1527739e-12  2.15277e-12  3.23902e-13  1.82887e-12
5.109222110e+00  2.2124056e-12  2.21241e-12  3.11799e-13  1.90061e-12
5.134768220e+00  2.2754415e-12  2.27544e-12  2.97977e-13  1.97746e-12
5.160442061e+00  2.3419582e-12  2.34196e-12  2.82995e-13  2.05896e-12
5.186244272e+00  2.4113387e-12  2.41134e-12  2.68327e-13  2.14301e-12
5.212175493e+00  2.4833551e-12  2.48336e-12  2.54361e-13  2.22899e-12
5.238236370e+00  2.5535816e-12  2.55358e-12  2.46854e-13  2.30673e-12
5.264427552e+00  2.6225897e-12  2.62259e-12  2.43620e-13  2.37897e-12
5.290749690e+00  2.6937331e-12  2.69373e-12  2.39995e-13  2.45374e-12
5.317203438e+00  2.7685114e-12  2.76851e-12  2.34563e-13  2.53395e-12
5.343789456e+00  2.8474335e-12  2.84743e-12  2.27267e-13  2.62017e-12
5.370508403e+00  2.9320304e-12  2.93203e-12  2.17188e-13  2.71484e-12
5.397360945e+00  3.0192775e-12  3.01928e-12  2.07429e-13  2.81185e-12
5.424347750e+00  3.1114133e-12  3.11141e-12  1.96270e-13  2.91514e-12
5.451469488e+00  3.2020521e-12  3.20205e-12  1.88641e-13  3.01341e-12
5.478726836e+00  3.2876259e-12  3.28763e-12  1.86378e-13  3.10125e-12
5.506120470e+00  3.3738672e-12  3.37387e-12  1.84924e-13  3.18894e-12
5.533651072e+00  3.4664179e-12  3.46642e-12  1.80766e-13  3.28565e-12
5.561319328e+00  3.5713843e-12  3.57138e-12  1.70907e-13  3.40048e-12
5.589125924e+00  3.6955299e-12  3.69553e-12  1.52677e-13  3.54285e-12
5.617071554e+00  3.8154533e-12  3.81545e-12  1.39337e-13  3.67612e-12
5.645156912e+00  3.9110527e-12  3.91105e-12  1.39878e-13  3.77118e-12
5.673382696e+00  3.9904379e-12  3.99044e-12  1.48541e-13  3.84190e-12
5.701749610e+00  4.0628637e-12  4.06286e-12  1.60098e-13  3.90277e-12
5.730258358e+00  4.1372319e-12  4.13723e-12  1.70416e-13  3.96682e-12
5.758909650e+00  4.2240271e-12  4.22403e-12  1.75507e-13  4.04852e-12
5.787704198e+00  4.3328353e-12  4.33284e-12  1.72477e-13  4.16036e-12
5.816642719e+00  4.4497311e-12  4.44973e-12  1.67401e-13  4.28233e-12
5.845725932e+00  4.5680265e-12  4.56803e-12  1.62850e-13  4.40518e-12
5.874954562e+00  4.6866645e-12  4.68666e-12  1.59115e-13  4.52755e-12
5.904329335e+00  4.8010466e-12  4.80105e-12  1.57537e-13  4.64351e-12
5.933850982e+00  4.9196872e-12  4.91969e-12  1.55311e-13  4.76438e-12
5.963520237e+00  5.0523739e-12  5.05237e-12  1.49731e-13  4.90264e-12
5.993337838e+00  5.1849034e-12  5.18490e-12  1.45108e-13  5.03980e-12
6.023304527e+00  5.2794463e-12  5.27945e-12  1.51260e-13  5.12819e-12
6.053421050e+00  5.3083796e-12  5.30838e-12  1.73835e-13  5.13454e-12
6.083688155e+00  5.3481994e-12  5.34820e-12  1.92365e-13  5.15583e-12
6.114106596e+00  5.4167203e-12  5.41672e-12  2.03125e-13  5.21360e-12
6.144677129e+00  5.5151674e-12  5.51517e-12  2.06692e-13  5.30848e-12
6.175400514e+00  5.6323657e-12  5.63237e-12  2.06257e-13  5.42611e-12
6.206277517e+00  5.7610566e-12  5.76106e-12  2.03760e-13  5.55730e-12
6.237308904e+00  5.8973427e-12  5.89734e-12  2.00203e-13  5.69714e-12
6.268495449e+00  6.0356597e-12  6.03566e-12  1.96772e-13  5.83889e-12
6.299837926e+00  6.1674960e-12  6.16750e-12  1.95024e-13  5.97247e-12
6.331337116e+00  6.2915962e-12  6.29160e-12  1.95005e-13  6.09659e-12
6.362993801e+00  6.4245728e-12  6.42457e-12  1.93690e-13  6.23088e-12
6.394808770e+00  6.5664371e-12  6.56644e-12  1.91212e-13  6.37523e-12
6.426782814e+00  6.7048166e-12  6.70482e-12  1.89661e-13  6.51516e-12
6.458916728e+00  6.8497520e-12  6.84975e-12  1.87402e-13  6.66235e-12
6.491211312e+00  6.9954331e-12  6.99543e-12  1.85370e-13  6.81006e-12
6.523667368e+00  7.1478677e-12  7.14787e-12  1.82682e-13  6.96519e-12
6.556285705e+00  7.2942634e-12  7.29426e-12  1.81177e-13  7.11309e-12
6.589067134e+00  7.4433651e-12  7.44337e-12  1.79570e-13  7.26380e-12
6.622012469e+00  7.6013455e-12  7.60135e-12  1.77072e-13  7.42427e-12
6.655122532e+00  7.7727027e-12  7.77270e-12  1.73209e-13  7.59949e-12
6.688398144e+00  7.9582479e-12  7.95825e-12  1.68019e-13  7.79023e-12
6.721840135e+00  8.1547958e-12  8.15480e-12  1.62007e-13  7.99279e-12
6.755449336e+00  8.3627308e-12  8.36273e-12  1.55217e-13  8.20751e-12
6.789226583e+00  8.5646275e-12  8.56463e-12  1.49644e-13  8.41498e-12
6.823172715e+00  8.7485471e-12  8.74855e-12  1.46454e-13  8.60209e-12
6.857288579e+00  8.9203262e-12  8.92033e-12  1.44831e-13  8.77549e-12
6.891575022e+00  9.1065341e-12  9.10653e-12  1.41983e-13  8.96455e-12
6.926032897e+00  9.3171884e-12  9.31719e-12  1.37053e-13  9.18014e-12
6.960663062e+00  9.5345250e-12  9.53453e-12  1.31899e-13  9.40263e-12
6.995466377e+00  9.7672411e-12  9.76724e-12  1.25756e-13  9.64148e-12
7.030443709e+00  1.0012029e-11  1.00120e-11  1.19013e-13  9.89302e-12
7.065595927e+00  1.0229966e-11  1.02300e-11  1.15064e-13  1.01149e-11
7.100923907e+00  1.0431071e-11  1.04311e-11  1.12842e-13  1.03182e-11
7.136428526e+00  1.0643979e-11  1.06440e-11  1.09888e-13  1.05341e-11
7.172110669e+00  1.0870728e-11  1.08707e-11  1.06107e-13  1.07646e-11
7.207971222e+00  1.1100535e-11  1.11005e-11  1.02393e-13  1.09981e-11
7.244011079e+00  1.1320646e-11  1.13206e-11  9.96879e-14  1.12210e-11
7.280231134e+00  1.1539918e-11  1.15399e-11  9.72740e-14  1.14426e-11
7.316632290e+00  1.1786335e-11  1.17863e-11  9.31723e-14  1.16932e-11
7.353215451e+00  1.2048307e-11  1.20483e-11  8.83124e-14  1.19600e-11
7.389981528e+00  1.2310726e-11  1.23107e-11  8.37596e-14  1.22270e-11
7.426931436e+00  1.2574954e-11  1.25750e-11  7.94067e-14  1.24955e-11
7.464066093e+00  1.2844179e-11  1.28442e-11  7.50427e-14  1.27691e-11
7.501386424e+00  1.3112410e-11  1.31124e-11  7.10375e-14  1.30414e-11
7.538893356e+00  1.3369239e-11  1.33692e-11  6.79832e-14  1.33013e-11
7.576587822e+00  1.3618871e-11  1.36189e-11  6.55652e-14  1.35533e-11
7.614470762e+00  1.3854781e-11  1.38548e-11  6.41017e-14  1.37907e-11
7.652543115e+00  1.4092558e-11  1.40926e-11  6.26670e-14  1.40299e-11
7.690805831e+00  1.4342163e-11  1.43422e-11  6.07284e-14  1.42814e-11
7.729259860e+00  1.4601381e-11  1.46014e-11  5.84396e-14  1.45429e-11
7.767906159e+00  1.4876337e-11  1.48763e-11  5.55186e-14  1.48208e-11
7.806745690e+00  1.5151126e-11  1.51511e-11  5.27980e-14  1.50983e-11
7.845779419e+00  1.5414409e-11  1.54144e-11  5.08086e-14  1.53636e-11
7.885008316e+00  1.5687665e-11  1.56877e-11  4.84920e-14  1.56392e-11
7.924433357e+00  1.5971235e-11  1.59712e-11  4.58575e-14  1.59254e-11
7.964055524e+00  1.6255896e-11  1.62559e-11  4.33403e-14  1.62126e-11
8.003875802e+00  1.6551597e-11  1.65516e-11  4.05012e-14  1.65111e-11
8.043895181e+00  1.6854274e-11  1.68543e-11  3.75371e-14  1.68167e-11
8.084114657e+00  1.7164262e-11  1.71643e-11  3.44450e-14  1.71298e-11
8.124535230e+00  1.7469093e-11  1.74691e-11  3.17387e-14  1.74374e-11
8.165157906e+00  1.7757851e-11  1.77579e-11  2.98221e-14  1.77280e-11
8.205983696e+00  1.8029654e-11  1.80297e-11  2.86742e-14  1.80010e-11
8.247013614e+00  1.8281596e-11  1.82816e-11  2.83501e-14  1.82532e-11
8.288248682e+00  1.8524421e-11  1.85244e-11  2.83979e-14  1.84960e-11
8.329689926e+00  1.8766526e-11  1.87665e-11  2.84895e-14  1.87380e-11
8.371338375e+00  1.9018152e-11  1.90182e-11  2.82623e-14  1.89899e-11
8.413195067e+00  1.9275748e-11  1.92757e-11  2.78575e-14  1.92479e-11
8.455261042e+00  1.9531214e-11  1.95312e-11  2.75563e-14  1.95037e-11
8.497537348e+00  1.9784382e-11  1.97844e-11  2.73559e-14  1.97570e-11
8.540025034e+00  2.0038928e-11  2.00389e-11  2.71309e-14  2.00118e-11
8.582725160e+00  2.0299351e-11  2.02994e-11  2.67413e-14  2.02726e-11
8.625638785e+00  2.0561868e-11  2.05619e-11  2.63122e-14  2.05356e-11
8.668766979e+00  2.0825434e-11  2.08254e-11  2.58760e-14  2.07996e-11
8.712110814e+00  2.1086177e-11  2.10862e-11  2.55450e-14  2.10606e-11
8.755671368e+00  2.1345646e-11  2.13456e-11  2.52671e-14  2.13204e-11
8.799449725e+00  2.1598473e-11  2.15985e-11  2.51876e-14  2.15733e-11
8.843446974e+00  2.1839023e-11  2.18390e-11  2.54461e-14  2.18136e-11
8.887664209e+00  2.2060053e-11  2.20601e-11  2.62133e-14  2.20338e-11
8.932102530e+00  2.2264889e-11  2.22649e-11  2.73681e-14  2.22375e-11
8.976763042e+00  2.2440502e-11  2.24405e-11  2.92174e-14  2.24113e-11
9.021646857e+00  2.2556980e-11  2.25570e-11  3.24648e-14  2.25245e-11
9.066755092e+00  2.2617416e-11  2.26174e-11  3.69440e-14  2.25805e-11
9.112088867e+00  2.2615383e-11  2.26154e-11  4.27288e-14  2.25727e-11
9.157649312e+00  2.2545451e-11  2.25455e-11  4.98613e-14  2.24956e-11
9.203437558e+00  2.2458097e-11  2.24581e-11  5.70889e-14  2.24010e-11
9.249454746e+00  2.2313260e-11  2.23133e-11  6.53032e-14  2.22480e-11
9.295702020e+00  2.2049673e-11  2.20497e-11  7.57935e-14  2.19739e-11
9.342180530e+00  2.1829972e-11  2.18300e-11  8.48873e-14  2.17451e-11
9.388891432e+00  2.1838819e-11  2.18388e-11  8.87327e-14  2.17501e-11
9.435835890e+00  2.2001507e-11  2.20015e-11  8.91893e-14  2.19123e-11
9.483015069e+00  2.2180741e-11  2.21807e-11  8.92575e-14  2.20915e-11
9.530430144e+00  2.2357074e-11  2.23571e-11  8.93482e-14  2.22677e-11
9.578082295e+00  2.2573981e-11  2.25740e-11  8.86048e-14  2.24854e-11
9.625972707e+00  2.2810436e-11  2.28104e-11  8.74796e-14  2.27230e-11
9.674102570e+00  2.3039899e-11  2.30399e-11  8.64954e-14  2.29534e-11
9.722473083e+00  2.3249258e-11  2.32493e-11  8.58868e-14  2.31634e-11
9.771085448e+00  2.3439269e-11  2.34393e-11  8.56187e-14  2.33536e-11
9.819940876e+00  2.3608513e-11  2.36085e-11  8.56964e-14  2.35228e-11
9.869040580e+00  2.3774425e-11  2.37744e-11  8.57946e-14  2.36886e-11
9.918385783e+00  2.3942042e-11  2.39420e-11  8.58247e-14  2.38562e-11
9.967977712e+00  2.4109986e-11  2.41100e-11  8.58127e-14  2.40242e-11
1.001781760e+01  2.4259731e-11  2.42597e-11  8.60667e-14  2.41737e-11
1.006790669e+01  2.4270898e-11  2.42709e-11  8.85280e-14  2.41824e-11
1.011824622e+01  2.3997275e-11  2.39973e-11  9.54094e-14  2.39019e-11
1.016883745e+01  2.3913007e-11  2.39130e-11  9.90386e-14  2.38140e-11
1.021968164e+01  2.4524744e-11  2.45247e-11  9.17858e-14  2.44330e-11
1.027078005e+01  2.5214362e-11  2.52144e-11  8.35738e-14  2.51308e-11
1.032213395e+01  2.5521508e-11  2.55215e-11  8.12947e-14  2.54402e-11
1.037374462e+01  2.5417496e-11  2.54175e-11  8.50591e-14  2.53324e-11
1.042561334e+01  2.5018448e-11  2.50184e-11  9.28867e-14  2.49256e-11
1.047774141e+01  2.3782317e-11  2.37823e-11  1.12201e-13  2.36701e-11
1.053013012e+01  2.3221289e-11  2.32213e-11  1.21463e-13  2.30998e-11
1.058278077e+01  2.3344203e-11  2.33442e-11  1.21059e-13  2.32231e-11
1.063569467e+01  2.3626064e-11  2.36261e-11  1.18498e-13  2.35076e-11
1.068887314e+01  2.3967525e-11  2.39675e-11  1.15196e-13  2.38523e-11
1.074231751e+01  2.4335707e-11  2.43357e-11  1.11617e-13  2.42241e-11
1.079602910e+01  2.4693087e-11  2.46931e-11  1.08253e-13  2.45848e-11
1.085000924e+01  2.5120249e-11  2.51202e-11  1.04086e-13  2.50162e-11
1.090425929e+01  2.5548753e-11  2.55488e-11  1.00000e-13  2.54488e-11
1.095878058e+01  2.5956390e-11  2.59564e-11  9.62607e-14  2.58601e-11
1.101357449e+01  2.6356431e-11  2.63564e-11  9.26945e-14  2.62637e-11
1.106864236e+01  2.6697304e-11  2.66973e-11  8.98984e-14  2.66074e-11
1.112398557e+01  2.7070742e-11  2.70707e-11  8.67798e-14  2.69840e-11
1.117960550e+01  2.7440132e-11  2.74401e-11  8.37699e-14  2.73564e-11
1.123550353e+01  2.7786587e-11  2.77866e-11  8.10753e-14  2.77055e-11
1.129168104e+01  2.8173775e-11  2.81738e-11  7.79830e-14  2.80958e-11
1.134813945e+01  2.8690897e-11  2.86909e-11  7.35482e-14  2.86173e-11
1.140488015e+01  2.9320178e-11  2.93202e-11  6.80236e-14  2.92522e-11
1.146190455e+01  3.0051475e-11  3.00515e-11  6.15678e-14  2.99899e-11
1.151921407e+01  3.0955864e-11  3.09559e-11  5.34925e-14  3.09024e-11
1.157681014e+01  3.1926477e-11  3.19265e-11  4.49598e-14  3.18815e-11
1.163469419e+01  3.2648537e-11  3.26485e-11  3.91425e-14  3.26094e-11
1.169286766e+01  3.3145081e-11  3.31451e-11  3.56938e-14  3.31094e-11
1.175133200e+01  3.3607212e-11  3.36072e-11  3.26546e-14  3.35746e-11
1.181008866e+01  3.4039761e-11  3.40398e-11  2.99614e-14  3.40098e-11
1.186913910e+01  3.4091150e-11  3.40911e-11  3.09111e-14  3.40602e-11
1.192848480e+01  3.4105764e-11  3.41058e-11  3.21477e-14  3.40736e-11
1.198812722e+01  3.4373845e-11  3.43738e-11  3.10039e-14  3.43428e-11
1.204806786e+01  3.4730903e-11  3.47309e-11  2.90651e-14  3.47018e-11
1.210830820e+01  3.5064095e-11  3.50641e-11  2.73681e-14  3.50367e-11
1.216884974e+01  3.5363886e-11  3.53639e-11  2.59865e-14  3.53379e-11
1.222969399e+01  3.5664867e-11  3.56649e-11  2.46085e-14  3.56403e-11
1.229084246e+01  3.5935173e-11  3.59352e-11  2.35055e-14  3.59117e-11
1.235229667e+01  3.6164694e-11  3.61647e-11  2.27508e-14  3.61419e-11
1.241405815e+01  3.6380727e-11  3.63807e-11  2.21043e-14  3.63586e-11
1.247612845e+01  3.6587747e-11  3.65877e-11  2.15249e-14  3.65662e-11
1.253850909e+01  3.6780938e-11  3.67809e-11  2.10488e-14  3.67599e-11
1.260120163e+01  3.6968753e-11  3.69688e-11  2.06045e-14  3.69481e-11
1.266420764e+01  3.7151913e-11  3.71519e-11  2.01852e-14  3.71317e-11
1.272752868e+01  3.7330760e-11  3.73308e-11  1.97872e-14  3.73110e-11
1.279116632e+01  3.7505643e-11  3.75056e-11  1.94070e-14  3.74862e-11
1.285512215e+01  3.7674922e-11  3.76749e-11  1.90561e-14  3.76559e-11
1.291939776e+01  3.7851361e-11  3.78514e-11  1.86388e-14  3.78327e-11
1.298399475e+01  3.8024191e-11  3.80242e-11  1.82365e-14  3.80060e-11
1.304891473e+01  3.8199836e-11  3.81998e-11  1.78021e-14  3.81820e-11
1.311415930e+01  3.8375902e-11  3.83759e-11  1.73541e-14  3.83585e-11
1.317973010e+01  3.8553211e-11  3.85532e-11  1.68872e-14  3.85363e-11
1.324562875e+01  3.8725251e-11  3.87253e-11  1.64473e-14  3.87088e-11
1.331185689e+01  3.8891562e-11  3.88916e-11  1.60367e-14  3.88755e-11
1.337841618e+01  3.9054145e-11  3.90541e-11  1.56406e-14  3.90385e-11
1.344530826e+01  3.9214207e-11  3.92142e-11  1.52506e-14  3.91990e-11
1.351253480e+01  3.9372971e-11  3.93730e-11  1.48583e-14  3.93581e-11
1.358009747e+01  3.9530017e-11  3.95300e-11  1.44666e-14  3.95156e-11
1.364799796e+01  3.9692408e-11  3.96924e-11  1.40302e-14  3.96784e-11
1.371623795e+01  3.9839334e-11  3.98393e-11  1.36828e-14  3.98257e-11
1.378481914e+01  3.9988662e-11  3.99887e-11  1.33092e-14  3.99754e-11
1.385374323e+01  4.0147553e-11  4.01476e-11  1.28660e-14  4.01347e-11
1.392301195e+01  4.0305154e-11  4.03052e-11  1.24223e-14  4.02927e-11
1.399262701e+01  4.0454284e-11  4.04543e-11  1.20215e-14  4.04423e-11
1.406259015e+01  4.0607997e-11  4.06080e-11  1.15842e-14  4.05964e-11
1.413290310e+01  4.0754882e-11  4.07549e-11  1.11791e-14  4.07437e-11
1.420356761e+01  4.0883422e-11  4.08834e-11  1.08724e-14  4.08725e-11
1.427458545e+01  4.1021608e-11  4.10216e-11  1.04992e-14  4.10111e-11
1.434595838e+01  4.1168234e-11  4.11682e-11  1.00689e-14  4.11582e-11
1.441768817e+01  4.1307959e-11  4.13080e-11  9.66983e-15  4.12983e-11
1.448977661e+01  4.1439885e-11  4.14399e-11  9.30606e-15  4.14306e-11
1.456222549e+01  4.1555380e-11  4.15554e-11  9.02393e-15  4.15464e-11
1.463503662e+01  4.1674153e-11  4.16742e-11  8.71353e-15  4.16654e-11
1.470821180e+01  4.1789335e-11  4.17893e-11  8.41283e-15  4.17809e-11
1.478175286e+01  4.1903936e-11  4.19039e-11  8.10555e-15  4.18958e-11
1.485566163e+01  4.1993299e-11  4.19933e-11  7.92163e-15  4.19854e-11
1.492993994e+01  4.2072043e-11  4.20720e-11  7.78101e-15  4.20643e-11
1.500458964e+01  4.2132320e-11  4.21323e-11  7.72269e-15  4.21246e-11
1.507961258e+01  4.2165365e-11  4.21654e-11  7.78857e-15  4.21576e-11
1.515501065e+01  4.2167163e-11  4.21672e-11  7.99480e-15  4.21592e-11
1.523078570e+01  4.2073960e-11  4.20740e-11  8.65404e-15  4.20653e-11
1.530693963e+01  4.1898953e-11  4.18990e-11  9.68670e-15  4.18893e-11
1.538347433e+01  4.1725371e-11  4.17254e-11  1.06755e-14  4.17147e-11
1.546039170e+01  4.1472775e-11  4.14728e-11  1.20092e-14  4.14608e-11
1.553769366e+01  4.1113818e-11  4.11138e-11  1.38071e-14  4.11000e-11
1.561538212e+01  4.0875820e-11  4.08758e-11  1.49824e-14  4.08608e-11
1.569345903e+01  4.0660474e-11  4.06605e-11  1.60132e-14  4.06445e-11
1.577192633e+01  4.0462202e-11  4.04622e-11  1.69297e-14  4.04453e-11
1.585078596e+01  4.0396292e-11  4.03963e-11  1.72085e-14  4.03791e-11
1.593003989e+01  4.0384789e-11  4.03848e-11  1.72216e-14  4.03676e-11
1.600969009e+01  4.0425639e-11  4.04256e-11  1.69865e-14  4.04087e-11
1.608973854e+01  4.0510150e-11  4.05102e-11  1.65493e-14  4.04936e-11
1.617018723e+01  4.0676749e-11  4.06767e-11  1.57476e-14  4.06610e-11
1.625103817e+01  4.0832077e-11  4.08321e-11  1.49980e-14  4.08171e-11
1.633229336e+01  4.1010517e-11  4.10105e-11  1.41512e-14  4.09964e-11
1.641395483e+01  4.1201048e-11  4.12010e-11  1.32571e-14  4.11878e-11
1.649602460e+01  4.1359969e-11  4.13600e-11  1.25016e-14  4.13475e-11
1.657850473e+01  4.1563618e-11  4.15636e-11  1.15621e-14  4.15521e-11
1.666139725e+01  4.1692342e-11  4.16923e-11  1.09387e-14  4.16814e-11
1.674470424e+01  4.1849874e-11  4.18499e-11  1.01978e-14  4.18397e-11
1.682842776e+01  4.1949654e-11  4.19497e-11  9.69392e-15  4.19400e-11
1.691256990e+01  4.1994325e-11  4.19943e-11  9.40976e-15  4.19849e-11
1.699713274e+01  4.1956081e-11  4.19561e-11  9.44987e-15  4.19466e-11
1.708211841e+01  4.1819515e-11  4.18195e-11  9.86591e-15  4.18096e-11
1.716752900e+01  4.1614726e-11  4.16147e-11  1.05299e-14  4.16042e-11
1.725336665e+01  4.1329013e-11  4.13290e-11  1.14841e-14  4.13175e-11
1.733963348e+01  4.0998679e-11  4.09987e-11  1.25814e-14  4.09861e-11
1.742633165e+01  4.0575776e-11  4.05758e-11  1.39999e-14  4.05618e-11
1.751346330e+01  4.0166723e-11  4.01667e-11  1.53303e-14  4.01514e-11
1.760103062e+01  3.9687885e-11  3.96879e-11  1.68870e-14  3.96710e-11
1.768903577e+01  3.9294440e-11  3.92944e-11  1.80903e-14  3.92763e-11
1.777748095e+01  3.8903603e-11  3.89036e-11  1.92529e-14  3.88843e-11
1.786636836e+01  3.8641199e-11  3.86412e-11  1.99192e-14  3.86213e-11
1.795570020e+01  3.8374330e-11  3.83743e-11  2.05804e-14  3.83537e-11
1.804547870e+01  3.8106134e-11  3.81061e-11  2.12255e-14  3.80849e-11
1.813570609e+01  3.7727443e-11  3.77274e-11  2.22409e-14  3.77052e-11
1.822638462e+01  3.7398576e-11  3.73986e-11  2.30551e-14  3.73755e-11
1.831751655e+01  3.7212715e-11  3.72127e-11  2.33498e-14  3.71894e-11
1.840910413e+01  3.7169922e-11  3.71699e-11  2.31381e-14  3.71468e-11
1.850114965e+01  3.7108555e-11  3.71086e-11  2.29849e-14  3.70856e-11
1.859365540e+01  3.6910421e-11  3.69104e-11  2.32891e-14  3.68871e-11
1.868662368e+01  3.6489715e-11  3.64897e-11  2.43272e-14  3.64654e-11
1.878005679e+01  3.5939162e-11  3.59392e-11  2.57723e-14  3.59134e-11
1.887395708e+01  3.5440215e-11  3.54402e-11  2.70151e-14  3.54132e-11
1.896832686e+01  3.5201616e-11  3.52016e-11  2.73772e-14  3.51742e-11
1.906316850e+01  3.5241003e-11  3.52410e-11  2.68230e-14  3.52142e-11
1.915848434e+01  3.5523872e-11  3.55239e-11  2.54862e-14  3.54984e-11
1.925427676e+01  3.5752548e-11  3.57525e-11  2.43370e-14  3.57282e-11
1.935054815e+01  3.5979902e-11  3.59799e-11  2.32033e-14  3.59567e-11
1.944730089e+01  3.6192115e-11  3.61921e-11  2.21284e-14  3.61700e-11
1.954453739e+01  3.6311785e-11  3.63118e-11  2.13523e-14  3.62904e-11
1.964226008e+01  3.6373715e-11  3.63737e-11  2.07605e-14  3.63530e-11
1.974047138e+01  3.6291154e-11  3.62912e-11  2.06151e-14  3.62705e-11
1.983917374e+01  3.6194556e-11  3.61946e-11  2.05082e-14  3.61740e-11
1.993836960e+01  3.6282655e-11  3.62827e-11  1.98387e-14  3.62628e-11
2.003806145e+01  3.6639685e-11  3.66397e-11  1.83669e-14  3.66213e-11
2.013825176e+01  3.7087882e-11  3.70879e-11  1.66405e-14  3.70712e-11
2.023894302e+01  3.7530239e-11  3.75302e-11  1.49519e-14  3.75153e-11
2.034013773e+01  3.7930273e-11  3.79303e-11  1.34071e-14  3.79169e-11
2.044183842e+01  3.8274225e-11  3.82742e-11  1.20432e-14  3.82622e-11
2.054404761e+01  3.8512174e-11  3.85122e-11  1.10003e-14  3.85012e-11
2.064676785e+01  3.8680557e-11  3.86806e-11  1.01670e-14  3.86704e-11
2.075000169e+01  3.8645359e-11  3.86454e-11  9.91981e-15  3.86354e-11
2.085375170e+01  3.8397054e-11  3.83971e-11  1.02728e-14  3.83868e-11
2.095802046e+01  3.8045872e-11  3.80459e-11  1.09041e-14  3.80350e-11
2.106281056e+01  3.7654331e-11  3.76543e-11  1.16337e-14  3.76427e-11
2.116812461e+01  3.7314755e-11  3.73148e-11  1.22045e-14  3.73026e-11
2.127396524e+01  3.7049235e-11  3.70492e-11  1.25594e-14  3.70367e-11
2.138033506e+01  3.6914407e-11  3.69144e-11  1.25489e-14  3.69019e-11
2.148723674e+01  3.6881630e-11  3.68816e-11  1.22583e-14  3.68694e-11
2.159467292e+01  3.6889150e-11  3.68891e-11  1.18593e-14  3.68773e-11
2.170264629e+01  3.6870910e-11  3.68709e-11  1.15304e-14  3.68594e-11
2.181115952e+01  3.6703366e-11  3.67034e-11  1.15971e-14  3.66918e-11
2.192021532e+01  3.6308879e-11  3.63089e-11  1.22556e-14  3.62966e-11
2.202981639e+01  3.5810805e-11  3.58108e-11  1.31715e-14  3.57976e-11
2.213996547e+01  3.5192202e-11  3.51922e-11  1.43836e-14  3.51778e-11
2.225066530e+01  3.4510094e-11  3.45101e-11  1.57391e-14  3.44944e-11
2.236191863e+01  3.3889155e-11  3.38892e-11  1.69162e-14  3.38722e-11
2.247372822e+01  3.3440114e-11  3.34401e-11  1.76372e-14  3.34225e-11
2.258609686e+01  3.3122959e-11  3.31230e-11  1.80123e-14  3.31049e-11
2.269902735e+01  3.2868488e-11  3.28685e-11  1.82220e-14  3.28503e-11
2.281252248e+01  3.2606718e-11  3.26067e-11  1.84437e-14  3.25883e-11
2.292658510e+01  3.2249023e-11  3.22490e-11  1.88968e-14  3.22301e-11
2.304121802e+01  3.1699180e-11  3.16992e-11  1.98131e-14  3.16794e-11
2.315642411e+01  3.1034995e-11  3.10350e-11  2.09939e-14  3.10140e-11
2.327220623e+01  3.0392824e-11  3.03928e-11  2.21031e-14  3.03707e-11
2.338856726e+01  2.9836959e-11  2.98370e-11  2.29872e-14  2.98140e-11
2.350551010e+01  2.9388943e-11  2.93889e-11  2.35989e-14  2.93653e-11
2.362303765e+01  2.9060250e-11  2.90603e-11  2.39162e-14  2.90363e-11
2.374115284e+01  2.8829504e-11  2.88295e-11  2.39951e-14  2.88055e-11
2.385985860e+01  2.8658538e-11  2.86585e-11  2.39299e-14  2.86346e-11
2.397915789e+01  2.8542897e-11  2.85429e-11  2.37338e-14  2.85192e-11
2.409905368e+01  2.8547036e-11  2.85470e-11  2.32596e-14  2.85238e-11
2.421954895e+01  2.8755178e-11  2.87552e-11  2.23181e-14  2.87329e-11
2.434064670e+01  2.9143335e-11  2.91433e-11  2.09729e-14  2.91224e-11
2.446234993e+01  2.9670299e-11  2.96703e-11  1.93254e-14  2.96510e-11
2.458466168e+01  3.0184689e-11  3.01847e-11  1.77240e-14  3.01670e-11
2.470758499e+01  3.0529397e-11  3.05294e-11  1.65220e-14  3.05129e-11
2.483112291e+01  3.0700982e-11  3.07010e-11  1.57199e-14  3.06853e-11
2.495527853e+01  3.0749344e-11  3.07493e-11  1.51998e-14  3.07341e-11
