# ------------------------------------------------------------------------
# Radiance spectrum
# NASA-GSFC Planetary Spectrum Generator (PSG) (Villanueva et al. 2018, 2022)
# Synthesized on Sat Jan 27 19:43:11 2024
# Doppler velocities [km/s] (vobs,vrot+vorb,vwidth,vrfl,vstr): 0.00000,-0.00000,0.00000,-119.41115,-0.00000
# Spectral unit: Wavelength [um]
# Radiance unit: Spectral irradiance [W/m2/um]
# Wave/freq Total Object Reflected Thermal
5.000000000e-01  4.2851671e-12  4.28517e-12  4.28517e-12  8.88342e-47
5.025000000e-01  4.3281821e-12  4.32818e-12  4.32818e-12  1.40153e-46
5.050125000e-01  4.3711053e-12  4.37111e-12  4.37111e-12  2.20602e-46
5.075375625e-01  4.4139284e-12  4.41393e-12  4.41393e-12  3.46419e-46
5.100752503e-01  4.4566430e-12  4.45664e-12  4.45664e-12  5.42734e-46
5.126256266e-01  4.4992410e-12  4.49924e-12  4.49924e-12  8.48341e-46
5.151887547e-01  4.5417140e-12  4.54171e-12  4.54171e-12  1.32299e-45
5.177646985e-01  4.5840540e-12  4.58405e-12  4.58405e-12  2.05849e-45
5.203535220e-01  4.6262526e-12  4.62625e-12  4.62625e-12  3.19562e-45
5.229552896e-01  4.6683019e-12  4.66830e-12  4.66830e-12  4.94970e-45
5.255700660e-01  4.7101937e-12  4.71019e-12  4.71019e-12  7.64934e-45
5.281979164e-01  4.7519201e-12  4.75192e-12  4.75192e-12  1.17950e-44
5.308389059e-01  4.7934730e-12  4.79347e-12  4.79347e-12  1.81468e-44
5.334931005e-01  4.8348447e-12  4.83484e-12  4.83484e-12  2.78575e-44
5.361605660e-01  4.8760271e-12  4.87603e-12  4.87603e-12  4.26703e-44
5.388413688e-01  4.9170126e-12  4.91701e-12  4.91701e-12  6.52161e-44
5.415355756e-01  4.9577935e-12  4.95779e-12  4.95779e-12  9.94570e-44
5.442432535e-01  4.9983619e-12  4.99836e-12  4.99836e-12  1.51346e-43
5.469644698e-01  5.0387105e-12  5.03871e-12  5.03871e-12  2.29810e-43
5.496992921e-01  5.0788316e-12  5.07883e-12  5.07883e-12  3.48201e-43
5.524477886e-01  5.1187179e-12  5.11872e-12  5.11872e-12  5.26456e-43
5.552100275e-01  5.1583620e-12  5.15836e-12  5.15836e-12  7.94271e-43
5.579860777e-01  5.1977566e-12  5.19776e-12  5.19776e-12  1.19579e-42
5.607760081e-01  5.2368944e-12  5.23689e-12  5.23689e-12  1.79648e-42
5.635798881e-01  5.2757685e-12  5.27577e-12  5.27577e-12  2.69327e-42
5.663977875e-01  5.3143718e-12  5.31437e-12  5.31437e-12  4.02931e-42
5.692297765e-01  5.3526973e-12  5.35270e-12  5.35270e-12  6.01559e-42
5.720759254e-01  5.3907383e-12  5.39074e-12  5.39074e-12  8.96245e-42
5.749363050e-01  5.4284879e-12  5.42849e-12  5.42849e-12  1.33255e-41
5.778109865e-01  5.4659395e-12  5.46594e-12  5.46594e-12  1.97719e-41
5.807000414e-01  5.5030866e-12  5.50309e-12  5.50309e-12  2.92772e-41
5.836035417e-01  5.5399228e-12  5.53992e-12  5.53992e-12  4.32643e-41
5.865215594e-01  5.5764416e-12  5.57644e-12  5.57644e-12  6.38050e-41
5.894541672e-01  5.6126369e-12  5.61264e-12  5.61264e-12  9.39090e-41
5.924014380e-01  5.6485025e-12  5.64850e-12  5.64850e-12  1.37941e-40
5.953634452e-01  5.6840324e-12  5.68403e-12  5.68403e-12  2.02216e-40
5.983402624e-01  5.7192206e-12  5.71922e-12  5.71922e-12  2.95855e-40
6.013319637e-01  5.7540614e-12  5.75406e-12  5.75406e-12  4.32003e-40
6.043386235e-01  5.7885491e-12  5.78855e-12  5.78855e-12  6.29573e-40
6.073603167e-01  5.8226781e-12  5.82268e-12  5.82268e-12  9.15711e-40
6.103971182e-01  5.8564428e-12  5.85644e-12  5.85644e-12  1.32932e-39
6.134491038e-01  5.8898381e-12  5.88984e-12  5.88984e-12  1.92603e-39
6.165163494e-01  5.9228585e-12  5.92286e-12  5.92286e-12  2.78523e-39
6.195989311e-01  5.9554991e-12  5.95550e-12  5.95550e-12  4.02005e-39
6.226969258e-01  5.9877549e-12  5.98775e-12  5.98775e-12  5.79131e-39
6.258104104e-01  6.0196208e-12  6.01962e-12  6.01962e-12  8.32723e-39
6.289394624e-01  6.0510923e-12  6.05109e-12  6.05109e-12  1.19511e-38
6.320841597e-01  6.0821646e-12  6.08216e-12  6.08216e-12  1.71199e-38
6.352445805e-01  6.1128333e-12  6.11283e-12  6.11283e-12  2.44786e-38
6.384208035e-01  6.1430940e-12  6.14309e-12  6.14309e-12  3.49355e-38
6.416129075e-01  6.1729424e-12  6.17294e-12  6.17294e-12  4.97675e-38
6.448209720e-01  6.2023743e-12  6.20237e-12  6.20237e-12  7.07666e-38
6.480450769e-01  6.2313859e-12  6.23139e-12  6.23139e-12  1.00442e-37
6.512853022e-01  6.2599731e-12  6.25997e-12  6.25997e-12  1.42304e-37
6.545417288e-01  6.2881323e-12  6.28813e-12  6.28813e-12  2.01249e-37
6.578144374e-01  6.3158598e-12  6.31586e-12  6.31586e-12  2.84097e-37
6.611035096e-01  6.3431520e-12  6.34315e-12  6.34315e-12  4.00336e-37
6.644090271e-01  6.3700058e-12  6.37001e-12  6.37001e-12  5.63129e-37
6.677310723e-01  6.3964176e-12  6.39642e-12  6.39642e-12  7.90718e-37
6.710697276e-01  6.4223846e-12  6.42238e-12  6.42238e-12  1.10833e-36
6.744250763e-01  6.4479036e-12  6.44790e-12  6.44790e-12  1.55080e-36
6.777972017e-01  6.4729718e-12  6.47297e-12  6.47297e-12  2.16613e-36
6.811861877e-01  6.4975865e-12  6.49759e-12  6.49759e-12  3.02035e-36
6.845921186e-01  6.5217450e-12  6.52174e-12  6.52174e-12  4.20418e-36
6.880150792e-01  6.5454449e-12  6.54544e-12  6.54544e-12  5.84194e-36
6.914551546e-01  6.5686837e-12  6.56868e-12  6.56868e-12  8.10383e-36
6.949124304e-01  6.5914594e-12  6.59146e-12  6.59146e-12  1.12224e-35
6.983869925e-01  6.6137697e-12  6.61377e-12  6.61377e-12  1.55147e-35
7.018789275e-01  6.6356127e-12  6.63561e-12  6.63561e-12  2.14125e-35
7.053883221e-01  6.6569865e-12  6.65699e-12  6.65699e-12  2.95029e-35
7.089152637e-01  6.6778894e-12  6.67789e-12  6.67789e-12  4.05824e-35
7.124598400e-01  6.6983197e-12  6.69832e-12  6.69832e-12  5.57300e-35
7.160221392e-01  6.7182761e-12  6.71828e-12  6.71828e-12  7.64051e-35
7.196022499e-01  6.7377571e-12  6.73776e-12  6.73776e-12  1.04578e-34
7.232002612e-01  6.7567614e-12  6.75676e-12  6.75676e-12  1.42906e-34
7.268162625e-01  6.7752881e-12  6.77529e-12  6.77529e-12  1.94963e-34
7.304503438e-01  6.7933360e-12  6.79334e-12  6.79334e-12  2.65553e-34
7.341025955e-01  6.8109043e-12  6.81090e-12  6.81090e-12  3.61118e-34
7.377731085e-01  6.8279922e-12  6.82799e-12  6.82799e-12  4.90288e-34
7.414619740e-01  6.8445991e-12  6.84460e-12  6.84460e-12  6.64600e-34
7.451692839e-01  6.8607244e-12  6.86072e-12  6.86072e-12  8.99455e-34
7.488951303e-01  6.8763677e-12  6.87637e-12  6.87637e-12  1.21538e-33
7.526396060e-01  6.8915288e-12  6.89153e-12  6.89153e-12  1.63970e-33
7.564028040e-01  6.9062074e-12  6.90621e-12  6.90621e-12  2.20869e-33
7.601848180e-01  6.9204035e-12  6.92040e-12  6.92040e-12  2.97050e-33
7.639857421e-01  6.9341171e-12  6.93412e-12  6.93412e-12  3.98889e-33
7.678056708e-01  6.9473483e-12  6.94735e-12  6.94735e-12  5.34817e-33
7.716446992e-01  6.9600975e-12  6.96010e-12  6.96010e-12  7.15966e-33
7.755029227e-01  6.9723648e-12  6.97236e-12  6.97236e-12  9.57011e-33
7.793804373e-01  6.9841510e-12  6.98415e-12  6.98415e-12  1.27727e-32
7.832773395e-01  6.9954564e-12  6.99546e-12  6.99546e-12  1.70213e-32
7.871937262e-01  7.0062818e-12  7.00628e-12  7.00628e-12  2.26490e-32
7.911296948e-01  7.0166279e-12  7.01663e-12  7.01663e-12  3.00923e-32
7.950853433e-01  7.0264957e-12  7.02650e-12  7.02650e-12  3.99224e-32
7.990607700e-01  7.0358861e-12  7.03589e-12  7.03589e-12  5.28852e-32
8.030560739e-01  7.0448002e-12  7.04480e-12  7.04480e-12  6.99538e-32
8.070713542e-01  7.0532391e-12  7.05324e-12  7.05324e-12  9.23959e-32
8.111067110e-01  7.0612041e-12  7.06120e-12  7.06120e-12  1.21860e-31
8.151622446e-01  7.0686967e-12  7.06870e-12  7.06870e-12  1.60486e-31
8.192380558e-01  7.0757181e-12  7.07572e-12  7.07572e-12  2.11051e-31
8.233342461e-01  7.0822701e-12  7.08227e-12  7.08227e-12  2.77149e-31
8.274509173e-01  7.0883541e-12  7.08835e-12  7.08835e-12  3.63428e-31
8.315881719e-01  7.0939720e-12  7.09397e-12  7.09397e-12  4.75888e-31
8.357461127e-01  7.0991254e-12  7.09913e-12  7.09913e-12  6.22267e-31
8.399248433e-01  7.1038164e-12  7.10382e-12  7.10382e-12  8.12526e-31
8.441244675e-01  7.1080469e-12  7.10805e-12  7.10805e-12  1.05947e-30
8.483450899e-01  7.1118189e-12  7.11182e-12  7.11182e-12  1.37954e-30
8.525868153e-01  7.1151346e-12  7.11513e-12  7.11513e-12  1.79381e-30
8.568497494e-01  7.1179962e-12  7.11800e-12  7.11800e-12  2.32928e-30
8.611339981e-01  7.1204059e-12  7.12041e-12  7.12041e-12  3.02042e-30
8.654396681e-01  7.1223662e-12  7.12237e-12  7.12237e-12  3.91129e-30
8.697668665e-01  7.1238794e-12  7.12388e-12  7.12388e-12  5.05804e-30
8.741157008e-01  7.1249480e-12  7.12495e-12  7.12495e-12  6.53216e-30
8.784862793e-01  7.1255747e-12  7.12557e-12  7.12557e-12  8.42454e-30
8.828787107e-01  7.1257621e-12  7.12576e-12  7.12576e-12  1.08506e-29
8.872931042e-01  7.1255129e-12  7.12551e-12  7.12551e-12  1.39567e-29
8.917295698e-01  7.1248298e-12  7.12483e-12  7.12483e-12  1.79281e-29
8.961882176e-01  7.1237157e-12  7.12372e-12  7.12372e-12  2.29991e-29
9.006691587e-01  7.1221735e-12  7.12217e-12  7.12217e-12  2.94659e-29
9.051725045e-01  7.1202061e-12  7.12021e-12  7.12021e-12  3.77016e-29
9.096983670e-01  7.1178166e-12  7.11782e-12  7.11782e-12  4.81765e-29
9.142468589e-01  7.1150081e-12  7.11501e-12  7.11501e-12  6.14821e-29
9.188180931e-01  7.1117836e-12  7.11178e-12  7.11178e-12  7.83615e-29
9.234121836e-01  7.1081464e-12  7.10815e-12  7.10815e-12  9.97471e-29
9.280292445e-01  7.1040997e-12  7.10410e-12  7.10410e-12  1.26807e-28
9.326693908e-01  7.0996467e-12  7.09965e-12  7.09965e-12  1.61004e-28
9.373327377e-01  7.0947908e-12  7.09479e-12  7.09479e-12  2.04165e-28
9.420194014e-01  7.0895354e-12  7.08954e-12  7.08954e-12  2.58572e-28
9.467294984e-01  7.0838840e-12  7.08388e-12  7.08388e-12  3.27068e-28
9.514631459e-01  7.0778399e-12  7.07784e-12  7.07784e-12  4.13194e-28
9.562204616e-01  7.0714067e-12  7.07141e-12  7.07141e-12  5.21354e-28
9.610015639e-01  7.0645879e-12  7.06459e-12  7.06459e-12  6.57018e-28
9.658065718e-01  7.0573872e-12  7.05739e-12  7.05739e-12  8.26970e-28
9.706356046e-01  7.0498081e-12  7.04981e-12  7.04981e-12  1.03961e-27
9.754887826e-01  7.0418544e-12  7.04185e-12  7.04185e-12  1.30535e-27
9.803662265e-01  7.0335297e-12  7.03353e-12  7.03353e-12  1.63704e-27
9.852680577e-01  7.0248378e-12  7.02484e-12  7.02484e-12  2.05055e-27
9.901943980e-01  7.0157824e-12  7.01578e-12  7.01578e-12  2.56544e-27
9.951453700e-01  7.0063673e-12  7.00637e-12  7.00637e-12  3.20581e-27
1.000121097e+00  6.9965964e-12  6.99660e-12  6.99660e-12  4.00128e-27
1.005121702e+00  6.9864735e-12  6.98647e-12  6.98647e-12  4.98825e-27
1.010147311e+00  6.9760025e-12  6.97600e-12  6.97600e-12  6.21140e-27
1.015198047e+00  6.9651873e-12  6.96519e-12  6.96519e-12  7.72547e-27
1.020274038e+00  6.9540318e-12  6.95403e-12  6.95403e-12  9.59746e-27
1.025375408e+00  6.9425400e-12  6.94254e-12  6.94254e-12  1.19093e-26
1.030502285e+00  6.9307158e-12  6.93072e-12  6.93072e-12  1.47611e-26
1.035654796e+00  6.9185632e-12  6.91856e-12  6.91856e-12  1.82749e-26
1.040833070e+00  6.9060863e-12  6.90609e-12  6.90609e-12  2.25993e-26
1.046037236e+00  6.8932890e-12  6.89329e-12  6.89329e-12  2.79156e-26
1.051267422e+00  6.8801754e-12  6.88018e-12  6.88018e-12  3.44436e-26
1.056523759e+00  6.8667496e-12  6.86675e-12  6.86675e-12  4.24506e-26
1.061806378e+00  6.8530156e-12  6.85302e-12  6.85302e-12  5.22607e-26
1.067115410e+00  6.8389774e-12  6.83898e-12  6.83898e-12  6.42666e-26
1.072450987e+00  6.8246393e-12  6.82464e-12  6.82464e-12  7.89434e-26
1.077813242e+00  6.8100052e-12  6.81001e-12  6.81001e-12  9.68657e-26
1.083202308e+00  6.7950793e-12  6.79508e-12  6.79508e-12  1.18727e-25
1.088618319e+00  6.7798656e-12  6.77987e-12  6.77987e-12  1.45364e-25
1.094061411e+00  6.7643684e-12  6.76437e-12  6.76437e-12  1.77785e-25
1.099531718e+00  6.7485917e-12  6.74859e-12  6.74859e-12  2.17203e-25
1.105029377e+00  6.7325396e-12  6.73254e-12  6.73254e-12  2.65077e-25
1.110554523e+00  6.7162163e-12  6.71622e-12  6.71622e-12  3.23157e-25
1.116107296e+00  6.6996258e-12  6.69963e-12  6.69963e-12  3.93547e-25
1.121687832e+00  6.6827724e-12  6.68277e-12  6.68277e-12  4.78764e-25
1.127296272e+00  6.6656602e-12  6.66566e-12  6.66566e-12  5.81821e-25
1.132932753e+00  6.6482932e-12  6.64829e-12  6.64829e-12  7.06325e-25
1.138597417e+00  6.6306755e-12  6.63068e-12  6.63068e-12  8.56580e-25
1.144290404e+00  6.6128114e-12  6.61281e-12  6.61281e-12  1.03773e-24
1.150011856e+00  6.5947049e-12  6.59470e-12  6.59470e-12  1.25589e-24
1.155761915e+00  6.5763601e-12  6.57636e-12  6.57636e-12  1.51836e-24
1.161540725e+00  6.5577812e-12  6.55778e-12  6.55778e-12  1.83381e-24
1.167348428e+00  6.5389721e-12  6.53897e-12  6.53897e-12  2.21256e-24
1.173185171e+00  6.5199370e-12  6.51994e-12  6.51994e-12  2.66684e-24
1.179051096e+00  6.5006800e-12  6.50068e-12  6.50068e-12  3.21118e-24
1.184946352e+00  6.4812051e-12  6.48121e-12  6.48121e-12  3.86276e-24
1.190871084e+00  6.4615164e-12  6.46152e-12  6.46152e-12  4.64193e-24
1.196825439e+00  6.4416179e-12  6.44162e-12  6.44162e-12  5.57277e-24
1.202809566e+00  6.4215136e-12  6.42151e-12  6.42151e-12  6.68369e-24
1.208823614e+00  6.4012076e-12  6.40121e-12  6.40121e-12  8.00822e-24
1.214867732e+00  6.3807038e-12  6.38070e-12  6.38070e-12  9.58590e-24
1.220942071e+00  6.3600062e-12  6.36001e-12  6.36001e-12  1.14633e-23
1.227046781e+00  6.3391188e-12  6.33912e-12  6.33912e-12  1.36951e-23
1.233182015e+00  6.3180456e-12  6.31805e-12  6.31805e-12  1.63458e-23
1.239347925e+00  6.2967904e-12  6.29679e-12  6.29679e-12  1.94909e-23
1.245544665e+00  6.2753573e-12  6.27536e-12  6.27536e-12  2.32191e-23
1.251772388e+00  6.2537500e-12  6.25375e-12  6.25375e-12  2.76343e-23
1.258031250e+00  6.2319725e-12  6.23197e-12  6.23197e-12  3.28582e-23
1.264321406e+00  6.2100286e-12  6.21003e-12  6.21003e-12  3.90330e-23
1.270643013e+00  6.1879221e-12  6.18792e-12  6.18792e-12  4.63250e-23
1.276996228e+00  6.1656570e-12  6.16566e-12  6.16566e-12  5.49283e-23
1.283381209e+00  6.1432369e-12  6.14324e-12  6.14324e-12  6.50695e-23
1.289798116e+00  6.1206656e-12  6.12067e-12  6.12067e-12  7.70122e-23
1.296247106e+00  6.0979469e-12  6.09795e-12  6.09795e-12  9.10638e-23
1.302728342e+00  6.0750846e-12  6.07508e-12  6.07508e-12  1.07581e-22
1.309241983e+00  6.0520823e-12  6.05208e-12  6.05208e-12  1.26980e-22
1.315788193e+00  6.0289436e-12  6.02894e-12  6.02894e-12  1.49742e-22
1.322367134e+00  6.0056723e-12  6.00567e-12  6.00567e-12  1.76427e-22
1.328978970e+00  5.9822720e-12  5.98227e-12  5.98227e-12  2.07682e-22
1.335623865e+00  5.9587463e-12  5.95875e-12  5.95875e-12  2.44257e-22
1.342301984e+00  5.9350988e-12  5.93510e-12  5.93510e-12  2.87020e-22
1.349013494e+00  5.9113329e-12  5.91133e-12  5.91133e-12  3.36975e-22
1.355758561e+00  5.8874523e-12  5.88745e-12  5.88745e-12  3.95278e-22
1.362537354e+00  5.8634605e-12  5.86346e-12  5.86346e-12  4.63267e-22
1.369350041e+00  5.8393608e-12  5.83936e-12  5.83936e-12  5.42482e-22
1.376196791e+00  5.8151568e-12  5.81516e-12  5.81516e-12  6.34695e-22
1.383077775e+00  5.7908519e-12  5.79085e-12  5.79085e-12  7.41948e-22
1.389993164e+00  5.7664495e-12  5.76645e-12  5.76645e-12  8.66587e-22
1.396943130e+00  5.7419528e-12  5.74195e-12  5.74195e-12  1.01131e-21
1.403927846e+00  5.7173653e-12  5.71737e-12  5.71737e-12  1.17920e-21
1.410947485e+00  5.6926902e-12  5.69269e-12  5.69269e-12  1.37382e-21
1.418002222e+00  5.6679309e-12  5.66793e-12  5.66793e-12  1.59922e-21
1.425092233e+00  5.6430905e-12  5.64309e-12  5.64309e-12  1.86005e-21
1.432217694e+00  5.6181723e-12  5.61817e-12  5.61817e-12  2.16164e-21
1.439378783e+00  5.5931794e-12  5.59318e-12  5.59318e-12  2.51007e-21
1.446575677e+00  5.5681151e-12  5.56812e-12  5.56812e-12  2.91228e-21
1.453808555e+00  5.5429823e-12  5.54298e-12  5.54298e-12  3.37618e-21
1.461077598e+00  5.5177843e-12  5.51778e-12  5.51778e-12  3.91082e-21
1.468382986e+00  5.4925241e-12  5.49252e-12  5.49252e-12  4.52647e-21
1.475724901e+00  5.4672046e-12  5.46720e-12  5.46720e-12  5.23483e-21
1.483103525e+00  5.4418290e-12  5.44183e-12  5.44183e-12  6.04922e-21
1.490519043e+00  5.4164001e-12  5.41640e-12  5.41640e-12  6.98477e-21
1.497971638e+00  5.3909209e-12  5.39092e-12  5.39092e-12  8.05863e-21
1.505461496e+00  5.3653943e-12  5.36539e-12  5.36539e-12  9.29028e-21
1.512988804e+00  5.3398232e-12  5.33982e-12  5.33982e-12  1.07018e-20
1.520553748e+00  5.3179484e-12  5.31795e-12  5.31795e-12  1.23068e-20
1.528156517e+00  5.2932087e-12  5.29321e-12  5.29321e-12  1.41513e-20
1.535797299e+00  5.2839717e-12  5.28397e-12  5.28397e-12  1.61964e-20
1.543476286e+00  5.2999585e-12  5.29996e-12  5.29996e-12  1.84029e-20
1.551193667e+00  5.3342899e-12  5.33429e-12  5.33429e-12  2.07896e-20
1.558949636e+00  5.3741963e-12  5.37420e-12  5.37420e-12  2.34234e-20
1.566744384e+00  5.4086988e-12  5.40870e-12  5.40870e-12  2.63967e-20
1.574578106e+00  5.4376895e-12  5.43769e-12  5.43769e-12  2.97572e-20
1.582450996e+00  5.4638490e-12  5.46385e-12  5.46385e-12  3.35336e-20
1.590363251e+00  5.4880177e-12  5.48802e-12  5.48802e-12  3.77682e-20
1.598315067e+00  5.5097752e-12  5.50978e-12  5.50978e-12  4.25198e-20
1.606306643e+00  5.5321601e-12  5.53216e-12  5.53216e-12  4.78071e-20
1.614338176e+00  5.5486446e-12  5.54864e-12  5.54864e-12  5.37887e-20
1.622409867e+00  5.5639546e-12  5.56395e-12  5.56395e-12  6.04764e-20
1.630521916e+00  5.5737488e-12  5.57375e-12  5.57375e-12  6.80429e-20
1.638674526e+00  5.5818346e-12  5.58183e-12  5.58183e-12  7.65214e-20
1.646867898e+00  5.5829779e-12  5.58298e-12  5.58298e-12  8.61679e-20
1.655102238e+00  5.5784855e-12  5.57849e-12  5.57849e-12  9.71238e-20
1.663377749e+00  5.5723671e-12  5.57237e-12  5.57237e-12  1.09438e-19
1.671694638e+00  5.5607458e-12  5.56075e-12  5.56075e-12  1.23440e-19
1.680053111e+00  5.5456492e-12  5.54565e-12  5.54565e-12  1.39289e-19
1.688453377e+00  5.5289792e-12  5.52898e-12  5.52898e-12  1.57137e-19
1.696895643e+00  5.5050869e-12  5.50509e-12  5.50509e-12  1.77589e-19
1.705380122e+00  5.4735099e-12  5.47351e-12  5.47351e-12  2.01105e-19
1.713907022e+00  5.4315697e-12  5.43157e-12  5.43157e-12  2.28420e-19
1.722476557e+00  5.3768136e-12  5.37681e-12  5.37681e-12  2.60454e-19
1.731088940e+00  5.3084792e-12  5.30848e-12  5.30848e-12  2.98206e-19
1.739744385e+00  5.2328882e-12  5.23289e-12  5.23289e-12  3.42049e-19
1.748443107e+00  5.1580017e-12  5.15800e-12  5.15800e-12  3.91950e-19
1.757185322e+00  5.1073386e-12  5.10734e-12  5.10734e-12  4.45110e-19
1.765971249e+00  5.0754714e-12  5.07547e-12  5.07547e-12  5.01914e-19
1.774801105e+00  5.0521664e-12  5.05217e-12  5.05217e-12  5.63931e-19
1.783675111e+00  5.0465143e-12  5.04651e-12  5.04651e-12  6.29278e-19
1.792593486e+00  5.0657478e-12  5.06575e-12  5.06575e-12  6.95410e-19
1.801556454e+00  5.0873584e-12  5.08736e-12  5.08736e-12  7.66942e-19
1.810564236e+00  5.1018355e-12  5.10184e-12  5.10183e-12  8.47090e-19
1.819617057e+00  5.0991940e-12  5.09919e-12  5.09919e-12  9.40748e-19
1.828715142e+00  5.0784233e-12  5.07842e-12  5.07842e-12  1.05123e-18
1.837858718e+00  5.0339689e-12  5.03397e-12  5.03397e-12  1.18473e-18
1.847048012e+00  4.9832988e-12  4.98330e-12  4.98330e-12  1.33761e-18
1.856283252e+00  4.9136452e-12  4.91365e-12  4.91364e-12  1.52034e-18
1.865564668e+00  4.8161387e-12  4.81614e-12  4.81614e-12  1.74506e-18
1.874892491e+00  4.6669389e-12  4.66694e-12  4.66694e-12  2.03899e-18
1.884266954e+00  4.4497390e-12  4.44974e-12  4.44974e-12  2.43375e-18
1.893688289e+00  4.1071488e-12  4.10715e-12  4.10715e-12  3.00945e-18
1.903156730e+00  3.5589736e-12  3.55897e-12  3.55897e-12  3.90151e-18
1.912672514e+00  2.7656608e-12  2.76566e-12  2.76566e-12  5.24973e-18
1.922235876e+00  2.5505076e-12  2.55051e-12  2.55050e-12  6.10867e-18
1.931847056e+00  3.0295266e-12  3.02953e-12  3.02952e-12  6.07818e-18
1.941506291e+00  3.1547035e-12  3.15470e-12  3.15470e-12  6.52868e-18
1.951213822e+00  3.3300976e-12  3.33010e-12  3.33009e-12  6.90395e-18
1.960969892e+00  3.6022799e-12  3.60228e-12  3.60227e-12  7.07351e-18
1.970774741e+00  3.6973588e-12  3.69736e-12  3.69735e-12  7.58871e-18
1.980628615e+00  3.7776094e-12  3.77761e-12  3.77760e-12  8.16079e-18
1.990531758e+00  3.8990671e-12  3.89907e-12  3.89906e-12  8.64028e-18
2.000484417e+00  4.0971229e-12  4.09712e-12  4.09711e-12  8.87158e-18
2.010486839e+00  4.2166108e-12  4.21661e-12  4.21660e-12  9.31547e-18
2.020539273e+00  4.2661667e-12  4.26617e-12  4.26616e-12  1.00163e-17
2.030641969e+00  4.2804925e-12  4.28049e-12  4.28048e-12  1.09055e-17
2.040795179e+00  4.2760031e-12  4.27600e-12  4.27599e-12  1.19540e-17
2.050999155e+00  4.2546499e-12  4.25465e-12  4.25464e-12  1.31857e-17
2.061254151e+00  4.2098654e-12  4.20987e-12  4.20985e-12  1.46785e-17
2.071560421e+00  4.1571663e-12  4.15717e-12  4.15715e-12  1.63858e-17
2.081918224e+00  4.1040328e-12  4.10403e-12  4.10401e-12  1.82855e-17
2.092327815e+00  4.0277444e-12  4.02774e-12  4.02772e-12  2.05882e-17
2.102789454e+00  3.9729672e-12  3.97297e-12  3.97294e-12  2.29659e-17
2.113303401e+00  3.9410928e-12  3.94109e-12  3.94107e-12  2.53701e-17
2.123869918e+00  3.9109148e-12  3.91091e-12  3.91089e-12  2.79928e-17
2.134489268e+00  3.8792390e-12  3.87924e-12  3.87921e-12  3.08901e-17
2.145161714e+00  3.8491167e-12  3.84912e-12  3.84908e-12  3.40490e-17
2.155887523e+00  3.8065264e-12  3.80653e-12  3.80649e-12  3.77050e-17
2.166666960e+00  3.7618955e-12  3.76190e-12  3.76185e-12  4.17690e-17
2.177500295e+00  3.7243964e-12  3.72440e-12  3.72435e-12  4.61148e-17
2.188387796e+00  3.6696368e-12  3.66964e-12  3.66959e-12  5.12494e-17
2.199329735e+00  3.6179232e-12  3.61792e-12  3.61787e-12  5.68574e-17
2.210326384e+00  3.5551792e-12  3.55518e-12  3.55512e-12  6.33297e-17
2.221378016e+00  3.5061318e-12  3.50613e-12  3.50606e-12  7.01168e-17
2.232484906e+00  3.4819102e-12  3.48191e-12  3.48183e-12  7.68272e-17
2.243647331e+00  3.4401940e-12  3.44019e-12  3.44011e-12  8.47355e-17
2.254865567e+00  3.3924608e-12  3.39246e-12  3.39237e-12  9.36424e-17
2.266139895e+00  3.3486001e-12  3.34860e-12  3.34850e-12  1.03279e-16
2.277470595e+00  3.3213734e-12  3.32137e-12  3.32126e-12  1.13100e-16
2.288857948e+00  3.3033566e-12  3.30336e-12  3.30323e-12  1.23337e-16
2.300302237e+00  3.2735154e-12  3.27352e-12  3.27338e-12  1.35083e-16
2.311803748e+00  3.2433570e-12  3.24336e-12  3.24321e-12  1.47902e-16
2.323362767e+00  3.2029471e-12  3.20295e-12  3.20278e-12  1.62547e-16
2.334979581e+00  3.1441376e-12  3.14414e-12  3.14396e-12  1.79909e-16
2.346654479e+00  3.0672567e-12  3.06726e-12  3.06706e-12  2.00473e-16
2.358387751e+00  2.9659885e-12  2.96599e-12  2.96576e-12  2.25380e-16
2.370179690e+00  2.8672365e-12  2.86724e-12  2.86698e-12  2.52881e-16
2.382030589e+00  2.7513133e-12  2.75131e-12  2.75103e-12  2.85277e-16
2.393940742e+00  2.6057439e-12  2.60574e-12  2.60542e-12  3.24841e-16
2.405910445e+00  2.4441958e-12  2.44420e-12  2.44382e-12  3.71214e-16
2.417939997e+00  2.2739267e-12  2.27393e-12  2.27350e-12  4.24480e-16
2.430029697e+00  2.1198379e-12  2.11984e-12  2.11936e-12  4.81837e-16
2.442179846e+00  1.9784597e-12  1.97846e-12  1.97792e-12  5.43884e-16
2.454390745e+00  1.8575647e-12  1.85756e-12  1.85696e-12  6.09358e-16
2.466662699e+00  1.7846642e-12  1.78466e-12  1.78399e-12  6.72557e-16
2.478996012e+00  1.7372948e-12  1.73729e-12  1.73656e-12  7.36435e-16
2.491390992e+00  1.7262053e-12  1.72621e-12  1.72541e-12  7.97535e-16
2.503847947e+00  1.7451890e-12  1.74519e-12  1.74433e-12  8.55616e-16
2.516367187e+00  1.7888070e-12  1.78881e-12  1.78790e-12  9.10443e-16
2.528949023e+00  1.8229145e-12  1.82291e-12  1.82194e-12  9.70713e-16
2.541593768e+00  1.8433719e-12  1.84337e-12  1.84233e-12  1.03859e-15
2.554301737e+00  1.8617896e-12  1.86179e-12  1.86068e-12  1.11116e-15
2.567073246e+00  1.8554726e-12  1.85547e-12  1.85427e-12  1.19767e-15
2.579908612e+00  1.8444003e-12  1.84440e-12  1.84311e-12  1.29233e-15
2.592808155e+00  1.8072361e-12  1.80724e-12  1.80583e-12  1.40594e-15
2.605772196e+00  1.7654482e-12  1.76545e-12  1.76392e-12  1.53130e-15
2.618801057e+00  1.6935769e-12  1.69358e-12  1.69189e-12  1.68364e-15
2.631895062e+00  1.5979687e-12  1.59797e-12  1.59610e-12  1.86427e-15
2.645054537e+00  1.5083964e-12  1.50840e-12  1.50634e-12  2.05884e-15
2.658279810e+00  1.3965622e-12  1.39656e-12  1.39427e-12  2.28774e-15
2.671571209e+00  1.2368936e-12  1.23689e-12  1.23432e-12  2.57598e-15
2.684929065e+00  1.0960418e-12  1.09604e-12  1.09316e-12  2.88002e-15
2.698353710e+00  8.9703297e-13  8.97033e-13  8.93765e-13  3.26751e-15
2.711845479e+00  6.7335561e-13  6.73356e-13  6.69634e-13  3.72202e-15
2.725404706e+00  4.6711335e-13  4.67113e-13  4.62904e-13  4.20970e-15
2.739031730e+00  2.7113963e-13  2.71140e-13  2.66400e-13  4.73917e-15
2.752726889e+00  1.4458190e-13  1.44582e-13  1.39341e-13  5.24048e-15
2.766490523e+00  1.2010330e-13  1.20103e-13  1.14448e-13  5.65516e-15
2.780322976e+00  1.5000541e-13  1.50005e-13  1.43983e-13  6.02283e-15
2.794224591e+00  1.6731073e-13  1.67311e-13  1.60881e-13  6.43012e-15
2.808195713e+00  1.4375053e-13  1.43751e-13  1.36821e-13  6.92958e-15
2.822236692e+00  1.7753595e-13  1.77536e-13  1.70174e-13  7.36211e-15
2.836347875e+00  2.2392427e-13  2.23924e-13  2.16132e-13  7.79246e-15
2.850529615e+00  2.4980105e-13  2.49801e-13  2.41516e-13  8.28489e-15
2.864782263e+00  2.6813789e-13  2.68138e-13  2.59317e-13  8.82057e-15
2.879106174e+00  2.9214041e-13  2.92140e-13  2.82768e-13  9.37241e-15
2.893501705e+00  3.0471533e-13  3.04715e-13  2.94732e-13  9.98330e-15
2.907969214e+00  3.1129888e-13  3.11299e-13  3.00653e-13  1.06460e-14
2.922509060e+00  3.1680124e-13  3.16801e-13  3.05450e-13  1.13511e-14
2.937121605e+00  3.2261318e-13  3.22613e-13  3.10516e-13  1.20968e-14
2.951807213e+00  3.3724866e-13  3.37249e-13  3.24394e-13  1.28550e-14
2.966566249e+00  3.6263555e-13  3.62636e-13  3.49022e-13  1.36137e-14
2.981399080e+00  3.8452987e-13  3.84530e-13  3.70106e-13  1.44234e-14
2.996306076e+00  4.0141680e-13  4.01417e-13  3.86122e-13  1.52951e-14
3.011287606e+00  4.2012443e-13  4.20124e-13  4.03921e-13  1.62031e-14
3.026344044e+00  4.4190950e-13  4.41910e-13  4.24769e-13  1.71409e-14
3.041475764e+00  4.6457123e-13  4.64571e-13  4.46453e-13  1.81186e-14
3.056683143e+00  4.8258867e-13  4.82589e-13  4.63420e-13  1.91688e-14
3.071966559e+00  4.8837732e-13  4.88377e-13  4.68031e-13  2.03459e-14
3.087326392e+00  4.9257013e-13  4.92570e-13  4.70973e-13  2.15972e-14
3.102763024e+00  5.1578744e-13  5.15787e-13  4.93007e-13  2.27805e-14
3.118276839e+00  5.3872305e-13  5.38723e-13  5.14705e-13  2.40177e-14
3.133868223e+00  5.9828634e-13  5.98286e-13  5.73279e-13  2.50076e-14
3.149537564e+00  6.6832890e-13  6.68329e-13  6.42411e-13  2.59176e-14
3.165285252e+00  7.3453200e-13  7.34532e-13  7.07672e-13  2.68599e-14
3.181111678e+00  7.9002828e-13  7.90028e-13  7.62121e-13  2.79069e-14
3.197017237e+00  8.3797084e-13  8.37971e-13  8.08928e-13  2.90426e-14
3.213002323e+00  8.8266065e-13  8.82661e-13  8.52430e-13  3.02309e-14
3.229067334e+00  9.2616089e-13  9.26161e-13  8.94710e-13  3.14511e-14
3.245212671e+00  9.6736595e-13  9.67366e-13  9.34648e-13  3.27180e-14
3.261438734e+00  1.0065259e-12  1.00653e-12  9.72495e-13  3.40313e-14
3.277745928e+00  1.0437162e-12  1.04372e-12  1.00832e-12  3.53926e-14
3.294134658e+00  1.0740341e-12  1.07403e-12  1.03715e-12  3.68837e-14
3.310605331e+00  1.0923251e-12  1.09233e-12  1.05371e-12  3.86123e-14
3.327158358e+00  1.0990348e-12  1.09903e-12  1.05843e-12  4.06097e-14
3.343794149e+00  1.1052928e-12  1.10529e-12  1.06259e-12  4.27015e-14
3.360513120e+00  1.0991152e-12  1.09912e-12  1.05397e-12  4.51418e-14
3.377315686e+00  1.0702607e-12  1.07026e-12  1.02205e-12  4.82125e-14
3.394202264e+00  1.0923321e-12  1.09233e-12  1.04206e-12  5.02767e-14
3.411173276e+00  1.1082248e-12  1.10822e-12  1.05567e-12  5.25500e-14
3.428229142e+00  1.1582015e-12  1.15820e-12  1.10422e-12  5.39786e-14
3.445370288e+00  1.2068206e-12  1.20682e-12  1.15142e-12  5.53987e-14
3.462597139e+00  1.2349377e-12  1.23494e-12  1.17755e-12  5.73916e-14
3.479910125e+00  1.2312251e-12  1.23123e-12  1.17079e-12  6.04361e-14
3.497309675e+00  1.2687646e-12  1.26876e-12  1.20657e-12  6.21977e-14
3.514796224e+00  1.3096281e-12  1.30963e-12  1.24582e-12  6.38044e-14
3.532370205e+00  1.3554362e-12  1.35544e-12  1.29028e-12  6.51591e-14
3.550032056e+00  1.3911899e-12  1.39119e-12  1.32435e-12  6.68381e-14
3.567782216e+00  1.4151895e-12  1.41519e-12  1.34621e-12  6.89813e-14
3.585621127e+00  1.4291402e-12  1.42914e-12  1.35754e-12  7.15955e-14
3.603549233e+00  1.4365828e-12  1.43658e-12  1.36200e-12  7.45859e-14
3.621566979e+00  1.4413861e-12  1.44139e-12  1.36358e-12  7.78049e-14
3.639674814e+00  1.4443195e-12  1.44432e-12  1.36308e-12  8.12361e-14
3.657873188e+00  1.4481926e-12  1.44819e-12  1.36346e-12  8.47319e-14
3.676162554e+00  1.4550507e-12  1.45505e-12  1.36690e-12  8.81535e-14
3.694543367e+00  1.4648709e-12  1.46487e-12  1.37340e-12  9.14690e-14
3.713016084e+00  1.4762498e-12  1.47625e-12  1.38151e-12  9.47423e-14
3.731581164e+00  1.4812082e-12  1.48121e-12  1.38264e-12  9.85651e-14
3.750239070e+00  1.4797801e-12  1.47978e-12  1.37676e-12  1.03024e-13
3.768990265e+00  1.4648180e-12  1.46482e-12  1.35598e-12  1.08840e-13
3.787835216e+00  1.4395017e-12  1.43950e-12  1.32355e-12  1.15948e-13
3.806774393e+00  1.4365117e-12  1.43651e-12  1.31517e-12  1.21340e-13
3.825808265e+00  1.4478544e-12  1.44785e-12  1.32238e-12  1.25472e-13
3.844937306e+00  1.4477232e-12  1.44772e-12  1.31678e-12  1.30938e-13
3.864161992e+00  1.4369087e-12  1.43691e-12  1.29903e-12  1.37879e-13
3.883482802e+00  1.4296597e-12  1.42966e-12  1.28490e-12  1.44758e-13
3.902900216e+00  1.4193981e-12  1.41940e-12  1.26701e-12  1.52389e-13
3.922414717e+00  1.4029501e-12  1.40295e-12  1.24163e-12  1.61322e-13
3.942026791e+00  1.3918982e-12  1.39190e-12  1.22189e-12  1.70008e-13
3.961736925e+00  1.3725701e-12  1.37257e-12  1.19205e-12  1.80523e-13
3.981545610e+00  1.3675929e-12  1.36759e-12  1.17828e-12  1.89309e-13
4.001453338e+00  1.3619920e-12  1.36199e-12  1.16333e-12  1.98666e-13
4.021460604e+00  1.3562280e-12  1.35623e-12  1.14767e-12  2.08558e-13
4.041567907e+00  1.3516589e-12  1.35166e-12  1.13291e-12  2.18750e-13
4.061775747e+00  1.3416203e-12  1.34162e-12  1.11093e-12  2.30689e-13
4.082084626e+00  1.3240660e-12  1.32407e-12  1.07895e-12  2.45121e-13
4.102495049e+00  1.3024582e-12  1.30246e-12  1.04086e-12  2.61597e-13
4.123007524e+00  1.2805833e-12  1.28058e-12  1.00117e-12  2.79413e-13
4.143622562e+00  1.2563735e-12  1.25637e-12  9.57086e-13  2.99287e-13
4.164340674e+00  1.2318464e-12  1.23185e-12  9.10962e-13  3.20884e-13
4.185162378e+00  1.2039012e-12  1.20390e-12  8.58518e-13  3.45383e-13
4.206088190e+00  1.1700348e-12  1.17003e-12  7.95982e-13  3.74053e-13
4.227118631e+00  1.1360693e-12  1.13607e-12  7.30646e-13  4.05423e-13
4.248254224e+00  1.1045312e-12  1.10453e-12  6.65713e-13  4.38818e-13
4.269495495e+00  1.0781438e-12  1.07814e-12  6.04899e-13  4.73245e-13
4.290842972e+00  1.0672223e-12  1.06722e-12  5.63227e-13  5.03995e-13
4.312297187e+00  1.0642165e-12  1.06422e-12  5.30632e-13  5.33585e-13
4.333858673e+00  1.0623940e-12  1.06239e-12  4.97418e-13  5.64976e-13
4.355527967e+00  1.0655528e-12  1.06555e-12  4.69331e-13  5.96221e-13
4.377305606e+00  1.0734828e-12  1.07348e-12  4.46336e-13  6.27146e-13
4.399192134e+00  1.0852302e-12  1.08523e-12  4.27197e-13  6.58033e-13
4.421188095e+00  1.0998761e-12  1.09988e-12  4.10615e-13  6.89261e-13
4.443294036e+00  1.1129991e-12  1.11300e-12  3.88970e-13  7.24029e-13
4.465510506e+00  1.1245652e-12  1.12457e-12  3.61535e-13  7.63030e-13
4.487838058e+00  1.1369624e-12  1.13696e-12  3.32015e-13  8.04948e-13
4.510277249e+00  1.1600789e-12  1.16008e-12  3.19592e-13  8.40487e-13
4.532828635e+00  1.1929971e-12  1.19300e-12  3.24640e-13  8.68357e-13
4.555492778e+00  1.2314807e-12  1.23148e-12  3.40542e-13  8.90938e-13
4.578270242e+00  1.2702238e-12  1.27022e-12  3.56896e-13  9.13328e-13
4.601161593e+00  1.2999444e-12  1.29994e-12  3.50956e-13  9.48989e-13
4.624167401e+00  1.3259097e-12  1.32591e-12  3.31949e-13  9.93961e-13
4.647288238e+00  1.3521655e-12  1.35217e-12  3.08185e-13  1.04398e-12
4.670524679e+00  1.3827576e-12  1.38276e-12  2.90754e-13  1.09200e-12
4.693877303e+00  1.4182224e-12  1.41822e-12  2.83187e-13  1.13504e-12
4.717346689e+00  1.4605065e-12  1.46051e-12  2.96388e-13  1.16412e-12
4.740933423e+00  1.5030013e-12  1.50300e-12  3.09914e-13  1.19309e-12
4.764638090e+00  1.5452364e-12  1.54524e-12  3.21664e-13  1.22357e-12
4.788461280e+00  1.5892403e-12  1.58924e-12  3.43767e-13  1.24547e-12
4.812403587e+00  1.6377351e-12  1.63774e-12  4.09328e-13  1.22841e-12
4.836465604e+00  1.6803561e-12  1.68036e-12  4.51963e-13  1.22839e-12
4.860647933e+00  1.7196355e-12  1.71964e-12  4.73412e-13  1.24622e-12
4.884951172e+00  1.7580027e-12  1.75800e-12  4.80952e-13  1.27705e-12
4.909375928e+00  1.7968027e-12  1.79680e-12  4.82423e-13  1.31438e-12
4.933922808e+00  1.8364105e-12  1.83641e-12  4.82345e-13  1.35407e-12
4.958592422e+00  1.8781602e-12  1.87816e-12  4.72354e-13  1.40581e-12
4.983385384e+00  1.9173617e-12  1.91736e-12  4.85979e-13  1.43138e-12
5.008302311e+00  1.9517691e-12  1.95177e-12  5.18037e-13  1.43373e-12
5.033343822e+00  1.9886381e-12  1.98864e-12  5.32611e-13  1.45603e-12
5.058510541e+00  2.0263318e-12  2.02633e-12  5.42328e-13  1.48400e-12
5.083803094e+00  2.0648321e-12  2.06483e-12  5.49065e-13  1.51577e-12
5.109222110e+00  2.1036732e-12  2.10367e-12  5.54862e-13  1.54881e-12
5.134768220e+00  2.1438769e-12  2.14388e-12  5.57936e-13  1.58594e-12
5.160442061e+00  2.1847449e-12  2.18474e-12  5.60321e-13  1.62442e-12
5.186244272e+00  2.2255119e-12  2.22551e-12  5.63396e-13  1.66212e-12
5.212175493e+00  2.2689330e-12  2.26893e-12  5.62965e-13  1.70597e-12
5.238236370e+00  2.3129840e-12  2.31298e-12  5.62574e-13  1.75041e-12
5.264427552e+00  2.3612411e-12  2.36124e-12  5.57902e-13  1.80334e-12
5.290749690e+00  2.4144623e-12  2.41446e-12  5.49120e-13  1.86534e-12
5.317203438e+00  2.4692395e-12  2.46924e-12  5.40673e-13  1.92857e-12
5.343789456e+00  2.5314639e-12  2.53146e-12  5.26948e-13  2.00452e-12
5.370508403e+00  2.5971821e-12  2.59718e-12  5.12583e-13  2.08460e-12
5.397360945e+00  2.6734930e-12  2.67349e-12  4.91941e-13  2.18155e-12
5.424347750e+00  2.7625540e-12  2.76255e-12  4.64664e-13  2.29789e-12
5.451469488e+00  2.8463841e-12  2.84638e-12  4.45076e-13  2.40131e-12
5.478726836e+00  2.9240894e-12  2.92409e-12  4.32524e-13  2.49157e-12
5.506120470e+00  2.9959605e-12  2.99596e-12  4.25672e-13  2.57029e-12
5.533651072e+00  3.0772033e-12  3.07720e-12  4.14466e-13  2.66274e-12
5.561319328e+00  3.1722150e-12  3.17222e-12  3.97171e-13  2.77504e-12
5.589125924e+00  3.2692956e-12  3.26930e-12  3.81103e-13  2.88819e-12
5.617071554e+00  3.3601510e-12  3.36015e-12  3.70349e-13  2.98980e-12
5.645156912e+00  3.4600221e-12  3.46002e-12  3.56818e-13  3.10320e-12
5.673382696e+00  3.5616167e-12  3.56162e-12  3.44305e-13  3.21731e-12
5.701749610e+00  3.7035245e-12  3.70352e-12  3.15971e-13  3.38755e-12
5.730258358e+00  3.8786049e-12  3.87860e-12  2.77128e-13  3.60148e-12
5.758909650e+00  4.0551196e-12  4.05512e-12  2.41866e-13  3.81325e-12
5.787704198e+00  4.1814721e-12  4.18147e-12  2.29151e-13  3.95232e-12
5.816642719e+00  4.3037178e-12  4.30372e-12  2.19552e-13  4.08417e-12
5.845725932e+00  4.4235792e-12  4.42358e-12  2.12104e-13  4.21148e-12
5.874954562e+00  4.6220249e-12  4.62202e-12  1.80174e-13  4.44185e-12
5.904329335e+00  4.8678907e-12  4.86789e-12  1.36713e-13  4.73118e-12
5.933850982e+00  5.1010039e-12  5.10100e-12  1.01263e-13  4.99974e-12
5.963520237e+00  5.2043979e-12  5.20440e-12  1.06339e-13  5.09806e-12
5.993337838e+00  5.2978674e-12  5.29787e-12  1.14213e-13  5.18365e-12
6.023304527e+00  5.4519968e-12  5.45200e-12  1.06014e-13  5.34598e-12
6.053421050e+00  5.6640148e-12  5.66401e-12  8.43731e-14  5.57964e-12
6.083688155e+00  5.8858813e-12  5.88588e-12  6.25320e-14  5.82335e-12
6.114106596e+00  6.1301513e-12  6.13015e-12  3.76706e-14  6.09248e-12
6.144677129e+00  6.3323671e-12  6.33237e-12  2.45743e-14  6.30779e-12
6.175400514e+00  6.4650910e-12  6.46509e-12  2.78361e-14  6.43725e-12
6.206277517e+00  6.5536043e-12  6.55360e-12  4.04152e-14  6.51319e-12
6.237308904e+00  6.6119644e-12  6.61196e-12  5.84617e-14  6.55350e-12
6.268495449e+00  6.6564917e-12  6.65649e-12  7.82125e-14  6.57828e-12
6.299837926e+00  6.7122839e-12  6.71228e-12  9.48113e-14  6.61747e-12
6.331337116e+00  6.7947722e-12  6.79477e-12  1.05811e-13  6.68896e-12
6.362993801e+00  6.8738347e-12  6.87383e-12  1.16915e-13  6.75692e-12
6.394808770e+00  6.9717345e-12  6.97173e-12  1.24413e-13  6.84732e-12
6.426782814e+00  7.0874915e-12  7.08749e-12  1.28810e-13  6.95868e-12
6.458916728e+00  7.1907112e-12  7.19071e-12  1.35072e-13  7.05564e-12
6.491211312e+00  7.3431867e-12  7.34319e-12  1.33836e-13  7.20935e-12
6.523667368e+00  7.4577493e-12  7.45775e-12  1.38328e-13  7.31942e-12
6.556285705e+00  7.6041029e-12  7.60410e-12  1.38327e-13  7.46578e-12
6.589067134e+00  7.7298291e-12  7.72983e-12  1.41277e-13  7.58855e-12
6.622012469e+00  7.8775789e-12  7.87758e-12  1.41370e-13  7.73621e-12
6.655122532e+00  8.0148075e-12  8.01481e-12  1.42945e-13  7.87186e-12
6.688398144e+00  8.2027477e-12  8.20275e-12  1.38449e-13  8.06430e-12
6.721840135e+00  8.4222520e-12  8.42225e-12  1.30703e-13  8.29155e-12
6.755449336e+00  8.6321617e-12  8.63216e-12  1.24689e-13  8.50747e-12
6.789226583e+00  8.8603200e-12  8.86032e-12  1.17200e-13  8.74312e-12
6.823172715e+00  9.0574840e-12  9.05748e-12  1.13620e-13  8.94386e-12
6.857288579e+00  9.2904320e-12  9.29043e-12  1.06719e-13  9.18371e-12
6.891575022e+00  9.4959928e-12  9.49599e-12  1.03115e-13  9.39288e-12
6.926032897e+00  9.7155130e-12  9.71551e-12  9.85146e-14  9.61700e-12
6.960663062e+00  9.9521097e-12  9.95211e-12  9.27215e-14  9.85939e-12
6.995466377e+00  1.0156390e-11  1.01564e-11  9.03441e-14  1.00660e-11
7.030443709e+00  1.0372365e-11  1.03724e-11  8.71997e-14  1.02852e-11
7.065595927e+00  1.0598792e-11  1.05988e-11  8.34649e-14  1.05153e-11
7.100923907e+00  1.0839832e-11  1.08398e-11  7.88486e-14  1.07610e-11
7.136428526e+00  1.1086412e-11  1.10864e-11  7.41648e-14  1.10122e-11
7.172110669e+00  1.1338188e-11  1.13382e-11  6.94520e-14  1.12687e-11
7.207971222e+00  1.1594320e-11  1.15943e-11  6.47826e-14  1.15295e-11
7.244011079e+00  1.1852360e-11  1.18524e-11  6.03399e-14  1.17920e-11
7.280231134e+00  1.2115317e-11  1.21153e-11  5.58941e-14  1.20594e-11
7.316632290e+00  1.2389874e-11  1.23899e-11  5.09833e-14  1.23389e-11
7.353215451e+00  1.2670475e-11  1.26705e-11  4.60291e-14  1.26244e-11
7.389981528e+00  1.2949457e-11  1.29495e-11  4.15473e-14  1.29079e-11
7.426931436e+00  1.3231159e-11  1.32312e-11  3.72260e-14  1.31939e-11
7.464066093e+00  1.3516033e-11  1.35160e-11  3.30290e-14  1.34830e-11
7.501386424e+00  1.3801468e-11  1.38015e-11  2.91096e-14  1.37724e-11
7.538893356e+00  1.4090152e-11  1.40902e-11  2.52908e-14  1.40649e-11
7.576587822e+00  1.4380368e-11  1.43804e-11  2.16674e-14  1.43587e-11
7.614470762e+00  1.4663323e-11  1.46633e-11  1.87212e-14  1.46446e-11
7.652543115e+00  1.4954752e-11  1.49548e-11  1.55424e-14  1.49392e-11
7.690805831e+00  1.5245204e-11  1.52452e-11  1.26544e-14  1.52325e-11
7.729259860e+00  1.5521274e-11  1.55213e-11  1.07325e-14  1.55105e-11
7.767906159e+00  1.5799225e-11  1.57992e-11  8.88298e-15  1.57903e-11
7.806745690e+00  1.6069094e-11  1.60691e-11  7.59152e-15  1.60615e-11
7.845779419e+00  1.6323875e-11  1.63239e-11  7.15274e-15  1.63167e-11
7.885008316e+00  1.6562843e-11  1.65628e-11  7.53622e-15  1.65553e-11
7.924433357e+00  1.6778457e-11  1.67785e-11  9.02334e-15  1.67694e-11
7.964055524e+00  1.6973955e-11  1.69740e-11  1.13856e-14  1.69626e-11
8.003875802e+00  1.7137095e-11  1.71371e-11  1.50861e-14  1.71220e-11
8.043895181e+00  1.7202161e-11  1.72022e-11  2.28048e-14  1.71794e-11
8.084114657e+00  1.7135917e-11  1.71359e-11  3.56163e-14  1.71003e-11
8.124535230e+00  1.6986861e-11  1.69869e-11  5.11853e-14  1.69357e-11
8.165157906e+00  1.6777352e-11  1.67774e-11  6.84162e-14  1.67089e-11
8.205983696e+00  1.6691294e-11  1.66913e-11  8.01029e-14  1.66112e-11
8.247013614e+00  1.6661401e-11  1.66614e-11  8.91398e-14  1.65723e-11
8.288248682e+00  1.6680191e-11  1.66802e-11  9.59716e-14  1.65842e-11
8.329689926e+00  1.6601734e-11  1.66017e-11  1.05962e-13  1.64958e-11
8.371338375e+00  1.6443088e-11  1.64431e-11  1.18286e-13  1.63248e-11
8.413195067e+00  1.6470771e-11  1.64708e-11  1.23667e-13  1.63471e-11
8.455261042e+00  1.6621824e-11  1.66218e-11  1.24664e-13  1.64972e-11
8.497537348e+00  1.6692394e-11  1.66924e-11  1.28219e-13  1.65642e-11
8.540025034e+00  1.6836687e-11  1.68367e-11  1.29238e-13  1.67074e-11
8.582725160e+00  1.7205297e-11  1.72053e-11  1.23192e-13  1.70821e-11
8.625638785e+00  1.7266222e-11  1.72662e-11  1.26764e-13  1.71395e-11
8.668766979e+00  1.7644943e-11  1.76449e-11  1.20677e-13  1.75243e-11
8.712110814e+00  1.8451934e-11  1.84519e-11  1.02342e-13  1.83496e-11
8.755671368e+00  1.9286147e-11  1.92861e-11  8.39998e-14  1.92021e-11
8.799449725e+00  2.0096567e-11  2.00966e-11  6.70916e-14  2.00295e-11
8.843446974e+00  2.0528128e-11  2.05281e-11  6.12341e-14  2.04669e-11
8.887664209e+00  2.0768986e-11  2.07690e-11  6.07068e-14  2.07083e-11
8.932102530e+00  2.0910021e-11  2.09100e-11  6.27976e-14  2.08472e-11
8.976763042e+00  2.1144370e-11  2.11444e-11  6.23960e-14  2.10820e-11
9.021646857e+00  2.1636217e-11  2.16362e-11  5.55406e-14  2.15807e-11
9.066755092e+00  2.2158051e-11  2.21581e-11  4.82167e-14  2.21098e-11
9.112088867e+00  2.2233295e-11  2.22333e-11  5.19111e-14  2.21814e-11
9.157649312e+00  2.2216291e-11  2.22163e-11  5.76091e-14  2.21587e-11
9.203437558e+00  2.2472720e-11  2.24727e-11  5.67517e-14  2.24160e-11
9.249454746e+00  2.2848847e-11  2.28488e-11  5.32047e-14  2.27956e-11
9.295702020e+00  2.3126320e-11  2.31263e-11  5.19632e-14  2.30744e-11
9.342180530e+00  2.3349353e-11  2.33494e-11  5.19315e-14  2.32974e-11
9.388891432e+00  2.3572142e-11  2.35721e-11  5.18848e-14  2.35203e-11
9.435835890e+00  2.3819887e-11  2.38199e-11  5.12979e-14  2.37686e-11
9.483015069e+00  2.4066823e-11  2.40668e-11  5.07279e-14  2.40161e-11
9.530430144e+00  2.4263721e-11  2.42637e-11  5.11592e-14  2.42126e-11
9.578082295e+00  2.4471415e-11  2.44714e-11  5.13379e-14  2.44201e-11
9.625972707e+00  2.4731562e-11  2.47316e-11  5.04750e-14  2.46811e-11
9.674102570e+00  2.4990718e-11  2.49907e-11  4.96388e-14  2.49411e-11
9.722473083e+00  2.5276734e-11  2.52767e-11  4.83113e-14  2.52284e-11
9.771085448e+00  2.5626853e-11  2.56269e-11  4.58429e-14  2.55810e-11
9.819940876e+00  2.6196972e-11  2.61970e-11  3.95166e-14  2.61575e-11
9.869040580e+00  2.6890175e-11  2.68902e-11  3.12460e-14  2.68589e-11
9.918385783e+00  2.7192813e-11  2.71928e-11  2.99688e-14  2.71628e-11
9.967977712e+00  2.7018407e-11  2.70184e-11  3.67610e-14  2.69816e-11
1.001781760e+01  2.6932118e-11  2.69321e-11  4.18219e-14  2.68903e-11
1.006790669e+01  2.7050924e-11  2.70509e-11  4.33395e-14  2.70076e-11
1.011824622e+01  2.7234184e-11  2.72342e-11  4.37468e-14  2.71904e-11
1.016883745e+01  2.7442585e-11  2.74426e-11  4.37181e-14  2.73989e-11
1.021968164e+01  2.7627256e-11  2.76273e-11  4.40280e-14  2.75832e-11
1.027078005e+01  2.7829376e-11  2.78294e-11  4.40351e-14  2.77853e-11
1.032213395e+01  2.8040543e-11  2.80405e-11  4.38795e-14  2.79967e-11
1.037374462e+01  2.8249285e-11  2.82493e-11  4.37362e-14  2.82055e-11
1.042561334e+01  2.8463612e-11  2.84636e-11  4.34893e-14  2.84201e-11
1.047774141e+01  2.8676772e-11  2.86768e-11  4.32386e-14  2.86335e-11
1.053013012e+01  2.8903880e-11  2.89039e-11  4.27746e-14  2.88611e-11
1.058278077e+01  2.9128406e-11  2.91284e-11  4.23326e-14  2.90861e-11
1.063569467e+01  2.9357652e-11  2.93577e-11  4.18136e-14  2.93158e-11
1.068887314e+01  2.9580412e-11  2.95804e-11  4.13684e-14  2.95390e-11
1.074231751e+01  2.9807920e-11  2.98079e-11  4.08478e-14  2.97671e-11
1.079602910e+01  3.0037977e-11  3.00380e-11  4.02831e-14  2.99977e-11
1.085000924e+01  3.0272944e-11  3.02729e-11  3.96468e-14  3.02333e-11
1.090425929e+01  3.0501604e-11  3.05016e-11  3.90801e-14  3.04625e-11
1.095878058e+01  3.0742908e-11  3.07429e-11  3.83502e-14  3.07046e-11
1.101357449e+01  3.0982605e-11  3.09826e-11  3.76344e-14  3.09450e-11
1.106864236e+01  3.1211130e-11  3.12111e-11  3.70439e-14  3.11741e-11
1.112398557e+01  3.1442268e-11  3.14423e-11  3.64138e-14  3.14059e-11
1.117960550e+01  3.1676751e-11  3.16768e-11  3.57374e-14  3.16410e-11
1.123550353e+01  3.1898688e-11  3.18987e-11  3.51941e-14  3.18635e-11
1.129168104e+01  3.2136085e-11  3.21361e-11  3.44701e-14  3.21016e-11
1.134813945e+01  3.2361493e-11  3.23615e-11  3.38703e-14  3.23276e-11
1.140488015e+01  3.2581740e-11  3.25817e-11  3.33162e-14  3.25484e-11
1.146190455e+01  3.2806678e-11  3.28067e-11  3.27023e-14  3.27740e-11
1.151921407e+01  3.3048551e-11  3.30486e-11  3.19051e-14  3.30166e-11
1.157681014e+01  3.3278147e-11  3.32781e-11  3.12295e-14  3.32469e-11
1.163469419e+01  3.3508629e-11  3.35086e-11  3.05383e-14  3.34781e-11
1.169286766e+01  3.3731266e-11  3.37313e-11  2.99183e-14  3.37013e-11
1.175133200e+01  3.3918086e-11  3.39181e-11  2.96376e-14  3.38884e-11
1.181008866e+01  3.4110090e-11  3.41101e-11  2.92890e-14  3.40808e-11
1.186913910e+01  3.4320330e-11  3.43203e-11  2.87525e-14  3.42916e-11
1.192848480e+01  3.4500715e-11  3.45007e-11  2.84825e-14  3.44722e-11
1.198812722e+01  3.4694552e-11  3.46946e-11  2.80712e-14  3.46665e-11
1.204806786e+01  3.4893033e-11  3.48930e-11  2.76041e-14  3.48654e-11
1.210830820e+01  3.5089050e-11  3.50890e-11  2.71465e-14  3.50619e-11
1.216884974e+01  3.5299666e-11  3.52997e-11  2.65486e-14  3.52731e-11
1.222969399e+01  3.5509445e-11  3.55094e-11  2.59497e-14  3.54835e-11
1.229084246e+01  3.5708778e-11  3.57088e-11  2.54314e-14  3.56833e-11
1.235229667e+01  3.5912937e-11  3.59129e-11  2.48623e-14  3.58881e-11
1.241405815e+01  3.6103009e-11  3.61030e-11  2.44008e-14  3.60786e-11
1.247612845e+01  3.6293587e-11  3.62936e-11  2.39236e-14  3.62697e-11
1.253850909e+01  3.6478427e-11  3.64784e-11  2.34815e-14  3.64549e-11
1.260120163e+01  3.6668842e-11  3.66688e-11  2.29832e-14  3.66459e-11
1.266420764e+01  3.6849139e-11  3.68491e-11  2.25538e-14  3.68266e-11
1.272752868e+01  3.7035027e-11  3.70350e-11  2.20693e-14  3.70130e-11
1.279116632e+01  3.7210680e-11  3.72107e-11  2.16525e-14  3.71890e-11
1.285512215e+01  3.7393540e-11  3.73935e-11  2.11695e-14  3.73724e-11
1.291939776e+01  3.7564062e-11  3.75641e-11  2.07679e-14  3.75433e-11
1.298399475e+01  3.7743428e-11  3.77434e-11  2.02895e-14  3.77231e-11
1.304891473e+01  3.7946682e-11  3.79467e-11  1.96290e-14  3.79271e-11
1.311415930e+01  3.8140862e-11  3.81409e-11  1.90281e-14  3.81218e-11
1.317973010e+01  3.8342135e-11  3.83421e-11  1.83709e-14  3.83238e-11
1.324562875e+01  3.8555879e-11  3.85559e-11  1.76226e-14  3.85383e-11
1.331185689e+01  3.8747819e-11  3.87478e-11  1.70213e-14  3.87308e-11
1.337841618e+01  3.8920605e-11  3.89206e-11  1.65437e-14  3.89041e-11
1.344530826e+01  3.9089301e-11  3.90893e-11  1.60845e-14  3.90732e-11
1.351253480e+01  3.9274135e-11  3.92741e-11  1.55099e-14  3.92586e-11
1.358009747e+01  3.9447052e-11  3.94471e-11  1.50067e-14  3.94320e-11
1.364799796e+01  3.9639567e-11  3.96396e-11  1.43699e-14  3.96252e-11
1.371623795e+01  3.9822642e-11  3.98226e-11  1.37888e-14  3.98089e-11
1.378481914e+01  3.9987406e-11  3.99874e-11  1.33171e-14  3.99741e-11
1.385374323e+01  4.0161821e-11  4.01618e-11  1.27776e-14  4.01490e-11
1.392301195e+01  4.0368690e-11  4.03687e-11  1.20335e-14  4.03567e-11
1.399262701e+01  4.0580425e-11  4.05804e-11  1.12588e-14  4.05692e-11
1.406259015e+01  4.0756450e-11  4.07565e-11  1.06974e-14  4.07458e-11
1.413290310e+01  4.0948644e-11  4.09486e-11  1.00354e-14  4.09386e-11
1.420356761e+01  4.1138844e-11  4.11388e-11  9.38257e-15  4.11295e-11
1.427458545e+01  4.1319365e-11  4.13194e-11  8.78290e-15  4.13106e-11
1.434595838e+01  4.1506786e-11  4.15068e-11  8.14022e-15  4.14986e-11
1.441768817e+01  4.1701575e-11  4.17016e-11  7.45352e-15  4.16941e-11
1.448977661e+01  4.1872477e-11  4.18725e-11  6.89841e-15  4.18656e-11
1.456222549e+01  4.1994853e-11  4.19949e-11  6.60605e-15  4.19882e-11
1.463503662e+01  4.2052493e-11  4.20525e-11  6.65572e-15  4.20458e-11
1.470821180e+01  4.2033836e-11  4.20338e-11  7.09803e-15  4.20267e-11
1.478175286e+01  4.1833954e-11  4.18340e-11  8.47764e-15  4.18255e-11
1.485566163e+01  4.1529417e-11  4.15294e-11  1.03605e-14  4.15191e-11
1.492993994e+01  4.1325671e-11  4.13257e-11  1.16614e-14  4.13140e-11
1.500458964e+01  4.0887288e-11  4.08873e-11  1.41240e-14  4.08732e-11
1.507961258e+01  4.0382416e-11  4.03824e-11  1.68550e-14  4.03656e-11
1.515501065e+01  4.0273271e-11  4.02733e-11  1.75202e-14  4.02558e-11
1.523078570e+01  4.0461323e-11  4.04613e-11  1.66769e-14  4.04446e-11
1.530693963e+01  4.0879669e-11  4.08797e-11  1.47030e-14  4.08650e-11
1.538347433e+01  4.1149335e-11  4.11493e-11  1.34800e-14  4.11359e-11
1.546039170e+01  4.1395766e-11  4.13958e-11  1.23801e-14  4.13834e-11
1.553769366e+01  4.1692882e-11  4.16929e-11  1.10473e-14  4.16818e-11
1.561538212e+01  4.1933388e-11  4.19334e-11  9.99517e-15  4.19234e-11
1.569345903e+01  4.2208814e-11  4.22088e-11  8.78793e-15  4.22000e-11
1.577192633e+01  4.2602685e-11  4.26027e-11  7.04493e-15  4.25956e-11
1.585078596e+01  4.2838743e-11  4.28387e-11  6.04557e-15  4.28327e-11
1.593003989e+01  4.2912184e-11  4.29122e-11  5.78896e-15  4.29064e-11
1.600969009e+01  4.2960008e-11  4.29600e-11  5.63918e-15  4.29544e-11
1.608973854e+01  4.3069394e-11  4.30694e-11  5.20669e-15  4.30642e-11
1.617018723e+01  4.3201231e-11  4.32012e-11  4.67170e-15  4.31966e-11
1.625103817e+01  4.3192404e-11  4.31924e-11  4.74589e-15  4.31877e-11
1.633229336e+01  4.3101404e-11  4.31014e-11  5.15968e-15  4.30962e-11
1.641395483e+01  4.2970531e-11  4.29705e-11  5.72296e-15  4.29648e-11
1.649602460e+01  4.2789636e-11  4.27896e-11  6.47412e-15  4.27832e-11
1.657850473e+01  4.2197153e-11  4.21972e-11  8.91718e-15  4.21882e-11
1.666139725e+01  4.1627875e-11  4.16279e-11  1.12053e-14  4.16167e-11
1.674470424e+01  4.1220599e-11  4.12206e-11  1.27744e-14  4.12078e-11
1.682842776e+01  4.1294747e-11  4.12947e-11  1.23498e-14  4.12824e-11
1.691256990e+01  4.1500621e-11  4.15006e-11  1.13928e-14  4.14892e-11
1.699713274e+01  4.1667304e-11  4.16673e-11  1.05988e-14  4.16567e-11
1.708211841e+01  4.1762563e-11  4.17626e-11  1.00904e-14  4.17525e-11
1.716752900e+01  4.1837629e-11  4.18376e-11  9.65959e-15  4.18280e-11
1.725336665e+01  4.1882368e-11  4.18824e-11  9.34365e-15  4.18730e-11
1.733963348e+01  4.1895044e-11  4.18950e-11  9.14611e-15  4.18859e-11
1.742633165e+01  4.1908331e-11  4.19083e-11  8.93976e-15  4.18994e-11
1.751346330e+01  4.1913864e-11  4.19139e-11  8.75640e-15  4.19051e-11
1.760103062e+01  4.1917391e-11  4.19174e-11  8.57408e-15  4.19088e-11
1.768903577e+01  4.1919808e-11  4.19198e-11  8.38954e-15  4.19114e-11
1.777748095e+01  4.1918485e-11  4.19185e-11  8.21258e-15  4.19103e-11
1.786636836e+01  4.1965327e-11  4.19653e-11  7.85469e-15  4.19575e-11
1.795570020e+01  4.1981587e-11  4.19816e-11  7.60405e-15  4.19740e-11
1.804547870e+01  4.1994122e-11  4.19941e-11  7.36216e-15  4.19868e-11
1.813570609e+01  4.1986278e-11  4.19863e-11  7.18777e-15  4.19791e-11
1.822638462e+01  4.1987918e-11  4.19879e-11  6.97457e-15  4.19809e-11
1.831751655e+01  4.1999025e-11  4.19990e-11  6.72372e-15  4.19923e-11
1.840910413e+01  4.2016953e-11  4.20170e-11  6.44540e-15  4.20105e-11
1.850114965e+01  4.1987945e-11  4.19879e-11  6.32395e-15  4.19816e-11
1.859365540e+01  4.1971954e-11  4.19720e-11  6.15250e-15  4.19658e-11
1.868662368e+01  4.1964586e-11  4.19646e-11  5.94717e-15  4.19586e-11
1.878005679e+01  4.1963205e-11  4.19632e-11  5.71767e-15  4.19575e-11
1.887395708e+01  4.1923446e-11  4.19234e-11  5.61115e-15  4.19178e-11
1.896832686e+01  4.1915377e-11  4.19154e-11  5.39525e-15  4.19100e-11
1.906316850e+01  4.1904188e-11  4.19042e-11  5.18578e-15  4.18990e-11
1.915848434e+01  4.1863487e-11  4.18635e-11  5.06769e-15  4.18584e-11
1.925427676e+01  4.1812869e-11  4.18129e-11  4.97623e-15  4.18079e-11
1.935054815e+01  4.1782604e-11  4.17826e-11  4.81492e-15  4.17778e-11
1.944730089e+01  4.1759248e-11  4.17592e-11  4.62780e-15  4.17546e-11
1.954453739e+01  4.1707493e-11  4.17075e-11  4.52566e-15  4.17030e-11
1.964226008e+01  4.1647248e-11  4.16472e-11  4.44498e-15  4.16428e-11
1.974047138e+01  4.1579428e-11  4.15794e-11  4.38254e-15  4.15750e-11
1.983917374e+01  4.1506651e-11  4.15067e-11  4.33001e-15  4.15023e-11
1.993836960e+01  4.1380260e-11  4.13803e-11  4.43427e-15  4.13758e-11
2.003806145e+01  4.1328485e-11  4.13285e-11  4.30727e-15  4.13242e-11
2.013825176e+01  4.1315589e-11  4.13156e-11  4.06073e-15  4.13115e-11
2.023894302e+01  4.1280618e-11  4.12806e-11  3.87748e-15  4.12767e-11
2.034013773e+01  4.1228795e-11  4.12288e-11  3.74083e-15  4.12251e-11
2.044183842e+01  4.1173344e-11  4.11733e-11  3.61137e-15  4.11697e-11
2.054404761e+01  4.1034535e-11  4.10345e-11  3.71916e-15  4.10308e-11
2.064676785e+01  4.0948093e-11  4.09481e-11  3.67011e-15  4.09444e-11
2.075000169e+01  4.0867052e-11  4.08671e-11  3.60134e-15  4.08635e-11
2.085375170e+01  4.0759529e-11  4.07595e-11  3.60336e-15  4.07559e-11
2.095802046e+01  4.0680923e-11  4.06809e-11  3.51945e-15  4.06774e-11
2.106281056e+01  4.0562204e-11  4.05622e-11  3.54361e-15  4.05587e-11
2.116812461e+01  4.0389941e-11  4.03899e-11  3.71065e-15  4.03862e-11
2.127396524e+01  4.0261279e-11  4.02613e-11  3.75120e-15  4.02575e-11
2.138033506e+01  4.0199101e-11  4.01991e-11  3.60570e-15  4.01955e-11
2.148723674e+01  4.0126087e-11  4.01261e-11  3.48722e-15  4.01226e-11
2.159467292e+01  4.0076521e-11  4.00765e-11  3.30322e-15  4.00732e-11
2.170264629e+01  3.9977911e-11  3.99779e-11  3.24839e-15  3.99747e-11
2.181115952e+01  3.9774112e-11  3.97741e-11  3.46873e-15  3.97706e-11
2.192021532e+01  3.9629454e-11  3.96295e-11  3.52660e-15  3.96259e-11
2.202981639e+01  3.9504760e-11  3.95048e-11  3.52771e-15  3.95012e-11
2.213996547e+01  3.9362086e-11  3.93621e-11  3.57166e-15  3.93585e-11
2.225066530e+01  3.9264811e-11  3.92648e-11  3.49444e-15  3.92613e-11
2.236191863e+01  3.9176598e-11  3.91766e-11  3.39150e-15  3.91732e-11
2.247372822e+01  3.9084890e-11  3.90849e-11  3.29533e-15  3.90816e-11
2.258609686e+01  3.8974065e-11  3.89741e-11  3.24530e-15  3.89708e-11
2.269902735e+01  3.8891550e-11  3.88916e-11  3.12164e-15  3.88884e-11
2.281252248e+01  3.8784409e-11  3.87844e-11  3.05772e-15  3.87814e-11
2.292658510e+01  3.8629404e-11  3.86294e-11  3.10992e-15  3.86263e-11
2.304121802e+01  3.8509895e-11  3.85099e-11  3.07112e-15  3.85068e-11
2.315642411e+01  3.8366650e-11  3.83667e-11  3.08782e-15  3.83636e-11
2.327220623e+01  3.8251930e-11  3.82519e-11  3.03218e-15  3.82489e-11
2.338856726e+01  3.8165074e-11  3.81651e-11  2.90726e-15  3.81622e-11
2.350551010e+01  3.8001690e-11  3.80017e-11  2.96452e-15  3.79987e-11
2.362303765e+01  3.7801179e-11  3.78012e-11  3.10678e-15  3.77981e-11
2.374115284e+01  3.7673583e-11  3.76736e-11  3.07216e-15  3.76705e-11
2.385985860e+01  3.7575162e-11  3.75752e-11  2.96687e-15  3.75722e-11
2.397915789e+01  3.7495970e-11  3.74960e-11  2.81551e-15  3.74932e-11
2.409905368e+01  3.7357707e-11  3.73577e-11  2.80081e-15  3.73549e-11
2.421954895e+01  3.7131490e-11  3.71315e-11  2.98696e-15  3.71285e-11
2.434064670e+01  3.7117765e-11  3.71178e-11  2.68120e-15  3.71151e-11
2.446234993e+01  3.7077123e-11  3.70771e-11  2.43834e-15  3.70747e-11
2.458466168e+01  3.6826323e-11  3.68263e-11  2.67256e-15  3.68237e-11
2.470758499e+01  3.6600803e-11  3.66008e-11  2.84501e-15  3.65980e-11
2.483112291e+01  3.6481602e-11  3.64816e-11  2.77535e-15  3.64788e-11
2.495527853e+01  3.6370429e-11  3.63704e-11  2.68673e-15  3.63677e-11
