# ------------------------------------------------------------------------
# Radiance spectrum
# NASA-GSFC Planetary Spectrum Generator (PSG) (Villanueva et al. 2018, 2022)
# Synthesized on Wed Feb 14 19:18:15 2024
# Doppler velocities [km/s] (vobs,vrot+vorb,vwidth,vrfl,vstr): 0.00000,-0.00000,0.00000,-119.41115,-0.00000
# Spectral unit: Wavelength [um]
# Radiance unit: Spectral irradiance [W/m2/um]
# Wave/freq Total Object Reflected Thermal
5.000000000e-01  3.1076071e-12  3.10761e-12  3.10761e-12  1.21019e-46
5.025000000e-01  3.1563831e-12  3.15638e-12  3.15638e-12  1.90180e-46
5.050125000e-01  3.1816131e-12  3.18161e-12  3.18161e-12  2.99748e-46
5.075375625e-01  3.2695220e-12  3.26952e-12  3.26952e-12  4.64834e-46
5.100752503e-01  3.3582150e-12  3.35821e-12  3.35821e-12  7.19095e-46
5.126256266e-01  3.4315346e-12  3.43153e-12  3.43153e-12  1.11376e-45
5.151887547e-01  3.5046599e-12  3.50466e-12  3.50466e-12  1.72127e-45
5.177646985e-01  3.5649006e-12  3.56490e-12  3.56490e-12  2.66187e-45
5.203535220e-01  3.6257839e-12  3.62578e-12  3.62578e-12  4.10675e-45
5.229552896e-01  3.6878821e-12  3.68788e-12  3.68788e-12  6.32021e-45
5.255700660e-01  3.7498831e-12  3.74988e-12  3.74988e-12  9.70546e-45
5.281979164e-01  3.8104271e-12  3.81043e-12  3.81043e-12  1.48760e-44
5.308389059e-01  3.8695407e-12  3.86954e-12  3.86954e-12  2.27583e-44
5.334931005e-01  3.9247033e-12  3.92470e-12  3.92470e-12  3.47714e-44
5.361605660e-01  3.9753679e-12  3.97537e-12  3.97537e-12  5.30616e-44
5.388413688e-01  4.0197640e-12  4.01976e-12  4.01976e-12  8.09059e-44
5.415355756e-01  4.0620829e-12  4.06208e-12  4.06208e-12  1.23147e-43
5.442432535e-01  4.1027053e-12  4.10271e-12  4.10271e-12  1.87101e-43
5.469644698e-01  4.1473424e-12  4.14734e-12  4.14734e-12  2.83409e-43
5.496992921e-01  4.1937626e-12  4.19376e-12  4.19376e-12  4.28202e-43
5.524477886e-01  4.2421801e-12  4.24218e-12  4.24218e-12  6.45313e-43
5.552100275e-01  4.2910910e-12  4.29109e-12  4.29109e-12  9.70332e-43
5.579860777e-01  4.3402232e-12  4.34022e-12  4.34022e-12  1.45589e-42
5.607760081e-01  4.3897565e-12  4.38976e-12  4.38976e-12  2.17962e-42
5.635798881e-01  4.4402475e-12  4.44025e-12  4.44025e-12  3.25562e-42
5.663977875e-01  4.4842319e-12  4.48423e-12  4.48423e-12  4.85912e-42
5.692297765e-01  4.5212771e-12  4.52128e-12  4.52128e-12  7.24749e-42
5.720759254e-01  4.5614668e-12  4.56147e-12  4.56147e-12  1.07802e-41
5.749363050e-01  4.6026689e-12  4.60267e-12  4.60267e-12  1.59981e-41
5.778109865e-01  4.6359610e-12  4.63596e-12  4.63596e-12  2.37301e-41
5.807000414e-01  4.6692094e-12  4.66921e-12  4.66921e-12  3.51261e-41
5.836035417e-01  4.7033864e-12  4.70339e-12  4.70339e-12  5.18775e-41
5.865215594e-01  4.7371365e-12  4.73714e-12  4.73714e-12  7.64660e-41
5.894541672e-01  4.7705489e-12  4.77055e-12  4.77055e-12  1.12485e-40
5.924014380e-01  4.8088804e-12  4.80888e-12  4.80888e-12  1.64974e-40
5.953634452e-01  4.8475250e-12  4.84752e-12  4.84752e-12  2.41451e-40
5.983402624e-01  4.8810547e-12  4.88105e-12  4.88105e-12  3.53019e-40
6.013319637e-01  4.9137238e-12  4.91372e-12  4.91372e-12  5.15183e-40
6.043386235e-01  4.9451088e-12  4.94511e-12  4.94511e-12  7.50516e-40
6.073603167e-01  4.9812275e-12  4.98123e-12  4.98123e-12  1.09018e-39
6.103971182e-01  5.0197934e-12  5.01979e-12  5.01979e-12  1.57969e-39
6.134491038e-01  5.0659215e-12  5.06592e-12  5.06592e-12  2.28124e-39
6.165163494e-01  5.1066129e-12  5.10661e-12  5.10661e-12  3.29129e-39
6.195989311e-01  5.1415624e-12  5.14156e-12  5.14156e-12  4.74441e-39
6.226969258e-01  5.1794127e-12  5.17941e-12  5.17941e-12  6.82207e-39
6.258104104e-01  5.2180915e-12  5.21809e-12  5.21809e-12  9.78908e-39
6.289394624e-01  5.2575029e-12  5.25750e-12  5.25750e-12  1.40175e-38
6.320841597e-01  5.2938052e-12  5.29381e-12  5.29381e-12  2.00455e-38
6.352445805e-01  5.3284532e-12  5.32845e-12  5.32845e-12  2.86197e-38
6.384208035e-01  5.3634729e-12  5.36347e-12  5.36347e-12  4.07809e-38
6.416129075e-01  5.3974575e-12  5.39746e-12  5.39746e-12  5.80104e-38
6.448209720e-01  5.4306086e-12  5.43061e-12  5.43061e-12  8.23759e-38
6.480450769e-01  5.4717895e-12  5.47179e-12  5.47179e-12  1.16585e-37
6.512853022e-01  5.5067993e-12  5.50680e-12  5.50680e-12  1.64877e-37
6.545417288e-01  5.5314599e-12  5.53146e-12  5.53146e-12  2.33177e-37
6.578144374e-01  5.5641806e-12  5.56418e-12  5.56418e-12  3.28675e-37
6.611035096e-01  5.5961443e-12  5.59614e-12  5.59614e-12  4.62493e-37
6.644090271e-01  5.6243162e-12  5.62432e-12  5.62432e-12  6.50040e-37
6.677310723e-01  5.6523604e-12  5.65236e-12  5.65236e-12  9.11985e-37
6.710697276e-01  5.6849064e-12  5.68491e-12  5.68491e-12  1.27612e-36
6.744250763e-01  5.7275644e-12  5.72756e-12  5.72756e-12  1.77922e-36
6.777972017e-01  5.7571169e-12  5.75712e-12  5.75712e-12  2.48196e-36
6.811861877e-01  5.7880359e-12  5.78804e-12  5.78804e-12  3.45520e-36
6.845921186e-01  5.8265295e-12  5.82653e-12  5.82653e-12  4.79504e-36
6.880150792e-01  5.8483936e-12  5.84839e-12  5.84839e-12  6.66217e-36
6.914551546e-01  5.8715834e-12  5.87158e-12  5.87158e-12  9.23769e-36
6.949124304e-01  5.8999398e-12  5.89994e-12  5.89994e-12  1.27746e-35
6.983869925e-01  5.9290973e-12  5.92910e-12  5.92910e-12  1.76322e-35
7.018789275e-01  5.9555636e-12  5.95556e-12  5.95556e-12  2.43057e-35
7.053883221e-01  5.9795465e-12  5.97955e-12  5.97955e-12  3.34612e-35
7.089152637e-01  6.0019625e-12  6.00196e-12  6.00196e-12  4.59980e-35
7.124598400e-01  6.0283346e-12  6.02833e-12  6.02833e-12  6.30791e-35
7.160221392e-01  6.0538559e-12  6.05386e-12  6.05386e-12  8.63673e-35
7.196022499e-01  6.0729505e-12  6.07295e-12  6.07295e-12  1.18182e-34
7.232002612e-01  6.0866341e-12  6.08663e-12  6.08663e-12  1.61592e-34
7.268162625e-01  6.0982001e-12  6.09820e-12  6.09820e-12  2.20651e-34
7.304503438e-01  6.1066795e-12  6.10668e-12  6.10668e-12  3.00941e-34
7.341025955e-01  6.1034287e-12  6.10343e-12  6.10343e-12  4.10573e-34
7.377731085e-01  6.1045735e-12  6.10457e-12  6.10457e-12  5.58774e-34
7.414619740e-01  6.0999223e-12  6.09992e-12  6.09992e-12  7.59930e-34
7.451692839e-01  6.0830461e-12  6.08305e-12  6.08305e-12  1.03387e-33
7.488951303e-01  6.0423813e-12  6.04238e-12  6.04238e-12  1.40972e-33
7.526396060e-01  6.0049263e-12  6.00493e-12  6.00493e-12  1.91781e-33
7.564028040e-01  5.9665882e-12  5.96659e-12  5.96659e-12  2.60487e-33
7.601848180e-01  5.9236035e-12  5.92360e-12  5.92360e-12  3.53460e-33
7.639857421e-01  5.8538888e-12  5.85389e-12  5.85389e-12  4.80816e-33
7.678056708e-01  5.7860159e-12  5.78602e-12  5.78602e-12  6.52684e-33
7.716446992e-01  5.7135293e-12  5.71353e-12  5.71353e-12  8.85027e-33
7.755029227e-01  5.6325016e-12  5.63250e-12  5.63250e-12  1.19948e-32
7.793804373e-01  5.5421738e-12  5.54217e-12  5.54217e-12  1.62495e-32
7.832773395e-01  5.4439995e-12  5.44400e-12  5.44400e-12  2.19982e-32
7.871937262e-01  5.3348868e-12  5.33489e-12  5.33489e-12  2.97724e-32
7.911296948e-01  5.2167870e-12  5.21679e-12  5.21679e-12  4.02691e-32
7.950853433e-01  5.0943855e-12  5.09439e-12  5.09439e-12  5.43954e-32
7.990607700e-01  4.9701686e-12  4.97017e-12  4.97017e-12  7.33560e-32
8.030560739e-01  4.8449028e-12  4.84490e-12  4.84490e-12  9.87541e-32
8.070713542e-01  4.7173738e-12  4.71737e-12  4.71737e-12  1.32738e-31
8.111067110e-01  4.5842509e-12  4.58425e-12  4.58425e-12  1.78217e-31
8.151622446e-01  4.4423142e-12  4.44231e-12  4.44231e-12  2.39101e-31
8.192380558e-01  4.3179462e-12  4.31795e-12  4.31795e-12  3.19500e-31
8.233342461e-01  4.1874403e-12  4.18744e-12  4.18744e-12  4.26502e-31
8.274509173e-01  4.0615283e-12  4.06153e-12  4.06153e-12  5.68030e-31
8.315881719e-01  3.9385036e-12  3.93850e-12  3.93850e-12  7.54969e-31
8.357461127e-01  3.8146548e-12  3.81465e-12  3.81465e-12  1.00183e-30
8.399248433e-01  3.6971275e-12  3.69713e-12  3.69713e-12  1.32625e-30
8.441244675e-01  3.5908343e-12  3.59083e-12  3.59083e-12  1.75064e-30
8.483450899e-01  3.4794349e-12  3.47943e-12  3.47943e-12  2.30850e-30
8.525868153e-01  3.3800862e-12  3.38009e-12  3.38009e-12  3.03530e-30
8.568497494e-01  3.2845647e-12  3.28456e-12  3.28456e-12  3.98315e-30
8.611339981e-01  3.1912671e-12  3.19127e-12  3.19127e-12  5.21783e-30
8.654396681e-01  3.1213816e-12  3.12138e-12  3.12138e-12  6.80806e-30
8.697668665e-01  3.0413692e-12  3.04137e-12  3.04137e-12  8.87963e-30
8.741157008e-01  2.9692817e-12  2.96928e-12  2.96928e-12  1.15552e-29
8.784862793e-01  2.9065158e-12  2.90652e-12  2.90652e-12  1.50010e-29
8.828787107e-01  2.8460695e-12  2.84607e-12  2.84607e-12  1.94424e-29
8.872931042e-01  2.7982301e-12  2.79823e-12  2.79823e-12  2.51312e-29
8.917295698e-01  2.7574934e-12  2.75749e-12  2.75749e-12  3.24166e-29
8.961882176e-01  2.7132178e-12  2.71322e-12  2.71322e-12  4.17726e-29
9.006691587e-01  2.6809441e-12  2.68094e-12  2.68094e-12  5.36907e-29
9.051725045e-01  2.6504040e-12  2.65040e-12  2.65040e-12  6.89053e-29
9.096983670e-01  2.6401271e-12  2.64013e-12  2.64013e-12  8.81335e-29
9.142468589e-01  2.6325793e-12  2.63258e-12  2.63258e-12  1.12549e-28
9.188180931e-01  2.6300105e-12  2.63001e-12  2.63001e-12  1.43468e-28
9.234121836e-01  2.6284155e-12  2.62842e-12  2.62842e-12  1.82627e-28
9.280292445e-01  2.6325407e-12  2.63254e-12  2.63254e-12  2.32039e-28
9.326693908e-01  2.6488685e-12  2.64887e-12  2.64887e-12  2.94076e-28
9.373327377e-01  2.6681414e-12  2.66814e-12  2.66814e-12  3.72111e-28
9.420194014e-01  2.6891040e-12  2.68910e-12  2.68910e-12  4.70169e-28
9.467294984e-01  2.7202204e-12  2.72022e-12  2.72022e-12  5.92692e-28
9.514631459e-01  2.7641997e-12  2.76420e-12  2.76420e-12  7.45202e-28
9.562204616e-01  2.8222457e-12  2.82225e-12  2.82225e-12  9.34384e-28
9.610015639e-01  2.8759247e-12  2.87592e-12  2.87592e-12  1.17061e-27
9.658065718e-01  2.9393887e-12  2.93939e-12  2.93939e-12  1.46315e-27
9.706356046e-01  3.0065231e-12  3.00652e-12  3.00652e-12  1.82572e-27
9.754887826e-01  3.0947654e-12  3.09477e-12  3.09477e-12  2.27000e-27
9.803662265e-01  3.1867145e-12  3.18671e-12  3.18671e-12  2.81747e-27
9.852680577e-01  3.2945719e-12  3.29457e-12  3.29457e-12  3.48612e-27
9.901943980e-01  3.4033336e-12  3.40333e-12  3.40333e-12  4.30700e-27
9.951453700e-01  3.5155659e-12  3.51557e-12  3.51557e-12  5.31162e-27
1.000121097e+00  3.6341897e-12  3.63419e-12  3.63419e-12  6.53648e-27
1.005121702e+00  3.7759907e-12  3.77599e-12  3.77599e-12  8.01037e-27
1.010147311e+00  3.9229357e-12  3.92294e-12  3.92294e-12  9.79542e-27
1.015198047e+00  4.0635873e-12  4.06359e-12  4.06359e-12  1.19685e-26
1.020274038e+00  4.1986861e-12  4.19869e-12  4.19869e-12  1.46110e-26
1.025375408e+00  4.3455732e-12  4.34557e-12  4.34557e-12  1.77827e-26
1.030502285e+00  4.4841793e-12  4.48418e-12  4.48418e-12  2.16309e-26
1.035654796e+00  4.6330175e-12  4.63302e-12  4.63302e-12  2.62342e-26
1.040833070e+00  4.7819307e-12  4.78193e-12  4.78193e-12  3.17637e-26
1.046037236e+00  4.9090759e-12  4.90908e-12  4.90908e-12  3.85095e-26
1.051267422e+00  5.0144328e-12  5.01443e-12  5.01443e-12  4.67579e-26
1.056523759e+00  5.1454435e-12  5.14544e-12  5.14544e-12  5.64801e-26
1.061806378e+00  5.2618077e-12  5.26181e-12  5.26181e-12  6.82589e-26
1.067115410e+00  5.3722539e-12  5.37225e-12  5.37225e-12  8.24382e-26
1.072450987e+00  5.4560391e-12  5.45604e-12  5.45604e-12  9.98154e-26
1.077813242e+00  5.5418188e-12  5.54182e-12  5.54182e-12  1.20648e-25
1.083202308e+00  5.6229947e-12  5.62299e-12  5.62299e-12  1.45727e-25
1.088618319e+00  5.6932654e-12  5.69327e-12  5.69327e-12  1.76080e-25
1.094061411e+00  5.7473401e-12  5.74734e-12  5.74734e-12  2.13026e-25
1.099531718e+00  5.8116664e-12  5.81167e-12  5.81167e-12  2.56959e-25
1.105029377e+00  5.8604717e-12  5.86047e-12  5.86047e-12  3.10345e-25
1.110554523e+00  5.8851189e-12  5.88512e-12  5.88512e-12  3.75880e-25
1.116107296e+00  5.9350247e-12  5.93502e-12  5.93502e-12  4.52762e-25
1.121687832e+00  5.9618128e-12  5.96181e-12  5.96181e-12  5.46860e-25
1.127296272e+00  5.9812423e-12  5.98124e-12  5.98124e-12  6.60584e-25
1.132932753e+00  6.0015497e-12  6.00155e-12  6.00155e-12  7.96914e-25
1.138597417e+00  6.0191101e-12  6.01911e-12  6.01911e-12  9.60741e-25
1.144290404e+00  6.0469659e-12  6.04697e-12  6.04697e-12  1.15480e-24
1.150011856e+00  6.0529063e-12  6.05291e-12  6.05291e-12  1.39192e-24
1.155761915e+00  6.0485583e-12  6.04856e-12  6.04856e-12  1.67902e-24
1.161540725e+00  6.0540727e-12  6.05407e-12  6.05407e-12  2.01952e-24
1.167348428e+00  6.0505069e-12  6.05051e-12  6.05051e-12  2.43047e-24
1.173185171e+00  6.0518114e-12  6.05181e-12  6.05181e-12  2.91929e-24
1.179051096e+00  6.0491407e-12  6.04914e-12  6.04914e-12  3.50525e-24
1.184946352e+00  6.0542687e-12  6.05427e-12  6.05427e-12  4.19823e-24
1.190871084e+00  6.0539433e-12  6.05394e-12  6.05394e-12  5.02796e-24
1.196825439e+00  6.0482133e-12  6.04821e-12  6.04821e-12  6.02148e-24
1.202809566e+00  6.0416453e-12  6.04165e-12  6.04165e-12  7.20496e-24
1.208823614e+00  6.0313205e-12  6.03132e-12  6.03132e-12  8.61831e-24
1.214867732e+00  6.0260270e-12  6.02603e-12  6.02603e-12  1.02884e-23
1.220942071e+00  6.0194533e-12  6.01945e-12  6.01945e-12  1.22725e-23
1.227046781e+00  6.0117235e-12  6.01172e-12  6.01172e-12  1.46277e-23
1.233182015e+00  6.0008490e-12  6.00085e-12  6.00085e-12  1.74278e-23
1.239347925e+00  5.9894085e-12  5.98941e-12  5.98941e-12  2.07454e-23
1.245544665e+00  5.9760841e-12  5.97608e-12  5.97608e-12  2.46791e-23
1.251772388e+00  5.9629853e-12  5.96299e-12  5.96299e-12  2.93283e-23
1.258031250e+00  5.9520833e-12  5.95208e-12  5.95208e-12  3.48038e-23
1.264321406e+00  5.9536207e-12  5.95362e-12  5.95362e-12  4.11578e-23
1.270643013e+00  5.9297067e-12  5.92971e-12  5.92971e-12  4.88736e-23
1.276996228e+00  5.9153096e-12  5.91531e-12  5.91531e-12  5.78688e-23
1.283381209e+00  5.9042786e-12  5.90428e-12  5.90428e-12  6.84064e-23
1.289798116e+00  5.8874287e-12  5.88743e-12  5.88743e-12  8.08813e-23
1.296247106e+00  5.8699723e-12  5.86997e-12  5.86997e-12  9.55523e-23
1.302728342e+00  5.8542676e-12  5.85427e-12  5.85427e-12  1.12737e-22
1.309241983e+00  5.8418925e-12  5.84189e-12  5.84189e-12  1.32795e-22
1.315788193e+00  5.8282509e-12  5.82825e-12  5.82825e-12  1.56314e-22
1.322367134e+00  5.8063880e-12  5.80639e-12  5.80639e-12  1.84145e-22
1.328978970e+00  5.7813446e-12  5.78134e-12  5.78134e-12  2.16878e-22
1.335623865e+00  5.7568277e-12  5.75683e-12  5.75683e-12  2.55169e-22
1.342301984e+00  5.7297024e-12  5.72970e-12  5.72970e-12  3.00116e-22
1.349013494e+00  5.7004181e-12  5.70042e-12  5.70042e-12  3.52826e-22
1.355758561e+00  5.6682789e-12  5.66828e-12  5.66828e-12  4.14679e-22
1.362537354e+00  5.6352818e-12  5.63528e-12  5.63528e-12  4.87036e-22
1.369350041e+00  5.6049321e-12  5.60493e-12  5.60493e-12  5.71195e-22
1.376196791e+00  5.5688152e-12  5.56882e-12  5.56882e-12  6.70143e-22
1.383077775e+00  5.5353567e-12  5.53536e-12  5.53536e-12  7.85106e-22
1.389993164e+00  5.5021948e-12  5.50219e-12  5.50219e-12  9.18944e-22
1.396943130e+00  5.4604439e-12  5.46044e-12  5.46044e-12  1.07668e-21
1.403927846e+00  5.4259020e-12  5.42590e-12  5.42590e-12  1.25846e-21
1.410947485e+00  5.3739549e-12  5.37395e-12  5.37395e-12  1.47523e-21
1.418002222e+00  5.3258636e-12  5.32586e-12  5.32586e-12  1.72646e-21
1.425092233e+00  5.2746379e-12  5.27464e-12  5.27464e-12  2.02017e-21
1.432217694e+00  5.2266479e-12  5.22665e-12  5.22665e-12  2.36025e-21
1.439378783e+00  5.1790046e-12  5.17900e-12  5.17900e-12  2.75512e-21
1.446575677e+00  5.1132034e-12  5.11320e-12  5.11320e-12  3.22597e-21
1.453808555e+00  5.0601024e-12  5.06010e-12  5.06010e-12  3.76395e-21
1.461077598e+00  5.0000342e-12  5.00003e-12  5.00003e-12  4.39463e-21
1.468382986e+00  4.9463334e-12  4.94633e-12  4.94633e-12  5.11991e-21
1.475724901e+00  4.8785382e-12  4.87854e-12  4.87854e-12  5.97795e-21
1.483103525e+00  4.8159904e-12  4.81599e-12  4.81599e-12  6.96643e-21
1.490519043e+00  4.7353854e-12  4.73539e-12  4.73539e-12  8.14260e-21
1.497971638e+00  4.6729151e-12  4.67292e-12  4.67292e-12  9.47369e-21
1.505461496e+00  4.6044626e-12  4.60446e-12  4.60446e-12  1.10274e-20
1.512988804e+00  4.5399812e-12  4.53998e-12  4.53998e-12  1.28152e-20
1.520553748e+00  4.4654993e-12  4.46550e-12  4.46550e-12  1.49119e-20
1.528156517e+00  4.4006069e-12  4.40061e-12  4.40061e-12  1.73040e-20
1.535797299e+00  4.3280536e-12  4.32805e-12  4.32805e-12  2.00956e-20
1.543476286e+00  4.2539468e-12  4.25395e-12  4.25395e-12  2.33267e-20
1.551193667e+00  4.1684220e-12  4.16842e-12  4.16842e-12  2.71182e-20
1.558949636e+00  4.0978304e-12  4.09783e-12  4.09783e-12  3.14073e-20
1.566744384e+00  4.0272622e-12  4.02726e-12  4.02726e-12  3.63470e-20
1.574578106e+00  3.9595256e-12  3.95953e-12  3.95953e-12  4.20083e-20
1.582450996e+00  3.8856053e-12  3.88561e-12  3.88561e-12  4.85743e-20
1.590363251e+00  3.8137375e-12  3.81374e-12  3.81374e-12  5.61018e-20
1.598315067e+00  3.7480805e-12  3.74808e-12  3.74808e-12  6.46696e-20
1.606306643e+00  3.6633378e-12  3.66334e-12  3.66334e-12  7.47670e-20
1.614338176e+00  3.6019680e-12  3.60197e-12  3.60197e-12  8.59883e-20
1.622409867e+00  3.5347291e-12  3.53473e-12  3.53473e-12  9.89345e-20
1.630521916e+00  3.4606765e-12  3.46068e-12  3.46068e-12  1.13896e-19
1.638674526e+00  3.3990737e-12  3.39907e-12  3.39907e-12  1.30716e-19
1.646867898e+00  3.3217259e-12  3.32173e-12  3.32173e-12  1.50363e-19
1.655102238e+00  3.2654968e-12  3.26550e-12  3.26550e-12  1.72152e-19
1.663377749e+00  3.2069529e-12  3.20695e-12  3.20695e-12  1.97049e-19
1.671694638e+00  3.1346042e-12  3.13460e-12  3.13460e-12  2.25975e-19
1.680053111e+00  3.0733147e-12  3.07331e-12  3.07331e-12  2.58434e-19
1.688453377e+00  3.0209863e-12  3.02099e-12  3.02099e-12  2.94863e-19
1.696895643e+00  2.9565362e-12  2.95654e-12  2.95654e-12  3.36959e-19
1.705380122e+00  2.9049858e-12  2.90499e-12  2.90499e-12  3.83889e-19
1.713907022e+00  2.8555673e-12  2.85557e-12  2.85557e-12  4.36893e-19
1.722476557e+00  2.8035742e-12  2.80357e-12  2.80357e-12  4.97127e-19
1.731088940e+00  2.7412194e-12  2.74122e-12  2.74122e-12  5.66378e-19
1.739744385e+00  2.6992879e-12  2.69929e-12  2.69929e-12  6.42432e-19
1.748443107e+00  2.6537942e-12  2.65379e-12  2.65379e-12  7.28709e-19
1.757185322e+00  2.6084969e-12  2.60850e-12  2.60850e-12  8.26015e-19
1.765971249e+00  2.5578914e-12  2.55789e-12  2.55789e-12  9.36636e-19
1.774801105e+00  2.5217583e-12  2.52176e-12  2.52176e-12  1.05857e-18
1.783675111e+00  2.4825750e-12  2.48257e-12  2.48257e-12  1.19630e-18
1.792593486e+00  2.4436160e-12  2.44362e-12  2.44361e-12  1.35105e-18
1.801556454e+00  2.4045711e-12  2.40457e-12  2.40457e-12  1.52489e-18
1.810564236e+00  2.3683949e-12  2.36839e-12  2.36839e-12  1.71912e-18
1.819617057e+00  2.3367400e-12  2.33674e-12  2.33674e-12  1.93528e-18
1.828715142e+00  2.3076928e-12  2.30769e-12  2.30769e-12  2.17621e-18
1.837858718e+00  2.2815932e-12  2.28159e-12  2.28159e-12  2.44429e-18
1.847048012e+00  2.2555136e-12  2.25551e-12  2.25551e-12  2.74369e-18
1.856283252e+00  2.2279505e-12  2.22795e-12  2.22795e-12  3.07875e-18
1.865564668e+00  2.2025284e-12  2.20253e-12  2.20252e-12  3.45124e-18
1.874892491e+00  2.1801809e-12  2.18018e-12  2.18018e-12  3.86421e-18
1.884266954e+00  2.1645570e-12  2.16456e-12  2.16455e-12  4.31843e-18
1.893688289e+00  2.1437687e-12  2.14377e-12  2.14376e-12  4.82786e-18
1.903156730e+00  2.1335591e-12  2.13356e-12  2.13355e-12  5.38315e-18
1.912672514e+00  2.1189851e-12  2.11899e-12  2.11898e-12  6.00368e-18
1.922235876e+00  2.1118303e-12  2.11183e-12  2.11182e-12  6.68198e-18
1.931847056e+00  2.1004721e-12  2.10047e-12  2.10046e-12  7.43846e-18
1.941506291e+00  2.0950508e-12  2.09505e-12  2.09504e-12  8.26583e-18
1.951213822e+00  2.0861661e-12  2.08617e-12  2.08616e-12  9.18588e-18
1.960969892e+00  2.0833288e-12  2.08333e-12  2.08332e-12  1.01897e-17
1.970774741e+00  2.0834149e-12  2.08341e-12  2.08340e-12  1.12896e-17
1.980628615e+00  2.0846985e-12  2.08470e-12  2.08469e-12  1.24971e-17
1.990531758e+00  2.0842499e-12  2.08425e-12  2.08424e-12  1.38301e-17
2.000484417e+00  2.0919347e-12  2.09193e-12  2.09192e-12  1.52698e-17
2.010486839e+00  2.1013805e-12  2.10138e-12  2.10136e-12  1.68420e-17
2.020539273e+00  2.1075257e-12  2.10753e-12  2.10751e-12  1.85770e-17
2.030641969e+00  2.1115096e-12  2.11151e-12  2.11149e-12  2.04870e-17
2.040795179e+00  2.1195411e-12  2.11954e-12  2.11952e-12  2.25592e-17
2.050999155e+00  2.1338075e-12  2.13381e-12  2.13378e-12  2.47909e-17
2.061254151e+00  2.1437911e-12  2.14379e-12  2.14376e-12  2.72507e-17
2.071560421e+00  2.1579920e-12  2.15799e-12  2.15796e-12  2.99065e-17
2.081918224e+00  2.1690044e-12  2.16900e-12  2.16897e-12  3.28228e-17
2.092327815e+00  2.1842261e-12  2.18423e-12  2.18419e-12  3.59646e-17
2.102789454e+00  2.1975060e-12  2.19751e-12  2.19747e-12  3.93980e-17
2.113303401e+00  2.2179195e-12  2.21792e-12  2.21788e-12  4.30569e-17
2.123869918e+00  2.2350034e-12  2.23500e-12  2.23496e-12  4.70596e-17
2.134489268e+00  2.2490705e-12  2.24907e-12  2.24902e-12  5.14364e-17
2.145161714e+00  2.2713695e-12  2.27137e-12  2.27131e-12  5.60672e-17
2.155887523e+00  2.2946132e-12  2.29461e-12  2.29455e-12  6.10550e-17
2.166666960e+00  2.3101499e-12  2.31015e-12  2.31008e-12  6.65681e-17
2.177500295e+00  2.3254636e-12  2.32546e-12  2.32539e-12  7.25328e-17
2.188387796e+00  2.3402484e-12  2.34025e-12  2.34017e-12  7.89881e-17
2.199329735e+00  2.3543280e-12  2.35433e-12  2.35424e-12  8.59747e-17
2.210326384e+00  2.3764171e-12  2.37642e-12  2.37632e-12  9.33111e-17
2.221378016e+00  2.3923012e-12  2.39230e-12  2.39220e-12  1.01371e-16
2.232484906e+00  2.4048424e-12  2.40484e-12  2.40473e-12  1.10152e-16
2.243647331e+00  2.4154664e-12  2.41547e-12  2.41535e-12  1.19678e-16
2.254865567e+00  2.4260323e-12  2.42603e-12  2.42590e-12  1.29942e-16
2.266139895e+00  2.4406302e-12  2.44063e-12  2.44049e-12  1.40827e-16
2.277470595e+00  2.4519753e-12  2.45198e-12  2.45182e-12  1.52663e-16
2.288857948e+00  2.4537277e-12  2.45373e-12  2.45356e-12  1.65862e-16
2.300302237e+00  2.4622896e-12  2.46229e-12  2.46211e-12  1.79720e-16
2.311803748e+00  2.4664835e-12  2.46648e-12  2.46629e-12  1.94872e-16
2.323362767e+00  2.4671302e-12  2.46713e-12  2.46692e-12  2.11406e-16
2.334979581e+00  2.4777129e-12  2.47771e-12  2.47748e-12  2.28484e-16
2.346654479e+00  2.4779613e-12  2.47796e-12  2.47771e-12  2.47600e-16
2.358387751e+00  2.4757788e-12  2.47578e-12  2.47551e-12  2.68372e-16
2.370179690e+00  2.4781958e-12  2.47820e-12  2.47791e-12  2.90280e-16
2.382030589e+00  2.4796570e-12  2.47966e-12  2.47934e-12  3.13888e-16
2.393940742e+00  2.4743793e-12  2.47438e-12  2.47404e-12  3.39992e-16
2.405910445e+00  2.4740768e-12  2.47408e-12  2.47371e-12  3.67442e-16
2.417939997e+00  2.4742081e-12  2.47421e-12  2.47381e-12  3.96818e-16
2.430029697e+00  2.4689755e-12  2.46898e-12  2.46855e-12  4.29105e-16
2.442179846e+00  2.4662405e-12  2.46624e-12  2.46578e-12  4.63359e-16
2.454390745e+00  2.4542757e-12  2.45428e-12  2.45377e-12  5.01736e-16
2.466662699e+00  2.4475187e-12  2.44752e-12  2.44698e-12  5.42006e-16
2.478996012e+00  2.4397180e-12  2.43972e-12  2.43913e-12  5.85431e-16
2.491390992e+00  2.4305372e-12  2.43054e-12  2.42990e-12  6.32340e-16
2.503847947e+00  2.4101838e-12  2.41018e-12  2.40950e-12  6.85529e-16
2.516367187e+00  2.4011802e-12  2.40118e-12  2.40044e-12  7.39715e-16
2.528949023e+00  2.3922998e-12  2.39230e-12  2.39150e-12  7.97757e-16
2.541593768e+00  2.3828930e-12  2.38289e-12  2.38203e-12  8.60110e-16
2.554301737e+00  2.3692131e-12  2.36921e-12  2.36828e-12  9.28430e-16
2.567073246e+00  2.3559685e-12  2.35597e-12  2.35497e-12  1.00156e-15
2.579908612e+00  2.3443215e-12  2.34432e-12  2.34324e-12  1.07929e-15
2.592808155e+00  2.3309965e-12  2.33100e-12  2.32983e-12  1.16330e-15
2.605772196e+00  2.3176170e-12  2.31762e-12  2.31636e-12  1.25332e-15
2.618801057e+00  2.3037566e-12  2.30376e-12  2.30241e-12  1.34999e-15
2.631895062e+00  2.2893803e-12  2.28938e-12  2.28793e-12  1.45380e-15
2.645054537e+00  2.2754415e-12  2.27544e-12  2.27388e-12  1.56464e-15
2.658279810e+00  2.2594127e-12  2.25941e-12  2.25773e-12  1.68468e-15
2.671571209e+00  2.2430098e-12  2.24301e-12  2.24120e-12  1.81349e-15
2.684929065e+00  2.2248639e-12  2.22486e-12  2.22291e-12  1.95279e-15
2.698353710e+00  2.2044229e-12  2.20442e-12  2.20232e-12  2.10402e-15
2.711845479e+00  2.1795207e-12  2.17952e-12  2.17725e-12  2.27042e-15
2.725404706e+00  2.1507547e-12  2.15075e-12  2.14830e-12  2.45315e-15
2.739031730e+00  2.1148233e-12  2.11482e-12  2.11217e-12  2.65777e-15
2.752726889e+00  2.0769875e-12  2.07699e-12  2.07411e-12  2.88083e-15
2.766490523e+00  2.0370339e-12  2.03703e-12  2.03391e-12  3.12436e-15
2.780322976e+00  1.9984663e-12  1.99847e-12  1.99508e-12  3.38534e-15
2.794224591e+00  1.9657678e-12  1.96577e-12  1.96211e-12  3.65786e-15
2.808195713e+00  1.9342141e-12  1.93421e-12  1.93026e-12  3.94913e-15
2.822236692e+00  1.9060056e-12  1.90601e-12  1.90175e-12  4.25622e-15
2.836347875e+00  1.8814124e-12  1.88141e-12  1.87683e-12  4.57870e-15
2.850529615e+00  1.8574590e-12  1.85746e-12  1.85254e-12  4.92268e-15
2.864782263e+00  1.8361387e-12  1.83614e-12  1.83085e-12  5.28485e-15
2.879106174e+00  1.8162796e-12  1.81628e-12  1.81061e-12  5.66826e-15
2.893501705e+00  1.7983873e-12  1.79839e-12  1.79231e-12  6.07233e-15
2.907969214e+00  1.7816881e-12  1.78169e-12  1.77519e-12  6.49965e-15
2.922509060e+00  1.7662401e-12  1.76624e-12  1.75929e-12  6.95090e-15
2.937121605e+00  1.7510158e-12  1.75102e-12  1.74359e-12  7.43021e-15
2.951807213e+00  1.7370893e-12  1.73709e-12  1.72915e-12  7.93532e-15
2.966566249e+00  1.7240398e-12  1.72404e-12  1.71557e-12  8.46856e-15
2.981399080e+00  1.7126349e-12  1.71263e-12  1.70361e-12  9.02782e-15
2.996306076e+00  1.7017512e-12  1.70175e-12  1.69213e-12  9.61836e-15
3.011287606e+00  1.6911876e-12  1.69119e-12  1.68095e-12  1.02424e-14
3.026344044e+00  1.6796775e-12  1.67968e-12  1.66877e-12  1.09079e-14
3.041475764e+00  1.6678551e-12  1.66786e-12  1.65624e-12  1.16143e-14
3.056683143e+00  1.6546026e-12  1.65460e-12  1.64223e-12  1.23707e-14
3.071966559e+00  1.6398099e-12  1.63981e-12  1.62663e-12  1.31817e-14
3.087326392e+00  1.6248537e-12  1.62485e-12  1.61081e-12  1.40427e-14
3.102763024e+00  1.6119119e-12  1.61191e-12  1.59697e-12  1.49410e-14
3.118276839e+00  1.6002490e-12  1.60025e-12  1.58437e-12  1.58821e-14
3.133868223e+00  1.5894417e-12  1.58944e-12  1.57257e-12  1.68702e-14
3.149537564e+00  1.5794026e-12  1.57940e-12  1.56150e-12  1.79073e-14
3.165285252e+00  1.5699405e-12  1.56994e-12  1.55094e-12  1.89968e-14
3.181111678e+00  1.5613987e-12  1.56140e-12  1.54126e-12  2.01368e-14
3.197017237e+00  1.5538295e-12  1.55383e-12  1.53250e-12  2.13280e-14
3.213002323e+00  1.5466591e-12  1.54666e-12  1.52408e-12  2.25776e-14
3.229067334e+00  1.5402259e-12  1.54023e-12  1.51634e-12  2.38836e-14
3.245212671e+00  1.5330515e-12  1.53305e-12  1.50779e-12  2.52665e-14
3.261438734e+00  1.5264099e-12  1.52641e-12  1.49970e-12  2.67136e-14
3.277745928e+00  1.5184853e-12  1.51849e-12  1.49023e-12  2.82539e-14
3.294134658e+00  1.5099146e-12  1.50991e-12  1.48003e-12  2.98845e-14
3.310605331e+00  1.5015765e-12  1.50158e-12  1.46998e-12  3.15962e-14
3.327158358e+00  1.4937978e-12  1.49380e-12  1.46041e-12  3.33863e-14
3.343794149e+00  1.4886051e-12  1.48861e-12  1.45339e-12  3.52173e-14
3.360513120e+00  1.4953423e-12  1.49534e-12  1.45845e-12  3.68889e-14
3.377315686e+00  1.5126712e-12  1.51267e-12  1.47429e-12  3.83851e-14
3.394202264e+00  1.4716710e-12  1.47167e-12  1.43038e-12  4.12924e-14
3.411173276e+00  1.4498956e-12  1.44990e-12  1.40597e-12  4.39241e-14
3.428229142e+00  1.4454681e-12  1.44547e-12  1.39922e-12  4.62498e-14
3.445370288e+00  1.4429811e-12  1.44298e-12  1.39435e-12  4.86292e-14
3.462597139e+00  1.4325633e-12  1.43256e-12  1.38121e-12  5.13573e-14
3.479910125e+00  1.4239419e-12  1.42394e-12  1.36977e-12  5.41694e-14
3.497309675e+00  1.4131941e-12  1.41319e-12  1.35600e-12  5.71972e-14
3.514796224e+00  1.4081971e-12  1.40820e-12  1.34803e-12  6.01716e-14
3.532370205e+00  1.4037662e-12  1.40377e-12  1.34050e-12  6.32633e-14
3.550032056e+00  1.3981128e-12  1.39811e-12  1.33156e-12  6.65491e-14
3.567782216e+00  1.3919961e-12  1.39200e-12  1.32198e-12  7.00112e-14
3.585621127e+00  1.3853863e-12  1.38539e-12  1.31172e-12  7.36624e-14
3.603549233e+00  1.3783952e-12  1.37840e-12  1.30089e-12  7.75092e-14
3.621566979e+00  1.3719018e-12  1.37190e-12  1.29038e-12  8.15171e-14
3.639674814e+00  1.3656864e-12  1.36569e-12  1.27998e-12  8.57028e-14
3.657873188e+00  1.3597273e-12  1.35973e-12  1.26965e-12  9.00743e-14
3.676162554e+00  1.3541374e-12  1.35414e-12  1.25951e-12  9.46314e-14
3.694543367e+00  1.3490508e-12  1.34905e-12  1.24968e-12  9.93712e-14
3.713016084e+00  1.3438431e-12  1.34384e-12  1.23950e-12  1.04343e-13
3.731581164e+00  1.3389710e-12  1.33897e-12  1.22945e-12  1.09526e-13
3.750239070e+00  1.3345159e-12  1.33452e-12  1.21960e-12  1.14919e-13
3.768990265e+00  1.3301802e-12  1.33018e-12  1.20963e-12  1.20554e-13
3.787835216e+00  1.3260030e-12  1.32600e-12  1.19956e-12  1.26441e-13
3.806774393e+00  1.3219006e-12  1.32190e-12  1.18930e-12  1.32598e-13
3.825808265e+00  1.3182508e-12  1.31825e-12  1.17925e-12  1.38998e-13
3.844937306e+00  1.3148202e-12  1.31482e-12  1.16914e-12  1.45677e-13
3.864161992e+00  1.3115756e-12  1.31158e-12  1.15893e-12  1.52648e-13
3.883482802e+00  1.3086475e-12  1.30865e-12  1.14874e-12  1.59910e-13
3.902900216e+00  1.3060470e-12  1.30605e-12  1.13857e-12  1.67473e-13
3.922414717e+00  1.3036070e-12  1.30361e-12  1.12824e-12  1.75372e-13
3.942026791e+00  1.3015008e-12  1.30150e-12  1.11790e-12  1.83598e-13
3.961736925e+00  1.2997630e-12  1.29976e-12  1.10760e-12  1.92160e-13
3.981545610e+00  1.2983418e-12  1.29834e-12  1.09726e-12  2.01078e-13
4.001453338e+00  1.2975239e-12  1.29752e-12  1.08721e-12  2.10319e-13
4.021460604e+00  1.2966352e-12  1.29664e-12  1.07662e-12  2.20017e-13
4.041567907e+00  1.2962770e-12  1.29628e-12  1.06619e-12  2.30083e-13
4.061775747e+00  1.2964571e-12  1.29646e-12  1.05593e-12  2.40526e-13
4.082084626e+00  1.2971252e-12  1.29713e-12  1.04576e-12  2.51370e-13
4.102495049e+00  1.2980845e-12  1.29808e-12  1.03541e-12  2.62678e-13
4.123007524e+00  1.2994339e-12  1.29943e-12  1.02498e-12  2.74449e-13
4.143622562e+00  1.3014659e-12  1.30147e-12  1.01484e-12  2.86626e-13
4.164340674e+00  1.3039882e-12  1.30399e-12  1.00472e-12  2.99272e-13
4.185162378e+00  1.3070689e-12  1.30707e-12  9.94681e-13  3.12388e-13
4.206088190e+00  1.3107715e-12  1.31077e-12  9.84802e-13  3.25969e-13
4.227118631e+00  1.3152860e-12  1.31529e-12  9.75325e-13  3.39961e-13
4.248254224e+00  1.3200469e-12  1.32005e-12  9.65461e-13  3.54586e-13
4.269495495e+00  1.3251729e-12  1.32517e-12  9.55332e-13  3.69841e-13
4.290842972e+00  1.3313497e-12  1.33135e-12  9.45888e-13  3.85461e-13
4.312297187e+00  1.3379239e-12  1.33792e-12  9.36180e-13  4.01744e-13
4.333858673e+00  1.3453436e-12  1.34534e-12  9.26840e-13  4.18503e-13
4.355527967e+00  1.3534949e-12  1.35349e-12  9.17690e-13  4.35805e-13
4.377305606e+00  1.3624645e-12  1.36246e-12  9.08853e-13  4.53611e-13
4.399192134e+00  1.3720083e-12  1.37201e-12  8.99924e-13  4.72084e-13
4.421188095e+00  1.3820550e-12  1.38206e-12  8.90741e-13  4.91314e-13
4.443294036e+00  1.3929018e-12  1.39290e-12  8.81765e-13  5.11137e-13
4.465510506e+00  1.4043978e-12  1.40440e-12  8.72706e-13  5.31692e-13
4.487838058e+00  1.4163895e-12  1.41639e-12  8.63222e-13  5.53168e-13
4.510277249e+00  1.4287811e-12  1.42878e-12  8.53024e-13  5.75757e-13
4.532828635e+00  1.4413960e-12  1.44140e-12  8.41592e-13  5.99804e-13
4.555492778e+00  1.4538863e-12  1.45389e-12  8.27910e-13  6.25976e-13
4.578270242e+00  1.4664777e-12  1.46648e-12  8.12038e-13  6.54439e-13
4.601161593e+00  1.4794668e-12  1.47947e-12  7.94190e-13  6.85277e-13
4.624167401e+00  1.4926152e-12  1.49262e-12  7.73183e-13  7.19432e-13
4.647288238e+00  1.5067628e-12  1.50676e-12  7.50499e-13  7.56264e-13
4.670524679e+00  1.5225831e-12  1.52258e-12  7.27569e-13  7.95014e-13
4.693877303e+00  1.5403296e-12  1.54033e-12  7.04931e-13  8.35398e-13
4.717346689e+00  1.5613601e-12  1.56136e-12  6.87655e-13  8.73705e-13
4.740933423e+00  1.5847711e-12  1.58477e-12  6.73723e-13  9.11048e-13
4.764638090e+00  1.6092364e-12  1.60924e-12  6.57645e-13  9.51592e-13
4.788461280e+00  1.6347759e-12  1.63478e-12  6.37734e-13  9.97042e-13
4.812403587e+00  1.6620441e-12  1.66204e-12  6.15407e-13  1.04664e-12
4.836465604e+00  1.6917864e-12  1.69179e-12  5.95518e-13  1.09627e-12
4.860647933e+00  1.7239762e-12  1.72398e-12  5.82350e-13  1.14163e-12
4.884951172e+00  1.7578731e-12  1.75787e-12  5.72432e-13  1.18544e-12
4.909375928e+00  1.7932343e-12  1.79323e-12  5.63143e-13  1.23009e-12
4.933922808e+00  1.8301432e-12  1.83014e-12  5.53103e-13  1.27704e-12
4.958592422e+00  1.8687666e-12  1.86877e-12  5.42163e-13  1.32660e-12
4.983385384e+00  1.9090787e-12  1.90908e-12  5.31435e-13  1.37764e-12
5.008302311e+00  1.9509120e-12  1.95091e-12  5.21738e-13  1.42917e-12
5.033343822e+00  1.9949897e-12  1.99499e-12  5.10147e-13  1.48484e-12
5.058510541e+00  2.0424787e-12  2.04248e-12  4.94233e-13  1.54825e-12
5.083803094e+00  2.0934162e-12  2.09342e-12  4.75879e-13  1.61754e-12
5.109222110e+00  2.1470557e-12  2.14706e-12  4.57884e-13  1.68917e-12
5.134768220e+00  2.2030349e-12  2.20303e-12  4.41046e-13  1.76199e-12
5.160442061e+00  2.2595355e-12  2.25954e-12  4.28390e-13  1.83115e-12
5.186244272e+00  2.3118595e-12  2.31186e-12  4.26287e-13  1.88557e-12
5.212175493e+00  2.3595024e-12  2.35950e-12  4.32614e-13  1.92689e-12
5.238236370e+00  2.4061828e-12  2.40618e-12  4.40275e-13  1.96591e-12
5.264427552e+00  2.4524662e-12  2.45247e-12  4.48200e-13  2.00427e-12
5.290749690e+00  2.4966162e-12  2.49662e-12  4.58184e-13  2.03843e-12
5.317203438e+00  2.5405674e-12  2.54057e-12  4.67715e-13  2.07285e-12
5.343789456e+00  2.5907666e-12  2.59077e-12  4.70702e-13  2.12006e-12
5.370508403e+00  2.6497649e-12  2.64976e-12  4.66195e-13  2.18357e-12
5.397360945e+00  2.7152735e-12  2.71527e-12  4.57564e-13  2.25771e-12
5.424347750e+00  2.7835788e-12  2.78358e-12  4.48488e-13  2.33509e-12
5.451469488e+00  2.8486986e-12  2.84870e-12  4.43408e-13  2.40529e-12
5.478726836e+00  2.9102167e-12  2.91022e-12  4.41917e-13  2.46830e-12
5.506120470e+00  2.9718769e-12  2.97188e-12  4.41014e-13  2.53086e-12
5.533651072e+00  3.0385973e-12  3.03860e-12  4.37646e-13  2.60095e-12
5.561319328e+00  3.1188243e-12  3.11882e-12  4.27435e-13  2.69139e-12
5.589125924e+00  3.2110632e-12  3.21106e-12  4.12310e-13  2.79875e-12
5.617071554e+00  3.3053954e-12  3.30540e-12  3.98131e-13  2.90726e-12
5.645156912e+00  3.3926100e-12  3.39261e-12  3.89242e-13  3.00337e-12
5.673382696e+00  3.4745901e-12  3.47459e-12  3.84034e-13  3.09056e-12
5.701749610e+00  3.5531739e-12  3.55317e-12  3.81190e-13  3.17198e-12
5.730258358e+00  3.6339579e-12  3.63396e-12  3.78073e-13  3.25589e-12
5.758909650e+00  3.7219322e-12  3.72193e-12  3.72765e-13  3.34917e-12
5.787704198e+00  3.8097605e-12  3.80976e-12  3.68328e-13  3.44143e-12
5.816642719e+00  3.8963013e-12  3.89630e-12  3.65065e-13  3.53124e-12
5.845725932e+00  3.9848567e-12  3.98486e-12  3.61700e-13  3.62316e-12
5.874954562e+00  4.0820346e-12  4.08203e-12  3.56100e-13  3.72593e-12
5.904329335e+00  4.1914788e-12  4.19148e-12  3.47430e-13  3.84405e-12
5.933850982e+00  4.3238065e-12  4.32381e-12  3.32936e-13  3.99087e-12
5.963520237e+00  4.4715241e-12  4.47152e-12  3.15524e-13  4.15600e-12
5.993337838e+00  4.6059460e-12  4.60595e-12  3.03447e-13  4.30250e-12
6.023304527e+00  4.7214757e-12  4.72148e-12  2.97568e-13  4.42391e-12
6.053421050e+00  4.8235575e-12  4.82356e-12  2.95794e-13  4.52776e-12
6.083688155e+00  4.9275770e-12  4.92758e-12  2.93932e-13  4.63365e-12
6.114106596e+00  5.0478733e-12  5.04787e-12  2.88665e-13  4.75921e-12
6.144677129e+00  5.1892569e-12  5.18926e-12  2.79323e-13  4.90993e-12
6.175400514e+00  5.3391304e-12  5.33913e-12  2.69086e-13  5.07004e-12
6.206277517e+00  5.4814656e-12  5.48147e-12  2.61384e-13  5.22008e-12
6.237308904e+00  5.6060533e-12  5.60605e-12  2.57979e-13  5.34807e-12
6.268495449e+00  5.7231079e-12  5.72311e-12  2.56459e-13  5.46665e-12
6.299837926e+00  5.8386942e-12  5.83869e-12  2.55507e-13  5.58319e-12
6.331337116e+00  5.9350909e-12  5.93509e-12  2.58200e-13  5.67689e-12
6.362993801e+00  6.0055846e-12  6.00558e-12  2.65291e-13  5.74029e-12
6.394808770e+00  6.0784219e-12  6.07842e-12  2.71643e-13  5.80678e-12
6.426782814e+00  6.1578559e-12  6.15786e-12  2.76636e-13  5.88122e-12
6.458916728e+00  6.2641809e-12  6.26418e-12  2.77275e-13  5.98691e-12
6.491211312e+00  6.3816573e-12  6.38166e-12  2.76325e-13  6.10533e-12
6.523667368e+00  6.5213249e-12  6.52132e-12  2.72362e-13  6.24896e-12
6.556285705e+00  6.6823702e-12  6.68237e-12  2.65802e-13  6.41657e-12
6.589067134e+00  6.8420697e-12  6.84207e-12  2.59947e-13  6.58212e-12
6.622012469e+00  6.9890559e-12  6.98906e-12  2.56207e-13  6.73285e-12
6.655122532e+00  7.1093158e-12  7.10932e-12  2.56135e-13  6.85318e-12
6.688398144e+00  7.2272501e-12  7.22725e-12  2.56425e-13  6.97083e-12
6.721840135e+00  7.3604542e-12  7.36045e-12  2.54979e-13  7.10547e-12
6.755449336e+00  7.5082800e-12  7.50828e-12  2.52032e-13  7.25625e-12
6.789226583e+00  7.6669033e-12  7.66690e-12  2.48144e-13  7.41876e-12
6.823172715e+00  7.8288761e-12  7.82888e-12  2.44197e-13  7.58468e-12
6.857288579e+00  7.9968873e-12  7.99689e-12  2.39923e-13  7.75696e-12
6.891575022e+00  8.1767349e-12  8.17673e-12  2.34779e-13  7.94196e-12
6.926032897e+00  8.3578819e-12  8.35788e-12  2.29867e-13  8.12801e-12
6.960663062e+00  8.5341222e-12  8.53412e-12  2.25756e-13  8.30837e-12
6.995466377e+00  8.7090382e-12  8.70904e-12  2.22052e-13  8.48699e-12
7.030443709e+00  8.8841519e-12  8.88415e-12  2.18589e-13  8.66556e-12
7.065595927e+00  9.0544145e-12  9.05441e-12  2.15781e-13  8.83863e-12
7.100923907e+00  9.2331907e-12  9.23319e-12  2.12462e-13  9.02073e-12
7.136428526e+00  9.4217616e-12  9.42176e-12  2.08574e-13  9.21319e-12
7.172110669e+00  9.6182000e-12  9.61820e-12  2.04321e-13  9.41388e-12
7.207971222e+00  9.8258282e-12  9.82583e-12  1.99483e-13  9.62635e-12
7.244011079e+00  1.0044085e-11  1.00441e-11  1.94156e-13  9.84993e-12
7.280231134e+00  1.0275339e-11  1.02753e-11  1.88216e-13  1.00871e-11
7.316632290e+00  1.0534991e-11  1.05350e-11  1.80644e-13  1.03543e-11
7.353215451e+00  1.0800721e-11  1.08007e-11  1.73100e-13  1.06276e-11
7.389981528e+00  1.1066380e-11  1.10664e-11  1.65996e-13  1.09004e-11
7.426931436e+00  1.1324699e-11  1.13247e-11  1.59773e-13  1.11649e-11
7.464066093e+00  1.1581232e-11  1.15812e-11  1.54020e-13  1.14272e-11
7.501386424e+00  1.1842114e-11  1.18421e-11  1.48333e-13  1.16938e-11
7.538893356e+00  1.2097224e-11  1.20972e-11  1.43312e-13  1.19539e-11
7.576587822e+00  1.2361521e-11  1.23615e-11  1.38047e-13  1.22235e-11
7.614470762e+00  1.2627342e-11  1.26273e-11  1.32993e-13  1.24943e-11
7.652543115e+00  1.2899475e-11  1.28995e-11  1.27877e-13  1.27716e-11
7.690805831e+00  1.3184218e-11  1.31842e-11  1.22372e-13  1.30618e-11
7.729259860e+00  1.3471103e-11  1.34711e-11  1.17058e-13  1.33540e-11
7.767906159e+00  1.3784352e-11  1.37844e-11  1.10699e-13  1.36737e-11
7.806745690e+00  1.4099104e-11  1.40991e-11  1.04606e-13  1.39945e-11
7.845779419e+00  1.4391143e-11  1.43911e-11  9.99272e-14  1.42912e-11
7.885008316e+00  1.4647771e-11  1.46478e-11  9.71560e-14  1.45506e-11
7.924433357e+00  1.4949705e-11  1.49497e-11  9.24707e-14  1.48572e-11
7.964055524e+00  1.5333126e-11  1.53331e-11  8.44049e-14  1.52487e-11
8.003875802e+00  1.5717086e-11  1.57171e-11  7.67253e-14  1.56404e-11
8.043895181e+00  1.6083443e-11  1.60834e-11  7.01802e-14  1.60133e-11
8.084114657e+00  1.6473606e-11  1.64736e-11  6.29837e-14  1.64106e-11
8.124535230e+00  1.6872971e-11  1.68730e-11  5.57780e-14  1.68172e-11
8.165157906e+00  1.7252281e-11  1.72523e-11  4.97222e-14  1.72026e-11
8.205983696e+00  1.7630605e-11  1.76306e-11  4.40083e-14  1.75866e-11
8.247013614e+00  1.8001043e-11  1.80010e-11  3.88765e-14  1.79622e-11
8.288248682e+00  1.8363940e-11  1.83639e-11  3.42780e-14  1.83297e-11
8.329689926e+00  1.8731208e-11  1.87312e-11  2.97535e-14  1.87015e-11
8.371338375e+00  1.9078496e-11  1.90785e-11  2.61527e-14  1.90523e-11
8.413195067e+00  1.9392314e-11  1.93923e-11  2.38760e-14  1.93684e-11
8.455261042e+00  1.9675216e-11  1.96752e-11  2.27499e-14  1.96525e-11
8.497537348e+00  1.9905808e-11  1.99058e-11  2.33948e-14  1.98824e-11
8.540025034e+00  2.0049252e-11  2.00493e-11  2.68017e-14  2.00225e-11
8.582725160e+00  2.0071401e-11  2.00714e-11  3.38472e-14  2.00376e-11
8.625638785e+00  1.9954135e-11  1.99541e-11  4.48359e-14  1.99093e-11
8.668766979e+00  1.9721805e-11  1.97218e-11  5.87719e-14  1.96630e-11
8.712110814e+00  1.9469865e-11  1.94699e-11  7.26658e-14  1.93972e-11
8.755671368e+00  1.9498193e-11  1.94982e-11  7.79527e-14  1.94202e-11
8.799449725e+00  1.9852269e-11  1.98523e-11  7.39076e-14  1.97784e-11
8.843446974e+00  1.9875562e-11  1.98756e-11  7.90494e-14  1.97965e-11
8.887664209e+00  2.0131195e-11  2.01312e-11  7.77466e-14  2.00534e-11
8.932102530e+00  2.0480435e-11  2.04804e-11  7.40312e-14  2.04064e-11
8.976763042e+00  2.0655302e-11  2.06553e-11  7.49152e-14  2.05804e-11
9.021646857e+00  2.0756408e-11  2.07564e-11  7.75900e-14  2.06788e-11
9.066755092e+00  2.0942418e-11  2.09424e-11  7.80480e-14  2.08644e-11
9.112088867e+00  2.1189940e-11  2.11899e-11  7.69851e-14  2.11130e-11
9.157649312e+00  2.1438212e-11  2.14382e-11  7.59235e-14  2.13623e-11
9.203437558e+00  2.1660885e-11  2.16609e-11  7.54704e-14  2.15854e-11
9.249454746e+00  2.1871086e-11  2.18711e-11  7.52916e-14  2.17958e-11
9.295702020e+00  2.2060888e-11  2.20609e-11  7.55453e-14  2.19853e-11
9.342180530e+00  2.2242447e-11  2.22424e-11  7.59406e-14  2.21665e-11
9.388891432e+00  2.2435103e-11  2.24351e-11  7.60566e-14  2.23590e-11
9.435835890e+00  2.2646938e-11  2.26469e-11  7.57398e-14  2.25712e-11
9.483015069e+00  2.2897031e-11  2.28970e-11  7.46249e-14  2.28224e-11
9.530430144e+00  2.3251768e-11  2.32518e-11  7.14280e-14  2.31803e-11
9.578082295e+00  2.3686197e-11  2.36862e-11  6.67601e-14  2.36194e-11
9.625972707e+00  2.4199422e-11  2.41994e-11  6.07250e-14  2.41387e-11
9.674102570e+00  2.4781459e-11  2.47815e-11  5.35923e-14  2.47279e-11
9.722473083e+00  2.5283304e-11  2.52833e-11  4.81896e-14  2.52351e-11
9.771085448e+00  2.5756234e-11  2.57562e-11  4.34904e-14  2.57127e-11
9.819940876e+00  2.6155660e-11  2.61557e-11  4.02536e-14  2.61154e-11
9.869040580e+00  2.6390798e-11  2.63908e-11  3.99888e-14  2.63508e-11
9.918385783e+00  2.6511480e-11  2.65115e-11  4.16757e-14  2.64698e-11
9.967977712e+00  2.6535728e-11  2.65357e-11  4.49015e-14  2.64908e-11
1.001781760e+01  2.6613935e-11  2.66139e-11  4.70898e-14  2.65668e-11
1.006790669e+01  2.6676920e-11  2.66769e-11  4.94188e-14  2.66275e-11
1.011824622e+01  2.6690126e-11  2.66901e-11  5.24302e-14  2.66377e-11
1.016883745e+01  2.6714524e-11  2.67145e-11  5.51293e-14  2.66594e-11
1.021968164e+01  2.6727399e-11  2.67274e-11  5.78797e-14  2.66695e-11
1.027078005e+01  2.6938726e-11  2.69387e-11  5.75017e-14  2.68812e-11
1.032213395e+01  2.7438882e-11  2.74389e-11  5.28160e-14  2.73861e-11
1.037374462e+01  2.7925608e-11  2.79256e-11  4.84595e-14  2.78771e-11
1.042561334e+01  2.8145955e-11  2.81460e-11  4.80439e-14  2.80979e-11
1.047774141e+01  2.8338371e-11  2.83384e-11  4.80066e-14  2.82904e-11
1.053013012e+01  2.8621770e-11  2.86218e-11  4.66811e-14  2.85751e-11
1.058278077e+01  2.8932482e-11  2.89325e-11  4.49993e-14  2.88875e-11
1.063569467e+01  2.9228474e-11  2.92285e-11  4.35419e-14  2.91849e-11
1.068887314e+01  2.9501599e-11  2.95016e-11  4.24051e-14  2.94592e-11
1.074231751e+01  2.9790996e-11  2.97910e-11  4.10666e-14  2.97499e-11
1.079602910e+01  3.0117326e-11  3.01173e-11  3.92740e-14  3.00781e-11
1.085000924e+01  3.0570545e-11  3.05705e-11  3.59250e-14  3.05346e-11
1.090425929e+01  3.1063861e-11  3.10639e-11  3.21644e-14  3.10317e-11
1.095878058e+01  3.1457619e-11  3.14576e-11  2.97032e-14  3.14279e-11
1.101357449e+01  3.1783327e-11  3.17833e-11  2.81043e-14  3.17552e-11
1.106864236e+01  3.1986822e-11  3.19868e-11  2.79610e-14  3.19589e-11
1.112398557e+01  3.1998501e-11  3.19985e-11  3.00052e-14  3.19685e-11
1.117960550e+01  3.1860652e-11  3.18607e-11  3.36524e-14  3.18270e-11
1.123550353e+01  3.1775623e-11  3.17756e-11  3.65672e-14  3.17391e-11
1.129168104e+01  3.1788214e-11  3.17882e-11  3.82903e-14  3.17499e-11
1.134813945e+01  3.1911316e-11  3.19113e-11  3.87365e-14  3.18726e-11
1.140488015e+01  3.2147100e-11  3.21471e-11  3.79413e-14  3.21092e-11
1.146190455e+01  3.2424811e-11  3.24248e-11  3.67030e-14  3.23881e-11
1.151921407e+01  3.2729103e-11  3.27291e-11  3.52004e-14  3.26939e-11
1.157681014e+01  3.3082738e-11  3.30827e-11  3.32145e-14  3.30495e-11
1.163469419e+01  3.3426457e-11  3.34265e-11  3.13603e-14  3.33951e-11
1.169286766e+01  3.3737820e-11  3.37378e-11  2.98537e-14  3.37080e-11
1.175133200e+01  3.4028302e-11  3.40283e-11  2.85679e-14  3.39997e-11
1.181008866e+01  3.4297881e-11  3.42979e-11  2.74936e-14  3.42704e-11
1.186913910e+01  3.4499527e-11  3.44995e-11  2.70647e-14  3.44725e-11
1.192848480e+01  3.4647007e-11  3.46470e-11  2.71249e-14  3.46199e-11
1.198812722e+01  3.4774636e-11  3.47746e-11  2.73389e-14  3.47473e-11
1.204806786e+01  3.4870087e-11  3.48701e-11  2.78108e-14  3.48423e-11
1.210830820e+01  3.4901891e-11  3.49019e-11  2.88087e-14  3.48731e-11
1.216884974e+01  3.4907128e-11  3.49071e-11  2.99849e-14  3.48771e-11
1.222969399e+01  3.4918308e-11  3.49183e-11  3.10506e-14  3.48873e-11
1.229084246e+01  3.4947863e-11  3.49479e-11  3.19043e-14  3.49160e-11
1.235229667e+01  3.5021182e-11  3.50212e-11  3.23413e-14  3.49888e-11
1.241405815e+01  3.5124990e-11  3.51250e-11  3.24885e-14  3.50925e-11
1.247612845e+01  3.5257799e-11  3.52578e-11  3.23699e-14  3.52254e-11
1.253850909e+01  3.5421984e-11  3.54220e-11  3.19770e-14  3.53900e-11
1.260120163e+01  3.5604630e-11  3.56046e-11  3.14236e-14  3.55732e-11
1.266420764e+01  3.5799283e-11  3.57993e-11  3.07667e-14  3.57685e-11
1.272752868e+01  3.5989865e-11  3.59899e-11  3.01345e-14  3.59597e-11
1.279116632e+01  3.6166386e-11  3.61664e-11  2.96023e-14  3.61368e-11
1.285512215e+01  3.6343445e-11  3.63434e-11  2.90563e-14  3.63144e-11
1.291939776e+01  3.6551905e-11  3.65519e-11  2.82685e-14  3.65236e-11
1.298399475e+01  3.6818278e-11  3.68183e-11  2.70547e-14  3.67912e-11
1.304891473e+01  3.7162188e-11  3.71622e-11  2.52901e-14  3.71369e-11
1.311415930e+01  3.7527329e-11  3.75273e-11  2.33976e-14  3.75039e-11
1.317973010e+01  3.7822376e-11  3.78224e-11  2.20246e-14  3.78004e-11
1.324562875e+01  3.8056335e-11  3.80563e-11  2.10887e-14  3.80352e-11
1.331185689e+01  3.8353039e-11  3.83530e-11  1.97254e-14  3.83333e-11
1.337841618e+01  3.8733650e-11  3.87336e-11  1.78079e-14  3.87158e-11
1.344530826e+01  3.9017161e-11  3.90172e-11  1.65662e-14  3.90006e-11
1.351253480e+01  3.9161238e-11  3.91612e-11  1.62541e-14  3.91450e-11
1.358009747e+01  3.9397689e-11  3.93977e-11  1.53281e-14  3.93824e-11
1.364799796e+01  3.9687831e-11  3.96878e-11  1.40596e-14  3.96738e-11
1.371623795e+01  3.9849766e-11  3.98498e-11  1.36165e-14  3.98361e-11
1.378481914e+01  3.9935514e-11  3.99355e-11  1.36425e-14  3.99219e-11
1.385374323e+01  3.9990187e-11  3.99902e-11  1.38409e-14  3.99763e-11
1.392301195e+01  4.0045536e-11  4.00455e-11  1.40111e-14  4.00315e-11
1.399262701e+01  4.0113409e-11  4.01134e-11  1.40825e-14  4.00993e-11
1.406259015e+01  4.0226500e-11  4.02265e-11  1.38632e-14  4.02126e-11
1.413290310e+01  4.0377111e-11  4.03771e-11  1.34090e-14  4.03637e-11
1.420356761e+01  4.0534075e-11  4.05341e-11  1.29100e-14  4.05212e-11
1.427458545e+01  4.0684662e-11  4.06847e-11  1.24414e-14  4.06722e-11
1.434595838e+01  4.0803213e-11  4.08032e-11  1.21483e-14  4.07911e-11
1.441768817e+01  4.0825350e-11  4.08254e-11  1.23872e-14  4.08130e-11
1.448977661e+01  4.0846090e-11  4.08461e-11  1.26109e-14  4.08335e-11
1.456222549e+01  4.0958247e-11  4.09582e-11  1.23092e-14  4.09459e-11
1.463503662e+01  4.1159370e-11  4.11594e-11  1.15135e-14  4.11479e-11
1.470821180e+01  4.1400375e-11  4.14004e-11  1.05044e-14  4.13899e-11
1.478175286e+01  4.1592041e-11  4.15920e-11  9.76387e-15  4.15823e-11
1.485566163e+01  4.1702075e-11  4.17021e-11  9.45272e-15  4.16926e-11
1.492993994e+01  4.1796380e-11  4.17964e-11  9.21418e-15  4.17872e-11
1.500458964e+01  4.1957807e-11  4.19578e-11  8.61995e-15  4.19492e-11
1.507961258e+01  4.2147105e-11  4.21471e-11  7.88142e-15  4.21392e-11
1.515501065e+01  4.2314756e-11  4.23148e-11  7.25248e-15  4.23075e-11
1.523078570e+01  4.2419245e-11  4.24192e-11  6.93625e-15  4.24123e-11
1.530693963e+01  4.2341588e-11  4.23416e-11  7.50832e-15  4.23341e-11
1.538347433e+01  4.2244153e-11  4.22442e-11  8.14972e-15  4.22360e-11
1.546039170e+01  4.2153168e-11  4.21532e-11  8.73185e-15  4.21444e-11
1.553769366e+01  4.2107250e-11  4.21073e-11  9.07251e-15  4.20982e-11
1.561538212e+01  4.2128504e-11  4.21285e-11  9.07505e-15  4.21194e-11
1.569345903e+01  4.2165366e-11  4.21654e-11  8.99068e-15  4.21564e-11
1.577192633e+01  4.2174852e-11  4.21749e-11  9.02068e-15  4.21658e-11
1.585078596e+01  4.2166146e-11  4.21661e-11  9.11959e-15  4.21570e-11
1.593003989e+01  4.2119431e-11  4.21194e-11  9.37497e-15  4.21101e-11
1.600969009e+01  4.2030695e-11  4.20307e-11  9.80007e-15  4.20209e-11
1.608973854e+01  4.1877870e-11  4.18779e-11  1.04876e-14  4.18674e-11
1.617018723e+01  4.1471379e-11  4.14714e-11  1.22613e-14  4.14591e-11
1.625103817e+01  4.1082529e-11  4.10825e-11  1.39102e-14  4.10686e-11
1.633229336e+01  4.0609984e-11  4.06100e-11  1.58736e-14  4.05941e-11
1.641395483e+01  4.0156568e-11  4.01566e-11  1.77043e-14  4.01389e-11
1.649602460e+01  3.9828782e-11  3.98288e-11  1.89571e-14  3.98098e-11
1.657850473e+01  3.9477589e-11  3.94776e-11  2.02710e-14  3.94573e-11
1.666139725e+01  3.9322953e-11  3.93230e-11  2.07347e-14  3.93022e-11
1.674470424e+01  3.9180864e-11  3.91809e-11  2.11262e-14  3.91597e-11
1.682842776e+01  3.9096854e-11  3.90969e-11  2.12629e-14  3.90756e-11
1.691256990e+01  3.9026357e-11  3.90264e-11  2.13312e-14  3.90050e-11
1.699713274e+01  3.8977349e-11  3.89773e-11  2.13013e-14  3.89560e-11
1.708211841e+01  3.8901282e-11  3.89013e-11  2.13674e-14  3.88799e-11
1.716752900e+01  3.8818501e-11  3.88185e-11  2.14476e-14  3.87971e-11
1.725336665e+01  3.8722419e-11  3.87224e-11  2.15669e-14  3.87009e-11
1.733963348e+01  3.8632045e-11  3.86320e-11  2.16514e-14  3.86104e-11
1.742633165e+01  3.8582236e-11  3.85822e-11  2.15700e-14  3.85607e-11
1.751346330e+01  3.8613954e-11  3.86140e-11  2.11729e-14  3.85928e-11
1.760103062e+01  3.8762338e-11  3.87623e-11  2.03380e-14  3.87420e-11
1.768903577e+01  3.8930772e-11  3.89308e-11  1.94341e-14  3.89113e-11
1.777748095e+01  3.9142963e-11  3.91430e-11  1.83764e-14  3.91246e-11
1.786636836e+01  3.9231276e-11  3.92313e-11  1.77776e-14  3.92135e-11
1.795570020e+01  3.9181899e-11  3.91819e-11  1.76753e-14  3.91642e-11
1.804547870e+01  3.9016228e-11  3.90162e-11  1.79804e-14  3.89982e-11
1.813570609e+01  3.8785463e-11  3.87855e-11  1.85012e-14  3.87670e-11
1.822638462e+01  3.8577465e-11  3.85775e-11  1.89244e-14  3.85585e-11
1.831751655e+01  3.8401412e-11  3.84014e-11  1.92206e-14  3.83822e-11
1.840910413e+01  3.8316729e-11  3.83167e-11  1.91886e-14  3.82975e-11
1.850114965e+01  3.8348064e-11  3.83481e-11  1.87525e-14  3.83293e-11
1.859365540e+01  3.8459256e-11  3.84593e-11  1.80453e-14  3.84412e-11
1.868662368e+01  3.8567202e-11  3.85672e-11  1.73528e-14  3.85498e-11
1.878005679e+01  3.8653181e-11  3.86532e-11  1.67370e-14  3.86364e-11
1.887395708e+01  3.8709440e-11  3.87094e-11  1.62220e-14  3.86932e-11
1.896832686e+01  3.8651851e-11  3.86519e-11  1.60805e-14  3.86358e-11
1.906316850e+01  3.8356011e-11  3.83560e-11  1.67077e-14  3.83393e-11
1.915848434e+01  3.7843751e-11  3.78438e-11  1.80144e-14  3.78257e-11
1.925427676e+01  3.7431695e-11  3.74317e-11  1.89726e-14  3.74127e-11
1.935054815e+01  3.7075436e-11  3.70754e-11  1.97316e-14  3.70557e-11
1.944730089e+01  3.6903629e-11  3.69036e-11  1.98917e-14  3.68837e-11
1.954453739e+01  3.6833673e-11  3.68337e-11  1.97248e-14  3.68139e-11
1.964226008e+01  3.6804085e-11  3.68041e-11  1.94290e-14  3.67847e-11
1.974047138e+01  3.6821096e-11  3.68211e-11  1.89884e-14  3.68021e-11
1.983917374e+01  3.6839523e-11  3.68395e-11  1.85439e-14  3.68210e-11
1.993836960e+01  3.6902929e-11  3.69029e-11  1.79643e-14  3.68850e-11
2.003806145e+01  3.6991015e-11  3.69910e-11  1.73134e-14  3.69737e-11
2.013825176e+01  3.7088733e-11  3.70887e-11  1.66380e-14  3.70721e-11
2.023894302e+01  3.7202383e-11  3.72024e-11  1.59200e-14  3.71865e-11
2.034013773e+01  3.7339480e-11  3.73395e-11  1.51384e-14  3.73243e-11
2.044183842e+01  3.7479558e-11  3.74796e-11  1.43545e-14  3.74652e-11
2.054404761e+01  3.7607804e-11  3.76078e-11  1.36109e-14  3.75942e-11
2.064676785e+01  3.7760067e-11  3.77601e-11  1.28044e-14  3.77473e-11
2.075000169e+01  3.7898773e-11  3.78988e-11  1.20431e-14  3.78867e-11
2.085375170e+01  3.8037820e-11  3.80378e-11  1.12870e-14  3.80265e-11
2.095802046e+01  3.8140384e-11  3.81404e-11  1.06392e-14  3.81297e-11
2.106281056e+01  3.8262189e-11  3.82622e-11  9.94253e-15  3.82522e-11
2.116812461e+01  3.8355632e-11  3.83556e-11  9.32951e-15  3.83463e-11
2.127396524e+01  3.8315869e-11  3.83159e-11  9.08598e-15  3.83068e-11
2.138033506e+01  3.8141405e-11  3.81414e-11  9.20818e-15  3.81322e-11
2.148723674e+01  3.7929521e-11  3.79295e-11  9.42543e-15  3.79201e-11
2.159467292e+01  3.7724202e-11  3.77242e-11  9.61772e-15  3.77146e-11
2.170264629e+01  3.7526248e-11  3.75262e-11  9.78352e-15  3.75165e-11
2.181115952e+01  3.7282357e-11  3.72824e-11  1.00645e-14  3.72723e-11
2.192021532e+01  3.7030530e-11  3.70305e-11  1.03585e-14  3.70202e-11
2.202981639e+01  3.6808764e-11  3.68088e-11  1.05661e-14  3.67982e-11
2.213996547e+01  3.6590019e-11  3.65900e-11  1.07592e-14  3.65793e-11
2.225066530e+01  3.6397395e-11  3.63974e-11  1.08788e-14  3.63865e-11
2.236191863e+01  3.6237155e-11  3.62372e-11  1.09103e-14  3.62262e-11
2.247372822e+01  3.6115079e-11  3.61151e-11  1.08408e-14  3.61042e-11
2.258609686e+01  3.6052126e-11  3.60521e-11  1.06197e-14  3.60415e-11
2.269902735e+01  3.6032558e-11  3.60326e-11  1.02894e-14  3.60223e-11
2.281252248e+01  3.6022848e-11  3.60228e-11  9.93560e-15  3.60129e-11
2.292658510e+01  3.6026482e-11  3.60265e-11  9.55027e-15  3.60169e-11
2.304121802e+01  3.6035002e-11  3.60350e-11  9.15487e-15  3.60258e-11
2.315642411e+01  3.5998144e-11  3.59981e-11  8.87241e-15  3.59893e-11
2.327220623e+01  3.5968360e-11  3.59684e-11  8.57350e-15  3.59598e-11
2.338856726e+01  3.5881166e-11  3.58812e-11  8.41400e-15  3.58728e-11
2.350551010e+01  3.5789198e-11  3.57892e-11  8.26520e-15  3.57809e-11
2.362303765e+01  3.5717479e-11  3.57175e-11  8.06741e-15  3.57094e-11
2.374115284e+01  3.5651424e-11  3.56514e-11  7.85609e-15  3.56436e-11
2.385985860e+01  3.5621200e-11  3.56212e-11  7.56065e-15  3.56136e-11
2.397915789e+01  3.5573152e-11  3.55732e-11  7.30806e-15  3.55658e-11
2.409905368e+01  3.5488998e-11  3.54890e-11  7.14005e-15  3.54819e-11
2.421954895e+01  3.5337689e-11  3.53377e-11  7.12677e-15  3.53306e-11
2.434064670e+01  3.5203612e-11  3.52036e-11  7.07189e-15  3.51965e-11
2.446234993e+01  3.5054624e-11  3.50546e-11  7.04950e-15  3.50476e-11
2.458466168e+01  3.4961812e-11  3.49618e-11  6.89797e-15  3.49549e-11
2.470758499e+01  3.4813117e-11  3.48131e-11  6.87210e-15  3.48062e-11
2.483112291e+01  3.4649071e-11  3.46491e-11  6.87895e-15  3.46422e-11
2.495527853e+01  3.4461615e-11  3.44616e-11  6.93593e-15  3.44547e-11
