# ------------------------------------------------------------------------
# Radiance spectrum
# NASA-GSFC Planetary Spectrum Generator (PSG) (Villanueva et al. 2018, 2022)
# Synthesized on Wed Feb 14 18:51:04 2024
# Doppler velocities [km/s] (vobs,vrot+vorb,vwidth,vrfl,vstr): 0.00000,-0.00000,0.00000,-119.41115,-0.00000
# Spectral unit: Wavelength [um]
# Radiance unit: Spectral irradiance [W/m2/um]
# Wave/freq Total Object Reflected Thermal
5.000000000e-01  1.9905565e-12  1.99056e-12  1.99056e-12  1.51549e-46
5.025000000e-01  1.9974469e-12  1.99745e-12  1.99745e-12  2.39657e-46
5.050125000e-01  1.9985775e-12  1.99858e-12  1.99858e-12  3.78464e-46
5.075375625e-01  2.0519990e-12  2.05200e-12  2.05200e-12  5.90815e-46
5.100752503e-01  2.1056339e-12  2.10563e-12  2.10563e-12  9.20206e-46
5.126256266e-01  2.1388148e-12  2.13881e-12  2.13881e-12  1.43512e-45
5.151887547e-01  2.1720234e-12  2.17202e-12  2.17202e-12  2.23307e-45
5.177646985e-01  2.2017840e-12  2.20178e-12  2.20178e-12  3.46889e-45
5.203535220e-01  2.2315708e-12  2.23157e-12  2.23157e-12  5.37647e-45
5.229552896e-01  2.2604738e-12  2.26047e-12  2.26047e-12  8.31555e-45
5.255700660e-01  2.2889585e-12  2.28896e-12  2.28896e-12  1.28334e-44
5.281979164e-01  2.3152523e-12  2.31525e-12  2.31525e-12  1.97689e-44
5.308389059e-01  2.3412298e-12  2.34123e-12  2.34123e-12  3.03864e-44
5.334931005e-01  2.3666228e-12  2.36662e-12  2.36662e-12  4.66073e-44
5.361605660e-01  2.3914972e-12  2.39150e-12  2.39150e-12  7.13354e-44
5.388413688e-01  2.4154899e-12  2.41549e-12  2.41549e-12  1.08959e-43
5.415355756e-01  2.4371800e-12  2.43718e-12  2.43718e-12  1.66123e-43
5.442432535e-01  2.4569471e-12  2.45695e-12  2.45695e-12  2.52800e-43
5.469644698e-01  2.4799703e-12  2.47997e-12  2.47997e-12  3.83670e-43
5.496992921e-01  2.5041828e-12  2.50418e-12  2.50418e-12  5.80922e-43
5.524477886e-01  2.5284398e-12  2.52844e-12  2.52844e-12  8.77692e-43
5.552100275e-01  2.5526485e-12  2.55265e-12  2.55265e-12  1.32324e-42
5.579860777e-01  2.5783585e-12  2.57836e-12  2.57836e-12  1.99028e-42
5.607760081e-01  2.6032984e-12  2.60330e-12  2.60330e-12  2.98759e-42
5.635798881e-01  2.6264267e-12  2.62643e-12  2.62643e-12  4.47641e-42
5.663977875e-01  2.6493826e-12  2.64938e-12  2.64938e-12  6.69325e-42
5.692297765e-01  2.6721600e-12  2.67216e-12  2.67216e-12  9.98730e-42
5.720759254e-01  2.6927622e-12  2.69276e-12  2.69276e-12  1.48763e-41
5.749363050e-01  2.7126689e-12  2.71267e-12  2.71267e-12  2.21148e-41
5.778109865e-01  2.7325372e-12  2.73254e-12  2.73254e-12  3.28077e-41
5.807000414e-01  2.7523659e-12  2.75237e-12  2.75237e-12  4.85711e-41
5.836035417e-01  2.7723482e-12  2.77235e-12  2.77235e-12  7.17598e-41
5.865215594e-01  2.7924865e-12  2.79249e-12  2.79249e-12  1.05801e-40
5.894541672e-01  2.8127831e-12  2.81278e-12  2.81278e-12  1.55672e-40
5.924014380e-01  2.8347304e-12  2.83473e-12  2.83473e-12  2.28535e-40
5.953634452e-01  2.8566593e-12  2.85666e-12  2.85666e-12  3.34831e-40
5.983402624e-01  2.8762550e-12  2.87625e-12  2.87625e-12  4.89748e-40
6.013319637e-01  2.8970147e-12  2.89701e-12  2.89701e-12  7.14804e-40
6.043386235e-01  2.9195696e-12  2.91957e-12  2.91957e-12  1.04096e-39
6.073603167e-01  2.9413908e-12  2.94139e-12  2.94139e-12  1.51312e-39
6.103971182e-01  2.9632878e-12  2.96329e-12  2.96329e-12  2.19512e-39
6.134491038e-01  2.9861925e-12  2.98619e-12  2.98619e-12  3.17788e-39
6.165163494e-01  3.0106415e-12  3.01064e-12  3.01064e-12  4.59076e-39
6.195989311e-01  3.0367631e-12  3.03676e-12  3.03676e-12  6.61758e-39
6.226969258e-01  3.0590018e-12  3.05900e-12  3.05900e-12  9.52593e-39
6.258104104e-01  3.0814209e-12  3.08142e-12  3.08142e-12  1.36860e-38
6.289394624e-01  3.1064693e-12  3.10647e-12  3.10647e-12  1.96186e-38
6.320841597e-01  3.1306565e-12  3.13066e-12  3.13066e-12  2.80730e-38
6.352445805e-01  3.1541820e-12  3.15418e-12  3.15418e-12  4.00989e-38
6.384208035e-01  3.1736852e-12  3.17369e-12  3.17369e-12  5.71993e-38
6.416129075e-01  3.1943161e-12  3.19432e-12  3.19432e-12  8.14282e-38
6.448209720e-01  3.2160904e-12  3.21609e-12  3.21609e-12  1.15688e-37
6.480450769e-01  3.2306953e-12  3.23070e-12  3.23070e-12  1.64211e-37
6.512853022e-01  3.2452963e-12  3.24530e-12  3.24530e-12  2.32656e-37
6.545417288e-01  3.2607792e-12  3.26078e-12  3.26078e-12  3.28988e-37
6.578144374e-01  3.2830431e-12  3.28304e-12  3.28304e-12  4.63956e-37
6.611035096e-01  3.3050380e-12  3.30504e-12  3.30504e-12  6.53134e-37
6.644090271e-01  3.3241826e-12  3.32418e-12  3.32418e-12  9.18125e-37
6.677310723e-01  3.3359410e-12  3.33594e-12  3.33594e-12  1.28952e-36
6.710697276e-01  3.3479025e-12  3.34790e-12  3.34790e-12  1.80785e-36
6.744250763e-01  3.3642666e-12  3.36427e-12  3.36427e-12  2.52860e-36
6.777972017e-01  3.3838343e-12  3.38383e-12  3.38383e-12  3.52904e-36
6.811861877e-01  3.4027577e-12  3.40276e-12  3.40276e-12  4.91703e-36
6.845921186e-01  3.4195381e-12  3.41954e-12  3.41954e-12  6.84074e-36
6.880150792e-01  3.4346119e-12  3.43461e-12  3.43461e-12  9.50249e-36
6.914551546e-01  3.4492318e-12  3.44923e-12  3.44923e-12  1.31777e-35
6.949124304e-01  3.4637414e-12  3.46374e-12  3.46374e-12  1.82431e-35
6.983869925e-01  3.4823270e-12  3.48233e-12  3.48233e-12  2.51994e-35
7.018789275e-01  3.4997790e-12  3.49978e-12  3.49978e-12  3.47536e-35
7.053883221e-01  3.5153833e-12  3.51538e-12  3.51538e-12  4.78594e-35
7.089152637e-01  3.5250124e-12  3.52501e-12  3.52501e-12  6.58437e-35
7.124598400e-01  3.5347368e-12  3.53474e-12  3.53474e-12  9.04318e-35
7.160221392e-01  3.5464493e-12  3.54645e-12  3.54645e-12  1.23963e-34
7.196022499e-01  3.5631310e-12  3.56313e-12  3.56313e-12  1.69542e-34
7.232002612e-01  3.5624875e-12  3.56249e-12  3.56249e-12  2.31977e-34
7.268162625e-01  3.5647497e-12  3.56475e-12  3.56475e-12  3.16765e-34
7.304503438e-01  3.5717367e-12  3.57174e-12  3.57174e-12  4.31584e-34
7.341025955e-01  3.5748654e-12  3.57487e-12  3.57487e-12  5.87327e-34
7.377731085e-01  3.5751894e-12  3.57519e-12  3.57519e-12  7.98228e-34
7.414619740e-01  3.5743763e-12  3.57438e-12  3.57438e-12  1.08324e-33
7.451692839e-01  3.5731457e-12  3.57315e-12  3.57315e-12  1.46770e-33
7.488951303e-01  3.5648478e-12  3.56485e-12  3.56485e-12  1.98705e-33
7.526396060e-01  3.5536812e-12  3.55368e-12  3.55368e-12  2.68674e-33
7.564028040e-01  3.5389045e-12  3.53890e-12  3.53890e-12  3.62849e-33
7.601848180e-01  3.5198929e-12  3.51989e-12  3.51989e-12  4.89489e-33
7.639857421e-01  3.4968718e-12  3.49687e-12  3.49687e-12  6.59577e-33
7.678056708e-01  3.4689707e-12  3.46897e-12  3.46897e-12  8.87848e-33
7.716446992e-01  3.4359262e-12  3.43593e-12  3.43593e-12  1.19392e-32
7.755029227e-01  3.3980884e-12  3.39809e-12  3.39809e-12  1.60382e-32
7.793804373e-01  3.3578995e-12  3.35790e-12  3.35790e-12  2.15160e-32
7.832773395e-01  3.3101928e-12  3.31019e-12  3.31019e-12  2.88434e-32
7.871937262e-01  3.2588876e-12  3.25889e-12  3.25889e-12  3.86203e-32
7.911296948e-01  3.2050913e-12  3.20509e-12  3.20509e-12  5.16438e-32
7.950853433e-01  3.1488072e-12  3.14881e-12  3.14881e-12  6.89693e-32
7.990607700e-01  3.0907815e-12  3.09078e-12  3.09078e-12  9.19804e-32
8.030560739e-01  3.0160322e-12  3.01603e-12  3.01603e-12  1.22697e-31
8.070713542e-01  2.9390253e-12  2.93903e-12  2.93903e-12  1.63452e-31
8.111067110e-01  2.8652344e-12  2.86523e-12  2.86523e-12  2.17329e-31
8.151622446e-01  2.7928232e-12  2.79282e-12  2.79282e-12  2.88475e-31
8.192380558e-01  2.7177068e-12  2.71771e-12  2.71771e-12  3.82429e-31
8.233342461e-01  2.6361582e-12  2.63616e-12  2.63616e-12  5.06537e-31
8.274509173e-01  2.5579003e-12  2.55790e-12  2.55790e-12  6.69670e-31
8.315881719e-01  2.4823351e-12  2.48234e-12  2.48234e-12  8.83758e-31
8.357461127e-01  2.4063647e-12  2.40636e-12  2.40636e-12  1.16458e-30
8.399248433e-01  2.3335026e-12  2.33350e-12  2.33350e-12  1.53188e-30
8.441244675e-01  2.2597707e-12  2.25977e-12  2.25977e-12  2.01221e-30
8.483450899e-01  2.1905608e-12  2.19056e-12  2.19056e-12  2.63812e-30
8.525868153e-01  2.1230169e-12  2.12302e-12  2.12302e-12  3.45313e-30
8.568497494e-01  2.0557787e-12  2.05578e-12  2.05578e-12  4.51329e-30
8.611339981e-01  1.9909891e-12  1.99099e-12  1.99099e-12  5.88910e-30
8.654396681e-01  1.9339240e-12  1.93392e-12  1.93392e-12  7.66780e-30
8.697668665e-01  1.8824720e-12  1.88247e-12  1.88247e-12  9.96446e-30
8.741157008e-01  1.8312596e-12  1.83126e-12  1.83126e-12  1.29307e-29
8.784862793e-01  1.7890685e-12  1.78907e-12  1.78907e-12  1.67428e-29
8.828787107e-01  1.7480152e-12  1.74802e-12  1.74802e-12  2.16468e-29
8.872931042e-01  1.7082335e-12  1.70823e-12  1.70823e-12  2.79460e-29
8.917295698e-01  1.6748681e-12  1.67487e-12  1.67487e-12  3.60082e-29
8.961882176e-01  1.6482996e-12  1.64830e-12  1.64830e-12  4.63054e-29
9.006691587e-01  1.6216418e-12  1.62164e-12  1.62164e-12  5.94687e-29
9.051725045e-01  1.6036647e-12  1.60366e-12  1.60366e-12  7.62126e-29
9.096983670e-01  1.5901092e-12  1.59011e-12  1.59011e-12  9.75035e-29
9.142468589e-01  1.5823502e-12  1.58235e-12  1.58235e-12  1.24514e-28
9.188180931e-01  1.5793820e-12  1.57938e-12  1.57938e-12  1.58731e-28
9.234121836e-01  1.5775743e-12  1.57757e-12  1.57757e-12  2.02068e-28
9.280292445e-01  1.5804239e-12  1.58042e-12  1.58042e-12  2.56799e-28
9.326693908e-01  1.5895458e-12  1.58955e-12  1.58955e-12  3.25749e-28
9.373327377e-01  1.6055509e-12  1.60555e-12  1.60555e-12  4.12425e-28
9.420194014e-01  1.6268020e-12  1.62680e-12  1.62680e-12  5.21250e-28
9.467294984e-01  1.6524121e-12  1.65241e-12  1.65241e-12  6.57692e-28
9.514631459e-01  1.6872210e-12  1.68722e-12  1.68722e-12  8.28093e-28
9.562204616e-01  1.7298317e-12  1.72983e-12  1.72983e-12  1.04057e-27
9.610015639e-01  1.7712715e-12  1.77127e-12  1.77127e-12  1.30605e-27
9.658065718e-01  1.8220859e-12  1.82209e-12  1.82209e-12  1.63576e-27
9.706356046e-01  1.8782711e-12  1.87827e-12  1.87827e-12  2.04508e-27
9.754887826e-01  1.9478497e-12  1.94785e-12  1.94785e-12  2.55030e-27
9.803662265e-01  2.0171600e-12  2.01716e-12  2.01716e-12  3.17636e-27
9.852680577e-01  2.0933564e-12  2.09336e-12  2.09336e-12  3.94840e-27
9.901943980e-01  2.1730703e-12  2.17307e-12  2.17307e-12  4.90011e-27
9.951453700e-01  2.2628052e-12  2.26281e-12  2.26281e-12  6.06734e-27
1.000121097e+00  2.3462657e-12  2.34627e-12  2.34627e-12  7.50755e-27
1.005121702e+00  2.4450876e-12  2.44509e-12  2.44509e-12  9.26319e-27
1.010147311e+00  2.5429956e-12  2.54300e-12  2.54300e-12  1.14153e-26
1.015198047e+00  2.6404682e-12  2.64047e-12  2.64047e-12  1.40496e-26
1.020274038e+00  2.7316222e-12  2.73162e-12  2.73162e-12  1.72805e-26
1.025375408e+00  2.8270948e-12  2.82709e-12  2.82709e-12  2.12169e-26
1.030502285e+00  2.9152711e-12  2.91527e-12  2.91527e-12  2.60363e-26
1.035654796e+00  3.0028659e-12  3.00287e-12  3.00287e-12  3.19112e-26
1.040833070e+00  3.0845250e-12  3.08453e-12  3.08453e-12  3.90869e-26
1.046037236e+00  3.1609949e-12  3.16099e-12  3.16099e-12  4.78428e-26
1.051267422e+00  3.2303565e-12  3.23036e-12  3.23036e-12  5.85332e-26
1.056523759e+00  3.2955375e-12  3.29554e-12  3.29554e-12  7.15577e-26
1.061806378e+00  3.3541418e-12  3.35414e-12  3.35414e-12  8.74388e-26
1.067115410e+00  3.4055984e-12  3.40560e-12  3.40560e-12  1.06804e-25
1.072450987e+00  3.4511430e-12  3.45114e-12  3.45114e-12  1.30391e-25
1.077813242e+00  3.4926021e-12  3.49260e-12  3.49260e-12  1.59077e-25
1.083202308e+00  3.5278443e-12  3.52784e-12  3.52784e-12  1.93991e-25
1.088618319e+00  3.5619123e-12  3.56191e-12  3.56191e-12  2.36328e-25
1.094061411e+00  3.5870767e-12  3.58708e-12  3.58708e-12  2.87882e-25
1.099531718e+00  3.6108710e-12  3.61087e-12  3.61087e-12  3.50346e-25
1.105029377e+00  3.6373259e-12  3.63733e-12  3.63733e-12  4.25746e-25
1.110554523e+00  3.6518917e-12  3.65189e-12  3.65189e-12  5.17548e-25
1.116107296e+00  3.6639591e-12  3.66396e-12  3.66396e-12  6.28646e-25
1.121687832e+00  3.6781278e-12  3.67813e-12  3.67813e-12  7.62561e-25
1.127296272e+00  3.6851195e-12  3.68512e-12  3.68512e-12  9.24820e-25
1.132932753e+00  3.6944575e-12  3.69446e-12  3.69446e-12  1.12007e-24
1.138597417e+00  3.7048391e-12  3.70484e-12  3.70484e-12  1.35490e-24
1.144290404e+00  3.7093934e-12  3.70939e-12  3.70939e-12  1.63842e-24
1.150011856e+00  3.7049191e-12  3.70492e-12  3.70492e-12  1.98144e-24
1.155761915e+00  3.7142725e-12  3.71427e-12  3.71427e-12  2.38956e-24
1.161540725e+00  3.7176174e-12  3.71762e-12  3.71762e-12  2.88092e-24
1.167348428e+00  3.7176483e-12  3.71765e-12  3.71765e-12  3.47116e-24
1.173185171e+00  3.7198965e-12  3.71990e-12  3.71990e-12  4.17682e-24
1.179051096e+00  3.7220557e-12  3.72206e-12  3.72206e-12  5.02079e-24
1.184946352e+00  3.7170595e-12  3.71706e-12  3.71706e-12  6.03472e-24
1.190871084e+00  3.7150850e-12  3.71509e-12  3.71509e-12  7.24319e-24
1.196825439e+00  3.7096478e-12  3.70965e-12  3.70965e-12  8.68881e-24
1.202809566e+00  3.7037161e-12  3.70372e-12  3.70372e-12  1.04132e-23
1.208823614e+00  3.7001089e-12  3.70011e-12  3.70011e-12  1.24634e-23
1.214867732e+00  3.6957747e-12  3.69577e-12  3.69577e-12  1.49039e-23
1.220942071e+00  3.6918389e-12  3.69184e-12  3.69184e-12  1.78037e-23
1.227046781e+00  3.6881862e-12  3.68819e-12  3.68819e-12  2.12458e-23
1.233182015e+00  3.6835916e-12  3.68359e-12  3.68359e-12  2.53318e-23
1.239347925e+00  3.6791717e-12  3.67917e-12  3.67917e-12  3.01734e-23
1.245544665e+00  3.6747041e-12  3.67470e-12  3.67470e-12  3.59056e-23
1.251772388e+00  3.6685397e-12  3.66854e-12  3.66854e-12  4.26954e-23
1.258031250e+00  3.6604770e-12  3.66048e-12  3.66048e-12  5.07335e-23
1.264321406e+00  3.6546860e-12  3.65469e-12  3.65469e-12  6.02087e-23
1.270643013e+00  3.6471167e-12  3.64712e-12  3.64712e-12  7.14030e-23
1.276996228e+00  3.6376801e-12  3.63768e-12  3.63768e-12  8.46204e-23
1.283381209e+00  3.6290977e-12  3.62910e-12  3.62910e-12  1.00179e-22
1.289798116e+00  3.6200691e-12  3.62007e-12  3.62007e-12  1.18494e-22
1.296247106e+00  3.6115648e-12  3.61156e-12  3.61156e-12  1.40017e-22
1.302728342e+00  3.6033658e-12  3.60337e-12  3.60337e-12  1.65289e-22
1.309241983e+00  3.5957885e-12  3.59579e-12  3.59579e-12  1.94926e-22
1.315788193e+00  3.5893561e-12  3.58936e-12  3.58936e-12  2.29628e-22
1.322367134e+00  3.5823661e-12  3.58237e-12  3.58237e-12  2.70283e-22
1.328978970e+00  3.5745093e-12  3.57451e-12  3.57451e-12  3.17885e-22
1.335623865e+00  3.5644341e-12  3.56443e-12  3.56443e-12  3.73653e-22
1.342301984e+00  3.5514365e-12  3.55144e-12  3.55144e-12  4.38998e-22
1.349013494e+00  3.5364879e-12  3.53649e-12  3.53649e-12  5.15458e-22
1.355758561e+00  3.5190953e-12  3.51910e-12  3.51910e-12  6.04918e-22
1.362537354e+00  3.5042392e-12  3.50424e-12  3.50424e-12  7.09019e-22
1.369350041e+00  3.4901443e-12  3.49014e-12  3.49014e-12  8.30217e-22
1.376196791e+00  3.4716896e-12  3.47169e-12  3.47169e-12  9.71915e-22
1.383077775e+00  3.4561611e-12  3.45616e-12  3.45616e-12  1.13632e-21
1.389993164e+00  3.4415970e-12  3.44160e-12  3.44160e-12  1.32721e-21
1.396943130e+00  3.4223319e-12  3.42233e-12  3.42233e-12  1.54994e-21
1.403927846e+00  3.4050632e-12  3.40506e-12  3.40506e-12  1.80797e-21
1.410947485e+00  3.3842612e-12  3.38426e-12  3.38426e-12  2.10829e-21
1.418002222e+00  3.3614687e-12  3.36147e-12  3.36147e-12  2.45720e-21
1.425092233e+00  3.3380041e-12  3.33800e-12  3.33800e-12  2.86177e-21
1.432217694e+00  3.3105199e-12  3.31052e-12  3.31052e-12  3.33225e-21
1.439378783e+00  3.2869408e-12  3.28694e-12  3.28694e-12  3.87460e-21
1.446575677e+00  3.2671197e-12  3.26712e-12  3.26712e-12  4.49896e-21
1.453808555e+00  3.2367773e-12  3.23678e-12  3.23678e-12  5.22814e-21
1.461077598e+00  3.2080909e-12  3.20809e-12  3.20809e-12  6.06910e-21
1.468382986e+00  3.1807516e-12  3.18075e-12  3.18075e-12  7.03825e-21
1.475724901e+00  3.1474378e-12  3.14744e-12  3.14744e-12  8.16324e-21
1.483103525e+00  3.1169440e-12  3.11694e-12  3.11694e-12  9.45650e-21
1.490519043e+00  3.0804722e-12  3.08047e-12  3.08047e-12  1.09562e-20
1.497971638e+00  3.0492020e-12  3.04920e-12  3.04920e-12  1.26738e-20
1.505461496e+00  3.0144785e-12  3.01448e-12  3.01448e-12  1.46571e-20
1.512988804e+00  2.9783269e-12  2.97833e-12  2.97833e-12  1.69416e-20
1.520553748e+00  2.9401180e-12  2.94012e-12  2.94012e-12  1.95735e-20
1.528156517e+00  2.9040714e-12  2.90407e-12  2.90407e-12  2.25897e-20
1.535797299e+00  2.8631270e-12  2.86313e-12  2.86313e-12  2.60709e-20
1.543476286e+00  2.8261104e-12  2.82611e-12  2.82611e-12  3.00478e-20
1.551193667e+00  2.7838051e-12  2.78381e-12  2.78381e-12  3.46342e-20
1.558949636e+00  2.7448661e-12  2.74487e-12  2.74487e-12  3.98703e-20
1.566744384e+00  2.6989961e-12  2.69900e-12  2.69900e-12  4.59142e-20
1.574578106e+00  2.6625549e-12  2.66255e-12  2.66255e-12  5.27577e-20
1.582450996e+00  2.6227410e-12  2.62274e-12  2.62274e-12  6.06093e-20
1.590363251e+00  2.5807724e-12  2.58077e-12  2.58077e-12  6.96029e-20
1.598315067e+00  2.5427338e-12  2.54273e-12  2.54273e-12  7.98244e-20
1.606306643e+00  2.4906133e-12  2.49061e-12  2.49061e-12  9.16849e-20
1.614338176e+00  2.4517390e-12  2.45174e-12  2.45174e-12  1.05014e-19
1.622409867e+00  2.4118175e-12  2.41182e-12  2.41182e-12  1.20216e-19
1.630521916e+00  2.3688673e-12  2.36887e-12  2.36887e-12  1.37588e-19
1.638674526e+00  2.3279666e-12  2.32797e-12  2.32797e-12  1.57311e-19
1.646867898e+00  2.2824531e-12  2.28245e-12  2.28245e-12  1.79867e-19
1.655102238e+00  2.2451792e-12  2.24518e-12  2.24518e-12  2.05248e-19
1.663377749e+00  2.2074076e-12  2.20741e-12  2.20741e-12  2.34070e-19
1.671694638e+00  2.1650805e-12  2.16508e-12  2.16508e-12  2.66950e-19
1.680053111e+00  2.1303401e-12  2.13034e-12  2.13034e-12  3.03877e-19
1.688453377e+00  2.0911553e-12  2.09116e-12  2.09115e-12  3.45924e-19
1.696895643e+00  2.0502736e-12  2.05027e-12  2.05027e-12  3.93632e-19
1.705380122e+00  2.0162771e-12  2.01628e-12  2.01628e-12  4.47132e-19
1.713907022e+00  1.9870775e-12  1.98708e-12  1.98708e-12  5.07179e-19
1.722476557e+00  1.9435566e-12  1.94356e-12  1.94356e-12  5.76226e-19
1.731088940e+00  1.9055478e-12  1.90555e-12  1.90555e-12  6.53672e-19
1.739744385e+00  1.8742645e-12  1.87426e-12  1.87426e-12  7.40247e-19
1.748443107e+00  1.8433839e-12  1.84338e-12  1.84338e-12  8.37691e-19
1.757185322e+00  1.8125826e-12  1.81258e-12  1.81258e-12  9.47338e-19
1.765971249e+00  1.7760367e-12  1.77604e-12  1.77604e-12  1.07164e-18
1.774801105e+00  1.7528971e-12  1.75290e-12  1.75290e-12  1.20887e-18
1.783675111e+00  1.7234475e-12  1.72345e-12  1.72345e-12  1.36418e-18
1.792593486e+00  1.6946261e-12  1.69463e-12  1.69462e-12  1.53833e-18
1.801556454e+00  1.6673624e-12  1.66736e-12  1.66736e-12  1.73317e-18
1.810564236e+00  1.6415562e-12  1.64156e-12  1.64155e-12  1.95100e-18
1.819617057e+00  1.6229705e-12  1.62297e-12  1.62297e-12  2.19225e-18
1.828715142e+00  1.5990618e-12  1.59906e-12  1.59906e-12  2.46393e-18
1.837858718e+00  1.5818172e-12  1.58182e-12  1.58181e-12  2.76452e-18
1.847048012e+00  1.5600591e-12  1.56006e-12  1.56006e-12  3.10218e-18
1.856283252e+00  1.5423069e-12  1.54231e-12  1.54230e-12  3.47661e-18
1.865564668e+00  1.5247482e-12  1.52475e-12  1.52474e-12  3.89370e-18
1.874892491e+00  1.5131890e-12  1.51319e-12  1.51318e-12  4.35376e-18
1.884266954e+00  1.4998279e-12  1.49983e-12  1.49982e-12  4.86665e-18
1.893688289e+00  1.4881561e-12  1.48816e-12  1.48815e-12  5.43506e-18
1.903156730e+00  1.4760974e-12  1.47610e-12  1.47609e-12  6.06654e-18
1.912672514e+00  1.4654044e-12  1.46540e-12  1.46540e-12  6.76567e-18
1.922235876e+00  1.4567764e-12  1.45678e-12  1.45677e-12  7.53809e-18
1.931847056e+00  1.4483101e-12  1.44831e-12  1.44830e-12  8.39333e-18
1.941506291e+00  1.4427867e-12  1.44279e-12  1.44278e-12  9.33512e-18
1.951213822e+00  1.4402241e-12  1.44022e-12  1.44021e-12  1.03708e-17
1.960969892e+00  1.4419077e-12  1.44191e-12  1.44190e-12  1.15056e-17
1.970774741e+00  1.4406821e-12  1.44068e-12  1.44067e-12  1.27634e-17
1.980628615e+00  1.4402908e-12  1.44029e-12  1.44028e-12  1.41478e-17
1.990531758e+00  1.4405102e-12  1.44051e-12  1.44049e-12  1.56710e-17
2.000484417e+00  1.4436667e-12  1.44367e-12  1.44365e-12  1.73383e-17
2.010486839e+00  1.4475174e-12  1.44752e-12  1.44750e-12  1.91686e-17
2.020539273e+00  1.4519801e-12  1.45198e-12  1.45196e-12  2.11767e-17
2.030641969e+00  1.4619014e-12  1.46190e-12  1.46188e-12  2.33566e-17
2.040795179e+00  1.4678543e-12  1.46785e-12  1.46783e-12  2.57642e-17
2.050999155e+00  1.4769755e-12  1.47698e-12  1.47695e-12  2.83850e-17
2.061254151e+00  1.4856934e-12  1.48569e-12  1.48566e-12  3.12553e-17
2.071560421e+00  1.4928289e-12  1.49283e-12  1.49279e-12  3.44052e-17
2.081918224e+00  1.5025287e-12  1.50253e-12  1.50249e-12  3.78299e-17
2.092327815e+00  1.5172102e-12  1.51721e-12  1.51717e-12  4.15280e-17
2.102789454e+00  1.5276095e-12  1.52761e-12  1.52756e-12  4.55979e-17
2.113303401e+00  1.5377820e-12  1.53778e-12  1.53773e-12  5.00379e-17
2.123869918e+00  1.5514247e-12  1.55142e-12  1.55137e-12  5.48367e-17
2.134489268e+00  1.5638464e-12  1.56385e-12  1.56379e-12  6.00729e-17
2.145161714e+00  1.5819227e-12  1.58192e-12  1.58186e-12  6.56888e-17
2.155887523e+00  1.5994793e-12  1.59948e-12  1.59941e-12  7.17907e-17
2.166666960e+00  1.6082670e-12  1.60827e-12  1.60819e-12  7.85579e-17
2.177500295e+00  1.6196769e-12  1.61968e-12  1.61959e-12  8.58612e-17
2.188387796e+00  1.6301631e-12  1.63016e-12  1.63007e-12  9.38046e-17
2.199329735e+00  1.6413231e-12  1.64132e-12  1.64122e-12  1.02405e-16
2.210326384e+00  1.6554983e-12  1.65550e-12  1.65539e-12  1.11647e-16
2.221378016e+00  1.6660805e-12  1.66608e-12  1.66596e-12  1.21748e-16
2.232484906e+00  1.6749870e-12  1.67499e-12  1.67485e-12  1.32734e-16
2.243647331e+00  1.6794045e-12  1.67940e-12  1.67926e-12  1.44776e-16
2.254865567e+00  1.6913678e-12  1.69137e-12  1.69121e-12  1.57537e-16
2.266139895e+00  1.6999086e-12  1.69991e-12  1.69974e-12  1.71458e-16
2.277470595e+00  1.7011446e-12  1.70114e-12  1.70096e-12  1.86831e-16
2.288857948e+00  1.7069286e-12  1.70693e-12  1.70673e-12  2.03241e-16
2.300302237e+00  1.7106370e-12  1.71064e-12  1.71042e-12  2.21079e-16
2.311803748e+00  1.7178858e-12  1.71789e-12  1.71765e-12  2.40132e-16
2.323362767e+00  1.7170175e-12  1.71702e-12  1.71676e-12  2.61214e-16
2.334979581e+00  1.7191393e-12  1.71914e-12  1.71886e-12  2.83775e-16
2.346654479e+00  1.7237434e-12  1.72374e-12  1.72344e-12  3.07917e-16
2.358387751e+00  1.7192639e-12  1.71926e-12  1.71893e-12  3.34720e-16
2.370179690e+00  1.7202894e-12  1.72029e-12  1.71993e-12  3.63140e-16
2.382030589e+00  1.7193906e-12  1.71939e-12  1.71900e-12  3.93962e-16
2.393940742e+00  1.7174197e-12  1.71742e-12  1.71699e-12  4.27298e-16
2.405910445e+00  1.7184362e-12  1.71844e-12  1.71797e-12  4.62836e-16
2.417939997e+00  1.7178866e-12  1.71789e-12  1.71739e-12  5.01278e-16
2.430029697e+00  1.7135194e-12  1.71352e-12  1.71298e-12  5.43205e-16
2.442179846e+00  1.7098956e-12  1.70990e-12  1.70931e-12  5.88220e-16
2.454390745e+00  1.7099313e-12  1.70993e-12  1.70930e-12  6.35985e-16
2.466662699e+00  1.7062716e-12  1.70627e-12  1.70558e-12  6.87997e-16
2.478996012e+00  1.7006973e-12  1.70070e-12  1.69995e-12  7.44303e-16
2.491390992e+00  1.6944278e-12  1.69443e-12  1.69362e-12  8.04988e-16
2.503847947e+00  1.6878347e-12  1.68783e-12  1.68696e-12  8.70286e-16
2.516367187e+00  1.6798643e-12  1.67986e-12  1.67892e-12  9.40816e-16
2.528949023e+00  1.6714497e-12  1.67145e-12  1.67043e-12  1.01672e-15
2.541593768e+00  1.6636478e-12  1.66365e-12  1.66255e-12  1.09804e-15
2.554301737e+00  1.6571387e-12  1.65714e-12  1.65595e-12  1.18485e-15
2.567073246e+00  1.6497355e-12  1.64974e-12  1.64846e-12  1.27828e-15
2.579908612e+00  1.6426281e-12  1.64263e-12  1.64125e-12  1.37831e-15
2.592808155e+00  1.6347949e-12  1.63479e-12  1.63331e-12  1.48583e-15
2.605772196e+00  1.6258203e-12  1.62582e-12  1.62422e-12  1.60159e-15
2.618801057e+00  1.6165890e-12  1.61659e-12  1.61486e-12  1.72574e-15
2.631895062e+00  1.6069185e-12  1.60692e-12  1.60506e-12  1.85896e-15
2.645054537e+00  1.5970553e-12  1.59706e-12  1.59505e-12  2.00172e-15
2.658279810e+00  1.5871920e-12  1.58719e-12  1.58504e-12  2.15451e-15
2.671571209e+00  1.5765892e-12  1.57659e-12  1.57427e-12  2.31854e-15
2.684929065e+00  1.5626903e-12  1.56269e-12  1.56019e-12  2.49671e-15
2.698353710e+00  1.5426486e-12  1.54265e-12  1.53996e-12  2.69296e-15
2.711845479e+00  1.5161048e-12  1.51610e-12  1.51320e-12  2.90980e-15
2.725404706e+00  1.4944062e-12  1.49441e-12  1.49127e-12  3.13792e-15
2.739031730e+00  1.4709781e-12  1.47098e-12  1.46759e-12  3.38463e-15
2.752726889e+00  1.4456426e-12  1.44564e-12  1.44199e-12  3.65176e-15
2.766490523e+00  1.4224938e-12  1.42249e-12  1.41856e-12  3.93570e-15
2.780322976e+00  1.4000048e-12  1.40000e-12  1.39577e-12  4.23926e-15
2.794224591e+00  1.3786429e-12  1.37864e-12  1.37408e-12  4.56290e-15
2.808195713e+00  1.3588185e-12  1.35882e-12  1.35391e-12  4.90695e-15
2.822236692e+00  1.3405023e-12  1.34050e-12  1.33523e-12  5.27237e-15
2.836347875e+00  1.3233266e-12  1.32333e-12  1.31767e-12  5.66079e-15
2.850529615e+00  1.3063881e-12  1.30639e-12  1.30031e-12  6.07517e-15
2.864782263e+00  1.2897698e-12  1.28977e-12  1.28325e-12  6.51687e-15
2.879106174e+00  1.2755802e-12  1.27558e-12  1.26860e-12  6.98233e-15
2.893501705e+00  1.2616740e-12  1.26167e-12  1.25420e-12  7.47764e-15
2.907969214e+00  1.2482125e-12  1.24821e-12  1.24021e-12  8.00399e-15
2.922509060e+00  1.2347859e-12  1.23479e-12  1.22622e-12  8.56427e-15
2.937121605e+00  1.2219599e-12  1.22196e-12  1.21280e-12  9.15862e-15
2.951807213e+00  1.2098849e-12  1.20988e-12  1.20010e-12  9.78816e-15
2.966566249e+00  1.1983111e-12  1.19831e-12  1.18786e-12  1.04554e-14
2.981399080e+00  1.1908766e-12  1.19088e-12  1.17973e-12  1.11475e-14
2.996306076e+00  1.1856998e-12  1.18570e-12  1.17383e-12  1.18712e-14
3.011287606e+00  1.1809572e-12  1.18096e-12  1.16832e-12  1.26351e-14
3.026344044e+00  1.1749963e-12  1.17500e-12  1.16155e-12  1.34493e-14
3.041475764e+00  1.1700519e-12  1.17005e-12  1.15575e-12  1.43052e-14
3.056683143e+00  1.1648231e-12  1.16482e-12  1.14961e-12  1.52116e-14
3.071966559e+00  1.1598440e-12  1.15984e-12  1.14368e-12  1.61680e-14
3.087326392e+00  1.1551127e-12  1.15511e-12  1.13794e-12  1.71767e-14
3.102763024e+00  1.1506643e-12  1.15066e-12  1.13242e-12  1.82399e-14
3.118276839e+00  1.1461684e-12  1.14617e-12  1.12681e-12  1.93622e-14
3.133868223e+00  1.1424983e-12  1.14250e-12  1.12196e-12  2.05396e-14
3.149537564e+00  1.1403551e-12  1.14036e-12  1.11859e-12  2.17675e-14
3.165285252e+00  1.1388880e-12  1.13889e-12  1.11583e-12  2.30540e-14
3.181111678e+00  1.1376614e-12  1.13766e-12  1.11326e-12  2.44052e-14
3.197017237e+00  1.1357647e-12  1.13576e-12  1.10993e-12  2.58334e-14
3.213002323e+00  1.1330463e-12  1.13305e-12  1.10570e-12  2.73449e-14
3.229067334e+00  1.1301162e-12  1.13012e-12  1.10118e-12  2.89376e-14
3.245212671e+00  1.1265427e-12  1.12654e-12  1.09592e-12  3.06213e-14
3.261438734e+00  1.1232938e-12  1.12329e-12  1.09091e-12  3.23877e-14
3.277745928e+00  1.1196980e-12  1.11970e-12  1.08545e-12  3.42501e-14
3.294134658e+00  1.1158704e-12  1.11587e-12  1.07966e-12  3.62119e-14
3.310605331e+00  1.1108706e-12  1.11087e-12  1.07258e-12  3.82944e-14
3.327158358e+00  1.1049005e-12  1.10490e-12  1.06440e-12  4.05024e-14
3.343794149e+00  1.0944425e-12  1.09444e-12  1.05153e-12  4.29134e-14
3.360513120e+00  1.0810045e-12  1.08100e-12  1.03549e-12  4.55190e-14
3.377315686e+00  1.0631276e-12  1.06313e-12  1.01476e-12  4.83710e-14
3.394202264e+00  1.0543605e-12  1.05436e-12  1.00318e-12  5.11760e-14
3.411173276e+00  1.0302895e-12  1.03029e-12  9.75772e-13  5.45176e-14
3.428229142e+00  1.0344138e-12  1.03441e-12  9.77105e-13  5.73090e-14
3.445370288e+00  1.0529714e-12  1.05297e-12  9.93163e-13  5.98088e-14
3.462597139e+00  1.0576519e-12  1.05765e-12  9.94847e-13  6.28048e-14
3.479910125e+00  1.0499695e-12  1.04997e-12  9.83639e-13  6.63300e-14
3.497309675e+00  1.0389809e-12  1.03898e-12  9.68828e-13  7.01533e-14
3.514796224e+00  1.0509612e-12  1.05096e-12  9.77623e-13  7.33378e-14
3.532370205e+00  1.0687357e-12  1.06874e-12  9.92331e-13  7.64052e-14
3.550032056e+00  1.0724487e-12  1.07245e-12  9.92306e-13  8.01424e-14
3.567782216e+00  1.0732857e-12  1.07329e-12  9.89121e-13  8.41645e-14
3.585621127e+00  1.0740750e-12  1.07408e-12  9.85707e-13  8.83680e-14
3.603549233e+00  1.0741064e-12  1.07411e-12  9.81310e-13  9.27967e-14
3.621566979e+00  1.0733891e-12  1.07339e-12  9.75924e-13  9.74652e-14
3.639674814e+00  1.0725055e-12  1.07251e-12  9.70149e-13  1.02357e-13
3.657873188e+00  1.0715564e-12  1.07156e-12  9.64080e-13  1.07477e-13
3.676162554e+00  1.0713304e-12  1.07133e-12  9.58545e-13  1.12786e-13
3.694543367e+00  1.0716342e-12  1.07163e-12  9.53335e-13  1.18299e-13
3.713016084e+00  1.0719721e-12  1.07197e-12  9.47915e-13  1.24057e-13
3.731581164e+00  1.0722315e-12  1.07223e-12  9.42152e-13  1.30080e-13
3.750239070e+00  1.0726100e-12  1.07261e-12  9.36246e-13  1.36364e-13
3.768990265e+00  1.0728219e-12  1.07282e-12  9.29875e-13  1.42946e-13
3.787835216e+00  1.0727453e-12  1.07275e-12  9.22891e-13  1.49854e-13
3.806774393e+00  1.0725102e-12  1.07251e-12  9.15416e-13  1.57094e-13
3.825808265e+00  1.0726735e-12  1.07267e-12  9.08045e-13  1.64629e-13
3.844937306e+00  1.0728644e-12  1.07286e-12  9.00356e-13  1.72508e-13
3.864161992e+00  1.0738998e-12  1.07390e-12  8.93246e-13  1.80654e-13
3.883482802e+00  1.0755394e-12  1.07554e-12  8.86441e-13  1.89099e-13
3.902900216e+00  1.0774890e-12  1.07749e-12  8.79602e-13  1.97887e-13
3.922414717e+00  1.0794722e-12  1.07947e-12  8.72401e-13  2.07071e-13
3.942026791e+00  1.0808365e-12  1.08084e-12  8.64064e-13  2.16772e-13
3.961736925e+00  1.0797236e-12  1.07972e-12  8.52395e-13  2.27328e-13
3.981545610e+00  1.0822953e-12  1.08230e-12  8.44499e-13  2.37796e-13
4.001453338e+00  1.0905714e-12  1.09057e-12  8.42845e-13  2.47727e-13
4.021460604e+00  1.1001694e-12  1.10017e-12  8.42373e-13  2.57796e-13
4.041567907e+00  1.1077458e-12  1.10775e-12  8.39085e-13  2.68661e-13
4.061775747e+00  1.1142078e-12  1.11421e-12  8.33985e-13  2.80223e-13
4.082084626e+00  1.1203673e-12  1.12037e-12  8.28000e-13  2.92367e-13
4.102495049e+00  1.1267534e-12  1.12675e-12  8.21742e-13  3.05011e-13
4.123007524e+00  1.1335788e-12  1.13358e-12  8.15454e-13  3.18125e-13
4.143622562e+00  1.1405331e-12  1.14053e-12  8.08719e-13  3.31814e-13
4.164340674e+00  1.1479734e-12  1.14797e-12  8.01963e-13  3.46011e-13
4.185162378e+00  1.1562281e-12  1.15623e-12  7.95598e-13  3.60630e-13
4.206088190e+00  1.1646836e-12  1.16468e-12  7.88802e-13  3.75882e-13
4.227118631e+00  1.1733143e-12  1.17331e-12  7.81495e-13  3.91819e-13
4.248254224e+00  1.1828554e-12  1.18286e-12  7.74650e-13  4.08206e-13
4.269495495e+00  1.1932040e-12  1.19320e-12  7.68122e-13  4.25082e-13
4.290842972e+00  1.2038441e-12  1.20384e-12  7.61161e-13  4.42683e-13
4.312297187e+00  1.2154358e-12  1.21544e-12  7.54691e-13  4.60745e-13
4.333858673e+00  1.2279801e-12  1.22798e-12  7.48722e-13  4.79258e-13
4.355527967e+00  1.2410366e-12  1.24104e-12  7.42580e-13  4.98457e-13
4.377305606e+00  1.2547265e-12  1.25473e-12  7.36418e-13  5.18309e-13
4.399192134e+00  1.2689415e-12  1.26894e-12  7.30028e-13  5.38913e-13
4.421188095e+00  1.2838750e-12  1.28387e-12  7.23688e-13  5.60187e-13
4.443294036e+00  1.2993429e-12  1.29934e-12  7.17046e-13  5.82297e-13
4.465510506e+00  1.3156450e-12  1.31564e-12  7.10581e-13  6.05064e-13
4.487838058e+00  1.3325742e-12  1.33257e-12  7.03884e-13  6.28690e-13
4.510277249e+00  1.3500171e-12  1.35002e-12  6.96660e-13  6.53357e-13
4.532828635e+00  1.3678077e-12  1.36781e-12  6.88445e-13  6.79363e-13
4.555492778e+00  1.3858450e-12  1.38585e-12  6.78808e-13  7.07037e-13
4.578270242e+00  1.4042360e-12  1.40424e-12  6.67690e-13  7.36546e-13
4.601161593e+00  1.4229784e-12  1.42298e-12  6.54722e-13  7.68256e-13
4.624167401e+00  1.4418483e-12  1.44185e-12  6.38814e-13  8.03035e-13
4.647288238e+00  1.4615137e-12  1.46151e-12  6.21038e-13  8.40476e-13
4.670524679e+00  1.4826052e-12  1.48261e-12  6.02678e-13  8.79927e-13
4.693877303e+00  1.5054356e-12  1.50544e-12  5.84411e-13  9.21024e-13
4.717346689e+00  1.5311790e-12  1.53118e-12  5.70566e-13  9.60613e-13
4.740933423e+00  1.5591477e-12  1.55915e-12  5.59719e-13  9.99428e-13
4.764638090e+00  1.5882464e-12  1.58825e-12  5.47454e-13  1.04079e-12
4.788461280e+00  1.6183511e-12  1.61835e-12  5.31699e-13  1.08665e-12
4.812403587e+00  1.6499917e-12  1.64999e-12  5.13232e-13  1.13676e-12
4.836465604e+00  1.6839125e-12  1.68391e-12  4.96628e-13  1.18728e-12
4.860647933e+00  1.7201324e-12  1.72013e-12  4.85882e-13  1.23425e-12
4.884951172e+00  1.7580066e-12  1.75801e-12  4.78177e-13  1.27983e-12
4.909375928e+00  1.7973153e-12  1.79732e-12  4.70827e-13  1.32649e-12
4.933922808e+00  1.8381749e-12  1.83817e-12  4.62424e-13  1.37575e-12
4.958592422e+00  1.8807510e-12  1.88075e-12  4.53101e-13  1.42765e-12
4.983385384e+00  1.9250015e-12  1.92500e-12  4.44053e-13  1.48095e-12
5.008302311e+00  1.9706213e-12  1.97062e-12  4.36638e-13  1.53398e-12
5.033343822e+00  2.0183924e-12  2.01839e-12  4.27379e-13  1.59101e-12
5.058510541e+00  2.0694826e-12  2.06948e-12  4.13798e-13  1.65568e-12
5.083803094e+00  2.1240681e-12  2.12407e-12  3.97399e-13  1.72667e-12
5.109222110e+00  2.1813807e-12  2.18138e-12  3.81153e-13  1.80023e-12
5.134768220e+00  2.2411664e-12  2.24117e-12  3.65702e-13  1.87546e-12
5.160442061e+00  2.3018604e-12  2.30186e-12  3.53728e-13  1.94813e-12
5.186244272e+00  2.3586527e-12  2.35865e-12  3.51986e-13  2.00667e-12
5.212175493e+00  2.4109432e-12  2.41094e-12  3.58579e-13  2.05236e-12
5.238236370e+00  2.4624341e-12  2.46243e-12  3.66460e-13  2.09597e-12
5.264427552e+00  2.5134839e-12  2.51348e-12  3.74824e-13  2.13866e-12
5.290749690e+00  2.5623863e-12  2.56239e-12  3.85383e-13  2.17700e-12
5.317203438e+00  2.6107393e-12  2.61074e-12  3.95940e-13  2.21480e-12
5.343789456e+00  2.6653426e-12  2.66534e-12  3.99971e-13  2.26537e-12
5.370508403e+00  2.7294666e-12  2.72947e-12  3.95885e-13  2.33358e-12
5.397360945e+00  2.7994449e-12  2.79944e-12  3.88308e-13  2.41114e-12
5.424347750e+00  2.8710457e-12  2.87105e-12  3.81196e-13  2.48985e-12
5.451469488e+00  2.9396886e-12  2.93969e-12  3.77804e-13  2.56188e-12
5.478726836e+00  3.0062208e-12  3.00622e-12  3.76914e-13  2.62931e-12
5.506120470e+00  3.0732698e-12  3.07327e-12  3.76422e-13  2.69685e-12
5.533651072e+00  3.1471649e-12  3.14716e-12  3.72458e-13  2.77471e-12
5.561319328e+00  3.2386320e-12  3.23863e-12  3.59523e-13  2.87911e-12
5.589125924e+00  3.3314672e-12  3.33147e-12  3.47784e-13  2.98368e-12
5.617071554e+00  3.4222328e-12  3.42223e-12  3.38850e-13  3.08338e-12
5.645156912e+00  3.5113755e-12  3.51138e-12  3.32117e-13  3.17926e-12
5.673382696e+00  3.5983889e-12  3.59839e-12  3.27517e-13  3.27087e-12
5.701749610e+00  3.6836797e-12  3.68368e-12  3.24580e-13  3.35910e-12
5.730258358e+00  3.7739817e-12  3.77398e-12  3.20297e-13  3.45368e-12
5.758909650e+00  3.8698479e-12  3.86985e-12  3.14653e-13  3.55519e-12
5.787704198e+00  3.9653088e-12  3.96531e-12  3.10087e-13  3.65522e-12
5.816642719e+00  4.0589852e-12  4.05899e-12  3.06961e-13  3.75202e-12
5.845725932e+00  4.1586526e-12  4.15865e-12  3.02439e-13  3.85621e-12
5.874954562e+00  4.2672879e-12  4.26729e-12  2.95746e-13  3.97154e-12
5.904329335e+00  4.3916064e-12  4.39161e-12  2.85086e-13  4.10652e-12
5.933850982e+00  4.5395760e-12  4.53958e-12  2.68618e-13  4.27096e-12
5.963520237e+00  4.6995602e-12  4.69956e-12  2.50435e-13  4.44913e-12
5.993337838e+00  4.8403564e-12  4.84036e-12  2.39338e-13  4.60102e-12
6.023304527e+00  4.9626474e-12  4.96265e-12  2.34329e-13  4.72832e-12
6.053421050e+00  5.0733507e-12  5.07335e-12  2.32958e-13  4.84039e-12
6.083688155e+00  5.1899587e-12  5.18996e-12  2.30575e-13  4.95938e-12
6.114106596e+00  5.3246235e-12  5.32462e-12  2.24483e-13  5.10014e-12
6.144677129e+00  5.4769180e-12  5.47692e-12  2.15216e-13  5.26170e-12
6.175400514e+00  5.6312794e-12  5.63128e-12  2.06490e-13  5.42479e-12
6.206277517e+00  5.7787409e-12  5.77874e-12  2.00115e-13  5.57863e-12
6.237308904e+00  5.9073137e-12  5.90731e-12  1.98225e-13  5.70909e-12
6.268495449e+00  6.0268788e-12  6.02688e-12  1.98449e-13  5.82843e-12
6.299837926e+00  6.1403909e-12  6.14039e-12  2.00010e-13  5.94038e-12
6.331337116e+00  6.2308183e-12  6.23082e-12  2.05778e-13  6.02504e-12
6.362993801e+00  6.2987021e-12  6.29870e-12  2.15200e-13  6.08350e-12
6.394808770e+00  6.3728761e-12  6.37288e-12  2.23113e-13  6.14976e-12
6.426782814e+00  6.4637369e-12  6.46374e-12  2.27996e-13  6.23574e-12
6.458916728e+00  6.5765228e-12  6.57652e-12  2.29337e-13  6.34719e-12
6.491211312e+00  6.6986000e-12  6.69860e-12  2.29357e-13  6.46924e-12
6.523667368e+00  6.8408603e-12  6.84086e-12  2.26626e-13  6.61423e-12
6.556285705e+00  7.0015827e-12  7.00158e-12  2.21655e-13  6.77993e-12
6.589067134e+00  7.1614740e-12  7.16147e-12  2.17251e-13  6.94422e-12
6.622012469e+00  7.3015167e-12  7.30152e-12  2.15823e-13  7.08569e-12
6.655122532e+00  7.4184188e-12  7.41842e-12  2.17496e-13  7.20092e-12
6.688398144e+00  7.5405468e-12  7.54055e-12  2.18535e-13  7.32201e-12
6.721840135e+00  7.6856372e-12  7.68564e-12  2.16919e-13  7.46872e-12
6.755449336e+00  7.8457243e-12  7.84572e-12  2.13797e-13  7.63193e-12
6.789226583e+00  8.0251341e-12  8.02513e-12  2.08838e-13  7.81630e-12
6.823172715e+00  8.2083880e-12  8.20839e-12  2.03862e-13  8.00453e-12
6.857288579e+00  8.3867484e-12  8.38675e-12  1.99777e-13  8.18697e-12
6.891575022e+00  8.5786395e-12  8.57864e-12  1.94668e-13  8.38397e-12
6.926032897e+00  8.7681464e-12  8.76815e-12  1.90174e-13  8.57797e-12
6.960663062e+00  8.9516068e-12  8.95161e-12  1.86588e-13  8.76502e-12
6.995466377e+00  9.1399838e-12  9.13998e-12  1.82836e-13  8.95715e-12
7.030443709e+00  9.3323801e-12  9.33238e-12  1.79016e-13  9.15336e-12
7.065595927e+00  9.5232281e-12  9.52323e-12  1.75615e-13  9.34761e-12
7.100923907e+00  9.7153029e-12  9.71530e-12  1.72368e-13  9.54293e-12
7.136428526e+00  9.9107372e-12  9.91074e-12  1.69093e-13  9.74164e-12
7.172110669e+00  1.0110257e-11  1.01103e-11  1.65737e-13  9.94452e-12
7.207971222e+00  1.0318110e-11  1.03181e-11  1.61987e-13  1.01561e-11
7.244011079e+00  1.0536640e-11  1.05366e-11  1.57706e-13  1.03789e-11
7.280231134e+00  1.0765102e-11  1.07651e-11  1.52995e-13  1.06121e-11
7.316632290e+00  1.1015173e-11  1.10152e-11  1.47078e-13  1.08681e-11
7.353215451e+00  1.1264785e-11  1.12648e-11  1.41561e-13  1.11232e-11
7.389981528e+00  1.1513427e-11  1.15134e-11  1.36451e-13  1.13770e-11
7.426931436e+00  1.1756546e-11  1.17565e-11  1.32014e-13  1.16245e-11
7.464066093e+00  1.2000496e-11  1.20005e-11  1.27801e-13  1.18727e-11
7.501386424e+00  1.2252265e-11  1.22523e-11  1.23376e-13  1.21289e-11
7.538893356e+00  1.2506199e-11  1.25062e-11  1.19092e-13  1.23871e-11
7.576587822e+00  1.2765988e-11  1.27660e-11  1.14731e-13  1.26513e-11
7.614470762e+00  1.3022951e-11  1.30230e-11  1.10789e-13  1.29122e-11
7.652543115e+00  1.3282816e-11  1.32828e-11  1.06925e-13  1.31759e-11
7.690805831e+00  1.3556284e-11  1.35563e-11  1.02565e-13  1.34537e-11
7.729259860e+00  1.3837745e-11  1.38377e-11  9.80430e-14  1.37397e-11
7.767906159e+00  1.4145356e-11  1.41454e-11  9.24568e-14  1.40529e-11
7.806745690e+00  1.4459674e-11  1.44597e-11  8.68494e-14  1.43728e-11
7.845779419e+00  1.4758167e-11  1.47582e-11  8.23094e-14  1.46759e-11
7.885008316e+00  1.5077213e-11  1.50772e-11  7.70594e-14  1.50002e-11
7.924433357e+00  1.5402509e-11  1.54025e-11  7.18089e-14  1.53307e-11
7.964055524e+00  1.5713682e-11  1.57137e-11  6.74696e-14  1.56462e-11
8.003875802e+00  1.6034468e-11  1.60345e-11  6.29485e-14  1.59715e-11
8.043895181e+00  1.6365292e-11  1.63653e-11  5.82445e-14  1.63070e-11
8.084114657e+00  1.6723874e-11  1.67239e-11  5.26424e-14  1.66712e-11
8.124535230e+00  1.7084957e-11  1.70850e-11  4.72295e-14  1.70377e-11
8.165157906e+00  1.7431493e-11  1.74315e-11  4.26681e-14  1.73888e-11
8.205983696e+00  1.7776519e-11  1.77765e-11  3.84013e-14  1.77381e-11
8.247013614e+00  1.8114806e-11  1.81148e-11  3.46081e-14  1.80802e-11
8.288248682e+00  1.8446973e-11  1.84470e-11  3.12356e-14  1.84157e-11
8.329689926e+00  1.8782958e-11  1.87830e-11  2.79015e-14  1.87551e-11
8.371338375e+00  1.9110296e-11  1.91103e-11  2.50409e-14  1.90853e-11
8.413195067e+00  1.9415045e-11  1.94150e-11  2.30996e-14  1.93919e-11
8.455261042e+00  1.9702204e-11  1.97022e-11  2.18491e-14  1.96804e-11
8.497537348e+00  1.9961329e-11  1.99613e-11  2.15837e-14  1.99397e-11
8.540025034e+00  2.0176994e-11  2.01770e-11  2.27285e-14  2.01543e-11
8.582725160e+00  2.0332179e-11  2.03322e-11  2.57180e-14  2.03065e-11
8.625638785e+00  2.0404685e-11  2.04047e-11  3.11031e-14  2.03736e-11
8.668766979e+00  2.0383266e-11  2.03833e-11  3.90557e-14  2.03442e-11
8.712110814e+00  2.0327958e-11  2.03280e-11  4.76496e-14  2.02803e-11
8.755671368e+00  2.0439968e-11  2.04400e-11  5.10952e-14  2.03889e-11
8.799449725e+00  2.0779769e-11  2.07798e-11  4.80299e-14  2.07317e-11
8.843446974e+00  2.0837343e-11  2.08373e-11  5.27924e-14  2.07846e-11
8.887664209e+00  2.0999686e-11  2.09997e-11  5.45432e-14  2.09451e-11
8.932102530e+00  2.1266004e-11  2.12660e-11  5.34887e-14  2.12125e-11
8.976763042e+00  2.1430177e-11  2.14302e-11  5.50799e-14  2.13751e-11
9.021646857e+00  2.1517312e-11  2.15173e-11  5.85206e-14  2.14588e-11
9.066755092e+00  2.1654186e-11  2.16542e-11  6.05814e-14  2.15936e-11
9.112088867e+00  2.1863833e-11  2.18638e-11  6.07901e-14  2.18030e-11
9.157649312e+00  2.2136532e-11  2.21365e-11  5.94865e-14  2.20770e-11
9.203437558e+00  2.2415689e-11  2.24157e-11  5.80667e-14  2.23576e-11
9.249454746e+00  2.2684696e-11  2.26847e-11  5.69127e-14  2.26278e-11
9.295702020e+00  2.2940150e-11  2.29401e-11  5.60839e-14  2.28841e-11
9.342180530e+00  2.3175998e-11  2.31760e-11  5.56916e-14  2.31203e-11
9.388891432e+00  2.3415239e-11  2.34152e-11  5.52203e-14  2.33600e-11
9.435835890e+00  2.3671080e-11  2.36711e-11  5.43988e-14  2.36167e-11
9.483015069e+00  2.3960928e-11  2.39609e-11  5.28912e-14  2.39080e-11
9.530430144e+00  2.4346802e-11  2.43468e-11  4.94951e-14  2.42973e-11
9.578082295e+00  2.4780349e-11  2.47803e-11  4.52702e-14  2.47351e-11
9.625972707e+00  2.5254310e-11  2.52543e-11  4.04058e-14  2.52139e-11
9.674102570e+00  2.5742909e-11  2.57429e-11  3.54278e-14  2.57075e-11
9.722473083e+00  2.6156602e-11  2.61566e-11  3.20046e-14  2.61246e-11
9.771085448e+00  2.6566523e-11  2.65665e-11  2.87574e-14  2.65378e-11
9.819940876e+00  2.6961814e-11  2.69618e-11  2.58713e-14  2.69359e-11
9.869040580e+00  2.7248644e-11  2.72486e-11  2.49702e-14  2.72237e-11
9.918385783e+00  2.7449131e-11  2.74491e-11  2.55646e-14  2.74236e-11
9.967977712e+00  2.7536116e-11  2.75361e-11  2.80296e-14  2.75081e-11
1.001781760e+01  2.7655129e-11  2.76551e-11  2.98515e-14  2.76253e-11
1.006790669e+01  2.7787235e-11  2.77872e-11  3.13710e-14  2.77559e-11
1.011824622e+01  2.7891833e-11  2.78918e-11  3.32504e-14  2.78586e-11
1.016883745e+01  2.8015270e-11  2.80153e-11  3.47421e-14  2.79805e-11
1.021968164e+01  2.8073732e-11  2.80737e-11  3.71552e-14  2.80366e-11
1.027078005e+01  2.8197931e-11  2.81979e-11  3.84626e-14  2.81595e-11
1.032213395e+01  2.8533783e-11  2.85338e-11  3.65534e-14  2.84972e-11
1.037374462e+01  2.8909266e-11  2.89093e-11  3.41054e-14  2.88752e-11
1.042561334e+01  2.9118798e-11  2.91188e-11  3.40951e-14  2.90847e-11
1.047774141e+01  2.9323835e-11  2.93238e-11  3.41216e-14  2.92897e-11
1.053013012e+01  2.9595270e-11  2.95953e-11  3.32007e-14  2.95621e-11
1.058278077e+01  2.9873616e-11  2.98736e-11  3.21900e-14  2.98414e-11
1.063569467e+01  3.0131437e-11  3.01314e-11  3.14610e-14  3.01000e-11
1.068887314e+01  3.0391159e-11  3.03912e-11  3.07045e-14  3.03605e-11
1.074231751e+01  3.0686976e-11  3.06870e-11  2.94794e-14  3.06575e-11
1.079602910e+01  3.1022295e-11  3.10223e-11  2.77658e-14  3.09945e-11
1.085000924e+01  3.1477552e-11  3.14776e-11  2.45820e-14  3.14530e-11
1.090425929e+01  3.1942179e-11  3.19422e-11  2.13611e-14  3.19208e-11
1.095878058e+01  3.2281229e-11  3.22812e-11  1.97386e-14  3.22615e-11
1.101357449e+01  3.2544908e-11  3.25449e-11  1.90401e-14  3.25259e-11
1.106864236e+01  3.2703055e-11  3.27031e-11  1.95743e-14  3.26835e-11
1.112398557e+01  3.2664887e-11  3.26649e-11  2.23275e-14  3.26426e-11
1.117960550e+01  3.2532547e-11  3.25325e-11  2.60348e-14  3.25065e-11
1.123550353e+01  3.2529266e-11  3.25293e-11  2.81584e-14  3.25011e-11
1.129168104e+01  3.2656322e-11  3.26563e-11  2.87570e-14  3.26276e-11
1.134813945e+01  3.2914207e-11  3.29142e-11  2.78956e-14  3.28863e-11
1.140488015e+01  3.3249247e-11  3.32492e-11  2.62130e-14  3.32230e-11
1.146190455e+01  3.3577523e-11  3.35775e-11  2.46264e-14  3.35529e-11
1.151921407e+01  3.3901007e-11  3.39010e-11  2.31114e-14  3.38779e-11
1.157681014e+01  3.4247635e-11  3.42476e-11  2.13814e-14  3.42263e-11
1.163469419e+01  3.4574333e-11  3.45743e-11  1.98772e-14  3.45545e-11
1.169286766e+01  3.4872690e-11  3.48727e-11  1.86720e-14  3.48540e-11
1.175133200e+01  3.5154627e-11  3.51546e-11  1.76368e-14  3.51370e-11
1.181008866e+01  3.5420572e-11  3.54206e-11  1.67602e-14  3.54038e-11
1.186913910e+01  3.5628397e-11  3.56284e-11  1.64320e-14  3.56120e-11
1.192848480e+01  3.5796125e-11  3.57961e-11  1.64608e-14  3.57797e-11
1.198812722e+01  3.5950811e-11  3.59508e-11  1.65833e-14  3.59342e-11
1.204806786e+01  3.6085875e-11  3.60859e-11  1.68546e-14  3.60690e-11
1.210830820e+01  3.6171922e-11  3.61719e-11  1.75290e-14  3.61544e-11
1.216884974e+01  3.6210901e-11  3.62109e-11  1.85717e-14  3.61923e-11
1.222969399e+01  3.6227745e-11  3.62277e-11  1.97514e-14  3.62080e-11
1.229084246e+01  3.6243299e-11  3.62433e-11  2.08843e-14  3.62224e-11
1.235229667e+01  3.6289995e-11  3.62900e-11  2.16999e-14  3.62683e-11
1.241405815e+01  3.6352064e-11  3.63521e-11  2.23413e-14  3.63297e-11
1.247612845e+01  3.6442612e-11  3.64426e-11  2.27084e-14  3.64199e-11
1.253850909e+01  3.6567930e-11  3.65679e-11  2.27617e-14  3.65452e-11
1.260120163e+01  3.6697499e-11  3.66975e-11  2.27559e-14  3.66747e-11
1.266420764e+01  3.6835340e-11  3.68353e-11  2.26617e-14  3.68127e-11
1.272752868e+01  3.6949909e-11  3.69499e-11  2.27262e-14  3.69272e-11
1.279116632e+01  3.7052068e-11  3.70521e-11  2.28599e-14  3.70292e-11
1.285512215e+01  3.7149675e-11  3.71497e-11  2.30010e-14  3.71267e-11
1.291939776e+01  3.7291189e-11  3.72912e-11  2.27900e-14  3.72684e-11
1.298399475e+01  3.7504498e-11  3.75045e-11  2.20367e-14  3.74825e-11
1.304891473e+01  3.7807791e-11  3.78078e-11  2.06312e-14  3.77872e-11
1.311415930e+01  3.8154641e-11  3.81546e-11  1.89299e-14  3.81357e-11
1.317973010e+01  3.8434049e-11  3.84340e-11  1.77248e-14  3.84163e-11
1.324562875e+01  3.8670970e-11  3.86710e-11  1.68240e-14  3.86541e-11
1.331185689e+01  3.9007866e-11  3.90079e-11  1.52400e-14  3.89926e-11
1.337841618e+01  3.9412443e-11  3.94124e-11  1.32177e-14  3.93992e-11
1.344530826e+01  3.9710122e-11  3.97101e-11  1.19395e-14  3.96982e-11
1.351253480e+01  3.9841927e-11  3.98419e-11  1.17667e-14  3.98302e-11
1.358009747e+01  4.0040662e-11  4.00407e-11  1.11423e-14  4.00295e-11
1.364799796e+01  4.0275741e-11  4.02757e-11  1.02799e-14  4.02655e-11
1.371623795e+01  4.0420623e-11  4.04206e-11  9.99182e-15  4.04106e-11
1.378481914e+01  4.0517206e-11  4.05172e-11  9.99436e-15  4.05072e-11
1.385374323e+01  4.0596572e-11  4.05966e-11  1.00843e-14  4.05865e-11
1.392301195e+01  4.0654817e-11  4.06548e-11  1.02824e-14  4.06445e-11
1.399262701e+01  4.0702769e-11  4.07028e-11  1.05191e-14  4.06922e-11
1.406259015e+01  4.0759411e-11  4.07594e-11  1.06797e-14  4.07487e-11
1.413290310e+01  4.0877414e-11  4.08774e-11  1.04559e-14  4.08670e-11
1.420356761e+01  4.0999446e-11  4.09994e-11  1.01956e-14  4.09892e-11
1.427458545e+01  4.1154512e-11  4.11545e-11  9.73313e-15  4.11448e-11
1.434595838e+01  4.1301008e-11  4.13010e-11  9.31249e-15  4.12917e-11
1.441768817e+01  4.1415348e-11  4.14153e-11  9.06516e-15  4.14063e-11
1.448977661e+01  4.1511484e-11  4.15115e-11  8.90757e-15  4.15026e-11
1.456222549e+01  4.1631418e-11  4.16314e-11  8.60559e-15  4.16228e-11
1.463503662e+01  4.1801988e-11  4.18020e-11  8.01823e-15  4.17940e-11
1.470821180e+01  4.1996320e-11  4.19963e-11  7.29978e-15  4.19890e-11
1.478175286e+01  4.2150601e-11  4.21506e-11  6.79405e-15  4.21438e-11
1.485566163e+01  4.2234327e-11  4.22343e-11  6.65444e-15  4.22277e-11
1.492993994e+01  4.2278791e-11  4.22788e-11  6.70614e-15  4.22721e-11
1.500458964e+01  4.2401035e-11  4.24010e-11  6.34109e-15  4.23947e-11
1.507961258e+01  4.2550562e-11  4.25506e-11  5.82982e-15  4.25447e-11
1.515501065e+01  4.2697888e-11  4.26979e-11  5.32549e-15  4.26926e-11
1.523078570e+01  4.2797227e-11  4.27972e-11  5.05578e-15  4.27922e-11
1.530693963e+01  4.2788589e-11  4.27886e-11  5.30846e-15  4.27833e-11
1.538347433e+01  4.2722725e-11  4.27227e-11  5.81971e-15  4.27169e-11
1.546039170e+01  4.2638413e-11  4.26384e-11  6.39451e-15  4.26320e-11
1.553769366e+01  4.2589512e-11  4.25895e-11  6.77412e-15  4.25827e-11
1.561538212e+01  4.2615196e-11  4.26152e-11  6.77993e-15  4.26084e-11
1.569345903e+01  4.2660414e-11  4.26604e-11  6.68055e-15  4.26537e-11
1.577192633e+01  4.2700639e-11  4.27006e-11  6.59258e-15  4.26940e-11
1.585078596e+01  4.2718730e-11  4.27187e-11  6.59407e-15  4.27121e-11
1.593003989e+01  4.2697498e-11  4.26975e-11  6.76009e-15  4.26907e-11
1.600969009e+01  4.2620595e-11  4.26206e-11  7.15886e-15  4.26134e-11
1.608973854e+01  4.2513056e-11  4.25131e-11  7.67239e-15  4.25054e-11
1.617018723e+01  4.2230751e-11  4.22308e-11  8.92959e-15  4.22218e-11
1.625103817e+01  4.2004083e-11  4.20041e-11  9.90738e-15  4.19942e-11
1.633229336e+01  4.1679689e-11  4.16797e-11  1.12735e-14  4.16684e-11
1.641395483e+01  4.1422565e-11  4.14226e-11  1.23139e-14  4.14103e-11
1.649602460e+01  4.1252711e-11  4.12527e-11  1.29538e-14  4.12398e-11
1.657850473e+01  4.1062530e-11  4.10625e-11  1.36541e-14  4.10489e-11
1.666139725e+01  4.0977904e-11  4.09779e-11  1.38925e-14  4.09640e-11
1.674470424e+01  4.0910598e-11  4.09106e-11  1.40437e-14  4.08966e-11
1.682842776e+01  4.0887141e-11  4.08871e-11  1.40027e-14  4.08731e-11
1.691256990e+01  4.0881503e-11  4.08815e-11  1.38796e-14  4.08676e-11
1.699713274e+01  4.0880452e-11  4.08805e-11  1.37294e-14  4.08667e-11
1.708211841e+01  4.0895040e-11  4.08950e-11  1.35095e-14  4.08815e-11
1.716752900e+01  4.0866123e-11  4.08661e-11  1.34528e-14  4.08527e-11
1.725336665e+01  4.0796839e-11  4.07968e-11  1.35427e-14  4.07833e-11
1.733963348e+01  4.0730034e-11  4.07300e-11  1.36110e-14  4.07164e-11
1.742633165e+01  4.0692628e-11  4.06926e-11  1.35562e-14  4.06791e-11
1.751346330e+01  4.0663451e-11  4.06635e-11  1.34613e-14  4.06500e-11
1.760103062e+01  4.0710788e-11  4.07108e-11  1.30730e-14  4.06977e-11
1.768903577e+01  4.0783895e-11  4.07839e-11  1.25868e-14  4.07713e-11
1.777748095e+01  4.0904725e-11  4.09047e-11  1.19249e-14  4.08928e-11
1.786636836e+01  4.0988315e-11  4.09883e-11  1.14006e-14  4.09769e-11
1.795570020e+01  4.0980694e-11  4.09807e-11  1.12045e-14  4.09695e-11
1.804547870e+01  4.0875491e-11  4.08755e-11  1.13509e-14  4.08641e-11
1.813570609e+01  4.0751922e-11  4.07519e-11  1.15507e-14  4.07404e-11
1.822638462e+01  4.0603052e-11  4.06031e-11  1.18270e-14  4.05912e-11
1.831751655e+01  4.0452625e-11  4.04526e-11  1.20954e-14  4.04405e-11
1.840910413e+01  4.0379844e-11  4.03798e-11  1.20834e-14  4.03678e-11
1.850114965e+01  4.0419445e-11  4.04194e-11  1.16797e-14  4.04078e-11
1.859365540e+01  4.0512585e-11  4.05126e-11  1.10934e-14  4.05015e-11
1.868662368e+01  4.0564048e-11  4.05640e-11  1.06490e-14  4.05534e-11
1.878005679e+01  4.0547422e-11  4.05474e-11  1.04309e-14  4.05370e-11
1.887395708e+01  4.0476882e-11  4.04769e-11  1.03869e-14  4.04665e-11
1.896832686e+01  4.0343535e-11  4.03435e-11  1.05417e-14  4.03330e-11
1.906316850e+01  4.0053135e-11  4.00531e-11  1.11967e-14  4.00419e-11
1.915848434e+01  3.9561361e-11  3.95614e-11  1.24823e-14  3.95489e-11
1.925427676e+01  3.9189093e-11  3.91891e-11  1.33583e-14  3.91757e-11
1.935054815e+01  3.8880606e-11  3.88806e-11  1.40112e-14  3.88666e-11
1.944730089e+01  3.8677458e-11  3.86775e-11  1.43156e-14  3.86631e-11
1.954453739e+01  3.8561969e-11  3.85620e-11  1.43351e-14  3.85476e-11
1.964226008e+01  3.8490774e-11  3.84908e-11  1.42107e-14  3.84766e-11
1.974047138e+01  3.8441364e-11  3.84414e-11  1.40149e-14  3.84273e-11
1.983917374e+01  3.8414492e-11  3.84145e-11  1.37473e-14  3.84007e-11
1.993836960e+01  3.8416874e-11  3.84169e-11  1.33893e-14  3.84035e-11
2.003806145e+01  3.8456025e-11  3.84560e-11  1.29205e-14  3.84431e-11
2.013825176e+01  3.8542792e-11  3.85428e-11  1.23114e-14  3.85305e-11
2.023894302e+01  3.8611058e-11  3.86111e-11  1.17603e-14  3.85993e-11
2.034013773e+01  3.8663890e-11  3.86639e-11  1.12573e-14  3.86526e-11
2.044183842e+01  3.8728018e-11  3.87280e-11  1.07234e-14  3.87173e-11
2.054404761e+01  3.8795344e-11  3.87953e-11  1.01829e-14  3.87852e-11
2.064676785e+01  3.8889835e-11  3.88898e-11  9.56738e-15  3.88803e-11
2.075000169e+01  3.8988612e-11  3.89886e-11  8.94360e-15  3.89797e-11
2.085375170e+01  3.9078215e-11  3.90782e-11  8.34986e-15  3.90699e-11
2.095802046e+01  3.9183364e-11  3.91834e-11  7.71631e-15  3.91756e-11
2.106281056e+01  3.9307689e-11  3.93077e-11  7.03382e-15  3.93007e-11
2.116812461e+01  3.9308278e-11  3.93083e-11  6.69826e-15  3.93016e-11
2.127396524e+01  3.9255361e-11  3.92554e-11  6.50966e-15  3.92489e-11
2.138033506e+01  3.9149341e-11  3.91493e-11  6.46388e-15  3.91429e-11
2.148723674e+01  3.9045565e-11  3.90456e-11  6.40831e-15  3.90392e-11
2.159467292e+01  3.8930435e-11  3.89304e-11  6.37975e-15  3.89241e-11
2.170264629e+01  3.8783511e-11  3.87835e-11  6.43217e-15  3.87771e-11
2.181115952e+01  3.8574332e-11  3.85743e-11  6.64460e-15  3.85677e-11
2.192021532e+01  3.8380254e-11  3.83803e-11  6.81043e-15  3.83734e-11
2.202981639e+01  3.8207291e-11  3.82073e-11  6.91499e-15  3.82004e-11
2.213996547e+01  3.7960205e-11  3.79602e-11  7.20654e-15  3.79530e-11
2.225066530e+01  3.7762831e-11  3.77628e-11  7.36242e-15  3.77555e-11
2.236191863e+01  3.7669709e-11  3.76697e-11  7.24595e-15  3.76625e-11
2.247372822e+01  3.7588505e-11  3.75885e-11  7.09725e-15  3.75814e-11
2.258609686e+01  3.7493820e-11  3.74938e-11  6.98114e-15  3.74868e-11
2.269902735e+01  3.7417413e-11  3.74174e-11  6.81742e-15  3.74106e-11
2.281252248e+01  3.7442543e-11  3.74425e-11  6.39974e-15  3.74361e-11
2.292658510e+01  3.7414681e-11  3.74147e-11  6.11548e-15  3.74086e-11
2.304121802e+01  3.7385881e-11  3.73859e-11  5.83416e-15  3.73800e-11
2.315642411e+01  3.7424941e-11  3.74249e-11  5.38775e-15  3.74196e-11
2.327220623e+01  3.7339684e-11  3.73397e-11  5.24584e-15  3.73344e-11
2.338856726e+01  3.7242085e-11  3.72421e-11  5.13268e-15  3.72370e-11
2.350551010e+01  3.7147148e-11  3.71471e-11  5.01183e-15  3.71421e-11
2.362303765e+01  3.7066949e-11  3.70669e-11  4.85475e-15  3.70621e-11
2.374115284e+01  3.6974128e-11  3.69741e-11  4.72690e-15  3.69694e-11
2.385985860e+01  3.6812253e-11  3.68123e-11  4.76048e-15  3.68075e-11
2.397915789e+01  3.6600971e-11  3.66010e-11  4.90662e-15  3.65961e-11
2.409905368e+01  3.6460480e-11  3.64605e-11  4.88421e-15  3.64556e-11
2.421954895e+01  3.6408066e-11  3.64081e-11  4.65651e-15  3.64034e-11
2.434064670e+01  3.6332393e-11  3.63324e-11  4.48269e-15  3.63279e-11
2.446234993e+01  3.6230292e-11  3.62303e-11  4.36906e-15  3.62259e-11
2.458466168e+01  3.6003466e-11  3.60035e-11  4.53734e-15  3.59989e-11
2.470758499e+01  3.5925698e-11  3.59257e-11  4.36581e-15  3.59213e-11
2.483112291e+01  3.5921945e-11  3.59219e-11  4.02859e-15  3.59179e-11
2.495527853e+01  3.5784774e-11  3.57848e-11  3.99045e-15  3.57808e-11
