# ------------------------------------------------------------------------
# Radiance spectrum
# NASA-GSFC Planetary Spectrum Generator (PSG) (Villanueva et al. 2018, 2022)
# Synthesized on Wed Feb 14 19:10:43 2024
# Doppler velocities [km/s] (vobs,vrot+vorb,vwidth,vrfl,vstr): 0.00000,-0.00000,0.00000,-119.41115,-0.00000
# Spectral unit: Wavelength [um]
# Radiance unit: Spectral irradiance [W/m2/um]
# Wave/freq Total Object Reflected Thermal
5.000000000e-01  6.8361327e-13  6.83613e-13  6.83613e-13  1.87270e-46
5.025000000e-01  6.8918158e-13  6.89182e-13  6.89182e-13  2.95510e-46
5.050125000e-01  6.9401779e-13  6.94018e-13  6.94018e-13  4.65267e-46
5.075375625e-01  6.9887652e-13  6.98877e-13  6.98877e-13  7.30827e-46
5.100752503e-01  7.0383722e-13  7.03837e-13  7.03837e-13  1.14527e-45
5.126256266e-01  7.1467888e-13  7.14679e-13  7.14679e-13  1.78914e-45
5.151887547e-01  7.2565836e-13  7.25658e-13  7.25658e-13  2.78854e-45
5.177646985e-01  7.3701805e-13  7.37018e-13  7.37018e-13  4.33609e-45
5.203535220e-01  7.4811435e-13  7.48114e-13  7.48114e-13  6.72745e-45
5.229552896e-01  7.5704855e-13  7.57049e-13  7.57049e-13  1.04172e-44
5.255700660e-01  7.6574711e-13  7.65747e-13  7.65747e-13  1.60948e-44
5.281979164e-01  7.7361697e-13  7.73617e-13  7.73617e-13  2.48139e-44
5.308389059e-01  7.8122476e-13  7.81225e-13  7.81225e-13  3.81726e-44
5.334931005e-01  7.8813741e-13  7.88137e-13  7.88137e-13  5.85981e-44
5.361605660e-01  7.9485064e-13  7.94851e-13  7.94851e-13  8.97567e-44
5.388413688e-01  8.0109944e-13  8.01099e-13  8.01099e-13  1.37189e-43
5.415355756e-01  8.0730771e-13  8.07308e-13  8.07308e-13  2.09230e-43
5.442432535e-01  8.1347424e-13  8.13474e-13  8.13474e-13  3.18409e-43
5.469644698e-01  8.1942066e-13  8.19421e-13  8.19421e-13  4.83521e-43
5.496992921e-01  8.2514157e-13  8.25142e-13  8.25142e-13  7.32690e-43
5.524477886e-01  8.3279192e-13  8.32792e-13  8.32792e-13  1.10762e-42
5.552100275e-01  8.4078389e-13  8.40784e-13  8.40784e-13  1.67076e-42
5.579860777e-01  8.4921582e-13  8.49216e-13  8.49216e-13  2.51475e-42
5.607760081e-01  8.5763620e-13  8.57636e-13  8.57636e-13  3.77710e-42
5.635798881e-01  8.6576524e-13  8.65765e-13  8.65765e-13  5.66141e-42
5.663977875e-01  8.7359536e-13  8.73595e-13  8.73595e-13  8.46834e-42
5.692297765e-01  8.8111909e-13  8.81119e-13  8.81119e-13  1.26411e-41
5.720759254e-01  8.8861344e-13  8.88613e-13  8.88613e-13  1.88309e-41
5.749363050e-01  8.9626800e-13  8.96268e-13  8.96268e-13  2.79933e-41
5.778109865e-01  9.0273979e-13  9.02740e-13  9.02740e-13  4.15341e-41
5.807000414e-01  9.0926200e-13  9.09262e-13  9.09262e-13  6.14989e-41
5.836035417e-01  9.1622512e-13  9.16225e-13  9.16225e-13  9.08709e-41
5.865215594e-01  9.2314737e-13  9.23147e-13  9.23147e-13  1.34000e-40
5.894541672e-01  9.3002756e-13  9.30028e-13  9.30028e-13  1.97204e-40
5.924014380e-01  9.3656655e-13  9.36567e-13  9.36567e-13  2.89649e-40
5.953634452e-01  9.4305741e-13  9.43057e-13  9.43057e-13  4.24586e-40
5.983402624e-01  9.4949904e-13  9.49499e-13  9.49499e-13  6.21155e-40
6.013319637e-01  9.5589038e-13  9.55890e-13  9.55890e-13  9.06944e-40
6.043386235e-01  9.6223037e-13  9.62230e-13  9.62230e-13  1.32163e-39
6.073603167e-01  9.6831319e-13  9.68313e-13  9.68313e-13  1.92222e-39
6.103971182e-01  9.7423724e-13  9.74237e-13  9.74237e-13  2.79036e-39
6.134491038e-01  9.7989621e-13  9.79896e-13  9.79896e-13  4.04285e-39
6.165163494e-01  9.8591062e-13  9.85911e-13  9.85911e-13  5.84607e-39
6.195989311e-01  9.9207701e-13  9.92077e-13  9.92077e-13  8.43724e-39
6.226969258e-01  9.9850316e-13  9.98503e-13  9.98503e-13  1.21534e-38
6.258104104e-01  1.0047697e-12  1.00477e-12  1.00477e-12  1.74734e-38
6.289394624e-01  1.0106613e-12  1.01066e-12  1.01066e-12  2.50759e-38
6.320841597e-01  1.0162788e-12  1.01628e-12  1.01628e-12  3.59195e-38
6.352445805e-01  1.0217258e-12  1.02173e-12  1.02173e-12  5.13572e-38
6.384208035e-01  1.0272158e-12  1.02722e-12  1.02722e-12  7.32930e-38
6.416129075e-01  1.0327496e-12  1.03275e-12  1.03275e-12  1.04404e-37
6.448209720e-01  1.0383281e-12  1.03833e-12  1.03833e-12  1.48447e-37
6.480450769e-01  1.0434040e-12  1.04340e-12  1.04340e-12  2.10693e-37
6.512853022e-01  1.0485210e-12  1.04852e-12  1.04852e-12  2.98495e-37
6.545417288e-01  1.0539010e-12  1.05390e-12  1.05390e-12  4.22108e-37
6.578144374e-01  1.0587703e-12  1.05877e-12  1.05877e-12  5.95865e-37
6.611035096e-01  1.0636801e-12  1.06368e-12  1.06368e-12  8.39635e-37
6.644090271e-01  1.0691914e-12  1.06919e-12  1.06919e-12  1.18095e-36
6.677310723e-01  1.0760991e-12  1.07610e-12  1.07610e-12  1.65783e-36
6.710697276e-01  1.0836299e-12  1.08363e-12  1.08363e-12  2.32302e-36
6.744250763e-01  1.0919041e-12  1.09190e-12  1.09190e-12  3.24916e-36
6.777972017e-01  1.0996779e-12  1.09968e-12  1.09968e-12  4.53680e-36
6.811861877e-01  1.1069446e-12  1.10694e-12  1.10694e-12  6.32403e-36
6.845921186e-01  1.1134687e-12  1.11347e-12  1.11347e-12  8.80067e-36
6.880150792e-01  1.1197019e-12  1.11970e-12  1.11970e-12  1.22265e-35
6.914551546e-01  1.1259875e-12  1.12599e-12  1.12599e-12  1.69566e-35
6.949124304e-01  1.1320939e-12  1.13209e-12  1.13209e-12  2.34769e-35
6.983869925e-01  1.1373214e-12  1.13732e-12  1.13732e-12  3.24519e-35
7.018789275e-01  1.1427111e-12  1.14271e-12  1.14271e-12  4.47815e-35
7.053883221e-01  1.1480308e-12  1.14803e-12  1.14803e-12  6.16919e-35
7.089152637e-01  1.1522227e-12  1.15222e-12  1.15222e-12  8.48548e-35
7.124598400e-01  1.1571613e-12  1.15716e-12  1.15716e-12  1.16512e-34
7.160221392e-01  1.1623810e-12  1.16238e-12  1.16238e-12  1.59710e-34
7.196022499e-01  1.1671733e-12  1.16717e-12  1.16717e-12  2.18571e-34
7.232002612e-01  1.1705842e-12  1.17058e-12  1.17058e-12  2.98674e-34
7.268162625e-01  1.1742705e-12  1.17427e-12  1.17427e-12  4.07455e-34
7.304503438e-01  1.1787125e-12  1.17871e-12  1.17871e-12  5.54913e-34
7.341025955e-01  1.1843957e-12  1.18440e-12  1.18440e-12  7.54427e-34
7.377731085e-01  1.1874873e-12  1.18749e-12  1.18749e-12  1.02427e-33
7.414619740e-01  1.1902552e-12  1.19026e-12  1.19026e-12  1.38844e-33
7.451692839e-01  1.1937832e-12  1.19378e-12  1.19378e-12  1.87897e-33
7.488951303e-01  1.1974725e-12  1.19747e-12  1.19747e-12  2.53871e-33
7.526396060e-01  1.2001127e-12  1.20011e-12  1.20011e-12  3.42502e-33
7.564028040e-01  1.2021831e-12  1.20218e-12  1.20218e-12  4.61375e-33
7.601848180e-01  1.2035590e-12  1.20356e-12  1.20356e-12  6.20573e-33
7.639857421e-01  1.2071634e-12  1.20716e-12  1.20716e-12  8.33234e-33
7.678056708e-01  1.2088560e-12  1.20886e-12  1.20886e-12  1.11723e-32
7.716446992e-01  1.2094832e-12  1.20948e-12  1.20948e-12  1.49587e-32
7.755029227e-01  1.2096533e-12  1.20965e-12  1.20965e-12  1.99984e-32
7.793804373e-01  1.2078908e-12  1.20789e-12  1.20789e-12  2.67000e-32
7.832773395e-01  1.2082468e-12  1.20825e-12  1.20825e-12  3.55863e-32
7.871937262e-01  1.2066669e-12  1.20667e-12  1.20667e-12  4.73668e-32
7.911296948e-01  1.2035133e-12  1.20351e-12  1.20351e-12  6.29613e-32
7.950853433e-01  1.2005105e-12  1.20051e-12  1.20051e-12  8.35636e-32
7.990607700e-01  1.1888763e-12  1.18888e-12  1.18888e-12  1.10828e-31
8.030560739e-01  1.1824541e-12  1.18245e-12  1.18245e-12  1.46701e-31
8.070713542e-01  1.1779171e-12  1.17792e-12  1.17792e-12  1.93868e-31
8.111067110e-01  1.1732871e-12  1.17329e-12  1.17329e-12  2.55825e-31
8.151622446e-01  1.1675711e-12  1.16757e-12  1.16757e-12  3.37124e-31
8.192380558e-01  1.1645004e-12  1.16450e-12  1.16450e-12  4.43509e-31
8.233342461e-01  1.1563627e-12  1.15636e-12  1.15636e-12  5.82885e-31
8.274509173e-01  1.1491293e-12  1.14913e-12  1.14913e-12  7.64898e-31
8.315881719e-01  1.1404346e-12  1.14043e-12  1.14043e-12  1.00244e-30
8.357461127e-01  1.1286545e-12  1.12865e-12  1.12865e-12  1.31224e-30
8.399248433e-01  1.1222798e-12  1.12228e-12  1.12228e-12  1.71453e-30
8.441244675e-01  1.1105737e-12  1.11057e-12  1.11057e-12  2.23805e-30
8.483450899e-01  1.1001578e-12  1.10016e-12  1.10016e-12  2.91698e-30
8.525868153e-01  1.0884090e-12  1.08841e-12  1.08841e-12  3.79702e-30
8.568497494e-01  1.0772060e-12  1.07721e-12  1.07721e-12  4.93547e-30
8.611339981e-01  1.0689311e-12  1.06893e-12  1.06893e-12  6.40477e-30
8.654396681e-01  1.0627126e-12  1.06271e-12  1.06271e-12  8.29857e-30
8.697668665e-01  1.0515386e-12  1.05154e-12  1.05154e-12  1.07423e-29
8.741157008e-01  1.0464341e-12  1.04643e-12  1.04643e-12  1.38794e-29
8.784862793e-01  1.0327428e-12  1.03274e-12  1.03274e-12  1.79217e-29
8.828787107e-01  1.0221190e-12  1.02212e-12  1.02212e-12  2.31041e-29
8.872931042e-01  1.0105555e-12  1.01056e-12  1.01056e-12  2.97476e-29
8.917295698e-01  9.9855616e-13  9.98556e-13  9.98556e-13  3.82519e-29
8.961882176e-01  9.9263761e-13  9.92638e-13  9.92638e-13  4.90963e-29
9.006691587e-01  9.8916641e-13  9.89166e-13  9.89166e-13  6.29186e-29
9.051725045e-01  9.8100506e-13  9.81005e-13  9.81005e-13  8.05594e-29
9.096983670e-01  9.7466788e-13  9.74668e-13  9.74668e-13  1.02995e-28
9.142468589e-01  9.7691074e-13  9.76911e-13  9.76911e-13  1.31411e-28
9.188180931e-01  9.7034008e-13  9.70340e-13  9.70340e-13  1.67578e-28
9.234121836e-01  9.6859385e-13  9.68594e-13  9.68594e-13  2.13335e-28
9.280292445e-01  9.6541900e-13  9.65419e-13  9.65419e-13  2.71272e-28
9.326693908e-01  9.6131816e-13  9.61318e-13  9.61318e-13  3.44532e-28
9.373327377e-01  9.5105405e-13  9.51054e-13  9.51054e-13  4.37256e-28
9.420194014e-01  9.4187209e-13  9.41872e-13  9.41872e-13  5.54185e-28
9.467294984e-01  9.3887902e-13  9.38879e-13  9.38879e-13  7.01126e-28
9.514631459e-01  9.2836984e-13  9.28370e-13  9.28370e-13  8.86500e-28
9.562204616e-01  9.2093548e-13  9.20935e-13  9.20935e-13  1.11920e-27
9.610015639e-01  9.1892937e-13  9.18929e-13  9.18929e-13  1.41056e-27
9.658065718e-01  9.0918140e-13  9.09181e-13  9.09181e-13  1.77680e-27
9.706356046e-01  9.0498179e-13  9.04982e-13  9.04982e-13  2.23431e-27
9.754887826e-01  9.0074118e-13  9.00741e-13  9.00741e-13  2.80621e-27
9.803662265e-01  8.9534741e-13  8.95347e-13  8.95347e-13  3.52060e-27
9.852680577e-01  8.9090562e-13  8.90906e-13  8.90906e-13  4.41116e-27
9.901943980e-01  8.8802999e-13  8.88030e-13  8.88030e-13  5.51963e-27
9.951453700e-01  8.8757751e-13  8.87578e-13  8.87578e-13  6.89695e-27
1.000121097e+00  8.8227958e-13  8.82280e-13  8.82280e-13  8.61137e-27
1.005121702e+00  8.8002022e-13  8.80020e-13  8.80020e-13  1.07364e-26
1.010147311e+00  8.8544826e-13  8.85448e-13  8.85448e-13  1.33612e-26
1.015198047e+00  8.8579025e-13  8.85790e-13  8.85790e-13  1.66155e-26
1.020274038e+00  8.9060815e-13  8.90608e-13  8.90608e-13  2.06303e-26
1.025375408e+00  8.9987975e-13  8.99880e-13  8.99880e-13  2.55755e-26
1.030502285e+00  9.0066277e-13  9.00663e-13  9.00663e-13  3.16932e-26
1.035654796e+00  9.0845150e-13  9.08451e-13  9.08451e-13  3.92050e-26
1.040833070e+00  9.1567852e-13  9.15679e-13  9.15679e-13  4.84440e-26
1.046037236e+00  9.2064871e-13  9.20649e-13  9.20649e-13  5.98043e-26
1.051267422e+00  9.3547253e-13  9.35473e-13  9.35473e-13  7.36800e-26
1.056523759e+00  9.5103522e-13  9.51035e-13  9.51035e-13  9.06665e-26
1.061806378e+00  9.5720721e-13  9.57207e-13  9.57207e-13  1.11538e-25
1.067115410e+00  9.6763347e-13  9.67633e-13  9.67633e-13  1.37008e-25
1.072450987e+00  9.8312633e-13  9.83126e-13  9.83126e-13  1.68030e-25
1.077813242e+00  9.9886144e-13  9.98861e-13  9.98861e-13  2.05843e-25
1.083202308e+00  1.0063509e-12  1.00635e-12  1.00635e-12  2.52076e-25
1.088618319e+00  1.0203121e-12  1.02031e-12  1.02031e-12  3.08172e-25
1.094061411e+00  1.0351088e-12  1.03511e-12  1.03511e-12  3.76311e-25
1.099531718e+00  1.0459860e-12  1.04599e-12  1.04599e-12  4.59181e-25
1.105029377e+00  1.0567578e-12  1.05676e-12  1.05676e-12  5.59701e-25
1.110554523e+00  1.0707302e-12  1.07073e-12  1.07073e-12  6.81288e-25
1.116107296e+00  1.0785706e-12  1.07857e-12  1.07857e-12  8.28873e-25
1.121687832e+00  1.0857287e-12  1.08573e-12  1.08573e-12  1.00742e-24
1.127296272e+00  1.0980693e-12  1.09807e-12  1.09807e-12  1.22254e-24
1.132932753e+00  1.1042103e-12  1.10421e-12  1.10421e-12  1.48288e-24
1.138597417e+00  1.1075806e-12  1.10758e-12  1.10758e-12  1.79726e-24
1.144290404e+00  1.1098295e-12  1.10983e-12  1.10983e-12  2.17626e-24
1.150011856e+00  1.1123571e-12  1.11236e-12  1.11236e-12  2.63237e-24
1.155761915e+00  1.1164327e-12  1.11643e-12  1.11643e-12  3.18034e-24
1.161540725e+00  1.1183527e-12  1.11835e-12  1.11835e-12  3.83921e-24
1.167348428e+00  1.1192846e-12  1.11928e-12  1.11928e-12  4.63030e-24
1.173185171e+00  1.1207270e-12  1.12073e-12  1.12073e-12  5.57847e-24
1.179051096e+00  1.1191316e-12  1.11913e-12  1.11913e-12  6.71598e-24
1.184946352e+00  1.1158929e-12  1.11589e-12  1.11589e-12  8.07863e-24
1.190871084e+00  1.1145482e-12  1.11455e-12  1.11455e-12  9.70627e-24
1.196825439e+00  1.1130416e-12  1.11304e-12  1.11304e-12  1.16505e-23
1.202809566e+00  1.1113746e-12  1.11137e-12  1.11137e-12  1.39705e-23
1.208823614e+00  1.1121376e-12  1.11214e-12  1.11214e-12  1.67320e-23
1.214867732e+00  1.1095852e-12  1.10959e-12  1.10959e-12  2.00263e-23
1.220942071e+00  1.1062096e-12  1.10621e-12  1.10621e-12  2.39479e-23
1.227046781e+00  1.1001242e-12  1.10012e-12  1.10012e-12  2.86174e-23
1.233182015e+00  1.0980225e-12  1.09802e-12  1.09802e-12  3.41510e-23
1.239347925e+00  1.1016366e-12  1.10164e-12  1.10164e-12  4.06923e-23
1.245544665e+00  1.0957901e-12  1.09579e-12  1.09579e-12  4.84860e-23
1.251772388e+00  1.0945465e-12  1.09455e-12  1.09455e-12  5.76911e-23
1.258031250e+00  1.0917212e-12  1.09172e-12  1.09172e-12  6.85898e-23
1.264321406e+00  1.0931188e-12  1.09312e-12  1.09312e-12  8.14360e-23
1.270643013e+00  1.0880306e-12  1.08803e-12  1.08803e-12  9.66614e-23
1.276996228e+00  1.0892115e-12  1.08921e-12  1.08921e-12  1.14553e-22
1.283381209e+00  1.0850348e-12  1.08503e-12  1.08503e-12  1.35706e-22
1.289798116e+00  1.0832008e-12  1.08320e-12  1.08320e-12  1.60577e-22
1.296247106e+00  1.0792874e-12  1.07929e-12  1.07929e-12  1.89874e-22
1.302728342e+00  1.0796210e-12  1.07962e-12  1.07962e-12  2.24212e-22
1.309241983e+00  1.0790452e-12  1.07905e-12  1.07905e-12  2.64544e-22
1.315788193e+00  1.0742836e-12  1.07428e-12  1.07428e-12  3.11986e-22
1.322367134e+00  1.0715099e-12  1.07151e-12  1.07151e-12  3.67530e-22
1.328978970e+00  1.0696492e-12  1.06965e-12  1.06965e-12  4.32533e-22
1.335623865e+00  1.0692150e-12  1.06921e-12  1.06921e-12  5.08503e-22
1.342301984e+00  1.0645543e-12  1.06455e-12  1.06455e-12  5.97556e-22
1.349013494e+00  1.0623705e-12  1.06237e-12  1.06237e-12  7.01402e-22
1.355758561e+00  1.0618058e-12  1.06181e-12  1.06181e-12  8.22429e-22
1.362537354e+00  1.0618094e-12  1.06181e-12  1.06181e-12  9.63439e-22
1.369350041e+00  1.0619633e-12  1.06196e-12  1.06196e-12  1.12762e-21
1.376196791e+00  1.0613451e-12  1.06135e-12  1.06135e-12  1.31876e-21
1.383077775e+00  1.0606769e-12  1.06068e-12  1.06068e-12  1.54097e-21
1.389993164e+00  1.0632040e-12  1.06320e-12  1.06320e-12  1.79845e-21
1.396943130e+00  1.0617165e-12  1.06172e-12  1.06172e-12  2.09809e-21
1.403927846e+00  1.0593820e-12  1.05938e-12  1.05938e-12  2.44581e-21
1.410947485e+00  1.0550102e-12  1.05501e-12  1.05501e-12  2.84940e-21
1.418002222e+00  1.0474315e-12  1.04743e-12  1.04743e-12  3.31800e-21
1.425092233e+00  1.0420471e-12  1.04205e-12  1.04205e-12  3.85952e-21
1.432217694e+00  1.0367542e-12  1.03675e-12  1.03675e-12  4.48566e-21
1.439378783e+00  1.0353878e-12  1.03539e-12  1.03539e-12  5.20677e-21
1.446575677e+00  1.0283981e-12  1.02840e-12  1.02840e-12  6.04271e-21
1.453808555e+00  1.0288248e-12  1.02882e-12  1.02882e-12  7.00120e-21
1.461077598e+00  1.0248270e-12  1.02483e-12  1.02483e-12  8.10924e-21
1.468382986e+00  1.0154993e-12  1.01550e-12  1.01550e-12  9.39084e-21
1.475724901e+00  1.0121640e-12  1.01216e-12  1.01216e-12  1.08588e-20
1.483103525e+00  1.0080403e-12  1.00804e-12  1.00804e-12  1.25472e-20
1.490519043e+00  1.0008534e-12  1.00085e-12  1.00085e-12  1.44919e-20
1.497971638e+00  9.9756733e-13  9.97567e-13  9.97567e-13  1.67172e-20
1.505461496e+00  9.9501380e-13  9.95014e-13  9.95014e-13  1.92672e-20
1.512988804e+00  9.8754853e-13  9.87549e-13  9.87549e-13  2.22018e-20
1.520553748e+00  9.8103615e-13  9.81036e-13  9.81036e-13  2.55606e-20
1.528156517e+00  9.7657969e-13  9.76580e-13  9.76580e-13  2.93975e-20
1.535797299e+00  9.6665358e-13  9.66654e-13  9.66654e-13  3.38066e-20
1.543476286e+00  9.6248185e-13  9.62482e-13  9.62482e-13  3.88203e-20
1.551193667e+00  9.5445010e-13  9.54450e-13  9.54450e-13  4.45644e-20
1.558949636e+00  9.4671941e-13  9.46719e-13  9.46719e-13  5.11180e-20
1.566744384e+00  9.3910478e-13  9.39105e-13  9.39105e-13  5.85904e-20
1.574578106e+00  9.3250816e-13  9.32508e-13  9.32508e-13  6.70964e-20
1.582450996e+00  9.2305253e-13  9.23053e-13  9.23052e-13  7.68073e-20
1.590363251e+00  9.1757426e-13  9.17574e-13  9.17574e-13  8.78152e-20
1.598315067e+00  9.0756675e-13  9.07567e-13  9.07567e-13  1.00383e-19
1.606306643e+00  9.0194619e-13  9.01946e-13  9.01946e-13  1.14603e-19
1.614338176e+00  8.9659786e-13  8.96598e-13  8.96598e-13  1.30737e-19
1.622409867e+00  8.8635267e-13  8.86353e-13  8.86353e-13  1.49127e-19
1.630521916e+00  8.7930026e-13  8.79300e-13  8.79300e-13  1.69912e-19
1.638674526e+00  8.7166638e-13  8.71666e-13  8.71666e-13  1.93469e-19
1.646867898e+00  8.6380576e-13  8.63806e-13  8.63806e-13  2.20141e-19
1.655102238e+00  8.5726599e-13  8.57266e-13  8.57266e-13  2.50269e-19
1.663377749e+00  8.4665489e-13  8.46655e-13  8.46655e-13  2.84470e-19
1.671694638e+00  8.3738181e-13  8.37382e-13  8.37381e-13  3.23062e-19
1.680053111e+00  8.2900481e-13  8.29005e-13  8.29004e-13  3.66590e-19
1.688453377e+00  8.2067153e-13  8.20672e-13  8.20671e-13  4.15692e-19
1.696895643e+00  8.1088024e-13  8.10880e-13  8.10880e-13  4.71136e-19
1.705380122e+00  8.0123271e-13  8.01233e-13  8.01232e-13  5.33598e-19
1.713907022e+00  7.9313108e-13  7.93131e-13  7.93130e-13  6.03804e-19
1.722476557e+00  7.8556606e-13  7.85566e-13  7.85565e-13  6.82732e-19
1.731088940e+00  7.7208083e-13  7.72081e-13  7.72080e-13  7.72072e-19
1.739744385e+00  7.6552007e-13  7.65520e-13  7.65519e-13  8.71700e-19
1.748443107e+00  7.5802012e-13  7.58020e-13  7.58019e-13  9.83648e-19
1.757185322e+00  7.4927645e-13  7.49276e-13  7.49275e-13  1.10942e-18
1.765971249e+00  7.4098728e-13  7.40987e-13  7.40986e-13  1.25037e-18
1.774801105e+00  7.3362227e-13  7.33622e-13  7.33621e-13  1.40811e-18
1.783675111e+00  7.2543053e-13  7.25431e-13  7.25429e-13  1.58490e-18
1.792593486e+00  7.1548550e-13  7.15486e-13  7.15484e-13  1.78315e-18
1.801556454e+00  7.0249208e-13  7.02492e-13  7.02490e-13  2.00577e-18
1.810564236e+00  6.9185665e-13  6.91857e-13  6.91854e-13  2.25398e-18
1.819617057e+00  6.8168932e-13  6.81689e-13  6.81687e-13  2.53112e-18
1.828715142e+00  6.7758074e-13  6.77581e-13  6.77578e-13  2.83807e-18
1.837858718e+00  6.6433325e-13  6.64333e-13  6.64330e-13  3.18439e-18
1.847048012e+00  6.6241731e-13  6.62417e-13  6.62414e-13  3.56488e-18
1.856283252e+00  6.5792387e-13  6.57924e-13  6.57920e-13  3.98978e-18
1.865564668e+00  6.5119813e-13  6.51198e-13  6.51194e-13  4.46396e-18
1.874892491e+00  6.4205687e-13  6.42057e-13  6.42052e-13  4.99315e-18
1.884266954e+00  6.3491044e-13  6.34910e-13  6.34905e-13  5.57998e-18
1.893688289e+00  6.2751749e-13  6.27517e-13  6.27511e-13  6.23215e-18
1.903156730e+00  6.1842091e-13  6.18421e-13  6.18414e-13  6.95804e-18
1.912672514e+00  6.0939688e-13  6.09397e-13  6.09389e-13  7.76367e-18
1.922235876e+00  6.0311849e-13  6.03118e-13  6.03110e-13  8.65375e-18
1.931847056e+00  5.9522867e-13  5.95229e-13  5.95219e-13  9.64238e-18
1.941506291e+00  5.8782741e-13  5.87827e-13  5.87817e-13  1.07367e-17
1.951213822e+00  5.8090688e-13  5.80907e-13  5.80895e-13  1.19472e-17
1.960969892e+00  5.7170975e-13  5.71710e-13  5.71696e-13  1.32909e-17
1.970774741e+00  5.6658507e-13  5.66585e-13  5.66570e-13  1.47677e-17
1.980628615e+00  5.6148961e-13  5.61490e-13  5.61473e-13  1.63988e-17
1.990531758e+00  5.5289406e-13  5.52894e-13  5.52876e-13  1.82093e-17
2.000484417e+00  5.4664136e-13  5.46641e-13  5.46621e-13  2.02005e-17
2.010486839e+00  5.4173214e-13  5.41732e-13  5.41710e-13  2.23917e-17
2.020539273e+00  5.3671579e-13  5.36716e-13  5.36691e-13  2.48065e-17
2.030641969e+00  5.2970518e-13  5.29705e-13  5.29678e-13  2.74746e-17
2.040795179e+00  5.2422612e-13  5.24226e-13  5.24196e-13  3.04049e-17
2.050999155e+00  5.1805141e-13  5.18051e-13  5.18018e-13  3.36322e-17
2.061254151e+00  5.1271809e-13  5.12718e-13  5.12681e-13  3.71760e-17
2.071560421e+00  5.0775042e-13  5.07750e-13  5.07709e-13  4.10674e-17
2.081918224e+00  5.0392668e-13  5.03927e-13  5.03881e-13  4.53321e-17
2.092327815e+00  4.9739292e-13  4.97393e-13  4.97343e-13  5.00341e-17
2.102789454e+00  4.9433347e-13  4.94333e-13  4.94278e-13  5.51610e-17
2.113303401e+00  4.9051385e-13  4.90514e-13  4.90453e-13  6.07872e-17
2.123869918e+00  4.8735087e-13  4.87351e-13  4.87284e-13  6.69426e-17
2.134489268e+00  4.8147735e-13  4.81477e-13  4.81404e-13  7.37148e-17
2.145161714e+00  4.7810340e-13  4.78103e-13  4.78022e-13  8.10932e-17
2.155887523e+00  4.7268259e-13  4.72683e-13  4.72593e-13  8.91929e-17
2.166666960e+00  4.6960040e-13  4.69600e-13  4.69502e-13  9.80088e-17
2.177500295e+00  4.6720841e-13  4.67208e-13  4.67101e-13  1.07625e-16
2.188387796e+00  4.6377822e-13  4.63778e-13  4.63660e-13  1.18142e-16
2.199329735e+00  4.5993919e-13  4.59939e-13  4.59810e-13  1.29627e-16
2.210326384e+00  4.5848061e-13  4.58481e-13  4.58339e-13  1.42093e-16
2.221378016e+00  4.5539248e-13  4.55392e-13  4.55237e-13  1.55720e-16
2.232484906e+00  4.5219868e-13  4.52199e-13  4.52028e-13  1.70567e-16
2.243647331e+00  4.5192354e-13  4.51924e-13  4.51737e-13  1.86632e-16
2.254865567e+00  4.4927099e-13  4.49271e-13  4.49067e-13  2.04191e-16
2.266139895e+00  4.4656872e-13  4.46569e-13  4.46345e-13  2.23289e-16
2.277470595e+00  4.4399234e-13  4.43992e-13  4.43748e-13  2.44040e-16
2.288857948e+00  4.4073232e-13  4.40732e-13  4.40466e-13  2.66617e-16
2.300302237e+00  4.3840687e-13  4.38407e-13  4.38116e-13  2.91082e-16
2.311803748e+00  4.3597344e-13  4.35973e-13  4.35656e-13  3.17636e-16
2.323362767e+00  4.3354767e-13  4.33548e-13  4.33201e-13  3.46436e-16
2.334979581e+00  4.3202775e-13  4.32028e-13  4.31650e-13  3.77591e-16
2.346654479e+00  4.2922185e-13  4.29222e-13  4.28810e-13  4.11442e-16
2.358387751e+00  4.2642987e-13  4.26430e-13  4.25982e-13  4.48104e-16
2.370179690e+00  4.2464161e-13  4.24642e-13  4.24154e-13  4.87693e-16
2.382030589e+00  4.2394608e-13  4.23946e-13  4.23416e-13  5.30402e-16
2.393940742e+00  4.2177287e-13  4.21773e-13  4.21196e-13  5.76734e-16
2.405910445e+00  4.2073726e-13  4.20737e-13  4.20111e-13  6.26662e-16
2.417939997e+00  4.1921210e-13  4.19212e-13  4.18531e-13  6.80647e-16
2.430029697e+00  4.1773889e-13  4.17739e-13  4.17000e-13  7.38913e-16
2.442179846e+00  4.1684423e-13  4.16844e-13  4.16043e-13  8.01683e-16
2.454390745e+00  4.1327059e-13  4.13271e-13  4.12401e-13  8.69848e-16
2.466662699e+00  4.1164947e-13  4.11649e-13  4.10706e-13  9.42977e-16
2.478996012e+00  4.1106305e-13  4.11063e-13  4.10042e-13  1.02154e-15
2.491390992e+00  4.0877359e-13  4.08774e-13  4.07667e-13  1.10653e-15
2.503847947e+00  4.0654796e-13  4.06548e-13  4.05350e-13  1.19800e-15
2.516367187e+00  4.0529517e-13  4.05295e-13  4.03999e-13  1.29616e-15
2.528949023e+00  4.0424274e-13  4.04243e-13  4.02841e-13  1.40165e-15
2.541593768e+00  4.0318782e-13  4.03188e-13  4.01673e-13  1.51501e-15
2.554301737e+00  4.0193332e-13  4.01933e-13  4.00296e-13  1.63686e-15
2.567073246e+00  4.0092619e-13  4.00926e-13  3.99159e-13  1.76759e-15
2.579908612e+00  3.9996691e-13  3.99967e-13  3.98059e-13  1.90787e-15
2.592808155e+00  3.9866810e-13  3.98668e-13  3.96610e-13  2.05850e-15
2.605772196e+00  3.9747041e-13  3.97470e-13  3.95250e-13  2.21997e-15
2.618801057e+00  3.9627722e-13  3.96277e-13  3.93884e-13  2.39302e-15
2.631895062e+00  3.9504213e-13  3.95042e-13  3.92464e-13  2.57842e-15
2.645054537e+00  3.9381414e-13  3.93814e-13  3.91037e-13  2.77695e-15
2.658279810e+00  3.9259427e-13  3.92594e-13  3.89605e-13  2.98943e-15
2.671571209e+00  3.9115194e-13  3.91152e-13  3.87935e-13  3.21692e-15
2.684929065e+00  3.8995320e-13  3.89953e-13  3.86493e-13  3.46001e-15
2.698353710e+00  3.8844634e-13  3.88446e-13  3.84726e-13  3.72012e-15
2.711845479e+00  3.8682087e-13  3.86821e-13  3.82823e-13  3.99817e-15
2.725404706e+00  3.8485617e-13  3.84856e-13  3.80561e-13  4.29552e-15
2.739031730e+00  3.8296325e-13  3.82963e-13  3.78350e-13  4.61293e-15
2.752726889e+00  3.8109811e-13  3.81098e-13  3.76146e-13  4.95167e-15
2.766490523e+00  3.7921810e-13  3.79218e-13  3.73905e-13  5.31307e-15
2.780322976e+00  3.7741293e-13  3.77413e-13  3.71715e-13  5.69835e-15
2.794224591e+00  3.7576973e-13  3.75770e-13  3.69661e-13  6.10879e-15
2.808195713e+00  3.7441610e-13  3.74416e-13  3.67870e-13  6.54561e-15
2.822236692e+00  3.7321981e-13  3.73220e-13  3.66209e-13  7.01048e-15
2.836347875e+00  3.7209501e-13  3.72095e-13  3.64590e-13  7.50516e-15
2.850529615e+00  3.7100052e-13  3.71001e-13  3.62969e-13  8.03141e-15
2.864782263e+00  3.6989655e-13  3.69897e-13  3.61305e-13  8.59111e-15
2.879106174e+00  3.6882744e-13  3.68827e-13  3.59641e-13  9.18603e-15
2.893501705e+00  3.6779526e-13  3.67795e-13  3.57977e-13  9.81814e-15
2.907969214e+00  3.6676143e-13  3.66761e-13  3.56272e-13  1.04896e-14
2.922509060e+00  3.6568872e-13  3.65689e-13  3.54486e-13  1.12027e-14
2.937121605e+00  3.6450111e-13  3.64501e-13  3.52541e-13  1.19599e-14
2.951807213e+00  3.6352329e-13  3.63523e-13  3.50761e-13  1.27627e-14
2.966566249e+00  3.6279354e-13  3.62794e-13  3.49180e-13  1.36131e-14
2.981399080e+00  3.6199637e-13  3.61996e-13  3.47481e-13  1.45150e-14
2.996306076e+00  3.6137062e-13  3.61371e-13  3.45901e-13  1.54700e-14
3.011287606e+00  3.6056926e-13  3.60569e-13  3.44087e-13  1.64824e-14
3.026344044e+00  3.5983041e-13  3.59830e-13  3.42276e-13  1.75542e-14
3.041475764e+00  3.5911924e-13  3.59119e-13  3.40431e-13  1.86886e-14
3.056683143e+00  3.5825164e-13  3.58252e-13  3.38362e-13  1.98900e-14
3.071966559e+00  3.5734849e-13  3.57348e-13  3.36187e-13  2.11611e-14
3.087326392e+00  3.5637896e-13  3.56379e-13  3.33873e-13  2.25058e-14
3.102763024e+00  3.5582801e-13  3.55828e-13  3.31903e-13  2.39245e-14
3.118276839e+00  3.5521747e-13  3.55217e-13  3.29793e-13  2.54241e-14
3.133868223e+00  3.5466331e-13  3.54663e-13  3.27656e-13  2.70078e-14
3.149537564e+00  3.5417049e-13  3.54170e-13  3.25491e-13  2.86797e-14
3.165285252e+00  3.5392188e-13  3.53922e-13  3.23480e-13  3.04423e-14
3.181111678e+00  3.5353052e-13  3.53531e-13  3.21227e-13  3.23037e-14
3.197017237e+00  3.5356648e-13  3.53566e-13  3.19304e-13  3.42629e-14
3.213002323e+00  3.5371453e-13  3.53715e-13  3.17387e-13  3.63276e-14
3.229067334e+00  3.5387652e-13  3.53877e-13  3.15373e-13  3.85038e-14
3.245212671e+00  3.5419643e-13  3.54196e-13  3.13401e-13  4.07950e-14
3.261438734e+00  3.5474617e-13  3.54746e-13  3.11541e-13  4.32055e-14
3.277745928e+00  3.5526076e-13  3.55261e-13  3.09516e-13  4.57444e-14
3.294134658e+00  3.5571708e-13  3.55717e-13  3.07299e-13  4.84183e-14
3.310605331e+00  3.5658661e-13  3.56587e-13  3.05361e-13  5.12256e-14
3.327158358e+00  3.5741210e-13  3.57412e-13  3.03232e-13  5.41801e-14
3.343794149e+00  3.5826966e-13  3.58270e-13  3.00982e-13  5.72872e-14
3.360513120e+00  3.5824136e-13  3.58241e-13  2.97668e-13  6.05732e-14
3.377315686e+00  3.5755326e-13  3.57553e-13  2.93509e-13  6.40442e-14
3.394202264e+00  3.6217220e-13  3.62172e-13  2.94602e-13  6.75699e-14
3.411173276e+00  3.6325036e-13  3.63250e-13  2.91893e-13  7.13577e-14
3.428229142e+00  3.6512153e-13  3.65122e-13  2.89806e-13  7.53160e-14
3.445370288e+00  3.6942444e-13  3.69424e-13  2.90022e-13  7.94027e-14
3.462597139e+00  3.7241469e-13  3.72415e-13  2.88687e-13  8.37278e-14
3.479910125e+00  3.7495191e-13  3.74952e-13  2.86672e-13  8.82798e-14
3.497309675e+00  3.7709363e-13  3.77094e-13  2.84024e-13  9.30693e-14
3.514796224e+00  3.8089080e-13  3.80891e-13  2.82857e-13  9.80338e-14
3.532370205e+00  3.8523500e-13  3.85235e-13  2.82019e-13  1.03216e-13
3.550032056e+00  3.8863147e-13  3.88631e-13  2.79946e-13  1.08685e-13
3.567782216e+00  3.9263300e-13  3.92633e-13  2.78242e-13  1.14391e-13
3.585621127e+00  3.9692886e-13  3.96929e-13  2.76574e-13  1.20355e-13
3.603549233e+00  4.0136100e-13  4.01361e-13  2.74766e-13  1.26595e-13
3.621566979e+00  4.0616409e-13  4.06164e-13  2.73052e-13  1.33112e-13
3.639674814e+00  4.1110084e-13  4.11101e-13  2.71174e-13  1.39927e-13
3.657873188e+00  4.1656385e-13  4.16564e-13  2.69533e-13  1.47031e-13
3.676162554e+00  4.2231728e-13  4.22317e-13  2.67870e-13  1.54447e-13
3.694543367e+00  4.2845193e-13  4.28452e-13  2.66270e-13  1.62182e-13
3.713016084e+00  4.3489943e-13  4.34899e-13  2.64647e-13  1.70252e-13
3.731581164e+00  4.4169797e-13  4.41698e-13  2.63031e-13  1.78667e-13
3.750239070e+00  4.4891008e-13  4.48910e-13  2.61475e-13  1.87435e-13
3.768990265e+00  4.5637110e-13  4.56371e-13  2.59789e-13  1.96582e-13
3.787835216e+00  4.6439427e-13  4.64394e-13  2.58300e-13  2.06095e-13
3.806774393e+00  4.7262051e-13  4.72621e-13  2.56601e-13  2.16020e-13
3.825808265e+00  4.8145471e-13  4.81455e-13  2.55122e-13  2.26333e-13
3.844937306e+00  4.9054727e-13  4.90547e-13  2.53463e-13  2.37084e-13
3.864161992e+00  5.0017537e-13  5.00175e-13  2.51917e-13  2.48258e-13
3.883482802e+00  5.1014200e-13  5.10142e-13  2.50247e-13  2.59895e-13
3.902900216e+00  5.2069282e-13  5.20693e-13  2.48714e-13  2.71979e-13
3.922414717e+00  5.3156965e-13  5.31570e-13  2.47008e-13  2.84562e-13
3.942026791e+00  5.4318938e-13  5.43189e-13  2.45589e-13  2.97600e-13
3.961736925e+00  5.5510223e-13  5.55102e-13  2.43924e-13  3.11178e-13
3.981545610e+00  5.6767365e-13  5.67674e-13  2.42416e-13  3.25257e-13
4.001453338e+00  5.8062084e-13  5.80621e-13  2.40718e-13  3.39903e-13
4.021460604e+00  5.9431656e-13  5.94317e-13  2.39248e-13  3.55068e-13
4.041567907e+00  6.0862618e-13  6.08626e-13  2.37833e-13  3.70793e-13
4.061775747e+00  6.2346517e-13  6.23465e-13  2.36351e-13  3.87115e-13
4.082084626e+00  6.3885360e-13  6.38854e-13  2.34803e-13  4.04051e-13
4.102495049e+00  6.5498230e-13  6.54982e-13  2.33404e-13  4.21578e-13
4.123007524e+00  6.7173154e-13  6.71732e-13  2.31987e-13  4.39745e-13
4.143622562e+00  6.8904737e-13  6.89047e-13  2.30459e-13  4.58589e-13
4.164340674e+00  7.0707761e-13  7.07078e-13  2.28984e-13  4.78093e-13
4.185162378e+00  7.2575120e-13  7.25751e-13  2.27448e-13  4.98304e-13
4.206088190e+00  7.4534334e-13  7.45343e-13  2.26191e-13  5.19153e-13
4.227118631e+00  7.6572541e-13  7.65725e-13  2.25027e-13  5.40699e-13
4.248254224e+00  7.8647824e-13  7.86478e-13  2.23352e-13  5.63126e-13
4.269495495e+00  8.0813374e-13  8.08134e-13  2.21865e-13  5.86269e-13
4.290842972e+00  8.3074575e-13  8.30746e-13  2.20626e-13  6.10120e-13
4.312297187e+00  8.5370278e-13  8.53703e-13  2.18716e-13  6.34986e-13
4.333858673e+00  8.7780555e-13  8.77806e-13  2.17274e-13  6.60531e-13
4.355527967e+00  9.0264662e-13  9.02647e-13  2.15668e-13  6.86978e-13
4.377305606e+00  9.2844277e-13  9.28443e-13  2.14199e-13  7.14244e-13
4.399192134e+00  9.5520549e-13  9.55205e-13  2.12864e-13  7.42342e-13
4.421188095e+00  9.8265238e-13  9.82652e-13  2.11159e-13  7.71493e-13
4.443294036e+00  1.0109839e-12  1.01098e-12  2.09363e-13  8.01621e-13
4.465510506e+00  1.0402624e-12  1.04026e-12  2.07539e-13  8.32723e-13
4.487838058e+00  1.0704804e-12  1.07048e-12  2.05629e-13  8.64852e-13
4.510277249e+00  1.1017284e-12  1.10173e-12  2.03754e-13  8.97975e-13
4.532828635e+00  1.1340075e-12  1.13401e-12  2.01874e-13  9.32133e-13
4.555492778e+00  1.1673233e-12  1.16732e-12  1.99951e-13  9.67372e-13
4.578270242e+00  1.2016353e-12  1.20164e-12  1.97828e-13  1.00381e-12
4.601161593e+00  1.2370560e-12  1.23706e-12  1.95687e-13  1.04137e-12
4.624167401e+00  1.2735827e-12  1.27358e-12  1.93450e-13  1.08013e-12
4.647288238e+00  1.3112494e-12  1.31125e-12  1.91121e-13  1.12013e-12
4.670524679e+00  1.3501025e-12  1.35010e-12  1.88740e-13  1.16136e-12
4.693877303e+00  1.3901352e-12  1.39014e-12  1.86177e-13  1.20396e-12
4.717346689e+00  1.4314309e-12  1.43143e-12  1.83587e-13  1.24784e-12
4.740933423e+00  1.4740367e-12  1.47404e-12  1.81045e-13  1.29299e-12
4.764638090e+00  1.5179715e-12  1.51797e-12  1.78531e-13  1.33944e-12
4.788461280e+00  1.5632686e-12  1.56327e-12  1.76100e-13  1.38717e-12
4.812403587e+00  1.6099550e-12  1.60995e-12  1.73823e-13  1.43613e-12
4.836465604e+00  1.6580234e-12  1.65802e-12  1.71480e-13  1.48654e-12
4.860647933e+00  1.7075127e-12  1.70751e-12  1.69164e-13  1.53835e-12
4.884951172e+00  1.7584475e-12  1.75845e-12  1.66768e-13  1.59168e-12
4.909375928e+00  1.8108613e-12  1.81086e-12  1.64400e-13  1.64646e-12
4.933922808e+00  1.8647729e-12  1.86477e-12  1.62128e-13  1.70264e-12
4.958592422e+00  1.9202208e-12  1.92022e-12  1.59779e-13  1.76044e-12
4.983385384e+00  1.9772593e-12  1.97726e-12  1.57270e-13  1.81999e-12
5.008302311e+00  2.0358814e-12  2.03588e-12  1.54859e-13  1.88102e-12
5.033343822e+00  2.0960837e-12  2.09608e-12  1.52611e-13  1.94347e-12
5.058510541e+00  2.1579044e-12  2.15790e-12  1.50421e-13  2.00748e-12
5.083803094e+00  2.2213438e-12  2.22134e-12  1.48338e-13  2.07301e-12
5.109222110e+00  2.2864494e-12  2.28645e-12  1.46280e-13  2.14017e-12
5.134768220e+00  2.3532372e-12  2.35324e-12  1.44261e-13  2.20898e-12
5.160442061e+00  2.4217463e-12  2.42175e-12  1.42248e-13  2.27950e-12
5.186244272e+00  2.4919730e-12  2.49197e-12  1.40291e-13  2.35168e-12
5.212175493e+00  2.5639352e-12  2.56394e-12  1.38387e-13  2.42555e-12
5.238236370e+00  2.6376739e-12  2.63767e-12  1.36505e-13  2.50117e-12
5.264427552e+00  2.7131221e-12  2.71312e-12  1.34752e-13  2.57837e-12
5.290749690e+00  2.7901158e-12  2.79012e-12  1.33308e-13  2.65681e-12
5.317203438e+00  2.8687232e-12  2.86872e-12  1.32061e-13  2.73666e-12
5.343789456e+00  2.9487536e-12  2.94875e-12  1.31170e-13  2.81758e-12
5.370508403e+00  3.0305431e-12  3.03054e-12  1.30283e-13  2.90026e-12
5.397360945e+00  3.1139299e-12  3.11393e-12  1.29549e-13  2.98438e-12
5.424347750e+00  3.1988802e-12  3.19888e-12  1.28978e-13  3.06990e-12
5.451469488e+00  3.2858169e-12  3.28582e-12  1.28247e-13  3.15757e-12
5.478726836e+00  3.3747497e-12  3.37475e-12  1.27388e-13  3.24736e-12
5.506120470e+00  3.4659713e-12  3.46597e-12  1.26249e-13  3.33972e-12
5.533651072e+00  3.5593548e-12  3.55935e-12  1.24963e-13  3.43439e-12
5.561319328e+00  3.6548319e-12  3.65483e-12  1.23605e-13  3.53123e-12
5.589125924e+00  3.7528034e-12  3.75280e-12  1.21983e-13  3.63082e-12
5.617071554e+00  3.8529520e-12  3.85295e-12  1.20311e-13  3.73264e-12
5.645156912e+00  3.9547457e-12  3.95475e-12  1.18862e-13  3.83588e-12
5.673382696e+00  4.0589747e-12  4.05897e-12  1.17253e-13  3.94172e-12
5.701749610e+00  4.1647460e-12  4.16475e-12  1.15903e-13  4.04884e-12
5.730258358e+00  4.2727461e-12  4.27275e-12  1.14501e-13  4.15825e-12
5.758909650e+00  4.3831764e-12  4.38318e-12  1.12982e-13  4.27019e-12
5.787704198e+00  4.4969980e-12  4.49700e-12  1.11010e-13  4.38599e-12
5.816642719e+00  4.6120888e-12  4.61209e-12  1.09413e-13  4.50268e-12
5.845725932e+00  4.7301206e-12  4.73012e-12  1.07579e-13  4.62254e-12
5.874954562e+00  4.8490051e-12  4.84901e-12  1.06225e-13  4.74278e-12
5.904329335e+00  4.9709083e-12  4.97091e-12  1.04621e-13  4.86629e-12
5.933850982e+00  5.0939625e-12  5.09396e-12  1.03362e-13  4.99060e-12
5.963520237e+00  5.2196698e-12  5.21967e-12  1.01980e-13  5.11769e-12
5.993337838e+00  5.3464729e-12  5.34647e-12  1.00920e-13  5.24555e-12
6.023304527e+00  5.4760305e-12  5.47603e-12  9.97124e-14  5.37632e-12
6.053421050e+00  5.6065878e-12  5.60659e-12  9.88192e-14  5.50777e-12
6.083688155e+00  5.7421926e-12  5.74219e-12  9.72282e-14  5.64496e-12
6.114106596e+00  5.8796562e-12  5.87966e-12  9.57638e-14  5.78389e-12
6.144677129e+00  6.0198913e-12  6.01989e-12  9.42114e-14  5.92568e-12
6.175400514e+00  6.1615906e-12  6.16159e-12  9.28647e-14  6.06873e-12
6.206277517e+00  6.3057443e-12  6.30574e-12  9.14993e-14  6.21425e-12
6.237308904e+00  6.4509310e-12  6.45093e-12  9.04018e-14  6.36053e-12
6.268495449e+00  6.5982293e-12  6.59823e-12  8.93387e-14  6.50889e-12
6.299837926e+00  6.7465926e-12  6.74659e-12  8.85003e-14  6.65809e-12
6.331337116e+00  6.8951060e-12  6.89511e-12  8.80254e-14  6.80708e-12
6.362993801e+00  7.0461162e-12  7.04612e-12  8.74742e-14  6.95864e-12
6.394808770e+00  7.2015136e-12  7.20151e-12  8.65427e-14  7.11497e-12
6.426782814e+00  7.3576671e-12  7.35767e-12  8.58480e-14  7.27182e-12
6.458916728e+00  7.5175367e-12  7.51754e-12  8.49113e-14  7.43263e-12
6.491211312e+00  7.6749243e-12  7.67492e-12  8.46759e-14  7.59025e-12
6.523667368e+00  7.8422087e-12  7.84221e-12  8.32982e-14  7.75891e-12
6.556285705e+00  8.0096380e-12  8.00964e-12  8.22411e-14  7.92740e-12
6.589067134e+00  8.1794443e-12  8.17944e-12  8.11751e-14  8.09827e-12
6.622012469e+00  8.3513943e-12  8.35139e-12  8.01315e-14  8.27126e-12
6.655122532e+00  8.5257188e-12  8.52572e-12  7.90792e-14  8.44664e-12
6.688398144e+00  8.7035054e-12  8.70351e-12  7.78876e-14  8.62562e-12
6.721840135e+00  8.8826149e-12  8.88261e-12  7.68206e-14  8.80579e-12
6.755449336e+00  9.0648072e-12  9.06481e-12  7.56670e-14  8.98914e-12
6.789226583e+00  9.2446755e-12  9.24468e-12  7.50282e-14  9.16965e-12
6.823172715e+00  9.4293067e-12  9.42931e-12  7.41025e-14  9.35520e-12
6.857288579e+00  9.6174696e-12  9.61747e-12  7.30423e-14  9.54443e-12
6.891575022e+00  9.8118297e-12  9.81183e-12  7.15936e-14  9.74024e-12
6.926032897e+00  1.0007748e-11  1.00077e-11  7.02404e-14  9.93751e-12
6.960663062e+00  1.0203361e-11  1.02034e-11  6.91494e-14  1.01342e-11
6.995466377e+00  1.0403389e-11  1.04034e-11  6.78673e-14  1.03355e-11
7.030443709e+00  1.0605770e-11  1.06058e-11  6.65932e-14  1.05392e-11
7.065595927e+00  1.0809641e-11  1.08096e-11  6.54001e-14  1.07442e-11
7.100923907e+00  1.1016244e-11  1.10162e-11  6.41776e-14  1.09521e-11
7.136428526e+00  1.1226373e-11  1.12264e-11  6.28638e-14  1.11635e-11
7.172110669e+00  1.1437483e-11  1.14375e-11  6.16660e-14  1.13758e-11
7.207971222e+00  1.1652371e-11  1.16524e-11  6.03610e-14  1.15920e-11
7.244011079e+00  1.1870170e-11  1.18702e-11  5.90219e-14  1.18111e-11
7.280231134e+00  1.2090180e-11  1.20902e-11  5.77018e-14  1.20325e-11
7.316632290e+00  1.2315689e-11  1.23157e-11  5.61691e-14  1.22595e-11
7.353215451e+00  1.2542242e-11  1.25422e-11  5.47440e-14  1.24875e-11
7.389981528e+00  1.2771784e-11  1.27718e-11  5.32893e-14  1.27185e-11
7.426931436e+00  1.3003168e-11  1.30032e-11  5.18812e-14  1.29513e-11
7.464066093e+00  1.3237008e-11  1.32370e-11  5.04775e-14  1.31865e-11
7.501386424e+00  1.3473967e-11  1.34740e-11  4.90374e-14  1.34249e-11
7.538893356e+00  1.3710919e-11  1.37109e-11  4.77489e-14  1.36632e-11
7.576587822e+00  1.3951625e-11  1.39516e-11  4.63830e-14  1.39052e-11
7.614470762e+00  1.4194726e-11  1.41947e-11  4.50218e-14  1.41497e-11
7.652543115e+00  1.4439776e-11  1.44398e-11  4.36892e-14  1.43961e-11
7.690805831e+00  1.4688503e-11  1.46885e-11  4.22907e-14  1.46462e-11
7.729259860e+00  1.4937519e-11  1.49375e-11  4.10070e-14  1.48965e-11
7.767906159e+00  1.5194003e-11  1.51940e-11  3.94663e-14  1.51545e-11
7.806745690e+00  1.5455569e-11  1.54556e-11  3.78053e-14  1.54178e-11
7.845779419e+00  1.5717460e-11  1.57175e-11  3.62617e-14  1.56812e-11
7.885008316e+00  1.5989776e-11  1.59898e-11  3.43541e-14  1.59554e-11
7.924433357e+00  1.6241553e-11  1.62416e-11  3.35227e-14  1.62080e-11
7.964055524e+00  1.6501847e-11  1.65018e-11  3.23951e-14  1.64695e-11
8.003875802e+00  1.6785696e-11  1.67857e-11  3.03395e-14  1.67554e-11
8.043895181e+00  1.7068555e-11  1.70686e-11  2.84627e-14  1.70401e-11
8.084114657e+00  1.7354210e-11  1.73542e-11  2.65962e-14  1.73276e-11
8.124535230e+00  1.7635452e-11  1.76355e-11  2.50301e-14  1.76104e-11
8.165157906e+00  1.7905531e-11  1.79055e-11  2.40091e-14  1.78815e-11
8.205983696e+00  1.8162007e-11  1.81620e-11  2.35883e-14  1.81384e-11
8.247013614e+00  1.8389303e-11  1.83893e-11  2.43090e-14  1.83650e-11
8.288248682e+00  1.8575619e-11  1.85756e-11  2.65220e-14  1.85491e-11
8.329689926e+00  1.8693435e-11  1.86934e-11  3.11053e-14  1.86623e-11
8.371338375e+00  1.8764707e-11  1.87647e-11  3.71227e-14  1.87276e-11
8.413195067e+00  1.8831241e-11  1.88312e-11  4.30405e-14  1.87882e-11
8.455261042e+00  1.8880940e-11  1.88809e-11  4.92607e-14  1.88317e-11
8.497537348e+00  1.8925607e-11  1.89256e-11  5.53698e-14  1.88702e-11
8.540025034e+00  1.8974281e-11  1.89743e-11  6.10784e-14  1.89132e-11
8.582725160e+00  1.9028491e-11  1.90285e-11  6.63576e-14  1.89621e-11
8.625638785e+00  1.9084223e-11  1.90842e-11  7.13508e-14  1.90129e-11
8.668766979e+00  1.9122698e-11  1.91227e-11  7.66295e-14  1.90461e-11
8.712110814e+00  1.9141225e-11  1.91412e-11  8.22467e-14  1.90590e-11
8.755671368e+00  1.9129437e-11  1.91294e-11  8.84689e-14  1.90410e-11
8.799449725e+00  1.9071874e-11  1.90719e-11  9.56811e-14  1.89762e-11
8.843446974e+00  1.8976733e-11  1.89767e-11  1.03588e-13  1.88731e-11
8.887664209e+00  1.8864814e-11  1.88648e-11  1.11581e-13  1.87532e-11
8.932102530e+00  1.8794348e-11  1.87943e-11  1.18122e-13  1.86762e-11
8.976763042e+00  1.8710299e-11  1.87103e-11  1.24704e-13  1.85856e-11
9.021646857e+00  1.8570731e-11  1.85707e-11  1.32367e-13  1.84384e-11
9.066755092e+00  1.8465238e-11  1.84652e-11  1.38837e-13  1.83264e-11
9.112088867e+00  1.8414327e-11  1.84143e-11  1.43689e-13  1.82706e-11
9.157649312e+00  1.8413126e-11  1.84131e-11  1.47128e-13  1.82660e-11
9.203437558e+00  1.8477401e-11  1.84774e-11  1.48873e-13  1.83285e-11
9.249454746e+00  1.8562421e-11  1.85624e-11  1.50032e-13  1.84124e-11
9.295702020e+00  1.8649263e-11  1.86493e-11  1.51057e-13  1.84982e-11
9.342180530e+00  1.8770546e-11  1.87705e-11  1.51247e-13  1.86193e-11
9.388891432e+00  1.8924390e-11  1.89244e-11  1.50689e-13  1.87737e-11
9.435835890e+00  1.9116504e-11  1.91165e-11  1.49307e-13  1.89672e-11
9.483015069e+00  1.9331193e-11  1.93312e-11  1.47469e-13  1.91837e-11
9.530430144e+00  1.9565199e-11  1.95652e-11  1.45268e-13  1.94199e-11
9.578082295e+00  1.9824655e-11  1.98247e-11  1.42604e-13  1.96821e-11
9.625972707e+00  2.0096333e-11  2.00963e-11  1.39759e-13  1.99566e-11
9.674102570e+00  2.0365080e-11  2.03651e-11  1.37030e-13  2.02280e-11
9.722473083e+00  2.0605546e-11  2.06055e-11  1.34883e-13  2.04707e-11
9.771085448e+00  2.0842807e-11  2.08428e-11  1.32829e-13  2.07100e-11
9.819940876e+00  2.1095142e-11  2.10951e-11  1.30537e-13  2.09646e-11
9.869040580e+00  2.1348559e-11  2.13486e-11  1.28265e-13  2.12203e-11
9.918385783e+00  2.1591654e-11  2.15917e-11  1.26210e-13  2.14654e-11
9.967977712e+00  2.1805990e-11  2.18060e-11  1.24671e-13  2.16813e-11
1.001781760e+01  2.1994780e-11  2.19948e-11  1.23566e-13  2.18712e-11
1.006790669e+01  2.2165775e-11  2.21658e-11  1.22746e-13  2.20430e-11
1.011824622e+01  2.2319960e-11  2.23200e-11  1.22180e-13  2.21978e-11
1.016883745e+01  2.2455694e-11  2.24557e-11  1.21880e-13  2.23338e-11
1.021968164e+01  2.2555987e-11  2.25560e-11  1.22091e-13  2.24339e-11
1.027078005e+01  2.2596017e-11  2.25960e-11  1.23163e-13  2.24729e-11
1.032213395e+01  2.2588946e-11  2.25889e-11  1.24852e-13  2.24641e-11
1.037374462e+01  2.2565382e-11  2.25654e-11  1.26679e-13  2.24387e-11
1.042561334e+01  2.2571900e-11  2.25719e-11  1.27966e-13  2.24439e-11
1.047774141e+01  2.2649408e-11  2.26494e-11  1.28163e-13  2.25212e-11
1.053013012e+01  2.2802857e-11  2.28029e-11  1.27258e-13  2.26756e-11
1.058278077e+01  2.3015331e-11  2.30153e-11  1.25535e-13  2.28898e-11
1.063569467e+01  2.3271226e-11  2.32712e-11  1.23245e-13  2.31480e-11
1.068887314e+01  2.3570550e-11  2.35705e-11  1.20417e-13  2.34501e-11
1.074231751e+01  2.3901875e-11  2.39019e-11  1.17227e-13  2.37846e-11
1.079602910e+01  2.4215027e-11  2.42150e-11  1.14332e-13  2.41007e-11
1.085000924e+01  2.4554113e-11  2.45541e-11  1.11166e-13  2.44429e-11
1.090425929e+01  2.4852419e-11  2.48524e-11  1.08565e-13  2.47439e-11
1.095878058e+01  2.5065095e-11  2.50651e-11  1.07044e-13  2.49581e-11
1.101357449e+01  2.5180823e-11  2.51808e-11  1.06686e-13  2.50741e-11
1.106864236e+01  2.5269596e-11  2.52696e-11  1.06616e-13  2.51630e-11
1.112398557e+01  2.5372623e-11  2.53726e-11  1.06344e-13  2.52663e-11
1.117960550e+01  2.5529486e-11  2.55295e-11  1.05432e-13  2.54241e-11
1.123550353e+01  2.5728803e-11  2.57288e-11  1.04035e-13  2.56248e-11
1.129168104e+01  2.5966521e-11  2.59665e-11  1.02222e-13  2.58643e-11
1.134813945e+01  2.6280587e-11  2.62806e-11  9.96028e-14  2.61810e-11
1.140488015e+01  2.6645910e-11  2.66459e-11  9.64815e-14  2.65494e-11
1.146190455e+01  2.7009693e-11  2.70097e-11  9.34357e-14  2.69163e-11
1.151921407e+01  2.7389712e-11  2.73897e-11  9.02796e-14  2.72994e-11
1.157681014e+01  2.7838718e-11  2.78387e-11  8.64833e-14  2.77522e-11
1.163469419e+01  2.8282192e-11  2.82822e-11  8.28225e-14  2.81994e-11
1.169286766e+01  2.8663127e-11  2.86631e-11  7.98538e-14  2.85833e-11
1.175133200e+01  2.9028680e-11  2.90287e-11  7.70896e-14  2.89516e-11
1.181008866e+01  2.9425276e-11  2.94253e-11  7.40779e-14  2.93512e-11
1.186913910e+01  2.9800409e-11  2.98004e-11  7.13250e-14  2.97291e-11
1.192848480e+01  3.0123124e-11  3.01231e-11  6.91076e-14  3.00540e-11
1.198812722e+01  3.0437417e-11  3.04374e-11  6.70006e-14  3.03704e-11
1.204806786e+01  3.0747240e-11  3.07472e-11  6.49643e-14  3.06823e-11
1.210830820e+01  3.1050586e-11  3.10506e-11  6.30138e-14  3.09876e-11
1.216884974e+01  3.1339709e-11  3.13397e-11  6.12139e-14  3.12785e-11
1.222969399e+01  3.1655214e-11  3.16552e-11  5.92081e-14  3.15960e-11
1.229084246e+01  3.1970586e-11  3.19706e-11  5.72312e-14  3.19134e-11
1.235229667e+01  3.2225631e-11  3.22256e-11  5.57873e-14  3.21698e-11
1.241405815e+01  3.2457420e-11  3.24574e-11  5.45479e-14  3.24029e-11
1.247612845e+01  3.2678447e-11  3.26784e-11  5.34030e-14  3.26250e-11
1.253850909e+01  3.2910831e-11  3.29108e-11  5.21709e-14  3.28587e-11
1.260120163e+01  3.3166482e-11  3.31665e-11  5.07610e-14  3.31157e-11
1.266420764e+01  3.3442923e-11  3.34429e-11  4.92002e-14  3.33937e-11
1.272752868e+01  3.3719805e-11  3.37198e-11  4.76519e-14  3.36722e-11
1.279116632e+01  3.3974045e-11  3.39740e-11  4.62918e-14  3.39278e-11
1.285512215e+01  3.4197755e-11  3.41978e-11  4.51717e-14  3.41526e-11
1.291939776e+01  3.4398565e-11  3.43986e-11  4.42260e-14  3.43543e-11
1.298399475e+01  3.4583436e-11  3.45834e-11  4.33969e-14  3.45400e-11
1.304891473e+01  3.4761466e-11  3.47615e-11  4.26144e-14  3.47189e-11
1.311415930e+01  3.4937845e-11  3.49378e-11  4.18398e-14  3.48960e-11
1.317973010e+01  3.5112962e-11  3.51130e-11  4.10702e-14  3.50719e-11
1.324562875e+01  3.5288842e-11  3.52888e-11  4.02915e-14  3.52486e-11
1.331185689e+01  3.5468769e-11  3.54688e-11  3.94816e-14  3.54293e-11
1.337841618e+01  3.5645385e-11  3.56454e-11  3.86917e-14  3.56067e-11
1.344530826e+01  3.5809587e-11  3.58096e-11  3.79819e-14  3.57716e-11
1.351253480e+01  3.5948435e-11  3.59484e-11  3.74347e-14  3.59110e-11
1.358009747e+01  3.6048004e-11  3.60480e-11  3.71347e-14  3.60109e-11
1.364799796e+01  3.6103786e-11  3.61038e-11  3.71017e-14  3.60667e-11
1.371623795e+01  3.6168827e-11  3.61688e-11  3.69891e-14  3.61318e-11
1.378481914e+01  3.6250768e-11  3.62508e-11  3.67518e-14  3.62140e-11
1.385374323e+01  3.6358168e-11  3.63582e-11  3.63415e-14  3.63218e-11
1.392301195e+01  3.6516499e-11  3.65165e-11  3.56085e-14  3.64809e-11
1.399262701e+01  3.6714361e-11  3.67144e-11  3.46336e-14  3.66797e-11
1.406259015e+01  3.6916951e-11  3.69170e-11  3.36334e-14  3.68833e-11
1.413290310e+01  3.7112421e-11  3.71124e-11  3.26790e-14  3.70797e-11
1.420356761e+01  3.7269684e-11  3.72697e-11  3.19503e-14  3.72377e-11
1.427458545e+01  3.7433191e-11  3.74332e-11  3.11833e-14  3.74020e-11
1.434595838e+01  3.7620061e-11  3.76201e-11  3.02820e-14  3.75898e-11
1.441768817e+01  3.7805198e-11  3.78052e-11  2.93925e-14  3.77758e-11
1.448977661e+01  3.7977864e-11  3.79779e-11  2.85744e-14  3.79493e-11
1.456222549e+01  3.8110910e-11  3.81109e-11  2.79747e-14  3.80829e-11
1.463503662e+01  3.8234231e-11  3.82342e-11  2.74235e-14  3.82068e-11
1.470821180e+01  3.8352087e-11  3.83521e-11  2.68965e-14  3.83252e-11
1.478175286e+01  3.8456677e-11  3.84567e-11  2.64343e-14  3.84302e-11
1.485566163e+01  3.8546640e-11  3.85466e-11  2.60422e-14  3.85206e-11
1.492993994e+01  3.8651820e-11  3.86518e-11  2.55627e-14  3.86263e-11
1.500458964e+01  3.8817010e-11  3.88170e-11  2.47684e-14  3.87922e-11
1.507961258e+01  3.9009446e-11  3.90094e-11  2.38366e-14  3.89856e-11
1.515501065e+01  3.9200500e-11  3.92005e-11  2.29158e-14  3.91776e-11
1.523078570e+01  3.9460781e-11  3.94608e-11  2.16546e-14  3.94391e-11
1.530693963e+01  3.9640814e-11  3.96408e-11  2.07999e-14  3.96200e-11
1.538347433e+01  3.9682149e-11  3.96821e-11  2.06233e-14  3.96615e-11
1.546039170e+01  3.9587364e-11  3.95874e-11  2.10909e-14  3.95663e-11
1.553769366e+01  3.9270186e-11  3.92702e-11  2.25936e-14  3.92476e-11
1.561538212e+01  3.8963689e-11  3.89637e-11  2.39996e-14  3.89397e-11
1.569345903e+01  3.8596019e-11  3.85960e-11  2.56470e-14  3.85704e-11
1.577192633e+01  3.8131523e-11  3.81315e-11  2.76929e-14  3.81038e-11
1.585078596e+01  3.7858886e-11  3.78589e-11  2.88054e-14  3.78301e-11
1.593003989e+01  3.7600037e-11  3.76000e-11  2.98184e-14  3.75702e-11
1.600969009e+01  3.7431677e-11  3.74317e-11  3.03917e-14  3.74013e-11
1.608973854e+01  3.7378710e-11  3.73787e-11  3.04280e-14  3.73483e-11
1.617018723e+01  3.7399506e-11  3.73995e-11  3.01263e-14  3.73694e-11
1.625103817e+01  3.7436876e-11  3.74369e-11  2.97451e-14  3.74071e-11
1.633229336e+01  3.7430424e-11  3.74304e-11  2.95468e-14  3.74009e-11
1.641395483e+01  3.7368640e-11  3.73686e-11  2.95749e-14  3.73391e-11
1.649602460e+01  3.7263856e-11  3.72639e-11  2.97709e-14  3.72341e-11
1.657850473e+01  3.7039695e-11  3.70397e-11  3.04489e-14  3.70092e-11
1.666139725e+01  3.6858188e-11  3.68582e-11  3.09250e-14  3.68273e-11
1.674470424e+01  3.6582509e-11  3.65825e-11  3.17652e-14  3.65507e-11
1.682842776e+01  3.6336791e-11  3.63368e-11  3.24558e-14  3.63043e-11
1.691256990e+01  3.6030127e-11  3.60301e-11  3.33661e-14  3.59968e-11
1.699713274e+01  3.5765034e-11  3.57650e-11  3.40821e-14  3.57310e-11
1.708211841e+01  3.5471808e-11  3.54718e-11  3.48839e-14  3.54369e-11
1.716752900e+01  3.5210114e-11  3.52101e-11  3.55363e-14  3.51746e-11
1.725336665e+01  3.4924832e-11  3.49248e-11  3.62566e-14  3.48886e-11
1.733963348e+01  3.4648689e-11  3.46487e-11  3.69175e-14  3.46118e-11
1.742633165e+01  3.4338961e-11  3.43390e-11  3.76830e-14  3.43013e-11
1.751346330e+01  3.4061428e-11  3.40614e-11  3.83026e-14  3.40231e-11
1.760103062e+01  3.3786146e-11  3.37861e-11  3.88921e-14  3.37473e-11
1.768903577e+01  3.3597265e-11  3.35973e-11  3.91414e-14  3.35581e-11
1.777748095e+01  3.3435277e-11  3.34353e-11  3.92776e-14  3.33960e-11
1.786636836e+01  3.3309843e-11  3.33098e-11  3.92687e-14  3.32706e-11
1.795570020e+01  3.3156329e-11  3.31563e-11  3.93511e-14  3.31170e-11
1.804547870e+01  3.2977905e-11  3.29779e-11  3.95112e-14  3.29384e-11
1.813570609e+01  3.2723785e-11  3.27238e-11  3.99266e-14  3.26839e-11
1.822638462e+01  3.2440228e-11  3.24402e-11  4.04286e-14  3.23998e-11
1.831751655e+01  3.2155391e-11  3.21554e-11  4.09172e-14  3.21145e-11
1.840910413e+01  3.1883326e-11  3.18833e-11  4.13445e-14  3.18420e-11
1.850114965e+01  3.1717983e-11  3.17180e-11  4.13913e-14  3.16766e-11
1.859365540e+01  3.1592713e-11  3.15927e-11  4.12930e-14  3.15514e-11
1.868662368e+01  3.1513511e-11  3.15135e-11  4.10332e-14  3.14725e-11
1.878005679e+01  3.1417539e-11  3.14175e-11  4.08252e-14  3.13767e-11
1.887395708e+01  3.1248790e-11  3.12488e-11  4.08527e-14  3.12079e-11
1.896832686e+01  3.1045354e-11  3.10454e-11  4.09854e-14  3.10044e-11
1.906316850e+01  3.0757977e-11  3.07580e-11  4.13807e-14  3.07166e-11
1.915848434e+01  3.0433389e-11  3.04334e-11  4.18816e-14  3.03915e-11
1.925427676e+01  3.0146600e-11  3.01466e-11  4.22461e-14  3.01044e-11
1.935054815e+01  2.9842669e-11  2.98427e-11  4.26517e-14  2.98000e-11
1.944730089e+01  2.9552756e-11  2.95528e-11  4.29995e-14  2.95098e-11
1.954453739e+01  2.9326752e-11  2.93268e-11  4.31353e-14  2.92836e-11
1.964226008e+01  2.9091360e-11  2.90914e-11  4.32911e-14  2.90481e-11
1.974047138e+01  2.8888686e-11  2.88887e-11  4.33371e-14  2.88453e-11
1.983917374e+01  2.8731003e-11  2.87310e-11  4.32388e-14  2.86878e-11
1.993836960e+01  2.8615530e-11  2.86155e-11  4.30079e-14  2.85725e-11
2.003806145e+01  2.8550579e-11  2.85506e-11  4.26226e-14  2.85080e-11
2.013825176e+01  2.8545234e-11  2.85452e-11  4.20597e-14  2.85032e-11
2.023894302e+01  2.8556680e-11  2.85567e-11  4.14496e-14  2.85152e-11
2.034013773e+01  2.8592441e-11  2.85924e-11  4.07716e-14  2.85517e-11
2.044183842e+01  2.8618107e-11  2.86181e-11  4.01273e-14  2.85780e-11
2.054404761e+01  2.8629517e-11  2.86295e-11  3.95281e-14  2.85900e-11
2.064676785e+01  2.8640234e-11  2.86402e-11  3.89343e-14  2.86013e-11
2.075000169e+01  2.8682191e-11  2.86822e-11  3.82549e-14  2.86439e-11
2.085375170e+01  2.8738405e-11  2.87384e-11  3.75401e-14  2.87009e-11
2.095802046e+01  2.8780747e-11  2.87807e-11  3.68693e-14  2.87439e-11
2.106281056e+01  2.8836008e-11  2.88360e-11  3.61673e-14  2.87998e-11
2.116812461e+01  2.8900341e-11  2.89003e-11  3.54455e-14  2.88649e-11
2.127396524e+01  2.8987366e-11  2.89874e-11  3.46670e-14  2.89527e-11
2.138033506e+01  2.9089034e-11  2.90890e-11  3.38550e-14  2.90552e-11
2.148723674e+01  2.9222149e-11  2.92221e-11  3.29650e-14  2.91892e-11
2.159467292e+01  2.9381505e-11  2.93815e-11  3.20126e-14  2.93495e-11
2.170264629e+01  2.9557829e-11  2.95578e-11  3.10240e-14  2.95268e-11
2.181115952e+01  2.9740713e-11  2.97407e-11  3.00276e-14  2.97107e-11
2.192021532e+01  2.9974206e-11  2.99742e-11  2.89078e-14  2.99453e-11
2.202981639e+01  3.0149866e-11  3.01499e-11  2.79504e-14  3.01219e-11
2.213996547e+01  3.0330316e-11  3.03303e-11  2.69897e-14  3.03033e-11
2.225066530e+01  3.0494415e-11  3.04944e-11  2.60805e-14  3.04683e-11
2.236191863e+01  3.0617227e-11  3.06172e-11  2.52854e-14  3.05919e-11
2.247372822e+01  3.0696270e-11  3.06963e-11  2.46086e-14  3.06717e-11
2.258609686e+01  3.0730310e-11  3.07303e-11  2.40509e-14  3.07063e-11
2.269902735e+01  3.0723744e-11  3.07237e-11  2.35990e-14  3.07001e-11
2.281252248e+01  3.0682526e-11  3.06825e-11  2.32361e-14  3.06593e-11
2.292658510e+01  3.0611753e-11  3.06118e-11  2.29478e-14  3.05888e-11
2.304121802e+01  3.0520433e-11  3.05204e-11  2.27107e-14  3.04977e-11
2.315642411e+01  3.0424584e-11  3.04246e-11  2.24847e-14  3.04021e-11
2.327220623e+01  3.0327410e-11  3.03274e-11  2.22618e-14  3.03051e-11
2.338856726e+01  3.0227364e-11  3.02274e-11  2.20459e-14  3.02053e-11
2.350551010e+01  3.0120569e-11  3.01206e-11  2.18461e-14  3.00987e-11
2.362303765e+01  3.0000861e-11  3.00009e-11  2.16769e-14  2.99792e-11
2.374115284e+01  2.9862162e-11  2.98622e-11  2.15521e-14  2.98406e-11
2.385985860e+01  2.9694995e-11  2.96950e-11  2.14932e-14  2.96735e-11
2.397915789e+01  2.9542917e-11  2.95429e-11  2.13973e-14  2.95215e-11
2.409905368e+01  2.9381934e-11  2.93819e-11  2.13210e-14  2.93606e-11
2.421954895e+01  2.9195290e-11  2.91953e-11  2.13024e-14  2.91740e-11
2.434064670e+01  2.8989775e-11  2.89898e-11  2.13252e-14  2.89684e-11
2.446234993e+01  2.8781983e-11  2.87820e-11  2.13507e-14  2.87606e-11
2.458466168e+01  2.8557176e-11  2.85572e-11  2.14123e-14  2.85358e-11
2.470758499e+01  2.8321614e-11  2.83216e-11  2.14954e-14  2.83001e-11
2.483112291e+01  2.8079209e-11  2.80792e-11  2.15909e-14  2.80576e-11
2.495527853e+01  2.7811323e-11  2.78113e-11  2.17401e-14  2.77896e-11
