# ------------------------------------------------------------------------
# Radiance spectrum
# NASA-GSFC Planetary Spectrum Generator (PSG) (Villanueva et al. 2018, 2022)
# Synthesized on Wed Feb 14 19:20:19 2024
# Doppler velocities [km/s] (vobs,vrot+vorb,vwidth,vrfl,vstr): 0.00000,-0.00000,0.00000,-119.41115,-0.00000
# Spectral unit: Wavelength [um]
# Radiance unit: Spectral irradiance [W/m2/um]
# Wave/freq Total Object Reflected Thermal
5.000000000e-01  3.7444254e-12  3.74443e-12  3.74443e-12  1.03613e-46
5.025000000e-01  3.7747819e-12  3.77478e-12  3.77478e-12  1.63779e-46
5.050125000e-01  3.7892342e-12  3.78923e-12  3.78923e-12  2.59318e-46
5.075375625e-01  3.8981538e-12  3.89815e-12  3.89815e-12  3.99788e-46
5.100752503e-01  4.0078988e-12  4.00790e-12  4.00790e-12  6.14784e-46
5.126256266e-01  4.0928084e-12  4.09281e-12  4.09281e-12  9.49376e-46
5.151887547e-01  4.1777667e-12  4.17777e-12  4.17777e-12  1.46276e-45
5.177646985e-01  4.2519404e-12  4.25194e-12  4.25194e-12  2.25512e-45
5.203535220e-01  4.3255751e-12  4.32558e-12  4.32558e-12  3.46945e-45
5.229552896e-01  4.3923100e-12  4.39231e-12  4.39231e-12  5.33550e-45
5.255700660e-01  4.4585615e-12  4.45856e-12  4.45856e-12  8.18811e-45
5.281979164e-01  4.5213725e-12  4.52137e-12  4.52137e-12  1.25494e-44
5.308389059e-01  4.5796225e-12  4.57962e-12  4.57962e-12  1.92142e-44
5.334931005e-01  4.6271403e-12  4.62714e-12  4.62714e-12  2.94353e-44
5.361605660e-01  4.6728986e-12  4.67290e-12  4.67290e-12  4.50139e-44
5.388413688e-01  4.7163271e-12  4.71633e-12  4.71633e-12  6.87254e-44
5.415355756e-01  4.7580589e-12  4.75806e-12  4.75806e-12  1.04740e-43
5.442432535e-01  4.7983114e-12  4.79831e-12  4.79831e-12  1.59332e-43
5.469644698e-01  4.8381970e-12  4.83820e-12  4.83820e-12  2.41867e-43
5.496992921e-01  4.8777933e-12  4.87779e-12  4.87779e-12  3.66373e-43
5.524477886e-01  4.9316728e-12  4.93167e-12  4.93167e-12  5.51819e-43
5.552100275e-01  4.9878286e-12  4.98783e-12  4.98783e-12  8.28890e-43
5.579860777e-01  5.0492283e-12  5.04923e-12  5.04923e-12  1.24084e-42
5.607760081e-01  5.1079681e-12  5.10797e-12  5.10797e-12  1.85479e-42
5.635798881e-01  5.1598013e-12  5.15980e-12  5.15980e-12  2.77133e-42
5.663977875e-01  5.2057798e-12  5.20578e-12  5.20578e-12  4.13786e-42
5.692297765e-01  5.2455812e-12  5.24558e-12  5.24558e-12  6.17430e-42
5.720759254e-01  5.2908237e-12  5.29082e-12  5.29082e-12  9.18146e-42
5.749363050e-01  5.3380878e-12  5.33809e-12  5.33809e-12  1.36180e-41
5.778109865e-01  5.3784722e-12  5.37847e-12  5.37847e-12  2.01890e-41
5.807000414e-01  5.4188957e-12  5.41890e-12  5.41890e-12  2.98677e-41
5.836035417e-01  5.4601367e-12  5.46014e-12  5.46014e-12  4.40858e-41
5.865215594e-01  5.4990714e-12  5.49907e-12  5.49907e-12  6.49721e-41
5.894541672e-01  5.5356528e-12  5.53565e-12  5.53565e-12  9.56072e-41
5.924014380e-01  5.5784760e-12  5.57848e-12  5.57848e-12  1.40195e-40
5.953634452e-01  5.6218616e-12  5.62186e-12  5.62186e-12  2.05132e-40
5.983402624e-01  5.6609895e-12  5.66099e-12  5.66099e-12  2.99826e-40
6.013319637e-01  5.7002313e-12  5.70023e-12  5.70023e-12  4.37332e-40
6.043386235e-01  5.7396894e-12  5.73969e-12  5.73969e-12  6.36579e-40
6.073603167e-01  5.7773188e-12  5.77732e-12  5.77732e-12  9.25116e-40
6.103971182e-01  5.8156608e-12  5.81566e-12  5.81566e-12  1.34152e-39
6.134491038e-01  5.8648772e-12  5.86488e-12  5.86488e-12  1.93679e-39
6.165163494e-01  5.9120267e-12  5.91203e-12  5.91203e-12  2.79195e-39
6.195989311e-01  5.9571748e-12  5.95717e-12  5.95717e-12  4.01856e-39
6.226969258e-01  5.9927037e-12  5.99270e-12  5.99270e-12  5.78500e-39
6.258104104e-01  6.0285126e-12  6.02851e-12  6.02851e-12  8.31102e-39
6.289394624e-01  6.0703521e-12  6.07035e-12  6.07035e-12  1.19009e-38
6.320841597e-01  6.1130744e-12  6.11307e-12  6.11307e-12  1.70052e-38
6.352445805e-01  6.1554007e-12  6.15540e-12  6.15540e-12  2.42539e-38
6.384208035e-01  6.1891129e-12  6.18911e-12  6.18911e-12  3.45904e-38
6.416129075e-01  6.2276518e-12  6.22765e-12  6.22765e-12  4.91860e-38
6.448209720e-01  6.2710872e-12  6.27109e-12  6.27109e-12  6.97330e-38
6.480450769e-01  6.2909964e-12  6.29100e-12  6.29100e-12  9.91757e-38
6.512853022e-01  6.3193067e-12  6.31931e-12  6.31931e-12  1.40526e-37
6.545417288e-01  6.3631029e-12  6.36310e-12  6.36310e-12  1.98085e-37
6.578144374e-01  6.3962699e-12  6.39627e-12  6.39627e-12  2.79329e-37
6.611035096e-01  6.4295984e-12  6.42960e-12  6.42960e-12  3.93143e-37
6.644090271e-01  6.4666754e-12  6.46668e-12  6.46668e-12  5.51862e-37
6.677310723e-01  6.4992246e-12  6.49922e-12  6.49922e-12  7.73962e-37
6.710697276e-01  6.5293359e-12  6.52934e-12  6.52934e-12  1.08400e-36
6.744250763e-01  6.5567539e-12  6.55675e-12  6.55675e-12  1.51629e-36
6.777972017e-01  6.5928311e-12  6.59283e-12  6.59283e-12  2.11325e-36
6.811861877e-01  6.6304701e-12  6.63047e-12  6.63047e-12  2.93892e-36
6.845921186e-01  6.6678526e-12  6.66785e-12  6.66785e-12  4.08000e-36
6.880150792e-01  6.6982989e-12  6.69830e-12  6.69830e-12  5.66208e-36
6.914551546e-01  6.7258923e-12  6.72589e-12  6.72589e-12  7.84813e-36
6.949124304e-01  6.7510676e-12  6.75107e-12  6.75107e-12  1.08641e-35
6.983869925e-01  6.7871766e-12  6.78718e-12  6.78718e-12  1.49783e-35
7.018789275e-01  6.8204441e-12  6.82044e-12  6.82044e-12  2.06262e-35
7.053883221e-01  6.8496711e-12  6.84967e-12  6.84967e-12  2.83771e-35
7.089152637e-01  6.8671864e-12  6.86719e-12  6.86719e-12  3.90657e-35
7.124598400e-01  6.8870181e-12  6.88702e-12  6.88702e-12  5.36601e-35
7.160221392e-01  6.9113171e-12  6.91132e-12  6.91132e-12  7.35106e-35
7.196022499e-01  6.9439170e-12  6.94392e-12  6.94392e-12  1.00360e-34
7.232002612e-01  6.9544728e-12  6.95447e-12  6.95447e-12  1.37393e-34
7.268162625e-01  6.9568616e-12  6.95686e-12  6.95686e-12  1.88075e-34
7.304503438e-01  6.9540098e-12  6.95401e-12  6.95401e-12  2.57272e-34
7.341025955e-01  6.9517526e-12  6.95175e-12  6.95175e-12  3.51272e-34
7.377731085e-01  6.9328129e-12  6.93281e-12  6.93281e-12  4.80365e-34
7.414619740e-01  6.9070667e-12  6.90707e-12  6.90707e-12  6.56603e-34
7.451692839e-01  6.8787005e-12  6.87870e-12  6.87870e-12  8.96348e-34
7.488951303e-01  6.8396080e-12  6.83961e-12  6.83961e-12  1.22395e-33
7.526396060e-01  6.7888836e-12  6.78888e-12  6.78888e-12  1.67189e-33
7.564028040e-01  6.7296265e-12  6.72963e-12  6.72963e-12  2.28314e-33
7.601848180e-01  6.6630196e-12  6.66302e-12  6.66302e-12  3.11615e-33
7.639857421e-01  6.5826984e-12  6.58270e-12  6.58270e-12  4.25541e-33
7.678056708e-01  6.4941037e-12  6.49410e-12  6.49410e-12  5.80818e-33
7.716446992e-01  6.4012531e-12  6.40125e-12  6.40125e-12  7.91757e-33
7.755029227e-01  6.3036593e-12  6.30366e-12  6.30366e-12  1.07802e-32
7.793804373e-01  6.1849903e-12  6.18499e-12  6.18499e-12  1.46996e-32
7.832773395e-01  6.0641148e-12  6.06411e-12  6.06411e-12  2.00089e-32
7.871937262e-01  5.9254069e-12  5.92541e-12  5.92541e-12  2.72556e-32
7.911296948e-01  5.7773325e-12  5.77733e-12  5.77733e-12  3.70996e-32
7.950853433e-01  5.6391622e-12  5.63916e-12  5.63916e-12  5.03146e-32
7.990607700e-01  5.4812778e-12  5.48128e-12  5.48128e-12  6.82910e-32
8.030560739e-01  5.3338653e-12  5.33387e-12  5.33387e-12  9.23528e-32
8.070713542e-01  5.1819918e-12  5.18199e-12  5.18199e-12  1.24714e-31
8.111067110e-01  5.0219519e-12  5.02195e-12  5.02195e-12  1.68258e-31
8.151622446e-01  4.8604670e-12  4.86047e-12  4.86047e-12  2.26585e-31
8.192380558e-01  4.7199657e-12  4.71997e-12  4.71997e-12  3.03691e-31
8.233342461e-01  4.5694074e-12  4.56941e-12  4.56941e-12  4.06795e-31
8.274509173e-01  4.4263728e-12  4.42637e-12  4.42637e-12  5.43368e-31
8.315881719e-01  4.2901646e-12  4.29016e-12  4.29016e-12  7.23867e-31
8.357461127e-01  4.1530889e-12  4.15309e-12  4.15309e-12  9.62723e-31
8.399248433e-01  4.0100517e-12  4.01005e-12  4.01005e-12  1.27906e-30
8.441244675e-01  3.8844457e-12  3.88445e-12  3.88445e-12  1.69295e-30
8.483450899e-01  3.7639477e-12  3.76395e-12  3.76395e-12  2.23574e-30
8.525868153e-01  3.6510937e-12  3.65109e-12  3.65109e-12  2.94522e-30
8.568497494e-01  3.5469193e-12  3.54692e-12  3.54692e-12  3.86996e-30
8.611339981e-01  3.4461978e-12  3.44620e-12  3.44620e-12  5.07526e-30
8.654396681e-01  3.3428166e-12  3.34282e-12  3.34282e-12  6.64774e-30
8.697668665e-01  3.2772576e-12  3.27726e-12  3.27726e-12  8.65882e-30
8.741157008e-01  3.1954328e-12  3.19543e-12  3.19543e-12  1.12818e-29
8.784862793e-01  3.1272987e-12  3.12730e-12  3.12730e-12  1.46569e-29
8.828787107e-01  3.0604676e-12  3.06047e-12  3.06047e-12  1.90120e-29
8.872931042e-01  2.9967075e-12  2.99671e-12  2.99671e-12  2.46187e-29
8.917295698e-01  2.9441746e-12  2.94417e-12  2.94417e-12  3.17973e-29
8.961882176e-01  2.9004961e-12  2.90050e-12  2.90050e-12  4.09754e-29
9.006691587e-01  2.8542799e-12  2.85428e-12  2.85428e-12  5.27453e-29
9.051725045e-01  2.8310792e-12  2.83108e-12  2.83108e-12  6.76440e-29
9.096983670e-01  2.8077244e-12  2.80772e-12  2.80772e-12  8.66380e-29
9.142468589e-01  2.8041142e-12  2.80411e-12  2.80411e-12  1.10595e-28
9.188180931e-01  2.7899622e-12  2.78996e-12  2.78996e-12  1.41144e-28
9.234121836e-01  2.7959101e-12  2.79591e-12  2.79591e-12  1.79528e-28
9.280292445e-01  2.8063111e-12  2.80631e-12  2.80631e-12  2.27949e-28
9.326693908e-01  2.8176610e-12  2.81766e-12  2.81766e-12  2.89030e-28
9.373327377e-01  2.8383156e-12  2.83832e-12  2.83832e-12  3.65654e-28
9.420194014e-01  2.8719930e-12  2.87199e-12  2.87199e-12  4.61374e-28
9.467294984e-01  2.9114343e-12  2.91143e-12  2.91143e-12  5.81053e-28
9.514631459e-01  2.9564951e-12  2.95650e-12  2.95650e-12  7.30401e-28
9.562204616e-01  3.0202108e-12  3.02021e-12  3.02021e-12  9.15141e-28
9.610015639e-01  3.0840100e-12  3.08401e-12  3.08401e-12  1.14509e-27
9.658065718e-01  3.1610373e-12  3.16104e-12  3.16104e-12  1.42891e-27
9.706356046e-01  3.2511161e-12  3.25112e-12  3.25112e-12  1.77816e-27
9.754887826e-01  3.3452740e-12  3.34527e-12  3.34527e-12  2.20878e-27
9.803662265e-01  3.4486769e-12  3.44868e-12  3.44868e-12  2.73709e-27
9.852680577e-01  3.5550988e-12  3.55510e-12  3.55510e-12  3.38586e-27
9.901943980e-01  3.6958481e-12  3.69585e-12  3.69585e-12  4.16598e-27
9.951453700e-01  3.8377501e-12  3.83775e-12  3.83775e-12  5.11726e-27
1.000121097e+00  3.9847146e-12  3.98471e-12  3.98471e-12  6.27219e-27
1.005121702e+00  4.1470169e-12  4.14702e-12  4.14702e-12  7.66111e-27
1.010147311e+00  4.3084945e-12  4.30849e-12  4.30849e-12  9.34281e-27
1.015198047e+00  4.4748820e-12  4.47488e-12  4.47488e-12  1.13671e-26
1.020274038e+00  4.6383039e-12  4.63830e-12  4.63830e-12  1.38111e-26
1.025375408e+00  4.7992366e-12  4.79924e-12  4.79924e-12  1.67566e-26
1.030502285e+00  4.9792391e-12  4.97924e-12  4.97924e-12  2.02408e-26
1.035654796e+00  5.1415654e-12  5.14157e-12  5.14157e-12  2.44632e-26
1.040833070e+00  5.3119070e-12  5.31191e-12  5.31191e-12  2.94772e-26
1.046037236e+00  5.4637682e-12  5.46377e-12  5.46377e-12  3.55480e-26
1.051267422e+00  5.5983167e-12  5.59832e-12  5.59832e-12  4.29042e-26
1.056523759e+00  5.7483534e-12  5.74835e-12  5.74835e-12  5.15661e-26
1.061806378e+00  5.8870112e-12  5.88701e-12  5.88701e-12  6.19730e-26
1.067115410e+00  6.0234762e-12  6.02348e-12  6.02348e-12  7.43700e-26
1.072450987e+00  6.1447796e-12  6.14478e-12  6.14478e-12  8.93117e-26
1.077813242e+00  6.2544701e-12  6.25447e-12  6.25447e-12  1.07284e-25
1.083202308e+00  6.3517687e-12  6.35177e-12  6.35177e-12  1.28939e-25
1.088618319e+00  6.4388873e-12  6.43889e-12  6.43889e-12  1.55003e-25
1.094061411e+00  6.5042232e-12  6.50422e-12  6.50422e-12  1.86799e-25
1.099531718e+00  6.5736673e-12  6.57367e-12  6.57367e-12  2.24626e-25
1.105029377e+00  6.6444567e-12  6.64446e-12  6.64446e-12  2.69649e-25
1.110554523e+00  6.6872808e-12  6.68728e-12  6.68728e-12  3.24993e-25
1.116107296e+00  6.7422738e-12  6.74227e-12  6.74227e-12  3.90244e-25
1.121687832e+00  6.7743173e-12  6.77432e-12  6.77432e-12  4.70117e-25
1.127296272e+00  6.8098345e-12  6.80983e-12  6.80983e-12  5.65230e-25
1.132932753e+00  6.8323087e-12  6.83231e-12  6.83231e-12  6.80550e-25
1.138597417e+00  6.8518652e-12  6.85187e-12  6.85187e-12  8.18908e-25
1.144290404e+00  6.8688723e-12  6.86887e-12  6.86887e-12  9.84749e-25
1.150011856e+00  6.8899573e-12  6.88996e-12  6.88996e-12  1.18176e-24
1.155761915e+00  6.8896413e-12  6.88964e-12  6.88964e-12  1.42299e-24
1.161540725e+00  6.9066177e-12  6.90662e-12  6.90662e-12  1.70520e-24
1.167348428e+00  6.9073908e-12  6.90739e-12  6.90739e-12  2.04821e-24
1.173185171e+00  6.9047104e-12  6.90471e-12  6.90471e-12  2.45935e-24
1.179051096e+00  6.9077513e-12  6.90775e-12  6.90775e-12  2.94607e-24
1.184946352e+00  6.9071158e-12  6.90712e-12  6.90712e-12  3.52809e-24
1.190871084e+00  6.9139714e-12  6.91397e-12  6.91397e-12  4.21339e-24
1.196825439e+00  6.9081982e-12  6.90820e-12  6.90820e-12  5.04060e-24
1.202809566e+00  6.9024468e-12  6.90245e-12  6.90245e-12  6.02373e-24
1.208823614e+00  6.8877115e-12  6.88771e-12  6.88771e-12  7.20578e-24
1.214867732e+00  6.8935882e-12  6.89359e-12  6.89359e-12  8.57004e-24
1.220942071e+00  6.8816280e-12  6.88163e-12  6.88163e-12  1.02238e-23
1.227046781e+00  6.8774206e-12  6.87742e-12  6.87742e-12  1.21619e-23
1.233182015e+00  6.8657792e-12  6.86578e-12  6.86578e-12  1.44775e-23
1.239347925e+00  6.8546400e-12  6.85464e-12  6.85464e-12  1.72144e-23
1.245544665e+00  6.8439984e-12  6.84400e-12  6.84400e-12  2.04452e-23
1.251772388e+00  6.8356093e-12  6.83561e-12  6.83561e-12  2.42445e-23
1.258031250e+00  6.8285726e-12  6.82857e-12  6.82857e-12  2.87110e-23
1.264321406e+00  6.8093329e-12  6.80933e-12  6.80933e-12  3.40666e-23
1.270643013e+00  6.8070734e-12  6.80707e-12  6.80707e-12  4.02139e-23
1.276996228e+00  6.7890858e-12  6.78909e-12  6.78909e-12  4.76059e-23
1.283381209e+00  6.7709885e-12  6.77099e-12  6.77099e-12  5.63031e-23
1.289798116e+00  6.7521381e-12  6.75214e-12  6.75214e-12  6.65369e-23
1.296247106e+00  6.7272900e-12  6.72729e-12  6.72729e-12  7.86730e-23
1.302728342e+00  6.7109350e-12  6.71093e-12  6.71093e-12  9.27361e-23
1.309241983e+00  6.6945712e-12  6.69457e-12  6.69457e-12  1.09208e-22
1.315788193e+00  6.6688702e-12  6.66887e-12  6.66887e-12  1.28788e-22
1.322367134e+00  6.6391157e-12  6.63912e-12  6.63912e-12  1.51893e-22
1.328978970e+00  6.6126161e-12  6.61262e-12  6.61262e-12  1.78831e-22
1.335623865e+00  6.5771809e-12  6.57718e-12  6.57718e-12  2.10834e-22
1.342301984e+00  6.5468000e-12  6.54680e-12  6.54680e-12  2.48019e-22
1.349013494e+00  6.5031211e-12  6.50312e-12  6.50312e-12  2.92498e-22
1.355758561e+00  6.4593532e-12  6.45935e-12  6.45935e-12  3.44655e-22
1.362537354e+00  6.4181832e-12  6.41818e-12  6.41818e-12  4.05484e-22
1.369350041e+00  6.3741418e-12  6.37414e-12  6.37414e-12  4.76981e-22
1.376196791e+00  6.3319733e-12  6.33197e-12  6.33197e-12  5.60326e-22
1.383077775e+00  6.2927794e-12  6.29278e-12  6.29278e-12  6.57162e-22
1.389993164e+00  6.2464884e-12  6.24649e-12  6.24649e-12  7.71476e-22
1.396943130e+00  6.1772414e-12  6.17724e-12  6.17724e-12  9.10231e-22
1.403927846e+00  6.1331956e-12  6.13320e-12  6.13320e-12  1.06613e-21
1.410947485e+00  6.0827006e-12  6.08270e-12  6.08270e-12  1.24973e-21
1.418002222e+00  6.0240516e-12  6.02405e-12  6.02405e-12  1.46674e-21
1.425092233e+00  5.9531941e-12  5.95319e-12  5.95319e-12  1.72529e-21
1.432217694e+00  5.8810657e-12  5.88107e-12  5.88107e-12  2.02828e-21
1.439378783e+00  5.8199871e-12  5.81999e-12  5.81999e-12  2.37588e-21
1.446575677e+00  5.7372138e-12  5.73721e-12  5.73721e-12  2.79567e-21
1.453808555e+00  5.6707691e-12  5.67077e-12  5.67077e-12  3.27357e-21
1.461077598e+00  5.6003565e-12  5.60036e-12  5.60036e-12  3.83366e-21
1.468382986e+00  5.5360841e-12  5.53608e-12  5.53608e-12  4.47914e-21
1.475724901e+00  5.4446117e-12  5.44461e-12  5.44461e-12  5.26335e-21
1.483103525e+00  5.3757044e-12  5.37570e-12  5.37570e-12  6.14613e-21
1.490519043e+00  5.2928650e-12  5.29286e-12  5.29286e-12  7.19480e-21
1.497971638e+00  5.2129836e-12  5.21298e-12  5.21298e-12  8.40931e-21
1.505461496e+00  5.1334823e-12  5.13348e-12  5.13348e-12  9.81970e-21
1.512988804e+00  5.0551178e-12  5.05512e-12  5.05512e-12  1.14541e-20
1.520553748e+00  4.9725579e-12  4.97256e-12  4.97256e-12  1.33623e-20
1.528156517e+00  4.8934072e-12  4.89341e-12  4.89341e-12  1.55634e-20
1.535797299e+00  4.8019869e-12  4.80199e-12  4.80199e-12  1.81624e-20
1.543476286e+00  4.7265768e-12  4.72658e-12  4.72658e-12  2.11019e-20
1.551193667e+00  4.6293806e-12  4.62938e-12  4.62938e-12  2.46160e-20
1.558949636e+00  4.5535907e-12  4.55359e-12  4.55359e-12  2.85564e-20
1.566744384e+00  4.4693219e-12  4.46932e-12  4.46932e-12  3.31629e-20
1.574578106e+00  4.3881778e-12  4.38818e-12  4.38818e-12  3.84556e-20
1.582450996e+00  4.3064404e-12  4.30644e-12  4.30644e-12  4.45637e-20
1.590363251e+00  4.2201084e-12  4.22011e-12  4.22011e-12  5.16520e-20
1.598315067e+00  4.1510483e-12  4.15105e-12  4.15105e-12  5.96031e-20
1.606306643e+00  4.0568997e-12  4.05690e-12  4.05690e-12  6.90894e-20
1.614338176e+00  3.9896312e-12  3.98963e-12  3.98963e-12  7.95761e-20
1.622409867e+00  3.9104922e-12  3.91049e-12  3.91049e-12  9.18130e-20
1.630521916e+00  3.8309127e-12  3.83091e-12  3.83091e-12  1.05862e-19
1.638674526e+00  3.7649465e-12  3.76495e-12  3.76495e-12  1.21632e-19
1.646867898e+00  3.6819680e-12  3.68197e-12  3.68197e-12  1.40136e-19
1.655102238e+00  3.6127752e-12  3.61278e-12  3.61278e-12  1.60887e-19
1.663377749e+00  3.5465868e-12  3.54659e-12  3.54659e-12  1.84469e-19
1.671694638e+00  3.4692005e-12  3.46920e-12  3.46920e-12  2.11834e-19
1.680053111e+00  3.4067892e-12  3.40679e-12  3.40679e-12  2.42364e-19
1.688453377e+00  3.3471235e-12  3.34712e-12  3.34712e-12  2.76953e-19
1.696895643e+00  3.2759813e-12  3.27598e-12  3.27598e-12  3.16983e-19
1.705380122e+00  3.2148055e-12  3.21481e-12  3.21481e-12  3.61841e-19
1.713907022e+00  3.1644334e-12  3.16443e-12  3.16443e-12  4.11897e-19
1.722476557e+00  3.0976071e-12  3.09761e-12  3.09761e-12  4.70083e-19
1.731088940e+00  3.0350147e-12  3.03501e-12  3.03501e-12  5.35689e-19
1.739744385e+00  2.9867432e-12  2.98674e-12  2.98674e-12  6.08352e-19
1.748443107e+00  2.9397264e-12  2.93973e-12  2.93973e-12  6.90258e-19
1.757185322e+00  2.8870468e-12  2.88705e-12  2.88705e-12  7.83555e-19
1.765971249e+00  2.8323188e-12  2.83232e-12  2.83232e-12  8.89249e-19
1.774801105e+00  2.7922526e-12  2.79225e-12  2.79225e-12  1.00570e-18
1.783675111e+00  2.7512961e-12  2.75130e-12  2.75130e-12  1.13687e-18
1.792593486e+00  2.7060175e-12  2.70602e-12  2.70602e-12  1.28544e-18
1.801556454e+00  2.6624263e-12  2.66243e-12  2.66242e-12  1.45204e-18
1.810564236e+00  2.6220515e-12  2.62205e-12  2.62205e-12  1.63820e-18
1.819617057e+00  2.5887766e-12  2.58878e-12  2.58877e-12  1.84454e-18
1.828715142e+00  2.5595704e-12  2.55957e-12  2.55957e-12  2.07394e-18
1.837858718e+00  2.5275819e-12  2.52758e-12  2.52758e-12  2.33172e-18
1.847048012e+00  2.4995327e-12  2.49953e-12  2.49953e-12  2.61791e-18
1.856283252e+00  2.4703101e-12  2.47031e-12  2.47031e-12  2.93812e-18
1.865564668e+00  2.4484016e-12  2.44840e-12  2.44840e-12  3.29073e-18
1.874892491e+00  2.4275762e-12  2.42758e-12  2.42757e-12  3.68263e-18
1.884266954e+00  2.4081874e-12  2.40819e-12  2.40818e-12  4.11749e-18
1.893688289e+00  2.3844002e-12  2.38440e-12  2.38440e-12  4.60499e-18
1.903156730e+00  2.3692391e-12  2.36924e-12  2.36923e-12  5.13817e-18
1.912672514e+00  2.3605163e-12  2.36052e-12  2.36051e-12  5.72208e-18
1.922235876e+00  2.3521203e-12  2.35212e-12  2.35211e-12  6.36794e-18
1.931847056e+00  2.3347823e-12  2.33478e-12  2.33478e-12  7.09539e-18
1.941506291e+00  2.3350018e-12  2.33500e-12  2.33499e-12  7.87246e-18
1.951213822e+00  2.3282703e-12  2.32827e-12  2.32826e-12  8.74175e-18
1.960969892e+00  2.3226808e-12  2.32268e-12  2.32267e-12  9.69869e-18
1.970774741e+00  2.3238879e-12  2.32389e-12  2.32388e-12  1.07381e-17
1.980628615e+00  2.3275875e-12  2.32759e-12  2.32758e-12  1.18750e-17
1.990531758e+00  2.3315866e-12  2.33159e-12  2.33157e-12  1.31228e-17
2.000484417e+00  2.3338145e-12  2.33381e-12  2.33380e-12  1.44980e-17
2.010486839e+00  2.3470832e-12  2.34708e-12  2.34707e-12  1.59677e-17
2.020539273e+00  2.3571926e-12  2.35719e-12  2.35718e-12  1.75868e-17
2.030641969e+00  2.3639288e-12  2.36393e-12  2.36391e-12  1.93719e-17
2.040795179e+00  2.3762053e-12  2.37621e-12  2.37618e-12  2.12970e-17
2.050999155e+00  2.3917820e-12  2.39178e-12  2.39176e-12  2.33792e-17
2.061254151e+00  2.4077453e-12  2.40775e-12  2.40772e-12  2.56446e-17
2.071560421e+00  2.4232941e-12  2.42329e-12  2.42327e-12  2.81122e-17
2.081918224e+00  2.4416357e-12  2.44164e-12  2.44160e-12  3.07746e-17
2.092327815e+00  2.4567361e-12  2.45674e-12  2.45670e-12  3.36916e-17
2.102789454e+00  2.4771728e-12  2.47717e-12  2.47714e-12  3.68096e-17
2.113303401e+00  2.4955280e-12  2.49553e-12  2.49549e-12  4.02075e-17
2.123869918e+00  2.5174439e-12  2.51744e-12  2.51740e-12  4.38463e-17
2.134489268e+00  2.5389851e-12  2.53899e-12  2.53894e-12  4.77824e-17
2.145161714e+00  2.5641156e-12  2.56412e-12  2.56406e-12  5.19818e-17
2.155887523e+00  2.5935096e-12  2.59351e-12  2.59345e-12  5.64389e-17
2.166666960e+00  2.6117460e-12  2.61175e-12  2.61168e-12  6.14162e-17
2.177500295e+00  2.6298288e-12  2.62983e-12  2.62976e-12  6.67851e-17
2.188387796e+00  2.6484911e-12  2.64849e-12  2.64842e-12  7.25564e-17
2.199329735e+00  2.6669864e-12  2.66699e-12  2.66691e-12  7.87700e-17
2.210326384e+00  2.6939575e-12  2.69396e-12  2.69387e-12  8.52345e-17
2.221378016e+00  2.7217246e-12  2.72172e-12  2.72163e-12  9.21271e-17
2.232484906e+00  2.7317743e-12  2.73177e-12  2.73167e-12  1.00037e-16
2.243647331e+00  2.7479178e-12  2.74792e-12  2.74781e-12  1.08341e-16
2.254865567e+00  2.7644971e-12  2.76450e-12  2.76438e-12  1.17229e-16
2.266139895e+00  2.7823173e-12  2.78232e-12  2.78219e-12  1.26697e-16
2.277470595e+00  2.7946132e-12  2.79461e-12  2.79448e-12  1.37071e-16
2.288857948e+00  2.8042025e-12  2.80420e-12  2.80405e-12  1.48320e-16
2.300302237e+00  2.8135420e-12  2.81354e-12  2.81338e-12  1.60393e-16
2.311803748e+00  2.8229749e-12  2.82297e-12  2.82280e-12  1.73318e-16
2.323362767e+00  2.8259978e-12  2.82600e-12  2.82581e-12  1.87577e-16
2.334979581e+00  2.8390133e-12  2.83901e-12  2.83881e-12  2.02149e-16
2.346654479e+00  2.8420280e-12  2.84203e-12  2.84181e-12  2.18485e-16
2.358387751e+00  2.8383989e-12  2.83840e-12  2.83816e-12  2.36570e-16
2.370179690e+00  2.8436533e-12  2.84365e-12  2.84340e-12  2.55148e-16
2.382030589e+00  2.8452684e-12  2.84527e-12  2.84499e-12  2.75381e-16
2.393940742e+00  2.8443472e-12  2.84435e-12  2.84405e-12  2.97321e-16
2.405910445e+00  2.8465939e-12  2.84659e-12  2.84627e-12  3.20414e-16
2.417939997e+00  2.8466480e-12  2.84665e-12  2.84630e-12  3.45378e-16
2.430029697e+00  2.8398812e-12  2.83988e-12  2.83951e-12  3.73085e-16
2.442179846e+00  2.8363992e-12  2.83640e-12  2.83600e-12  4.02252e-16
2.454390745e+00  2.8295367e-12  2.82954e-12  2.82910e-12  4.34055e-16
2.466662699e+00  2.8179083e-12  2.81791e-12  2.81744e-12  4.69057e-16
2.478996012e+00  2.8135901e-12  2.81359e-12  2.81309e-12  5.05057e-16
2.491390992e+00  2.7992069e-12  2.79921e-12  2.79866e-12  5.45871e-16
2.503847947e+00  2.7740047e-12  2.77400e-12  2.77341e-12  5.92474e-16
2.516367187e+00  2.7623182e-12  2.76232e-12  2.76168e-12  6.39030e-16
2.528949023e+00  2.7480589e-12  2.74806e-12  2.74737e-12  6.89692e-16
2.541593768e+00  2.7420922e-12  2.74209e-12  2.74135e-12  7.41283e-16
2.554301737e+00  2.7217389e-12  2.72174e-12  2.72094e-12  8.01484e-16
2.567073246e+00  2.7062616e-12  2.70626e-12  2.70540e-12  8.64307e-16
2.579908612e+00  2.6926332e-12  2.69263e-12  2.69170e-12  9.30856e-16
2.592808155e+00  2.6768952e-12  2.67690e-12  2.67589e-12  1.00305e-15
2.605772196e+00  2.6614974e-12  2.66150e-12  2.66042e-12  1.08021e-15
2.618801057e+00  2.6458618e-12  2.64586e-12  2.64470e-12  1.16293e-15
2.631895062e+00  2.6295221e-12  2.62952e-12  2.62827e-12  1.25186e-15
2.645054537e+00  2.6139059e-12  2.61391e-12  2.61256e-12  1.34657e-15
2.658279810e+00  2.5954065e-12  2.59541e-12  2.59396e-12  1.44985e-15
2.671571209e+00  2.5746913e-12  2.57469e-12  2.57313e-12  1.56212e-15
2.684929065e+00  2.5518121e-12  2.55181e-12  2.55013e-12  1.68423e-15
2.698353710e+00  2.5243550e-12  2.52436e-12  2.52254e-12  1.81930e-15
2.711845479e+00  2.4901145e-12  2.49011e-12  2.48814e-12  1.97107e-15
2.725404706e+00  2.4478970e-12  2.44790e-12  2.44575e-12  2.14314e-15
2.739031730e+00  2.3960117e-12  2.39601e-12  2.39367e-12  2.34033e-15
2.752726889e+00  2.3405316e-12  2.34053e-12  2.33797e-12  2.55902e-15
2.766490523e+00  2.2806686e-12  2.28067e-12  2.27787e-12  2.80270e-15
2.780322976e+00  2.2220764e-12  2.22208e-12  2.21901e-12  3.06628e-15
2.794224591e+00  2.1705012e-12  2.17050e-12  2.16716e-12  3.34227e-15
2.808195713e+00  2.1253677e-12  2.12537e-12  2.12174e-12  3.63094e-15
2.822236692e+00  2.0843228e-12  2.08432e-12  2.08039e-12  3.93580e-15
2.836347875e+00  2.0457172e-12  2.04572e-12  2.04146e-12  4.26013e-15
2.850529615e+00  2.0044617e-12  2.00446e-12  1.99985e-12  4.61524e-15
2.864782263e+00  1.9589581e-12  1.95896e-12  1.95395e-12  5.00791e-15
2.879106174e+00  1.9076584e-12  1.90766e-12  1.90221e-12  5.44618e-15
2.893501705e+00  1.8513235e-12  1.85132e-12  1.84539e-12  5.93372e-15
2.907969214e+00  1.7935467e-12  1.79355e-12  1.78708e-12  6.46621e-15
2.922509060e+00  1.7411696e-12  1.74117e-12  1.73414e-12  7.02701e-15
2.937121605e+00  1.6980540e-12  1.69805e-12  1.69045e-12  7.60323e-15
2.951807213e+00  1.6678198e-12  1.66782e-12  1.65964e-12  8.17877e-15
2.966566249e+00  1.6567339e-12  1.65673e-12  1.64801e-12  8.72293e-15
2.981399080e+00  1.6741124e-12  1.67411e-12  1.66493e-12  9.18433e-15
2.996306076e+00  1.7064946e-12  1.70649e-12  1.69690e-12  9.59765e-15
3.011287606e+00  1.7299139e-12  1.72991e-12  1.71985e-12  1.00608e-14
3.026344044e+00  1.7431214e-12  1.74312e-12  1.73253e-12  1.05884e-14
3.041475764e+00  1.7507970e-12  1.75080e-12  1.73963e-12  1.11660e-14
3.056683143e+00  1.7529953e-12  1.75300e-12  1.74120e-12  1.18000e-14
3.071966559e+00  1.7509678e-12  1.75097e-12  1.73848e-12  1.24901e-14
3.087326392e+00  1.7465588e-12  1.74656e-12  1.73333e-12  1.32307e-14
3.102763024e+00  1.7424003e-12  1.74240e-12  1.72839e-12  1.40078e-14
3.118276839e+00  1.7385616e-12  1.73856e-12  1.72374e-12  1.48221e-14
3.133868223e+00  1.7346034e-12  1.73460e-12  1.71893e-12  1.56784e-14
3.149537564e+00  1.7299936e-12  1.72999e-12  1.71341e-12  1.65833e-14
3.165285252e+00  1.7252132e-12  1.72521e-12  1.70768e-12  1.75353e-14
3.181111678e+00  1.7206571e-12  1.72066e-12  1.70212e-12  1.85326e-14
3.197017237e+00  1.7172666e-12  1.71727e-12  1.69770e-12  1.95667e-14
3.213002323e+00  1.7138023e-12  1.71380e-12  1.69315e-12  2.06511e-14
3.229067334e+00  1.7105781e-12  1.71058e-12  1.68879e-12  2.17842e-14
3.245212671e+00  1.7059898e-12  1.70599e-12  1.68300e-12  2.29885e-14
3.261438734e+00  1.7017306e-12  1.70173e-12  1.67748e-12  2.42459e-14
3.277745928e+00  1.6954526e-12  1.69545e-12  1.66986e-12  2.55930e-14
3.294134658e+00  1.6883078e-12  1.68831e-12  1.66129e-12  2.70199e-14
3.310605331e+00  1.6812447e-12  1.68124e-12  1.65273e-12  2.85160e-14
3.327158358e+00  1.6750812e-12  1.67508e-12  1.64501e-12  3.00691e-14
3.343794149e+00  1.6718329e-12  1.67183e-12  1.64019e-12  3.16398e-14
3.360513120e+00  1.6828486e-12  1.68285e-12  1.64987e-12  3.29834e-14
3.377315686e+00  1.7072621e-12  1.70726e-12  1.67320e-12  3.40626e-14
3.394202264e+00  1.6634762e-12  1.66348e-12  1.62673e-12  3.67496e-14
3.411173276e+00  1.6459628e-12  1.64596e-12  1.60699e-12  3.89742e-14
3.428229142e+00  1.6427520e-12  1.64275e-12  1.60181e-12  4.09420e-14
3.445370288e+00  1.6336369e-12  1.63364e-12  1.59047e-12  4.31640e-14
3.462597139e+00  1.6189159e-12  1.61892e-12  1.57325e-12  4.56673e-14
3.479910125e+00  1.6081600e-12  1.60816e-12  1.55998e-12  4.81791e-14
3.497309675e+00  1.5994860e-12  1.59949e-12  1.54874e-12  5.07474e-14
3.514796224e+00  1.5933111e-12  1.59331e-12  1.53996e-12  5.33491e-14
3.532370205e+00  1.5814991e-12  1.58150e-12  1.52521e-12  5.62916e-14
3.550032056e+00  1.5731677e-12  1.57317e-12  1.51393e-12  5.92423e-14
3.567782216e+00  1.5650371e-12  1.56504e-12  1.50271e-12  6.23269e-14
3.585621127e+00  1.5566060e-12  1.55661e-12  1.49103e-12  6.55743e-14
3.603549233e+00  1.5477567e-12  1.54776e-12  1.47876e-12  6.90005e-14
3.621566979e+00  1.5395058e-12  1.53951e-12  1.46694e-12  7.25628e-14
3.639674814e+00  1.5314387e-12  1.53144e-12  1.45515e-12  7.62874e-14
3.657873188e+00  1.5237780e-12  1.52378e-12  1.44361e-12  8.01674e-14
3.676162554e+00  1.5163110e-12  1.51631e-12  1.43209e-12  8.42211e-14
3.694543367e+00  1.5092555e-12  1.50926e-12  1.42081e-12  8.84407e-14
3.713016084e+00  1.5023523e-12  1.50235e-12  1.40950e-12  9.28496e-14
3.731581164e+00  1.4955857e-12  1.49559e-12  1.39813e-12  9.74572e-14
3.750239070e+00  1.4892451e-12  1.48925e-12  1.38700e-12  1.02249e-13
3.768990265e+00  1.4827314e-12  1.48273e-12  1.37545e-12  1.07282e-13
3.787835216e+00  1.4762661e-12  1.47627e-12  1.36372e-12  1.12550e-13
3.806774393e+00  1.4699876e-12  1.46999e-12  1.35194e-12  1.18051e-13
3.825808265e+00  1.4640279e-12  1.46403e-12  1.34024e-12  1.23784e-13
3.844937306e+00  1.4582996e-12  1.45830e-12  1.32853e-12  1.29765e-13
3.864161992e+00  1.4526511e-12  1.45265e-12  1.31663e-12  1.36025e-13
3.883482802e+00  1.4473542e-12  1.44735e-12  1.30481e-12  1.42542e-13
3.902900216e+00  1.4421905e-12  1.44219e-12  1.29283e-12  1.49356e-13
3.922414717e+00  1.4372456e-12  1.43725e-12  1.28077e-12  1.56471e-13
3.942026791e+00  1.4326669e-12  1.43267e-12  1.26879e-12  1.63879e-13
3.961736925e+00  1.4282918e-12  1.42829e-12  1.25668e-12  1.71617e-13
3.981545610e+00  1.4244573e-12  1.42446e-12  1.24481e-12  1.79645e-13
4.001453338e+00  1.4209992e-12  1.42100e-12  1.23300e-12  1.88000e-13
4.021460604e+00  1.4173152e-12  1.41732e-12  1.22050e-12  1.96811e-13
4.041567907e+00  1.4142548e-12  1.41425e-12  1.20831e-12  2.05942e-13
4.061775747e+00  1.4117207e-12  1.41172e-12  1.19630e-12  2.15420e-13
4.082084626e+00  1.4096813e-12  1.40968e-12  1.18442e-12  2.25263e-13
4.102495049e+00  1.4079568e-12  1.40796e-12  1.17243e-12  2.35530e-13
4.123007524e+00  1.4066428e-12  1.40664e-12  1.16043e-12  2.46218e-13
4.143622562e+00  1.4059199e-12  1.40592e-12  1.14862e-12  2.57296e-13
4.164340674e+00  1.4057238e-12  1.40572e-12  1.13693e-12  2.68795e-13
4.185162378e+00  1.4061009e-12  1.40610e-12  1.12538e-12  2.80716e-13
4.206088190e+00  1.4071956e-12  1.40720e-12  1.11417e-12  2.93025e-13
4.227118631e+00  1.4091058e-12  1.40911e-12  1.10341e-12  3.05692e-13
4.248254224e+00  1.4112783e-12  1.41128e-12  1.09235e-12  3.18929e-13
4.269495495e+00  1.4135155e-12  1.41352e-12  1.08065e-12  3.32861e-13
4.290842972e+00  1.4170085e-12  1.41701e-12  1.06999e-12  3.47020e-13
4.312297187e+00  1.4208483e-12  1.42085e-12  1.05905e-12  3.61800e-13
4.333858673e+00  1.4254403e-12  1.42544e-12  1.04840e-12  3.77040e-13
4.355527967e+00  1.4308263e-12  1.43083e-12  1.03810e-12  3.92723e-13
4.377305606e+00  1.4369230e-12  1.43692e-12  1.02802e-12  4.08899e-13
4.399192134e+00  1.4435436e-12  1.44354e-12  1.01784e-12  4.25700e-13
4.421188095e+00  1.4507027e-12  1.45070e-12  1.00754e-12  4.43158e-13
4.443294036e+00  1.4585115e-12  1.45851e-12  9.97277e-13  4.61235e-13
4.465510506e+00  1.4669104e-12  1.46691e-12  9.86897e-13  4.80013e-13
4.487838058e+00  1.4756626e-12  1.47566e-12  9.75904e-13  4.99759e-13
4.510277249e+00  1.4847687e-12  1.48477e-12  9.64171e-13  5.20597e-13
4.532828635e+00  1.4938632e-12  1.49386e-12  9.50783e-13  5.43080e-13
4.555492778e+00  1.5026886e-12  1.50269e-12  9.34853e-13  5.67835e-13
4.578270242e+00  1.5114051e-12  1.51141e-12  9.16232e-13  5.95173e-13
4.601161593e+00  1.5205307e-12  1.52053e-12  8.95575e-13  6.24956e-13
4.624167401e+00  1.5295823e-12  1.52958e-12  8.71027e-13  6.58555e-13
4.647288238e+00  1.5396081e-12  1.53961e-12  8.44471e-13  6.95137e-13
4.670524679e+00  1.5514129e-12  1.55141e-12  8.17633e-13  7.33780e-13
4.693877303e+00  1.5653021e-12  1.56530e-12  7.91183e-13  7.74119e-13
4.717346689e+00  1.5828892e-12  1.58289e-12  7.71178e-13  8.11711e-13
4.740933423e+00  1.6030517e-12  1.60305e-12  7.55056e-13  8.47996e-13
4.764638090e+00  1.6242342e-12  1.62423e-12  7.36379e-13  8.87855e-13
4.788461280e+00  1.6464990e-12  1.64650e-12  7.13415e-13  9.33084e-13
4.812403587e+00  1.6705850e-12  1.67059e-12  6.87812e-13  9.82773e-13
4.836465604e+00  1.6973315e-12  1.69733e-12  6.65161e-13  1.03217e-12
4.860647933e+00  1.7266801e-12  1.72668e-12  6.50210e-13  1.07647e-12
4.884951172e+00  1.7577781e-12  1.75778e-12  6.39554e-13  1.11822e-12
4.909375928e+00  1.7902502e-12  1.79025e-12  6.30648e-13  1.15960e-12
4.933922808e+00  1.8240962e-12  1.82410e-12  6.21376e-13  1.20272e-12
4.958592422e+00  1.8595204e-12  1.85952e-12  6.10877e-13  1.24864e-12
4.983385384e+00  1.8966558e-12  1.89666e-12  5.99610e-13  1.29705e-12
5.008302311e+00  1.9355816e-12  1.93558e-12  5.87931e-13  1.34765e-12
5.033343822e+00  1.9770334e-12  1.97703e-12  5.73653e-13  1.40338e-12
5.058510541e+00  2.0220634e-12  2.02206e-12  5.55043e-13  1.46702e-12
5.083803094e+00  2.0705297e-12  2.07053e-12  5.34477e-13  1.53605e-12
5.109222110e+00  2.1216862e-12  2.12169e-12  5.14595e-13  1.60709e-12
5.134768220e+00  2.1751517e-12  2.17515e-12  4.96140e-13  1.67901e-12
5.160442061e+00  2.2287447e-12  2.22874e-12  4.82705e-13  1.74604e-12
5.186244272e+00  2.2769914e-12  2.27699e-12  4.81653e-13  1.79534e-12
5.212175493e+00  2.3193051e-12  2.31931e-12  4.90468e-13  1.82884e-12
5.238236370e+00  2.3599865e-12  2.35999e-12  5.00896e-13  1.85909e-12
5.264427552e+00  2.3999784e-12  2.39998e-12  5.11319e-13  1.88866e-12
5.290749690e+00  2.4375184e-12  2.43752e-12  5.23599e-13  1.91392e-12
5.317203438e+00  2.4745598e-12  2.47456e-12  5.35231e-13  1.93933e-12
5.343789456e+00  2.5182819e-12  2.51828e-12  5.39450e-13  1.97883e-12
5.370508403e+00  2.5716337e-12  2.57163e-12  5.35121e-13  2.03651e-12
5.397360945e+00  2.6321072e-12  2.63211e-12  5.25994e-13  2.10611e-12
5.424347750e+00  2.6951985e-12  2.69520e-12  5.16483e-13  2.17872e-12
5.451469488e+00  2.7538646e-12  2.75386e-12  5.11783e-13  2.24208e-12
5.478726836e+00  2.8079880e-12  2.80799e-12  5.11135e-13  2.29685e-12
5.506120470e+00  2.8621801e-12  2.86218e-12  5.10897e-13  2.35128e-12
5.533651072e+00  2.9220259e-12  2.92203e-12  5.07640e-13  2.41439e-12
5.561319328e+00  2.9971876e-12  2.99719e-12  4.96383e-13  2.50080e-12
5.589125924e+00  3.0852947e-12  3.08529e-12  4.79711e-13  2.60558e-12
5.617071554e+00  3.1740686e-12  3.17407e-12  4.64764e-13  2.70931e-12
5.645156912e+00  3.2555446e-12  3.25554e-12  4.55169e-13  2.80038e-12
5.673382696e+00  3.3335757e-12  3.33358e-12  4.48409e-13  2.88517e-12
5.701749610e+00  3.4105820e-12  3.41058e-12  4.43044e-13  2.96754e-12
5.730258358e+00  3.4904552e-12  3.49046e-12  4.37284e-13  3.05317e-12
5.758909650e+00  3.5779065e-12  3.57791e-12  4.29348e-13  3.14856e-12
5.787704198e+00  3.6626871e-12  3.66269e-12  4.23396e-13  3.23929e-12
5.816642719e+00  3.7440909e-12  3.74409e-12  4.19429e-13  3.32466e-12
5.845725932e+00  3.8257728e-12  3.82577e-12  4.15945e-13  3.40983e-12
5.874954562e+00  3.9177033e-12  3.91770e-12  4.09639e-13  3.50806e-12
5.904329335e+00  4.0236807e-12  4.02368e-12  3.99703e-13  3.62398e-12
5.933850982e+00  4.1589617e-12  4.15896e-12  3.82075e-13  3.77689e-12
5.963520237e+00  4.3106928e-12  4.31069e-12  3.61430e-13  3.94926e-12
5.993337838e+00  4.4469796e-12  4.44698e-12  3.46923e-13  4.10006e-12
6.023304527e+00  4.5616380e-12  4.56164e-12  3.39480e-13  4.22216e-12
6.053421050e+00  4.6659448e-12  4.66594e-12  3.35443e-13  4.33050e-12
6.083688155e+00  4.7729990e-12  4.77300e-12  3.31257e-13  4.44174e-12
6.114106596e+00  4.8958600e-12  4.89586e-12  3.23919e-13  4.57194e-12
6.144677129e+00  5.0398945e-12  5.03989e-12  3.12609e-13  4.72728e-12
6.175400514e+00  5.1911820e-12  5.19118e-12  3.00786e-13  4.89040e-12
6.206277517e+00  5.3323802e-12  5.33238e-12  2.92110e-13  5.04027e-12
6.237308904e+00  5.4538957e-12  5.45390e-12  2.88159e-13  5.16574e-12
6.268495449e+00  5.5647554e-12  5.56476e-12  2.86700e-13  5.27806e-12
6.299837926e+00  5.6742932e-12  5.67429e-12  2.85748e-13  5.38855e-12
6.331337116e+00  5.7627403e-12  5.76274e-12  2.88751e-13  5.47399e-12
6.362993801e+00  5.8209741e-12  5.82097e-12  2.96839e-13  5.52414e-12
6.394808770e+00  5.8814779e-12  5.88148e-12  3.04102e-13  5.57738e-12
6.426782814e+00  5.9462127e-12  5.94621e-12  3.10290e-13  5.63592e-12
6.458916728e+00  6.0416093e-12  6.04161e-12  3.11435e-13  5.73017e-12
6.491211312e+00  6.1488161e-12  6.14882e-12  3.10829e-13  5.83799e-12
6.523667368e+00  6.2782098e-12  6.27821e-12  3.07160e-13  5.97105e-12
6.556285705e+00  6.4326241e-12  6.43262e-12  3.00342e-13  6.13228e-12
6.589067134e+00  6.5872283e-12  6.58723e-12  2.94013e-13  6.29322e-12
6.622012469e+00  6.7300623e-12  6.73006e-12  2.89681e-13  6.44038e-12
6.655122532e+00  6.8390441e-12  6.83904e-12  2.89920e-13  6.54912e-12
6.688398144e+00  6.9425562e-12  6.94256e-12  2.90856e-13  6.65170e-12
6.721840135e+00  7.0613165e-12  7.06132e-12  2.89991e-13  6.77133e-12
6.755449336e+00  7.1954010e-12  7.19540e-12  2.87483e-13  6.90792e-12
6.789226583e+00  7.3368550e-12  7.33686e-12  2.84357e-13  7.05250e-12
6.823172715e+00  7.4893659e-12  7.48937e-12  2.80280e-13  7.20909e-12
6.857288579e+00  7.6552440e-12  7.65524e-12  2.75104e-13  7.38014e-12
6.891575022e+00  7.8364851e-12  7.83649e-12  2.68736e-13  7.56775e-12
6.926032897e+00  8.0197464e-12  8.01975e-12  2.62582e-13  7.75716e-12
6.960663062e+00  8.1973539e-12  8.19735e-12  2.57351e-13  7.94000e-12
6.995466377e+00  8.3722119e-12  8.37221e-12  2.52703e-13  8.11951e-12
7.030443709e+00  8.5449014e-12  8.54490e-12  2.48540e-13  8.29636e-12
7.065595927e+00  8.7087204e-12  8.70872e-12  2.45399e-13  8.46332e-12
7.100923907e+00  8.8843940e-12  8.88439e-12  2.41469e-13  8.64292e-12
7.136428526e+00  9.0714142e-12  9.07141e-12  2.36863e-13  8.83455e-12
7.172110669e+00  9.2685122e-12  9.26851e-12  2.31741e-13  9.03677e-12
7.207971222e+00  9.4783283e-12  9.47833e-12  2.25951e-13  9.25238e-12
7.244011079e+00  9.6967254e-12  9.69673e-12  2.19862e-13  9.47686e-12
7.280231134e+00  9.9301477e-12  9.93015e-12  2.13041e-13  9.71711e-12
7.316632290e+00  1.0198029e-11  1.01980e-11  2.04199e-13  9.99383e-12
7.353215451e+00  1.0471639e-11  1.04716e-11  1.95464e-13  1.02762e-11
7.389981528e+00  1.0744531e-11  1.07445e-11  1.87266e-13  1.05573e-11
7.426931436e+00  1.1008339e-11  1.10083e-11  1.80108e-13  1.08282e-11
7.464066093e+00  1.1269559e-11  1.12696e-11  1.73510e-13  1.10960e-11
7.501386424e+00  1.1535881e-11  1.15359e-11  1.66966e-13  1.13689e-11
7.538893356e+00  1.1796250e-11  1.17962e-11  1.61135e-13  1.16351e-11
7.576587822e+00  1.2069367e-11  1.20694e-11  1.54889e-13  1.19145e-11
7.614470762e+00  1.2346042e-11  1.23460e-11  1.48782e-13  1.21973e-11
7.652543115e+00  1.2633895e-11  1.26339e-11  1.42393e-13  1.24915e-11
7.690805831e+00  1.2936665e-11  1.29367e-11  1.35551e-13  1.28011e-11
7.729259860e+00  1.3241130e-11  1.32411e-11  1.28984e-13  1.31121e-11
7.767906159e+00  1.3575870e-11  1.35759e-11  1.21234e-13  1.34546e-11
7.806745690e+00  1.3912789e-11  1.39128e-11  1.13781e-13  1.37990e-11
7.845779419e+00  1.4225471e-11  1.42255e-11  1.07880e-13  1.41176e-11
7.885008316e+00  1.4507500e-11  1.45075e-11  1.03720e-13  1.44038e-11
7.924433357e+00  1.4844500e-11  1.48445e-11  9.72713e-14  1.47472e-11
7.964055524e+00  1.5267803e-11  1.52678e-11  8.73118e-14  1.51805e-11
8.003875802e+00  1.5693291e-11  1.56933e-11  7.77582e-14  1.56155e-11
8.043895181e+00  1.6098761e-11  1.60988e-11  6.95316e-14  1.60292e-11
8.084114657e+00  1.6536865e-11  1.65369e-11  6.03698e-14  1.64765e-11
8.124535230e+00  1.6985281e-11  1.69853e-11  5.12490e-14  1.69340e-11
8.165157906e+00  1.7404237e-11  1.74042e-11  4.37409e-14  1.73605e-11
8.205983696e+00  1.7817744e-11  1.78177e-11  3.68172e-14  1.77809e-11
8.247013614e+00  1.8218293e-11  1.82183e-11  3.07253e-14  1.81876e-11
8.288248682e+00  1.8605221e-11  1.86052e-11  2.54373e-14  1.85798e-11
8.329689926e+00  1.8989956e-11  1.89900e-11  2.04935e-14  1.89695e-11
8.371338375e+00  1.9348991e-11  1.93490e-11  1.66962e-14  1.93323e-11
8.413195067e+00  1.9666828e-11  1.96668e-11  1.44994e-14  1.96523e-11
8.455261042e+00  1.9951006e-11  1.99510e-11  1.35447e-14  1.99375e-11
8.497537348e+00  2.0182413e-11  2.01824e-11  1.43718e-14  2.01680e-11
8.540025034e+00  2.0323360e-11  2.03234e-11  1.80614e-14  2.03053e-11
8.582725160e+00  2.0339155e-11  2.03392e-11  2.55005e-14  2.03137e-11
8.625638785e+00  2.0210909e-11  2.02109e-11  3.70094e-14  2.01739e-11
8.668766979e+00  1.9969116e-11  1.99691e-11  5.14003e-14  1.99177e-11
8.712110814e+00  1.9709303e-11  1.97093e-11  6.56854e-14  1.96436e-11
8.755671368e+00  1.9747200e-11  1.97472e-11  7.08516e-14  1.96763e-11
8.799449725e+00  2.0137940e-11  2.01379e-11  6.59372e-14  2.00720e-11
8.843446974e+00  2.0216918e-11  2.02169e-11  6.97303e-14  2.01472e-11
8.887664209e+00  2.0464902e-11  2.04649e-11  6.88310e-14  2.03961e-11
8.932102530e+00  2.0800523e-11  2.08005e-11  6.56609e-14  2.07349e-11
8.976763042e+00  2.0979048e-11  2.09790e-11  6.66279e-14  2.09124e-11
9.021646857e+00  2.1109868e-11  2.11099e-11  6.87318e-14  2.10411e-11
9.066755092e+00  2.1331147e-11  2.13311e-11  6.85087e-14  2.12626e-11
9.112088867e+00  2.1610379e-11  2.16104e-11  6.68811e-14  2.15435e-11
9.157649312e+00  2.1888578e-11  2.18886e-11  6.53228e-14  2.18233e-11
9.203437558e+00  2.2140041e-11  2.21400e-11  6.44223e-14  2.20756e-11
9.249454746e+00  2.2377589e-11  2.23776e-11  6.38501e-14  2.23137e-11
9.295702020e+00  2.2608183e-11  2.26082e-11  6.34316e-14  2.25448e-11
9.342180530e+00  2.2837853e-11  2.28379e-11  6.30261e-14  2.27748e-11
9.388891432e+00  2.3069848e-11  2.30698e-11  6.25628e-14  2.30073e-11
9.435835890e+00  2.3310133e-11  2.33101e-11  6.19202e-14  2.32482e-11
9.483015069e+00  2.3574553e-11  2.35746e-11  6.07842e-14  2.35138e-11
9.530430144e+00  2.3914835e-11  2.39148e-11  5.81471e-14  2.38567e-11
9.578082295e+00  2.4319206e-11  2.43192e-11  5.43274e-14  2.42649e-11
9.625972707e+00  2.4794356e-11  2.47944e-11  4.92654e-14  2.47451e-11
9.674102570e+00  2.5336861e-11  2.53369e-11  4.30992e-14  2.52938e-11
9.722473083e+00  2.5804271e-11  2.58043e-11  3.85344e-14  2.57657e-11
9.771085448e+00  2.6236989e-11  2.62370e-11  3.47491e-14  2.62022e-11
9.819940876e+00  2.6596979e-11  2.65970e-11  3.23802e-14  2.65646e-11
9.869040580e+00  2.6819157e-11  2.68192e-11  3.24894e-14  2.67867e-11
9.918385783e+00  2.6953849e-11  2.69538e-11  3.40747e-14  2.69198e-11
9.967977712e+00  2.7022139e-11  2.70221e-11  3.66980e-14  2.69854e-11
1.001781760e+01  2.7137864e-11  2.71379e-11  3.84155e-14  2.70994e-11
1.006790669e+01  2.7229592e-11  2.72296e-11  4.04353e-14  2.71892e-11
1.011824622e+01  2.7279325e-11  2.72793e-11  4.30263e-14  2.72363e-11
1.016883745e+01  2.7355074e-11  2.73551e-11  4.50896e-14  2.73100e-11
1.021968164e+01  2.7433293e-11  2.74333e-11  4.70137e-14  2.73863e-11
1.027078005e+01  2.7670688e-11  2.76707e-11  4.64345e-14  2.76243e-11
1.032213395e+01  2.8130029e-11  2.81300e-11  4.25503e-14  2.80875e-11
1.037374462e+01  2.8545860e-11  2.85459e-11  3.94084e-14  2.85065e-11
1.042561334e+01  2.8747423e-11  2.87474e-11  3.94200e-14  2.87080e-11
1.047774141e+01  2.8953503e-11  2.89535e-11  3.93395e-14  2.89142e-11
1.053013012e+01  2.9264248e-11  2.92642e-11  3.77844e-14  2.92265e-11
1.058278077e+01  2.9615671e-11  2.96157e-11  3.57007e-14  2.95800e-11
1.063569467e+01  2.9931420e-11  2.99314e-11  3.41371e-14  2.98973e-11
1.068887314e+01  3.0205430e-11  3.02054e-11  3.31474e-14  3.01723e-11
1.074231751e+01  3.0477708e-11  3.04777e-11  3.21858e-14  3.04455e-11
1.079602910e+01  3.0780642e-11  3.07806e-11  3.08388e-14  3.07498e-11
1.085000924e+01  3.1185235e-11  3.11852e-11  2.82377e-14  3.11570e-11
1.090425929e+01  3.1625120e-11  3.16251e-11  2.52609e-14  3.15999e-11
1.095878058e+01  3.1987705e-11  3.19877e-11  2.32899e-14  3.19644e-11
1.101357449e+01  3.2303308e-11  3.23033e-11  2.19156e-14  3.22814e-11
1.106864236e+01  3.2514483e-11  3.25145e-11  2.17823e-14  3.24927e-11
1.112398557e+01  3.2551656e-11  3.25517e-11  2.36321e-14  3.25280e-11
1.117960550e+01  3.2450928e-11  3.24509e-11  2.69602e-14  3.24240e-11
1.123550353e+01  3.2392681e-11  3.23927e-11  2.96824e-14  3.23630e-11
1.129168104e+01  3.2416615e-11  3.24166e-11  3.13894e-14  3.23852e-11
1.134813945e+01  3.2536367e-11  3.25364e-11  3.19799e-14  3.25044e-11
1.140488015e+01  3.2747821e-11  3.27478e-11  3.15488e-14  3.27163e-11
1.146190455e+01  3.2995478e-11  3.29955e-11  3.07243e-14  3.29648e-11
1.151921407e+01  3.3258892e-11  3.32589e-11  2.97353e-14  3.32292e-11
1.157681014e+01  3.3547689e-11  3.35477e-11  2.84915e-14  3.35192e-11
1.163469419e+01  3.3837318e-11  3.38373e-11  2.72502e-14  3.38101e-11
1.169286766e+01  3.4108464e-11  3.41085e-11  2.62018e-14  3.40823e-11
1.175133200e+01  3.4357851e-11  3.43579e-11  2.53696e-14  3.43325e-11
1.181008866e+01  3.4567783e-11  3.45678e-11  2.49133e-14  3.45429e-11
1.186913910e+01  3.4713898e-11  3.47139e-11  2.50455e-14  3.46889e-11
1.192848480e+01  3.4843180e-11  3.48432e-11  2.53043e-14  3.48179e-11
1.198812722e+01  3.4949771e-11  3.49498e-11  2.57374e-14  3.49240e-11
1.204806786e+01  3.5007766e-11  3.50078e-11  2.65701e-14  3.49812e-11
1.210830820e+01  3.4982804e-11  3.49828e-11  2.80901e-14  3.49547e-11
1.216884974e+01  3.4916248e-11  3.49162e-11  2.99051e-14  3.48863e-11
1.222969399e+01  3.4836969e-11  3.48370e-11  3.17525e-14  3.48052e-11
1.229084246e+01  3.4804352e-11  3.48044e-11  3.31251e-14  3.47712e-11
1.235229667e+01  3.4849232e-11  3.48492e-11  3.37834e-14  3.48154e-11
1.241405815e+01  3.4936358e-11  3.49364e-11  3.40484e-14  3.49023e-11
1.247612845e+01  3.5070642e-11  3.50706e-11  3.38960e-14  3.50367e-11
1.253850909e+01  3.5249623e-11  3.52496e-11  3.33631e-14  3.52163e-11
1.260120163e+01  3.5446039e-11  3.54460e-11  3.26814e-14  3.54134e-11
1.266420764e+01  3.5652627e-11  3.56526e-11  3.19139e-14  3.56207e-11
1.272752868e+01  3.5843780e-11  3.58438e-11  3.12618e-14  3.58125e-11
1.279116632e+01  3.6006979e-11  3.60070e-11  3.08158e-14  3.59762e-11
1.285512215e+01  3.6163839e-11  3.61638e-11  3.04053e-14  3.61334e-11
1.291939776e+01  3.6341539e-11  3.63415e-11  2.98275e-14  3.63117e-11
1.298399475e+01  3.6586185e-11  3.65862e-11  2.87519e-14  3.65574e-11
1.304891473e+01  3.6932452e-11  3.69325e-11  2.69479e-14  3.69055e-11
1.311415930e+01  3.7330788e-11  3.73308e-11  2.47974e-14  3.73060e-11
1.317973010e+01  3.7680846e-11  3.76808e-11  2.30194e-14  3.76578e-11
1.324562875e+01  3.7960017e-11  3.79600e-11  2.17571e-14  3.79383e-11
1.331185689e+01  3.8302258e-11  3.83023e-11  2.00732e-14  3.82822e-11
1.337841618e+01  3.8741867e-11  3.87419e-11  1.77523e-14  3.87241e-11
1.344530826e+01  3.9065804e-11  3.90658e-11  1.62414e-14  3.90496e-11
1.351253480e+01  3.9210450e-11  3.92104e-11  1.59297e-14  3.91945e-11
1.358009747e+01  3.9461156e-11  3.94612e-11  1.49149e-14  3.94462e-11
1.364799796e+01  3.9797674e-11  3.97977e-11  1.33534e-14  3.97843e-11
1.371623795e+01  3.9990811e-11  3.99908e-11  1.27210e-14  3.99781e-11
1.378481914e+01  4.0079472e-11  4.00795e-11  1.27397e-14  4.00667e-11
1.385374323e+01  4.0100553e-11  4.01006e-11  1.31572e-14  4.00874e-11
1.392301195e+01  4.0106548e-11  4.01065e-11  1.36377e-14  4.00929e-11
1.399262701e+01  4.0134503e-11  4.01345e-11  1.39550e-14  4.01205e-11
1.406259015e+01  4.0223962e-11  4.02240e-11  1.38783e-14  4.02101e-11
1.413290310e+01  4.0376263e-11  4.03763e-11  1.34140e-14  4.03628e-11
1.420356761e+01  4.0537475e-11  4.05375e-11  1.28902e-14  4.05246e-11
1.427458545e+01  4.0710646e-11  4.07106e-11  1.22916e-14  4.06984e-11
1.434595838e+01  4.0876218e-11  4.08762e-11  1.17324e-14  4.08645e-11
1.441768817e+01  4.0969962e-11  4.09700e-11  1.15730e-14  4.09584e-11
1.448977661e+01  4.1053168e-11  4.10532e-11  1.14584e-14  4.10417e-11
1.456222549e+01  4.1188079e-11  4.11881e-11  1.10447e-14  4.11770e-11
1.463503662e+01  4.1378454e-11  4.13785e-11  1.03219e-14  4.13681e-11
1.470821180e+01  4.1595286e-11  4.15953e-11  9.45632e-15  4.15858e-11
1.478175286e+01  4.1766564e-11  4.17666e-11  8.83594e-15  4.17577e-11
1.485566163e+01  4.1861317e-11  4.18613e-11  8.61551e-15  4.18527e-11
1.492993994e+01  4.1936812e-11  4.19368e-11  8.48408e-15  4.19283e-11
1.500458964e+01  4.2078924e-11  4.20789e-11  7.99723e-15  4.20709e-11
1.507961258e+01  4.2270142e-11  4.22701e-11  7.25577e-15  4.22629e-11
1.515501065e+01  4.2452335e-11  4.24523e-11  6.56051e-15  4.24458e-11
1.523078570e+01  4.2600606e-11  4.26006e-11  6.03397e-15  4.25946e-11
1.530693963e+01  4.2578184e-11  4.25782e-11  6.34394e-15  4.25718e-11
1.538347433e+01  4.2519059e-11  4.25191e-11  6.81129e-15  4.25122e-11
1.546039170e+01  4.2449828e-11  4.24498e-11  7.30289e-15  4.24425e-11
1.553769366e+01  4.2400725e-11  4.24007e-11  7.67385e-15  4.23931e-11
1.561538212e+01  4.2415258e-11  4.24153e-11  7.72279e-15  4.24075e-11
1.569345903e+01  4.2444050e-11  4.24440e-11  7.69021e-15  4.24364e-11
1.577192633e+01  4.2440162e-11  4.24402e-11  7.79547e-15  4.24324e-11
1.585078596e+01  4.2431228e-11  4.24312e-11  7.90806e-15  4.24233e-11
1.593003989e+01  4.2397466e-11  4.23975e-11  8.11728e-15  4.23893e-11
1.600969009e+01  4.2317721e-11  4.23177e-11  8.51495e-15  4.23092e-11
1.608973854e+01  4.2176963e-11  4.21770e-11  9.16197e-15  4.21678e-11
1.617018723e+01  4.1793991e-11  4.17940e-11  1.08458e-14  4.17831e-11
1.625103817e+01  4.1422049e-11  4.14220e-11  1.24355e-14  4.14096e-11
1.633229336e+01  4.0948761e-11  4.09488e-11  1.44168e-14  4.09343e-11
1.641395483e+01  4.0494579e-11  4.04946e-11  1.62651e-14  4.04783e-11
1.649602460e+01  4.0170861e-11  4.01709e-11  1.75149e-14  4.01533e-11
1.657850473e+01  3.9836960e-11  3.98370e-11  1.87707e-14  3.98182e-11
1.666139725e+01  3.9705782e-11  3.97058e-11  1.91519e-14  3.96866e-11
1.674470424e+01  3.9591107e-11  3.95911e-11  1.94464e-14  3.95717e-11
1.682842776e+01  3.9540230e-11  3.95402e-11  1.94649e-14  3.95208e-11
1.691256990e+01  3.9518737e-11  3.95187e-11  1.93534e-14  3.94994e-11
1.699713274e+01  3.9503241e-11  3.95032e-11  1.92089e-14  3.94840e-11
1.708211841e+01  3.9478306e-11  3.94783e-11  1.90932e-14  3.94592e-11
1.716752900e+01  3.9438658e-11  3.94387e-11  1.90262e-14  3.94196e-11
1.725336665e+01  3.9396241e-11  3.93962e-11  1.89604e-14  3.93773e-11
1.733963348e+01  3.9357695e-11  3.93577e-11  1.88704e-14  3.93388e-11
1.742633165e+01  3.9355664e-11  3.93557e-11  1.86330e-14  3.93370e-11
1.751346330e+01  3.9413919e-11  3.94139e-11  1.81629e-14  3.93958e-11
1.760103062e+01  3.9569383e-11  3.95694e-11  1.73288e-14  3.95521e-11
1.768903577e+01  3.9749686e-11  3.97497e-11  1.64082e-14  3.97333e-11
1.777748095e+01  3.9966644e-11  3.99666e-11  1.53601e-14  3.99513e-11
1.786636836e+01  4.0066705e-11  4.00667e-11  1.47455e-14  4.00520e-11
1.795570020e+01  4.0054495e-11  4.00545e-11  1.45364e-14  4.00400e-11
1.804547870e+01  3.9931591e-11  3.99316e-11  1.47165e-14  3.99169e-11
1.813570609e+01  3.9745663e-11  3.97457e-11  1.51073e-14  3.97306e-11
1.822638462e+01  3.9561772e-11  3.95618e-11  1.54755e-14  3.95463e-11
1.831751655e+01  3.9399654e-11  3.93997e-11  1.57531e-14  3.93839e-11
1.840910413e+01  3.9325324e-11  3.93253e-11  1.57151e-14  3.93096e-11
1.850114965e+01  3.9358195e-11  3.93582e-11  1.53034e-14  3.93429e-11
1.859365540e+01  3.9451225e-11  3.94512e-11  1.46868e-14  3.94365e-11
1.868662368e+01  3.9532715e-11  3.95327e-11  1.41114e-14  3.95186e-11
1.878005679e+01  3.9585282e-11  3.95853e-11  1.36340e-14  3.95716e-11
1.887395708e+01  3.9604683e-11  3.96047e-11  1.32664e-14  3.95914e-11
1.896832686e+01  3.9545022e-11  3.95450e-11  1.31562e-14  3.95319e-11
1.906316850e+01  3.9307770e-11  3.93078e-11  1.36171e-14  3.92942e-11
1.915848434e+01  3.8895446e-11  3.88954e-11  1.46271e-14  3.88808e-11
1.925427676e+01  3.8538013e-11  3.85380e-11  1.54383e-14  3.85226e-11
1.935054815e+01  3.8207228e-11  3.82072e-11  1.61450e-14  3.81911e-11
1.944730089e+01  3.8015073e-11  3.80151e-11  1.63978e-14  3.79987e-11
1.954453739e+01  3.7908426e-11  3.79084e-11  1.63732e-14  3.78921e-11
1.964226008e+01  3.7843930e-11  3.78439e-11  1.62119e-14  3.78277e-11
1.974047138e+01  3.7833389e-11  3.78334e-11  1.58811e-14  3.78175e-11
1.983917374e+01  3.7826446e-11  3.78264e-11  1.55382e-14  3.78109e-11
1.993836960e+01  3.7842310e-11  3.78423e-11  1.51256e-14  3.78272e-11
2.003806145e+01  3.7893642e-11  3.78936e-11  1.46069e-14  3.78790e-11
2.013825176e+01  3.7959807e-11  3.79598e-11  1.40461e-14  3.79458e-11
2.023894302e+01  3.8030941e-11  3.80309e-11  1.34734e-14  3.80175e-11
2.034013773e+01  3.8110816e-11  3.81108e-11  1.28781e-14  3.80979e-11
2.044183842e+01  3.8190064e-11  3.81901e-11  1.22880e-14  3.81778e-11
2.054404761e+01  3.8267408e-11  3.82674e-11  1.17069e-14  3.82557e-11
2.064676785e+01  3.8371902e-11  3.83719e-11  1.10513e-14  3.83609e-11
2.075000169e+01  3.8449994e-11  3.84500e-11  1.04754e-14  3.84395e-11
2.085375170e+01  3.8537478e-11  3.85375e-11  9.87641e-15  3.85276e-11
2.095802046e+01  3.8608345e-11  3.86083e-11  9.32779e-15  3.85990e-11
2.106281056e+01  3.8704420e-11  3.87044e-11  8.71219e-15  3.86957e-11
2.116812461e+01  3.8777227e-11  3.87772e-11  8.16505e-15  3.87691e-11
2.127396524e+01  3.8733513e-11  3.87335e-11  7.94070e-15  3.87256e-11
2.138033506e+01  3.8578288e-11  3.85783e-11  8.01868e-15  3.85703e-11
2.148723674e+01  3.8388000e-11  3.83880e-11  8.18598e-15  3.83798e-11
2.159467292e+01  3.8214440e-11  3.82144e-11  8.30174e-15  3.82061e-11
2.170264629e+01  3.8050518e-11  3.80505e-11  8.38603e-15  3.80421e-11
2.181115952e+01  3.7850695e-11  3.78507e-11  8.56010e-15  3.78421e-11
2.192021532e+01  3.7619375e-11  3.76194e-11  8.81059e-15  3.76106e-11
2.202981639e+01  3.7412266e-11  3.74123e-11  8.99055e-15  3.74033e-11
2.213996547e+01  3.7219443e-11  3.72194e-11  9.12723e-15  3.72103e-11
2.225066530e+01  3.7059044e-11  3.70590e-11  9.17486e-15  3.70499e-11
2.236191863e+01  3.6906569e-11  3.69066e-11  9.19797e-15  3.68974e-11
2.247372822e+01  3.6803456e-11  3.68035e-11  9.09185e-15  3.67944e-11
2.258609686e+01  3.6738035e-11  3.67380e-11  8.88859e-15  3.67291e-11
2.269902735e+01  3.6683548e-11  3.66835e-11  8.65729e-15  3.66749e-11
2.281252248e+01  3.6651074e-11  3.66511e-11  8.37095e-15  3.66427e-11
2.292658510e+01  3.6619719e-11  3.66197e-11  8.08244e-15  3.66116e-11
2.304121802e+01  3.6610097e-11  3.66101e-11  7.74118e-15  3.66024e-11
2.315642411e+01  3.6547672e-11  3.65477e-11  7.53030e-15  3.65401e-11
2.327220623e+01  3.6483789e-11  3.64838e-11  7.32276e-15  3.64765e-11
2.338856726e+01  3.6411394e-11  3.64114e-11  7.13556e-15  3.64043e-11
2.350551010e+01  3.6355630e-11  3.63556e-11  6.90815e-15  3.63487e-11
2.362303765e+01  3.6273418e-11  3.62734e-11  6.74389e-15  3.62667e-11
2.374115284e+01  3.6194191e-11  3.61942e-11  6.57204e-15  3.61876e-11
2.385985860e+01  3.6187667e-11  3.61877e-11  6.22888e-15  3.61814e-11
2.397915789e+01  3.6179727e-11  3.61797e-11  5.89083e-15  3.61738e-11
2.409905368e+01  3.6134986e-11  3.61350e-11  5.64003e-15  3.61293e-11
2.421954895e+01  3.6002457e-11  3.60025e-11  5.59259e-15  3.59969e-11
2.434064670e+01  3.5874005e-11  3.58740e-11  5.53414e-15  3.58685e-11
2.446234993e+01  3.5728283e-11  3.57283e-11  5.51360e-15  3.57228e-11
2.458466168e+01  3.5617064e-11  3.56171e-11  5.41302e-15  3.56117e-11
2.470758499e+01  3.5496533e-11  3.54965e-11  5.33258e-15  3.54912e-11
2.483112291e+01  3.5360781e-11  3.53608e-11  5.28521e-15  3.53555e-11
2.495527853e+01  3.5118508e-11  3.51185e-11  5.47362e-15  3.51130e-11
