# ------------------------------------------------------------------------
# Radiance spectrum
# NASA-GSFC Planetary Spectrum Generator (PSG) (Villanueva et al. 2018, 2022)
# Synthesized on Sat Jan 27 18:41:25 2024
# Doppler velocities [km/s] (vobs,vrot+vorb,vwidth,vrfl,vstr): 0.00000,-0.00000,0.00000,-119.41115,-0.00000
# Spectral unit: Wavelength [um]
# Radiance unit: Spectral irradiance [W/m2/um]
# Wave/freq Total Object Reflected Thermal
5.000000000e-01  9.8955131e-13  9.89551e-13  9.89551e-13  1.78908e-46
5.025000000e-01  9.9674456e-13  9.96745e-13  9.96745e-13  2.82380e-46
5.050125000e-01  1.0029399e-12  1.00294e-12  1.00294e-12  4.44712e-46
5.075375625e-01  1.0187422e-12  1.01874e-12  1.01874e-12  6.97729e-46
5.100752503e-01  1.0347920e-12  1.03479e-12  1.03479e-12  1.09214e-45
5.126256266e-01  1.0593198e-12  1.05932e-12  1.05932e-12  1.70347e-45
5.151887547e-01  1.0838553e-12  1.08386e-12  1.08386e-12  2.65098e-45
5.177646985e-01  1.1043582e-12  1.10436e-12  1.10436e-12  4.11861e-45
5.203535220e-01  1.1245307e-12  1.12453e-12  1.12453e-12  6.38465e-45
5.229552896e-01  1.1406625e-12  1.14066e-12  1.14066e-12  9.88092e-45
5.255700660e-01  1.1568621e-12  1.15686e-12  1.15686e-12  1.52574e-44
5.281979164e-01  1.1730433e-12  1.17304e-12  1.17304e-12  2.35068e-44
5.308389059e-01  1.1889486e-12  1.18895e-12  1.18895e-12  3.61376e-44
5.334931005e-01  1.2040563e-12  1.20406e-12  1.20406e-12  5.54386e-44
5.361605660e-01  1.2185138e-12  1.21851e-12  1.21851e-12  8.48687e-44
5.388413688e-01  1.2321281e-12  1.23213e-12  1.23213e-12  1.29652e-43
5.415355756e-01  1.2456601e-12  1.24566e-12  1.24566e-12  1.97637e-43
5.442432535e-01  1.2591931e-12  1.25919e-12  1.25919e-12  3.00615e-43
5.469644698e-01  1.2737880e-12  1.27379e-12  1.27379e-12  4.56199e-43
5.496992921e-01  1.2890214e-12  1.28902e-12  1.28902e-12  6.90760e-43
5.524477886e-01  1.3079658e-12  1.30797e-12  1.30797e-12  1.04318e-42
5.552100275e-01  1.3275296e-12  1.32753e-12  1.32753e-12  1.57195e-42
5.579860777e-01  1.3481792e-12  1.34818e-12  1.34818e-12  2.36341e-42
5.607760081e-01  1.3680923e-12  1.36809e-12  1.36809e-12  3.54624e-42
5.635798881e-01  1.3859480e-12  1.38595e-12  1.38595e-12  5.31131e-42
5.663977875e-01  1.4037522e-12  1.40375e-12  1.40375e-12  7.93839e-42
5.692297765e-01  1.4214058e-12  1.42141e-12  1.42141e-12  1.18405e-41
5.720759254e-01  1.4394703e-12  1.43947e-12  1.43947e-12  1.76234e-41
5.749363050e-01  1.4577600e-12  1.45776e-12  1.45776e-12  2.61761e-41
5.778109865e-01  1.4737765e-12  1.47378e-12  1.47378e-12  3.88108e-41
5.807000414e-01  1.4902762e-12  1.49028e-12  1.49028e-12  5.74236e-41
5.836035417e-01  1.5082400e-12  1.50824e-12  1.50824e-12  8.47753e-41
5.865215594e-01  1.5249485e-12  1.52495e-12  1.52495e-12  1.24922e-40
5.894541672e-01  1.5406697e-12  1.54067e-12  1.54067e-12  1.83734e-40
5.924014380e-01  1.5564745e-12  1.55647e-12  1.55647e-12  2.69690e-40
5.953634452e-01  1.5724620e-12  1.57246e-12  1.57246e-12  3.95064e-40
5.983402624e-01  1.5891361e-12  1.58914e-12  1.58914e-12  5.77531e-40
6.013319637e-01  1.6051916e-12  1.60519e-12  1.60519e-12  8.42674e-40
6.043386235e-01  1.6202074e-12  1.62021e-12  1.62021e-12  1.22728e-39
6.073603167e-01  1.6368251e-12  1.63683e-12  1.63683e-12  1.78361e-39
6.103971182e-01  1.6536287e-12  1.65363e-12  1.65363e-12  2.58704e-39
6.134491038e-01  1.6695832e-12  1.66958e-12  1.66958e-12  3.74551e-39
6.165163494e-01  1.6856093e-12  1.68561e-12  1.68561e-12  5.41226e-39
6.195989311e-01  1.7018106e-12  1.70181e-12  1.70181e-12  7.80561e-39
6.226969258e-01  1.7196619e-12  1.71966e-12  1.71966e-12  1.12338e-38
6.258104104e-01  1.7369645e-12  1.73696e-12  1.73696e-12  1.61380e-38
6.289394624e-01  1.7520044e-12  1.75200e-12  1.75200e-12  2.31455e-38
6.320841597e-01  1.7690225e-12  1.76902e-12  1.76902e-12  3.31261e-38
6.352445805e-01  1.7870796e-12  1.78708e-12  1.78708e-12  4.73165e-38
6.384208035e-01  1.8039201e-12  1.80392e-12  1.80392e-12  6.74694e-38
6.416129075e-01  1.8210435e-12  1.82104e-12  1.82104e-12  9.60251e-38
6.448209720e-01  1.8385606e-12  1.83856e-12  1.83856e-12  1.36409e-37
6.480450769e-01  1.8581182e-12  1.85812e-12  1.85812e-12  1.93380e-37
6.512853022e-01  1.8772104e-12  1.87721e-12  1.87721e-12  2.73658e-37
6.545417288e-01  1.8954959e-12  1.89550e-12  1.89550e-12  3.86597e-37
6.578144374e-01  1.9137387e-12  1.91374e-12  1.91374e-12  5.45162e-37
6.611035096e-01  1.9329397e-12  1.93294e-12  1.93294e-12  7.67305e-37
6.644090271e-01  1.9538926e-12  1.95389e-12  1.95389e-12  1.07783e-36
6.677310723e-01  1.9766164e-12  1.97662e-12  1.97662e-12  1.51106e-36
6.710697276e-01  1.9990967e-12  1.99910e-12  1.99910e-12  2.11473e-36
6.744250763e-01  2.0204195e-12  2.02042e-12  2.02042e-12  2.95473e-36
6.777972017e-01  2.0427304e-12  2.04273e-12  2.04273e-12  4.12073e-36
6.811861877e-01  2.0647807e-12  2.06478e-12  2.06478e-12  5.73701e-36
6.845921186e-01  2.0856464e-12  2.08565e-12  2.08565e-12  7.97442e-36
6.880150792e-01  2.1036998e-12  2.10370e-12  2.10370e-12  1.10686e-35
6.914551546e-01  2.1224887e-12  2.12249e-12  2.12249e-12  1.53357e-35
6.949124304e-01  2.1429458e-12  2.14295e-12  2.14295e-12  2.12078e-35
6.983869925e-01  2.1665978e-12  2.16660e-12  2.16660e-12  2.92686e-35
7.018789275e-01  2.1876390e-12  2.18764e-12  2.18764e-12  4.03359e-35
7.053883221e-01  2.2068600e-12  2.20686e-12  2.20686e-12  5.55051e-35
7.089152637e-01  2.2290554e-12  2.22906e-12  2.22906e-12  7.62271e-35
7.124598400e-01  2.2510698e-12  2.25107e-12  2.25107e-12  1.04513e-34
7.160221392e-01  2.2726621e-12  2.27266e-12  2.27266e-12  1.43062e-34
7.196022499e-01  2.2934701e-12  2.29347e-12  2.29347e-12  1.95523e-34
7.232002612e-01  2.3126524e-12  2.31265e-12  2.31265e-12  2.66828e-34
7.268162625e-01  2.3309078e-12  2.33091e-12  2.33091e-12  3.63574e-34
7.304503438e-01  2.3479877e-12  2.34799e-12  2.34799e-12  4.94652e-34
7.341025955e-01  2.3626833e-12  2.36268e-12  2.36268e-12  6.72062e-34
7.377731085e-01  2.3747345e-12  2.37473e-12  2.37473e-12  9.11875e-34
7.414619740e-01  2.3859266e-12  2.38593e-12  2.38593e-12  1.23538e-33
7.451692839e-01  2.3970973e-12  2.39710e-12  2.39710e-12  1.67098e-33
7.488951303e-01  2.4049814e-12  2.40498e-12  2.40498e-12  2.25733e-33
7.526396060e-01  2.4111322e-12  2.41113e-12  2.41113e-12  3.04514e-33
7.564028040e-01  2.4148105e-12  2.41481e-12  2.41481e-12  4.10245e-33
7.601848180e-01  2.4152716e-12  2.41527e-12  2.41527e-12  5.52000e-33
7.639857421e-01  2.4093274e-12  2.40933e-12  2.40933e-12  7.42059e-33
7.678056708e-01  2.4042734e-12  2.40427e-12  2.40427e-12  9.95908e-33
7.716446992e-01  2.3970582e-12  2.39706e-12  2.39706e-12  1.33481e-32
7.755029227e-01  2.3862023e-12  2.38620e-12  2.38620e-12  1.78693e-32
7.793804373e-01  2.3730417e-12  2.37304e-12  2.37304e-12  2.38906e-32
7.832773395e-01  2.3541254e-12  2.35413e-12  2.35413e-12  3.19104e-32
7.871937262e-01  2.3347291e-12  2.33473e-12  2.33473e-12  4.25590e-32
7.911296948e-01  2.3131293e-12  2.31313e-12  2.31313e-12  5.66872e-32
7.950853433e-01  2.2845038e-12  2.28450e-12  2.28450e-12  7.54436e-32
7.990607700e-01  2.2521715e-12  2.25217e-12  2.25217e-12  1.00291e-31
8.030560739e-01  2.2186035e-12  2.21860e-12  2.21860e-12  1.33137e-31
8.070713542e-01  2.1844241e-12  2.18442e-12  2.18442e-12  1.76485e-31
8.111067110e-01  2.1490189e-12  2.14902e-12  2.14902e-12  2.33625e-31
8.151622446e-01  2.1112739e-12  2.11127e-12  2.11127e-12  3.08876e-31
8.192380558e-01  2.0750479e-12  2.07505e-12  2.07505e-12  4.07702e-31
8.233342461e-01  2.0373654e-12  2.03737e-12  2.03737e-12  5.37431e-31
8.274509173e-01  1.9979817e-12  1.99798e-12  1.99798e-12  7.07518e-31
8.315881719e-01  1.9582741e-12  1.95827e-12  1.95827e-12  9.30107e-31
8.357461127e-01  1.9193742e-12  1.91937e-12  1.91937e-12  1.22086e-30
8.399248433e-01  1.8804183e-12  1.88042e-12  1.88042e-12  1.60020e-30
8.441244675e-01  1.8404151e-12  1.84042e-12  1.84042e-12  2.09462e-30
8.483450899e-01  1.8006220e-12  1.80062e-12  1.80062e-12  2.73784e-30
8.525868153e-01  1.7633002e-12  1.76330e-12  1.76330e-12  3.57270e-30
8.568497494e-01  1.7270845e-12  1.72708e-12  1.72708e-12  4.65510e-30
8.611339981e-01  1.6911074e-12  1.69111e-12  1.69111e-12  6.05681e-30
8.654396681e-01  1.6578817e-12  1.65788e-12  1.65788e-12  7.86766e-30
8.697668665e-01  1.6240345e-12  1.62403e-12  1.62403e-12  1.02064e-29
8.741157008e-01  1.5973405e-12  1.59734e-12  1.59734e-12  1.32135e-29
8.784862793e-01  1.5712928e-12  1.57129e-12  1.57129e-12  1.70823e-29
8.828787107e-01  1.5475260e-12  1.54753e-12  1.54753e-12  2.20493e-29
8.872931042e-01  1.5252935e-12  1.52529e-12  1.52529e-12  2.84184e-29
8.917295698e-01  1.5039734e-12  1.50397e-12  1.50397e-12  3.65752e-29
8.961882176e-01  1.4839456e-12  1.48395e-12  1.48395e-12  4.70050e-29
9.006691587e-01  1.4648380e-12  1.46484e-12  1.46484e-12  6.03240e-29
9.051725045e-01  1.4464034e-12  1.44640e-12  1.44640e-12  7.73105e-29
9.096983670e-01  1.4281444e-12  1.42814e-12  1.42814e-12  9.89488e-29
9.142468589e-01  1.4136929e-12  1.41369e-12  1.41369e-12  1.26435e-28
9.188180931e-01  1.4000460e-12  1.40005e-12  1.40005e-12  1.61336e-28
9.234121836e-01  1.3880804e-12  1.38808e-12  1.38808e-12  2.05574e-28
9.280292445e-01  1.3796697e-12  1.37967e-12  1.37967e-12  2.61523e-28
9.326693908e-01  1.3721880e-12  1.37219e-12  1.37219e-12  3.32247e-28
9.373327377e-01  1.3641381e-12  1.36414e-12  1.36414e-12  4.21584e-28
9.420194014e-01  1.3557722e-12  1.35577e-12  1.35577e-12  5.34283e-28
9.467294984e-01  1.3472173e-12  1.34722e-12  1.34722e-12  6.76269e-28
9.514631459e-01  1.3398447e-12  1.33984e-12  1.33984e-12  8.54830e-28
9.562204616e-01  1.3335285e-12  1.33353e-12  1.33353e-12  1.07909e-27
9.610015639e-01  1.3302549e-12  1.33025e-12  1.33025e-12  1.36013e-27
9.658065718e-01  1.3284026e-12  1.32840e-12  1.32840e-12  1.71203e-27
9.706356046e-01  1.3280918e-12  1.32809e-12  1.32809e-12  2.15204e-27
9.754887826e-01  1.3247359e-12  1.32474e-12  1.32474e-12  2.70259e-27
9.803662265e-01  1.3260146e-12  1.32601e-12  1.32601e-12  3.38844e-27
9.852680577e-01  1.3253642e-12  1.32536e-12  1.32536e-12  4.24396e-27
9.901943980e-01  1.3272335e-12  1.32723e-12  1.32723e-12  5.30789e-27
9.951453700e-01  1.3351857e-12  1.33519e-12  1.33519e-12  6.62693e-27
1.000121097e+00  1.3383680e-12  1.33837e-12  1.33837e-12  8.26749e-27
1.005121702e+00  1.3451545e-12  1.34515e-12  1.34515e-12  1.02986e-26
1.010147311e+00  1.3530748e-12  1.35307e-12  1.35307e-12  1.28122e-26
1.015198047e+00  1.3580811e-12  1.35808e-12  1.35808e-12  1.59249e-26
1.020274038e+00  1.3674008e-12  1.36740e-12  1.36740e-12  1.97628e-26
1.025375408e+00  1.3783262e-12  1.37833e-12  1.37833e-12  2.44934e-26
1.030502285e+00  1.3917007e-12  1.39170e-12  1.39170e-12  3.03144e-26
1.035654796e+00  1.4050765e-12  1.40508e-12  1.40508e-12  3.74755e-26
1.040833070e+00  1.4193017e-12  1.41930e-12  1.41930e-12  4.62712e-26
1.046037236e+00  1.4359453e-12  1.43595e-12  1.43595e-12  5.70531e-26
1.051267422e+00  1.4543864e-12  1.45439e-12  1.45439e-12  7.02551e-26
1.056523759e+00  1.4730420e-12  1.47304e-12  1.47304e-12  8.64119e-26
1.061806378e+00  1.4976925e-12  1.49769e-12  1.49769e-12  1.06104e-25
1.067115410e+00  1.5214431e-12  1.52144e-12  1.52144e-12  1.30147e-25
1.072450987e+00  1.5508962e-12  1.55090e-12  1.55090e-12  1.59371e-25
1.077813242e+00  1.5769101e-12  1.57691e-12  1.57691e-12  1.95002e-25
1.083202308e+00  1.6061944e-12  1.60619e-12  1.60619e-12  2.38258e-25
1.088618319e+00  1.6363384e-12  1.63634e-12  1.63634e-12  2.90759e-25
1.094061411e+00  1.6674506e-12  1.66745e-12  1.66745e-12  3.54399e-25
1.099531718e+00  1.7018931e-12  1.70189e-12  1.70189e-12  4.31349e-25
1.105029377e+00  1.7341910e-12  1.73419e-12  1.73419e-12  5.24536e-25
1.110554523e+00  1.7708503e-12  1.77085e-12  1.77085e-12  6.36875e-25
1.116107296e+00  1.8073568e-12  1.80736e-12  1.80736e-12  7.72432e-25
1.121687832e+00  1.8400628e-12  1.84006e-12  1.84006e-12  9.36171e-25
1.127296272e+00  1.8714532e-12  1.87145e-12  1.87145e-12  1.13353e-24
1.132932753e+00  1.9002472e-12  1.90025e-12  1.90025e-12  1.37138e-24
1.138597417e+00  1.9261106e-12  1.92611e-12  1.92611e-12  1.65785e-24
1.144290404e+00  1.9520858e-12  1.95209e-12  1.95209e-12  2.00200e-24
1.150011856e+00  1.9742251e-12  1.97423e-12  1.97423e-12  2.41598e-24
1.155761915e+00  1.9934812e-12  1.99348e-12  1.99348e-12  2.91337e-24
1.161540725e+00  2.0166789e-12  2.01668e-12  2.01668e-12  3.50802e-24
1.167348428e+00  2.0304424e-12  2.03044e-12  2.03044e-12  4.22383e-24
1.173185171e+00  2.0455132e-12  2.04551e-12  2.04551e-12  5.07976e-24
1.179051096e+00  2.0552469e-12  2.05525e-12  2.05525e-12  6.10632e-24
1.184946352e+00  2.0631082e-12  2.06311e-12  2.06311e-12  7.33434e-24
1.190871084e+00  2.0749073e-12  2.07491e-12  2.07491e-12  8.79667e-24
1.196825439e+00  2.0783724e-12  2.07837e-12  2.07837e-12  1.05494e-23
1.202809566e+00  2.0850977e-12  2.08510e-12  2.08510e-12  1.26343e-23
1.208823614e+00  2.0871717e-12  2.08717e-12  2.08717e-12  1.51238e-23
1.214867732e+00  2.0959704e-12  2.09597e-12  2.09597e-12  1.80726e-23
1.220942071e+00  2.1002437e-12  2.10024e-12  2.10024e-12  2.15858e-23
1.227046781e+00  2.1044934e-12  2.10449e-12  2.10449e-12  2.57567e-23
1.233182015e+00  2.1071633e-12  2.10716e-12  2.10716e-12  3.07089e-23
1.239347925e+00  2.1052786e-12  2.10528e-12  2.10528e-12  3.65964e-23
1.245544665e+00  2.1078235e-12  2.10782e-12  2.10782e-12  4.35492e-23
1.251772388e+00  2.1052946e-12  2.10529e-12  2.10529e-12  5.18026e-23
1.258031250e+00  2.1051962e-12  2.10520e-12  2.10520e-12  6.15448e-23
1.264321406e+00  2.1059736e-12  2.10597e-12  2.10597e-12  7.30426e-23
1.270643013e+00  2.1085965e-12  2.10860e-12  2.10860e-12  8.65883e-23
1.276996228e+00  2.1069726e-12  2.10697e-12  2.10697e-12  1.02599e-22
1.283381209e+00  2.1073051e-12  2.10731e-12  2.10731e-12  1.21430e-22
1.289798116e+00  2.1122630e-12  2.11226e-12  2.11226e-12  1.43506e-22
1.296247106e+00  2.1093554e-12  2.10936e-12  2.10936e-12  1.69593e-22
1.302728342e+00  2.1083910e-12  2.10839e-12  2.10839e-12  2.00193e-22
1.309241983e+00  2.1112633e-12  2.11126e-12  2.11126e-12  2.35991e-22
1.315788193e+00  2.1123089e-12  2.11231e-12  2.11231e-12  2.77995e-22
1.322367134e+00  2.1134492e-12  2.11345e-12  2.11345e-12  3.27175e-22
1.328978970e+00  2.1151030e-12  2.11510e-12  2.11510e-12  3.84683e-22
1.335623865e+00  2.1102431e-12  2.11024e-12  2.11024e-12  4.52243e-22
1.342301984e+00  2.1136621e-12  2.11366e-12  2.11366e-12  5.30667e-22
1.349013494e+00  2.1139302e-12  2.11393e-12  2.11393e-12  6.22371e-22
1.355758561e+00  2.1131551e-12  2.11316e-12  2.11316e-12  7.29367e-22
1.362537354e+00  2.1083588e-12  2.10836e-12  2.10836e-12  8.54423e-22
1.369350041e+00  2.1084213e-12  2.10842e-12  2.10842e-12  9.99452e-22
1.376196791e+00  2.1105214e-12  2.11052e-12  2.11052e-12  1.16778e-21
1.383077775e+00  2.1073011e-12  2.10730e-12  2.10730e-12  1.36417e-21
1.389993164e+00  2.1100822e-12  2.11008e-12  2.11008e-12  1.59103e-21
1.396943130e+00  2.1038446e-12  2.10384e-12  2.10384e-12  1.85610e-21
1.403927846e+00  2.1005665e-12  2.10057e-12  2.10057e-12  2.16269e-21
1.410947485e+00  2.0973069e-12  2.09731e-12  2.09731e-12  2.51777e-21
1.418002222e+00  2.0935672e-12  2.09357e-12  2.09357e-12  2.92885e-21
1.425092233e+00  2.0921321e-12  2.09213e-12  2.09213e-12  3.40319e-21
1.432217694e+00  2.0861541e-12  2.08615e-12  2.08615e-12  3.95333e-21
1.439378783e+00  2.0830701e-12  2.08307e-12  2.08307e-12  4.58689e-21
1.446575677e+00  2.0760853e-12  2.07609e-12  2.07609e-12  5.32026e-21
1.453808555e+00  2.0669095e-12  2.06691e-12  2.06691e-12  6.16758e-21
1.461077598e+00  2.0606184e-12  2.06062e-12  2.06062e-12  7.14135e-21
1.468382986e+00  2.0514747e-12  2.05147e-12  2.05147e-12  8.26524e-21
1.475724901e+00  2.0448059e-12  2.04481e-12  2.04481e-12  9.55518e-21
1.483103525e+00  2.0374203e-12  2.03742e-12  2.03742e-12  1.10386e-20
1.490519043e+00  2.0262806e-12  2.02628e-12  2.02628e-12  1.27485e-20
1.497971638e+00  2.0172228e-12  2.01722e-12  2.01722e-12  1.47076e-20
1.505461496e+00  2.0084258e-12  2.00843e-12  2.00843e-12  1.69537e-20
1.512988804e+00  1.9948161e-12  1.99482e-12  1.99482e-12  1.95403e-20
1.520553748e+00  1.9846871e-12  1.98469e-12  1.98469e-12  2.24934e-20
1.528156517e+00  1.9771530e-12  1.97715e-12  1.97715e-12  2.58635e-20
1.535797299e+00  1.9615340e-12  1.96153e-12  1.96153e-12  2.97485e-20
1.543476286e+00  1.9466980e-12  1.94670e-12  1.94670e-12  3.41873e-20
1.551193667e+00  1.9290614e-12  1.92906e-12  1.92906e-12  3.92740e-20
1.558949636e+00  1.9154152e-12  1.91542e-12  1.91542e-12  4.50586e-20
1.566744384e+00  1.9037967e-12  1.90380e-12  1.90380e-12  5.16419e-20
1.574578106e+00  1.8831626e-12  1.88316e-12  1.88316e-12  5.92173e-20
1.582450996e+00  1.8712563e-12  1.87126e-12  1.87126e-12  6.77710e-20
1.590363251e+00  1.8546314e-12  1.85463e-12  1.85463e-12  7.75543e-20
1.598315067e+00  1.8396742e-12  1.83967e-12  1.83967e-12  8.86640e-20
1.606306643e+00  1.8198152e-12  1.81982e-12  1.81982e-12  1.01362e-19
1.614338176e+00  1.8045483e-12  1.80455e-12  1.80455e-12  1.15719e-19
1.622409867e+00  1.7875011e-12  1.78750e-12  1.78750e-12  1.32048e-19
1.630521916e+00  1.7623454e-12  1.76235e-12  1.76235e-12  1.50750e-19
1.638674526e+00  1.7517364e-12  1.75174e-12  1.75174e-12  1.71618e-19
1.646867898e+00  1.7287317e-12  1.72873e-12  1.72873e-12  1.95586e-19
1.655102238e+00  1.7061305e-12  1.70613e-12  1.70613e-12  2.22734e-19
1.663377749e+00  1.6914335e-12  1.69143e-12  1.69143e-12  2.53181e-19
1.671694638e+00  1.6778166e-12  1.67782e-12  1.67782e-12  2.87543e-19
1.680053111e+00  1.6592746e-12  1.65927e-12  1.65927e-12  3.26578e-19
1.688453377e+00  1.6369796e-12  1.63698e-12  1.63698e-12  3.70865e-19
1.696895643e+00  1.6210089e-12  1.62101e-12  1.62101e-12  4.20475e-19
1.705380122e+00  1.6014689e-12  1.60147e-12  1.60147e-12  4.76651e-19
1.713907022e+00  1.5901409e-12  1.59014e-12  1.59014e-12  5.39303e-19
1.722476557e+00  1.5686688e-12  1.56867e-12  1.56867e-12  6.10706e-19
1.731088940e+00  1.5483241e-12  1.54832e-12  1.54832e-12  6.90987e-19
1.739744385e+00  1.5345299e-12  1.53453e-12  1.53453e-12  7.80526e-19
1.748443107e+00  1.5182188e-12  1.51822e-12  1.51822e-12  8.81418e-19
1.757185322e+00  1.5028062e-12  1.50281e-12  1.50281e-12  9.94558e-19
1.765971249e+00  1.4842880e-12  1.48429e-12  1.48429e-12  1.12202e-18
1.774801105e+00  1.4736720e-12  1.47367e-12  1.47367e-12  1.26345e-18
1.783675111e+00  1.4539372e-12  1.45394e-12  1.45394e-12  1.42379e-18
1.792593486e+00  1.4396007e-12  1.43960e-12  1.43960e-12  1.60209e-18
1.801556454e+00  1.4270615e-12  1.42706e-12  1.42706e-12  1.80106e-18
1.810564236e+00  1.4096195e-12  1.40962e-12  1.40962e-12  2.02500e-18
1.819617057e+00  1.3967699e-12  1.39677e-12  1.39677e-12  2.27368e-18
1.828715142e+00  1.3862884e-12  1.38629e-12  1.38629e-12  2.55032e-18
1.837858718e+00  1.3741713e-12  1.37417e-12  1.37417e-12  2.85955e-18
1.847048012e+00  1.3644649e-12  1.36446e-12  1.36446e-12  3.20300e-18
1.856283252e+00  1.3520805e-12  1.35208e-12  1.35208e-12  3.58699e-18
1.865564668e+00  1.3418599e-12  1.34186e-12  1.34186e-12  4.01309e-18
1.874892491e+00  1.3336171e-12  1.33362e-12  1.33361e-12  4.48556e-18
1.884266954e+00  1.3236917e-12  1.32369e-12  1.32369e-12  5.01192e-18
1.893688289e+00  1.3168229e-12  1.31682e-12  1.31682e-12  5.59374e-18
1.903156730e+00  1.3096661e-12  1.30967e-12  1.30966e-12  6.23953e-18
1.912672514e+00  1.3025907e-12  1.30259e-12  1.30258e-12  6.95549e-18
1.922235876e+00  1.2976186e-12  1.29762e-12  1.29761e-12  7.74609e-18
1.931847056e+00  1.2893985e-12  1.28940e-12  1.28939e-12  8.62600e-18
1.941506291e+00  1.2854125e-12  1.28541e-12  1.28540e-12  9.59312e-18
1.951213822e+00  1.2795543e-12  1.27955e-12  1.27954e-12  1.06656e-17
1.960969892e+00  1.2772166e-12  1.27722e-12  1.27720e-12  1.18435e-17
1.970774741e+00  1.2718885e-12  1.27189e-12  1.27188e-12  1.31504e-17
1.980628615e+00  1.2743492e-12  1.27435e-12  1.27433e-12  1.45728e-17
1.990531758e+00  1.2699905e-12  1.26999e-12  1.26997e-12  1.61586e-17
2.000484417e+00  1.2680167e-12  1.26802e-12  1.26800e-12  1.78987e-17
2.010486839e+00  1.2696819e-12  1.26968e-12  1.26966e-12  1.98014e-17
2.020539273e+00  1.2677183e-12  1.26772e-12  1.26770e-12  2.19075e-17
2.030641969e+00  1.2697524e-12  1.26975e-12  1.26973e-12  2.42055e-17
2.040795179e+00  1.2672578e-12  1.26726e-12  1.26723e-12  2.67507e-17
2.050999155e+00  1.2683834e-12  1.26838e-12  1.26835e-12  2.95264e-17
2.061254151e+00  1.2696165e-12  1.26962e-12  1.26958e-12  3.25702e-17
2.071560421e+00  1.2689145e-12  1.26891e-12  1.26888e-12  3.59195e-17
2.081918224e+00  1.2682750e-12  1.26828e-12  1.26824e-12  3.95897e-17
2.092327815e+00  1.2686707e-12  1.26867e-12  1.26863e-12  4.36010e-17
2.102789454e+00  1.2691130e-12  1.26911e-12  1.26907e-12  4.79904e-17
2.113303401e+00  1.2704340e-12  1.27043e-12  1.27038e-12  5.27820e-17
2.123869918e+00  1.2710867e-12  1.27109e-12  1.27103e-12  5.80261e-17
2.134489268e+00  1.2734254e-12  1.27343e-12  1.27336e-12  6.37333e-17
2.145161714e+00  1.2738318e-12  1.27383e-12  1.27376e-12  6.99884e-17
2.155887523e+00  1.2758415e-12  1.27584e-12  1.27576e-12  7.67889e-17
2.166666960e+00  1.2789878e-12  1.27899e-12  1.27890e-12  8.41827e-17
2.177500295e+00  1.2752929e-12  1.27529e-12  1.27520e-12  9.23647e-17
2.188387796e+00  1.2759168e-12  1.27592e-12  1.27582e-12  1.01196e-16
2.199329735e+00  1.2748105e-12  1.27481e-12  1.27470e-12  1.10850e-16
2.210326384e+00  1.2792617e-12  1.27926e-12  1.27914e-12  1.21217e-16
2.221378016e+00  1.2796115e-12  1.27961e-12  1.27948e-12  1.32592e-16
2.232484906e+00  1.2775509e-12  1.27755e-12  1.27741e-12  1.45030e-16
2.243647331e+00  1.2801191e-12  1.28012e-12  1.27996e-12  1.58391e-16
2.254865567e+00  1.2821026e-12  1.28210e-12  1.28193e-12  1.72909e-16
2.266139895e+00  1.2858505e-12  1.28585e-12  1.28566e-12  1.88581e-16
2.277470595e+00  1.2867970e-12  1.28680e-12  1.28659e-12  2.05687e-16
2.288857948e+00  1.2900729e-12  1.29007e-12  1.28985e-12  2.24105e-16
2.300302237e+00  1.2910474e-12  1.29105e-12  1.29080e-12  2.44166e-16
2.311803748e+00  1.2925540e-12  1.29255e-12  1.29229e-12  2.65847e-16
2.323362767e+00  1.2923774e-12  1.29238e-12  1.29209e-12  2.89410e-16
2.334979581e+00  1.3016628e-12  1.30166e-12  1.30135e-12  3.14204e-16
2.346654479e+00  1.3058358e-12  1.30584e-12  1.30549e-12  3.41338e-16
2.358387751e+00  1.3076007e-12  1.30760e-12  1.30723e-12  3.70823e-16
2.370179690e+00  1.3120084e-12  1.31201e-12  1.31161e-12  4.02389e-16
2.382030589e+00  1.3193309e-12  1.31933e-12  1.31889e-12  4.36097e-16
2.393940742e+00  1.3271208e-12  1.32712e-12  1.32665e-12  4.72314e-16
2.405910445e+00  1.3352051e-12  1.33521e-12  1.33469e-12  5.11217e-16
2.417939997e+00  1.3445377e-12  1.34454e-12  1.34398e-12  5.52844e-16
2.430029697e+00  1.3556215e-12  1.35562e-12  1.35502e-12  5.97260e-16
2.442179846e+00  1.3648323e-12  1.36483e-12  1.36419e-12  6.45185e-16
2.454390745e+00  1.3756098e-12  1.37561e-12  1.37491e-12  6.96282e-16
2.466662699e+00  1.3857871e-12  1.38579e-12  1.38504e-12  7.51117e-16
2.478996012e+00  1.3999169e-12  1.39992e-12  1.39911e-12  8.08964e-16
2.491390992e+00  1.4112497e-12  1.41125e-12  1.41038e-12  8.71405e-16
2.503847947e+00  1.4187731e-12  1.41877e-12  1.41783e-12  9.39104e-16
2.516367187e+00  1.4281237e-12  1.42812e-12  1.42711e-12  1.01100e-15
2.528949023e+00  1.4419698e-12  1.44197e-12  1.44088e-12  1.08643e-15
2.541593768e+00  1.4589177e-12  1.45892e-12  1.45775e-12  1.16577e-15
2.554301737e+00  1.4694019e-12  1.46940e-12  1.46815e-12  1.25246e-15
2.567073246e+00  1.4792045e-12  1.47920e-12  1.47786e-12  1.34510e-15
2.579908612e+00  1.4911649e-12  1.49116e-12  1.48972e-12  1.44286e-15
2.592808155e+00  1.5012656e-12  1.50127e-12  1.49972e-12  1.54769e-15
2.605772196e+00  1.5103607e-12  1.51036e-12  1.50870e-12  1.65971e-15
2.618801057e+00  1.5178020e-12  1.51780e-12  1.51602e-12  1.77976e-15
2.631895062e+00  1.5254701e-12  1.52547e-12  1.52356e-12  1.90731e-15
2.645054537e+00  1.5320419e-12  1.53204e-12  1.53000e-12  2.04360e-15
2.658279810e+00  1.5385195e-12  1.53852e-12  1.53633e-12  2.18853e-15
2.671571209e+00  1.5449498e-12  1.54495e-12  1.54261e-12  2.34251e-15
2.684929065e+00  1.5473315e-12  1.54733e-12  1.54482e-12  2.50932e-15
2.698353710e+00  1.5462546e-12  1.54625e-12  1.54356e-12  2.68975e-15
2.711845479e+00  1.5446949e-12  1.54469e-12  1.54181e-12  2.88225e-15
2.725404706e+00  1.5417637e-12  1.54176e-12  1.53868e-12  3.08851e-15
2.739031730e+00  1.5356617e-12  1.53566e-12  1.53235e-12  3.31161e-15
2.752726889e+00  1.5295176e-12  1.52952e-12  1.52597e-12  3.54934e-15
2.766490523e+00  1.5227183e-12  1.52272e-12  1.51891e-12  3.80337e-15
2.780322976e+00  1.5157164e-12  1.51572e-12  1.51164e-12  4.07416e-15
2.794224591e+00  1.5075652e-12  1.50757e-12  1.50320e-12  4.36417e-15
2.808195713e+00  1.4991956e-12  1.49920e-12  1.49452e-12  4.67328e-15
2.822236692e+00  1.4900174e-12  1.49002e-12  1.48501e-12  5.00371e-15
2.836347875e+00  1.4809830e-12  1.48098e-12  1.47563e-12  5.35511e-15
2.850529615e+00  1.4710832e-12  1.47108e-12  1.46535e-12  5.73074e-15
2.864782263e+00  1.4614667e-12  1.46147e-12  1.45534e-12  6.12971e-15
2.879106174e+00  1.4513023e-12  1.45130e-12  1.44475e-12  6.55527e-15
2.893501705e+00  1.4412218e-12  1.44122e-12  1.43421e-12  7.00752e-15
2.907969214e+00  1.4314305e-12  1.43143e-12  1.42394e-12  7.48734e-15
2.922509060e+00  1.4215207e-12  1.42152e-12  1.41352e-12  7.99739e-15
2.937121605e+00  1.4117797e-12  1.41178e-12  1.40324e-12  8.53848e-15
2.951807213e+00  1.4020480e-12  1.40205e-12  1.39294e-12  9.11281e-15
2.966566249e+00  1.3927636e-12  1.39276e-12  1.38304e-12  9.72055e-15
2.981399080e+00  1.3833714e-12  1.38337e-12  1.37301e-12  1.03655e-14
2.996306076e+00  1.3740724e-12  1.37407e-12  1.36302e-12  1.10489e-14
3.011287606e+00  1.3650227e-12  1.36502e-12  1.35325e-12  1.17720e-14
3.026344044e+00  1.3554938e-12  1.35549e-12  1.34295e-12  1.25404e-14
3.041475764e+00  1.3456154e-12  1.34562e-12  1.33226e-12  1.33562e-14
3.056683143e+00  1.3353253e-12  1.33533e-12  1.32110e-12  1.42226e-14
3.071966559e+00  1.3243397e-12  1.32434e-12  1.30920e-12  1.51445e-14
3.087326392e+00  1.3131997e-12  1.31320e-12  1.29708e-12  1.61220e-14
3.102763024e+00  1.3025762e-12  1.30258e-12  1.28542e-12  1.71534e-14
3.118276839e+00  1.2922804e-12  1.29228e-12  1.27404e-12  1.82424e-14
3.133868223e+00  1.2819490e-12  1.28195e-12  1.26255e-12  1.93947e-14
3.149537564e+00  1.2714815e-12  1.27148e-12  1.25087e-12  2.06146e-14
3.165285252e+00  1.2613857e-12  1.26139e-12  1.23948e-12  2.19010e-14
3.181111678e+00  1.2511304e-12  1.25113e-12  1.22787e-12  2.32622e-14
3.197017237e+00  1.2408664e-12  1.24087e-12  1.21617e-12  2.47007e-14
3.213002323e+00  1.2306360e-12  1.23064e-12  1.20442e-12  2.62201e-14
3.229067334e+00  1.2205836e-12  1.22058e-12  1.19276e-12  2.78227e-14
3.245212671e+00  1.2105423e-12  1.21054e-12  1.18103e-12  2.95148e-14
3.261438734e+00  1.2005538e-12  1.20055e-12  1.16925e-12  3.13002e-14
3.277745928e+00  1.1908933e-12  1.19089e-12  1.15771e-12  3.31796e-14
3.294134658e+00  1.1808311e-12  1.18083e-12  1.14566e-12  3.51688e-14
3.310605331e+00  1.1706175e-12  1.17062e-12  1.13335e-12  3.72701e-14
3.327158358e+00  1.1602990e-12  1.16030e-12  1.12081e-12  3.94887e-14
3.343794149e+00  1.1493721e-12  1.14937e-12  1.10753e-12  4.18409e-14
3.360513120e+00  1.1381204e-12  1.13812e-12  1.09379e-12  4.43294e-14
3.377315686e+00  1.1276108e-12  1.12761e-12  1.08067e-12  4.69386e-14
3.394202264e+00  1.1197508e-12  1.11975e-12  1.07012e-12  4.96273e-14
3.411173276e+00  1.1095004e-12  1.10950e-12  1.05698e-12  5.25178e-14
3.428229142e+00  1.1028252e-12  1.10283e-12  1.04736e-12  5.54685e-14
3.445370288e+00  1.0944476e-12  1.09445e-12  1.03583e-12  5.86199e-14
3.462597139e+00  1.0858798e-12  1.08588e-12  1.02394e-12  6.19429e-14
3.479910125e+00  1.0777100e-12  1.07771e-12  1.01228e-12  6.54280e-14
3.497309675e+00  1.0709776e-12  1.07098e-12  1.00193e-12  6.90455e-14
3.514796224e+00  1.0653316e-12  1.06533e-12  9.92523e-13  7.28082e-14
3.532370205e+00  1.0577634e-12  1.05776e-12  9.80928e-13  7.68356e-14
3.550032056e+00  1.0510767e-12  1.05108e-12  9.70042e-13  8.10344e-14
3.567782216e+00  1.0443508e-12  1.04435e-12  9.58901e-13  8.54494e-14
3.585621127e+00  1.0377165e-12  1.03772e-12  9.47631e-13  9.00855e-14
3.603549233e+00  1.0319676e-12  1.03197e-12  9.37054e-13  9.49138e-14
3.621566979e+00  1.0264060e-12  1.02641e-12  9.26431e-13  9.99752e-14
3.639674814e+00  1.0209356e-12  1.02094e-12  9.15650e-13  1.05286e-13
3.657873188e+00  1.0158421e-12  1.01584e-12  9.05001e-13  1.10841e-13
3.676162554e+00  1.0109206e-12  1.01092e-12  8.94257e-13  1.16663e-13
3.694543367e+00  1.0063180e-12  1.00632e-12  8.83563e-13  1.22755e-13
3.713016084e+00  1.0020454e-12  1.00205e-12  8.72918e-13  1.29128e-13
3.731581164e+00  9.9826817e-13  9.98268e-13  8.62489e-13  1.35779e-13
3.750239070e+00  9.9461270e-13  9.94613e-13  8.51862e-13  1.42751e-13
3.768990265e+00  9.9159947e-13  9.91599e-13  8.41586e-13  1.50013e-13
3.787835216e+00  9.8871240e-13  9.88712e-13  8.31090e-13  1.57623e-13
3.806774393e+00  9.8643632e-13  9.86436e-13  8.20887e-13  1.65549e-13
3.825808265e+00  9.8455943e-13  9.84559e-13  8.10734e-13  1.73825e-13
3.844937306e+00  9.8323711e-13  9.83237e-13  8.00790e-13  1.82447e-13
3.864161992e+00  9.8212717e-13  9.82127e-13  7.90659e-13  1.91468e-13
3.883482802e+00  9.8139079e-13  9.81391e-13  7.80503e-13  2.00887e-13
3.902900216e+00  9.8145298e-13  9.81453e-13  7.70787e-13  2.10666e-13
3.922414717e+00  9.8197863e-13  9.81979e-13  7.61119e-13  2.20860e-13
3.942026791e+00  9.8293897e-13  9.82939e-13  7.51449e-13  2.31490e-13
3.961736925e+00  9.8441632e-13  9.84416e-13  7.41855e-13  2.42561e-13
3.981545610e+00  9.8638303e-13  9.86383e-13  7.32286e-13  2.54097e-13
4.001453338e+00  9.8889811e-13  9.88898e-13  7.22794e-13  2.66105e-13
4.021460604e+00  9.9207943e-13  9.92079e-13  7.13498e-13  2.78581e-13
4.041567907e+00  9.9573623e-13  9.95736e-13  7.04155e-13  2.91581e-13
4.061775747e+00  9.9998897e-13  9.99989e-13  6.94887e-13  3.05102e-13
4.082084626e+00  1.0050088e-12  1.00501e-12  6.85885e-13  3.19124e-13
4.102495049e+00  1.0103679e-12  1.01037e-12  6.76600e-13  3.33768e-13
4.123007524e+00  1.0163793e-12  1.01638e-12  6.67392e-13  3.48987e-13
4.143622562e+00  1.0232784e-12  1.02328e-12  6.58540e-13  3.64739e-13
4.164340674e+00  1.0307143e-12  1.03071e-12  6.49575e-13  3.81139e-13
4.185162378e+00  1.0385421e-12  1.03854e-12  6.40274e-13  3.98268e-13
4.206088190e+00  1.0470401e-12  1.04704e-12  6.30965e-13  4.16075e-13
4.227118631e+00  1.0563315e-12  1.05633e-12  6.21782e-13  4.34549e-13
4.248254224e+00  1.0663379e-12  1.06634e-12  6.12592e-13  4.53746e-13
4.269495495e+00  1.0767892e-12  1.07679e-12  6.02977e-13  4.73812e-13
4.290842972e+00  1.0877526e-12  1.08775e-12  5.92971e-13  4.94782e-13
4.312297187e+00  1.0995587e-12  1.09956e-12  5.82998e-13  5.16561e-13
4.333858673e+00  1.1122345e-12  1.11223e-12  5.73059e-13  5.39176e-13
4.355527967e+00  1.1259996e-12  1.12600e-12  5.63454e-13  5.62546e-13
4.377305606e+00  1.1408884e-12  1.14089e-12  5.54220e-13  5.86669e-13
4.399192134e+00  1.1569184e-12  1.15692e-12  5.45369e-13  6.11550e-13
4.421188095e+00  1.1743373e-12  1.17434e-12  5.37310e-13  6.37027e-13
4.443294036e+00  1.1928825e-12  1.19288e-12  5.29612e-13  6.63270e-13
4.465510506e+00  1.2121635e-12  1.21216e-12  5.21551e-13  6.90612e-13
4.487838058e+00  1.2319381e-12  1.23194e-12  5.12569e-13  7.19369e-13
4.510277249e+00  1.2523911e-12  1.25239e-12  5.02852e-13  7.49539e-13
4.532828635e+00  1.2735203e-12  1.27352e-12  4.92220e-13  7.81301e-13
4.555492778e+00  1.2949877e-12  1.29499e-12  4.79708e-13  8.15279e-13
4.578270242e+00  1.3168522e-12  1.31685e-12  4.65034e-13  8.51818e-13
4.601161593e+00  1.3402280e-12  1.34023e-12  4.50414e-13  8.89813e-13
4.624167401e+00  1.3648305e-12  1.36483e-12  4.34964e-13  9.29867e-13
4.647288238e+00  1.3908951e-12  1.39090e-12  4.18993e-13  9.71902e-13
4.670524679e+00  1.4186976e-12  1.41870e-12  4.03031e-13  1.01567e-12
4.693877303e+00  1.4478998e-12  1.44790e-12  3.85689e-13  1.06221e-12
4.717346689e+00  1.4793342e-12  1.47933e-12  3.69431e-13  1.10990e-12
4.740933423e+00  1.5130994e-12  1.51310e-12  3.54842e-13  1.15826e-12
4.764638090e+00  1.5489030e-12  1.54890e-12  3.40912e-13  1.20799e-12
4.788461280e+00  1.5869345e-12  1.58693e-12  3.28881e-13  1.25805e-12
4.812403587e+00  1.6268688e-12  1.62687e-12  3.17209e-13  1.30966e-12
4.836465604e+00  1.6686641e-12  1.66866e-12  3.05120e-13  1.36354e-12
4.860647933e+00  1.7124808e-12  1.71248e-12  2.93850e-13  1.41863e-12
4.884951172e+00  1.7582836e-12  1.75828e-12  2.82519e-13  1.47576e-12
4.909375928e+00  1.8061076e-12  1.80611e-12  2.71934e-13  1.53417e-12
4.933922808e+00  1.8559232e-12  1.85592e-12  2.62043e-13  1.59388e-12
4.958592422e+00  1.9077528e-12  1.90775e-12  2.52436e-13  1.65532e-12
4.983385384e+00  1.9617323e-12  1.96173e-12  2.42481e-13  1.71925e-12
5.008302311e+00  2.0179564e-12  2.01796e-12  2.32255e-13  1.78570e-12
5.033343822e+00  2.0762412e-12  2.07624e-12  2.22787e-13  1.85345e-12
5.058510541e+00  2.1364067e-12  2.13641e-12  2.14455e-13  1.92195e-12
5.083803094e+00  2.1980219e-12  2.19802e-12  2.08051e-13  1.98997e-12
5.109222110e+00  2.2611963e-12  2.26120e-12  2.02731e-13  2.05847e-12
5.134768220e+00  2.3262672e-12  2.32627e-12  1.97551e-13  2.12872e-12
5.160442061e+00  2.3933637e-12  2.39336e-12  1.92316e-13  2.20105e-12
5.186244272e+00  2.4624992e-12  2.46250e-12  1.87091e-13  2.27541e-12
5.212175493e+00  2.5334873e-12  2.53349e-12  1.82209e-13  2.35128e-12
5.238236370e+00  2.6065009e-12  2.60650e-12  1.77411e-13  2.42909e-12
5.264427552e+00  2.6811318e-12  2.68113e-12  1.73221e-13  2.50791e-12
5.290749690e+00  2.7562706e-12  2.75627e-12  1.70772e-13  2.58550e-12
5.317203438e+00  2.8312141e-12  2.83121e-12  1.70427e-13  2.66079e-12
5.343789456e+00  2.9064828e-12  2.90648e-12  1.71261e-13  2.73522e-12
5.370508403e+00  2.9831780e-12  2.98318e-12  1.72067e-13  2.81111e-12
5.397360945e+00  3.0616145e-12  3.06161e-12  1.72594e-13  2.88902e-12
5.424347750e+00  3.1415900e-12  3.14159e-12  1.73054e-13  2.96854e-12
5.451469488e+00  3.2224801e-12  3.22248e-12  1.73912e-13  3.04857e-12
5.478726836e+00  3.3044941e-12  3.30449e-12  1.74957e-13  3.12954e-12
5.506120470e+00  3.3886173e-12  3.38862e-12  1.75527e-13  3.21309e-12
5.533651072e+00  3.4760458e-12  3.47605e-12  1.74985e-13  3.30106e-12
5.561319328e+00  3.5683193e-12  3.56832e-12  1.72644e-13  3.39568e-12
5.589125924e+00  3.6654159e-12  3.66542e-12  1.68816e-13  3.49660e-12
5.617071554e+00  3.7669112e-12  3.76691e-12  1.63966e-13  3.60295e-12
5.645156912e+00  3.8699132e-12  3.86991e-12  1.59665e-13  3.71025e-12
5.673382696e+00  3.9747631e-12  3.97476e-12  1.55697e-13  3.81907e-12
5.701749610e+00  4.0815339e-12  4.08153e-12  1.51999e-13  3.92954e-12
5.730258358e+00  4.1922815e-12  4.19228e-12  1.47702e-13  4.04458e-12
5.758909650e+00  4.3086989e-12  4.30870e-12  1.42242e-13  4.16646e-12
5.787704198e+00  4.4303843e-12  4.43038e-12  1.35952e-13  4.29443e-12
5.816642719e+00  4.5543938e-12  4.55439e-12  1.30020e-13  4.42437e-12
5.845725932e+00  4.6793251e-12  4.67933e-12  1.24899e-13  4.55443e-12
5.874954562e+00  4.8072782e-12  4.80728e-12  1.19819e-13  4.68746e-12
5.904329335e+00  4.9391048e-12  4.93910e-12  1.14529e-13  4.82458e-12
5.933850982e+00  5.0775325e-12  5.07753e-12  1.08259e-13  4.96927e-12
5.963520237e+00  5.2181079e-12  5.21811e-12  1.02425e-13  5.11568e-12
5.993337838e+00  5.3564363e-12  5.35644e-12  9.81950e-14  5.25824e-12
6.023304527e+00  5.4942645e-12  5.49426e-12  9.49312e-14  5.39933e-12
6.053421050e+00  5.6309871e-12  5.63099e-12  9.26814e-14  5.53831e-12
6.083688155e+00  5.7698612e-12  5.76986e-12  9.05472e-14  5.67931e-12
6.114106596e+00  5.9104062e-12  5.91041e-12  8.86324e-14  5.82177e-12
6.144677129e+00  6.0530830e-12  6.05308e-12  8.68144e-14  5.96627e-12
6.175400514e+00  6.1980888e-12  6.19809e-12  8.50445e-14  6.11304e-12
6.206277517e+00  6.3449184e-12  6.34492e-12  8.34255e-14  6.26149e-12
6.237308904e+00  6.4929473e-12  6.49295e-12  8.20681e-14  6.41088e-12
6.268495449e+00  6.6416591e-12  6.64166e-12  8.10450e-14  6.56061e-12
6.299837926e+00  6.7918898e-12  6.79189e-12  8.01680e-14  6.71172e-12
6.331337116e+00  6.9430126e-12  6.94301e-12  7.95334e-14  6.86348e-12
6.362993801e+00  7.0969164e-12  7.09692e-12  7.87930e-14  7.01812e-12
6.394808770e+00  7.2539834e-12  7.25398e-12  7.78950e-14  7.17609e-12
6.426782814e+00  7.4138146e-12  7.41381e-12  7.69197e-14  7.33689e-12
6.458916728e+00  7.5762408e-12  7.57624e-12  7.59015e-14  7.50034e-12
6.491211312e+00  7.7385571e-12  7.73856e-12  7.52462e-14  7.66331e-12
6.523667368e+00  7.9005740e-12  7.90057e-12  7.49441e-14  7.82563e-12
6.556285705e+00  8.0633062e-12  8.06331e-12  7.48188e-14  7.98849e-12
6.589067134e+00  8.2288160e-12  8.22882e-12  7.45754e-14  8.15424e-12
6.622012469e+00  8.3968374e-12  8.39684e-12  7.42582e-14  8.32258e-12
6.655122532e+00  8.5654455e-12  8.56545e-12  7.41132e-14  8.49133e-12
6.688398144e+00  8.7330255e-12  8.73303e-12  7.43175e-14  8.65871e-12
6.721840135e+00  8.9013163e-12  8.90132e-12  7.46317e-14  8.82668e-12
6.755449336e+00  9.0741612e-12  9.07416e-12  7.46071e-14  8.99955e-12
6.789226583e+00  9.2529960e-12  9.25300e-12  7.41152e-14  9.17888e-12
6.823172715e+00  9.4364466e-12  9.43645e-12  7.33436e-14  9.36310e-12
6.857288579e+00  9.6250533e-12  9.62505e-12  7.22614e-14  9.55279e-12
6.891575022e+00  9.8200631e-12  9.82006e-12  7.07719e-14  9.74929e-12
6.926032897e+00  1.0021254e-11  1.00213e-11  6.89337e-14  9.95232e-12
6.960663062e+00  1.0224965e-11  1.02250e-11  6.71224e-14  1.01578e-11
6.995466377e+00  1.0432923e-11  1.04329e-11  6.51798e-14  1.03677e-11
7.030443709e+00  1.0645332e-11  1.06453e-11  6.31004e-14  1.05822e-11
7.065595927e+00  1.0858569e-11  1.08586e-11  6.12082e-14  1.07974e-11
7.100923907e+00  1.1075447e-11  1.10754e-11  5.92541e-14  1.10162e-11
7.136428526e+00  1.1297353e-11  1.12974e-11  5.71326e-14  1.12402e-11
7.172110669e+00  1.1518756e-11  1.15188e-11  5.52932e-14  1.14635e-11
7.207971222e+00  1.1742918e-11  1.17429e-11  5.34644e-14  1.16895e-11
7.244011079e+00  1.1969601e-11  1.19696e-11  5.16638e-14  1.19179e-11
7.280231134e+00  1.2197105e-11  1.21971e-11  5.00123e-14  1.21471e-11
7.316632290e+00  1.2432056e-11  1.24321e-11  4.80347e-14  1.23840e-11
7.353215451e+00  1.2667351e-11  1.26674e-11  4.62415e-14  1.26211e-11
7.389981528e+00  1.2907937e-11  1.29079e-11  4.42913e-14  1.28636e-11
7.426931436e+00  1.3153432e-11  1.31534e-11  4.22223e-14  1.31112e-11
7.464066093e+00  1.3399982e-11  1.34000e-11  4.02861e-14  1.33597e-11
7.501386424e+00  1.3648554e-11  1.36486e-11  3.84142e-14  1.36101e-11
7.538893356e+00  1.3896355e-11  1.38964e-11  3.67674e-14  1.38596e-11
7.576587822e+00  1.4148626e-11  1.41486e-11  3.50265e-14  1.41136e-11
7.614470762e+00  1.4403465e-11  1.44035e-11  3.33061e-14  1.43702e-11
7.652543115e+00  1.4660852e-11  1.46609e-11  3.16059e-14  1.46292e-11
7.690805831e+00  1.4919151e-11  1.49192e-11  3.00120e-14  1.48891e-11
7.729259860e+00  1.5176614e-11  1.51766e-11  2.86072e-14  1.51480e-11
7.767906159e+00  1.5440806e-11  1.54408e-11  2.69947e-14  1.54138e-11
7.806745690e+00  1.5705277e-11  1.57053e-11  2.55081e-14  1.56798e-11
7.845779419e+00  1.5968325e-11  1.59683e-11  2.42197e-14  1.59441e-11
7.885008316e+00  1.6236289e-11  1.62363e-11  2.28180e-14  1.62135e-11
7.924433357e+00  1.6506515e-11  1.65065e-11  2.14323e-14  1.64851e-11
7.964055524e+00  1.6771552e-11  1.67716e-11  2.03928e-14  1.67512e-11
8.003875802e+00  1.7039065e-11  1.70391e-11  1.93413e-14  1.70197e-11
8.043895181e+00  1.7302579e-11  1.73026e-11  1.85523e-14  1.72840e-11
8.084114657e+00  1.7560577e-11  1.75606e-11  1.80688e-14  1.75425e-11
8.124535230e+00  1.7806550e-11  1.78065e-11  1.81303e-14  1.77884e-11
8.165157906e+00  1.8042345e-11  1.80423e-11  1.86239e-14  1.80237e-11
8.205983696e+00  1.8266697e-11  1.82667e-11  1.95654e-14  1.82471e-11
8.247013614e+00  1.8486001e-11  1.84860e-11  2.06809e-14  1.84653e-11
8.288248682e+00  1.8709664e-11  1.87097e-11  2.16105e-14  1.86881e-11
8.329689926e+00  1.8942928e-11  1.89429e-11  2.21766e-14  1.89208e-11
8.371338375e+00  1.9187690e-11  1.91877e-11  2.23352e-14  1.91654e-11
8.413195067e+00  1.9421067e-11  1.94211e-11  2.28939e-14  1.93982e-11
8.455261042e+00  1.9650395e-11  1.96504e-11  2.35784e-14  1.96268e-11
8.497537348e+00  1.9885437e-11  1.98854e-11  2.40594e-14  1.98614e-11
8.540025034e+00  2.0116666e-11  2.01167e-11  2.46521e-14  2.00920e-11
8.582725160e+00  2.0329102e-11  2.03291e-11  2.58139e-14  2.03033e-11
8.625638785e+00  2.0505523e-11  2.05055e-11  2.80296e-14  2.04775e-11
8.668766979e+00  2.0639635e-11  2.06396e-11  3.14141e-14  2.06082e-11
8.712110814e+00  2.0723606e-11  2.07236e-11  3.61151e-14  2.06875e-11
8.755671368e+00  2.0766791e-11  2.07668e-11  4.17749e-14  2.07250e-11
8.799449725e+00  2.0788963e-11  2.07890e-11  4.77733e-14  2.07412e-11
8.843446974e+00  2.0823157e-11  2.08232e-11  5.31797e-14  2.07700e-11
8.887664209e+00  2.0880745e-11  2.08807e-11  5.77209e-14  2.08230e-11
8.932102530e+00  2.0985216e-11  2.09852e-11  6.08312e-14  2.09244e-11
8.976763042e+00  2.1122986e-11  2.11230e-11  6.29434e-14  2.10600e-11
9.021646857e+00  2.1306492e-11  2.13065e-11  6.38040e-14  2.12427e-11
9.066755092e+00  2.1546349e-11  2.15463e-11  6.32277e-14  2.14831e-11
9.112088867e+00  2.1823099e-11  2.18231e-11  6.17690e-14  2.17613e-11
9.157649312e+00  2.2129544e-11  2.21295e-11  5.96509e-14  2.20699e-11
9.203437558e+00  2.2435918e-11  2.24359e-11  5.76002e-14  2.23783e-11
9.249454746e+00  2.2739413e-11  2.27394e-11  5.56767e-14  2.26837e-11
9.295702020e+00  2.3045322e-11  2.30453e-11  5.37560e-14  2.29916e-11
9.342180530e+00  2.3356661e-11  2.33567e-11  5.17730e-14  2.33049e-11
9.388891432e+00  2.3686254e-11  2.36863e-11  4.94590e-14  2.36368e-11
9.435835890e+00  2.3991865e-11  2.39919e-11  4.77143e-14  2.39442e-11
9.483015069e+00  2.4252075e-11  2.42521e-11  4.69435e-14  2.42051e-11
9.530430144e+00  2.4470371e-11  2.44704e-11  4.70201e-14  2.44234e-11
9.578082295e+00  2.4679408e-11  2.46794e-11  4.72528e-14  2.46322e-11
9.625972707e+00  2.4893646e-11  2.48936e-11  4.73529e-14  2.48463e-11
9.674102570e+00  2.5107816e-11  2.51078e-11  4.74265e-14  2.50604e-11
9.722473083e+00  2.5332307e-11  2.53323e-11  4.72814e-14  2.52850e-11
9.771085448e+00  2.5565204e-11  2.55652e-11  4.69638e-14  2.55182e-11
9.819940876e+00  2.5801153e-11  2.58012e-11  4.65782e-14  2.57546e-11
9.869040580e+00  2.6042193e-11  2.60422e-11  4.60920e-14  2.59961e-11
9.918385783e+00  2.6300110e-11  2.63001e-11  4.53075e-14  2.62548e-11
9.967977712e+00  2.6581957e-11  2.65820e-11  4.41219e-14  2.65378e-11
1.001781760e+01  2.6870684e-11  2.68707e-11  4.28390e-14  2.68278e-11
1.006790669e+01  2.7173740e-11  2.71737e-11  4.13432e-14  2.71324e-11
1.011824622e+01  2.7482019e-11  2.74820e-11  3.97912e-14  2.74422e-11
1.016883745e+01  2.7748573e-11  2.77486e-11  3.89222e-14  2.77097e-11
1.021968164e+01  2.7940420e-11  2.79404e-11  3.92074e-14  2.79012e-11
1.027078005e+01  2.8049842e-11  2.80498e-11  4.07017e-14  2.80091e-11
1.032213395e+01  2.8115674e-11  2.81157e-11  4.27635e-14  2.80729e-11
1.037374462e+01  2.8201242e-11  2.82012e-11  4.44373e-14  2.81568e-11
1.042561334e+01  2.8367663e-11  2.83677e-11  4.48650e-14  2.83228e-11
1.047774141e+01  2.8608528e-11  2.86085e-11  4.42002e-14  2.85643e-11
1.053013012e+01  2.8837612e-11  2.88376e-11  4.36922e-14  2.87939e-11
1.058278077e+01  2.8990369e-11  2.89904e-11  4.42114e-14  2.89462e-11
1.063569467e+01  2.9138723e-11  2.91387e-11  4.47427e-14  2.90940e-11
1.068887314e+01  2.9312317e-11  2.93123e-11  4.48947e-14  2.92674e-11
1.074231751e+01  2.9511104e-11  2.95111e-11  4.46863e-14  2.94664e-11
1.079602910e+01  2.9738616e-11  2.97386e-11  4.40900e-14  2.96945e-11
1.085000924e+01  3.0018612e-11  3.00186e-11  4.28275e-14  2.99758e-11
1.090425929e+01  3.0344239e-11  3.03442e-11  4.10157e-14  3.03032e-11
1.095878058e+01  3.0659810e-11  3.06598e-11  3.93556e-14  3.06205e-11
1.101357449e+01  3.0922542e-11  3.09225e-11  3.83493e-14  3.08842e-11
1.106864236e+01  3.1134003e-11  3.11340e-11  3.79470e-14  3.10961e-11
1.112398557e+01  3.1326301e-11  3.13263e-11  3.77499e-14  3.12886e-11
1.117960550e+01  3.1533143e-11  3.15331e-11  3.73655e-14  3.14958e-11
1.123550353e+01  3.1765223e-11  3.17652e-11  3.66833e-14  3.17285e-11
1.129168104e+01  3.2014662e-11  3.20147e-11  3.58035e-14  3.19789e-11
1.134813945e+01  3.2304255e-11  3.23043e-11  3.44890e-14  3.22698e-11
1.140488015e+01  3.2622730e-11  3.26227e-11  3.28800e-14  3.25899e-11
1.146190455e+01  3.2940367e-11  3.29404e-11  3.13017e-14  3.29091e-11
1.151921407e+01  3.3279640e-11  3.32796e-11  2.95212e-14  3.32501e-11
1.157681014e+01  3.3662488e-11  3.36625e-11  2.73253e-14  3.36352e-11
1.163469419e+01  3.4035689e-11  3.40357e-11  2.52657e-14  3.40104e-11
1.169286766e+01  3.4366240e-11  3.43662e-11  2.36620e-14  3.43426e-11
1.175133200e+01  3.4681175e-11  3.46812e-11  2.22317e-14  3.46589e-11
1.181008866e+01  3.5012588e-11  3.50126e-11  2.06607e-14  3.49919e-11
1.186913910e+01  3.5312210e-11  3.53122e-11  1.94101e-14  3.52928e-11
1.192848480e+01  3.5551188e-11  3.55512e-11  1.87338e-14  3.55325e-11
1.198812722e+01  3.5785032e-11  3.57850e-11  1.80993e-14  3.57669e-11
1.204806786e+01  3.6023807e-11  3.60238e-11  1.74140e-14  3.60064e-11
1.210830820e+01  3.6261909e-11  3.62619e-11  1.67298e-14  3.62452e-11
1.216884974e+01  3.6498179e-11  3.64982e-11  1.60569e-14  3.64821e-11
1.222969399e+01  3.6738690e-11  3.67387e-11  1.53424e-14  3.67233e-11
1.229084246e+01  3.6980807e-11  3.69808e-11  1.46106e-14  3.69662e-11
1.235229667e+01  3.7204110e-11  3.72041e-11  1.40333e-14  3.71901e-11
1.241405815e+01  3.7421881e-11  3.74219e-11  1.34945e-14  3.74084e-11
1.247612845e+01  3.7640655e-11  3.76407e-11  1.29391e-14  3.76277e-11
1.253850909e+01  3.7853015e-11  3.78530e-11  1.24275e-14  3.78406e-11
1.260120163e+01  3.8057303e-11  3.80573e-11  1.19710e-14  3.80453e-11
1.266420764e+01  3.8256568e-11  3.82566e-11  1.15437e-14  3.82450e-11
1.272752868e+01  3.8440453e-11  3.84405e-11  1.12241e-14  3.84292e-11
1.279116632e+01  3.8598832e-11  3.85988e-11  1.10850e-14  3.85877e-11
1.285512215e+01  3.8744973e-11  3.87450e-11  1.10194e-14  3.87340e-11
1.291939776e+01  3.8881551e-11  3.88816e-11  1.10045e-14  3.88705e-11
1.298399475e+01  3.9010482e-11  3.90105e-11  1.10242e-14  3.89995e-11
1.304891473e+01  3.9135738e-11  3.91357e-11  1.10484e-14  3.91247e-11
1.311415930e+01  3.9247573e-11  3.92476e-11  1.11461e-14  3.92364e-11
1.317973010e+01  3.9341796e-11  3.93418e-11  1.13439e-14  3.93305e-11
1.324562875e+01  3.9440693e-11  3.94407e-11  1.14831e-14  3.94292e-11
1.331185689e+01  3.9550484e-11  3.95505e-11  1.15233e-14  3.95390e-11
1.337841618e+01  3.9670483e-11  3.96705e-11  1.14728e-14  3.96590e-11
1.344530826e+01  3.9776903e-11  3.97769e-11  1.14937e-14  3.97654e-11
1.351253480e+01  3.9875011e-11  3.98750e-11  1.15486e-14  3.98635e-11
1.358009747e+01  3.9953964e-11  3.99540e-11  1.17067e-14  3.99423e-11
1.364799796e+01  4.0008207e-11  4.00082e-11  1.19999e-14  3.99962e-11
1.371623795e+01  4.0081364e-11  4.00814e-11  1.21460e-14  4.00692e-11
1.378481914e+01  4.0168609e-11  4.01686e-11  1.21806e-14  4.01564e-11
1.385374323e+01  4.0267991e-11  4.02680e-11  1.21199e-14  4.02559e-11
1.392301195e+01  4.0377948e-11  4.03779e-11  1.19768e-14  4.03660e-11
1.399262701e+01  4.0495628e-11  4.04956e-11  1.17715e-14  4.04839e-11
1.406259015e+01  4.0617724e-11  4.06177e-11  1.15261e-14  4.06062e-11
1.413290310e+01  4.0734107e-11  4.07341e-11  1.13018e-14  4.07228e-11
1.420356761e+01  4.0843897e-11  4.08439e-11  1.11029e-14  4.08328e-11
1.427458545e+01  4.0944507e-11  4.09445e-11  1.09436e-14  4.09336e-11
1.434595838e+01  4.1052111e-11  4.10521e-11  1.07304e-14  4.10414e-11
1.441768817e+01  4.1161208e-11  4.11612e-11  1.04961e-14  4.11507e-11
1.448977661e+01  4.1263676e-11  4.12637e-11  1.02868e-14  4.12534e-11
1.456222549e+01  4.1355190e-11  4.13552e-11  1.01253e-14  4.13451e-11
1.463503662e+01  4.1444309e-11  4.14443e-11  9.96367e-15  4.14343e-11
1.470821180e+01  4.1519823e-11  4.15198e-11  9.86212e-15  4.15100e-11
1.478175286e+01  4.1585993e-11  4.15860e-11  9.79602e-15  4.15762e-11
1.485566163e+01  4.1649715e-11  4.16497e-11  9.72800e-15  4.16400e-11
1.492993994e+01  4.1706226e-11  4.17062e-11  9.68289e-15  4.16965e-11
1.500458964e+01  4.1785899e-11  4.17859e-11  9.50382e-15  4.17764e-11
1.507961258e+01  4.1877119e-11  4.18771e-11  9.25431e-15  4.18679e-11
1.515501065e+01  4.1947297e-11  4.19473e-11  9.10063e-15  4.19382e-11
1.523078570e+01  4.1989818e-11  4.19898e-11  9.07265e-15  4.19807e-11
1.530693963e+01  4.1936494e-11  4.19365e-11  9.50194e-15  4.19270e-11
1.538347433e+01  4.1859983e-11  4.18600e-11  1.00201e-14  4.18500e-11
1.546039170e+01  4.1727868e-11  4.17279e-11  1.07805e-14  4.17171e-11
1.553769366e+01  4.1567608e-11  4.15676e-11  1.16444e-14  4.15560e-11
1.561538212e+01  4.1501066e-11  4.15011e-11  1.20339e-14  4.14890e-11
1.569345903e+01  4.1489942e-11  4.14899e-11  1.21425e-14  4.14778e-11
1.577192633e+01  4.1509822e-11  4.15098e-11  1.20918e-14  4.14977e-11
1.585078596e+01  4.1550697e-11  4.15507e-11  1.19324e-14  4.15388e-11
1.593003989e+01  4.1587556e-11  4.15876e-11  1.17809e-14  4.15758e-11
1.600969009e+01  4.1623488e-11  4.16235e-11  1.16233e-14  4.16119e-11
1.608973854e+01  4.1659387e-11  4.16594e-11  1.14559e-14  4.16479e-11
1.617018723e+01  4.1692183e-11  4.16922e-11  1.12925e-14  4.16809e-11
1.625103817e+01  4.1662358e-11  4.16624e-11  1.13917e-14  4.16510e-11
1.633229336e+01  4.1572498e-11  4.15725e-11  1.17345e-14  4.15608e-11
1.641395483e+01  4.1445952e-11  4.14460e-11  1.22144e-14  4.14337e-11
1.649602460e+01  4.1336575e-11  4.13366e-11  1.26003e-14  4.13240e-11
1.657850473e+01  4.1188795e-11  4.11888e-11  1.31269e-14  4.11757e-11
1.666139725e+01  4.1081670e-11  4.10817e-11  1.34635e-14  4.10682e-11
1.674470424e+01  4.0893376e-11  4.08934e-11  1.41142e-14  4.08793e-11
1.682842776e+01  4.0718887e-11  4.07189e-11  1.46851e-14  4.07042e-11
1.691256990e+01  4.0493340e-11  4.04933e-11  1.54388e-14  4.04779e-11
1.699713274e+01  4.0288327e-11  4.02883e-11  1.60853e-14  4.02722e-11
1.708211841e+01  4.0078288e-11  4.00783e-11  1.67285e-14  4.00616e-11
1.716752900e+01  3.9903445e-11  3.99034e-11  1.72115e-14  3.98862e-11
1.725336665e+01  3.9697189e-11  3.96972e-11  1.77963e-14  3.96794e-11
1.733963348e+01  3.9492238e-11  3.94922e-11  1.83548e-14  3.94739e-11
1.742633165e+01  3.9266151e-11  3.92662e-11  1.89729e-14  3.92472e-11
1.751346330e+01  3.9037958e-11  3.90380e-11  1.95775e-14  3.90184e-11
1.760103062e+01  3.8809474e-11  3.88095e-11  2.01622e-14  3.87893e-11
1.768903577e+01  3.8654719e-11  3.86547e-11  2.04541e-14  3.86343e-11
1.777748095e+01  3.8519922e-11  3.85199e-11  2.06579e-14  3.84993e-11
1.786636836e+01  3.8442895e-11  3.84429e-11  2.06389e-14  3.84223e-11
1.795570020e+01  3.8378724e-11  3.83787e-11  2.05646e-14  3.83582e-11
1.804547870e+01  3.8350230e-11  3.83502e-11  2.03551e-14  3.83299e-11
1.813570609e+01  3.8290229e-11  3.82902e-11  2.02517e-14  3.82700e-11
1.822638462e+01  3.8206268e-11  3.82063e-11  2.02250e-14  3.81860e-11
1.831751655e+01  3.8083988e-11  3.80840e-11  2.03233e-14  3.80637e-11
1.840910413e+01  3.7955892e-11  3.79559e-11  2.04313e-14  3.79355e-11
1.850114965e+01  3.7873581e-11  3.78736e-11  2.03727e-14  3.78532e-11
1.859365540e+01  3.7811181e-11  3.78112e-11  2.02394e-14  3.77909e-11
1.868662368e+01  3.7781279e-11  3.77813e-11  1.99912e-14  3.77613e-11
1.878005679e+01  3.7760263e-11  3.77603e-11  1.97097e-14  3.77406e-11
1.887395708e+01  3.7702889e-11  3.77029e-11  1.95450e-14  3.76833e-11
1.896832686e+01  3.7611917e-11  3.76119e-11  1.94855e-14  3.75924e-11
1.906316850e+01  3.7505281e-11  3.75053e-11  1.94703e-14  3.74858e-11
1.915848434e+01  3.7377870e-11  3.73779e-11  1.95149e-14  3.73584e-11
1.925427676e+01  3.7279085e-11  3.72791e-11  1.94602e-14  3.72596e-11
1.935054815e+01  3.7194140e-11  3.71941e-11  1.93554e-14  3.71748e-11
1.944730089e+01  3.7147121e-11  3.71471e-11  1.91262e-14  3.71280e-11
1.954453739e+01  3.7101286e-11  3.71013e-11  1.88902e-14  3.70824e-11
1.964226008e+01  3.7072959e-11  3.70730e-11  1.85972e-14  3.70544e-11
1.974047138e+01  3.7104075e-11  3.71041e-11  1.81198e-14  3.70860e-11
1.983917374e+01  3.7142533e-11  3.71425e-11  1.76211e-14  3.71249e-11
1.993836960e+01  3.7232716e-11  3.72327e-11  1.69677e-14  3.72157e-11
2.003806145e+01  3.7303545e-11  3.73035e-11  1.63763e-14  3.72872e-11
2.013825176e+01  3.7366609e-11  3.73666e-11  1.58112e-14  3.73508e-11
2.023894302e+01  3.7406656e-11  3.74067e-11  1.53168e-14  3.73913e-11
2.034013773e+01  3.7384828e-11  3.73848e-11  1.50056e-14  3.73698e-11
2.044183842e+01  3.7334496e-11  3.73345e-11  1.47764e-14  3.73197e-11
2.054404761e+01  3.7288342e-11  3.72883e-11  1.45331e-14  3.72738e-11
2.064676785e+01  3.7254346e-11  3.72543e-11  1.42533e-14  3.72401e-11
2.075000169e+01  3.7208485e-11  3.72085e-11  1.40063e-14  3.71945e-11
2.085375170e+01  3.7200307e-11  3.72003e-11  1.36514e-14  3.71867e-11
2.095802046e+01  3.7191916e-11  3.71919e-11  1.32973e-14  3.71786e-11
2.106281056e+01  3.7174136e-11  3.71741e-11  1.29696e-14  3.71612e-11
2.116812461e+01  3.7145368e-11  3.71454e-11  1.26723e-14  3.71327e-11
2.127396524e+01  3.7132681e-11  3.71327e-11  1.23306e-14  3.71204e-11
2.138033506e+01  3.7169083e-11  3.71691e-11  1.18555e-14  3.71572e-11
2.148723674e+01  3.7195956e-11  3.71960e-11  1.14086e-14  3.71845e-11
2.159467292e+01  3.7193180e-11  3.71932e-11  1.10432e-14  3.71821e-11
2.170264629e+01  3.7212754e-11  3.72128e-11  1.06192e-14  3.72021e-11
2.181115952e+01  3.7246298e-11  3.72463e-11  1.01600e-14  3.72361e-11
2.192021532e+01  3.7276529e-11  3.72765e-11  9.71185e-15  3.72668e-11
2.202981639e+01  3.7277792e-11  3.72778e-11  9.34162e-15  3.72685e-11
2.213996547e+01  3.7264954e-11  3.72650e-11  9.00923e-15  3.72559e-11
2.225066530e+01  3.7226786e-11  3.72268e-11  8.74288e-15  3.72180e-11
2.236191863e+01  3.7186535e-11  3.71865e-11  8.48185e-15  3.71781e-11
2.247372822e+01  3.7120053e-11  3.71201e-11  8.28746e-15  3.71118e-11
2.258609686e+01  3.7008302e-11  3.70083e-11  8.20649e-15  3.70001e-11
2.269902735e+01  3.6869717e-11  3.68697e-11  8.19054e-15  3.68615e-11
2.281252248e+01  3.6715732e-11  3.67157e-11  8.20991e-15  3.67075e-11
2.292658510e+01  3.6564414e-11  3.65644e-11  8.21928e-15  3.65562e-11
2.304121802e+01  3.6369350e-11  3.63694e-11  8.33298e-15  3.63610e-11
2.315642411e+01  3.6155491e-11  3.61555e-11  8.48812e-15  3.61470e-11
2.327220623e+01  3.5965601e-11  3.59656e-11  8.58019e-15  3.59570e-11
2.338856726e+01  3.5797508e-11  3.57975e-11  8.61570e-15  3.57889e-11
2.350551010e+01  3.5642012e-11  3.56420e-11  8.61783e-15  3.56334e-11
2.362303765e+01  3.5489641e-11  3.54896e-11  8.60982e-15  3.54810e-11
2.374115284e+01  3.5349713e-11  3.53497e-11  8.56986e-15  3.53411e-11
2.385985860e+01  3.5191894e-11  3.51919e-11  8.56995e-15  3.51833e-11
2.397915789e+01  3.5025650e-11  3.50257e-11  8.58727e-15  3.50171e-11
2.409905368e+01  3.4834931e-11  3.48349e-11  8.65883e-15  3.48263e-11
2.421954895e+01  3.4630749e-11  3.46307e-11  8.75827e-15  3.46220e-11
2.434064670e+01  3.4448417e-11  3.44484e-11  8.80415e-15  3.44396e-11
2.446234993e+01  3.4257651e-11  3.42577e-11  8.86654e-15  3.42488e-11
2.458466168e+01  3.4086625e-11  3.40866e-11  8.88134e-15  3.40777e-11
2.470758499e+01  3.3940053e-11  3.39401e-11  8.83884e-15  3.39312e-11
2.483112291e+01  3.3772889e-11  3.37729e-11  8.84099e-15  3.37640e-11
2.495527853e+01  3.3604129e-11  3.36041e-11  8.84477e-15  3.35953e-11
