# ------------------------------------------------------------------------
# Radiance spectrum
# NASA-GSFC Planetary Spectrum Generator (PSG) (Villanueva et al. 2018, 2022)
# Synthesized on Wed Feb 14 19:03:42 2024
# Doppler velocities [km/s] (vobs,vrot+vorb,vwidth,vrfl,vstr): 0.00000,-0.00000,0.00000,-119.41115,-0.00000
# Spectral unit: Wavelength [um]
# Radiance unit: Spectral irradiance [W/m2/um]
# Wave/freq Total Object Reflected Thermal
5.000000000e-01  1.9791780e-12  1.97918e-12  1.97918e-12  1.51860e-46
5.025000000e-01  1.9974469e-12  1.99745e-12  1.99745e-12  2.39657e-46
5.050125000e-01  2.0008066e-12  2.00081e-12  2.00081e-12  3.78316e-46
5.075375625e-01  2.0755950e-12  2.07559e-12  2.07559e-12  5.88373e-46
5.100752503e-01  2.1511667e-12  2.15117e-12  2.15117e-12  9.12896e-46
5.126256266e-01  2.2105754e-12  2.21058e-12  2.21058e-12  1.41728e-45
5.151887547e-01  2.2696990e-12  2.26970e-12  2.26970e-12  2.19556e-45
5.177646985e-01  2.3160891e-12  2.31609e-12  2.31609e-12  3.40122e-45
5.203535220e-01  2.3627104e-12  2.36271e-12  2.36271e-12  5.25704e-45
5.229552896e-01  2.4079923e-12  2.40799e-12  2.40799e-12  8.10934e-45
5.255700660e-01  2.4529584e-12  2.45296e-12  2.45296e-12  1.24823e-44
5.281979164e-01  2.4955790e-12  2.49558e-12  2.49558e-12  1.91788e-44
5.308389059e-01  2.5345972e-12  2.53460e-12  2.53460e-12  2.94213e-44
5.334931005e-01  2.5652300e-12  2.56523e-12  2.56523e-12  4.50985e-44
5.361605660e-01  2.5934253e-12  2.59343e-12  2.59343e-12  6.90057e-44
5.388413688e-01  2.6185100e-12  2.61851e-12  2.61851e-12  1.05409e-43
5.415355756e-01  2.6394429e-12  2.63944e-12  2.63944e-12  1.60773e-43
5.442432535e-01  2.6571734e-12  2.65717e-12  2.65717e-12  2.44807e-43
5.469644698e-01  2.6795091e-12  2.67951e-12  2.67951e-12  3.71671e-43
5.496992921e-01  2.7035242e-12  2.70352e-12  2.70352e-12  5.62904e-43
5.524477886e-01  2.7377179e-12  2.73772e-12  2.73772e-12  8.49314e-43
5.552100275e-01  2.7733441e-12  2.77334e-12  2.77334e-12  1.27844e-42
5.579860777e-01  2.8071377e-12  2.80714e-12  2.80714e-12  1.92089e-42
5.607760081e-01  2.8380363e-12  2.83804e-12  2.83804e-12  2.88142e-42
5.635798881e-01  2.8608661e-12  2.86087e-12  2.86087e-12  4.31862e-42
5.663977875e-01  2.8833880e-12  2.88339e-12  2.88339e-12  6.45934e-42
5.692297765e-01  2.9054999e-12  2.90550e-12  2.90550e-12  9.64156e-42
5.720759254e-01  2.9244426e-12  2.92444e-12  2.92444e-12  1.43684e-41
5.749363050e-01  2.9420577e-12  2.94206e-12  2.94206e-12  2.13724e-41
5.778109865e-01  2.9654310e-12  2.96543e-12  2.96543e-12  3.16970e-41
5.807000414e-01  2.9872295e-12  2.98723e-12  2.98723e-12  4.69237e-41
5.836035417e-01  3.0040104e-12  3.00401e-12  3.00401e-12  6.93746e-41
5.865215594e-01  3.0218514e-12  3.02185e-12  3.02185e-12  1.02341e-40
5.894541672e-01  3.0406759e-12  3.04068e-12  3.04068e-12  1.50645e-40
5.924014380e-01  3.0608016e-12  3.06080e-12  3.06080e-12  2.21256e-40
5.953634452e-01  3.0810540e-12  3.08105e-12  3.08105e-12  3.24306e-40
5.983402624e-01  3.1010331e-12  3.10103e-12  3.10103e-12  4.74418e-40
6.013319637e-01  3.1209361e-12  3.12094e-12  3.12094e-12  6.92640e-40
6.043386235e-01  3.1406597e-12  3.14066e-12  3.14066e-12  1.00926e-39
6.073603167e-01  3.1614294e-12  3.16143e-12  3.16143e-12  1.46750e-39
6.103971182e-01  3.1821307e-12  3.18213e-12  3.18213e-12  2.12963e-39
6.134491038e-01  3.2010012e-12  3.20100e-12  3.20100e-12  3.08527e-39
6.165163494e-01  3.2220717e-12  3.22207e-12  3.22207e-12  4.45968e-39
6.195989311e-01  3.2454836e-12  3.24548e-12  3.24548e-12  6.43182e-39
6.226969258e-01  3.2671680e-12  3.26717e-12  3.26717e-12  9.26048e-39
6.258104104e-01  3.2891072e-12  3.28911e-12  3.28911e-12  1.33072e-38
6.289394624e-01  3.3131132e-12  3.31311e-12  3.31311e-12  1.90805e-38
6.320841597e-01  3.3324790e-12  3.33248e-12  3.33248e-12  2.73241e-38
6.352445805e-01  3.3497127e-12  3.34971e-12  3.34971e-12  3.90666e-38
6.384208035e-01  3.3700758e-12  3.37008e-12  3.37008e-12  5.57268e-38
6.416129075e-01  3.3894900e-12  3.38949e-12  3.38949e-12  7.93536e-38
6.448209720e-01  3.4079411e-12  3.40794e-12  3.40794e-12  1.12802e-37
6.480450769e-01  3.4296894e-12  3.42969e-12  3.42969e-12  1.59982e-37
6.512853022e-01  3.4492763e-12  3.44928e-12  3.44928e-12  2.26543e-37
6.545417288e-01  3.4649028e-12  3.46490e-12  3.46490e-12  3.20375e-37
6.578144374e-01  3.4842906e-12  3.48429e-12  3.48429e-12  4.52021e-37
6.611035096e-01  3.5014663e-12  3.50147e-12  3.50147e-12  6.36789e-37
6.644090271e-01  3.5129293e-12  3.51293e-12  3.51293e-12  8.96126e-37
6.677310723e-01  3.5250204e-12  3.52502e-12  3.52502e-12  1.25870e-36
6.710697276e-01  3.5372977e-12  3.53730e-12  3.53730e-12  1.76475e-36
6.744250763e-01  3.5503325e-12  3.55033e-12  3.55033e-12  2.46960e-36
6.777972017e-01  3.5749490e-12  3.57495e-12  3.57495e-12  3.44472e-36
6.811861877e-01  3.5980269e-12  3.59803e-12  3.59803e-12  4.79736e-36
6.845921186e-01  3.6138130e-12  3.61381e-12  3.61381e-12  6.67563e-36
6.880150792e-01  3.6287872e-12  3.62879e-12  3.62879e-12  9.27400e-36
6.914551546e-01  3.6419018e-12  3.64190e-12  3.64190e-12  1.28643e-35
6.949124304e-01  3.6527907e-12  3.65279e-12  3.65279e-12  1.78187e-35
6.983869925e-01  3.6755054e-12  3.67551e-12  3.67551e-12  2.46019e-35
7.018789275e-01  3.6949955e-12  3.69500e-12  3.69500e-12  3.39231e-35
7.053883221e-01  3.7121652e-12  3.71217e-12  3.71217e-12  4.67096e-35
7.089152637e-01  3.7356818e-12  3.73568e-12  3.73568e-12  6.41558e-35
7.124598400e-01  3.7545315e-12  3.75453e-12  3.75453e-12  8.80208e-35
7.160221392e-01  3.7672532e-12  3.76725e-12  3.76725e-12  1.20652e-34
7.196022499e-01  3.7700018e-12  3.77000e-12  3.77000e-12  1.65309e-34
7.232002612e-01  3.7793284e-12  3.77933e-12  3.77933e-12  2.25930e-34
7.268162625e-01  3.7817085e-12  3.78171e-12  3.78171e-12  3.08534e-34
7.304503438e-01  3.7757745e-12  3.77577e-12  3.77577e-12  4.21069e-34
7.341025955e-01  3.7649388e-12  3.76494e-12  3.76494e-12  5.74040e-34
7.377731085e-01  3.7444874e-12  3.74449e-12  3.74449e-12  7.82201e-34
7.414619740e-01  3.7203749e-12  3.72037e-12  3.72037e-12  1.06455e-33
7.451692839e-01  3.6947559e-12  3.69476e-12  3.69476e-12  1.44668e-33
7.488951303e-01  3.6503383e-12  3.65034e-12  3.65034e-12  1.96713e-33
7.526396060e-01  3.6070034e-12  3.60700e-12  3.60700e-12  2.67001e-33
7.564028040e-01  3.5585786e-12  3.55858e-12  3.55858e-12  3.62019e-33
7.601848180e-01  3.4999350e-12  3.49994e-12  3.49994e-12  4.90618e-33
7.639857421e-01  3.4241982e-12  3.42420e-12  3.42420e-12  6.65089e-33
7.678056708e-01  3.3516891e-12  3.35169e-12  3.35169e-12  8.99751e-33
7.716446992e-01  3.2753472e-12  3.27535e-12  3.27535e-12  1.21570e-32
7.755029227e-01  3.1925969e-12  3.19260e-12  3.19260e-12  1.64101e-32
7.793804373e-01  3.1099349e-12  3.10993e-12  3.10993e-12  2.21139e-32
7.832773395e-01  3.0267678e-12  3.02677e-12  3.02677e-12  2.97526e-32
7.871937262e-01  2.9378161e-12  2.93782e-12  2.93782e-12  3.99887e-32
7.911296948e-01  2.8461596e-12  2.84616e-12  2.84616e-12  5.36733e-32
7.950853433e-01  2.7584806e-12  2.75848e-12  2.75848e-12  7.18932e-32
7.990607700e-01  2.6692494e-12  2.66925e-12  2.66925e-12  9.61577e-32
8.030560739e-01  2.5797197e-12  2.57972e-12  2.57972e-12  1.28409e-31
8.070713542e-01  2.4918956e-12  2.49190e-12  2.49190e-12  1.71174e-31
8.111067110e-01  2.4067969e-12  2.40680e-12  2.40680e-12  2.27760e-31
8.151622446e-01  2.3243280e-12  2.32433e-12  2.32433e-12  3.02499e-31
8.192380558e-01  2.2448891e-12  2.24489e-12  2.24489e-12  4.01023e-31
8.233342461e-01  2.1667634e-12  2.16676e-12  2.16676e-12  5.30755e-31
8.274509173e-01  2.0878529e-12  2.08785e-12  2.08785e-12  7.01443e-31
8.315881719e-01  2.0170298e-12  2.01703e-12  2.01703e-12  9.24911e-31
8.357461127e-01  1.9601960e-12  1.96020e-12  1.96020e-12  1.21614e-30
8.399248433e-01  1.9014049e-12  1.90140e-12  1.90140e-12  1.59704e-30
8.441244675e-01  1.8455398e-12  1.84554e-12  1.84554e-12  2.09362e-30
8.483450899e-01  1.7912424e-12  1.79124e-12  1.79124e-12  2.74024e-30
8.525868153e-01  1.7422802e-12  1.74228e-12  1.74228e-12  3.57969e-30
8.568497494e-01  1.6981704e-12  1.69817e-12  1.69817e-12  4.66757e-30
8.611339981e-01  1.6567994e-12  1.65680e-12  1.65680e-12  6.07600e-30
8.654396681e-01  1.6178030e-12  1.61780e-12  1.61780e-12  7.89667e-30
8.697668665e-01  1.5844484e-12  1.58445e-12  1.58445e-12  1.02434e-29
8.741157008e-01  1.5547414e-12  1.55474e-12  1.55474e-12  1.32650e-29
8.784862793e-01  1.5260586e-12  1.52606e-12  1.52606e-12  1.71528e-29
8.828787107e-01  1.4997845e-12  1.49978e-12  1.49978e-12  2.21452e-29
8.872931042e-01  1.4768019e-12  1.47680e-12  1.47680e-12  2.85436e-29
8.917295698e-01  1.4556117e-12  1.45561e-12  1.45561e-12  3.67356e-29
8.961882176e-01  1.4348399e-12  1.43484e-12  1.43484e-12  4.72140e-29
9.006691587e-01  1.4172458e-12  1.41725e-12  1.41725e-12  6.05836e-29
9.051725045e-01  1.4054604e-12  1.40546e-12  1.40546e-12  7.75963e-29
9.096983670e-01  1.3951006e-12  1.39510e-12  1.39510e-12  9.92436e-29
9.142468589e-01  1.3851663e-12  1.38517e-12  1.38517e-12  1.26760e-28
9.188180931e-01  1.3802866e-12  1.38029e-12  1.38029e-12  1.61623e-28
9.234121836e-01  1.3777057e-12  1.37771e-12  1.37771e-12  2.05766e-28
9.280292445e-01  1.3767964e-12  1.37680e-12  1.37680e-12  2.61591e-28
9.326693908e-01  1.3793043e-12  1.37930e-12  1.37930e-12  3.32035e-28
9.373327377e-01  1.3828523e-12  1.38285e-12  1.38285e-12  4.20874e-28
9.420194014e-01  1.3920508e-12  1.39205e-12  1.39205e-12  5.32538e-28
9.467294984e-01  1.4081317e-12  1.40813e-12  1.40813e-12  6.72562e-28
9.514631459e-01  1.4214924e-12  1.42149e-12  1.42149e-12  8.48546e-28
9.562204616e-01  1.4369876e-12  1.43699e-12  1.43699e-12  1.06903e-27
9.610015639e-01  1.4573422e-12  1.45734e-12  1.45734e-12  1.34455e-27
9.658065718e-01  1.4860139e-12  1.48601e-12  1.48601e-12  1.68768e-27
9.706356046e-01  1.5171462e-12  1.51715e-12  1.51715e-12  2.11529e-27
9.754887826e-01  1.5519644e-12  1.55196e-12  1.55196e-12  2.64706e-27
9.803662265e-01  1.5909454e-12  1.59095e-12  1.59095e-12  3.30715e-27
9.852680577e-01  1.6381447e-12  1.63814e-12  1.63814e-12  4.12359e-27
9.901943980e-01  1.6853817e-12  1.68538e-12  1.68538e-12  5.13523e-27
9.951453700e-01  1.7343738e-12  1.73437e-12  1.73437e-12  6.38612e-27
1.000121097e+00  1.7913807e-12  1.79138e-12  1.79138e-12  7.92593e-27
1.005121702e+00  1.8557455e-12  1.85575e-12  1.85575e-12  9.81795e-27
1.010147311e+00  1.9295117e-12  1.92951e-12  1.92951e-12  1.21355e-26
1.015198047e+00  1.9951103e-12  1.99511e-12  1.99511e-12  1.49933e-26
1.020274038e+00  2.0658978e-12  2.06590e-12  2.06590e-12  1.84918e-26
1.025375408e+00  2.1406175e-12  2.14062e-12  2.14062e-12  2.27694e-26
1.030502285e+00  2.2205786e-12  2.22058e-12  2.22058e-12  2.79870e-26
1.035654796e+00  2.2977119e-12  2.29771e-12  2.29771e-12  3.43669e-26
1.040833070e+00  2.3761493e-12  2.37615e-12  2.37615e-12  4.21430e-26
1.046037236e+00  2.4556289e-12  2.45563e-12  2.45563e-12  5.16088e-26
1.051267422e+00  2.5337126e-12  2.53371e-12  2.53371e-12  6.31313e-26
1.056523759e+00  2.6143808e-12  2.61438e-12  2.61438e-12  7.71094e-26
1.061806378e+00  2.6965213e-12  2.69652e-12  2.69652e-12  9.40506e-26
1.067115410e+00  2.7676049e-12  2.76760e-12  2.76760e-12  1.14708e-25
1.072450987e+00  2.8404094e-12  2.84041e-12  2.84041e-12  1.39705e-25
1.077813242e+00  2.9091645e-12  2.90916e-12  2.90916e-12  1.70019e-25
1.083202308e+00  2.9742437e-12  2.97424e-12  2.97424e-12  2.06744e-25
1.088618319e+00  3.0345881e-12  3.03459e-12  3.03459e-12  2.51234e-25
1.094061411e+00  3.0872460e-12  3.08725e-12  3.08725e-12  3.05202e-25
1.099531718e+00  3.1277522e-12  3.12775e-12  3.12775e-12  3.70846e-25
1.105029377e+00  3.1748908e-12  3.17489e-12  3.17489e-12  4.49751e-25
1.110554523e+00  3.2193951e-12  3.21940e-12  3.21940e-12  5.44984e-25
1.116107296e+00  3.2610414e-12  3.26104e-12  3.26104e-12  6.59850e-25
1.121687832e+00  3.2897380e-12  3.28974e-12  3.28974e-12  7.99245e-25
1.127296272e+00  3.3168302e-12  3.31683e-12  3.31683e-12  9.67202e-25
1.132932753e+00  3.3371820e-12  3.33718e-12  3.33718e-12  1.17011e-24
1.138597417e+00  3.3590044e-12  3.35900e-12  3.35900e-12  1.41381e-24
1.144290404e+00  3.3740258e-12  3.37403e-12  3.37403e-12  1.70781e-24
1.150011856e+00  3.3840379e-12  3.38404e-12  3.38404e-12  2.06201e-24
1.155761915e+00  3.3911616e-12  3.39116e-12  3.39116e-12  2.48792e-24
1.161540725e+00  3.4018771e-12  3.40188e-12  3.40188e-12  2.99732e-24
1.167348428e+00  3.4058033e-12  3.40580e-12  3.40580e-12  3.61028e-24
1.173185171e+00  3.4110230e-12  3.41102e-12  3.41102e-12  4.34338e-24
1.179051096e+00  3.4118082e-12  3.41181e-12  3.41181e-12  5.22284e-24
1.184946352e+00  3.4128702e-12  3.41287e-12  3.41287e-12  6.27374e-24
1.190871084e+00  3.4097745e-12  3.40977e-12  3.40977e-12  7.53237e-24
1.196825439e+00  3.4125271e-12  3.41253e-12  3.41253e-12  9.02770e-24
1.202809566e+00  3.4080873e-12  3.40809e-12  3.40809e-12  1.08188e-23
1.208823614e+00  3.4051898e-12  3.40519e-12  3.40519e-12  1.29498e-23
1.214867732e+00  3.4060640e-12  3.40606e-12  3.40606e-12  1.54777e-23
1.220942071e+00  3.3972523e-12  3.39725e-12  3.39725e-12  1.85037e-23
1.227046781e+00  3.3942327e-12  3.39423e-12  3.39423e-12  2.20831e-23
1.233182015e+00  3.3860600e-12  3.38606e-12  3.38606e-12  2.63467e-23
1.239347925e+00  3.3804265e-12  3.38043e-12  3.38043e-12  3.13926e-23
1.245544665e+00  3.3784104e-12  3.37841e-12  3.37841e-12  3.73510e-23
1.251772388e+00  3.3701870e-12  3.37019e-12  3.37019e-12  4.44336e-23
1.258031250e+00  3.3640399e-12  3.36404e-12  3.36404e-12  5.27942e-23
1.264321406e+00  3.3543786e-12  3.35438e-12  3.35438e-12  6.26973e-23
1.270643013e+00  3.3421113e-12  3.34211e-12  3.34211e-12  7.44134e-23
1.276996228e+00  3.3320374e-12  3.33204e-12  3.33204e-12  8.82103e-23
1.283381209e+00  3.3195971e-12  3.31960e-12  3.31960e-12  1.04501e-22
1.289798116e+00  3.3089072e-12  3.30891e-12  3.30891e-12  1.23656e-22
1.296247106e+00  3.2949095e-12  3.29491e-12  3.29491e-12  1.46251e-22
1.302728342e+00  3.2822357e-12  3.28224e-12  3.28224e-12  1.72787e-22
1.309241983e+00  3.2620390e-12  3.26204e-12  3.26204e-12  2.04158e-22
1.315788193e+00  3.2493554e-12  3.24936e-12  3.24936e-12  2.40762e-22
1.322367134e+00  3.2262522e-12  3.22625e-12  3.22625e-12  2.84075e-22
1.328978970e+00  3.2109464e-12  3.21095e-12  3.21095e-12  3.34526e-22
1.335623865e+00  3.1854307e-12  3.18543e-12  3.18543e-12  3.94136e-22
1.342301984e+00  3.1604738e-12  3.16047e-12  3.16047e-12  4.63925e-22
1.349013494e+00  3.1310823e-12  3.13108e-12  3.13108e-12  5.45926e-22
1.355758561e+00  3.1034215e-12  3.10342e-12  3.10342e-12  6.41712e-22
1.362537354e+00  3.0756179e-12  3.07562e-12  3.07562e-12  7.53667e-22
1.369350041e+00  3.0448015e-12  3.04480e-12  3.04480e-12  8.84763e-22
1.376196791e+00  3.0185805e-12  3.01858e-12  3.01858e-12  1.03712e-21
1.383077775e+00  2.9851904e-12  2.98519e-12  2.98519e-12  1.21588e-21
1.389993164e+00  2.9515192e-12  2.95152e-12  2.95152e-12  1.42431e-21
1.396943130e+00  2.9122233e-12  2.91222e-12  2.91222e-12  1.66839e-21
1.403927846e+00  2.8807510e-12  2.88075e-12  2.88075e-12  1.95054e-21
1.410947485e+00  2.8474963e-12  2.84750e-12  2.84750e-12  2.27908e-21
1.418002222e+00  2.8107922e-12  2.81079e-12  2.81079e-12  2.66205e-21
1.425092233e+00  2.7660243e-12  2.76602e-12  2.76602e-12  3.11033e-21
1.432217694e+00  2.7197261e-12  2.71973e-12  2.71973e-12  3.63194e-21
1.439378783e+00  2.6755633e-12  2.67556e-12  2.67556e-12  4.23633e-21
1.446575677e+00  2.6248972e-12  2.62490e-12  2.62490e-12  4.94182e-21
1.453808555e+00  2.5825403e-12  2.58254e-12  2.58254e-12  5.75351e-21
1.461077598e+00  2.5414002e-12  2.54140e-12  2.54140e-12  6.69208e-21
1.468382986e+00  2.4965404e-12  2.49654e-12  2.49654e-12  7.78166e-21
1.475724901e+00  2.4434993e-12  2.44350e-12  2.44350e-12  9.05188e-21
1.483103525e+00  2.3959856e-12  2.39599e-12  2.39599e-12  1.05131e-20
1.490519043e+00  2.3461193e-12  2.34612e-12  2.34612e-12  1.22048e-20
1.497971638e+00  2.3022826e-12  2.30228e-12  2.30228e-12  1.41458e-20
1.505461496e+00  2.2499615e-12  2.24996e-12  2.24996e-12  1.64024e-20
1.512988804e+00  2.2073122e-12  2.20731e-12  2.20731e-12  1.89788e-20
1.520553748e+00  2.1547658e-12  2.15477e-12  2.15477e-12  2.19736e-20
1.528156517e+00  2.1066072e-12  2.10661e-12  2.10661e-12  2.54063e-20
1.535797299e+00  2.0562096e-12  2.05621e-12  2.05621e-12  2.93623e-20
1.543476286e+00  2.0122694e-12  2.01227e-12  2.01227e-12  3.38787e-20
1.551193667e+00  1.9553626e-12  1.95536e-12  1.95536e-12  3.91312e-20
1.558949636e+00  1.9166918e-12  1.91669e-12  1.91669e-12  4.50507e-20
1.566744384e+00  1.8688638e-12  1.86886e-12  1.86886e-12  5.18935e-20
1.574578106e+00  1.8260150e-12  1.82602e-12  1.82601e-12  5.96910e-20
1.582450996e+00  1.7801727e-12  1.78017e-12  1.78017e-12  6.86390e-20
1.590363251e+00  1.7381807e-12  1.73818e-12  1.73818e-12  7.88294e-20
1.598315067e+00  1.7011429e-12  1.70114e-12  1.70114e-12  9.04058e-20
1.606306643e+00  1.6497936e-12  1.64979e-12  1.64979e-12  1.03815e-19
1.614338176e+00  1.6150729e-12  1.61507e-12  1.61507e-12  1.18853e-19
1.622409867e+00  1.5749306e-12  1.57493e-12  1.57493e-12  1.36077e-19
1.630521916e+00  1.5365109e-12  1.53651e-12  1.53651e-12  1.55650e-19
1.638674526e+00  1.5037781e-12  1.50378e-12  1.50378e-12  1.77774e-19
1.646867898e+00  1.4617388e-12  1.46174e-12  1.46174e-12  2.03166e-19
1.655102238e+00  1.4310339e-12  1.43103e-12  1.43103e-12  2.31657e-19
1.663377749e+00  1.4015978e-12  1.40160e-12  1.40160e-12  2.63916e-19
1.671694638e+00  1.3629822e-12  1.36298e-12  1.36298e-12  3.00849e-19
1.680053111e+00  1.3309460e-12  1.33095e-12  1.33095e-12  3.42401e-19
1.688453377e+00  1.3051368e-12  1.30514e-12  1.30514e-12  3.89088e-19
1.696895643e+00  1.2735248e-12  1.27352e-12  1.27352e-12  4.42205e-19
1.705380122e+00  1.2451721e-12  1.24517e-12  1.24517e-12  5.02006e-19
1.713907022e+00  1.2224235e-12  1.22242e-12  1.22242e-12  5.69062e-19
1.722476557e+00  1.1923855e-12  1.19239e-12  1.19238e-12  6.45315e-19
1.731088940e+00  1.1611412e-12  1.16114e-12  1.16114e-12  7.31431e-19
1.739744385e+00  1.1441395e-12  1.14414e-12  1.14414e-12  8.26811e-19
1.748443107e+00  1.1227411e-12  1.12274e-12  1.12274e-12  9.34601e-19
1.757185322e+00  1.0980659e-12  1.09807e-12  1.09806e-12  1.05625e-18
1.765971249e+00  1.0767977e-12  1.07680e-12  1.07680e-12  1.19238e-18
1.774801105e+00  1.0565805e-12  1.05658e-12  1.05658e-12  1.34498e-18
1.783675111e+00  1.0378731e-12  1.03787e-12  1.03787e-12  1.51580e-18
1.792593486e+00  1.0208882e-12  1.02089e-12  1.02089e-12  1.70679e-18
1.801556454e+00  1.0051307e-12  1.00513e-12  1.00513e-12  1.92027e-18
1.810564236e+00  9.8344538e-13  9.83445e-13  9.83443e-13  2.16096e-18
1.819617057e+00  9.7236435e-13  9.72364e-13  9.72362e-13  2.42648e-18
1.828715142e+00  9.6127851e-13  9.61279e-13  9.61276e-13  2.72289e-18
1.837858718e+00  9.4996074e-13  9.49961e-13  9.49958e-13  3.05368e-18
1.847048012e+00  9.3902284e-13  9.39023e-13  9.39019e-13  3.42230e-18
1.856283252e+00  9.2574751e-13  9.25748e-13  9.25744e-13  3.83437e-18
1.865564668e+00  9.1691792e-13  9.16918e-13  9.16914e-13  4.29050e-18
1.874892491e+00  9.0746888e-13  9.07469e-13  9.07464e-13  4.79835e-18
1.884266954e+00  8.9970677e-13  8.99707e-13  8.99701e-13  5.36159e-18
1.893688289e+00  8.8911514e-13  8.89115e-13  8.89109e-13  5.98987e-18
1.903156730e+00  8.8166886e-13  8.81669e-13  8.81662e-13  6.68441e-18
1.912672514e+00  8.7738531e-13  8.77385e-13  8.77378e-13  7.45123e-18
1.922235876e+00  8.7295705e-13  8.72957e-13  8.72949e-13  8.30109e-18
1.931847056e+00  8.6795620e-13  8.67956e-13  8.67947e-13  9.24306e-18
1.941506291e+00  8.6596216e-13  8.65962e-13  8.65952e-13  1.02807e-17
1.951213822e+00  8.6202575e-13  8.62026e-13  8.62014e-13  1.14315e-17
1.960969892e+00  8.6097670e-13  8.60977e-13  8.60964e-13  1.26975e-17
1.970774741e+00  8.6058996e-13  8.60590e-13  8.60576e-13  1.40935e-17
1.980628615e+00  8.6071375e-13  8.60714e-13  8.60698e-13  1.56324e-17
1.990531758e+00  8.6154586e-13  8.61546e-13  8.61529e-13  1.73267e-17
2.000484417e+00  8.6307265e-13  8.63073e-13  8.63053e-13  1.91909e-17
2.010486839e+00  8.6685252e-13  8.66853e-13  8.66831e-13  2.12348e-17
2.020539273e+00  8.6931074e-13  8.69311e-13  8.69287e-13  2.34875e-17
2.030641969e+00  8.7445310e-13  8.74453e-13  8.74427e-13  2.59517e-17
2.040795179e+00  8.8095377e-13  8.80954e-13  8.80925e-13  2.86505e-17
2.050999155e+00  8.8585335e-13  8.85853e-13  8.85822e-13  3.16196e-17
2.061254151e+00  8.9434586e-13  8.94346e-13  8.94311e-13  3.48537e-17
2.071560421e+00  9.0136068e-13  9.01361e-13  9.01322e-13  3.84054e-17
2.081918224e+00  9.0738178e-13  9.07382e-13  9.07339e-13  4.23010e-17
2.092327815e+00  9.1418046e-13  9.14180e-13  9.14134e-13  4.65577e-17
2.102789454e+00  9.2419284e-13  9.24193e-13  9.24142e-13  5.11826e-17
2.113303401e+00  9.3472588e-13  9.34726e-13  9.34670e-13  5.62277e-17
2.123869918e+00  9.4685032e-13  9.46850e-13  9.46789e-13  6.17149e-17
2.134489268e+00  9.5755770e-13  9.57558e-13  9.57490e-13  6.77144e-17
2.145161714e+00  9.7020607e-13  9.70206e-13  9.70132e-13  7.42256e-17
2.155887523e+00  9.8856617e-13  9.88566e-13  9.88485e-13  8.12256e-17
2.166666960e+00  9.9744018e-13  9.97440e-13  9.97351e-13  8.89922e-17
2.177500295e+00  1.0061986e-12  1.00620e-12  1.00610e-12  9.74464e-17
2.188387796e+00  1.0170469e-12  1.01705e-12  1.01694e-12  1.06598e-16
2.199329735e+00  1.0279333e-12  1.02793e-12  1.02782e-12  1.16539e-16
2.210326384e+00  1.0481639e-12  1.04816e-12  1.04804e-12  1.27095e-16
2.221378016e+00  1.0665611e-12  1.06656e-12  1.06642e-12  1.38571e-16
2.232484906e+00  1.0731365e-12  1.07314e-12  1.07299e-12  1.51355e-16
2.243647331e+00  1.0868458e-12  1.08685e-12  1.08668e-12  1.64982e-16
2.254865567e+00  1.0996577e-12  1.09966e-12  1.09948e-12  1.79762e-16
2.266139895e+00  1.1143931e-12  1.11439e-12  1.11420e-12  1.95672e-16
2.277470595e+00  1.1248554e-12  1.12486e-12  1.12464e-12  2.13056e-16
2.288857948e+00  1.1282443e-12  1.12824e-12  1.12801e-12  2.32205e-16
2.300302237e+00  1.1399378e-12  1.13994e-12  1.13969e-12  2.52481e-16
2.311803748e+00  1.1442340e-12  1.14423e-12  1.14396e-12  2.74815e-16
2.323362767e+00  1.1497005e-12  1.14970e-12  1.14940e-12  2.98884e-16
2.334979581e+00  1.1601844e-12  1.16018e-12  1.15986e-12  3.24517e-16
2.346654479e+00  1.1668862e-12  1.16689e-12  1.16653e-12  3.52450e-16
2.358387751e+00  1.1681654e-12  1.16817e-12  1.16778e-12  3.83052e-16
2.370179690e+00  1.1727629e-12  1.17276e-12  1.17235e-12  4.15775e-16
2.382030589e+00  1.1750954e-12  1.17510e-12  1.17464e-12  4.51289e-16
2.393940742e+00  1.1769976e-12  1.17700e-12  1.17651e-12  4.89629e-16
2.405910445e+00  1.1777777e-12  1.17778e-12  1.17725e-12  5.31091e-16
2.417939997e+00  1.1786346e-12  1.17863e-12  1.17806e-12  5.75758e-16
2.430029697e+00  1.1789290e-12  1.17893e-12  1.17831e-12  6.23947e-16
2.442179846e+00  1.1761415e-12  1.17614e-12  1.17547e-12  6.76335e-16
2.454390745e+00  1.1747865e-12  1.17479e-12  1.17405e-12  7.32502e-16
2.466662699e+00  1.1718189e-12  1.17182e-12  1.17103e-12  7.93259e-16
2.478996012e+00  1.1700601e-12  1.17006e-12  1.16920e-12  8.58377e-16
2.491390992e+00  1.1630781e-12  1.16308e-12  1.16215e-12  9.29612e-16
2.503847947e+00  1.1554114e-12  1.15541e-12  1.15440e-12  1.00646e-15
2.516367187e+00  1.1507645e-12  1.15076e-12  1.14968e-12  1.08833e-15
2.528949023e+00  1.1464152e-12  1.14642e-12  1.14524e-12  1.17621e-15
2.541593768e+00  1.1414615e-12  1.14146e-12  1.14019e-12  1.27079e-15
2.554301737e+00  1.1353729e-12  1.13537e-12  1.13400e-12  1.37274e-15
2.567073246e+00  1.1291078e-12  1.12911e-12  1.12763e-12  1.48227e-15
2.579908612e+00  1.1219886e-12  1.12199e-12  1.12039e-12  1.60018e-15
2.592808155e+00  1.1146160e-12  1.11462e-12  1.11289e-12  1.72682e-15
2.605772196e+00  1.1058437e-12  1.10584e-12  1.10398e-12  1.86336e-15
2.618801057e+00  1.0972302e-12  1.09723e-12  1.09522e-12  2.00973e-15
2.631895062e+00  1.0874482e-12  1.08745e-12  1.08528e-12  2.16736e-15
2.645054537e+00  1.0770893e-12  1.07709e-12  1.07475e-12  2.33672e-15
2.658279810e+00  1.0663084e-12  1.06631e-12  1.06379e-12  2.51856e-15
2.671571209e+00  1.0512724e-12  1.05127e-12  1.04856e-12  2.71665e-15
2.684929065e+00  1.0235246e-12  1.02352e-12  1.02059e-12  2.93959e-15
2.698353710e+00  9.8198000e-13  9.81980e-13  9.78788e-13  3.19192e-15
2.711845479e+00  9.2998634e-13  9.29986e-13  9.26512e-13  3.47469e-15
2.725404706e+00  8.9180150e-13  8.91801e-13  8.88035e-13  3.76662e-15
2.739031730e+00  8.5739897e-13  8.57399e-13  8.53322e-13  4.07732e-15
2.752726889e+00  8.2333644e-13  8.23336e-13  8.18925e-13  4.41165e-15
2.766490523e+00  7.9379298e-13  7.93793e-13  7.89027e-13  4.76573e-15
2.780322976e+00  7.6863244e-13  7.68632e-13  7.63492e-13  5.14014e-15
2.794224591e+00  7.4793749e-13  7.47937e-13  7.42402e-13  5.53511e-15
2.808195713e+00  7.2929282e-13  7.29293e-13  7.23338e-13  5.95487e-15
2.822236692e+00  7.1291436e-13  7.12914e-13  7.06514e-13  6.40009e-15
2.836347875e+00  6.9947654e-13  6.99477e-13  6.92606e-13  6.87039e-15
2.850529615e+00  6.8660662e-13  6.86607e-13  6.79235e-13  7.37137e-15
2.864782263e+00  6.7458866e-13  6.74589e-13  6.66685e-13  7.90405e-15
2.879106174e+00  6.6353242e-13  6.63532e-13  6.55063e-13  8.46981e-15
2.893501705e+00  6.5387259e-13  6.53873e-13  6.44804e-13  9.06908e-15
2.907969214e+00  6.4484845e-13  6.44848e-13  6.35143e-13  9.70541e-15
2.922509060e+00  6.3620750e-13  6.36208e-13  6.25826e-13  1.03814e-14
2.937121605e+00  6.2790560e-13  6.27906e-13  6.16806e-13  1.10994e-14
2.951807213e+00  6.1962131e-13  6.19621e-13  6.07759e-13  1.18626e-14
2.966566249e+00  6.1325528e-13  6.13255e-13  6.00589e-13  1.26666e-14
2.981399080e+00  6.0802303e-13  6.08023e-13  5.94508e-13  1.35155e-14
2.996306076e+00  6.0440816e-13  6.04408e-13  5.89999e-13  1.44090e-14
3.011287606e+00  6.0125855e-13  6.01259e-13  5.85905e-13  1.53537e-14
3.026344044e+00  5.9822330e-13  5.98223e-13  5.81870e-13  1.63537e-14
3.041475764e+00  5.9564600e-13  5.95646e-13  5.78236e-13  1.74101e-14
3.056683143e+00  5.9284270e-13  5.92843e-13  5.74313e-13  1.85293e-14
3.071966559e+00  5.9004792e-13  5.90048e-13  5.70335e-13  1.97133e-14
3.087326392e+00  5.8719260e-13  5.87193e-13  5.66227e-13  2.09659e-14
3.102763024e+00  5.8479820e-13  5.84798e-13  5.62511e-13  2.22869e-14
3.118276839e+00  5.8264047e-13  5.82640e-13  5.58959e-13  2.36811e-14
3.133868223e+00  5.8097248e-13  5.80972e-13  5.55823e-13  2.51498e-14
3.149537564e+00  5.7960890e-13  5.79609e-13  5.52911e-13  2.66976e-14
3.165285252e+00  5.7819284e-13  5.78193e-13  5.49861e-13  2.83314e-14
3.181111678e+00  5.7680249e-13  5.76802e-13  5.46748e-13  3.00547e-14
3.197017237e+00  5.7547883e-13  5.75479e-13  5.43607e-13  3.18714e-14
3.213002323e+00  5.7374198e-13  5.73742e-13  5.39950e-13  3.37915e-14
3.229067334e+00  5.7185035e-13  5.71850e-13  5.36033e-13  3.58175e-14
3.245212671e+00  5.6984979e-13  5.69850e-13  5.31896e-13  3.79543e-14
3.261438734e+00  5.6771762e-13  5.67718e-13  5.27510e-13  4.02078e-14
3.277745928e+00  5.6606843e-13  5.66068e-13  5.23494e-13  4.25746e-14
3.294134658e+00  5.6466634e-13  5.64666e-13  5.19603e-13  4.50630e-14
3.310605331e+00  5.6318526e-13  5.63185e-13  5.15502e-13  4.76838e-14
3.327158358e+00  5.6134367e-13  5.61344e-13  5.10895e-13  5.04485e-14
3.343794149e+00  5.5790209e-13  5.57902e-13  5.04513e-13  5.33894e-14
3.360513120e+00  5.5208320e-13  5.52083e-13  4.95547e-13  5.65357e-14
3.377315686e+00  5.4364785e-13  5.43648e-13  4.83737e-13  5.99104e-14
3.394202264e+00  5.3695454e-13  5.36955e-13  4.73524e-13  6.34304e-14
3.411173276e+00  5.2702340e-13  5.27023e-13  4.59800e-13  6.72231e-14
3.428229142e+00  5.2727521e-13  5.27275e-13  4.56322e-13  7.09534e-14
3.445370288e+00  5.3966265e-13  5.39663e-13  4.65140e-13  7.45229e-14
3.462597139e+00  5.4371644e-13  5.43716e-13  4.65219e-13  7.84973e-14
3.479910125e+00  5.4262153e-13  5.42622e-13  4.59794e-13  8.28276e-14
3.497309675e+00  5.3766966e-13  5.37670e-13  4.50160e-13  8.75098e-14
3.514796224e+00  5.4142849e-13  5.41428e-13  4.49311e-13  9.21171e-14
3.532370205e+00  5.5190850e-13  5.51908e-13  4.55230e-13  9.66781e-14
3.550032056e+00  5.5440795e-13  5.54408e-13  4.52642e-13  1.01765e-13
3.567782216e+00  5.5595326e-13  5.55953e-13  4.48815e-13  1.07138e-13
3.585621127e+00  5.5712577e-13  5.57126e-13  4.44338e-13  1.12788e-13
3.603549233e+00  5.5837293e-13  5.58373e-13  4.39666e-13  1.18707e-13
3.621566979e+00  5.5976667e-13  5.59767e-13  4.34861e-13  1.24905e-13
3.639674814e+00  5.6140400e-13  5.61404e-13  4.30015e-13  1.31389e-13
3.657873188e+00  5.6340545e-13  5.63405e-13  4.25242e-13  1.38163e-13
3.676162554e+00  5.6583369e-13  5.65834e-13  4.20599e-13  1.45235e-13
3.694543367e+00  5.6832897e-13  5.68329e-13  4.15690e-13  1.52639e-13
3.713016084e+00  5.7117222e-13  5.71172e-13  4.10801e-13  1.60371e-13
3.731581164e+00  5.7417075e-13  5.74171e-13  4.05711e-13  1.68459e-13
3.750239070e+00  5.7767393e-13  5.77674e-13  4.00783e-13  1.76891e-13
3.768990265e+00  5.8139014e-13  5.81390e-13  3.95686e-13  1.85704e-13
3.787835216e+00  5.8568475e-13  5.85685e-13  3.90803e-13  1.94882e-13
3.806774393e+00  5.9032131e-13  5.90321e-13  3.85863e-13  2.04458e-13
3.825808265e+00  5.9526878e-13  5.95269e-13  3.80814e-13  2.14454e-13
3.844937306e+00  6.0085414e-13  6.00854e-13  3.76003e-13  2.24851e-13
3.864161992e+00  6.0664089e-13  6.06641e-13  3.70928e-13  2.35713e-13
3.883482802e+00  6.1300003e-13  6.13000e-13  3.65985e-13  2.47015e-13
3.902900216e+00  6.1996551e-13  6.19966e-13  3.61197e-13  2.58769e-13
3.922414717e+00  6.2725816e-13  6.27258e-13  3.56230e-13  2.71028e-13
3.942026791e+00  6.3503415e-13  6.35034e-13  3.51241e-13  2.83793e-13
3.961736925e+00  6.4309641e-13  6.43096e-13  3.45982e-13  2.97114e-13
3.981545610e+00  6.5166581e-13  6.51666e-13  3.40683e-13  3.10983e-13
4.001453338e+00  6.6117994e-13  6.61180e-13  3.35839e-13  3.25341e-13
4.021460604e+00  6.7114641e-13  6.71146e-13  3.30852e-13  3.40294e-13
4.041567907e+00  6.8179207e-13  6.81792e-13  3.25970e-13  3.55822e-13
4.061775747e+00  6.9317136e-13  6.93171e-13  3.21240e-13  3.71931e-13
4.082084626e+00  7.0520064e-13  7.05201e-13  3.16538e-13  3.88662e-13
4.102495049e+00  7.1780433e-13  7.17804e-13  3.11748e-13  4.06056e-13
4.123007524e+00  7.3106345e-13  7.31063e-13  3.06943e-13  4.24121e-13
4.143622562e+00  7.4552615e-13  7.45526e-13  3.02796e-13  4.42730e-13
4.164340674e+00  7.6041750e-13  7.60417e-13  2.98303e-13  4.62114e-13
4.185162378e+00  7.7612376e-13  7.76124e-13  2.93930e-13  4.82194e-13
4.206088190e+00  7.9262694e-13  7.92627e-13  2.89629e-13  5.02998e-13
4.227118631e+00  8.0979752e-13  8.09798e-13  2.85197e-13  5.24601e-13
4.248254224e+00  8.2797037e-13  8.27970e-13  2.81061e-13  5.46909e-13
4.269495495e+00  8.4693348e-13  8.46933e-13  2.76906e-13  5.70028e-13
4.290842972e+00  8.6677206e-13  8.66772e-13  2.72820e-13  5.93952e-13
4.312297187e+00  8.8754974e-13  8.87550e-13  2.68867e-13  6.18683e-13
4.333858673e+00  9.0931062e-13  9.09311e-13  2.65088e-13  6.44222e-13
4.355527967e+00  9.3198536e-13  9.31985e-13  2.61352e-13  6.70633e-13
4.377305606e+00  9.5559559e-13  9.55596e-13  2.57657e-13  6.97938e-13
4.399192134e+00  9.8018869e-13  9.80189e-13  2.54046e-13  7.26143e-13
4.421188095e+00  1.0057104e-12  1.00571e-12  2.50392e-13  7.55318e-13
4.443294036e+00  1.0322009e-12  1.03220e-12  2.46717e-13  7.85483e-13
4.465510506e+00  1.0597324e-12  1.05973e-12  2.43105e-13  8.16627e-13
4.487838058e+00  1.0881128e-12  1.08811e-12  2.39149e-13  8.48964e-13
4.510277249e+00  1.1174062e-12  1.11741e-12  2.34877e-13  8.82529e-13
4.532828635e+00  1.1474840e-12  1.14748e-12  2.29921e-13  9.17563e-13
4.555492778e+00  1.1783067e-12  1.17831e-12  2.24020e-13  9.54287e-13
4.578270242e+00  1.2098608e-12  1.20986e-12  2.16905e-13  9.92956e-13
4.601161593e+00  1.2425102e-12  1.24251e-12  2.09153e-13  1.03336e-12
4.624167401e+00  1.2760832e-12  1.27608e-12  2.00068e-13  1.07601e-12
4.647288238e+00  1.3110755e-12  1.31108e-12  1.90624e-13  1.12045e-12
4.670524679e+00  1.3477769e-12  1.34778e-12  1.81475e-13  1.16630e-12
4.693877303e+00  1.3862308e-12  1.38623e-12  1.72692e-13  1.21354e-12
4.717346689e+00  1.4269800e-12  1.42698e-12  1.66319e-13  1.26066e-12
4.740933423e+00  1.4696193e-12  1.46962e-12  1.61391e-13  1.30823e-12
4.764638090e+00  1.5136660e-12  1.51367e-12  1.55928e-13  1.35774e-12
4.788461280e+00  1.5591159e-12  1.55912e-12  1.49292e-13  1.40982e-12
4.812403587e+00  1.6061734e-12  1.60617e-12  1.41765e-13  1.46441e-12
4.836465604e+00  1.6551655e-12  1.65517e-12  1.35587e-13  1.51958e-12
4.860647933e+00  1.7060192e-12  1.70602e-12  1.31682e-13  1.57434e-12
4.884951172e+00  1.7585014e-12  1.75850e-12  1.28694e-13  1.62981e-12
4.909375928e+00  1.8125639e-12  1.81256e-12  1.25886e-13  1.68668e-12
4.933922808e+00  1.8682452e-12  1.86825e-12  1.22925e-13  1.74532e-12
4.958592422e+00  1.9256050e-12  1.92561e-12  1.19766e-13  1.80584e-12
4.983385384e+00  1.9846302e-12  1.98463e-12  1.16820e-13  1.86781e-12
5.008302311e+00  2.0452900e-12  2.04529e-12  1.14235e-13  1.93105e-12
5.033343822e+00  2.1077827e-12  2.10778e-12  1.11235e-13  1.99655e-12
5.058510541e+00  2.1724304e-12  2.17243e-12  1.07153e-13  2.06528e-12
5.083803094e+00  2.2391728e-12  2.23917e-12  1.02690e-13  2.13648e-12
5.109222110e+00  2.3078354e-12  2.30784e-12  9.84731e-14  2.20936e-12
5.134768220e+00  2.3783321e-12  2.37833e-12  9.46755e-14  2.28366e-12
5.160442061e+00  2.4502737e-12  2.45027e-12  9.19256e-14  2.35835e-12
5.186244272e+00  2.5226832e-12  2.52268e-12  9.15271e-14  2.43116e-12
5.212175493e+00  2.5956481e-12  2.59565e-12  9.27446e-14  2.50290e-12
5.238236370e+00  2.6698904e-12  2.66989e-12  9.42291e-14  2.57566e-12
5.264427552e+00  2.7455742e-12  2.74557e-12  9.57267e-14  2.64985e-12
5.290749690e+00  2.8220407e-12  2.82204e-12  9.79704e-14  2.72407e-12
5.317203438e+00  2.8994891e-12  2.89949e-12  1.00592e-13  2.79890e-12
5.343789456e+00  2.9802191e-12  2.98022e-12  1.01326e-13  2.87889e-12
5.370508403e+00  3.0648891e-12  3.06489e-12  9.99842e-14  2.96490e-12
5.397360945e+00  3.1529287e-12  3.15293e-12  9.74609e-14  3.05547e-12
5.424347750e+00  3.2430418e-12  3.24304e-12  9.50026e-14  3.14804e-12
5.451469488e+00  3.3339987e-12  3.33400e-12  9.35078e-14  3.24049e-12
5.478726836e+00  3.4255242e-12  3.42552e-12  9.30094e-14  3.33251e-12
5.506120470e+00  3.5188612e-12  3.51886e-12  9.25547e-14  3.42631e-12
5.533651072e+00  3.6152865e-12  3.61529e-12  9.13795e-14  3.52391e-12
5.561319328e+00  3.7170221e-12  3.71702e-12  8.83536e-14  3.62867e-12
5.589125924e+00  3.8228015e-12  3.82280e-12  8.44703e-14  3.73833e-12
5.617071554e+00  3.9299301e-12  3.92993e-12  8.12534e-14  3.84868e-12
5.645156912e+00  4.0364573e-12  4.03646e-12  7.95597e-14  3.95690e-12
5.673382696e+00  4.1440456e-12  4.14405e-12  7.84164e-14  4.06563e-12
5.701749610e+00  4.2533675e-12  4.25337e-12  7.74609e-14  4.17591e-12
5.730258358e+00  4.3660631e-12  4.36606e-12  7.59973e-14  4.29007e-12
5.758909650e+00  4.4816304e-12  4.48163e-12  7.43027e-14  4.40733e-12
5.787704198e+00  4.5979998e-12  4.59800e-12  7.31930e-14  4.52481e-12
5.816642719e+00  4.7164254e-12  4.71643e-12  7.21484e-14  4.64428e-12
5.845725932e+00  4.8375060e-12  4.83751e-12  7.09621e-14  4.76654e-12
5.874954562e+00  4.9627099e-12  4.96271e-12  6.91803e-14  4.89353e-12
5.904329335e+00  5.0931456e-12  5.09315e-12  6.65415e-14  5.02660e-12
5.933850982e+00  5.2301806e-12  5.23018e-12  6.27567e-14  5.16742e-12
5.963520237e+00  5.3713901e-12  5.37139e-12  5.86738e-14  5.31272e-12
5.993337838e+00  5.5112738e-12  5.51127e-12  5.58484e-14  5.45543e-12
6.023304527e+00  5.6496945e-12  5.64969e-12  5.41751e-14  5.59552e-12
6.053421050e+00  5.7873056e-12  5.78731e-12  5.33587e-14  5.73395e-12
6.083688155e+00  5.9253301e-12  5.92533e-12  5.30064e-14  5.87232e-12
6.114106596e+00  6.0671189e-12  6.06712e-12  5.22886e-14  6.01483e-12
6.144677129e+00  6.2138781e-12  6.21388e-12  5.09803e-14  6.16290e-12
6.175400514e+00  6.3640147e-12  6.36401e-12  4.94929e-14  6.31452e-12
6.206277517e+00  6.5150458e-12  6.51505e-12  4.83621e-14  6.46668e-12
6.237308904e+00  6.6662570e-12  6.66626e-12  4.76930e-14  6.61856e-12
6.268495449e+00  6.8191753e-12  6.81918e-12  4.71450e-14  6.77203e-12
6.299837926e+00  6.9734451e-12  6.97345e-12  4.67712e-14  6.92667e-12
6.331337116e+00  7.1268533e-12  7.12685e-12  4.69454e-14  7.07991e-12
6.362993801e+00  7.2777185e-12  7.27772e-12  4.78957e-14  7.22982e-12
6.394808770e+00  7.4303641e-12  7.43036e-12  4.88252e-14  7.38154e-12
6.426782814e+00  7.5875719e-12  7.58757e-12  4.92897e-14  7.53828e-12
6.458916728e+00  7.7495541e-12  7.74955e-12  4.93016e-14  7.70025e-12
6.491211312e+00  7.9150912e-12  7.91509e-12  4.90856e-14  7.86601e-12
6.523667368e+00  8.0837762e-12  8.08378e-12  4.87216e-14  8.03505e-12
6.556285705e+00  8.2601401e-12  8.26014e-12  4.75968e-14  8.21254e-12
6.589067134e+00  8.4402537e-12  8.44025e-12  4.63118e-14  8.39394e-12
6.622012469e+00  8.6198420e-12  8.61984e-12  4.54359e-14  8.57441e-12
6.655122532e+00  8.7989212e-12  8.79892e-12  4.49279e-14  8.75399e-12
6.688398144e+00  8.9793599e-12  8.97936e-12  4.45259e-14  8.93483e-12
6.721840135e+00  9.1629657e-12  9.16297e-12  4.40074e-14  9.11896e-12
6.755449336e+00  9.3519845e-12  9.35198e-12  4.31279e-14  9.30886e-12
6.789226583e+00  9.5450203e-12  9.54502e-12  4.20739e-14  9.50295e-12
6.823172715e+00  9.7397083e-12  9.73971e-12  4.11129e-14  9.69860e-12
6.857288579e+00  9.9374851e-12  9.93749e-12  4.00884e-14  9.89740e-12
6.891575022e+00  1.0139825e-11  1.01398e-11  3.88591e-14  1.01010e-11
6.926032897e+00  1.0344709e-11  1.03447e-11  3.76389e-14  1.03071e-11
6.960663062e+00  1.0548231e-11  1.05482e-11  3.67940e-14  1.05114e-11
6.995466377e+00  1.0753500e-11  1.07535e-11  3.60074e-14  1.07175e-11
7.030443709e+00  1.0962453e-11  1.09625e-11  3.51029e-14  1.09273e-11
7.065595927e+00  1.1172923e-11  1.11729e-11  3.42755e-14  1.11386e-11
7.100923907e+00  1.1384086e-11  1.13841e-11  3.35867e-14  1.13505e-11
7.136428526e+00  1.1598714e-11  1.15987e-11  3.27997e-14  1.15659e-11
7.172110669e+00  1.1816415e-11  1.18164e-11  3.19529e-14  1.17845e-11
7.207971222e+00  1.2036645e-11  1.20366e-11  3.10921e-14  1.20056e-11
7.244011079e+00  1.2259638e-11  1.22596e-11  3.02005e-14  1.22294e-11
7.280231134e+00  1.2486609e-11  1.24866e-11  2.91926e-14  1.24574e-11
7.316632290e+00  1.2719724e-11  1.27197e-11  2.79260e-14  1.26918e-11
7.353215451e+00  1.2952688e-11  1.29527e-11  2.68496e-14  1.29258e-11
7.389981528e+00  1.3185590e-11  1.31856e-11  2.59418e-14  1.31596e-11
7.426931436e+00  1.3417238e-11  1.34172e-11  2.52650e-14  1.33920e-11
7.464066093e+00  1.3653364e-11  1.36534e-11  2.44411e-14  1.36289e-11
7.501386424e+00  1.3890848e-11  1.38908e-11  2.36710e-14  1.38672e-11
7.538893356e+00  1.4129624e-11  1.41296e-11  2.29532e-14  1.41067e-11
7.576587822e+00  1.4371299e-11  1.43713e-11  2.21902e-14  1.43491e-11
7.614470762e+00  1.4613339e-11  1.46133e-11  2.15266e-14  1.45918e-11
7.652543115e+00  1.4859675e-11  1.48597e-11  2.07389e-14  1.48389e-11
7.690805831e+00  1.5107756e-11  1.51078e-11  1.99715e-14  1.50878e-11
7.729259860e+00  1.5357243e-11  1.53572e-11  1.92395e-14  1.53380e-11
7.767906159e+00  1.5610968e-11  1.56110e-11  1.83961e-14  1.55926e-11
7.806745690e+00  1.5866544e-11  1.58665e-11  1.75663e-14  1.58490e-11
7.845779419e+00  1.6120793e-11  1.61208e-11  1.69010e-14  1.61039e-11
7.885008316e+00  1.6378797e-11  1.63788e-11  1.61490e-14  1.63626e-11
7.924433357e+00  1.6638508e-11  1.66385e-11  1.54093e-14  1.66231e-11
7.964055524e+00  1.6898075e-11  1.68981e-11  1.47624e-14  1.68833e-11
8.003875802e+00  1.7157539e-11  1.71575e-11  1.41987e-14  1.71433e-11
8.043895181e+00  1.7419506e-11  1.74195e-11  1.36007e-14  1.74059e-11
8.084114657e+00  1.7687784e-11  1.76878e-11  1.28124e-14  1.76750e-11
8.124535230e+00  1.7956414e-11  1.79564e-11  1.20869e-14  1.79443e-11
8.165157906e+00  1.8223516e-11  1.82235e-11  1.14927e-14  1.82120e-11
8.205983696e+00  1.8492710e-11  1.84927e-11  1.08805e-14  1.84818e-11
8.247013614e+00  1.8759764e-11  1.87598e-11  1.04093e-14  1.87494e-11
8.288248682e+00  1.9028020e-11  1.90280e-11  9.94573e-15  1.90181e-11
8.329689926e+00  1.9296676e-11  1.92967e-11  9.51679e-15  1.92872e-11
8.371338375e+00  1.9562781e-11  1.95628e-11  9.22208e-15  1.95536e-11
8.413195067e+00  1.9821084e-11  1.98211e-11  9.23054e-15  1.98119e-11
8.455261042e+00  2.0071566e-11  2.00716e-11  9.52076e-15  2.00620e-11
8.497537348e+00  2.0299846e-11  2.02998e-11  1.05410e-14  2.02893e-11
8.540025034e+00  2.0483694e-11  2.04837e-11  1.29490e-14  2.04707e-11
8.582725160e+00  2.0584341e-11  2.05843e-11  1.78574e-14  2.05665e-11
8.625638785e+00  2.0565818e-11  2.05658e-11  2.61918e-14  2.05396e-11
8.668766979e+00  2.0394852e-11  2.03949e-11  3.87103e-14  2.03561e-11
8.712110814e+00  2.0094068e-11  2.00941e-11  5.44682e-14  2.00396e-11
8.755671368e+00  1.9923364e-11  1.99234e-11  6.58277e-14  1.98575e-11
8.799449725e+00  2.0081463e-11  2.00815e-11  6.75130e-14  2.00139e-11
8.843446974e+00  1.9827241e-11  1.98272e-11  8.03686e-14  1.97469e-11
8.887664209e+00  1.9609876e-11  1.96099e-11  9.16747e-14  1.95182e-11
8.932102530e+00  1.9654429e-11  1.96544e-11  9.56310e-14  1.95588e-11
8.976763042e+00  1.9631640e-11  1.96316e-11  1.01119e-13  1.95305e-11
9.021646857e+00  1.9558277e-11  1.95583e-11  1.07617e-13  1.94507e-11
9.066755092e+00  1.9652617e-11  1.96526e-11  1.09699e-13  1.95429e-11
9.112088867e+00  1.9895035e-11  1.98950e-11  1.08104e-13  1.97869e-11
9.157649312e+00  2.0216515e-11  2.02165e-11  1.04680e-13  2.01118e-11
9.203437558e+00  2.0544886e-11  2.05449e-11  1.01202e-13  2.04437e-11
9.249454746e+00  2.0883958e-11  2.08840e-11  9.75902e-14  2.07864e-11
9.295702020e+00  2.1216518e-11  2.12165e-11  9.42344e-14  2.11223e-11
9.342180530e+00  2.1459827e-11  2.14598e-11  9.29159e-14  2.13669e-11
9.388891432e+00  2.1693632e-11  2.16936e-11  9.18191e-14  2.16018e-11
9.435835890e+00  2.1943580e-11  2.19436e-11  9.03964e-14  2.18532e-11
9.483015069e+00  2.2250731e-11  2.22507e-11  8.78278e-14  2.21629e-11
9.530430144e+00  2.2687556e-11  2.26876e-11  8.27288e-14  2.26048e-11
9.578082295e+00  2.3224522e-11  2.32245e-11  7.58277e-14  2.31487e-11
9.625972707e+00  2.3853249e-11  2.38532e-11  6.73930e-14  2.37859e-11
9.674102570e+00  2.4508502e-11  2.45085e-11  5.87492e-14  2.44498e-11
9.722473083e+00  2.5010638e-11  2.50106e-11  5.32429e-14  2.49574e-11
9.771085448e+00  2.5491667e-11  2.54917e-11  4.83009e-14  2.54434e-11
9.819940876e+00  2.5931790e-11  2.59318e-11  4.42476e-14  2.58875e-11
9.869040580e+00  2.6200573e-11  2.62006e-11  4.33192e-14  2.61573e-11
9.918385783e+00  2.6313481e-11  2.63135e-11  4.50778e-14  2.62684e-11
9.967977712e+00  2.6305156e-11  2.63052e-11  4.87902e-14  2.62564e-11
1.001781760e+01  2.6396307e-11  2.63963e-11  5.06929e-14  2.63456e-11
1.006790669e+01  2.6524863e-11  2.65249e-11  5.18905e-14  2.64730e-11
1.011824622e+01  2.6615480e-11  2.66155e-11  5.36216e-14  2.65619e-11
1.016883745e+01  2.6663327e-11  2.66633e-11  5.59317e-14  2.66074e-11
1.021968164e+01  2.6495904e-11  2.64959e-11  6.14432e-14  2.64345e-11
1.027078005e+01  2.6397251e-11  2.63973e-11  6.56887e-14  2.63316e-11
1.032213395e+01  2.6697343e-11  2.66973e-11  6.38300e-14  2.66335e-11
1.037374462e+01  2.7088852e-11  2.70889e-11  6.06698e-14  2.70282e-11
1.042561334e+01  2.7266887e-11  2.72669e-11  6.06481e-14  2.72062e-11
1.047774141e+01  2.7491585e-11  2.74916e-11  5.99377e-14  2.74316e-11
1.053013012e+01  2.7803840e-11  2.78038e-11  5.80072e-14  2.77458e-11
1.058278077e+01  2.8121434e-11  2.81214e-11  5.60381e-14  2.80654e-11
1.063569467e+01  2.8409172e-11  2.84092e-11  5.45035e-14  2.83547e-11
1.068887314e+01  2.8631742e-11  2.86317e-11  5.38465e-14  2.85779e-11
1.074231751e+01  2.8873211e-11  2.88732e-11  5.29359e-14  2.88203e-11
1.079602910e+01  2.9206455e-11  2.92065e-11  5.08574e-14  2.91556e-11
1.085000924e+01  2.9739508e-11  2.97395e-11  4.63179e-14  2.96932e-11
1.090425929e+01  3.0326938e-11  3.03269e-11  4.12285e-14  3.02857e-11
1.095878058e+01  3.0772730e-11  3.07727e-11  3.79894e-14  3.07347e-11
1.101357449e+01  3.1115552e-11  3.11156e-11  3.60521e-14  3.10795e-11
1.106864236e+01  3.1273308e-11  3.12733e-11  3.63159e-14  3.12370e-11
1.112398557e+01  3.1177151e-11  3.11772e-11  3.94683e-14  3.11377e-11
1.117960550e+01  3.0900852e-11  3.09009e-11  4.45341e-14  3.08563e-11
1.123550353e+01  3.0760597e-11  3.07606e-11  4.78925e-14  3.07127e-11
1.129168104e+01  3.0836366e-11  3.08364e-11  4.87432e-14  3.07876e-11
1.134813945e+01  3.1157040e-11  3.11570e-11  4.68900e-14  3.11102e-11
1.140488015e+01  3.1602211e-11  3.16022e-11  4.37397e-14  3.15585e-11
1.146190455e+01  3.2015566e-11  3.20156e-11  4.09906e-14  3.19746e-11
1.151921407e+01  3.2428615e-11  3.24286e-11  3.83001e-14  3.23903e-11
1.157681014e+01  3.2897045e-11  3.28970e-11  3.51007e-14  3.28619e-11
1.163469419e+01  3.3338131e-11  3.33381e-11  3.22439e-14  3.33059e-11
1.169286766e+01  3.3717795e-11  3.37178e-11  3.00510e-14  3.36877e-11
1.175133200e+01  3.4079565e-11  3.40796e-11  2.80704e-14  3.40515e-11
1.181008866e+01  3.4428597e-11  3.44286e-11  2.62439e-14  3.44024e-11
1.186913910e+01  3.4747220e-11  3.47472e-11  2.47317e-14  3.47225e-11
1.192848480e+01  3.4990588e-11  3.49906e-11  2.39363e-14  3.49667e-11
1.198812722e+01  3.5237172e-11  3.52372e-11  2.31092e-14  3.52141e-11
1.204806786e+01  3.5500927e-11  3.55009e-11  2.21260e-14  3.54788e-11
1.210830820e+01  3.5754880e-11  3.57549e-11  2.12330e-14  3.57336e-11
1.216884974e+01  3.6013302e-11  3.60133e-11  2.03015e-14  3.59930e-11
1.222969399e+01  3.6277771e-11  3.62778e-11  1.93197e-14  3.62585e-11
1.229084246e+01  3.6529937e-11  3.65299e-11  1.84460e-14  3.65115e-11
1.235229667e+01  3.6763823e-11  3.67638e-11  1.77260e-14  3.67461e-11
1.241405815e+01  3.6987292e-11  3.69873e-11  1.70883e-14  3.69702e-11
1.247612845e+01  3.7212644e-11  3.72126e-11  1.64292e-14  3.71962e-11
1.253850909e+01  3.7427780e-11  3.74278e-11  1.58471e-14  3.74119e-11
1.260120163e+01  3.7641982e-11  3.76420e-11  1.52650e-14  3.76267e-11
1.266420764e+01  3.7850503e-11  3.78505e-11  1.47203e-14  3.78358e-11
1.272752868e+01  3.8058415e-11  3.80584e-11  1.41721e-14  3.80442e-11
1.279116632e+01  3.8247024e-11  3.82470e-11  1.37632e-14  3.82333e-11
1.285512215e+01  3.8452016e-11  3.84520e-11  1.32197e-14  3.84388e-11
1.291939776e+01  3.8654757e-11  3.86548e-11  1.26852e-14  3.86421e-11
1.298399475e+01  3.8867285e-11  3.88673e-11  1.20714e-14  3.88552e-11
1.304891473e+01  3.9060640e-11  3.90606e-11  1.15903e-14  3.90490e-11
1.311415930e+01  3.9251220e-11  3.92512e-11  1.11201e-14  3.92401e-11
1.317973010e+01  3.9421915e-11  3.94219e-11  1.07807e-14  3.94111e-11
1.324562875e+01  3.9595780e-11  3.95958e-11  1.04070e-14  3.95854e-11
1.331185689e+01  3.9783912e-11  3.97839e-11  9.92440e-15  3.97740e-11
1.337841618e+01  3.9951533e-11  3.99515e-11  9.57221e-15  3.99420e-11
1.344530826e+01  4.0061343e-11  4.00613e-11  9.59457e-15  4.00517e-11
1.351253480e+01  4.0211220e-11  4.02112e-11  9.33209e-15  4.02019e-11
1.358009747e+01  4.0385379e-11  4.03854e-11  8.89817e-15  4.03765e-11
1.364799796e+01  4.0495011e-11  4.04950e-11  8.87016e-15  4.04861e-11
1.371623795e+01  4.0512844e-11  4.05128e-11  9.40625e-15  4.05034e-11
1.378481914e+01  4.0507999e-11  4.05080e-11  1.00521e-14  4.04979e-11
1.385374323e+01  4.0601189e-11  4.06012e-11  1.00557e-14  4.05911e-11
1.392301195e+01  4.0776000e-11  4.07760e-11  9.54076e-15  4.07665e-11
1.399262701e+01  4.0972347e-11  4.09723e-11  8.88923e-15  4.09635e-11
1.406259015e+01  4.1155288e-11  4.11553e-11  8.31487e-15  4.11470e-11
1.413290310e+01  4.1314967e-11  4.13150e-11  7.87319e-15  4.13071e-11
1.420356761e+01  4.1452916e-11  4.14529e-11  7.55068e-15  4.14454e-11
1.427458545e+01  4.1565579e-11  4.15656e-11  7.36369e-15  4.15582e-11
1.434595838e+01  4.1613517e-11  4.16135e-11  7.53220e-15  4.16060e-11
1.441768817e+01  4.1538139e-11  4.15381e-11  8.37377e-15  4.15298e-11
1.448977661e+01  4.1479329e-11  4.14793e-11  9.08653e-15  4.14702e-11
1.456222549e+01  4.1554521e-11  4.15545e-11  9.02866e-15  4.15455e-11
1.463503662e+01  4.1715904e-11  4.17159e-11  8.48645e-15  4.17074e-11
1.470821180e+01  4.1931206e-11  4.19312e-11  7.64992e-15  4.19236e-11
1.478175286e+01  4.2123818e-11  4.21238e-11  6.93646e-15  4.21169e-11
1.485566163e+01  4.2257261e-11  4.22573e-11  6.53386e-15  4.22507e-11
1.492993994e+01  4.2386283e-11  4.23863e-11  6.14729e-15  4.23801e-11
1.500458964e+01  4.2553408e-11  4.25534e-11  5.55766e-15  4.25479e-11
1.507961258e+01  4.2686207e-11  4.26862e-11  5.14006e-15  4.26811e-11
1.515501065e+01  4.2774950e-11  4.27749e-11  4.93790e-15  4.27700e-11
1.523078570e+01  4.2755374e-11  4.27554e-11  5.26400e-15  4.27501e-11
1.530693963e+01  4.2549374e-11  4.25494e-11  6.48573e-15  4.25429e-11
1.538347433e+01  4.2359535e-11  4.23595e-11  7.58796e-15  4.23519e-11
1.546039170e+01  4.2168483e-11  4.21685e-11  8.65808e-15  4.21598e-11
1.553769366e+01  4.2064324e-11  4.20643e-11  9.27709e-15  4.20550e-11
1.561538212e+01  4.2134204e-11  4.21342e-11  9.04817e-15  4.21252e-11
1.569345903e+01  4.2267623e-11  4.22676e-11  8.51350e-15  4.22591e-11
1.577192633e+01  4.2419956e-11  4.24200e-11  7.88878e-15  4.24121e-11
1.585078596e+01  4.2500686e-11  4.25007e-11  7.59061e-15  4.24931e-11
1.593003989e+01  4.2556721e-11  4.25567e-11  7.39690e-15  4.25493e-11
1.600969009e+01  4.2577894e-11  4.25779e-11  7.35005e-15  4.25705e-11
1.608973854e+01  4.2549176e-11  4.25492e-11  7.51231e-15  4.25417e-11
1.617018723e+01  4.2306556e-11  4.23066e-11  8.59701e-15  4.22980e-11
1.625103817e+01  4.1996587e-11  4.19966e-11  9.93994e-15  4.19866e-11
1.633229336e+01  4.1537650e-11  4.15376e-11  1.18843e-14  4.15258e-11
1.641395483e+01  4.1073963e-11  4.10740e-11  1.37982e-14  4.10602e-11
1.649602460e+01  4.0736283e-11  4.07363e-11  1.51311e-14  4.07212e-11
1.657850473e+01  4.0422814e-11  4.04228e-11  1.63248e-14  4.04065e-11
1.666139725e+01  4.0319103e-11  4.03191e-11  1.66162e-14  4.03025e-11
1.674470424e+01  4.0260568e-11  4.02606e-11  1.67053e-14  4.02439e-11
1.682842776e+01  4.0255638e-11  4.02556e-11  1.65637e-14  4.02391e-11
1.691256990e+01  4.0253995e-11  4.02540e-11  1.64001e-14  4.02376e-11
1.699713274e+01  4.0238872e-11  4.02389e-11  1.62821e-14  4.02226e-11
1.708211841e+01  4.0150692e-11  4.01507e-11  1.64432e-14  4.01342e-11
1.716752900e+01  4.0003641e-11  4.00036e-11  1.68203e-14  3.99868e-11
1.725336665e+01  3.9732932e-11  3.97329e-11  1.76580e-14  3.97153e-11
1.733963348e+01  3.9370487e-11  3.93705e-11  1.88214e-14  3.93517e-11
1.742633165e+01  3.8933674e-11  3.89337e-11  2.02354e-14  3.89134e-11
1.751346330e+01  3.8595002e-11  3.85950e-11  2.12442e-14  3.85738e-11
1.760103062e+01  3.8397582e-11  3.83976e-11  2.16980e-14  3.83759e-11
1.768903577e+01  3.8350928e-11  3.83509e-11  2.15766e-14  3.83294e-11
1.777748095e+01  3.8435002e-11  3.84350e-11  2.09689e-14  3.84140e-11
1.786636836e+01  3.8495219e-11  3.84952e-11  2.04490e-14  3.84748e-11
1.795570020e+01  3.8479780e-11  3.84798e-11  2.02011e-14  3.84596e-11
1.804547870e+01  3.8402913e-11  3.84029e-11  2.01673e-14  3.83827e-11
1.813570609e+01  3.8268735e-11  3.82687e-11  2.03276e-14  3.82484e-11
1.822638462e+01  3.8048061e-11  3.80481e-11  2.07794e-14  3.80273e-11
1.831751655e+01  3.7847562e-11  3.78476e-11  2.11445e-14  3.78264e-11
1.840910413e+01  3.7875414e-11  3.78754e-11  2.07084e-14  3.78547e-11
1.850114965e+01  3.8046597e-11  3.80466e-11  1.97819e-14  3.80268e-11
1.859365540e+01  3.8265051e-11  3.82651e-11  1.87028e-14  3.82463e-11
1.868662368e+01  3.8249433e-11  3.82494e-11  1.84196e-14  3.82310e-11
1.878005679e+01  3.8049776e-11  3.80498e-11  1.87458e-14  3.80310e-11
1.887395708e+01  3.7828545e-11  3.78285e-11  1.91302e-14  3.78094e-11
1.896832686e+01  3.7591510e-11  3.75915e-11  1.95523e-14  3.75720e-11
1.906316850e+01  3.7084685e-11  3.70847e-11  2.08361e-14  3.70638e-11
1.915848434e+01  3.6366874e-11  3.63669e-11  2.27711e-14  3.63441e-11
1.925427676e+01  3.5846363e-11  3.58464e-11  2.40373e-14  3.58223e-11
1.935054815e+01  3.5487387e-11  3.54874e-11  2.47640e-14  3.54626e-11
1.944730089e+01  3.5384498e-11  3.53845e-11  2.46671e-14  3.53598e-11
1.954453739e+01  3.5399665e-11  3.53997e-11  2.41968e-14  3.53755e-11
1.964226008e+01  3.5492359e-11  3.54924e-11  2.34873e-14  3.54689e-11
1.974047138e+01  3.5608146e-11  3.56081e-11  2.27116e-14  3.55854e-11
1.983917374e+01  3.5689539e-11  3.56895e-11  2.20463e-14  3.56675e-11
1.993836960e+01  3.5756363e-11  3.57564e-11  2.14291e-14  3.57349e-11
2.003806145e+01  3.5802293e-11  3.58023e-11  2.08779e-14  3.57814e-11
2.013825176e+01  3.5875103e-11  3.58751e-11  2.02492e-14  3.58549e-11
2.023894302e+01  3.5963157e-11  3.59632e-11  1.95793e-14  3.59436e-11
2.034013773e+01  3.6089237e-11  3.60892e-11  1.88023e-14  3.60704e-11
2.044183842e+01  3.6258164e-11  3.62582e-11  1.79068e-14  3.62403e-11
2.054404761e+01  3.6448118e-11  3.64481e-11  1.69586e-14  3.64312e-11
2.064676785e+01  3.6698515e-11  3.66985e-11  1.58459e-14  3.66827e-11
2.075000169e+01  3.6945898e-11  3.69459e-11  1.47531e-14  3.69311e-11
2.085375170e+01  3.7169707e-11  3.71697e-11  1.37377e-14  3.71560e-11
2.095802046e+01  3.7356267e-11  3.73563e-11  1.28367e-14  3.73434e-11
2.106281056e+01  3.7594255e-11  3.75943e-11  1.18008e-14  3.75825e-11
2.116812461e+01  3.7761321e-11  3.77613e-11  1.09710e-14  3.77503e-11
2.127396524e+01  3.7726351e-11  3.77264e-11  1.07026e-14  3.77156e-11
2.138033506e+01  3.7597269e-11  3.75973e-11  1.06897e-14  3.75866e-11
2.148723674e+01  3.7466912e-11  3.74669e-11  1.06761e-14  3.74562e-11
2.159467292e+01  3.7276809e-11  3.72768e-11  1.08187e-14  3.72660e-11
2.170264629e+01  3.7065662e-11  3.70657e-11  1.10112e-14  3.70547e-11
2.181115952e+01  3.6802118e-11  3.68021e-11  1.13357e-14  3.67908e-11
2.192021532e+01  3.6485819e-11  3.64858e-11  1.17904e-14  3.64740e-11
2.202981639e+01  3.6171847e-11  3.61718e-11  1.22289e-14  3.61596e-11
2.213996547e+01  3.5885015e-11  3.58850e-11  1.25872e-14  3.58724e-11
2.225066530e+01  3.5669702e-11  3.56697e-11  1.27528e-14  3.56569e-11
2.236191863e+01  3.5500274e-11  3.55003e-11  1.27951e-14  3.54875e-11
2.247372822e+01  3.5392061e-11  3.53921e-11  1.26778e-14  3.53794e-11
2.258609686e+01  3.5390714e-11  3.53907e-11  1.22890e-14  3.53784e-11
2.269902735e+01  3.5478055e-11  3.54781e-11  1.16796e-14  3.54664e-11
2.281252248e+01  3.5635694e-11  3.56357e-11  1.08998e-14  3.56248e-11
2.292658510e+01  3.5790938e-11  3.57909e-11  1.01331e-14  3.57808e-11
2.304121802e+01  3.5902928e-11  3.59029e-11  9.47953e-15  3.58934e-11
2.315642411e+01  3.5927378e-11  3.59274e-11  9.04524e-15  3.59183e-11
2.327220623e+01  3.5913192e-11  3.59132e-11  8.70737e-15  3.59045e-11
2.338856726e+01  3.5846210e-11  3.58462e-11  8.49828e-15  3.58377e-11
2.350551010e+01  3.5784500e-11  3.57845e-11  8.27646e-15  3.57762e-11
2.362303765e+01  3.5716309e-11  3.57163e-11  8.07019e-15  3.57082e-11
2.374115284e+01  3.5639371e-11  3.56394e-11  7.88461e-15  3.56315e-11
2.385985860e+01  3.5563855e-11  3.55639e-11  7.69547e-15  3.55562e-11
2.397915789e+01  3.5427975e-11  3.54280e-11  7.64726e-15  3.54203e-11
2.409905368e+01  3.5238914e-11  3.52389e-11  7.72076e-15  3.52312e-11
2.421954895e+01  3.5059360e-11  3.50594e-11  7.76910e-15  3.50516e-11
2.434064670e+01  3.4892290e-11  3.48923e-11  7.78600e-15  3.48845e-11
2.446234993e+01  3.4720078e-11  3.47201e-11  7.81224e-15  3.47123e-11
2.458466168e+01  3.4617122e-11  3.46171e-11  7.67911e-15  3.46094e-11
2.470758499e+01  3.4547534e-11  3.45475e-11  7.47038e-15  3.45401e-11
2.483112291e+01  3.4584713e-11  3.45847e-11  7.02307e-15  3.45777e-11
2.495527853e+01  3.4628462e-11  3.46285e-11  6.56451e-15  3.46219e-11
