# ------------------------------------------------------------------------
# Radiance spectrum
# NASA-GSFC Planetary Spectrum Generator (PSG) (Villanueva et al. 2018, 2022)
# Synthesized on Wed Feb 14 18:45:06 2024
# Doppler velocities [km/s] (vobs,vrot+vorb,vwidth,vrfl,vstr): 0.00000,-0.00000,0.00000,-119.41115,-0.00000
# Spectral unit: Wavelength [um]
# Radiance unit: Spectral irradiance [W/m2/um]
# Wave/freq Total Object Reflected Thermal
5.000000000e-01  1.3627053e-12  1.36271e-12  1.36271e-12  1.68709e-46
5.025000000e-01  1.3616188e-12  1.36162e-12  1.36162e-12  2.66802e-46
5.050125000e-01  1.3563670e-12  1.35637e-12  1.35637e-12  4.21196e-46
5.075375625e-01  1.4040401e-12  1.40404e-12  1.40404e-12  6.57861e-46
5.100752503e-01  1.4519533e-12  1.45195e-12  1.45195e-12  1.02516e-45
5.126256266e-01  1.4813387e-12  1.48134e-12  1.48134e-12  1.59856e-45
5.151887547e-01  1.5106568e-12  1.51066e-12  1.51066e-12  2.48706e-45
5.177646985e-01  1.5343324e-12  1.53433e-12  1.53433e-12  3.86405e-45
5.203535220e-01  1.5580563e-12  1.55806e-12  1.55806e-12  5.98984e-45
5.229552896e-01  1.5803450e-12  1.58035e-12  1.58035e-12  9.26629e-45
5.255700660e-01  1.6021467e-12  1.60215e-12  1.60215e-12  1.43040e-44
5.281979164e-01  1.6214370e-12  1.62144e-12  1.62144e-12  2.20394e-44
5.308389059e-01  1.6404203e-12  1.64042e-12  1.64042e-12  3.38842e-44
5.334931005e-01  1.6584894e-12  1.65849e-12  1.65849e-12  5.19866e-44
5.361605660e-01  1.6746740e-12  1.67467e-12  1.67467e-12  7.96058e-44
5.388413688e-01  1.6884046e-12  1.68840e-12  1.68840e-12  1.21673e-43
5.415355756e-01  1.7011002e-12  1.70110e-12  1.70110e-12  1.85591e-43
5.442432535e-01  1.7130862e-12  1.71309e-12  1.71309e-12  2.82496e-43
5.469644698e-01  1.7279781e-12  1.72798e-12  1.72798e-12  4.28888e-43
5.496992921e-01  1.7439701e-12  1.74397e-12  1.74397e-12  6.49637e-43
5.524477886e-01  1.7644171e-12  1.76442e-12  1.76442e-12  9.81291e-43
5.552100275e-01  1.7854298e-12  1.78543e-12  1.78543e-12  1.47899e-42
5.579860777e-01  1.8047322e-12  1.80473e-12  1.80473e-12  2.22493e-42
5.607760081e-01  1.8230180e-12  1.82302e-12  1.82302e-12  3.34049e-42
5.635798881e-01  1.8384059e-12  1.83841e-12  1.83841e-12  5.00678e-42
5.663977875e-01  1.8535398e-12  1.85354e-12  1.85354e-12  7.48878e-42
5.692297765e-01  1.8684130e-12  1.86841e-12  1.86841e-12  1.11782e-41
5.720759254e-01  1.8835875e-12  1.88359e-12  1.88359e-12  1.66499e-41
5.749363050e-01  1.8989732e-12  1.89897e-12  1.89897e-12  2.47482e-41
5.778109865e-01  1.9132278e-12  1.91323e-12  1.91323e-12  3.67150e-41
5.807000414e-01  1.9273916e-12  1.92739e-12  1.92739e-12  5.43576e-41
5.836035417e-01  1.9411698e-12  1.94117e-12  1.94117e-12  8.03178e-41
5.865215594e-01  1.9553387e-12  1.95534e-12  1.95534e-12  1.18430e-40
5.894541672e-01  1.9699056e-12  1.96991e-12  1.96991e-12  1.74265e-40
5.924014380e-01  1.9843808e-12  1.98438e-12  1.98438e-12  2.55913e-40
5.953634452e-01  1.9987619e-12  1.99876e-12  1.99876e-12  3.75069e-40
5.983402624e-01  2.0131472e-12  2.01315e-12  2.01315e-12  5.48613e-40
6.013319637e-01  2.0283454e-12  2.02835e-12  2.02835e-12  8.00788e-40
6.043386235e-01  2.0445741e-12  2.04457e-12  2.04457e-12  1.16643e-39
6.073603167e-01  2.0589838e-12  2.05898e-12  2.05898e-12  1.69608e-39
6.103971182e-01  2.0729832e-12  2.07298e-12  2.07298e-12  2.46155e-39
6.134491038e-01  2.0887398e-12  2.08874e-12  2.08874e-12  3.56480e-39
6.165163494e-01  2.1041995e-12  2.10420e-12  2.10420e-12  5.15274e-39
6.195989311e-01  2.1194611e-12  2.11946e-12  2.11946e-12  7.43393e-39
6.226969258e-01  2.1345203e-12  2.13452e-12  2.13452e-12  1.07048e-38
6.258104104e-01  2.1493731e-12  2.14937e-12  2.14937e-12  1.53859e-38
6.289394624e-01  2.1635898e-12  2.16359e-12  2.16359e-12  2.20738e-38
6.320841597e-01  2.1792988e-12  2.17930e-12  2.17930e-12  3.16035e-38
6.352445805e-01  2.1956624e-12  2.19566e-12  2.19566e-12  4.51594e-38
6.384208035e-01  2.2092323e-12  2.20923e-12  2.20923e-12  6.44305e-38
6.416129075e-01  2.2236574e-12  2.22366e-12  2.22366e-12  9.17456e-38
6.448209720e-01  2.2389495e-12  2.23895e-12  2.23895e-12  1.30386e-37
6.480450769e-01  2.2525999e-12  2.25260e-12  2.25260e-12  1.84996e-37
6.512853022e-01  2.2655759e-12  2.26558e-12  2.26558e-12  2.62019e-37
6.545417288e-01  2.2776469e-12  2.27765e-12  2.27765e-12  3.70472e-37
6.578144374e-01  2.2905779e-12  2.29058e-12  2.29058e-12  5.22814e-37
6.611035096e-01  2.3034877e-12  2.30349e-12  2.30349e-12  7.36472e-37
6.644090271e-01  2.3160399e-12  2.31604e-12  2.31604e-12  1.03563e-36
6.677310723e-01  2.3291297e-12  2.32913e-12  2.32913e-12  1.45361e-36
6.710697276e-01  2.3420861e-12  2.34209e-12  2.34209e-12  2.03669e-36
6.744250763e-01  2.3545671e-12  2.35457e-12  2.35457e-12  2.84877e-36
6.777972017e-01  2.3681604e-12  2.36816e-12  2.36816e-12  3.97715e-36
6.811861877e-01  2.3815076e-12  2.38151e-12  2.38151e-12  5.54291e-36
6.845921186e-01  2.3939175e-12  2.39392e-12  2.39392e-12  7.71242e-36
6.880150792e-01  2.4039981e-12  2.40400e-12  2.40400e-12  1.07152e-35
6.914551546e-01  2.4131108e-12  2.41311e-12  2.41311e-12  1.48630e-35
6.949124304e-01  2.4212460e-12  2.42125e-12  2.42125e-12  2.05831e-35
6.983869925e-01  2.4342096e-12  2.43421e-12  2.43421e-12  2.84409e-35
7.018789275e-01  2.4452828e-12  2.44528e-12  2.44528e-12  3.92398e-35
7.053883221e-01  2.4544470e-12  2.45445e-12  2.45445e-12  5.40585e-35
7.089152637e-01  2.4637979e-12  2.46380e-12  2.46380e-12  7.43463e-35
7.124598400e-01  2.4735737e-12  2.47357e-12  2.47357e-12  1.02072e-34
7.160221392e-01  2.4815339e-12  2.48153e-12  2.48153e-12  1.39930e-34
7.196022499e-01  2.4845827e-12  2.48458e-12  2.48458e-12  1.91613e-34
7.232002612e-01  2.4887391e-12  2.48874e-12  2.48874e-12  2.61918e-34
7.268162625e-01  2.4911548e-12  2.49115e-12  2.49115e-12  3.57495e-34
7.304503438e-01  2.4912204e-12  2.49122e-12  2.49122e-12  4.87271e-34
7.341025955e-01  2.4874826e-12  2.48748e-12  2.48748e-12  6.63338e-34
7.377731085e-01  2.4821968e-12  2.48220e-12  2.48220e-12  9.01701e-34
7.414619740e-01  2.4749941e-12  2.47499e-12  2.47499e-12  1.22398e-33
7.451692839e-01  2.4655031e-12  2.46550e-12  2.46550e-12  1.65915e-33
7.488951303e-01  2.4525030e-12  2.45250e-12  2.45250e-12  2.24626e-33
7.526396060e-01  2.4345213e-12  2.43452e-12  2.43452e-12  3.03781e-33
7.564028040e-01  2.4132317e-12  2.41323e-12  2.41323e-12  4.10312e-33
7.601848180e-01  2.3897157e-12  2.38972e-12  2.38972e-12  5.53447e-33
7.639857421e-01  2.3631137e-12  2.36311e-12  2.36311e-12  7.45564e-33
7.678056708e-01  2.3335379e-12  2.33354e-12  2.33354e-12  1.00309e-32
7.716446992e-01  2.2997561e-12  2.29976e-12  2.29976e-12  1.34801e-32
7.755029227e-01  2.2621227e-12  2.26212e-12  2.26212e-12  1.80939e-32
7.793804373e-01  2.2250490e-12  2.22505e-12  2.22505e-12  2.42475e-32
7.832773395e-01  2.1831355e-12  2.18314e-12  2.18314e-12  3.24589e-32
7.871937262e-01  2.1379712e-12  2.13797e-12  2.13797e-12  4.33976e-32
7.911296948e-01  2.0904164e-12  2.09042e-12  2.09042e-12  5.79465e-32
7.950853433e-01  2.0417081e-12  2.04171e-12  2.04171e-12  7.72624e-32
7.990607700e-01  2.0011328e-12  2.00113e-12  2.00113e-12  1.02779e-31
8.030560739e-01  1.9461869e-12  1.94619e-12  1.94619e-12  1.36703e-31
8.070713542e-01  1.8915883e-12  1.89159e-12  1.89159e-12  1.81542e-31
8.111067110e-01  1.8397102e-12  1.83971e-12  1.83971e-12  2.40663e-31
8.151622446e-01  1.7833645e-12  1.78336e-12  1.78336e-12  3.18691e-31
8.192380558e-01  1.7364855e-12  1.73649e-12  1.73649e-12  4.21016e-31
8.233342461e-01  1.6867826e-12  1.68678e-12  1.68678e-12  5.55519e-31
8.274509173e-01  1.6340098e-12  1.63401e-12  1.63401e-12  7.32121e-31
8.315881719e-01  1.5819132e-12  1.58191e-12  1.58191e-12  9.63394e-31
8.357461127e-01  1.5338765e-12  1.53388e-12  1.53388e-12  1.26541e-30
8.399248433e-01  1.4897940e-12  1.48979e-12  1.48979e-12  1.65911e-30
8.441244675e-01  1.4470582e-12  1.44706e-12  1.44706e-12  2.17192e-30
8.483450899e-01  1.4051805e-12  1.40518e-12  1.40518e-12  2.83898e-30
8.525868153e-01  1.3627947e-12  1.36279e-12  1.36279e-12  3.70582e-30
8.568497494e-01  1.3250410e-12  1.32504e-12  1.32504e-12  4.82855e-30
8.611339981e-01  1.2936859e-12  1.29369e-12  1.29369e-12  6.27907e-30
8.654396681e-01  1.2613528e-12  1.26135e-12  1.26135e-12  8.15475e-30
8.697668665e-01  1.2261686e-12  1.22617e-12  1.22617e-12  1.05788e-29
8.741157008e-01  1.1945285e-12  1.19453e-12  1.19453e-12  1.37004e-29
8.784862793e-01  1.1742093e-12  1.17421e-12  1.17421e-12  1.77012e-29
8.828787107e-01  1.1546925e-12  1.15469e-12  1.15469e-12  2.28380e-29
8.872931042e-01  1.1351051e-12  1.13511e-12  1.13511e-12  2.94260e-29
8.917295698e-01  1.1159523e-12  1.11595e-12  1.11595e-12  3.78624e-29
8.961882176e-01  1.0982400e-12  1.09824e-12  1.09824e-12  4.86468e-29
9.006691587e-01  1.0859790e-12  1.08598e-12  1.08598e-12  6.23905e-29
9.051725045e-01  1.0745355e-12  1.07454e-12  1.07454e-12  7.99065e-29
9.096983670e-01  1.0716716e-12  1.07167e-12  1.07167e-12  1.02130e-28
9.142468589e-01  1.0581114e-12  1.05811e-12  1.05811e-12  1.30486e-28
9.188180931e-01  1.0572567e-12  1.05726e-12  1.05726e-12  1.66315e-28
9.234121836e-01  1.0580910e-12  1.05809e-12  1.05809e-12  2.11679e-28
9.280292445e-01  1.0593625e-12  1.05936e-12  1.05936e-12  2.69061e-28
9.326693908e-01  1.0635675e-12  1.06357e-12  1.06357e-12  3.41475e-28
9.373327377e-01  1.0697019e-12  1.06970e-12  1.06970e-12  4.32755e-28
9.420194014e-01  1.0801297e-12  1.08013e-12  1.08013e-12  5.47537e-28
9.467294984e-01  1.0952135e-12  1.09521e-12  1.09521e-12  6.91609e-28
9.514631459e-01  1.1095880e-12  1.10959e-12  1.10959e-12  8.72552e-28
9.562204616e-01  1.1289729e-12  1.12897e-12  1.12897e-12  1.09897e-27
9.610015639e-01  1.1552149e-12  1.15521e-12  1.15521e-12  1.38159e-27
9.658065718e-01  1.1825812e-12  1.18258e-12  1.18258e-12  1.73456e-27
9.706356046e-01  1.2087085e-12  1.20871e-12  1.20871e-12  2.17525e-27
9.754887826e-01  1.2495710e-12  1.24957e-12  1.24957e-12  2.72096e-27
9.803662265e-01  1.2854463e-12  1.28545e-12  1.28545e-12  3.40089e-27
9.852680577e-01  1.3283289e-12  1.32833e-12  1.32833e-12  4.24282e-27
9.901943980e-01  1.3732512e-12  1.37325e-12  1.37325e-12  5.28570e-27
9.951453700e-01  1.4206908e-12  1.42069e-12  1.42069e-12  6.57535e-27
1.000121097e+00  1.4725986e-12  1.47260e-12  1.47260e-12  8.16628e-27
1.005121702e+00  1.5253848e-12  1.52538e-12  1.52538e-12  1.01289e-26
1.010147311e+00  1.5848027e-12  1.58480e-12  1.58480e-12  1.25402e-26
1.015198047e+00  1.6437092e-12  1.64371e-12  1.64371e-12  1.55072e-26
1.020274038e+00  1.7109019e-12  1.71090e-12  1.71090e-12  1.91377e-26
1.025375408e+00  1.7744882e-12  1.77449e-12  1.77449e-12  2.35975e-26
1.030502285e+00  1.8355727e-12  1.83557e-12  1.83557e-12  2.90681e-26
1.035654796e+00  1.8978083e-12  1.89781e-12  1.89781e-12  3.57595e-26
1.040833070e+00  1.9620295e-12  1.96203e-12  1.96203e-12  4.39297e-26
1.046037236e+00  2.0169419e-12  2.01694e-12  2.01694e-12  5.39510e-26
1.051267422e+00  2.0693640e-12  2.06936e-12  2.06936e-12  6.61961e-26
1.056523759e+00  2.1234071e-12  2.12341e-12  2.12341e-12  8.11111e-26
1.061806378e+00  2.1720638e-12  2.17206e-12  2.17206e-12  9.93236e-26
1.067115410e+00  2.2232960e-12  2.22330e-12  2.22330e-12  1.21451e-25
1.072450987e+00  2.2696393e-12  2.26964e-12  2.26964e-12  1.48410e-25
1.077813242e+00  2.3044108e-12  2.30441e-12  2.30441e-12  1.81360e-25
1.083202308e+00  2.3403454e-12  2.34035e-12  2.34035e-12  2.21346e-25
1.088618319e+00  2.3769529e-12  2.37695e-12  2.37695e-12  2.69823e-25
1.094061411e+00  2.4075618e-12  2.40756e-12  2.40756e-12  3.28754e-25
1.099531718e+00  2.4341070e-12  2.43411e-12  2.43411e-12  4.00279e-25
1.105029377e+00  2.4550737e-12  2.45507e-12  2.45507e-12  4.87116e-25
1.110554523e+00  2.4772300e-12  2.47723e-12  2.47723e-12  5.92065e-25
1.116107296e+00  2.4896072e-12  2.48961e-12  2.48961e-12  7.19595e-25
1.121687832e+00  2.5027345e-12  2.50273e-12  2.50273e-12  8.73580e-25
1.127296272e+00  2.5170729e-12  2.51707e-12  2.51707e-12  1.05924e-24
1.132932753e+00  2.5232580e-12  2.52326e-12  2.52326e-12  1.28412e-24
1.138597417e+00  2.5338282e-12  2.53383e-12  2.53383e-12  1.55435e-24
1.144290404e+00  2.5373511e-12  2.53735e-12  2.53735e-12  1.88091e-24
1.150011856e+00  2.5415364e-12  2.54154e-12  2.54154e-12  2.27354e-24
1.155761915e+00  2.5440650e-12  2.54407e-12  2.54407e-12  2.74577e-24
1.161540725e+00  2.5469104e-12  2.54691e-12  2.54691e-12  3.31253e-24
1.167348428e+00  2.5476545e-12  2.54765e-12  2.54765e-12  3.99310e-24
1.173185171e+00  2.5473466e-12  2.54735e-12  2.54735e-12  4.80913e-24
1.179051096e+00  2.5461102e-12  2.54611e-12  2.54611e-12  5.78664e-24
1.184946352e+00  2.5450928e-12  2.54509e-12  2.54509e-12  6.95561e-24
1.190871084e+00  2.5449741e-12  2.54497e-12  2.54497e-12  8.35145e-24
1.196825439e+00  2.5455191e-12  2.54552e-12  2.54552e-12  1.00166e-23
1.202809566e+00  2.5461566e-12  2.54616e-12  2.54616e-12  1.20016e-23
1.208823614e+00  2.5449716e-12  2.54497e-12  2.54497e-12  1.43687e-23
1.214867732e+00  2.5427666e-12  2.54277e-12  2.54277e-12  1.71876e-23
1.220942071e+00  2.5377618e-12  2.53776e-12  2.53776e-12  2.05461e-23
1.227046781e+00  2.5312109e-12  2.53121e-12  2.53121e-12  2.45413e-23
1.233182015e+00  2.5265738e-12  2.52657e-12  2.52657e-12  2.92783e-23
1.239347925e+00  2.5212851e-12  2.52129e-12  2.52129e-12  3.48987e-23
1.245544665e+00  2.5187724e-12  2.51877e-12  2.51877e-12  4.15445e-23
1.251772388e+00  2.5158183e-12  2.51582e-12  2.51582e-12  4.94110e-23
1.258031250e+00  2.5107834e-12  2.51078e-12  2.51078e-12  5.87255e-23
1.264321406e+00  2.5088223e-12  2.50882e-12  2.50882e-12  6.97043e-23
1.270643013e+00  2.5036999e-12  2.50370e-12  2.50370e-12  8.26886e-23
1.276996228e+00  2.4983775e-12  2.49838e-12  2.49838e-12  9.80020e-23
1.283381209e+00  2.4925335e-12  2.49253e-12  2.49253e-12  1.16050e-22
1.289798116e+00  2.4864969e-12  2.48650e-12  2.48650e-12  1.37298e-22
1.296247106e+00  2.4795194e-12  2.47952e-12  2.47952e-12  1.62305e-22
1.302728342e+00  2.4739622e-12  2.47396e-12  2.47396e-12  1.91658e-22
1.309241983e+00  2.4675749e-12  2.46757e-12  2.46757e-12  2.26135e-22
1.315788193e+00  2.4606851e-12  2.46069e-12  2.46069e-12  2.66588e-22
1.322367134e+00  2.4522432e-12  2.45224e-12  2.45224e-12  3.14053e-22
1.328978970e+00  2.4444767e-12  2.44448e-12  2.44448e-12  3.69607e-22
1.335623865e+00  2.4348636e-12  2.43486e-12  2.43486e-12  4.34699e-22
1.342301984e+00  2.4244702e-12  2.42447e-12  2.42447e-12  5.10851e-22
1.349013494e+00  2.4089407e-12  2.40894e-12  2.40894e-12  6.00200e-22
1.355758561e+00  2.3947572e-12  2.39476e-12  2.39476e-12  7.04441e-22
1.362537354e+00  2.3824207e-12  2.38242e-12  2.38242e-12  8.25875e-22
1.369350041e+00  2.3684185e-12  2.36842e-12  2.36842e-12  9.67608e-22
1.376196791e+00  2.3594196e-12  2.35942e-12  2.35942e-12  1.13197e-21
1.383077775e+00  2.3435501e-12  2.34355e-12  2.34355e-12  1.32427e-21
1.389993164e+00  2.3252581e-12  2.32526e-12  2.32526e-12  1.54840e-21
1.396943130e+00  2.3046771e-12  2.30468e-12  2.30468e-12  1.80946e-21
1.403927846e+00  2.2864635e-12  2.28646e-12  2.28646e-12  2.11214e-21
1.410947485e+00  2.2719907e-12  2.27199e-12  2.27199e-12  2.46219e-21
1.418002222e+00  2.2548332e-12  2.25483e-12  2.25483e-12  2.86886e-21
1.425092233e+00  2.2312570e-12  2.23126e-12  2.23126e-12  3.34273e-21
1.432217694e+00  2.2078695e-12  2.20787e-12  2.20787e-12  3.89159e-21
1.439378783e+00  2.1842779e-12  2.18428e-12  2.18428e-12  4.52701e-21
1.446575677e+00  2.1564733e-12  2.15647e-12  2.15647e-12  5.26482e-21
1.453808555e+00  2.1331909e-12  2.13319e-12  2.13319e-12  6.11436e-21
1.461077598e+00  2.1093273e-12  2.10933e-12  2.10933e-12  7.09583e-21
1.468382986e+00  2.0837342e-12  2.08373e-12  2.08373e-12  8.23019e-21
1.475724901e+00  2.0573041e-12  2.05730e-12  2.05730e-12  9.53940e-21
1.483103525e+00  2.0305304e-12  2.03053e-12  2.03053e-12  1.10487e-20
1.490519043e+00  2.0065645e-12  2.00656e-12  2.00656e-12  1.27821e-20
1.497971638e+00  1.9694442e-12  1.96944e-12  1.96944e-12  1.48018e-20
1.505461496e+00  1.9407769e-12  1.94078e-12  1.94078e-12  1.71082e-20
1.512988804e+00  1.9080523e-12  1.90805e-12  1.90805e-12  1.97695e-20
1.520553748e+00  1.8775002e-12  1.87750e-12  1.87750e-12  2.28209e-20
1.528156517e+00  1.8491868e-12  1.84919e-12  1.84919e-12  2.63155e-20
1.535797299e+00  1.8139215e-12  1.81392e-12  1.81392e-12  3.03506e-20
1.543476286e+00  1.7846113e-12  1.78461e-12  1.78461e-12  3.49503e-20
1.551193667e+00  1.7465108e-12  1.74651e-12  1.74651e-12  4.02649e-20
1.558949636e+00  1.7205453e-12  1.72055e-12  1.72055e-12  4.62776e-20
1.566744384e+00  1.6812243e-12  1.68122e-12  1.68122e-12  5.32450e-20
1.574578106e+00  1.6471692e-12  1.64717e-12  1.64717e-12  6.11733e-20
1.582450996e+00  1.6180366e-12  1.61804e-12  1.61804e-12  7.01841e-20
1.590363251e+00  1.5898245e-12  1.58982e-12  1.58982e-12  8.04539e-20
1.598315067e+00  1.5554984e-12  1.55550e-12  1.55550e-12  9.22369e-20
1.606306643e+00  1.5188716e-12  1.51887e-12  1.51887e-12  1.05703e-19
1.614338176e+00  1.4850891e-12  1.48509e-12  1.48509e-12  1.21003e-19
1.622409867e+00  1.4577016e-12  1.45770e-12  1.45770e-12  1.38299e-19
1.630521916e+00  1.4245952e-12  1.42460e-12  1.42460e-12  1.58079e-19
1.638674526e+00  1.3982529e-12  1.39825e-12  1.39825e-12  1.80394e-19
1.646867898e+00  1.3641804e-12  1.36418e-12  1.36418e-12  2.05935e-19
1.655102238e+00  1.3315054e-12  1.33151e-12  1.33151e-12  2.34886e-19
1.663377749e+00  1.3087378e-12  1.30874e-12  1.30874e-12  2.67355e-19
1.671694638e+00  1.2710424e-12  1.27104e-12  1.27104e-12  3.04734e-19
1.680053111e+00  1.2497075e-12  1.24971e-12  1.24971e-12  3.46316e-19
1.688453377e+00  1.2243367e-12  1.22434e-12  1.22434e-12  3.93525e-19
1.696895643e+00  1.1989209e-12  1.19892e-12  1.19892e-12  4.46870e-19
1.705380122e+00  1.1716387e-12  1.17164e-12  1.17164e-12  5.07239e-19
1.713907022e+00  1.1480547e-12  1.14805e-12  1.14805e-12  5.75080e-19
1.722476557e+00  1.1218734e-12  1.12187e-12  1.12187e-12  6.51800e-19
1.731088940e+00  1.0934679e-12  1.09347e-12  1.09347e-12  7.38500e-19
1.739744385e+00  1.0740007e-12  1.07400e-12  1.07400e-12  8.35126e-19
1.748443107e+00  1.0563842e-12  1.05638e-12  1.05638e-12  9.43525e-19
1.757185322e+00  1.0308768e-12  1.03088e-12  1.03088e-12  1.06650e-18
1.765971249e+00  1.0099868e-12  1.00999e-12  1.00999e-12  1.20392e-18
1.774801105e+00  9.9435407e-13  9.94354e-13  9.94353e-13  1.35715e-18
1.783675111e+00  9.7528992e-13  9.75290e-13  9.75288e-13  1.52964e-18
1.792593486e+00  9.5717110e-13  9.57171e-13  9.57169e-13  1.72272e-18
1.801556454e+00  9.3616124e-13  9.36161e-13  9.36159e-13  1.93975e-18
1.810564236e+00  9.2045787e-13  9.20458e-13  9.20456e-13  2.18105e-18
1.819617057e+00  9.1159175e-13  9.11592e-13  9.11589e-13  2.44836e-18
1.828715142e+00  8.9970843e-13  8.99708e-13  8.99706e-13  2.74789e-18
1.837858718e+00  8.8455685e-13  8.84557e-13  8.84554e-13  3.08361e-18
1.847048012e+00  8.7900323e-13  8.79003e-13  8.79000e-13  3.45324e-18
1.856283252e+00  8.6351900e-13  8.63519e-13  8.63515e-13  3.87048e-18
1.865564668e+00  8.5393304e-13  8.53933e-13  8.53929e-13  4.33162e-18
1.874892491e+00  8.4589925e-13  8.45899e-13  8.45894e-13  4.84354e-18
1.884266954e+00  8.3894719e-13  8.38947e-13  8.38942e-13  5.41170e-18
1.893688289e+00  8.2489277e-13  8.24893e-13  8.24887e-13  6.04935e-18
1.903156730e+00  8.1592999e-13  8.15930e-13  8.15923e-13  6.75274e-18
1.912672514e+00  8.1124225e-13  8.11242e-13  8.11235e-13  7.52834e-18
1.922235876e+00  8.0815245e-13  8.08152e-13  8.08144e-13  8.38579e-18
1.931847056e+00  8.0483680e-13  8.04837e-13  8.04827e-13  9.33548e-18
1.941506291e+00  8.0329798e-13  8.03298e-13  8.03288e-13  1.03835e-17
1.951213822e+00  7.9648100e-13  7.96481e-13  7.96469e-13  1.15517e-17
1.960969892e+00  7.9301342e-13  7.93013e-13  7.93001e-13  1.28369e-17
1.970774741e+00  7.9374518e-13  7.93745e-13  7.93731e-13  1.42468e-17
1.980628615e+00  7.9295832e-13  7.92958e-13  7.92943e-13  1.58059e-17
1.990531758e+00  7.9704732e-13  7.97047e-13  7.97030e-13  1.75111e-17
2.000484417e+00  7.9780569e-13  7.97806e-13  7.97786e-13  1.93991e-17
2.010486839e+00  8.0247089e-13  8.02471e-13  8.02449e-13  2.14639e-17
2.020539273e+00  8.0730151e-13  8.07302e-13  8.07278e-13  2.37334e-17
2.030641969e+00  8.1209072e-13  8.12091e-13  8.12064e-13  2.62272e-17
2.040795179e+00  8.1536256e-13  8.15363e-13  8.15334e-13  2.89731e-17
2.050999155e+00  8.2200949e-13  8.22009e-13  8.21978e-13  3.19690e-17
2.061254151e+00  8.2812553e-13  8.28126e-13  8.28090e-13  3.52567e-17
2.071560421e+00  8.3740395e-13  8.37404e-13  8.37365e-13  3.88379e-17
2.081918224e+00  8.4161030e-13  8.41610e-13  8.41568e-13  4.27951e-17
2.092327815e+00  8.4986941e-13  8.49869e-13  8.49822e-13  4.70941e-17
2.102789454e+00  8.6035936e-13  8.60359e-13  8.60308e-13  5.17734e-17
2.113303401e+00  8.7079064e-13  8.70791e-13  8.70734e-13  5.68840e-17
2.123869918e+00  8.8014262e-13  8.80143e-13  8.80080e-13  6.24738e-17
2.134489268e+00  8.8843395e-13  8.88434e-13  8.88365e-13  6.85856e-17
2.145161714e+00  9.0146892e-13  9.01469e-13  9.01394e-13  7.51849e-17
2.155887523e+00  9.1502918e-13  9.15029e-13  9.14947e-13  8.23613e-17
2.166666960e+00  9.2388772e-13  9.23888e-13  9.23797e-13  9.02486e-17
2.177500295e+00  9.3201886e-13  9.32019e-13  9.31920e-13  9.88472e-17
2.188387796e+00  9.4121133e-13  9.41211e-13  9.41103e-13  1.08180e-16
2.199329735e+00  9.5107702e-13  9.51077e-13  9.50959e-13  1.18310e-16
2.210326384e+00  9.6492514e-13  9.64925e-13  9.64796e-13  1.29212e-16
2.221378016e+00  9.7979177e-13  9.79792e-13  9.79651e-13  1.41005e-16
2.232484906e+00  9.8610980e-13  9.86110e-13  9.85956e-13  1.54048e-16
2.243647331e+00  9.9483070e-13  9.94831e-13  9.94663e-13  1.68119e-16
2.254865567e+00  1.0042567e-12  1.00426e-12  1.00407e-12  1.83346e-16
2.266139895e+00  1.0148391e-12  1.01484e-12  1.01464e-12  1.99789e-16
2.277470595e+00  1.0228944e-12  1.02289e-12  1.02268e-12  2.17696e-16
2.288857948e+00  1.0303167e-12  1.03032e-12  1.03008e-12  2.37107e-16
2.300302237e+00  1.0384344e-12  1.03843e-12  1.03818e-12  2.58066e-16
2.311803748e+00  1.0456385e-12  1.04564e-12  1.04536e-12  2.80776e-16
2.323362767e+00  1.0490074e-12  1.04901e-12  1.04870e-12  3.05570e-16
2.334979581e+00  1.0599541e-12  1.05995e-12  1.05962e-12  3.31822e-16
2.346654479e+00  1.0656141e-12  1.06561e-12  1.06525e-12  3.60549e-16
2.358387751e+00  1.0671455e-12  1.06715e-12  1.06675e-12  3.91912e-16
2.370179690e+00  1.0742521e-12  1.07425e-12  1.07383e-12  4.25245e-16
2.382030589e+00  1.0762815e-12  1.07628e-12  1.07582e-12  4.61696e-16
2.393940742e+00  1.0828791e-12  1.08288e-12  1.08238e-12  5.00484e-16
2.405910445e+00  1.0853349e-12  1.08533e-12  1.08479e-12  5.42761e-16
2.417939997e+00  1.0914325e-12  1.09143e-12  1.09084e-12  5.87802e-16
2.430029697e+00  1.0947240e-12  1.09472e-12  1.09409e-12  6.36665e-16
2.442179846e+00  1.0929468e-12  1.09295e-12  1.09226e-12  6.90069e-16
2.454390745e+00  1.0908659e-12  1.09087e-12  1.09012e-12  7.47638e-16
2.466662699e+00  1.0871361e-12  1.08714e-12  1.08633e-12  8.09938e-16
2.478996012e+00  1.0872126e-12  1.08721e-12  1.08634e-12  8.76188e-16
2.491390992e+00  1.0833782e-12  1.08338e-12  1.08243e-12  9.48305e-16
2.503847947e+00  1.0791764e-12  1.07918e-12  1.07815e-12  1.02596e-15
2.516367187e+00  1.0783550e-12  1.07835e-12  1.07725e-12  1.10852e-15
2.528949023e+00  1.0798390e-12  1.07984e-12  1.07864e-12  1.19643e-15
2.541593768e+00  1.0810885e-12  1.08109e-12  1.07980e-12  1.29076e-15
2.554301737e+00  1.0800311e-12  1.08003e-12  1.07864e-12  1.39267e-15
2.567073246e+00  1.0813807e-12  1.08138e-12  1.07988e-12  1.50097e-15
2.579908612e+00  1.0802595e-12  1.08026e-12  1.07864e-12  1.61797e-15
2.592808155e+00  1.0793340e-12  1.07933e-12  1.07759e-12  1.74317e-15
2.605772196e+00  1.0769668e-12  1.07697e-12  1.07509e-12  1.87789e-15
2.618801057e+00  1.0749066e-12  1.07491e-12  1.07288e-12  2.02194e-15
2.631895062e+00  1.0722950e-12  1.07230e-12  1.07012e-12  2.17635e-15
2.645054537e+00  1.0681576e-12  1.06816e-12  1.06582e-12  2.34248e-15
2.658279810e+00  1.0639284e-12  1.06393e-12  1.06141e-12  2.52023e-15
2.671571209e+00  1.0580820e-12  1.05808e-12  1.05537e-12  2.71149e-15
2.684929065e+00  1.0501955e-12  1.05020e-12  1.04728e-12  2.91768e-15
2.698353710e+00  1.0331034e-12  1.03310e-12  1.02996e-12  3.14642e-15
2.711845479e+00  1.0094132e-12  1.00941e-12  1.00602e-12  3.39814e-15
2.725404706e+00  9.9856944e-13  9.98569e-13  9.94914e-13  3.65523e-15
2.739031730e+00  9.8587338e-13  9.85873e-13  9.81941e-13  3.93228e-15
2.752726889e+00  9.7101506e-13  9.71015e-13  9.66784e-13  4.23133e-15
2.766490523e+00  9.5782866e-13  9.57829e-13  9.53279e-13  4.54916e-15
2.780322976e+00  9.4440405e-13  9.44404e-13  9.39515e-13  4.88934e-15
2.794224591e+00  9.3083731e-13  9.30837e-13  9.25584e-13  5.25317e-15
2.808195713e+00  9.1898462e-13  9.18985e-13  9.13346e-13  5.63911e-15
2.822236692e+00  9.0847021e-13  9.08470e-13  9.02422e-13  6.04869e-15
2.836347875e+00  8.9854788e-13  8.98548e-13  8.92063e-13  6.48441e-15
2.850529615e+00  8.8752709e-13  8.87527e-13  8.80576e-13  6.95117e-15
2.864782263e+00  8.7723018e-13  8.77230e-13  8.69783e-13  7.44711e-15
2.879106174e+00  8.6801736e-13  8.68017e-13  8.60045e-13  7.97284e-15
2.893501705e+00  8.5888236e-13  8.58882e-13  8.50350e-13  8.53229e-15
2.907969214e+00  8.5015361e-13  8.50154e-13  8.41027e-13  9.12647e-15
2.922509060e+00  8.4299869e-13  8.42999e-13  8.33245e-13  9.75365e-15
2.937121605e+00  8.3537926e-13  8.35379e-13  8.24958e-13  1.04216e-14
2.951807213e+00  8.2961931e-13  8.29619e-13  8.18495e-13  1.11246e-14
2.966566249e+00  8.2362576e-13  8.23626e-13  8.11754e-13  1.18715e-14
2.981399080e+00  8.1975957e-13  8.19760e-13  8.07104e-13  1.26553e-14
2.996306076e+00  8.1591420e-13  8.15914e-13  8.02429e-13  1.34856e-14
3.011287606e+00  8.1367456e-13  8.13675e-13  7.99317e-13  1.43575e-14
3.026344044e+00  8.1021312e-13  8.10213e-13  7.94927e-13  1.52862e-14
3.041475764e+00  8.0692957e-13  8.06930e-13  7.90662e-13  1.62680e-14
3.056683143e+00  8.0337217e-13  8.03372e-13  7.86064e-13  1.73081e-14
3.071966559e+00  8.0078470e-13  8.00785e-13  7.82383e-13  1.84021e-14
3.087326392e+00  7.9799993e-13  7.98000e-13  7.78441e-13  1.95594e-14
3.102763024e+00  7.9513768e-13  7.95138e-13  7.74355e-13  2.07826e-14
3.118276839e+00  7.9311608e-13  7.93116e-13  7.71048e-13  2.20680e-14
3.133868223e+00  7.9141362e-13  7.91414e-13  7.67992e-13  2.34221e-14
3.149537564e+00  7.8963334e-13  7.89633e-13  7.64782e-13  2.48510e-14
3.165285252e+00  7.8824470e-13  7.88245e-13  7.61890e-13  2.63543e-14
3.181111678e+00  7.8639755e-13  7.86398e-13  7.58454e-13  2.79435e-14
3.197017237e+00  7.8494815e-13  7.84948e-13  7.55334e-13  2.96140e-14
3.213002323e+00  7.8267968e-13  7.82680e-13  7.51296e-13  3.13833e-14
3.229067334e+00  7.8099390e-13  7.80994e-13  7.47754e-13  3.32401e-14
3.245212671e+00  7.7933774e-13  7.79338e-13  7.44143e-13  3.51948e-14
3.261438734e+00  7.7751492e-13  7.77515e-13  7.40260e-13  3.72547e-14
3.277745928e+00  7.7563764e-13  7.75638e-13  7.36214e-13  3.94235e-14
3.294134658e+00  7.7361561e-13  7.73616e-13  7.31908e-13  4.17078e-14
3.310605331e+00  7.7083614e-13  7.70836e-13  7.26712e-13  4.41238e-14
3.327158358e+00  7.6729566e-13  7.67296e-13  7.20616e-13  4.66800e-14
3.343794149e+00  7.6350863e-13  7.63509e-13  7.14134e-13  4.93749e-14
3.360513120e+00  7.5632427e-13  7.56324e-13  7.04043e-13  5.22816e-14
3.377315686e+00  7.4480120e-13  7.44801e-13  6.89359e-13  5.54421e-14
3.394202264e+00  7.3921838e-13  7.39218e-13  6.80578e-13  5.86399e-14
3.411173276e+00  7.2181499e-13  7.21815e-13  6.59510e-13  6.23053e-14
3.428229142e+00  7.2637724e-13  7.26377e-13  6.60781e-13  6.55966e-14
3.445370288e+00  7.3956589e-13  7.39566e-13  6.70773e-13  6.87926e-14
3.462597139e+00  7.4436433e-13  7.44364e-13  6.71994e-13  7.23707e-14
3.479910125e+00  7.4168245e-13  7.41682e-13  6.65328e-13  7.63547e-14
3.497309675e+00  7.3332354e-13  7.33324e-13  6.52588e-13  8.07358e-14
3.514796224e+00  7.3994506e-13  7.39945e-13  6.55144e-13  8.48006e-14
3.532370205e+00  7.4911849e-13  7.49118e-13  6.60176e-13  8.89424e-14
3.550032056e+00  7.5184023e-13  7.51840e-13  6.58316e-13  9.35246e-14
3.567782216e+00  7.5355202e-13  7.53552e-13  6.55189e-13  9.83631e-14
3.585621127e+00  7.5500284e-13  7.55003e-13  6.51563e-13  1.03440e-13
3.603549233e+00  7.5552095e-13  7.55521e-13  6.46718e-13  1.08802e-13
3.621566979e+00  7.5603358e-13  7.56034e-13  6.41614e-13  1.14420e-13
3.639674814e+00  7.5699395e-13  7.56994e-13  6.36715e-13  1.20279e-13
3.657873188e+00  7.5765259e-13  7.57653e-13  6.31220e-13  1.26433e-13
3.676162554e+00  7.5907587e-13  7.59076e-13  6.26246e-13  1.32830e-13
3.694543367e+00  7.6070586e-13  7.60706e-13  6.21193e-13  1.39513e-13
3.713016084e+00  7.6310097e-13  7.63101e-13  6.16647e-13  1.46454e-13
3.731581164e+00  7.6535801e-13  7.65358e-13  6.11631e-13  1.53727e-13
3.750239070e+00  7.6778282e-13  7.67783e-13  6.06458e-13  1.61324e-13
3.768990265e+00  7.7071752e-13  7.70718e-13  6.01486e-13  1.69231e-13
3.787835216e+00  7.7362460e-13  7.73625e-13  5.96118e-13  1.77507e-13
3.806774393e+00  7.7689581e-13  7.76896e-13  5.90764e-13  1.86132e-13
3.825808265e+00  7.8080754e-13  7.80808e-13  5.85717e-13  1.95090e-13
3.844937306e+00  7.8474625e-13  7.84746e-13  5.80287e-13  2.04459e-13
3.864161992e+00  7.8906659e-13  7.89067e-13  5.74849e-13  2.14217e-13
3.883482802e+00  7.9380587e-13  7.93806e-13  5.69430e-13  2.24376e-13
3.902900216e+00  7.9909091e-13  7.99091e-13  5.64158e-13  2.34933e-13
3.922414717e+00  8.0432870e-13  8.04329e-13  5.58344e-13  2.45985e-13
3.942026791e+00  8.1010501e-13  8.10105e-13  5.52632e-13  2.57473e-13
3.961736925e+00  8.1625877e-13  8.16259e-13  5.46821e-13  2.69438e-13
3.981545610e+00  8.2312858e-13  8.23129e-13  5.41287e-13  2.81842e-13
4.001453338e+00  8.3071881e-13  8.30719e-13  5.36022e-13  2.94696e-13
4.021460604e+00  8.3872680e-13  8.38727e-13  5.30657e-13  3.08070e-13
4.041567907e+00  8.4713372e-13  8.47134e-13  5.25145e-13  3.21989e-13
4.061775747e+00  8.5614111e-13  8.56141e-13  5.19707e-13  3.36434e-13
4.082084626e+00  8.6595644e-13  8.65956e-13  5.14580e-13  3.51376e-13
4.102495049e+00  8.7616583e-13  8.76166e-13  5.09238e-13  3.66927e-13
4.123007524e+00  8.8679813e-13  8.86798e-13  5.03688e-13  3.83111e-13
4.143622562e+00  8.9839053e-13  8.98391e-13  4.98584e-13  3.99806e-13
4.164340674e+00  9.1028308e-13  9.10283e-13  4.93065e-13  4.17218e-13
4.185162378e+00  9.2307112e-13  9.23071e-13  4.87874e-13  4.35197e-13
4.206088190e+00  9.3577758e-13  9.35778e-13  4.81688e-13  4.54089e-13
4.227118631e+00  9.4897260e-13  9.48973e-13  4.75208e-13  4.73764e-13
4.248254224e+00  9.6402485e-13  9.64025e-13  4.70291e-13  4.93734e-13
4.269495495e+00  9.7974317e-13  9.79743e-13  4.65308e-13  5.14435e-13
4.290842972e+00  9.9619767e-13  9.96198e-13  4.60328e-13  5.35869e-13
4.312297187e+00  1.0140691e-12  1.01407e-12  4.56329e-13  5.57740e-13
4.333858673e+00  1.0326345e-12  1.03263e-12  4.52253e-13  5.80382e-13
4.355527967e+00  1.0519327e-12  1.05193e-12  4.48123e-13  6.03809e-13
4.377305606e+00  1.0718684e-12  1.07187e-12  4.43753e-13  6.28116e-13
4.399192134e+00  1.0926577e-12  1.09266e-12  4.39441e-13  6.53217e-13
4.421188095e+00  1.1141221e-12  1.11412e-12  4.34854e-13  6.79268e-13
4.443294036e+00  1.1365736e-12  1.13657e-12  4.30475e-13  7.06098e-13
4.465510506e+00  1.1597503e-12  1.15975e-12  4.25808e-13  7.33942e-13
4.487838058e+00  1.1837828e-12  1.18378e-12  4.21023e-13  7.62760e-13
4.510277249e+00  1.2084609e-12  1.20846e-12  4.15641e-13  7.92820e-13
4.532828635e+00  1.2335609e-12  1.23356e-12  4.09058e-13  8.24502e-13
4.555492778e+00  1.2590477e-12  1.25905e-12  4.00951e-13  8.58097e-13
4.578270242e+00  1.2851009e-12  1.28510e-12  3.91398e-13  8.93703e-13
4.601161593e+00  1.3117276e-12  1.31173e-12  3.80048e-13  9.31679e-13
4.624167401e+00  1.3390023e-12  1.33900e-12  3.66602e-13  9.72400e-13
4.647288238e+00  1.3673912e-12  1.36739e-12  3.51747e-13  1.01564e-12
4.670524679e+00  1.3974882e-12  1.39749e-12  3.36773e-13  1.06072e-12
4.693877303e+00  1.4295325e-12  1.42953e-12  3.22251e-13  1.10728e-12
4.717346689e+00  1.4644384e-12  1.46444e-12  3.11641e-13  1.15280e-12
4.740933423e+00  1.5016341e-12  1.50163e-12  3.03831e-13  1.19780e-12
4.764638090e+00  1.5400998e-12  1.54010e-12  2.94698e-13  1.24540e-12
4.788461280e+00  1.5798145e-12  1.57981e-12  2.82916e-13  1.29690e-12
4.812403587e+00  1.6212231e-12  1.62122e-12  2.69347e-13  1.35188e-12
4.836465604e+00  1.6649015e-12  1.66490e-12  2.57864e-13  1.40704e-12
4.860647933e+00  1.7107749e-12  1.71077e-12  2.51036e-13  1.45974e-12
4.884951172e+00  1.7583349e-12  1.75833e-12  2.46289e-13  1.51205e-12
4.909375928e+00  1.8074208e-12  1.80742e-12  2.42230e-13  1.56519e-12
4.933922808e+00  1.8581020e-12  1.85810e-12  2.37444e-13  1.62066e-12
4.958592422e+00  1.9105002e-12  1.91050e-12  2.32018e-13  1.67848e-12
4.983385384e+00  1.9646324e-12  1.96463e-12  2.26565e-13  1.73807e-12
5.008302311e+00  2.0203836e-12  2.02038e-12  2.21776e-13  1.79861e-12
5.033343822e+00  2.0781321e-12  2.07813e-12  2.16100e-13  1.86203e-12
5.058510541e+00  2.1387325e-12  2.13873e-12  2.07527e-13  1.93121e-12
5.083803094e+00  2.2020551e-12  2.20206e-12  1.97724e-13  2.00433e-12
5.109222110e+00  2.2676659e-12  2.26767e-12  1.88269e-13  2.07940e-12
5.134768220e+00  2.3352599e-12  2.33526e-12  1.79782e-13  2.15548e-12
5.160442061e+00  2.4038476e-12  2.40385e-12  1.73822e-13  2.23003e-12
5.186244272e+00  2.4706354e-12  2.47064e-12  1.74172e-13  2.29646e-12
5.212175493e+00  2.5359410e-12  2.53594e-12  1.78677e-13  2.35726e-12
5.238236370e+00  2.6017461e-12  2.60175e-12  1.83650e-13  2.41810e-12
5.264427552e+00  2.6679842e-12  2.66798e-12  1.89032e-13  2.47895e-12
5.290749690e+00  2.7333526e-12  2.73335e-12  1.96140e-13  2.53721e-12
5.317203438e+00  2.7988921e-12  2.79889e-12  2.03488e-13  2.59540e-12
5.343789456e+00  2.8690601e-12  2.86906e-12  2.06755e-13  2.66231e-12
5.370508403e+00  2.9464510e-12  2.94645e-12  2.04467e-13  2.74198e-12
5.397360945e+00  3.0286100e-12  3.02861e-12  1.99751e-13  2.82886e-12
5.424347750e+00  3.1122505e-12  3.11225e-12  1.95626e-13  2.91662e-12
5.451469488e+00  3.1942835e-12  3.19428e-12  1.94242e-13  3.00004e-12
5.478726836e+00  3.2750491e-12  3.27505e-12  1.94894e-13  3.08016e-12
5.506120470e+00  3.3579308e-12  3.35793e-12  1.95076e-13  3.16285e-12
5.533651072e+00  3.4457966e-12  3.44580e-12  1.93148e-13  3.25265e-12
5.561319328e+00  3.5439968e-12  3.54400e-12  1.86431e-13  3.35757e-12
5.589125924e+00  3.6491150e-12  3.64912e-12  1.77552e-13  3.47156e-12
5.617071554e+00  3.7535886e-12  3.75359e-12  1.70726e-13  3.58286e-12
5.645156912e+00  3.8541384e-12  3.85414e-12  1.67253e-13  3.68689e-12
5.673382696e+00  3.9533694e-12  3.95337e-12  1.65463e-13  3.78791e-12
5.701749610e+00  4.0541777e-12  4.05418e-12  1.63865e-13  3.89031e-12
5.730258358e+00  4.1603276e-12  4.16033e-12  1.60886e-13  3.99944e-12
5.758909650e+00  4.2708732e-12  4.27087e-12  1.57103e-13  4.11377e-12
5.787704198e+00  4.3804763e-12  4.38048e-12  1.54639e-13  4.22584e-12
5.816642719e+00  4.4891608e-12  4.48916e-12  1.53319e-13  4.33584e-12
5.845725932e+00  4.6012506e-12  4.60125e-12  1.51521e-13  4.44973e-12
5.874954562e+00  4.7197650e-12  4.71976e-12  1.48331e-13  4.57143e-12
5.904329335e+00  4.8494398e-12  4.84944e-12  1.42461e-13  4.70698e-12
5.933850982e+00  4.9950472e-12  4.99505e-12  1.32847e-13  4.86220e-12
5.963520237e+00  5.1467815e-12  5.14678e-12  1.22784e-13  5.02400e-12
5.993337838e+00  5.2887567e-12  5.28876e-12  1.16705e-13  5.17205e-12
6.023304527e+00  5.4218388e-12  5.42184e-12  1.13922e-13  5.30792e-12
6.053421050e+00  5.5497360e-12  5.54974e-12  1.13121e-13  5.43662e-12
6.083688155e+00  5.6832421e-12  5.68324e-12  1.11463e-13  5.57178e-12
6.114106596e+00  5.8268397e-12  5.82684e-12  1.08013e-13  5.71883e-12
6.144677129e+00  5.9822741e-12  5.98227e-12  1.02595e-13  5.87968e-12
6.175400514e+00  6.1409517e-12  6.14095e-12  9.72868e-14  6.04366e-12
6.206277517e+00  6.2961187e-12  6.29612e-12  9.34831e-14  6.20264e-12
6.237308904e+00  6.4426315e-12  6.44263e-12  9.20480e-14  6.35058e-12
6.268495449e+00  6.5849394e-12  6.58494e-12  9.18767e-14  6.49306e-12
6.299837926e+00  6.7249207e-12  6.72492e-12  9.24868e-14  6.63243e-12
6.331337116e+00  6.8535409e-12  6.85354e-12  9.53933e-14  6.75815e-12
6.362993801e+00  6.9693028e-12  6.96930e-12  1.00601e-13  6.86870e-12
6.394808770e+00  7.0860271e-12  7.08603e-12  1.05576e-13  6.98045e-12
6.426782814e+00  7.2107570e-12  7.21076e-12  1.09209e-13  7.10155e-12
6.458916728e+00  7.3470921e-12  7.34709e-12  1.11071e-13  7.23602e-12
6.491211312e+00  7.4897718e-12  7.48977e-12  1.12114e-13  7.37766e-12
6.523667368e+00  7.6474365e-12  7.64744e-12  1.11177e-13  7.53626e-12
6.556285705e+00  7.8176419e-12  7.81764e-12  1.08794e-13  7.70885e-12
6.589067134e+00  7.9911035e-12  7.99110e-12  1.06351e-13  7.88475e-12
6.622012469e+00  8.1574668e-12  8.15747e-12  1.05196e-13  8.05227e-12
6.655122532e+00  8.3138974e-12  8.31390e-12  1.05558e-13  8.20834e-12
6.688398144e+00  8.4725148e-12  8.47251e-12  1.05823e-13  8.36669e-12
6.721840135e+00  8.6447052e-12  8.64471e-12  1.04666e-13  8.54004e-12
6.755449336e+00  8.8250994e-12  8.82510e-12  1.02827e-13  8.72227e-12
6.789226583e+00  9.0120581e-12  9.01206e-12  1.00551e-13  8.91151e-12
6.823172715e+00  9.2054991e-12  9.20550e-12  9.78888e-14  9.10761e-12
6.857288579e+00  9.4004432e-12  9.40044e-12  9.53908e-14  9.30505e-12
6.891575022e+00  9.6055161e-12  9.60552e-12  9.21841e-14  9.51333e-12
6.926032897e+00  9.8089774e-12  9.80898e-12  8.94718e-14  9.71951e-12
6.960663062e+00  1.0008821e-11  1.00088e-11  8.74009e-14  9.92142e-12
6.995466377e+00  1.0212187e-11  1.02122e-11  8.52666e-14  1.01269e-11
7.030443709e+00  1.0416416e-11  1.04164e-11  8.33106e-14  1.03331e-11
7.065595927e+00  1.0621817e-11  1.06218e-11  8.14922e-14  1.05403e-11
7.100923907e+00  1.0828840e-11  1.08288e-11  7.97627e-14  1.07491e-11
7.136428526e+00  1.1041202e-11  1.10412e-11  7.78152e-14  1.09634e-11
7.172110669e+00  1.1256122e-11  1.12561e-11  7.58870e-14  1.11802e-11
7.207971222e+00  1.1478448e-11  1.14784e-11  7.36082e-14  1.14048e-11
7.244011079e+00  1.1707165e-11  1.17072e-11  7.10847e-14  1.16361e-11
7.280231134e+00  1.1942361e-11  1.19424e-11  6.83323e-14  1.18740e-11
7.316632290e+00  1.2192700e-11  1.21927e-11  6.47663e-14  1.21279e-11
7.353215451e+00  1.2444380e-11  1.24444e-11  6.13948e-14  1.23830e-11
7.389981528e+00  1.2690653e-11  1.26907e-11  5.86511e-14  1.26320e-11
7.426931436e+00  1.2935302e-11  1.29353e-11  5.62436e-14  1.28791e-11
7.464066093e+00  1.3179247e-11  1.31792e-11  5.40896e-14  1.31252e-11
7.501386424e+00  1.3428200e-11  1.34282e-11  5.18223e-14  1.33764e-11
7.538893356e+00  1.3677614e-11  1.36776e-11  4.97212e-14  1.36279e-11
7.576587822e+00  1.3931673e-11  1.39317e-11  4.75331e-14  1.38841e-11
7.614470762e+00  1.4189756e-11  1.41898e-11  4.53007e-14  1.41445e-11
7.652543115e+00  1.4449169e-11  1.44492e-11  4.31758e-14  1.44060e-11
7.690805831e+00  1.4714522e-11  1.47145e-11  4.09056e-14  1.46736e-11
7.729259860e+00  1.4982377e-11  1.49824e-11  3.86806e-14  1.49437e-11
7.767906159e+00  1.5262433e-11  1.52624e-11  3.60084e-14  1.52264e-11
7.806745690e+00  1.5544629e-11  1.55446e-11  3.34194e-14  1.55112e-11
7.845779419e+00  1.5819629e-11  1.58196e-11  3.13574e-14  1.57883e-11
7.885008316e+00  1.6103686e-11  1.61037e-11  2.90234e-14  1.60747e-11
7.924433357e+00  1.6389620e-11  1.63896e-11  2.67663e-14  1.63629e-11
7.964055524e+00  1.6672578e-11  1.66726e-11  2.47973e-14  1.66478e-11
8.003875802e+00  1.6956117e-11  1.69561e-11  2.29419e-14  1.69332e-11
8.043895181e+00  1.7244541e-11  1.72445e-11  2.10101e-14  1.72235e-11
8.084114657e+00  1.7542083e-11  1.75421e-11  1.88330e-14  1.75233e-11
8.124535230e+00  1.7841647e-11  1.78416e-11  1.67150e-14  1.78249e-11
8.165157906e+00  1.8136404e-11  1.81364e-11  1.49216e-14  1.81215e-11
8.205983696e+00  1.8429607e-11  1.84296e-11  1.33053e-14  1.84163e-11
8.247013614e+00  1.8724535e-11  1.87245e-11  1.17311e-14  1.87128e-11
8.288248682e+00  1.9014988e-11  1.90150e-11  1.04232e-14  1.90046e-11
8.329689926e+00  1.9305552e-11  1.93056e-11  9.19912e-15  1.92964e-11
8.371338375e+00  1.9589601e-11  1.95896e-11  8.28447e-15  1.95813e-11
8.413195067e+00  1.9867322e-11  1.98673e-11  7.65119e-15  1.98597e-11
8.455261042e+00  2.0136967e-11  2.01370e-11  7.33783e-15  2.01296e-11
8.497537348e+00  2.0389318e-11  2.03893e-11  7.62238e-15  2.03817e-11
8.540025034e+00  2.0601516e-11  2.06015e-11  9.19210e-15  2.05923e-11
8.582725160e+00  2.0732683e-11  2.07327e-11  1.32332e-14  2.07194e-11
8.625638785e+00  2.0743585e-11  2.07436e-11  2.07734e-14  2.07228e-11
8.668766979e+00  2.0621308e-11  2.06213e-11  3.19604e-14  2.05893e-11
8.712110814e+00  2.0387070e-11  2.03871e-11  4.59262e-14  2.03411e-11
8.755671368e+00  2.0247809e-11  2.02478e-11  5.65752e-14  2.01912e-11
8.799449725e+00  2.0367352e-11  2.03674e-11  5.95365e-14  2.03078e-11
8.843446974e+00  2.0147317e-11  2.01473e-11  7.16304e-14  2.00757e-11
8.887664209e+00  2.0044121e-11  2.00441e-11  8.00730e-14  1.99640e-11
8.932102530e+00  2.0137175e-11  2.01372e-11  8.30073e-14  2.00542e-11
8.976763042e+00  2.0108751e-11  2.01088e-11  8.89059e-14  2.00198e-11
9.021646857e+00  2.0052049e-11  2.00520e-11  9.52424e-14  1.99568e-11
9.066755092e+00  2.0177202e-11  2.01772e-11  9.68262e-14  2.00804e-11
9.112088867e+00  2.0447680e-11  2.04477e-11  9.48231e-14  2.03529e-11
9.157649312e+00  2.0800375e-11  2.08004e-11  9.09369e-14  2.07094e-11
9.203437558e+00  2.1145171e-11  2.11452e-11  8.73613e-14  2.10578e-11
9.249454746e+00  2.1460953e-11  2.14610e-11  8.45562e-14  2.13764e-11
9.295702020e+00  2.1740137e-11  2.17401e-11  8.26447e-14  2.16575e-11
9.342180530e+00  2.1956713e-11  2.19567e-11  8.21383e-14  2.18746e-11
9.388891432e+00  2.2144475e-11  2.21445e-11  8.22349e-14  2.20622e-11
9.435835890e+00  2.2353443e-11  2.23534e-11  8.18557e-14  2.22716e-11
9.483015069e+00  2.2627219e-11  2.26272e-11  8.01367e-14  2.25471e-11
9.530430144e+00  2.3036442e-11  2.30364e-11  7.57408e-14  2.29607e-11
9.578082295e+00  2.3513268e-11  2.35133e-11  7.01566e-14  2.34431e-11
9.625972707e+00  2.4078127e-11  2.40781e-11  6.30614e-14  2.40151e-11
9.674102570e+00  2.4658398e-11  2.46584e-11  5.59173e-14  2.46025e-11
9.722473083e+00  2.5137937e-11  2.51379e-11  5.08837e-14  2.50871e-11
9.771085448e+00  2.5641506e-11  2.56415e-11  4.55765e-14  2.55959e-11
9.819940876e+00  2.6157893e-11  2.61579e-11  4.02138e-14  2.61177e-11
9.869040580e+00  2.6500706e-11  2.65007e-11  3.80646e-14  2.64626e-11
9.918385783e+00  2.6679893e-11  2.66799e-11  3.87819e-14  2.66411e-11
9.967977712e+00  2.6677287e-11  2.66773e-11  4.25141e-14  2.66348e-11
1.001781760e+01  2.6707535e-11  2.67075e-11  4.55402e-14  2.66620e-11
1.006790669e+01  2.6744762e-11  2.67448e-11  4.83161e-14  2.66964e-11
1.011824622e+01  2.6801062e-11  2.68011e-11  5.06596e-14  2.67504e-11
1.016883745e+01  2.6963957e-11  2.69640e-11  5.12198e-14  2.69127e-11
1.021968164e+01  2.6998527e-11  2.69985e-11  5.37062e-14  2.69448e-11
1.027078005e+01  2.7076821e-11  2.70768e-11  5.54137e-14  2.70214e-11
1.032213395e+01  2.7449266e-11  2.74493e-11  5.26617e-14  2.73966e-11
1.037374462e+01  2.7869557e-11  2.78696e-11  4.92774e-14  2.78203e-11
1.042561334e+01  2.8015539e-11  2.80155e-11  4.99138e-14  2.79656e-11
1.047774141e+01  2.8140526e-11  2.81405e-11  5.07942e-14  2.80897e-11
1.053013012e+01  2.8395829e-11  2.83958e-11  4.98097e-14  2.83460e-11
1.058278077e+01  2.8681216e-11  2.86812e-11  4.84191e-14  2.86328e-11
1.063569467e+01  2.8927807e-11  2.89278e-11  4.75646e-14  2.88802e-11
1.068887314e+01  2.9151137e-11  2.91511e-11  4.70148e-14  2.91041e-11
1.074231751e+01  2.9458706e-11  2.94587e-11  4.53640e-14  2.94133e-11
1.079602910e+01  2.9867804e-11  2.98678e-11  4.24472e-14  2.98254e-11
1.085000924e+01  3.0502503e-11  3.05025e-11  3.67759e-14  3.04657e-11
1.090425929e+01  3.1153356e-11  3.11534e-11  3.10636e-14  3.11223e-11
1.095878058e+01  3.1538037e-11  3.15380e-11  2.87302e-14  3.15093e-11
1.101357449e+01  3.1787377e-11  3.17874e-11  2.80561e-14  3.17593e-11
1.106864236e+01  3.1833247e-11  3.18332e-11  2.97593e-14  3.18035e-11
1.112398557e+01  3.1494266e-11  3.14943e-11  3.58147e-14  3.14585e-11
1.117960550e+01  3.1011400e-11  3.10114e-11  4.32808e-14  3.09681e-11
1.123550353e+01  3.0856623e-11  3.08566e-11  4.68211e-14  3.08098e-11
1.129168104e+01  3.0977678e-11  3.09777e-11  4.71914e-14  3.09305e-11
1.134813945e+01  3.1361411e-11  3.13614e-11  4.46808e-14  3.13167e-11
1.140488015e+01  3.1849214e-11  3.18492e-11  4.11112e-14  3.18081e-11
1.146190455e+01  3.2276188e-11  3.22762e-11  3.82601e-14  3.22379e-11
1.151921407e+01  3.2691184e-11  3.26912e-11  3.55915e-14  3.26556e-11
1.157681014e+01  3.3151113e-11  3.31511e-11  3.25199e-14  3.31186e-11
1.163469419e+01  3.3573064e-11  3.35731e-11  2.98937e-14  3.35432e-11
1.169286766e+01  3.3929696e-11  3.39297e-11  2.79632e-14  3.39017e-11
1.175133200e+01  3.4270704e-11  3.42707e-11  2.62154e-14  3.42445e-11
1.181008866e+01  3.4618965e-11  3.46190e-11  2.44239e-14  3.45945e-11
1.186913910e+01  3.4931971e-11  3.49320e-11  2.29915e-14  3.49090e-11
1.192848480e+01  3.5172616e-11  3.51726e-11  2.22471e-14  3.51504e-11
1.198812722e+01  3.5418670e-11  3.54187e-11  2.14495e-14  3.53972e-11
1.204806786e+01  3.5637102e-11  3.56371e-11  2.08988e-14  3.56162e-11
1.210830820e+01  3.5825962e-11  3.58260e-11  2.06016e-14  3.58054e-11
1.216884974e+01  3.6012162e-11  3.60122e-11  2.03115e-14  3.59919e-11
1.222969399e+01  3.6200251e-11  3.62003e-11  1.99887e-14  3.61803e-11
1.229084246e+01  3.6389496e-11  3.63895e-11  1.96407e-14  3.63699e-11
1.235229667e+01  3.6564499e-11  3.65645e-11  1.93977e-14  3.65451e-11
1.241405815e+01  3.6748307e-11  3.67483e-11  1.90646e-14  3.67292e-11
1.247612845e+01  3.6939106e-11  3.69391e-11  1.86598e-14  3.69204e-11
1.253850909e+01  3.7145202e-11  3.71452e-11  1.81195e-14  3.71271e-11
1.260120163e+01  3.7339323e-11  3.73393e-11  1.76655e-14  3.73217e-11
1.266420764e+01  3.7549305e-11  3.75493e-11  1.70765e-14  3.75322e-11
1.272752868e+01  3.7740115e-11  3.77401e-11  1.66284e-14  3.77235e-11
1.279116632e+01  3.7913899e-11  3.79139e-11  1.62991e-14  3.78976e-11
1.285512215e+01  3.8072848e-11  3.80728e-11  1.60675e-14  3.80568e-11
1.291939776e+01  3.8260071e-11  3.82601e-11  1.56101e-14  3.82445e-11
1.298399475e+01  3.8473090e-11  3.84731e-11  1.49539e-14  3.84581e-11
1.304891473e+01  3.8716641e-11  3.87166e-11  1.40727e-14  3.87026e-11
1.311415930e+01  3.8969578e-11  3.89696e-11  1.31260e-14  3.89565e-11
1.317973010e+01  3.9174237e-11  3.91742e-11  1.25217e-14  3.91617e-11
1.324562875e+01  3.9398656e-11  3.93987e-11  1.17748e-14  3.93869e-11
1.331185689e+01  3.9645903e-11  3.96459e-11  1.08697e-14  3.96350e-11
1.337841618e+01  3.9900583e-11  3.99006e-11  9.91675e-15  3.98907e-11
1.344530826e+01  4.0039083e-11  4.00391e-11  9.74319e-15  4.00293e-11
1.351253480e+01  4.0201295e-11  4.02013e-11  9.39752e-15  4.01919e-11
1.358009747e+01  4.0389942e-11  4.03899e-11  8.86846e-15  4.03811e-11
1.364799796e+01  4.0530377e-11  4.05304e-11  8.64279e-15  4.05217e-11
1.371623795e+01  4.0502412e-11  4.05024e-11  9.47249e-15  4.04929e-11
1.378481914e+01  4.0469080e-11  4.04691e-11  1.02962e-14  4.04588e-11
1.385374323e+01  4.0573912e-11  4.05739e-11  1.02247e-14  4.05637e-11
1.392301195e+01  4.0755803e-11  4.07558e-11  9.66436e-15  4.07461e-11
1.399262701e+01  4.0932691e-11  4.09327e-11  9.12900e-15  4.09236e-11
1.406259015e+01  4.1085079e-11  4.10851e-11  8.73427e-15  4.10763e-11
1.413290310e+01  4.1241618e-11  4.12416e-11  8.30614e-15  4.12333e-11
1.420356761e+01  4.1377692e-11  4.13777e-11  7.98944e-15  4.13697e-11
1.427458545e+01  4.1515740e-11  4.15157e-11  7.65097e-15  4.15081e-11
1.434595838e+01  4.1584913e-11  4.15849e-11  7.69515e-15  4.15772e-11
1.441768817e+01  4.1530010e-11  4.15300e-11  8.41954e-15  4.15216e-11
1.448977661e+01  4.1417162e-11  4.14172e-11  9.43253e-15  4.14077e-11
1.456222549e+01  4.1472039e-11  4.14720e-11  9.48246e-15  4.14626e-11
1.463503662e+01  4.1650050e-11  4.16500e-11  8.84463e-15  4.16412e-11
1.470821180e+01  4.1920856e-11  4.19209e-11  7.70558e-15  4.19132e-11
1.478175286e+01  4.2121658e-11  4.21217e-11  6.94794e-15  4.21147e-11
1.485566163e+01  4.2255530e-11  4.22555e-11  6.54296e-15  4.22490e-11
1.492993994e+01  4.2391917e-11  4.23919e-11  6.11800e-15  4.23858e-11
1.500458964e+01  4.2534741e-11  4.25347e-11  5.65364e-15  4.25291e-11
1.507961258e+01  4.2719248e-11  4.27192e-11  4.97204e-15  4.27143e-11
1.515501065e+01  4.2834161e-11  4.28342e-11  4.64010e-15  4.28295e-11
1.523078570e+01  4.2866981e-11  4.28670e-11  4.70875e-15  4.28623e-11
1.530693963e+01  4.2701721e-11  4.27017e-11  5.73597e-15  4.26960e-11
1.538347433e+01  4.2571505e-11  4.25715e-11  6.55595e-15  4.25649e-11
1.546039170e+01  4.2477832e-11  4.24778e-11  7.16800e-15  4.24707e-11
1.553769366e+01  4.2476502e-11  4.24765e-11  7.31270e-15  4.24692e-11
1.561538212e+01  4.2556881e-11  4.25569e-11  7.05493e-15  4.25498e-11
1.569345903e+01  4.2688941e-11  4.26889e-11  6.54743e-15  4.26824e-11
1.577192633e+01  4.2813527e-11  4.28135e-11  6.07126e-15  4.28075e-11
1.585078596e+01  4.2884462e-11  4.28845e-11  5.83662e-15  4.28786e-11
1.593003989e+01  4.2898546e-11  4.28985e-11  5.85065e-15  4.28927e-11
1.600969009e+01  4.2835865e-11  4.28359e-11  6.19502e-15  4.28297e-11
1.608973854e+01  4.2706872e-11  4.27069e-11  6.81340e-15  4.27001e-11
1.617018723e+01  4.2306997e-11  4.23070e-11  8.59507e-15  4.22984e-11
1.625103817e+01  4.1860338e-11  4.18603e-11  1.05317e-14  4.18498e-11
1.633229336e+01  4.1307829e-11  4.13078e-11  1.28726e-14  4.12950e-11
1.641395483e+01  4.0769047e-11  4.07690e-11  1.50965e-14  4.07540e-11
1.649602460e+01  4.0355804e-11  4.03558e-11  1.67352e-14  4.03391e-11
1.657850473e+01  3.9949981e-11  3.99500e-11  1.82988e-14  3.99317e-11
1.666139725e+01  3.9792768e-11  3.97928e-11  1.87923e-14  3.97740e-11
1.674470424e+01  3.9681634e-11  3.96816e-11  1.90757e-14  3.96626e-11
1.682842776e+01  3.9647100e-11  3.96471e-11  1.90315e-14  3.96281e-11
1.691256990e+01  3.9613238e-11  3.96132e-11  1.89738e-14  3.95943e-11
1.699713274e+01  3.9576539e-11  3.95765e-11  1.89173e-14  3.95576e-11
1.708211841e+01  3.9544530e-11  3.95445e-11  1.88322e-14  3.95257e-11
1.716752900e+01  3.9439541e-11  3.94395e-11  1.90228e-14  3.94205e-11
1.725336665e+01  3.9271803e-11  3.92718e-11  1.94418e-14  3.92524e-11
1.733963348e+01  3.9095667e-11  3.90957e-11  1.98746e-14  3.90758e-11
1.742633165e+01  3.8786837e-11  3.87868e-11  2.07930e-14  3.87660e-11
1.751346330e+01  3.8519633e-11  3.85196e-11  2.15278e-14  3.84981e-11
1.760103062e+01  3.8432824e-11  3.84328e-11  2.15666e-14  3.84113e-11
1.768903577e+01  3.8479049e-11  3.84790e-11  2.11032e-14  3.84579e-11
1.777748095e+01  3.8676562e-11  3.86766e-11  2.00843e-14  3.86565e-11
1.786636836e+01  3.8847418e-11  3.88474e-11  1.91707e-14  3.88282e-11
1.795570020e+01  3.8963969e-11  3.89640e-11  1.84593e-14  3.89455e-11
1.804547870e+01  3.8941155e-11  3.89412e-11  1.82481e-14  3.89229e-11
1.813570609e+01  3.8806518e-11  3.88065e-11  1.84268e-14  3.87881e-11
1.822638462e+01  3.8606390e-11  3.86064e-11  1.88231e-14  3.85876e-11
1.831751655e+01  3.8380834e-11  3.83808e-11  1.92921e-14  3.83615e-11
1.840910413e+01  3.8318916e-11  3.83189e-11  1.91810e-14  3.82997e-11
1.850114965e+01  3.8482631e-11  3.84826e-11  1.82930e-14  3.84643e-11
1.859365540e+01  3.8725468e-11  3.87255e-11  1.71440e-14  3.87083e-11
1.868662368e+01  3.8829176e-11  3.88292e-11  1.64733e-14  3.88127e-11
1.878005679e+01  3.8745913e-11  3.87459e-11  1.64283e-14  3.87295e-11
1.887395708e+01  3.8548566e-11  3.85486e-11  1.67531e-14  3.85318e-11
1.896832686e+01  3.8229799e-11  3.82298e-11  1.74624e-14  3.82123e-11
1.906316850e+01  3.7644034e-11  3.76440e-11  1.90197e-14  3.76250e-11
1.915848434e+01  3.6857434e-11  3.68574e-11  2.11911e-14  3.68362e-11
1.925427676e+01  3.6221620e-11  3.62216e-11  2.28384e-14  3.61988e-11
1.935054815e+01  3.5719616e-11  3.57196e-11  2.40281e-14  3.56956e-11
1.944730089e+01  3.5490945e-11  3.54909e-11  2.43325e-14  3.54666e-11
1.954453739e+01  3.5442260e-11  3.54423e-11  2.40640e-14  3.54182e-11
1.964226008e+01  3.5417195e-11  3.54172e-11  2.37199e-14  3.53935e-11
1.974047138e+01  3.5415206e-11  3.54152e-11  2.33038e-14  3.53919e-11
1.983917374e+01  3.5532470e-11  3.55325e-11  2.25246e-14  3.55099e-11
1.993836960e+01  3.5655547e-11  3.56555e-11  2.17337e-14  3.56338e-11
2.003806145e+01  3.5710623e-11  3.57106e-11  2.11528e-14  3.56895e-11
2.013825176e+01  3.5808719e-11  3.58087e-11  2.04468e-14  3.57883e-11
2.023894302e+01  3.5944471e-11  3.59445e-11  1.96344e-14  3.59248e-11
2.034013773e+01  3.6037108e-11  3.60371e-11  1.89550e-14  3.60182e-11
2.044183842e+01  3.6196840e-11  3.61968e-11  1.80851e-14  3.61788e-11
2.054404761e+01  3.6365403e-11  3.63654e-11  1.71973e-14  3.63482e-11
2.064676785e+01  3.6564189e-11  3.65642e-11  1.62308e-14  3.65480e-11
2.075000169e+01  3.6767339e-11  3.67673e-11  1.52609e-14  3.67521e-11
2.085375170e+01  3.6972695e-11  3.69727e-11  1.42939e-14  3.69584e-11
2.095802046e+01  3.7216590e-11  3.72166e-11  1.32281e-14  3.72034e-11
2.106281056e+01  3.7497047e-11  3.74970e-11  1.20712e-14  3.74850e-11
2.116812461e+01  3.7719703e-11  3.77197e-11  1.10860e-14  3.77086e-11
2.127396524e+01  3.7730087e-11  3.77301e-11  1.06923e-14  3.77194e-11
2.138033506e+01  3.7680504e-11  3.76805e-11  1.04631e-14  3.76700e-11
2.148723674e+01  3.7580499e-11  3.75805e-11  1.03690e-14  3.75701e-11
2.159467292e+01  3.7510805e-11  3.75108e-11  1.01906e-14  3.75006e-11
2.170264629e+01  3.7387374e-11  3.73874e-11  1.01537e-14  3.73772e-11
2.181115952e+01  3.7144678e-11  3.71447e-11  1.04290e-14  3.71342e-11
2.192021532e+01  3.6911209e-11  3.69112e-11  1.06722e-14  3.69005e-11
2.202981639e+01  3.6642505e-11  3.66425e-11  1.10002e-14  3.66315e-11
2.213996547e+01  3.6326709e-11  3.63267e-11  1.14420e-14  3.63153e-11
2.225066530e+01  3.6046109e-11  3.60461e-11  1.17834e-14  3.60343e-11
2.236191863e+01  3.5834779e-11  3.58348e-11  1.19395e-14  3.58228e-11
2.247372822e+01  3.5790023e-11  3.57900e-11  1.16667e-14  3.57784e-11
2.258609686e+01  3.5778646e-11  3.57786e-11  1.13099e-14  3.57673e-11
2.269902735e+01  3.5773923e-11  3.57739e-11  1.09378e-14  3.57630e-11
2.281252248e+01  3.5804924e-11  3.58049e-11  1.04784e-14  3.57944e-11
2.292658510e+01  3.5954466e-11  3.59545e-11  9.72846e-15  3.59447e-11
2.304121802e+01  3.6114325e-11  3.61143e-11  8.95988e-15  3.61054e-11
2.315642411e+01  3.6155096e-11  3.61551e-11  8.48908e-15  3.61466e-11
2.327220623e+01  3.6132288e-11  3.61323e-11  8.17571e-15  3.61241e-11
2.338856726e+01  3.6091686e-11  3.60917e-11  7.90641e-15  3.60838e-11
2.350551010e+01  3.5983750e-11  3.59837e-11  7.79910e-15  3.59760e-11
2.362303765e+01  3.5868460e-11  3.58685e-11  7.70797e-15  3.58608e-11
2.374115284e+01  3.5822108e-11  3.58221e-11  7.45230e-15  3.58147e-11
2.385985860e+01  3.5817642e-11  3.58176e-11  7.09881e-15  3.58105e-11
2.397915789e+01  3.5726050e-11  3.57261e-11  6.95082e-15  3.57191e-11
2.409905368e+01  3.5488613e-11  3.54886e-11  7.14094e-15  3.54815e-11
2.421954895e+01  3.5323121e-11  3.53231e-11  7.16039e-15  3.53160e-11
2.434064670e+01  3.5352588e-11  3.53526e-11  6.73016e-15  3.53459e-11
2.446234993e+01  3.5219042e-11  3.52190e-11  6.67463e-15  3.52124e-11
2.458466168e+01  3.4996698e-11  3.49967e-11  6.81891e-15  3.49899e-11
2.470758499e+01  3.4883763e-11  3.48838e-11  6.71296e-15  3.48771e-11
2.483112291e+01  3.4849675e-11  3.48497e-11  6.42974e-15  3.48432e-11
2.495527853e+01  3.4764940e-11  3.47649e-11  6.26070e-15  3.47587e-11
