# ------------------------------------------------------------------------
# Radiance spectrum
# NASA-GSFC Planetary Spectrum Generator (PSG) (Villanueva et al. 2018, 2022)
# Synthesized on Wed Feb 14 22:05:40 2024
# Doppler velocities [km/s] (vobs,vrot+vorb,vwidth,vrfl,vstr): 0.00000,-0.00000,0.00000,-119.41115,-0.00000
# Spectral unit: Wavelength [um]
# Radiance unit: Spectral irradiance [W/m2/um]
# Wave/freq Total Object Reflected Thermal
5.000000000e-01  1.6914003e-12  1.69140e-12  1.69140e-12  1.59726e-46
5.025000000e-01  1.7083788e-12  1.70838e-12  1.70838e-12  2.51998e-46
5.050125000e-01  1.7253210e-12  1.72532e-12  1.72532e-12  3.96646e-46
5.075375625e-01  1.7422237e-12  1.74222e-12  1.74222e-12  6.22868e-46
5.100752503e-01  1.7590836e-12  1.75908e-12  1.75908e-12  9.75847e-46
5.126256266e-01  1.7758975e-12  1.77590e-12  1.77590e-12  1.52533e-45
5.151887547e-01  1.7926621e-12  1.79266e-12  1.79266e-12  2.37876e-45
5.177646985e-01  1.8093741e-12  1.80937e-12  1.80937e-12  3.70121e-45
5.203535220e-01  1.8260303e-12  1.82603e-12  1.82603e-12  5.74579e-45
5.229552896e-01  1.8426276e-12  1.84263e-12  1.84263e-12  8.89965e-45
5.255700660e-01  1.8591628e-12  1.85916e-12  1.85916e-12  1.37537e-44
5.281979164e-01  1.8756326e-12  1.87563e-12  1.87563e-12  2.12076e-44
5.308389059e-01  1.8920340e-12  1.89203e-12  1.89203e-12  3.26284e-44
5.334931005e-01  1.9083638e-12  1.90836e-12  1.90836e-12  5.00884e-44
5.361605660e-01  1.9246189e-12  1.92462e-12  1.92462e-12  7.67220e-44
5.388413688e-01  1.9407963e-12  1.94080e-12  1.94080e-12  1.17260e-43
5.415355756e-01  1.9568930e-12  1.95689e-12  1.95689e-12  1.78826e-43
5.442432535e-01  1.9729058e-12  1.97291e-12  1.97291e-12  2.72124e-43
5.469644698e-01  1.9888318e-12  1.98883e-12  1.98883e-12  4.13203e-43
5.496992921e-01  2.0046680e-12  2.00467e-12  2.00467e-12  6.26073e-43
5.524477886e-01  2.0204115e-12  2.02041e-12  2.02041e-12  9.46579e-43
5.552100275e-01  2.0360595e-12  2.03606e-12  2.03606e-12  1.42812e-42
5.579860777e-01  2.0516089e-12  2.05161e-12  2.05161e-12  2.15005e-42
5.607760081e-01  2.0670570e-12  2.06706e-12  2.06706e-12  3.23011e-42
5.635798881e-01  2.0824010e-12  2.08240e-12  2.08240e-12  4.84256e-42
5.663977875e-01  2.0976382e-12  2.09764e-12  2.09764e-12  7.24478e-42
5.692297765e-01  2.1127656e-12  2.11277e-12  2.11277e-12  1.08161e-41
5.720759254e-01  2.1277808e-12  2.12778e-12  2.12778e-12  1.61147e-41
5.749363050e-01  2.1426810e-12  2.14268e-12  2.14268e-12  2.39594e-41
5.778109865e-01  2.1574635e-12  2.15746e-12  2.15746e-12  3.55503e-41
5.807000414e-01  2.1721259e-12  2.17213e-12  2.17213e-12  5.26410e-41
5.836035417e-01  2.1866655e-12  2.18667e-12  2.18667e-12  7.77901e-41
5.865215594e-01  2.2010799e-12  2.20108e-12  2.20108e-12  1.14723e-40
5.894541672e-01  2.2153665e-12  2.21537e-12  2.21537e-12  1.68850e-40
5.924014380e-01  2.2295230e-12  2.22952e-12  2.22952e-12  2.48020e-40
5.953634452e-01  2.2435471e-12  2.24355e-12  2.24355e-12  3.63588e-40
5.983402624e-01  2.2574362e-12  2.25744e-12  2.25744e-12  5.31952e-40
6.013319637e-01  2.2711883e-12  2.27119e-12  2.27119e-12  7.76751e-40
6.043386235e-01  2.2848009e-12  2.28480e-12  2.28480e-12  1.13198e-39
6.073603167e-01  2.2982720e-12  2.29827e-12  2.29827e-12  1.64647e-39
6.103971182e-01  2.3115993e-12  2.31160e-12  2.31160e-12  2.39014e-39
6.134491038e-01  2.3247807e-12  2.32478e-12  2.32478e-12  3.46303e-39
6.165163494e-01  2.3378142e-12  2.33781e-12  2.33781e-12  5.00791e-39
6.195989311e-01  2.3506978e-12  2.35070e-12  2.35070e-12  7.22814e-39
6.226969258e-01  2.3634295e-12  2.36343e-12  2.36343e-12  1.04129e-38
6.258104104e-01  2.3760073e-12  2.37601e-12  2.37601e-12  1.49725e-38
6.289394624e-01  2.3884294e-12  2.38843e-12  2.38843e-12  2.14883e-38
6.320841597e-01  2.4006940e-12  2.40069e-12  2.40069e-12  3.07819e-38
6.352445805e-01  2.4127993e-12  2.41280e-12  2.41280e-12  4.40130e-38
6.384208035e-01  2.4247435e-12  2.42474e-12  2.42474e-12  6.28147e-38
6.416129075e-01  2.4365249e-12  2.43652e-12  2.43652e-12  8.94830e-38
6.448209720e-01  2.4481421e-12  2.44814e-12  2.44814e-12  1.27240e-37
6.480450769e-01  2.4595932e-12  2.45959e-12  2.45959e-12  1.80598e-37
6.512853022e-01  2.4708769e-12  2.47088e-12  2.47088e-12  2.55866e-37
6.545417288e-01  2.4819916e-12  2.48199e-12  2.48199e-12  3.61849e-37
6.578144374e-01  2.4929359e-12  2.49294e-12  2.49294e-12  5.10813e-37
6.611035096e-01  2.5037085e-12  2.50371e-12  2.50371e-12  7.19811e-37
6.644090271e-01  2.5143079e-12  2.51431e-12  2.51431e-12  1.01252e-36
6.677310723e-01  2.5247330e-12  2.52473e-12  2.52473e-12  1.42173e-36
6.710697276e-01  2.5349824e-12  2.53498e-12  2.53498e-12  1.99280e-36
6.744250763e-01  2.5450550e-12  2.54506e-12  2.54506e-12  2.78837e-36
6.777972017e-01  2.5549497e-12  2.55495e-12  2.55495e-12  3.89474e-36
6.811861877e-01  2.5646654e-12  2.56467e-12  2.56467e-12  5.43066e-36
6.845921186e-01  2.5742010e-12  2.57420e-12  2.57420e-12  7.55920e-36
6.880150792e-01  2.5835556e-12  2.58356e-12  2.58356e-12  1.05039e-35
6.914551546e-01  2.5927282e-12  2.59273e-12  2.59273e-12  1.45709e-35
6.949124304e-01  2.6017180e-12  2.60172e-12  2.60172e-12  2.01780e-35
6.983869925e-01  2.6105241e-12  2.61052e-12  2.61052e-12  2.78957e-35
7.018789275e-01  2.6191458e-12  2.61915e-12  2.61915e-12  3.85001e-35
7.053883221e-01  2.6275822e-12  2.62758e-12  2.62758e-12  5.30469e-35
7.089152637e-01  2.6358328e-12  2.63583e-12  2.63583e-12  7.29679e-35
7.124598400e-01  2.6438969e-12  2.64390e-12  2.64390e-12  1.00204e-34
7.160221392e-01  2.6517739e-12  2.65177e-12  2.65177e-12  1.37378e-34
7.196022499e-01  2.6594632e-12  2.65946e-12  2.65946e-12  1.88034e-34
7.232002612e-01  2.6669645e-12  2.66696e-12  2.66696e-12  2.56948e-34
7.268162625e-01  2.6742771e-12  2.67428e-12  2.67428e-12  3.50548e-34
7.304503438e-01  2.6814008e-12  2.68140e-12  2.68140e-12  4.77469e-34
7.341025955e-01  2.6883352e-12  2.68834e-12  2.68834e-12  6.49298e-34
7.377731085e-01  2.6950800e-12  2.69508e-12  2.69508e-12  8.81548e-34
7.414619740e-01  2.7016349e-12  2.70163e-12  2.70163e-12  1.19496e-33
7.451692839e-01  2.7079997e-12  2.70800e-12  2.70800e-12  1.61724e-33
7.488951303e-01  2.7141743e-12  2.71417e-12  2.71417e-12  2.18528e-33
7.526396060e-01  2.7201585e-12  2.72016e-12  2.72016e-12  2.94820e-33
7.564028040e-01  2.7259523e-12  2.72595e-12  2.72595e-12  3.97126e-33
7.601848180e-01  2.7315557e-12  2.73156e-12  2.73156e-12  5.34101e-33
7.639857421e-01  2.7369686e-12  2.73697e-12  2.73697e-12  7.17210e-33
7.678056708e-01  2.7421911e-12  2.74219e-12  2.74219e-12  9.61611e-33
7.716446992e-01  2.7472233e-12  2.74722e-12  2.74722e-12  1.28732e-32
7.755029227e-01  2.7520654e-12  2.75207e-12  2.75207e-12  1.72073e-32
7.793804373e-01  2.7567175e-12  2.75672e-12  2.75672e-12  2.29656e-32
7.832773395e-01  2.7611798e-12  2.76118e-12  2.76118e-12  3.06046e-32
7.871937262e-01  2.7654527e-12  2.76545e-12  2.76545e-12  4.07233e-32
7.911296948e-01  2.7695365e-12  2.76954e-12  2.76954e-12  5.41066e-32
7.950853433e-01  2.7734314e-12  2.77343e-12  2.77343e-12  7.17812e-32
7.990607700e-01  2.7825818e-12  2.78258e-12  2.78258e-12  9.50346e-32
8.030560739e-01  2.7692592e-12  2.76926e-12  2.76926e-12  1.25928e-31
8.070713542e-01  2.7531037e-12  2.75310e-12  2.75310e-12  1.66663e-31
8.111067110e-01  2.7254184e-12  2.72542e-12  2.72542e-12  2.20510e-31
8.151622446e-01  2.7050658e-12  2.70507e-12  2.70507e-12  2.91102e-31
8.192380558e-01  2.6841119e-12  2.68411e-12  2.68411e-12  3.83750e-31
8.233342461e-01  2.6723997e-12  2.67240e-12  2.67240e-12  5.04668e-31
8.274509173e-01  2.6759419e-12  2.67594e-12  2.67594e-12  6.61691e-31
8.315881719e-01  2.6634673e-12  2.66347e-12  2.66347e-12  8.67738e-31
8.357461127e-01  2.6476753e-12  2.64768e-12  2.64768e-12  1.13669e-30
8.399248433e-01  2.6314364e-12  2.63144e-12  2.63144e-12  1.48695e-30
8.441244675e-01  2.6183791e-12  2.61838e-12  2.61838e-12  1.94174e-30
8.483450899e-01  2.6035108e-12  2.60351e-12  2.60351e-12  2.53251e-30
8.525868153e-01  2.5868326e-12  2.58683e-12  2.58683e-12  3.29897e-30
8.568497494e-01  2.5684717e-12  2.56847e-12  2.56847e-12  4.29209e-30
8.611339981e-01  2.5530638e-12  2.55306e-12  2.55306e-12  5.57475e-30
8.654396681e-01  2.5344787e-12  2.53448e-12  2.53448e-12  7.23299e-30
8.697668665e-01  2.5171032e-12  2.51710e-12  2.51710e-12  9.37039e-30
8.741157008e-01  2.4961813e-12  2.49618e-12  2.49618e-12  1.21270e-29
8.784862793e-01  2.4786079e-12  2.47861e-12  2.47861e-12  1.56680e-29
8.828787107e-01  2.4596266e-12  2.45963e-12  2.45963e-12  2.02182e-29
8.872931042e-01  2.4378634e-12  2.43786e-12  2.43786e-12  2.60618e-29
8.917295698e-01  2.4174581e-12  2.41746e-12  2.41746e-12  3.35447e-29
8.961882176e-01  2.3975380e-12  2.39754e-12  2.39754e-12  4.31163e-29
9.006691587e-01  2.3730976e-12  2.37310e-12  2.37310e-12  5.53699e-29
9.051725045e-01  2.3507811e-12  2.35078e-12  2.35078e-12  7.09970e-29
9.096983670e-01  2.3239577e-12  2.32396e-12  2.32396e-12  9.09549e-29
9.142468589e-01  2.2983927e-12  2.29839e-12  2.29839e-12  1.16356e-28
9.188180931e-01  2.2713386e-12  2.27134e-12  2.27134e-12  1.48678e-28
9.234121836e-01  2.2428029e-12  2.24280e-12  2.24280e-12  1.89761e-28
9.280292445e-01  2.2136678e-12  2.21367e-12  2.21367e-12  2.41896e-28
9.326693908e-01  2.1829413e-12  2.18294e-12  2.18294e-12  3.08007e-28
9.373327377e-01  2.1510065e-12  2.15101e-12  2.15101e-12  3.91731e-28
9.420194014e-01  2.1171240e-12  2.11712e-12  2.11712e-12  4.97673e-28
9.467294984e-01  2.0840449e-12  2.08404e-12  2.08404e-12  6.31417e-28
9.514631459e-01  2.0490351e-12  2.04904e-12  2.04904e-12  8.00246e-28
9.562204616e-01  2.0147173e-12  2.01472e-12  2.01472e-12  1.01288e-27
9.610015639e-01  1.9791083e-12  1.97911e-12  1.97911e-12  1.28057e-27
9.658065718e-01  1.9437072e-12  1.94371e-12  1.94371e-12  1.61697e-27
9.706356046e-01  1.9097595e-12  1.90976e-12  1.90976e-12  2.03895e-27
9.754887826e-01  1.8744184e-12  1.87442e-12  1.87442e-12  2.56825e-27
9.803662265e-01  1.8416526e-12  1.84165e-12  1.84165e-12  3.23021e-27
9.852680577e-01  1.8100998e-12  1.81010e-12  1.81010e-12  4.05741e-27
9.901943980e-01  1.7788975e-12  1.77890e-12  1.77890e-12  5.09014e-27
9.951453700e-01  1.7479264e-12  1.74793e-12  1.74793e-12  6.37794e-27
1.000121097e+00  1.7194055e-12  1.71941e-12  1.71941e-12  7.98019e-27
1.005121702e+00  1.6933294e-12  1.69333e-12  1.69333e-12  9.97084e-27
1.010147311e+00  1.6682198e-12  1.66822e-12  1.66822e-12  1.24422e-26
1.015198047e+00  1.6450565e-12  1.64506e-12  1.64506e-12  1.55052e-26
1.020274038e+00  1.6229783e-12  1.62298e-12  1.62298e-12  1.92977e-26
1.025375408e+00  1.6046696e-12  1.60467e-12  1.60467e-12  2.39815e-26
1.030502285e+00  1.5881646e-12  1.58816e-12  1.58816e-12  2.97628e-26
1.035654796e+00  1.5735786e-12  1.57358e-12  1.57358e-12  3.68887e-26
1.040833070e+00  1.5621184e-12  1.56212e-12  1.56212e-12  4.56551e-26
1.046037236e+00  1.5521931e-12  1.55219e-12  1.55219e-12  5.64324e-26
1.051267422e+00  1.5453687e-12  1.54537e-12  1.54537e-12  6.96546e-26
1.056523759e+00  1.5410248e-12  1.54102e-12  1.54102e-12  8.58578e-26
1.061806378e+00  1.5391477e-12  1.53915e-12  1.53915e-12  1.05687e-25
1.067115410e+00  1.5400838e-12  1.54008e-12  1.54008e-12  1.29916e-25
1.072450987e+00  1.5435755e-12  1.54358e-12  1.54358e-12  1.59483e-25
1.077813242e+00  1.5505644e-12  1.55056e-12  1.55056e-12  1.95497e-25
1.083202308e+00  1.5589955e-12  1.55900e-12  1.55900e-12  2.39345e-25
1.088618319e+00  1.5699311e-12  1.56993e-12  1.56993e-12  2.92636e-25
1.094061411e+00  1.5827578e-12  1.58276e-12  1.58276e-12  3.57334e-25
1.099531718e+00  1.5963925e-12  1.59639e-12  1.59639e-12  4.35826e-25
1.105029377e+00  1.6116563e-12  1.61166e-12  1.61166e-12  5.30897e-25
1.110554523e+00  1.6272360e-12  1.62724e-12  1.62724e-12  6.45985e-25
1.116107296e+00  1.6433622e-12  1.64336e-12  1.64336e-12  7.85132e-25
1.121687832e+00  1.6592059e-12  1.65921e-12  1.65921e-12  9.53254e-25
1.127296272e+00  1.6755871e-12  1.67559e-12  1.67559e-12  1.15608e-24
1.132932753e+00  1.6906284e-12  1.69063e-12  1.69063e-12  1.40074e-24
1.138597417e+00  1.7044545e-12  1.70445e-12  1.70445e-12  1.69561e-24
1.144290404e+00  1.7183518e-12  1.71835e-12  1.71835e-12  2.05036e-24
1.150011856e+00  1.7304621e-12  1.73046e-12  1.73046e-12  2.47718e-24
1.155761915e+00  1.7417230e-12  1.74172e-12  1.74172e-12  2.99000e-24
1.161540725e+00  1.7526010e-12  1.75260e-12  1.75260e-12  3.60538e-24
1.167348428e+00  1.7622925e-12  1.76229e-12  1.76229e-12  4.34346e-24
1.173185171e+00  1.7711500e-12  1.77115e-12  1.77115e-12  5.22771e-24
1.179051096e+00  1.7787219e-12  1.77872e-12  1.77872e-12  6.28641e-24
1.184946352e+00  1.7854742e-12  1.78547e-12  1.78547e-12  7.55249e-24
1.190871084e+00  1.7916400e-12  1.79164e-12  1.79164e-12  9.06497e-24
1.196825439e+00  1.7975633e-12  1.79756e-12  1.79756e-12  1.08697e-23
1.202809566e+00  1.8036970e-12  1.80370e-12  1.80370e-12  1.30204e-23
1.208823614e+00  1.8092498e-12  1.80925e-12  1.80925e-12  1.55822e-23
1.214867732e+00  1.8144506e-12  1.81445e-12  1.81445e-12  1.86302e-23
1.220942071e+00  1.8196371e-12  1.81964e-12  1.81964e-12  2.22526e-23
1.227046781e+00  1.8251427e-12  1.82514e-12  1.82514e-12  2.65524e-23
1.233182015e+00  1.8310744e-12  1.83107e-12  1.83107e-12  3.16506e-23
1.239347925e+00  1.8372052e-12  1.83721e-12  1.83721e-12  3.76904e-23
1.245544665e+00  1.8439731e-12  1.84397e-12  1.84397e-12  4.48363e-23
1.251772388e+00  1.8510405e-12  1.85104e-12  1.85104e-12  5.32839e-23
1.258031250e+00  1.8591699e-12  1.85917e-12  1.85917e-12  6.32550e-23
1.264321406e+00  1.8675842e-12  1.86758e-12  1.86758e-12  7.50181e-23
1.270643013e+00  1.8770404e-12  1.87704e-12  1.87704e-12  8.88738e-23
1.276996228e+00  1.8867667e-12  1.88677e-12  1.88677e-12  1.05186e-22
1.283381209e+00  1.8974064e-12  1.89741e-12  1.89741e-12  1.24361e-22
1.289798116e+00  1.9091629e-12  1.90916e-12  1.90916e-12  1.46875e-22
1.296247106e+00  1.9218071e-12  1.92181e-12  1.92181e-12  1.73286e-22
1.302728342e+00  1.9353269e-12  1.93533e-12  1.93533e-12  2.04233e-22
1.309241983e+00  1.9500291e-12  1.95003e-12  1.95003e-12  2.40451e-22
1.315788193e+00  1.9656856e-12  1.96569e-12  1.96569e-12  2.82797e-22
1.322367134e+00  1.9815434e-12  1.98154e-12  1.98154e-12  3.32284e-22
1.328978970e+00  1.9985440e-12  1.99854e-12  1.99854e-12  3.90018e-22
1.335623865e+00  2.0159375e-12  2.01594e-12  2.01594e-12  4.57339e-22
1.342301984e+00  2.0341336e-12  2.03413e-12  2.03413e-12  5.35738e-22
1.349013494e+00  2.0530154e-12  2.05302e-12  2.05302e-12  6.26949e-22
1.355758561e+00  2.0728818e-12  2.07288e-12  2.07288e-12  7.32932e-22
1.362537354e+00  2.0943361e-12  2.09434e-12  2.09434e-12  8.55884e-22
1.369350041e+00  2.1153012e-12  2.11530e-12  2.11530e-12  9.98610e-22
1.376196791e+00  2.1359839e-12  2.13598e-12  2.13598e-12  1.16412e-21
1.383077775e+00  2.1585223e-12  2.15852e-12  2.15852e-12  1.35552e-21
1.389993164e+00  2.1808611e-12  2.18086e-12  2.18086e-12  1.57701e-21
1.396943130e+00  2.2032006e-12  2.20320e-12  2.20320e-12  1.83303e-21
1.403927846e+00  2.2258384e-12  2.22584e-12  2.22584e-12  2.12862e-21
1.410947485e+00  2.2491667e-12  2.24917e-12  2.24917e-12  2.46945e-21
1.418002222e+00  2.2725745e-12  2.27257e-12  2.27257e-12  2.86226e-21
1.425092233e+00  2.2954608e-12  2.29546e-12  2.29546e-12  3.31483e-21
1.432217694e+00  2.3183223e-12  2.31832e-12  2.31832e-12  3.83556e-21
1.439378783e+00  2.3410565e-12  2.34106e-12  2.34106e-12  4.43425e-21
1.446575677e+00  2.3636608e-12  2.36366e-12  2.36366e-12  5.12196e-21
1.453808555e+00  2.3863276e-12  2.38633e-12  2.38633e-12  5.91108e-21
1.461077598e+00  2.4081785e-12  2.40818e-12  2.40818e-12  6.81657e-21
1.468382986e+00  2.4292203e-12  2.42922e-12  2.42922e-12  7.85481e-21
1.475724901e+00  2.4497484e-12  2.44975e-12  2.44975e-12  9.04399e-21
1.483103525e+00  2.4695743e-12  2.46957e-12  2.46957e-12  1.04053e-20
1.490519043e+00  2.4876561e-12  2.48766e-12  2.48766e-12  1.19641e-20
1.497971638e+00  2.5061947e-12  2.50619e-12  2.50619e-12  1.37439e-20
1.505461496e+00  2.5236705e-12  2.52367e-12  2.52367e-12  1.57775e-20
1.512988804e+00  2.5398129e-12  2.53981e-12  2.53981e-12  1.81003e-20
1.520553748e+00  2.5549179e-12  2.55492e-12  2.55492e-12  2.07507e-20
1.528156517e+00  2.5690899e-12  2.56909e-12  2.56909e-12  2.37728e-20
1.535797299e+00  2.5818766e-12  2.58188e-12  2.58188e-12  2.72181e-20
1.543476286e+00  2.5928345e-12  2.59283e-12  2.59283e-12  3.11459e-20
1.551193667e+00  2.6027207e-12  2.60272e-12  2.60272e-12  3.56172e-20
1.558949636e+00  2.6124604e-12  2.61246e-12  2.61246e-12  4.06985e-20
1.566744384e+00  2.6204198e-12  2.62042e-12  2.62042e-12  4.64802e-20
1.574578106e+00  2.6270746e-12  2.62707e-12  2.62707e-12  5.30518e-20
1.582450996e+00  2.6321727e-12  2.63217e-12  2.63217e-12  6.05194e-20
1.590363251e+00  2.6356463e-12  2.63565e-12  2.63565e-12  6.90020e-20
1.598315067e+00  2.6387632e-12  2.63876e-12  2.63876e-12  7.86171e-20
1.606306643e+00  2.6407312e-12  2.64073e-12  2.64073e-12  8.95193e-20
1.614338176e+00  2.6406864e-12  2.64069e-12  2.64069e-12  1.01889e-19
1.622409867e+00  2.6397968e-12  2.63980e-12  2.63980e-12  1.15895e-19
1.630521916e+00  2.6380746e-12  2.63807e-12  2.63807e-12  1.31747e-19
1.638674526e+00  2.6351854e-12  2.63519e-12  2.63519e-12  1.49683e-19
1.646867898e+00  2.6314054e-12  2.63141e-12  2.63141e-12  1.69960e-19
1.655102238e+00  2.6265767e-12  2.62658e-12  2.62658e-12  1.92877e-19
1.663377749e+00  2.6211419e-12  2.62114e-12  2.62114e-12  2.18746e-19
1.671694638e+00  2.6147712e-12  2.61477e-12  2.61477e-12  2.47945e-19
1.680053111e+00  2.6078169e-12  2.60782e-12  2.60782e-12  2.80867e-19
1.688453377e+00  2.6002885e-12  2.60029e-12  2.60029e-12  3.17965e-19
1.696895643e+00  2.5918615e-12  2.59186e-12  2.59186e-12  3.59764e-19
1.705380122e+00  2.5827168e-12  2.58272e-12  2.58272e-12  4.06822e-19
1.713907022e+00  2.5736094e-12  2.57361e-12  2.57361e-12  4.59711e-19
1.722476557e+00  2.5636361e-12  2.56364e-12  2.56364e-12  5.19195e-19
1.731088940e+00  2.5536280e-12  2.55363e-12  2.55363e-12  5.85974e-19
1.739744385e+00  2.5430993e-12  2.54310e-12  2.54310e-12  6.60950e-19
1.748443107e+00  2.5321398e-12  2.53214e-12  2.53214e-12  7.45069e-19
1.757185322e+00  2.5209182e-12  2.52092e-12  2.52092e-12  8.39365e-19
1.765971249e+00  2.5095992e-12  2.50960e-12  2.50960e-12  9.44975e-19
1.774801105e+00  2.4979472e-12  2.49795e-12  2.49795e-12  1.06323e-18
1.783675111e+00  2.4862842e-12  2.48628e-12  2.48628e-12  1.19548e-18
1.792593486e+00  2.4744545e-12  2.47445e-12  2.47445e-12  1.34334e-18
1.801556454e+00  2.4624617e-12  2.46246e-12  2.46246e-12  1.50854e-18
1.810564236e+00  2.4503097e-12  2.45031e-12  2.45031e-12  1.69299e-18
1.819617057e+00  2.4380020e-12  2.43800e-12  2.43800e-12  1.89882e-18
1.828715142e+00  2.4256958e-12  2.42570e-12  2.42569e-12  2.12830e-18
1.837858718e+00  2.4131632e-12  2.41316e-12  2.41316e-12  2.38408e-18
1.847048012e+00  2.4009399e-12  2.40094e-12  2.40094e-12  2.66873e-18
1.856283252e+00  2.3886447e-12  2.38864e-12  2.38864e-12  2.98551e-18
1.865564668e+00  2.3765045e-12  2.37650e-12  2.37650e-12  3.33767e-18
1.874892491e+00  2.3643687e-12  2.36437e-12  2.36436e-12  3.72902e-18
1.884266954e+00  2.3517202e-12  2.35172e-12  2.35172e-12  4.16407e-18
1.893688289e+00  2.3388634e-12  2.33886e-12  2.33886e-12  4.64717e-18
1.903156730e+00  2.3259495e-12  2.32595e-12  2.32594e-12  5.18317e-18
1.912672514e+00  2.3130532e-12  2.31305e-12  2.31305e-12  5.77742e-18
1.922235876e+00  2.3008979e-12  2.30090e-12  2.30089e-12  6.43489e-18
1.931847056e+00  2.2887532e-12  2.28875e-12  2.28875e-12  7.16279e-18
1.941506291e+00  2.2767627e-12  2.27676e-12  2.27675e-12  7.96794e-18
1.951213822e+00  2.2650664e-12  2.26507e-12  2.26506e-12  8.85770e-18
1.960969892e+00  2.2531665e-12  2.25317e-12  2.25316e-12  9.84130e-18
1.970774741e+00  2.2413479e-12  2.24135e-12  2.24134e-12  1.09274e-17
1.980628615e+00  2.2295406e-12  2.22954e-12  2.22953e-12  1.21261e-17
1.990531758e+00  2.2177453e-12  2.21775e-12  2.21773e-12  1.34484e-17
2.000484417e+00  2.2061691e-12  2.20617e-12  2.20615e-12  1.49053e-17
2.010486839e+00  2.1946723e-12  2.19467e-12  2.19466e-12  1.65101e-17
2.020539273e+00  2.1833223e-12  2.18332e-12  2.18330e-12  1.82764e-17
2.030641969e+00  2.1719148e-12  2.17191e-12  2.17189e-12  2.02202e-17
2.040795179e+00  2.1605189e-12  2.16052e-12  2.16050e-12  2.23577e-17
2.050999155e+00  2.1490687e-12  2.14907e-12  2.14904e-12  2.47073e-17
2.061254151e+00  2.1376326e-12  2.13763e-12  2.13761e-12  2.72882e-17
2.071560421e+00  2.1262111e-12  2.12621e-12  2.12618e-12  3.01215e-17
2.081918224e+00  2.1150665e-12  2.11507e-12  2.11503e-12  3.32280e-17
2.092327815e+00  2.1037399e-12  2.10374e-12  2.10370e-12  3.66359e-17
2.102789454e+00  2.0927520e-12  2.09275e-12  2.09271e-12  4.03675e-17
2.113303401e+00  2.0817766e-12  2.08178e-12  2.08173e-12  4.44543e-17
2.123869918e+00  2.0706234e-12  2.07062e-12  2.07057e-12  4.89298e-17
2.134489268e+00  2.0594232e-12  2.05942e-12  2.05937e-12  5.38267e-17
2.145161714e+00  2.0483040e-12  2.04830e-12  2.04824e-12  5.91802e-17
2.155887523e+00  2.0370775e-12  2.03708e-12  2.03701e-12  6.50324e-17
2.166666960e+00  2.0259953e-12  2.02600e-12  2.02592e-12  7.14221e-17
2.177500295e+00  2.0148089e-12  2.01481e-12  2.01473e-12  7.83993e-17
2.188387796e+00  2.0037665e-12  2.00377e-12  2.00368e-12  8.60091e-17
2.199329735e+00  1.9925618e-12  1.99256e-12  1.99247e-12  9.43109e-17
2.210326384e+00  1.9816830e-12  1.98168e-12  1.98158e-12  1.03351e-16
2.221378016e+00  1.9707641e-12  1.97076e-12  1.97065e-12  1.13199e-16
2.232484906e+00  1.9598668e-12  1.95987e-12  1.95974e-12  1.23919e-16
2.243647331e+00  1.9487547e-12  1.94875e-12  1.94862e-12  1.35592e-16
2.254865567e+00  1.9377273e-12  1.93773e-12  1.93758e-12  1.48284e-16
2.266139895e+00  1.9267258e-12  1.92673e-12  1.92656e-12  1.62079e-16
2.277470595e+00  1.9156344e-12  1.91563e-12  1.91546e-12  1.77070e-16
2.288857948e+00  1.9047447e-12  1.90474e-12  1.90455e-12  1.93340e-16
2.300302237e+00  1.8938817e-12  1.89388e-12  1.89367e-12  2.10996e-16
2.311803748e+00  1.8832737e-12  1.88327e-12  1.88304e-12  2.30132e-16
2.323362767e+00  1.8728601e-12  1.87286e-12  1.87261e-12  2.50866e-16
2.334979581e+00  1.8620207e-12  1.86202e-12  1.86175e-12  2.73361e-16
2.346654479e+00  1.8510999e-12  1.85110e-12  1.85080e-12  2.97732e-16
2.358387751e+00  1.8403771e-12  1.84038e-12  1.84005e-12  3.24098e-16
2.370179690e+00  1.8295748e-12  1.82957e-12  1.82922e-12  3.52634e-16
2.382030589e+00  1.8186413e-12  1.81864e-12  1.81826e-12  3.83508e-16
2.393940742e+00  1.8077972e-12  1.80780e-12  1.80738e-12  4.16874e-16
2.405910445e+00  1.7969884e-12  1.79699e-12  1.79654e-12  4.52920e-16
2.417939997e+00  1.7861084e-12  1.78611e-12  1.78562e-12  4.91856e-16
2.430029697e+00  1.7751070e-12  1.77511e-12  1.77457e-12  5.33903e-16
2.442179846e+00  1.7640935e-12  1.76409e-12  1.76351e-12  5.79273e-16
2.454390745e+00  1.7528078e-12  1.75281e-12  1.75218e-12  6.28252e-16
2.466662699e+00  1.7415691e-12  1.74157e-12  1.74089e-12  6.81045e-16
2.478996012e+00  1.7303779e-12  1.73038e-12  1.72964e-12  7.37922e-16
2.491390992e+00  1.7193885e-12  1.71939e-12  1.71859e-12  7.99134e-16
2.503847947e+00  1.7083947e-12  1.70839e-12  1.70753e-12  8.65027e-16
2.516367187e+00  1.6974487e-12  1.69745e-12  1.69651e-12  9.35913e-16
2.528949023e+00  1.6866012e-12  1.68660e-12  1.68559e-12  1.01212e-15
2.541593768e+00  1.6757522e-12  1.67575e-12  1.67466e-12  1.09404e-15
2.554301737e+00  1.6652001e-12  1.66520e-12  1.66402e-12  1.18195e-15
2.567073246e+00  1.6544002e-12  1.65440e-12  1.65312e-12  1.27645e-15
2.579908612e+00  1.6433106e-12  1.64331e-12  1.64193e-12  1.37802e-15
2.592808155e+00  1.6323267e-12  1.63233e-12  1.63084e-12  1.48698e-15
2.605772196e+00  1.6212077e-12  1.62121e-12  1.61960e-12  1.60391e-15
2.618801057e+00  1.6097201e-12  1.60972e-12  1.60799e-12  1.72950e-15
2.631895062e+00  1.5981581e-12  1.59816e-12  1.59629e-12  1.86416e-15
2.645054537e+00  1.5863372e-12  1.58634e-12  1.58433e-12  2.00862e-15
2.658279810e+00  1.5744989e-12  1.57450e-12  1.57234e-12  2.16338e-15
2.671571209e+00  1.5609317e-12  1.56093e-12  1.55860e-12  2.33040e-15
2.684929065e+00  1.5414455e-12  1.54145e-12  1.53893e-12  2.51416e-15
2.698353710e+00  1.5048538e-12  1.50485e-12  1.50213e-12  2.72659e-15
2.711845479e+00  1.4663101e-12  1.46631e-12  1.46335e-12  2.95779e-15
2.725404706e+00  1.4342312e-12  1.43423e-12  1.43103e-12  3.20070e-15
2.739031730e+00  1.3991521e-12  1.39915e-12  1.39569e-12  3.46572e-15
2.752726889e+00  1.3650020e-12  1.36500e-12  1.36125e-12  3.75023e-15
2.766490523e+00  1.3389367e-12  1.33894e-12  1.33489e-12  4.04601e-15
2.780322976e+00  1.3150652e-12  1.31507e-12  1.31070e-12  4.36046e-15
2.794224591e+00  1.2934745e-12  1.29347e-12  1.28878e-12  4.69418e-15
2.808195713e+00  1.2777738e-12  1.27777e-12  1.27273e-12  5.04186e-15
2.822236692e+00  1.2684329e-12  1.26843e-12  1.26303e-12  5.40187e-15
2.836347875e+00  1.2568424e-12  1.25684e-12  1.25105e-12  5.78970e-15
2.850529615e+00  1.2478055e-12  1.24781e-12  1.24161e-12  6.19769e-15
2.864782263e+00  1.2386819e-12  1.23868e-12  1.23205e-12  6.63207e-15
2.879106174e+00  1.2296838e-12  1.22968e-12  1.22259e-12  7.09388e-15
2.893501705e+00  1.2210581e-12  1.22106e-12  1.21347e-12  7.58398e-15
2.907969214e+00  1.2127996e-12  1.21280e-12  1.20470e-12  8.10385e-15
2.922509060e+00  1.2049439e-12  1.20494e-12  1.19629e-12  8.65487e-15
2.937121605e+00  1.1972043e-12  1.19720e-12  1.18796e-12  9.23949e-15
2.951807213e+00  1.1905372e-12  1.19054e-12  1.18068e-12  9.85616e-15
2.966566249e+00  1.1843286e-12  1.18433e-12  1.17382e-12  1.05083e-14
2.981399080e+00  1.1787281e-12  1.17873e-12  1.16753e-12  1.11969e-14
2.996306076e+00  1.1736860e-12  1.17369e-12  1.16176e-12  1.19237e-14
3.011287606e+00  1.1683441e-12  1.16834e-12  1.15565e-12  1.26943e-14
3.026344044e+00  1.1628280e-12  1.16283e-12  1.14932e-12  1.35106e-14
3.041475764e+00  1.1569558e-12  1.15696e-12  1.14258e-12  1.43760e-14
3.056683143e+00  1.1503636e-12  1.15036e-12  1.13507e-12  1.52955e-14
3.071966559e+00  1.1432226e-12  1.14322e-12  1.12695e-12  1.62714e-14
3.087326392e+00  1.1361808e-12  1.13618e-12  1.11888e-12  1.73031e-14
3.102763024e+00  1.1299758e-12  1.12998e-12  1.11159e-12  1.83878e-14
3.118276839e+00  1.1245195e-12  1.12452e-12  1.10499e-12  1.95281e-14
3.133868223e+00  1.1192565e-12  1.11926e-12  1.09853e-12  2.07304e-14
3.149537564e+00  1.1141155e-12  1.11412e-12  1.09212e-12  2.19982e-14
3.165285252e+00  1.1089924e-12  1.10899e-12  1.08566e-12  2.33354e-14
3.181111678e+00  1.1041389e-12  1.10414e-12  1.07940e-12  2.47428e-14
3.197017237e+00  1.0993793e-12  1.09938e-12  1.07315e-12  2.62255e-14
3.213002323e+00  1.0943361e-12  1.09434e-12  1.06655e-12  2.77911e-14
3.229067334e+00  1.0893664e-12  1.08937e-12  1.05993e-12  2.94398e-14
3.245212671e+00  1.0841682e-12  1.08417e-12  1.05299e-12  3.11794e-14
3.261438734e+00  1.0783831e-12  1.07838e-12  1.04536e-12  3.30198e-14
3.277745928e+00  1.0723014e-12  1.07230e-12  1.03734e-12  3.49628e-14
3.294134658e+00  1.0655739e-12  1.06557e-12  1.02855e-12  3.70196e-14
3.310605331e+00  1.0579961e-12  1.05800e-12  1.01880e-12  3.92008e-14
3.327158358e+00  1.0502189e-12  1.05022e-12  1.00872e-12  4.15030e-14
3.343794149e+00  1.0416119e-12  1.04161e-12  9.97667e-13  4.39449e-14
3.360513120e+00  1.0315362e-12  1.03154e-12  9.84987e-13  4.65494e-14
3.377315686e+00  1.0212166e-12  1.02122e-12  9.71915e-13  4.93020e-14
3.394202264e+00  1.0153211e-12  1.01532e-12  9.63220e-13  5.21006e-14
3.411173276e+00  1.0041866e-12  1.00419e-12  9.49010e-13  5.51766e-14
3.428229142e+00  1.0035361e-12  1.00354e-12  9.45396e-13  5.81398e-14
3.445370288e+00  1.0036823e-12  1.00368e-12  9.42461e-13  6.12217e-14
3.462597139e+00  1.0002894e-12  1.00029e-12  9.35733e-13  6.45563e-14
3.479910125e+00  9.9377041e-13  9.93770e-13  9.25613e-13  6.81575e-14
3.497309675e+00  9.8594933e-13  9.85949e-13  9.13960e-13  7.19894e-14
3.514796224e+00  9.8494541e-13  9.84945e-13  9.09175e-13  7.57709e-14
3.532370205e+00  9.8316384e-13  9.83164e-13  9.03402e-13  7.97618e-14
3.550032056e+00  9.7894624e-13  9.78946e-13  8.94901e-13  8.40452e-14
3.567782216e+00  9.7442946e-13  9.74429e-13  8.85875e-13  8.85544e-14
3.585621127e+00  9.6966726e-13  9.69667e-13  8.76367e-13  9.33000e-14
3.603549233e+00  9.6468476e-13  9.64685e-13  8.66391e-13  9.82941e-14
3.621566979e+00  9.5945248e-13  9.59452e-13  8.55900e-13  1.03552e-13
3.639674814e+00  9.5429744e-13  9.54297e-13  8.45226e-13  1.09071e-13
3.657873188e+00  9.4969483e-13  9.49695e-13  8.34859e-13  1.14836e-13
3.676162554e+00  9.4556747e-13  9.45567e-13  8.24709e-13  1.20859e-13
3.694543367e+00  9.4110679e-13  9.41107e-13  8.13902e-13  1.27205e-13
3.713016084e+00  9.3658152e-13  9.36582e-13  8.02707e-13  1.33875e-13
3.731581164e+00  9.3255716e-13  9.32557e-13  7.91714e-13  1.40843e-13
3.750239070e+00  9.2886417e-13  9.28864e-13  7.80730e-13  1.48135e-13
3.768990265e+00  9.2531740e-13  9.25317e-13  7.69537e-13  1.55780e-13
3.787835216e+00  9.2223565e-13  9.22236e-13  7.58467e-13  1.63768e-13
3.806774393e+00  9.1975217e-13  9.19752e-13  7.47653e-13  1.72099e-13
3.825808265e+00  9.1842585e-13  9.18426e-13  7.37699e-13  1.80727e-13
3.844937306e+00  9.1852469e-13  9.18525e-13  7.28901e-13  1.89624e-13
3.864161992e+00  9.1950726e-13  9.19507e-13  7.20660e-13  1.98847e-13
3.883482802e+00  9.2099962e-13  9.21000e-13  7.12550e-13  2.08449e-13
3.902900216e+00  9.2285357e-13  9.22854e-13  7.04390e-13  2.18464e-13
3.922414717e+00  9.2488642e-13  9.24886e-13  6.95952e-13  2.28934e-13
3.942026791e+00  9.2692857e-13  9.26929e-13  6.87018e-13  2.39910e-13
3.961736925e+00  9.2852200e-13  9.28522e-13  6.77027e-13  2.51495e-13
3.981545610e+00  9.2939139e-13  9.29391e-13  6.65609e-13  2.63782e-13
4.001453338e+00  9.3001598e-13  9.30016e-13  6.53268e-13  2.76748e-13
4.021460604e+00  9.3365353e-13  9.33654e-13  6.43838e-13  2.89816e-13
4.041567907e+00  9.4147974e-13  9.41480e-13  6.38797e-13  3.02683e-13
4.061775747e+00  9.4948353e-13  9.49484e-13  6.33381e-13  3.16102e-13
4.082084626e+00  9.5642264e-13  9.56423e-13  6.26030e-13  3.30393e-13
4.102495049e+00  9.6288219e-13  9.62882e-13  6.17381e-13  3.45501e-13
4.123007524e+00  9.6955882e-13  9.69559e-13  6.08242e-13  3.61317e-13
4.143622562e+00  9.7688062e-13  9.76881e-13  5.99114e-13  3.77767e-13
4.164340674e+00  9.8478172e-13  9.84782e-13  5.89882e-13  3.94899e-13
4.185162378e+00  9.9311857e-13  9.93119e-13  5.80324e-13  4.12795e-13
4.206088190e+00  1.0023730e-12  1.00237e-12  5.71037e-13  4.31336e-13
4.227118631e+00  1.0128681e-12  1.01287e-12  5.62443e-13  4.50425e-13
4.248254224e+00  1.0234046e-12  1.02340e-12  5.52879e-13  4.70526e-13
4.269495495e+00  1.0348911e-12  1.03489e-12  5.43541e-13  4.91350e-13
4.290842972e+00  1.0476897e-12  1.04769e-12  5.34929e-13  5.12761e-13
4.312297187e+00  1.0611675e-12  1.06117e-12  5.26114e-13  5.35053e-13
4.333858673e+00  1.0754644e-12  1.07546e-12  5.17254e-13  5.58210e-13
4.355527967e+00  1.0906258e-12  1.09063e-12  5.08373e-13  5.82253e-13
4.377305606e+00  1.1066828e-12  1.10668e-12  4.99473e-13  6.07210e-13
4.399192134e+00  1.1238453e-12  1.12385e-12  4.90851e-13  6.32995e-13
4.421188095e+00  1.1420512e-12  1.14205e-12  4.82375e-13  6.59676e-13
4.443294036e+00  1.1614499e-12  1.16145e-12  4.74272e-13  6.87178e-13
4.465510506e+00  1.1818768e-12  1.18188e-12  4.66227e-13  7.15650e-13
4.487838058e+00  1.2031026e-12  1.20310e-12  4.57751e-13  7.45351e-13
4.510277249e+00  1.2253657e-12  1.22537e-12  4.49200e-13  7.76165e-13
4.532828635e+00  1.2488981e-12  1.24890e-12  4.40977e-13  8.07921e-13
4.555492778e+00  1.2735086e-12  1.27351e-12  4.32640e-13  8.40869e-13
4.578270242e+00  1.2991487e-12  1.29915e-12  4.23977e-13  8.75172e-13
4.601161593e+00  1.3263088e-12  1.32631e-12  4.16049e-13  9.10260e-13
4.624167401e+00  1.3547996e-12  1.35480e-12  4.08414e-13  9.46386e-13
4.647288238e+00  1.3846430e-12  1.38464e-12  4.01105e-13  9.83538e-13
4.670524679e+00  1.4157649e-12  1.41576e-12  3.93869e-13  1.02190e-12
4.693877303e+00  1.4480468e-12  1.44805e-12  3.86197e-13  1.06185e-12
4.717346689e+00  1.4817184e-12  1.48172e-12  3.78680e-13  1.10304e-12
4.740933423e+00  1.5167979e-12  1.51680e-12  3.71297e-13  1.14550e-12
4.764638090e+00  1.5531142e-12  1.55311e-12  3.63020e-13  1.19009e-12
4.788461280e+00  1.5907943e-12  1.59079e-12  3.53800e-13  1.23699e-12
4.812403587e+00  1.6298851e-12  1.62989e-12  3.42780e-13  1.28711e-12
4.836465604e+00  1.6705362e-12  1.67054e-12  3.28632e-13  1.34190e-12
4.860647933e+00  1.7130398e-12  1.71304e-12  3.07879e-13  1.40516e-12
4.884951172e+00  1.7582986e-12  1.75830e-12  2.71912e-13  1.48639e-12
4.909375928e+00  1.8076347e-12  1.80763e-12  2.37390e-13  1.57025e-12
4.933922808e+00  1.8600576e-12  1.86006e-12  2.15365e-13  1.64469e-12
4.958592422e+00  1.9138095e-12  1.91381e-12  2.07425e-13  1.70638e-12
4.983385384e+00  1.9671058e-12  1.96711e-12  2.12991e-13  1.75411e-12
5.008302311e+00  2.0212796e-12  2.02128e-12  2.17907e-13  1.80337e-12
5.033343822e+00  2.0772409e-12  2.07724e-12  2.19251e-13  1.85799e-12
5.058510541e+00  2.1354243e-12  2.13542e-12  2.17381e-13  1.91804e-12
5.083803094e+00  2.1964343e-12  2.19643e-12  2.12116e-13  1.98432e-12
5.109222110e+00  2.2605784e-12  2.26058e-12  2.04112e-13  2.05647e-12
5.134768220e+00  2.3278815e-12  2.32788e-12  1.94361e-13  2.13352e-12
5.160442061e+00  2.3984608e-12  2.39846e-12  1.83324e-13  2.21514e-12
5.186244272e+00  2.4716524e-12  2.47165e-12  1.72557e-13  2.29910e-12
5.212175493e+00  2.5473808e-12  2.54738e-12  1.62213e-13  2.38517e-12
5.238236370e+00  2.6215479e-12  2.62155e-12  1.57666e-13  2.46388e-12
5.264427552e+00  2.6948694e-12  2.69487e-12  1.56701e-13  2.53817e-12
5.290749690e+00  2.7704580e-12  2.77046e-12  1.55068e-13  2.61539e-12
5.317203438e+00  2.8494722e-12  2.84947e-12  1.51752e-13  2.69772e-12
5.343789456e+00  2.9326248e-12  2.93262e-12  1.46467e-13  2.78616e-12
5.370508403e+00  3.0210700e-12  3.02107e-12  1.38640e-13  2.88243e-12
5.397360945e+00  3.1119737e-12  3.11197e-12  1.31159e-13  2.98081e-12
5.424347750e+00  3.2074614e-12  3.20746e-12  1.22376e-13  3.08509e-12
5.451469488e+00  3.3016360e-12  3.30164e-12  1.16841e-13  3.18479e-12
5.478726836e+00  3.3919366e-12  3.39194e-12  1.15751e-13  3.27619e-12
5.506120470e+00  3.4830492e-12  3.48305e-12  1.15369e-13  3.36768e-12
5.533651072e+00  3.5800702e-12  3.58007e-12  1.12525e-13  3.46755e-12
5.561319328e+00  3.6882505e-12  3.68825e-12  1.04662e-13  3.58359e-12
5.589125924e+00  3.8125390e-12  3.81254e-12  8.99702e-14  3.72257e-12
5.617071554e+00  3.9324806e-12  3.93248e-12  7.99593e-14  3.85252e-12
5.645156912e+00  4.0335349e-12  4.03353e-12  8.09653e-14  3.95257e-12
5.673382696e+00  4.1215852e-12  4.12159e-12  8.86699e-14  4.03292e-12
5.701749610e+00  4.2041265e-12  4.20413e-12  9.88207e-14  4.10531e-12
5.730258358e+00  4.2879499e-12  4.28795e-12  1.08228e-13  4.17972e-12
5.758909650e+00  4.3826064e-12  4.38261e-12  1.13206e-13  4.26940e-12
5.787704198e+00  4.4966493e-12  4.49665e-12  1.11141e-13  4.38551e-12
5.816642719e+00  4.6182859e-12  4.61829e-12  1.07200e-13  4.51109e-12
5.845725932e+00  4.7411451e-12  4.74115e-12  1.03819e-13  4.63733e-12
5.874954562e+00  4.8653992e-12  4.86540e-12  1.00884e-13  4.76452e-12
5.904329335e+00  4.9853939e-12  4.98539e-12  1.00109e-13  4.88529e-12
5.933850982e+00  5.1100153e-12  5.11002e-12  9.85765e-14  5.01144e-12
5.963520237e+00  5.2468293e-12  5.24683e-12  9.42273e-14  5.15260e-12
5.993337838e+00  5.3840378e-12  5.38404e-12  9.06463e-14  5.29339e-12
6.023304527e+00  5.4861914e-12  5.48619e-12  9.70480e-14  5.38914e-12
6.053421050e+00  5.5268707e-12  5.52687e-12  1.18872e-13  5.40800e-12
6.083688155e+00  5.5723696e-12  5.57237e-12  1.38235e-13  5.43413e-12
6.114106596e+00  5.6439742e-12  5.64397e-12  1.50422e-13  5.49355e-12
6.144677129e+00  5.7453489e-12  5.74535e-12  1.55395e-13  5.58995e-12
6.175400514e+00  5.8671060e-12  5.86711e-12  1.55961e-13  5.71114e-12
6.206277517e+00  6.0005782e-12  6.00058e-12  1.54394e-13  5.84618e-12
6.237308904e+00  6.1424086e-12  6.14241e-12  1.51596e-13  5.99081e-12
6.268495449e+00  6.2866861e-12  6.28669e-12  1.48834e-13  6.13785e-12
6.299837926e+00  6.4227967e-12  6.42280e-12  1.48062e-13  6.27473e-12
6.331337116e+00  6.5505303e-12  6.55053e-12  1.49106e-13  6.40142e-12
6.362993801e+00  6.6879978e-12  6.68800e-12  1.48673e-13  6.53932e-12
6.394808770e+00  6.8358836e-12  6.83588e-12  1.46803e-13  6.68908e-12
6.426782814e+00  6.9806478e-12  6.98065e-12  1.45800e-13  6.83485e-12
6.458916728e+00  7.1297682e-12  7.12977e-12  1.44426e-13  6.98534e-12
6.491211312e+00  7.2827858e-12  7.28279e-12  1.42787e-13  7.14000e-12
6.523667368e+00  7.4389574e-12  7.43896e-12  1.41017e-13  7.29794e-12
6.556285705e+00  7.5909504e-12  7.59095e-12  1.40146e-13  7.45080e-12
6.589067134e+00  7.7442454e-12  7.74425e-12  1.39350e-13  7.60490e-12
6.622012469e+00  7.9073711e-12  7.90737e-12  1.37519e-13  7.76985e-12
6.655122532e+00  8.0856318e-12  8.08563e-12  1.34092e-13  7.95154e-12
6.688398144e+00  8.2786327e-12  8.27863e-12  1.29271e-13  8.14936e-12
6.721840135e+00  8.4839924e-12  8.48399e-12  1.23477e-13  8.36052e-12
6.755449336e+00  8.7000877e-12  8.70009e-12  1.16992e-13  8.58310e-12
6.789226583e+00  8.9099749e-12  8.90997e-12  1.11752e-13  8.79822e-12
6.823172715e+00  9.0975771e-12  9.09758e-12  1.09359e-13  8.98822e-12
6.857288579e+00  9.2733919e-12  9.27339e-12  1.08474e-13  9.16492e-12
6.891575022e+00  9.4613360e-12  9.46134e-12  1.06573e-13  9.35476e-12
6.926032897e+00  9.6749955e-12  9.67500e-12  1.02435e-13  9.57256e-12
6.960663062e+00  9.8980988e-12  9.89810e-12  9.77888e-14  9.80031e-12
6.995466377e+00  1.0133397e-11  1.01334e-11  9.24364e-14  1.00410e-11
7.030443709e+00  1.0379986e-11  1.03800e-11  8.65269e-14  1.02935e-11
7.065595927e+00  1.0597832e-11  1.05978e-11  8.35471e-14  1.05143e-11
7.100923907e+00  1.0797498e-11  1.07975e-11  8.23692e-14  1.07151e-11
7.136428526e+00  1.1009211e-11  1.10092e-11  8.03982e-14  1.09288e-11
7.172110669e+00  1.1235492e-11  1.12355e-11  7.75047e-14  1.11580e-11
7.207971222e+00  1.1462258e-11  1.14623e-11  7.48413e-14  1.13874e-11
7.244011079e+00  1.1678503e-11  1.16785e-11  7.32057e-14  1.16053e-11
7.280231134e+00  1.1893288e-11  1.18933e-11  7.18613e-14  1.18214e-11
7.316632290e+00  1.2133597e-11  1.21336e-11  6.88978e-14  1.20647e-11
7.353215451e+00  1.2390012e-11  1.23900e-11  6.50897e-14  1.23249e-11
7.389981528e+00  1.2644802e-11  1.26448e-11  6.16813e-14  1.25831e-11
7.426931436e+00  1.2900137e-11  1.29001e-11  5.85040e-14  1.28416e-11
7.464066093e+00  1.3159420e-11  1.31594e-11  5.53294e-14  1.31041e-11
7.501386424e+00  1.3416086e-11  1.34161e-11  5.25594e-14  1.33635e-11
7.538893356e+00  1.3663223e-11  1.36632e-11  5.05734e-14  1.36126e-11
7.576587822e+00  1.3898189e-11  1.38982e-11  4.94634e-14  1.38487e-11
7.614470762e+00  1.4117479e-11  1.41175e-11  4.93574e-14  1.40681e-11
7.652543115e+00  1.4336608e-11  1.43366e-11  4.93280e-14  1.42873e-11
7.690805831e+00  1.4566784e-11  1.45668e-11  4.87705e-14  1.45180e-11
7.729259860e+00  1.4808477e-11  1.48085e-11  4.76993e-14  1.47608e-11
7.767906159e+00  1.5062162e-11  1.50622e-11  4.61285e-14  1.50160e-11
7.806745690e+00  1.5313011e-11  1.53130e-11  4.48258e-14  1.52682e-11
7.845779419e+00  1.5553203e-11  1.55532e-11  4.41463e-14  1.55091e-11
7.885008316e+00  1.5798061e-11  1.57981e-11  4.33258e-14  1.57547e-11
7.924433357e+00  1.6053061e-11  1.60531e-11  4.21237e-14  1.60109e-11
7.964055524e+00  1.6314291e-11  1.63143e-11  4.07416e-14  1.62735e-11
8.003875802e+00  1.6589133e-11  1.65891e-11  3.88718e-14  1.65503e-11
8.043895181e+00  1.6874358e-11  1.68744e-11  3.66866e-14  1.68377e-11
8.084114657e+00  1.7169274e-11  1.71693e-11  3.42379e-14  1.71350e-11
8.124535230e+00  1.7468917e-11  1.74689e-11  3.17458e-14  1.74372e-11
8.165157906e+00  1.7765689e-11  1.77657e-11  2.95136e-14  1.77362e-11
8.205983696e+00  1.8054968e-11  1.80550e-11  2.77015e-14  1.80273e-11
8.247013614e+00  1.8330037e-11  1.83300e-11  2.65326e-14  1.83035e-11
8.288248682e+00  1.8600008e-11  1.86000e-11  2.56283e-14  1.85744e-11
8.329689926e+00  1.8878524e-11  1.88785e-11  2.44814e-14  1.88540e-11
8.371338375e+00  1.9167958e-11  1.91680e-11  2.30251e-14  1.91449e-11
8.413195067e+00  1.9457786e-11  1.94578e-11  2.16397e-14  1.94361e-11
8.455261042e+00  1.9741602e-11  1.97416e-11  2.05341e-14  1.97211e-11
8.497537348e+00  2.0020445e-11  2.00204e-11  1.96553e-14  2.00008e-11
8.540025034e+00  2.0300484e-11  2.03005e-11  1.87909e-14  2.02817e-11
8.582725160e+00  2.0587418e-11  2.05874e-11  1.77615e-14  2.05697e-11
8.625638785e+00  2.0877066e-11  2.08771e-11  1.67049e-14  2.08604e-11
8.668766979e+00  2.1169858e-11  2.11699e-11  1.56097e-14  2.11542e-11
8.712110814e+00  2.1460913e-11  2.14609e-11  1.46203e-14  2.14463e-11
8.755671368e+00  2.1752229e-11  2.17522e-11  1.36722e-14  2.17386e-11
8.799449725e+00  2.2039785e-11  2.20398e-11  1.28747e-14  2.20269e-11
8.843446974e+00  2.2317365e-11  2.23174e-11  1.23872e-14  2.23050e-11
8.887664209e+00  2.2574639e-11  2.25746e-11  1.24651e-14  2.25622e-11
8.932102530e+00  2.2810107e-11  2.28101e-11  1.31108e-14  2.27970e-11
8.976763042e+00  2.3015335e-11  2.30153e-11  1.45028e-14  2.30008e-11
9.021646857e+00  2.3165004e-11  2.31650e-11  1.72267e-14  2.31478e-11
9.066755092e+00  2.3258078e-11  2.32581e-11  2.12223e-14  2.32369e-11
9.112088867e+00  2.3290229e-11  2.32902e-11  2.65109e-14  2.32637e-11
9.157649312e+00  2.3263048e-11  2.32630e-11  3.29705e-14  2.32301e-11
9.203437558e+00  2.3220456e-11  2.32205e-11  3.95109e-14  2.31809e-11
9.249454746e+00  2.3132292e-11  2.31323e-11  4.68019e-14  2.30855e-11
9.295702020e+00  2.2954854e-11  2.29549e-11  5.57584e-14  2.28991e-11
9.342180530e+00  2.2840121e-11  2.28401e-11  6.29769e-14  2.27771e-11
9.388891432e+00  2.2943765e-11  2.29438e-11  6.52432e-14  2.28785e-11
9.435835890e+00  2.3168792e-11  2.31688e-11  6.48654e-14  2.31039e-11
9.483015069e+00  2.3401790e-11  2.34018e-11  6.43135e-14  2.33375e-11
9.530430144e+00  2.3631152e-11  2.36312e-11  6.38291e-14  2.35673e-11
9.578082295e+00  2.3875595e-11  2.38756e-11  6.30402e-14  2.38126e-11
9.625972707e+00  2.4119990e-11  2.41200e-11  6.22550e-14  2.40577e-11
9.674102570e+00  2.4343969e-11  2.43440e-11  6.18577e-14  2.42821e-11
9.722473083e+00  2.4550171e-11  2.45502e-11  6.17768e-14  2.44884e-11
9.771085448e+00  2.4743858e-11  2.47439e-11  6.18980e-14  2.46820e-11
9.819940876e+00  2.4925492e-11  2.49255e-11  6.22006e-14  2.48633e-11
9.869040580e+00  2.5122629e-11  2.51226e-11  6.21911e-14  2.50604e-11
9.918385783e+00  2.5330597e-11  2.53306e-11  6.19661e-14  2.52686e-11
9.967977712e+00  2.5544527e-11  2.55445e-11  6.16185e-14  2.54829e-11
1.001781760e+01  2.5737918e-11  2.57379e-11  6.15934e-14  2.56763e-11
1.006790669e+01  2.5811068e-11  2.58111e-11  6.34930e-14  2.57476e-11
1.011824622e+01  2.5646857e-11  2.56469e-11  6.90813e-14  2.55778e-11
1.016883745e+01  2.5652495e-11  2.56525e-11  7.17749e-14  2.55807e-11
1.021968164e+01  2.6245193e-11  2.62452e-11  6.53025e-14  2.61799e-11
1.027078005e+01  2.6892998e-11  2.68930e-11  5.81931e-14  2.68348e-11
1.032213395e+01  2.7209518e-11  2.72095e-11  5.62227e-14  2.71533e-11
1.037374462e+01  2.7140899e-11  2.71409e-11  5.99104e-14  2.70810e-11
1.042561334e+01  2.6790557e-11  2.67906e-11  6.74779e-14  2.67231e-11
1.047774141e+01  2.5758569e-11  2.57586e-11  8.43557e-14  2.56742e-11
1.053013012e+01  2.5333958e-11  2.53340e-11  9.22086e-14  2.52417e-11
1.058278077e+01  2.5487596e-11  2.54876e-11  9.18860e-14  2.53957e-11
1.063569467e+01  2.5771443e-11  2.57714e-11  8.97942e-14  2.56816e-11
1.068887314e+01  2.6109705e-11  2.61097e-11  8.70194e-14  2.60227e-11
1.074231751e+01  2.6478833e-11  2.64788e-11  8.39010e-14  2.63949e-11
1.079602910e+01  2.6833207e-11  2.68332e-11  8.10374e-14  2.67522e-11
1.085000924e+01  2.7243423e-11  2.72434e-11  7.75339e-14  2.71659e-11
1.090425929e+01  2.7640415e-11  2.76404e-11  7.42727e-14  2.75661e-11
1.095878058e+01  2.8002346e-11  2.80023e-11  7.15073e-14  2.79308e-11
1.101357449e+01  2.8346934e-11  2.83469e-11  6.90038e-14  2.82779e-11
1.106864236e+01  2.8653352e-11  2.86534e-11  6.69942e-14  2.85864e-11
1.112398557e+01  2.8987796e-11  2.89878e-11  6.46927e-14  2.89231e-11
1.117960550e+01  2.9322882e-11  2.93229e-11  6.24243e-14  2.92605e-11
1.123550353e+01  2.9651973e-11  2.96520e-11  6.02621e-14  2.95917e-11
1.129168104e+01  3.0024784e-11  3.00248e-11  5.76558e-14  2.99671e-11
1.134813945e+01  3.0513378e-11  3.05134e-11  5.38478e-14  3.04595e-11
1.140488015e+01  3.1099726e-11  3.10997e-11  4.90868e-14  3.10506e-11
1.146190455e+01  3.1763121e-11  3.17631e-11  4.36354e-14  3.17195e-11
1.151921407e+01  3.2552745e-11  3.25527e-11  3.70196e-14  3.25157e-11
1.157681014e+01  3.3374592e-11  3.33746e-11  3.02498e-14  3.33443e-11
1.163469419e+01  3.3985372e-11  3.39854e-11  2.57691e-14  3.39596e-11
1.169286766e+01  3.4409567e-11  3.44096e-11  2.32351e-14  3.43863e-11
1.175133200e+01  3.4805671e-11  3.48057e-11  2.10235e-14  3.47846e-11
1.181008866e+01  3.5176813e-11  3.51768e-11  1.90907e-14  3.51577e-11
1.186913910e+01  3.5253711e-11  3.52537e-11  1.99611e-14  3.52338e-11
1.192848480e+01  3.5313324e-11  3.53133e-11  2.09413e-14  3.52924e-11
1.198812722e+01  3.5564616e-11  3.55646e-11  2.01149e-14  3.55445e-11
1.204806786e+01  3.5879357e-11  3.58794e-11  1.87157e-14  3.58606e-11
1.210830820e+01  3.6172300e-11  3.61723e-11  1.75257e-14  3.61548e-11
1.216884974e+01  3.6441179e-11  3.64412e-11  1.65559e-14  3.64246e-11
1.222969399e+01  3.6707376e-11  3.67074e-11  1.56126e-14  3.66918e-11
1.229084246e+01  3.6949726e-11  3.69497e-11  1.48750e-14  3.69349e-11
1.235229667e+01  3.7161315e-11  3.71613e-11  1.43922e-14  3.71469e-11
1.241405815e+01  3.7361070e-11  3.73611e-11  1.39973e-14  3.73471e-11
1.247612845e+01  3.7552329e-11  3.75523e-11  1.36593e-14  3.75387e-11
1.253850909e+01  3.7738499e-11  3.77385e-11  1.33484e-14  3.77252e-11
1.260120163e+01  3.7917555e-11  3.79176e-11  1.30794e-14  3.79045e-11
1.266420764e+01  3.8093354e-11  3.80934e-11  1.28205e-14  3.80805e-11
1.272752868e+01  3.8266259e-11  3.82663e-11  1.25683e-14  3.82537e-11
1.279116632e+01  3.8435052e-11  3.84351e-11  1.23318e-14  3.84227e-11
1.285512215e+01  3.8600091e-11  3.86001e-11  1.21076e-14  3.85880e-11
1.291939776e+01  3.8763746e-11  3.87637e-11  1.18775e-14  3.87519e-11
1.298399475e+01  3.8930034e-11  3.89300e-11  1.16125e-14  3.89184e-11
1.304891473e+01  3.9097785e-11  3.90978e-11  1.13223e-14  3.90865e-11
1.311415930e+01  3.9265403e-11  3.92654e-11  1.10191e-14  3.92544e-11
1.317973010e+01  3.9433709e-11  3.94337e-11  1.06978e-14  3.94230e-11
1.324562875e+01  3.9600270e-11  3.96003e-11  1.03759e-14  3.95899e-11
1.331185689e+01  3.9760569e-11  3.97606e-11  1.00843e-14  3.97505e-11
1.337841618e+01  3.9917429e-11  3.99174e-11  9.80283e-15  3.99076e-11
1.344530826e+01  4.0072473e-11  4.00725e-11  9.52025e-15  4.00630e-11
1.351253480e+01  4.0224040e-11  4.02240e-11  9.24758e-15  4.02148e-11
1.358009747e+01  4.0376253e-11  4.03763e-11  8.95758e-15  4.03673e-11
1.364799796e+01  4.0530377e-11  4.05304e-11  8.64279e-15  4.05217e-11
1.371623795e+01  4.0678927e-11  4.06789e-11  8.35169e-15  4.06706e-11
1.378481914e+01  4.0821862e-11  4.08219e-11  8.08367e-15  4.08138e-11
1.385374323e+01  4.0976350e-11  4.09764e-11  7.73157e-15  4.09686e-11
1.392301195e+01  4.1127768e-11  4.11278e-11  7.38797e-15  4.11204e-11
1.399262701e+01  4.1276097e-11  4.12761e-11  7.05272e-15  4.12690e-11
1.406259015e+01  4.1420475e-11  4.14205e-11  6.73072e-15  4.14137e-11
1.413290310e+01  4.1560031e-11  4.15600e-11  6.42669e-15  4.15536e-11
1.420356761e+01  4.1686239e-11  4.16862e-11  6.18977e-15  4.16800e-11
1.427458545e+01  4.1813070e-11  4.18131e-11  5.93711e-15  4.18071e-11
1.434595838e+01  4.1949934e-11  4.19499e-11  5.61571e-15  4.19443e-11
1.441768817e+01  4.2080218e-11  4.20802e-11  5.32154e-15  4.20749e-11
1.448977661e+01  4.2208175e-11  4.22082e-11  5.03004e-15  4.22031e-11
1.456222549e+01  4.2317047e-11  4.23170e-11  4.83341e-15  4.23122e-11
1.463503662e+01  4.2426959e-11  4.24270e-11  4.61897e-15  4.24223e-11
1.470821180e+01  4.2535775e-11  4.25358e-11  4.39888e-15  4.25314e-11
1.478175286e+01  4.2638747e-11  4.26387e-11  4.19862e-15  4.26345e-11
1.485566163e+01  4.2730230e-11  4.27302e-11  4.04726e-15  4.27262e-11
1.492993994e+01  4.2806713e-11  4.28067e-11  3.96149e-15  4.28028e-11
1.500458964e+01  4.2862929e-11  4.28629e-11  3.96625e-15  4.28590e-11
1.507961258e+01  4.2897065e-11  4.28971e-11  4.06783e-15  4.28930e-11
1.515501065e+01  4.2900338e-11  4.29003e-11  4.30725e-15  4.28960e-11
1.523078570e+01  4.2823821e-11  4.28238e-11  4.92348e-15  4.28189e-11
1.530693963e+01  4.2664616e-11  4.26646e-11  5.91857e-15  4.26587e-11
1.538347433e+01  4.2510318e-11  4.25103e-11  6.85385e-15  4.25035e-11
1.546039170e+01  4.2293622e-11  4.22936e-11  8.05531e-15  4.22856e-11
1.553769366e+01  4.1992051e-11  4.19921e-11  9.62154e-15  4.19824e-11
1.561538212e+01  4.1805796e-11  4.18058e-11  1.05969e-14  4.17952e-11
1.569345903e+01  4.1638720e-11  4.16387e-11  1.14483e-14  4.16273e-11
1.577192633e+01  4.1489177e-11  4.14892e-11  1.21871e-14  4.14770e-11
1.585078596e+01  4.1443873e-11  4.14439e-11  1.24206e-14  4.14315e-11
1.593003989e+01  4.1445019e-11  4.14450e-11  1.24257e-14  4.14326e-11
1.600969009e+01  4.1486579e-11  4.14866e-11  1.22363e-14  4.14743e-11
1.608973854e+01  4.1558956e-11  4.15590e-11  1.19010e-14  4.15471e-11
1.617018723e+01  4.1694387e-11  4.16944e-11  1.12828e-14  4.16831e-11
1.625103817e+01  4.1821536e-11  4.18215e-11  1.07003e-14  4.18108e-11
1.633229336e+01  4.1979206e-11  4.19792e-11  9.98550e-15  4.19692e-11
1.641395483e+01  4.2140065e-11  4.21401e-11  9.25894e-15  4.21308e-11
1.649602460e+01  4.2275856e-11  4.22759e-11  8.64023e-15  4.22672e-11
1.657850473e+01  4.2456306e-11  4.24563e-11  7.83525e-15  4.24485e-11
1.666139725e+01  4.2564415e-11  4.25644e-11  7.33327e-15  4.25571e-11
1.674470424e+01  4.2703480e-11  4.27035e-11  6.70273e-15  4.26968e-11
1.682842776e+01  4.2793571e-11  4.27936e-11  6.27159e-15  4.27873e-11
1.691256990e+01  4.2837774e-11  4.28378e-11  6.02189e-15  4.28318e-11
1.699713274e+01  4.2808282e-11  4.28083e-11  6.05923e-15  4.28022e-11
1.708211841e+01  4.2685271e-11  4.26853e-11  6.45373e-15  4.26788e-11
1.716752900e+01  4.2511195e-11  4.25112e-11  7.02970e-15  4.25042e-11
1.725336665e+01  4.2258332e-11  4.22583e-11  7.88936e-15  4.22504e-11
1.733963348e+01  4.1973564e-11  4.19736e-11  8.84518e-15  4.19647e-11
1.742633165e+01  4.1617744e-11  4.16177e-11  1.00432e-14  4.16077e-11
1.751346330e+01  4.1263314e-11  4.12633e-11  1.12042e-14  4.12521e-11
1.760103062e+01  4.0855281e-11  4.08553e-11  1.25343e-14  4.08427e-11
1.768903577e+01  4.0531176e-11  4.05312e-11  1.35206e-14  4.05177e-11
1.777748095e+01  4.0205564e-11  4.02056e-11  1.44852e-14  4.01911e-11
1.786636836e+01  3.9995473e-11  3.99955e-11  1.50040e-14  3.99805e-11
1.795570020e+01  3.9782522e-11  3.97825e-11  1.55147e-14  3.97670e-11
1.804547870e+01  3.9565885e-11  3.95659e-11  1.60205e-14  3.95499e-11
1.813570609e+01  3.9266221e-11  3.92662e-11  1.68020e-14  3.92494e-11
1.822638462e+01  3.9001252e-11  3.90013e-11  1.74395e-14  3.89838e-11
1.831751655e+01  3.8849745e-11  3.88497e-11  1.76633e-14  3.88321e-11
1.840910413e+01  3.8833273e-11  3.88333e-11  1.74097e-14  3.88159e-11
1.850114965e+01  3.8785409e-11  3.87854e-11  1.72592e-14  3.87681e-11
1.859365540e+01  3.8620293e-11  3.86203e-11  1.75001e-14  3.86028e-11
1.868662368e+01  3.8257715e-11  3.82577e-11  1.83918e-14  3.82393e-11
1.878005679e+01  3.7768099e-11  3.77681e-11  1.96836e-14  3.77484e-11
1.887395708e+01  3.7337226e-11  3.73372e-11  2.07522e-14  3.73165e-11
1.896832686e+01  3.7138628e-11  3.71386e-11  2.10351e-14  3.71176e-11
1.906316850e+01  3.7183980e-11  3.71840e-11  2.05136e-14  3.71635e-11
1.915848434e+01  3.7424198e-11  3.74242e-11  1.93657e-14  3.74048e-11
1.925427676e+01  3.7613704e-11  3.76137e-11  1.83912e-14  3.75953e-11
1.935054815e+01  3.7813561e-11  3.78136e-11  1.73925e-14  3.77962e-11
1.944730089e+01  3.8024123e-11  3.80241e-11  1.63693e-14  3.80078e-11
1.954453739e+01  3.8154096e-11  3.81541e-11  1.56070e-14  3.81385e-11
1.964226008e+01  3.8228772e-11  3.82288e-11  1.50213e-14  3.82138e-11
1.974047138e+01  3.8157528e-11  3.81575e-11  1.48862e-14  3.81426e-11
1.983917374e+01  3.8070823e-11  3.80708e-11  1.47940e-14  3.80560e-11
1.993836960e+01  3.8158000e-11  3.81580e-11  1.41716e-14  3.81438e-11
2.003806145e+01  3.8472653e-11  3.84727e-11  1.28707e-14  3.84598e-11
2.013825176e+01  3.8861945e-11  3.88619e-11  1.13617e-14  3.88506e-11
2.023894302e+01  3.9243412e-11  3.92434e-11  9.89309e-15  3.92335e-11
2.034013773e+01  3.9581865e-11  3.95819e-11  8.56715e-15  3.95733e-11
2.044183842e+01  3.9862714e-11  3.98627e-11  7.42324e-15  3.98553e-11
2.054404761e+01  4.0050405e-11  4.00504e-11  6.56000e-15  4.00438e-11
2.064676785e+01  4.0177089e-11  4.01771e-11  5.87917e-15  4.01712e-11
2.075000169e+01  4.0118785e-11  4.01188e-11  5.72940e-15  4.01131e-11
2.085375170e+01  3.9886386e-11  3.98864e-11  6.06832e-15  3.98803e-11
2.095802046e+01  3.9574377e-11  3.95744e-11  6.62051e-15  3.95678e-11
2.106281056e+01  3.9231341e-11  3.92313e-11  7.24623e-15  3.92241e-11
2.116812461e+01  3.8954105e-11  3.89541e-11  7.67650e-15  3.89464e-11
2.127396524e+01  3.8737665e-11  3.87377e-11  7.92931e-15  3.87297e-11
2.138033506e+01  3.8625910e-11  3.86259e-11  7.88902e-15  3.86180e-11
2.148723674e+01  3.8609391e-11  3.86094e-11  7.58747e-15  3.86018e-11
2.159467292e+01  3.8638352e-11  3.86384e-11  7.16380e-15  3.86312e-11
2.170264629e+01  3.8623683e-11  3.86237e-11  6.85821e-15  3.86168e-11
2.181115952e+01  3.8453863e-11  3.84539e-11  6.96349e-15  3.84469e-11
2.192021532e+01  3.8077455e-11  3.80775e-11  7.60641e-15  3.80698e-11
2.202981639e+01  3.7610717e-11  3.76107e-11  8.47246e-15  3.76022e-11
2.213996547e+01  3.7034558e-11  3.70346e-11  9.60661e-15  3.70250e-11
2.225066530e+01  3.6412791e-11  3.64128e-11  1.08391e-14  3.64020e-11
2.236191863e+01  3.5852151e-11  3.58522e-11  1.18951e-14  3.58403e-11
2.247372822e+01  3.5438382e-11  3.54384e-11  1.25601e-14  3.54258e-11
2.258609686e+01  3.5156991e-11  3.51570e-11  1.28788e-14  3.51441e-11
2.269902735e+01  3.4949175e-11  3.49492e-11  1.30055e-14  3.49362e-11
2.281252248e+01  3.4714110e-11  3.47141e-11  1.31951e-14  3.47009e-11
2.292658510e+01  3.4363350e-11  3.43634e-11  1.36653e-14  3.43497e-11
2.304121802e+01  3.3854399e-11  3.38544e-11  1.45152e-14  3.38399e-11
2.315642411e+01  3.3267898e-11  3.32679e-11  1.55405e-14  3.32524e-11
2.327220623e+01  3.2691762e-11  3.26918e-11  1.65245e-14  3.26752e-11
2.338856726e+01  3.2186458e-11  3.21865e-11  1.73223e-14  3.21691e-11
2.350551010e+01  3.1783069e-11  3.17831e-11  1.78631e-14  3.17652e-11
2.362303765e+01  3.1464640e-11  3.14646e-11  1.81921e-14  3.14464e-11
2.374115284e+01  3.1214415e-11  3.12144e-11  1.83530e-14  3.11961e-11
2.385985860e+01  3.1044131e-11  3.10441e-11  1.83214e-14  3.10258e-11
2.397915789e+01  3.0936767e-11  3.09368e-11  1.81407e-14  3.09186e-11
2.409905368e+01  3.0918607e-11  3.09186e-11  1.77527e-14  3.09009e-11
2.421954895e+01  3.1088001e-11  3.10880e-11  1.69344e-14  3.10711e-11
2.434064670e+01  3.1463926e-11  3.14639e-11  1.56500e-14  3.14483e-11
2.446234993e+01  3.1907837e-11  3.19078e-11  1.42239e-14  3.18936e-11
2.458466168e+01  3.2284302e-11  3.22843e-11  1.29658e-14  3.22713e-11
2.470758499e+01  3.2534310e-11  3.25343e-11  1.20055e-14  3.25223e-11
2.483112291e+01  3.2638519e-11  3.26385e-11  1.13812e-14  3.26271e-11
2.495527853e+01  3.2658158e-11  3.26582e-11  1.09506e-14  3.26472e-11
