# ------------------------------------------------------------------------
# Radiance spectrum
# NASA-GSFC Planetary Spectrum Generator (PSG) (Villanueva et al. 2018, 2022)
# Synthesized on Wed Feb 14 20:40:07 2024
# Doppler velocities [km/s] (vobs,vrot+vorb,vwidth,vrfl,vstr): 0.00000,-0.00000,0.00000,-119.41115,-0.00000
# Spectral unit: Wavelength [um]
# Radiance unit: Spectral irradiance [W/m2/um]
# Wave/freq Total Object Reflected Thermal
5.000000000e-01  6.5791749e-13  6.57917e-13  6.57917e-13  1.87972e-46
5.025000000e-01  6.9321544e-13  6.93215e-13  6.93215e-13  2.95338e-46
5.050125000e-01  7.1584757e-13  7.15848e-13  7.15848e-13  4.63814e-46
5.075375625e-01  7.3892764e-13  7.38928e-13  7.38928e-13  7.26682e-46
5.100752503e-01  7.6245767e-13  7.62458e-13  7.62458e-13  1.13586e-45
5.126256266e-01  7.8786364e-13  7.87864e-13  7.87864e-13  1.77095e-45
5.151887547e-01  8.1375005e-13  8.13750e-13  8.13750e-13  2.75471e-45
5.177646985e-01  8.4044079e-13  8.40441e-13  8.40441e-13  4.27486e-45
5.203535220e-01  8.6737660e-13  8.67377e-13  8.67377e-13  6.61884e-45
5.229552896e-01  8.9389522e-13  8.93895e-13  8.93895e-13  1.02259e-44
5.255700660e-01  9.2071875e-13  9.20719e-13  9.20719e-13  1.57630e-44
5.281979164e-01  9.4717524e-13  9.47175e-13  9.47175e-13  2.42459e-44
5.308389059e-01  9.7358070e-13  9.73581e-13  9.73581e-13  3.72125e-44
5.334931005e-01  9.9958269e-13  9.99583e-13  9.99583e-13  5.69919e-44
5.361605660e-01  1.0249029e-12  1.02490e-12  1.02490e-12  8.71025e-44
5.388413688e-01  1.0492544e-12  1.04925e-12  1.04925e-12  1.32850e-43
5.415355756e-01  1.0724290e-12  1.07243e-12  1.07243e-12  2.02218e-43
5.442432535e-01  1.0946524e-12  1.09465e-12  1.09465e-12  3.07184e-43
5.469644698e-01  1.1177543e-12  1.11775e-12  1.11775e-12  4.65581e-43
5.496992921e-01  1.1413015e-12  1.14130e-12  1.14130e-12  7.04112e-43
5.524477886e-01  1.1589058e-12  1.15891e-12  1.15891e-12  1.06340e-42
5.552100275e-01  1.1759545e-12  1.17595e-12  1.17595e-12  1.60272e-42
5.579860777e-01  1.1941669e-12  1.19417e-12  1.19417e-12  2.41012e-42
5.607760081e-01  1.2124598e-12  1.21246e-12  1.21246e-12  3.61662e-42
5.635798881e-01  1.2306447e-12  1.23064e-12  1.23064e-12  5.41583e-42
5.663977875e-01  1.2472191e-12  1.24722e-12  1.24722e-12  8.09486e-42
5.692297765e-01  1.2622377e-12  1.26224e-12  1.26224e-12  1.20764e-41
5.720759254e-01  1.2757584e-12  1.27576e-12  1.27576e-12  1.79823e-41
5.749363050e-01  1.2887015e-12  1.28870e-12  1.28870e-12  2.67232e-41
5.778109865e-01  1.3017254e-12  1.30173e-12  1.30173e-12  3.96313e-41
5.807000414e-01  1.3139591e-12  1.31396e-12  1.31396e-12  5.86603e-41
5.836035417e-01  1.3236311e-12  1.32363e-12  1.32363e-12  8.66761e-41
5.865215594e-01  1.3343176e-12  1.33432e-12  1.33432e-12  1.27798e-40
5.894541672e-01  1.3460380e-12  1.34604e-12  1.34604e-12  1.88027e-40
5.924014380e-01  1.3550367e-12  1.35504e-12  1.35504e-12  2.76176e-40
5.953634452e-01  1.3630603e-12  1.36306e-12  1.36306e-12  4.04886e-40
5.983402624e-01  1.3701912e-12  1.37019e-12  1.37019e-12  5.92464e-40
6.013319637e-01  1.3775264e-12  1.37753e-12  1.37753e-12  8.65209e-40
6.043386235e-01  1.3850702e-12  1.38507e-12  1.38507e-12  1.26100e-39
6.073603167e-01  1.3922126e-12  1.39221e-12  1.39221e-12  1.83433e-39
6.103971182e-01  1.3990500e-12  1.39905e-12  1.39905e-12  2.66323e-39
6.134491038e-01  1.4049564e-12  1.40496e-12  1.40496e-12  3.85960e-39
6.165163494e-01  1.4107500e-12  1.41075e-12  1.41075e-12  5.58267e-39
6.195989311e-01  1.4165347e-12  1.41653e-12  1.41653e-12  8.05949e-39
6.226969258e-01  1.4208375e-12  1.42084e-12  1.42084e-12  1.16148e-38
6.258104104e-01  1.4250116e-12  1.42501e-12  1.42501e-12  1.67070e-38
6.289394624e-01  1.4292696e-12  1.42927e-12  1.42927e-12  2.39859e-38
6.320841597e-01  1.4326515e-12  1.43265e-12  1.43265e-12  3.43744e-38
6.352445805e-01  1.4355758e-12  1.43558e-12  1.43558e-12  4.91723e-38
6.384208035e-01  1.4382533e-12  1.43825e-12  1.43825e-12  7.02111e-38
6.416129075e-01  1.4406825e-12  1.44068e-12  1.44068e-12  1.00068e-37
6.448209720e-01  1.4429707e-12  1.44297e-12  1.44297e-12  1.42360e-37
6.480450769e-01  1.4462136e-12  1.44621e-12  1.44621e-12  2.02133e-37
6.512853022e-01  1.4498761e-12  1.44988e-12  1.44988e-12  2.86466e-37
6.545417288e-01  1.4542971e-12  1.45430e-12  1.45430e-12  4.05213e-37
6.578144374e-01  1.4566005e-12  1.45660e-12  1.45660e-12  5.72272e-37
6.611035096e-01  1.4577638e-12  1.45776e-12  1.45776e-12  8.06843e-37
6.644090271e-01  1.4573263e-12  1.45733e-12  1.45733e-12  1.13571e-36
6.677310723e-01  1.4601069e-12  1.46011e-12  1.46011e-12  1.59524e-36
6.710697276e-01  1.4637756e-12  1.46378e-12  1.46378e-12  2.23653e-36
6.744250763e-01  1.4682312e-12  1.46823e-12  1.46823e-12  3.12983e-36
6.777972017e-01  1.4710937e-12  1.47109e-12  1.47109e-12  4.37293e-36
6.811861877e-01  1.4729173e-12  1.47292e-12  1.47292e-12  6.09974e-36
6.845921186e-01  1.4736917e-12  1.47369e-12  1.47369e-12  8.49452e-36
6.880150792e-01  1.4753638e-12  1.47536e-12  1.47536e-12  1.18079e-35
6.914551546e-01  1.4766746e-12  1.47667e-12  1.47667e-12  1.63862e-35
6.949124304e-01  1.4770423e-12  1.47704e-12  1.47704e-12  2.27026e-35
6.983869925e-01  1.4795994e-12  1.47960e-12  1.47960e-12  3.13933e-35
7.018789275e-01  1.4825023e-12  1.48250e-12  1.48250e-12  4.33359e-35
7.053883221e-01  1.4855216e-12  1.48552e-12  1.48552e-12  5.97199e-35
7.089152637e-01  1.4856064e-12  1.48561e-12  1.48561e-12  8.21837e-35
7.124598400e-01  1.4861466e-12  1.48615e-12  1.48615e-12  1.12903e-34
7.160221392e-01  1.4860850e-12  1.48608e-12  1.48608e-12  1.54856e-34
7.196022499e-01  1.4839961e-12  1.48400e-12  1.48400e-12  2.12088e-34
7.232002612e-01  1.4834292e-12  1.48343e-12  1.48343e-12  2.89950e-34
7.268162625e-01  1.4827309e-12  1.48273e-12  1.48273e-12  3.95753e-34
7.304503438e-01  1.4813049e-12  1.48130e-12  1.48130e-12  5.39319e-34
7.341025955e-01  1.4769914e-12  1.47699e-12  1.47699e-12  7.33974e-34
7.377731085e-01  1.4734929e-12  1.47349e-12  1.47349e-12  9.97194e-34
7.414619740e-01  1.4703364e-12  1.47034e-12  1.47034e-12  1.35259e-33
7.451692839e-01  1.4672856e-12  1.46729e-12  1.46729e-12  1.83169e-33
7.488951303e-01  1.4631342e-12  1.46313e-12  1.46313e-12  2.47681e-33
7.526396060e-01  1.4593312e-12  1.45933e-12  1.45933e-12  3.34371e-33
7.564028040e-01  1.4549100e-12  1.45491e-12  1.45491e-12  4.50719e-33
7.601848180e-01  1.4493820e-12  1.44938e-12  1.44938e-12  6.06661e-33
7.639857421e-01  1.4461573e-12  1.44616e-12  1.44616e-12  8.15108e-33
7.678056708e-01  1.4413424e-12  1.44134e-12  1.44134e-12  1.09364e-32
7.716446992e-01  1.4365214e-12  1.43652e-12  1.43652e-12  1.46508e-32
7.755029227e-01  1.4323099e-12  1.43231e-12  1.43231e-12  1.95955e-32
7.793804373e-01  1.4269937e-12  1.42699e-12  1.42699e-12  2.61717e-32
7.832773395e-01  1.4206926e-12  1.42069e-12  1.42069e-12  3.49048e-32
7.871937262e-01  1.4169773e-12  1.41698e-12  1.41698e-12  4.64705e-32
7.911296948e-01  1.4143810e-12  1.41438e-12  1.41438e-12  6.17690e-32
7.950853433e-01  1.4089565e-12  1.40896e-12  1.40896e-12  8.20022e-32
7.990607700e-01  1.3987144e-12  1.39871e-12  1.39871e-12  1.08748e-31
8.030560739e-01  1.3935491e-12  1.39355e-12  1.39355e-12  1.43938e-31
8.070713542e-01  1.3888929e-12  1.38889e-12  1.38889e-12  1.90224e-31
8.111067110e-01  1.3833836e-12  1.38338e-12  1.38338e-12  2.51045e-31
8.151622446e-01  1.3785121e-12  1.37851e-12  1.37851e-12  3.30810e-31
8.192380558e-01  1.3749043e-12  1.37490e-12  1.37490e-12  4.35235e-31
8.233342461e-01  1.3701995e-12  1.37020e-12  1.37020e-12  5.71852e-31
8.274509173e-01  1.3666400e-12  1.36664e-12  1.36664e-12  7.50195e-31
8.315881719e-01  1.3631075e-12  1.36311e-12  1.36311e-12  9.82746e-31
8.357461127e-01  1.3579807e-12  1.35798e-12  1.35798e-12  1.28574e-30
8.399248433e-01  1.3516326e-12  1.35163e-12  1.35163e-12  1.67994e-30
8.441244675e-01  1.3445629e-12  1.34456e-12  1.34456e-12  2.19206e-30
8.483450899e-01  1.3378979e-12  1.33790e-12  1.33790e-12  2.85618e-30
8.525868153e-01  1.3353937e-12  1.33539e-12  1.33539e-12  3.71493e-30
8.568497494e-01  1.3275444e-12  1.32754e-12  1.32754e-12  4.82747e-30
8.611339981e-01  1.3231106e-12  1.32311e-12  1.32311e-12  6.26261e-30
8.654396681e-01  1.3268565e-12  1.32686e-12  1.32686e-12  8.10732e-30
8.697668665e-01  1.3172418e-12  1.31724e-12  1.31724e-12  1.04936e-29
8.741157008e-01  1.3153095e-12  1.31531e-12  1.31531e-12  1.35544e-29
8.784862793e-01  1.3159264e-12  1.31593e-12  1.31593e-12  1.74803e-29
8.828787107e-01  1.3040569e-12  1.30406e-12  1.30406e-12  2.25381e-29
8.872931042e-01  1.2992499e-12  1.29925e-12  1.29925e-12  2.90021e-29
8.917295698e-01  1.2971207e-12  1.29712e-12  1.29712e-12  3.72614e-29
8.961882176e-01  1.2894017e-12  1.28940e-12  1.28940e-12  4.78331e-29
9.006691587e-01  1.2856157e-12  1.28562e-12  1.28562e-12  6.13016e-29
9.051725045e-01  1.2808783e-12  1.28088e-12  1.28088e-12  7.84660e-29
9.096983670e-01  1.2800730e-12  1.28007e-12  1.28007e-12  1.00270e-28
9.142468589e-01  1.2781916e-12  1.27819e-12  1.27819e-12  1.27979e-28
9.188180931e-01  1.2699837e-12  1.26998e-12  1.26998e-12  1.63225e-28
9.234121836e-01  1.2679592e-12  1.26796e-12  1.26796e-12  2.07796e-28
9.280292445e-01  1.2647389e-12  1.26474e-12  1.26474e-12  2.64228e-28
9.326693908e-01  1.2610746e-12  1.26107e-12  1.26107e-12  3.35569e-28
9.373327377e-01  1.2573426e-12  1.25734e-12  1.25734e-12  4.25636e-28
9.420194014e-01  1.2522972e-12  1.25230e-12  1.25230e-12  5.39258e-28
9.467294984e-01  1.2493058e-12  1.24931e-12  1.24931e-12  6.82230e-28
9.514631459e-01  1.2471197e-12  1.24712e-12  1.24712e-12  8.61966e-28
9.562204616e-01  1.2420070e-12  1.24201e-12  1.24201e-12  1.08799e-27
9.610015639e-01  1.2395670e-12  1.23957e-12  1.23957e-12  1.37125e-27
9.658065718e-01  1.2369384e-12  1.23694e-12  1.23694e-12  1.72616e-27
9.706356046e-01  1.2328827e-12  1.23288e-12  1.23288e-12  2.17055e-27
9.754887826e-01  1.2291390e-12  1.22914e-12  1.22914e-12  2.72595e-27
9.803662265e-01  1.2259544e-12  1.22595e-12  1.22595e-12  3.41915e-27
9.852680577e-01  1.2218452e-12  1.22185e-12  1.22185e-12  4.28380e-27
9.901943980e-01  1.2189131e-12  1.21891e-12  1.21891e-12  5.36011e-27
9.951453700e-01  1.2174005e-12  1.21740e-12  1.21740e-12  6.69798e-27
1.000121097e+00  1.2122578e-12  1.21226e-12  1.21226e-12  8.36258e-27
1.005121702e+00  1.2089067e-12  1.20891e-12  1.20891e-12  1.04268e-26
1.010147311e+00  1.2043961e-12  1.20440e-12  1.20440e-12  1.29867e-26
1.015198047e+00  1.2019164e-12  1.20192e-12  1.20192e-12  1.61532e-26
1.020274038e+00  1.1987686e-12  1.19877e-12  1.19877e-12  2.00696e-26
1.025375408e+00  1.1942238e-12  1.19422e-12  1.19422e-12  2.49098e-26
1.030502285e+00  1.1898742e-12  1.18987e-12  1.18987e-12  3.08812e-26
1.035654796e+00  1.1880312e-12  1.18803e-12  1.18803e-12  3.82313e-26
1.040833070e+00  1.1839456e-12  1.18395e-12  1.18395e-12  4.72866e-26
1.046037236e+00  1.1804183e-12  1.18042e-12  1.18042e-12  5.84173e-26
1.051267422e+00  1.1767209e-12  1.17672e-12  1.17672e-12  7.20877e-26
1.056523759e+00  1.1723719e-12  1.17237e-12  1.17237e-12  8.88625e-26
1.061806378e+00  1.1684604e-12  1.16846e-12  1.16846e-12  1.09414e-25
1.067115410e+00  1.1647440e-12  1.16474e-12  1.16474e-12  1.34566e-25
1.072450987e+00  1.1600219e-12  1.16002e-12  1.16002e-12  1.65332e-25
1.077813242e+00  1.1557381e-12  1.15574e-12  1.15574e-12  2.02901e-25
1.083202308e+00  1.1523686e-12  1.15237e-12  1.15237e-12  2.48712e-25
1.088618319e+00  1.1474041e-12  1.14740e-12  1.14740e-12  3.04580e-25
1.094061411e+00  1.1432350e-12  1.14323e-12  1.14323e-12  3.72564e-25
1.099531718e+00  1.1386698e-12  1.13867e-12  1.13867e-12  4.55249e-25
1.105029377e+00  1.1340672e-12  1.13407e-12  1.13407e-12  5.55688e-25
1.110554523e+00  1.1303727e-12  1.13037e-12  1.13037e-12  6.77505e-25
1.116107296e+00  1.1253420e-12  1.12534e-12  1.12534e-12  8.25251e-25
1.121687832e+00  1.1209835e-12  1.12098e-12  1.12098e-12  1.00409e-24
1.127296272e+00  1.1151826e-12  1.11518e-12  1.11518e-12  1.22057e-24
1.132932753e+00  1.1109911e-12  1.11099e-12  1.11099e-12  1.48193e-24
1.138597417e+00  1.1059482e-12  1.10595e-12  1.10595e-12  1.79754e-24
1.144290404e+00  1.1005266e-12  1.10053e-12  1.10053e-12  2.17818e-24
1.150011856e+00  1.0953099e-12  1.09531e-12  1.09531e-12  2.63665e-24
1.155761915e+00  1.0896032e-12  1.08960e-12  1.08960e-12  3.18850e-24
1.161540725e+00  1.0843339e-12  1.08433e-12  1.08433e-12  3.85175e-24
1.167348428e+00  1.0791540e-12  1.07915e-12  1.07915e-12  4.64821e-24
1.173185171e+00  1.0734903e-12  1.07349e-12  1.07349e-12  5.60394e-24
1.179051096e+00  1.0674618e-12  1.06746e-12  1.06746e-12  6.74963e-24
1.184946352e+00  1.0615286e-12  1.06153e-12  1.06153e-12  8.12134e-24
1.190871084e+00  1.0561449e-12  1.05614e-12  1.05614e-12  9.76159e-24
1.196825439e+00  1.0511934e-12  1.05119e-12  1.05119e-12  1.17210e-23
1.202809566e+00  1.0459929e-12  1.04599e-12  1.04599e-12  1.40602e-23
1.208823614e+00  1.0396461e-12  1.03965e-12  1.03965e-12  1.68516e-23
1.214867732e+00  1.0336231e-12  1.03362e-12  1.03362e-12  2.01768e-23
1.220942071e+00  1.0281453e-12  1.02815e-12  1.02815e-12  2.41334e-23
1.227046781e+00  1.0228736e-12  1.02287e-12  1.02287e-12  2.88375e-23
1.233182015e+00  1.0163624e-12  1.01636e-12  1.01636e-12  3.44296e-23
1.239347925e+00  1.0106179e-12  1.01062e-12  1.01062e-12  4.10637e-23
1.245544665e+00  1.0046398e-12  1.00464e-12  1.00464e-12  4.89307e-23
1.251772388e+00  9.9876127e-13  9.98761e-13  9.98761e-13  5.82491e-23
1.258031250e+00  9.9254356e-13  9.92544e-13  9.92544e-13  6.92793e-23
1.264321406e+00  9.8675538e-13  9.86755e-13  9.86755e-13  8.23174e-23
1.270643013e+00  9.8041357e-13  9.80414e-13  9.80414e-13  9.77236e-23
1.276996228e+00  9.7471743e-13  9.74717e-13  9.74717e-13  1.15898e-22
1.283381209e+00  9.6912054e-13  9.69121e-13  9.69121e-13  1.37324e-22
1.289798116e+00  9.6319195e-13  9.63192e-13  9.63192e-13  1.62568e-22
1.296247106e+00  9.5725768e-13  9.57258e-13  9.57258e-13  1.92276e-22
1.302728342e+00  9.5057068e-13  9.50571e-13  9.50571e-13  2.27225e-22
1.309241983e+00  9.4505584e-13  9.45056e-13  9.45056e-13  2.68250e-22
1.315788193e+00  9.3911025e-13  9.39110e-13  9.39110e-13  3.16413e-22
1.322367134e+00  9.3337317e-13  9.33373e-13  9.33373e-13  3.72880e-22
1.328978970e+00  9.2689607e-13  9.26896e-13  9.26896e-13  4.39067e-22
1.335623865e+00  9.2105052e-13  9.21051e-13  9.21051e-13  5.16511e-22
1.342301984e+00  9.1436862e-13  9.14369e-13  9.14369e-13  6.07132e-22
1.349013494e+00  9.0810847e-13  9.08108e-13  9.08108e-13  7.12996e-22
1.355758561e+00  9.0236929e-13  9.02369e-13  9.02369e-13  8.36542e-22
1.362537354e+00  8.9611436e-13  8.96114e-13  8.96114e-13  9.80698e-22
1.369350041e+00  8.8976140e-13  8.89761e-13  8.89761e-13  1.14872e-21
1.376196791e+00  8.8361915e-13  8.83619e-13  8.83619e-13  1.34433e-21
1.383077775e+00  8.7727838e-13  8.77278e-13  8.77278e-13  1.57195e-21
1.389993164e+00  8.7074229e-13  8.70742e-13  8.70742e-13  1.83658e-21
1.396943130e+00  8.6472091e-13  8.64721e-13  8.64721e-13  2.14383e-21
1.403927846e+00  8.5770031e-13  8.57700e-13  8.57700e-13  2.50065e-21
1.410947485e+00  8.5109558e-13  8.51096e-13  8.51096e-13  2.91428e-21
1.418002222e+00  8.4480248e-13  8.44802e-13  8.44802e-13  3.39338e-21
1.425092233e+00  8.3822227e-13  8.38222e-13  8.38222e-13  3.94810e-21
1.432217694e+00  8.3145829e-13  8.31458e-13  8.31458e-13  4.58980e-21
1.439378783e+00  8.2520224e-13  8.25202e-13  8.25202e-13  5.33113e-21
1.446575677e+00  8.1866479e-13  8.18665e-13  8.18665e-13  6.18733e-21
1.453808555e+00  8.1243530e-13  8.12435e-13  8.12435e-13  7.17497e-21
1.461077598e+00  8.0554005e-13  8.05540e-13  8.05540e-13  8.31415e-21
1.468382986e+00  7.9885816e-13  7.98858e-13  7.98858e-13  9.62623e-21
1.475724901e+00  7.9248366e-13  7.92484e-13  7.92484e-13  1.11361e-20
1.483103525e+00  7.8622167e-13  7.86222e-13  7.86222e-13  1.28723e-20
1.490519043e+00  7.7959512e-13  7.79595e-13  7.79595e-13  1.48681e-20
1.497971638e+00  7.7336827e-13  7.73368e-13  7.73368e-13  1.71590e-20
1.505461496e+00  7.6687580e-13  7.66876e-13  7.66876e-13  1.97880e-20
1.512988804e+00  7.6077952e-13  7.60780e-13  7.60779e-13  2.28010e-20
1.520553748e+00  7.5470070e-13  7.54701e-13  7.54701e-13  2.62523e-20
1.528156517e+00  7.4836081e-13  7.48361e-13  7.48361e-13  3.02035e-20
1.535797299e+00  7.4222708e-13  7.42227e-13  7.42227e-13  3.47220e-20
1.543476286e+00  7.3629725e-13  7.36297e-13  7.36297e-13  3.98849e-20
1.551193667e+00  7.3047738e-13  7.30477e-13  7.30477e-13  4.57802e-20
1.558949636e+00  7.2458415e-13  7.24584e-13  7.24584e-13  5.25075e-20
1.566744384e+00  7.1861932e-13  7.18619e-13  7.18619e-13  6.01785e-20
1.574578106e+00  7.1285551e-13  7.12856e-13  7.12855e-13  6.89169e-20
1.582450996e+00  7.0702089e-13  7.07021e-13  7.07021e-13  7.88661e-20
1.590363251e+00  7.0165343e-13  7.01653e-13  7.01653e-13  9.01795e-20
1.598315067e+00  6.9630210e-13  6.96302e-13  6.96302e-13  1.03040e-19
1.606306643e+00  6.9079032e-13  6.90790e-13  6.90790e-13  1.17649e-19
1.614338176e+00  6.8556122e-13  6.85561e-13  6.85561e-13  1.34228e-19
1.622409867e+00  6.8043593e-13  6.80436e-13  6.80436e-13  1.53029e-19
1.630521916e+00  6.7532633e-13  6.75326e-13  6.75326e-13  1.74338e-19
1.638674526e+00  6.7049266e-13  6.70493e-13  6.70492e-13  1.98463e-19
1.646867898e+00  6.6558640e-13  6.65586e-13  6.65586e-13  2.25768e-19
1.655102238e+00  6.6078069e-13  6.60781e-13  6.60780e-13  2.56642e-19
1.663377749e+00  6.5590393e-13  6.55904e-13  6.55904e-13  2.91535e-19
1.671694638e+00  6.5163630e-13  6.51636e-13  6.51636e-13  3.30912e-19
1.680053111e+00  6.4704058e-13  6.47041e-13  6.47040e-13  3.75359e-19
1.688453377e+00  6.4254203e-13  6.42542e-13  6.42542e-13  4.25474e-19
1.696895643e+00  6.3847338e-13  6.38473e-13  6.38473e-13  4.81917e-19
1.705380122e+00  6.3433010e-13  6.34330e-13  6.34330e-13  5.45475e-19
1.713907022e+00  6.3019639e-13  6.30196e-13  6.30196e-13  6.16990e-19
1.722476557e+00  6.2631876e-13  6.26319e-13  6.26318e-13  6.97378e-19
1.731088940e+00  6.2253013e-13  6.22530e-13  6.22529e-13  7.87694e-19
1.739744385e+00  6.1882940e-13  6.18829e-13  6.18829e-13  8.89091e-19
1.748443107e+00  6.1545765e-13  6.15458e-13  6.15457e-13  1.00282e-18
1.757185322e+00  6.1136614e-13  6.11366e-13  6.11365e-13  1.13044e-18
1.765971249e+00  6.0800414e-13  6.08004e-13  6.08003e-13  1.27333e-18
1.774801105e+00  6.0440724e-13  6.04407e-13  6.04406e-13  1.43337e-18
1.783675111e+00  6.0136895e-13  6.01369e-13  6.01367e-13  1.61233e-18
1.792593486e+00  5.9825229e-13  5.98252e-13  5.98250e-13  1.81246e-18
1.801556454e+00  5.9513690e-13  5.95137e-13  5.95135e-13  2.03610e-18
1.810564236e+00  5.9225571e-13  5.92256e-13  5.92253e-13  2.28576e-18
1.819617057e+00  5.8945071e-13  5.89451e-13  5.89448e-13  2.56433e-18
1.828715142e+00  5.8664410e-13  5.86644e-13  5.86641e-13  2.87500e-18
1.837858718e+00  5.8414106e-13  5.84141e-13  5.84138e-13  3.22108e-18
1.847048012e+00  5.8155756e-13  5.81558e-13  5.81554e-13  3.60656e-18
1.856283252e+00  5.7874450e-13  5.78745e-13  5.78740e-13  4.03573e-18
1.865564668e+00  5.7638018e-13  5.76380e-13  5.76376e-13  4.51281e-18
1.874892491e+00  5.7423349e-13  5.74233e-13  5.74228e-13  5.04293e-18
1.884266954e+00  5.7163463e-13  5.71635e-13  5.71629e-13  5.63217e-18
1.893688289e+00  5.6962172e-13  5.69622e-13  5.69615e-13  6.28577e-18
1.903156730e+00  5.6745318e-13  5.67453e-13  5.67446e-13  7.01102e-18
1.912672514e+00  5.6534996e-13  5.65350e-13  5.65342e-13  7.81502e-18
1.922235876e+00  5.6345548e-13  5.63455e-13  5.63447e-13  8.70558e-18
1.931847056e+00  5.6155062e-13  5.61551e-13  5.61541e-13  9.69169e-18
1.941506291e+00  5.5956429e-13  5.59564e-13  5.59554e-13  1.07830e-17
1.951213822e+00  5.5778179e-13  5.57782e-13  5.57770e-13  1.19896e-17
1.960969892e+00  5.5591745e-13  5.55917e-13  5.55904e-13  1.33233e-17
1.970774741e+00  5.5432319e-13  5.54323e-13  5.54308e-13  1.47958e-17
1.980628615e+00  5.5278516e-13  5.52785e-13  5.52769e-13  1.64211e-17
1.990531758e+00  5.5116395e-13  5.51164e-13  5.51146e-13  1.82143e-17
2.000484417e+00  5.4994253e-13  5.49943e-13  5.49922e-13  2.01900e-17
2.010486839e+00  5.4822498e-13  5.48225e-13  5.48203e-13  2.23686e-17
2.020539273e+00  5.4676766e-13  5.46768e-13  5.46743e-13  2.47666e-17
2.030641969e+00  5.4543076e-13  5.45431e-13  5.45403e-13  2.74052e-17
2.040795179e+00  5.4414493e-13  5.44145e-13  5.44115e-13  3.03069e-17
2.050999155e+00  5.4284255e-13  5.42843e-13  5.42809e-13  3.34966e-17
2.061254151e+00  5.4159016e-13  5.41590e-13  5.41553e-13  3.70003e-17
2.071560421e+00  5.3986038e-13  5.39860e-13  5.39820e-13  4.08502e-17
2.081918224e+00  5.3864304e-13  5.38643e-13  5.38598e-13  4.50713e-17
2.092327815e+00  5.3727876e-13  5.37279e-13  5.37229e-13  4.97014e-17
2.102789454e+00  5.3609308e-13  5.36093e-13  5.36038e-13  5.47745e-17
2.113303401e+00  5.3508255e-13  5.35083e-13  5.35022e-13  6.03297e-17
2.123869918e+00  5.3392521e-13  5.33925e-13  5.33859e-13  6.64128e-17
2.134489268e+00  5.3256056e-13  5.32561e-13  5.32487e-13  7.30710e-17
2.145161714e+00  5.3111843e-13  5.31118e-13  5.31038e-13  8.03533e-17
2.155887523e+00  5.3003770e-13  5.30038e-13  5.29949e-13  8.83071e-17
2.166666960e+00  5.2881479e-13  5.28815e-13  5.28718e-13  9.69973e-17
2.177500295e+00  5.2751414e-13  5.27514e-13  5.27408e-13  1.06486e-16
2.188387796e+00  5.2625984e-13  5.26260e-13  5.26143e-13  1.16838e-16
2.199329735e+00  5.2486845e-13  5.24868e-13  5.24740e-13  1.28131e-16
2.210326384e+00  5.2340320e-13  5.23403e-13  5.23263e-13  1.40442e-16
2.221378016e+00  5.2210582e-13  5.22106e-13  5.21952e-13  1.53848e-16
2.232484906e+00  5.2049588e-13  5.20496e-13  5.20327e-13  1.68454e-16
2.243647331e+00  5.1893522e-13  5.18935e-13  5.18751e-13  1.84347e-16
2.254865567e+00  5.1765841e-13  5.17658e-13  5.17457e-13  2.01623e-16
2.266139895e+00  5.1607530e-13  5.16075e-13  5.15855e-13  2.20414e-16
2.277470595e+00  5.1442445e-13  5.14424e-13  5.14184e-13  2.40835e-16
2.288857948e+00  5.1311111e-13  5.13111e-13  5.12848e-13  2.62994e-16
2.300302237e+00  5.1149853e-13  5.11499e-13  5.11211e-13  2.87060e-16
2.311803748e+00  5.0976363e-13  5.09764e-13  5.09450e-13  3.13175e-16
2.323362767e+00  5.0762660e-13  5.07627e-13  5.07285e-13  3.41517e-16
2.334979581e+00  5.0582551e-13  5.05826e-13  5.05453e-13  3.72212e-16
2.346654479e+00  5.0424234e-13  5.04242e-13  5.03837e-13  4.05443e-16
2.358387751e+00  5.0209797e-13  5.02098e-13  5.01657e-13  4.41468e-16
2.370179690e+00  5.0011891e-13  5.00119e-13  4.99638e-13  4.80437e-16
2.382030589e+00  4.9764704e-13  4.97647e-13  4.97124e-13  5.22639e-16
2.393940742e+00  4.9561465e-13  4.95615e-13  4.95046e-13  5.68217e-16
2.405910445e+00  4.9325937e-13  4.93259e-13  4.92642e-13  6.17507e-16
2.417939997e+00  4.9101613e-13  4.91016e-13  4.90345e-13  6.70729e-16
2.430029697e+00  4.8867074e-13  4.88671e-13  4.87943e-13  7.28200e-16
2.442179846e+00  4.8633137e-13  4.86331e-13  4.85541e-13  7.90212e-16
2.454390745e+00  4.8378908e-13  4.83789e-13  4.82932e-13  8.57129e-16
2.466662699e+00  4.8130870e-13  4.81309e-13  4.80379e-13  9.29257e-16
2.478996012e+00  4.7842507e-13  4.78425e-13  4.77418e-13  1.00706e-15
2.491390992e+00  4.7555749e-13  4.75557e-13  4.74467e-13  1.09086e-15
2.503847947e+00  4.7250290e-13  4.72503e-13  4.71322e-13  1.18113e-15
2.516367187e+00  4.6936723e-13  4.69367e-13  4.68089e-13  1.27830e-15
2.528949023e+00  4.6665487e-13  4.66655e-13  4.65272e-13  1.38269e-15
2.541593768e+00  4.6371022e-13  4.63710e-13  4.62215e-13  1.49499e-15
2.554301737e+00  4.6053925e-13  4.60539e-13  4.58923e-13  1.61575e-15
2.567073246e+00  4.5749161e-13  4.57492e-13  4.55746e-13  1.74543e-15
2.579908612e+00  4.5383458e-13  4.53835e-13  4.51950e-13  1.88492e-15
2.592808155e+00  4.5016330e-13  4.50163e-13  4.48129e-13  2.03465e-15
2.605772196e+00  4.4700801e-13  4.47008e-13  4.44813e-13  2.19503e-15
2.618801057e+00  4.4297563e-13  4.42976e-13  4.40608e-13  2.36748e-15
2.631895062e+00  4.3936521e-13  4.39365e-13  4.36813e-13  2.55211e-15
2.645054537e+00  4.3579314e-13  4.35793e-13  4.33043e-13  2.74990e-15
2.658279810e+00  4.3226020e-13  4.32260e-13  4.29298e-13  2.96171e-15
2.671571209e+00  4.2844295e-13  4.28443e-13  4.25254e-13  3.18866e-15
2.684929065e+00  4.2462534e-13  4.24625e-13  4.21194e-13  3.43153e-15
2.698353710e+00  4.2149397e-13  4.21494e-13  4.17803e-13  3.69071e-15
2.711845479e+00  4.1758575e-13  4.17586e-13  4.13617e-13  3.96852e-15
2.725404706e+00  4.1354949e-13  4.13549e-13  4.09284e-13  4.26558e-15
2.739031730e+00  4.0916703e-13  4.09167e-13  4.04584e-13  4.58335e-15
2.752726889e+00  4.0498013e-13  4.04980e-13  4.00058e-13  4.92251e-15
2.766490523e+00  4.0098691e-13  4.00987e-13  3.95703e-13  5.28433e-15
2.780322976e+00  3.9701101e-13  3.97011e-13  3.91341e-13  5.67039e-15
2.794224591e+00  3.9353120e-13  3.93531e-13  3.87450e-13  6.08141e-15
2.808195713e+00  3.8998011e-13  3.89980e-13  3.83460e-13  6.51970e-15
2.822236692e+00  3.8644746e-13  3.86447e-13  3.79461e-13  6.98671e-15
2.836347875e+00  3.8327451e-13  3.83275e-13  3.75791e-13  7.48349e-15
2.850529615e+00  3.8024597e-13  3.80246e-13  3.72234e-13  8.01208e-15
2.864782263e+00  3.7698629e-13  3.76986e-13  3.68411e-13  8.57512e-15
2.879106174e+00  3.7424892e-13  3.74249e-13  3.65076e-13  9.17286e-15
2.893501705e+00  3.7149135e-13  3.71491e-13  3.61683e-13  9.80846e-15
2.907969214e+00  3.6847299e-13  3.68473e-13  3.57988e-13  1.04848e-14
2.922509060e+00  3.6589090e-13  3.65891e-13  3.54689e-13  1.12020e-14
2.937121605e+00  3.6305670e-13  3.63057e-13  3.51092e-13  1.19646e-14
2.951807213e+00  3.6037829e-13  3.60378e-13  3.47605e-13  1.27737e-14
2.966566249e+00  3.5777720e-13  3.57777e-13  3.44145e-13  1.36321e-14
2.981399080e+00  3.5556943e-13  3.55569e-13  3.41028e-13  1.45411e-14
2.996306076e+00  3.5359466e-13  3.53595e-13  3.38091e-13  1.55039e-14
3.011287606e+00  3.5138912e-13  3.51389e-13  3.34864e-13  1.65254e-14
3.026344044e+00  3.4915439e-13  3.49154e-13  3.31546e-13  1.76079e-14
3.041475764e+00  3.4689623e-13  3.46896e-13  3.28142e-13  1.87547e-14
3.056683143e+00  3.4458285e-13  3.44583e-13  3.24614e-13  1.99693e-14
3.071966559e+00  3.4188500e-13  3.41885e-13  3.20628e-13  2.12573e-14
3.087326392e+00  3.3944769e-13  3.39448e-13  3.16829e-13  2.26188e-14
3.102763024e+00  3.3697683e-13  3.36977e-13  3.12917e-13  2.40594e-14
3.118276839e+00  3.3502639e-13  3.35026e-13  3.09448e-13  2.55789e-14
3.133868223e+00  3.3326497e-13  3.33265e-13  3.06081e-13  2.71835e-14
3.149537564e+00  3.3176645e-13  3.31766e-13  3.02890e-13  2.88766e-14
3.165285252e+00  3.3017596e-13  3.30176e-13  2.99510e-13  3.06658e-14
3.181111678e+00  3.2910244e-13  3.29102e-13  2.96553e-13  3.25498e-14
3.197017237e+00  3.2794642e-13  3.27946e-13  2.93407e-13  3.45390e-14
3.213002323e+00  3.2748036e-13  3.27480e-13  2.90850e-13  3.66299e-14
3.229067334e+00  3.2676723e-13  3.26767e-13  2.87929e-13  3.88378e-14
3.245212671e+00  3.2677565e-13  3.26776e-13  2.85619e-13  4.11562e-14
3.261438734e+00  3.2682047e-13  3.26820e-13  2.83222e-13  4.35985e-14
3.277745928e+00  3.2674248e-13  3.26742e-13  2.80569e-13  4.61732e-14
3.294134658e+00  3.2685301e-13  3.26853e-13  2.77971e-13  4.88818e-14
3.310605331e+00  3.2699266e-13  3.26993e-13  2.75260e-13  5.17330e-14
3.327158358e+00  3.2739916e-13  3.27399e-13  2.72670e-13  5.47293e-14
3.343794149e+00  3.2865741e-13  3.28657e-13  2.70792e-13  5.78654e-14
3.360513120e+00  3.3177929e-13  3.31779e-13  2.70655e-13  6.11243e-14
3.377315686e+00  3.3640759e-13  3.36408e-13  2.71894e-13  6.45139e-14
3.394202264e+00  3.3535025e-13  3.35350e-13  2.67145e-13  6.82052e-14
3.411173276e+00  3.3717859e-13  3.37179e-13  2.65163e-13  7.20159e-14
3.428229142e+00  3.3880468e-13  3.38805e-13  2.62781e-13  7.60241e-14
3.445370288e+00  3.3960681e-13  3.39607e-13  2.59349e-13  8.02575e-14
3.462597139e+00  3.4107385e-13  3.41074e-13  2.56389e-13  8.46847e-14
3.479910125e+00  3.4338107e-13  3.43381e-13  2.54075e-13  8.93064e-14
3.497309675e+00  3.4660789e-13  3.46608e-13  2.52483e-13  9.41248e-14
3.514796224e+00  3.4901201e-13  3.49012e-13  2.49803e-13  9.92087e-14
3.532370205e+00  3.5101207e-13  3.51012e-13  2.46454e-13  1.04558e-13
3.550032056e+00  3.5430417e-13  3.54304e-13  2.44186e-13  1.10118e-13
3.567782216e+00  3.5781446e-13  3.57814e-13  2.41878e-13  1.15937e-13
3.585621127e+00  3.6183570e-13  3.61836e-13  2.39823e-13  1.22013e-13
3.603549233e+00  3.6609242e-13  3.66092e-13  2.37725e-13  1.28367e-13
3.621566979e+00  3.7065174e-13  3.70652e-13  2.35643e-13  1.35009e-13
3.639674814e+00  3.7574180e-13  3.75742e-13  2.33806e-13  1.41936e-13
3.657873188e+00  3.8101641e-13  3.81016e-13  2.31839e-13  1.49178e-13
3.676162554e+00  3.8643818e-13  3.86438e-13  2.29688e-13  1.56751e-13
3.694543367e+00  3.9231397e-13  3.92314e-13  2.27666e-13  1.64648e-13
3.713016084e+00  3.9865170e-13  3.98652e-13  2.25771e-13  1.72881e-13
3.731581164e+00  4.0538264e-13  4.05383e-13  2.23917e-13  1.81466e-13
3.750239070e+00  4.1259402e-13  4.12594e-13  2.22186e-13  1.90408e-13
3.768990265e+00  4.1979479e-13  4.19795e-13  2.20031e-13  1.99764e-13
3.787835216e+00  4.2772849e-13  4.27728e-13  2.18244e-13  2.09484e-13
3.806774393e+00  4.3615223e-13  4.36152e-13  2.16550e-13  2.19602e-13
3.825808265e+00  4.4493247e-13  4.44932e-13  2.14788e-13  2.30145e-13
3.844937306e+00  4.5394393e-13  4.53944e-13  2.12801e-13  2.41143e-13
3.864161992e+00  4.6379285e-13  4.63793e-13  2.11247e-13  2.52545e-13
3.883482802e+00  4.7346608e-13  4.73466e-13  2.08979e-13  2.64487e-13
3.902900216e+00  4.8422946e-13  4.84229e-13  2.07398e-13  2.76831e-13
3.922414717e+00  4.9542462e-13  4.95425e-13  2.05751e-13  2.89674e-13
3.942026791e+00  5.0711377e-13  5.07114e-13  2.04090e-13  3.03024e-13
3.961736925e+00  5.1927033e-13  5.19270e-13  2.02365e-13  3.16905e-13
3.981545610e+00  5.3208303e-13  5.32083e-13  2.00777e-13  3.31306e-13
4.001453338e+00  5.4547915e-13  5.45479e-13  1.99224e-13  3.46255e-13
4.021460604e+00  5.5943298e-13  5.59433e-13  1.97657e-13  3.61776e-13
4.041567907e+00  5.7390202e-13  5.73902e-13  1.96003e-13  3.77899e-13
4.061775747e+00  5.8888806e-13  5.88888e-13  1.94242e-13  3.94646e-13
4.082084626e+00  6.0466546e-13  6.04665e-13  1.92685e-13  4.11981e-13
4.102495049e+00  6.2093950e-13  6.20940e-13  1.90950e-13  4.29990e-13
4.123007524e+00  6.3790438e-13  6.37904e-13  1.89252e-13  4.48653e-13
4.143622562e+00  6.5564965e-13  6.55650e-13  1.87683e-13  4.67967e-13
4.164340674e+00  6.7399270e-13  6.73993e-13  1.85988e-13  4.88005e-13
4.185162378e+00  6.9318468e-13  6.93185e-13  1.84466e-13  5.08719e-13
4.206088190e+00  7.1291499e-13  7.12915e-13  1.82683e-13  5.30232e-13
4.227118631e+00  7.3336638e-13  7.33366e-13  1.80848e-13  5.52519e-13
4.248254224e+00  7.5467455e-13  7.54675e-13  1.79118e-13  5.75556e-13
4.269495495e+00  7.7688532e-13  7.76885e-13  1.77536e-13  5.99349e-13
4.290842972e+00  7.9987469e-13  7.99875e-13  1.75900e-13  6.23974e-13
4.312297187e+00  8.2369640e-13  8.23696e-13  1.74256e-13  6.49440e-13
4.333858673e+00  8.4835825e-13  8.48358e-13  1.72583e-13  6.75775e-13
4.355527967e+00  8.7376050e-13  8.73761e-13  1.70689e-13  7.03071e-13
4.377305606e+00  9.0017843e-13  9.00178e-13  1.68962e-13  7.31217e-13
4.399192134e+00  9.2759784e-13  9.27598e-13  1.67355e-13  7.60243e-13
4.421188095e+00  9.5595945e-13  9.55959e-13  1.65741e-13  7.90218e-13
4.443294036e+00  9.8532171e-13  9.85322e-13  1.64182e-13  8.21139e-13
4.465510506e+00  1.0155914e-12  1.01559e-12  1.62473e-13  8.53118e-13
4.487838058e+00  1.0470168e-12  1.04702e-12  1.61023e-13  8.85994e-13
4.510277249e+00  1.0794186e-12  1.07942e-12  1.59464e-13  9.19955e-13
4.532828635e+00  1.1128480e-12  1.11285e-12  1.57838e-13  9.55010e-13
4.555492778e+00  1.1472893e-12  1.14729e-12  1.56050e-13  9.91240e-13
4.578270242e+00  1.1827470e-12  1.18275e-12  1.54024e-13  1.02872e-12
4.601161593e+00  1.2193852e-12  1.21939e-12  1.52058e-13  1.06733e-12
4.624167401e+00  1.2571440e-12  1.25714e-12  1.49940e-13  1.10720e-12
4.647288238e+00  1.2960838e-12  1.29608e-12  1.47731e-13  1.14835e-12
4.670524679e+00  1.3362280e-12  1.33623e-12  1.45396e-13  1.19083e-12
4.693877303e+00  1.3776108e-12  1.37761e-12  1.42920e-13  1.23469e-12
4.717346689e+00  1.4202939e-12  1.42029e-12  1.40380e-13  1.27991e-12
4.740933423e+00  1.4642876e-12  1.46429e-12  1.37670e-13  1.32662e-12
4.764638090e+00  1.5096503e-12  1.50965e-12  1.34847e-13  1.37480e-12
4.788461280e+00  1.5563991e-12  1.55640e-12  1.31752e-13  1.42465e-12
4.812403587e+00  1.6045941e-12  1.60459e-12  1.28376e-13  1.47622e-12
4.836465604e+00  1.6543006e-12  1.65430e-12  1.24724e-13  1.52958e-12
4.860647933e+00  1.7056000e-12  1.70560e-12  1.21161e-13  1.58444e-12
4.884951172e+00  1.7585174e-12  1.75852e-12  1.17384e-13  1.64113e-12
4.909375928e+00  1.8131004e-12  1.81310e-12  1.13750e-13  1.69935e-12
4.933922808e+00  1.8693292e-12  1.86933e-12  1.10686e-13  1.75864e-12
4.958592422e+00  1.9271964e-12  1.92720e-12  1.07940e-13  1.81926e-12
4.983385384e+00  1.9867079e-12  1.98671e-12  1.05418e-13  1.88129e-12
5.008302311e+00  2.0478691e-12  2.04787e-12  1.03099e-13  1.94477e-12
5.033343822e+00  2.1106402e-12  2.11064e-12  1.01129e-13  2.00951e-12
5.058510541e+00  2.1750504e-12  2.17505e-12  9.93492e-14  2.07570e-12
5.083803094e+00  2.2410550e-12  2.24105e-12  9.78706e-14  2.14318e-12
5.109222110e+00  2.3086859e-12  2.30869e-12  9.65719e-14  2.21211e-12
5.134768220e+00  2.3779652e-12  2.37797e-12  9.54004e-14  2.28256e-12
5.160442061e+00  2.4490243e-12  2.44902e-12  9.41295e-14  2.35489e-12
5.186244272e+00  2.5217958e-12  2.52180e-12  9.29362e-14  2.42886e-12
5.212175493e+00  2.5964006e-12  2.59640e-12  9.16616e-14  2.50474e-12
5.238236370e+00  2.6729021e-12  2.67290e-12  9.02770e-14  2.58263e-12
5.264427552e+00  2.7513335e-12  2.75133e-12  8.88009e-14  2.66253e-12
5.290749690e+00  2.8315174e-12  2.83152e-12  8.74806e-14  2.74404e-12
5.317203438e+00  2.9134494e-12  2.91345e-12  8.63125e-14  2.82714e-12
5.343789456e+00  2.9970609e-12  2.99706e-12  8.53527e-14  2.91171e-12
5.370508403e+00  3.0824505e-12  3.08245e-12  8.44920e-14  2.99796e-12
5.397360945e+00  3.1696194e-12  3.16962e-12  8.37278e-14  3.08589e-12
5.424347750e+00  3.2585488e-12  3.25855e-12  8.30724e-14  3.17548e-12
5.451469488e+00  3.3492744e-12  3.34927e-12  8.24941e-14  3.26678e-12
5.478726836e+00  3.4417975e-12  3.44180e-12  8.19910e-14  3.35981e-12
5.506120470e+00  3.5365210e-12  3.53652e-12  8.13044e-14  3.45522e-12
5.533651072e+00  3.6331535e-12  3.63315e-12  8.06514e-14  3.55250e-12
5.561319328e+00  3.7316551e-12  3.73166e-12  8.00591e-14  3.65160e-12
5.589125924e+00  3.8323385e-12  3.83234e-12  7.93593e-14  3.75298e-12
5.617071554e+00  3.9352754e-12  3.93528e-12  7.85413e-14  3.85673e-12
5.645156912e+00  4.0400321e-12  4.04003e-12  7.78402e-14  3.96219e-12
5.673382696e+00  4.1470679e-12  4.14707e-12  7.70367e-14  4.07003e-12
5.701749610e+00  4.2557477e-12  4.25575e-12  7.64285e-14  4.17932e-12
5.730258358e+00  4.3664174e-12  4.36642e-12  7.58511e-14  4.29057e-12
5.758909650e+00  4.4796519e-12  4.47965e-12  7.50799e-14  4.40457e-12
5.787704198e+00  4.5960816e-12  4.59608e-12  7.39112e-14  4.52217e-12
5.816642719e+00  4.7142872e-12  4.71429e-12  7.29120e-14  4.64138e-12
5.845725932e+00  4.8345711e-12  4.83457e-12  7.19628e-14  4.76261e-12
5.874954562e+00  4.9565426e-12  4.95654e-12  7.11895e-14  4.88535e-12
5.904329335e+00  5.0810068e-12  5.08101e-12  7.03230e-14  5.01068e-12
5.933850982e+00  5.2077989e-12  5.20780e-12  6.94284e-14  5.13837e-12
5.963520237e+00  5.3379396e-12  5.33794e-12  6.82216e-14  5.26972e-12
5.993337838e+00  5.4693555e-12  5.46936e-12  6.73127e-14  5.40204e-12
6.023304527e+00  5.6043182e-12  5.60432e-12  6.60735e-14  5.53824e-12
6.053421050e+00  5.7405682e-12  5.74057e-12  6.51158e-14  5.67545e-12
6.083688155e+00  5.8802387e-12  5.88024e-12  6.38946e-14  5.81634e-12
6.114106596e+00  6.0225773e-12  6.02258e-12  6.26184e-14  5.95996e-12
6.144677129e+00  6.1673571e-12  6.16736e-12  6.13478e-14  6.10601e-12
6.175400514e+00  6.3135581e-12  6.31356e-12  6.03039e-14  6.25325e-12
6.206277517e+00  6.4623847e-12  6.46238e-12  5.92156e-14  6.40317e-12
6.237308904e+00  6.6132900e-12  6.61329e-12  5.81987e-14  6.55509e-12
6.268495449e+00  6.7667273e-12  6.76673e-12  5.71609e-14  6.70957e-12
6.299837926e+00  6.9218600e-12  6.92186e-12  5.62602e-14  6.86560e-12
6.331337116e+00  7.0798257e-12  7.07983e-12  5.52816e-14  7.02454e-12
6.362993801e+00  7.2393763e-12  7.23938e-12  5.44480e-14  7.18493e-12
6.394808770e+00  7.4018407e-12  7.40184e-12  5.35262e-14  7.34831e-12
6.426782814e+00  7.5641998e-12  7.56420e-12  5.30062e-14  7.51119e-12
6.458916728e+00  7.7320619e-12  7.73206e-12  5.19863e-14  7.68008e-12
6.491211312e+00  7.8997935e-12  7.89979e-12  5.13526e-14  7.84844e-12
6.523667368e+00  8.0730907e-12  8.07309e-12  5.02511e-14  8.02284e-12
6.556285705e+00  8.2471387e-12  8.24714e-12  4.93949e-14  8.19774e-12
6.589067134e+00  8.4228923e-12  8.42289e-12  4.86326e-14  8.37426e-12
6.622012469e+00  8.6026022e-12  8.60260e-12  4.76640e-14  8.55494e-12
6.655122532e+00  8.7834538e-12  8.78345e-12  4.68614e-14  8.73659e-12
6.688398144e+00  8.9686860e-12  8.96869e-12  4.58168e-14  8.92287e-12
6.721840135e+00  9.1546825e-12  9.15468e-12  4.49769e-14  9.10971e-12
6.755449336e+00  9.3437670e-12  9.34377e-12  4.40590e-14  9.29971e-12
6.789226583e+00  9.5327632e-12  9.53276e-12  4.34188e-14  9.48934e-12
6.823172715e+00  9.7254285e-12  9.72543e-12  4.26306e-14  9.68280e-12
6.857288579e+00  9.9190407e-12  9.91904e-12  4.19878e-14  9.87705e-12
6.891575022e+00  1.0117518e-11  1.01175e-11  4.10853e-14  1.00764e-11
6.926032897e+00  1.0317306e-11  1.03173e-11  4.02902e-14  1.02770e-11
6.960663062e+00  1.0518725e-11  1.05187e-11  3.95622e-14  1.04792e-11
6.995466377e+00  1.0722843e-11  1.07228e-11  3.87973e-14  1.06840e-11
7.030443709e+00  1.0929363e-11  1.09294e-11  3.80243e-14  1.08913e-11
7.065595927e+00  1.1135827e-11  1.11358e-11  3.74537e-14  1.10984e-11
7.100923907e+00  1.1345996e-11  1.13460e-11  3.67544e-14  1.13092e-11
7.136428526e+00  1.1557170e-11  1.15572e-11  3.61541e-14  1.15210e-11
7.172110669e+00  1.1771415e-11  1.17714e-11  3.54815e-14  1.17359e-11
7.207971222e+00  1.1987729e-11  1.19877e-11  3.48179e-14  1.19529e-11
7.244011079e+00  1.2204674e-11  1.22047e-11  3.42680e-14  1.21704e-11
7.280231134e+00  1.2424426e-11  1.24244e-11  3.36645e-14  1.23908e-11
7.316632290e+00  1.2646151e-11  1.26462e-11  3.30689e-14  1.26131e-11
7.353215451e+00  1.2868824e-11  1.28688e-11  3.25491e-14  1.28363e-11
7.389981528e+00  1.3094270e-11  1.30943e-11  3.19769e-14  1.30623e-11
7.426931436e+00  1.3319917e-11  1.33199e-11  3.15208e-14  1.32884e-11
7.464066093e+00  1.3547623e-11  1.35476e-11  3.10536e-14  1.35166e-11
7.501386424e+00  1.3776700e-11  1.37767e-11  3.06167e-14  1.37461e-11
7.538893356e+00  1.4006822e-11  1.40068e-11  3.02256e-14  1.39766e-11
7.576587822e+00  1.4238337e-11  1.42383e-11  2.98550e-14  1.42085e-11
7.614470762e+00  1.4471482e-11  1.44715e-11  2.94885e-14  1.44420e-11
7.652543115e+00  1.4706223e-11  1.47062e-11  2.91261e-14  1.46771e-11
7.690805831e+00  1.4940760e-11  1.49408e-11  2.88616e-14  1.49119e-11
7.729259860e+00  1.5176763e-11  1.51768e-11  2.85994e-14  1.51482e-11
7.767906159e+00  1.5414346e-11  1.54143e-11  2.83318e-14  1.53860e-11
7.806745690e+00  1.5651470e-11  1.56515e-11  2.81579e-14  1.56233e-11
7.845779419e+00  1.5886432e-11  1.58864e-11  2.81507e-14  1.58583e-11
7.885008316e+00  1.6106242e-11  1.61062e-11  2.89038e-14  1.60773e-11
7.924433357e+00  1.6332147e-11  1.63321e-11  2.93888e-14  1.63028e-11
7.964055524e+00  1.6585151e-11  1.65852e-11  2.86880e-14  1.65565e-11
8.003875802e+00  1.6845184e-11  1.68452e-11  2.77573e-14  1.68174e-11
8.043895181e+00  1.7112467e-11  1.71125e-11  2.66032e-14  1.70859e-11
8.084114657e+00  1.7399666e-11  1.73997e-11  2.47179e-14  1.73749e-11
8.124535230e+00  1.7699329e-11  1.76993e-11  2.24542e-14  1.76769e-11
8.165157906e+00  1.7999947e-11  1.79999e-11  2.02928e-14  1.79797e-11
8.205983696e+00  1.8299966e-11  1.83000e-11  1.82870e-14  1.82817e-11
8.247013614e+00  1.8596460e-11  1.85965e-11  1.65364e-14  1.85799e-11
8.288248682e+00  1.8887831e-11  1.88878e-11  1.50823e-14  1.88727e-11
8.329689926e+00  1.9175234e-11  1.91752e-11  1.38629e-14  1.91614e-11
8.371338375e+00  1.9451288e-11  1.94513e-11  1.31199e-14  1.94382e-11
8.413195067e+00  1.9719089e-11  1.97191e-11  1.27144e-14  1.97064e-11
8.455261042e+00  1.9977994e-11  1.99780e-11  1.26439e-14  1.99653e-11
8.497537348e+00  2.0234339e-11  2.02343e-11  1.26779e-14  2.02217e-11
8.540025034e+00  2.0485314e-11  2.04853e-11  1.28973e-14  2.04724e-11
8.582725160e+00  2.0733093e-11  2.07331e-11  1.32204e-14  2.07199e-11
8.625638785e+00  2.0981231e-11  2.09812e-11  1.35300e-14  2.09677e-11
8.668766979e+00  2.1229052e-11  2.12291e-11  1.38453e-14  2.12152e-11
8.712110814e+00  2.1485240e-11  2.14852e-11  1.39110e-14  2.14713e-11
8.755671368e+00  2.1753094e-11  2.17531e-11  1.36476e-14  2.17394e-11
8.799449725e+00  2.2047884e-11  2.20479e-11  1.26488e-14  2.20352e-11
8.843446974e+00  2.2371450e-11  2.23714e-11  1.09107e-14  2.23605e-11
8.887664209e+00  2.2721632e-11  2.27216e-11  8.53792e-15  2.27131e-11
8.932102530e+00  2.3051139e-11  2.30511e-11  6.80787e-15  2.30443e-11
8.976763042e+00  2.3339770e-11  2.33398e-11  6.19781e-15  2.33336e-11
9.021646857e+00  2.3550110e-11  2.35501e-11  7.57531e-15  2.35425e-11
9.066755092e+00  2.3658345e-11  2.36583e-11  1.13998e-14  2.36469e-11
9.112088867e+00  2.3692326e-11  2.36923e-11  1.68476e-14  2.36755e-11
9.157649312e+00  2.3704738e-11  2.37047e-11  2.25740e-14  2.36822e-11
9.203437558e+00  2.3770047e-11  2.37700e-11  2.68389e-14  2.37432e-11
9.249454746e+00  2.3870481e-11  2.38705e-11  3.01267e-14  2.38404e-11
9.295702020e+00  2.3988136e-11  2.39881e-11  3.28880e-14  2.39552e-11
9.342180530e+00  2.4161202e-11  2.41612e-11  3.43222e-14  2.41269e-11
9.388891432e+00  2.4386206e-11  2.43862e-11  3.45790e-14  2.43516e-11
9.435835890e+00  2.4655575e-11  2.46556e-11  3.38839e-14  2.46217e-11
9.483015069e+00  2.4965763e-11  2.49658e-11  3.23640e-14  2.49334e-11
9.530430144e+00  2.5329571e-11  2.53296e-11  2.98108e-14  2.52998e-11
9.578082295e+00  2.5701307e-11  2.57013e-11  2.71820e-14  2.56741e-11
9.625972707e+00  2.6089150e-11  2.60892e-11  2.43252e-14  2.60648e-11
9.674102570e+00  2.6493745e-11  2.64937e-11  2.12423e-14  2.64725e-11
9.722473083e+00  2.6860990e-11  2.68610e-11  1.89501e-14  2.68420e-11
9.771085448e+00  2.7196010e-11  2.71960e-11  1.73117e-14  2.71787e-11
9.819940876e+00  2.7485201e-11  2.74852e-11  1.65337e-14  2.74687e-11
9.869040580e+00  2.7675312e-11  2.76753e-11  1.75003e-14  2.76578e-11
9.918385783e+00  2.7735604e-11  2.77356e-11  2.06423e-14  2.77150e-11
9.967977712e+00  2.7594118e-11  2.75941e-11  2.70513e-14  2.75671e-11
1.001781760e+01  2.7426489e-11  2.74265e-11  3.36370e-14  2.73929e-11
1.006790669e+01  2.7235440e-11  2.72354e-11  4.03402e-14  2.71951e-11
1.011824622e+01  2.7040046e-11  2.70400e-11  4.68453e-14  2.69932e-11
1.016883745e+01  2.6872875e-11  2.68729e-11  5.26473e-14  2.68202e-11
1.021968164e+01  2.6751419e-11  2.67514e-11  5.75100e-14  2.66939e-11
1.027078005e+01  2.6710083e-11  2.67101e-11  6.09587e-14  2.66491e-11
1.032213395e+01  2.6771558e-11  2.67716e-11  6.27277e-14  2.67088e-11
1.037374462e+01  2.6967512e-11  2.69675e-11  6.24405e-14  2.69051e-11
1.042561334e+01  2.7243288e-11  2.72433e-11  6.09865e-14  2.71823e-11
1.047774141e+01  2.7513185e-11  2.75132e-11  5.96334e-14  2.74536e-11
1.053013012e+01  2.7725897e-11  2.77259e-11  5.90865e-14  2.76668e-11
1.058278077e+01  2.7850131e-11  2.78501e-11  5.97306e-14  2.77904e-11
1.063569467e+01  2.7883165e-11  2.78832e-11  6.15410e-14  2.78216e-11
1.068887314e+01  2.7865570e-11  2.78656e-11  6.39241e-14  2.78016e-11
1.074231751e+01  2.7820362e-11  2.78204e-11  6.65518e-14  2.77538e-11
1.079602910e+01  2.7822115e-11  2.78221e-11  6.84617e-14  2.77537e-11
1.085000924e+01  2.7811211e-11  2.78112e-11  7.04332e-14  2.77408e-11
1.090425929e+01  2.7834377e-11  2.78344e-11  7.18870e-14  2.77625e-11
1.095878058e+01  2.7868652e-11  2.78687e-11  7.31249e-14  2.77955e-11
1.101357449e+01  2.7926833e-11  2.79268e-11  7.40038e-14  2.78528e-11
1.106864236e+01  2.8014927e-11  2.80149e-11  7.44698e-14  2.79405e-11
1.112398557e+01  2.8108975e-11  2.81090e-11  7.48179e-14  2.80342e-11
1.117960550e+01  2.8280086e-11  2.82801e-11  7.42469e-14  2.82058e-11
1.123550353e+01  2.8500710e-11  2.85007e-11  7.31074e-14  2.84276e-11
1.129168104e+01  2.8665749e-11  2.86657e-11  7.25803e-14  2.85932e-11
1.134813945e+01  2.8682118e-11  2.86821e-11  7.36431e-14  2.86085e-11
1.140488015e+01  2.8678820e-11  2.86788e-11  7.48486e-14  2.86040e-11
1.146190455e+01  2.8830495e-11  2.88305e-11  7.43597e-14  2.87561e-11
1.151921407e+01  2.9093552e-11  2.90936e-11  7.27034e-14  2.90208e-11
1.157681014e+01  2.9476125e-11  2.94761e-11  6.98505e-14  2.94063e-11
1.163469419e+01  2.9885454e-11  2.98855e-11  6.67838e-14  2.98187e-11
1.169286766e+01  3.0244372e-11  3.02444e-11  6.42740e-14  3.01801e-11
1.175133200e+01  3.0592572e-11  3.05926e-11  6.19119e-14  3.05307e-11
1.181008866e+01  3.0979516e-11  3.09795e-11  5.92187e-14  3.09203e-11
1.186913910e+01  3.1362833e-11  3.13628e-11  5.66088e-14  3.13062e-11
1.192848480e+01  3.1718562e-11  3.17186e-11  5.43015e-14  3.16643e-11
1.198812722e+01  3.2100080e-11  3.21001e-11  5.17964e-14  3.20483e-11
1.204806786e+01  3.2490422e-11  3.24904e-11  4.92554e-14  3.24412e-11
1.210830820e+01  3.2859406e-11  3.28594e-11  4.69489e-14  3.28125e-11
1.216884974e+01  3.3214238e-11  3.32142e-11  4.48044e-14  3.31694e-11
1.222969399e+01  3.3618035e-11  3.36180e-11  4.22708e-14  3.35758e-11
1.229084246e+01  3.4004298e-11  3.40043e-11  3.99310e-14  3.39644e-11
1.235229667e+01  3.4319499e-11  3.43195e-11  3.82263e-14  3.42813e-11
1.241405815e+01  3.4636174e-11  3.46362e-11  3.65308e-14  3.45996e-11
1.247612845e+01  3.4944184e-11  3.49442e-11  3.49272e-14  3.49093e-11
1.253850909e+01  3.5242588e-11  3.52426e-11  3.34197e-14  3.52092e-11
1.260120163e+01  3.5532008e-11  3.55320e-11  3.19996e-14  3.55000e-11
1.266420764e+01  3.5819783e-11  3.58198e-11  3.06063e-14  3.57892e-11
1.272752868e+01  3.6095965e-11  3.60960e-11  2.93158e-14  3.60666e-11
1.279116632e+01  3.6354415e-11  3.63544e-11  2.81709e-14  3.63262e-11
1.285512215e+01  3.6599283e-11  3.65993e-11  2.71348e-14  3.65721e-11
1.291939776e+01  3.6823176e-11  3.68232e-11  2.62583e-14  3.67969e-11
1.298399475e+01  3.7031062e-11  3.70311e-11  2.54987e-14  3.70056e-11
1.304891473e+01  3.7218310e-11  3.72183e-11  2.48851e-14  3.71934e-11
1.311415930e+01  3.7383469e-11  3.73835e-11  2.44222e-14  3.73590e-11
1.317973010e+01  3.7527115e-11  3.75271e-11  2.41001e-14  3.75030e-11
1.324562875e+01  3.7657597e-11  3.76576e-11  2.38554e-14  3.76337e-11
1.331185689e+01  3.7791993e-11  3.77920e-11  2.35684e-14  3.77684e-11
1.337841618e+01  3.7934876e-11  3.79349e-11  2.32095e-14  3.79117e-11
1.344530826e+01  3.8090877e-11  3.80909e-11  2.27506e-14  3.80681e-11
1.351253480e+01  3.8253515e-11  3.82535e-11  2.22383e-14  3.82313e-11
1.358009747e+01  3.8420784e-11  3.84208e-11  2.16878e-14  3.83991e-11
1.364799796e+01  3.8576086e-11  3.85761e-11  2.12071e-14  3.85549e-11
1.371623795e+01  3.8720572e-11  3.87206e-11  2.07865e-14  3.86998e-11
1.378481914e+01  3.8842854e-11  3.88429e-11  2.04953e-14  3.88224e-11
1.385374323e+01  3.8949470e-11  3.89495e-11  2.02882e-14  3.89292e-11
1.392301195e+01  3.9041147e-11  3.90411e-11  2.01579e-14  3.90210e-11
1.399262701e+01  3.9110190e-11  3.91102e-11  2.01481e-14  3.90900e-11
1.406259015e+01  3.9172097e-11  3.91721e-11  2.01618e-14  3.91519e-11
1.413290310e+01  3.9207335e-11  3.92073e-11  2.03136e-14  3.91870e-11
1.420356761e+01  3.9260788e-11  3.92608e-11  2.03368e-14  3.92405e-11
1.427458545e+01  3.9302797e-11  3.93028e-11  2.04067e-14  3.92824e-11
1.434595838e+01  3.9320930e-11  3.93209e-11  2.05926e-14  3.93003e-11
1.441768817e+01  3.9332174e-11  3.93322e-11  2.07947e-14  3.93114e-11
1.448977661e+01  3.9345094e-11  3.93451e-11  2.09649e-14  3.93241e-11
1.456222549e+01  3.9364890e-11  3.93649e-11  2.10755e-14  3.93438e-11
1.463503662e+01  3.9382163e-11  3.93822e-11  2.11798e-14  3.93610e-11
1.470821180e+01  3.9380976e-11  3.93810e-11  2.13637e-14  3.93596e-11
1.478175286e+01  3.9375514e-11  3.93755e-11  2.15490e-14  3.93540e-11
1.485566163e+01  3.9383531e-11  3.93835e-11  2.16423e-14  3.93619e-11
1.492993994e+01  3.9392558e-11  3.93926e-11  2.17116e-14  3.93708e-11
1.500458964e+01  3.9381789e-11  3.93818e-11  2.18646e-14  3.93599e-11
1.507961258e+01  3.9408555e-11  3.94086e-11  2.18071e-14  3.93867e-11
1.515501065e+01  3.9433427e-11  3.94334e-11  2.17443e-14  3.94117e-11
1.523078570e+01  3.9476040e-11  3.94760e-11  2.15787e-14  3.94545e-11
1.530693963e+01  3.9541723e-11  3.95417e-11  2.12875e-14  3.95204e-11
1.538347433e+01  3.9592553e-11  3.95926e-11  2.10595e-14  3.95715e-11
1.546039170e+01  3.9642058e-11  3.96421e-11  2.08275e-14  3.96212e-11
1.553769366e+01  3.9689811e-11  3.96898e-11  2.05937e-14  3.96692e-11
1.561538212e+01  3.9719597e-11  3.97196e-11  2.04349e-14  3.96992e-11
1.569345903e+01  3.9740159e-11  3.97402e-11  2.03079e-14  3.97199e-11
1.577192633e+01  3.9758957e-11  3.97590e-11  2.01774e-14  3.97388e-11
1.585078596e+01  3.9799746e-11  3.97997e-11  1.99349e-14  3.97798e-11
1.593003989e+01  3.9862153e-11  3.98622e-11  1.95858e-14  3.98426e-11
1.600969009e+01  3.9938312e-11  3.99383e-11  1.91685e-14  3.99191e-11
1.608973854e+01  4.0002706e-11  4.00027e-11  1.87983e-14  3.99839e-11
1.617018723e+01  4.0076038e-11  4.00760e-11  1.83832e-14  4.00577e-11
1.625103817e+01  4.0129227e-11  4.01292e-11  1.80508e-14  4.01112e-11
1.633229336e+01  4.0182543e-11  4.01825e-11  1.77117e-14  4.01648e-11
1.641395483e+01  4.0229819e-11  4.02298e-11  1.73925e-14  4.02124e-11
1.649602460e+01  4.0289153e-11  4.02892e-11  1.70162e-14  4.02721e-11
1.657850473e+01  4.0398974e-11  4.03990e-11  1.64243e-14  4.03825e-11
1.666139725e+01  4.0478946e-11  4.04789e-11  1.59554e-14  4.04630e-11
1.674470424e+01  4.0563503e-11  4.05635e-11  1.54649e-14  4.05480e-11
1.682842776e+01  4.0577572e-11  4.05776e-11  1.52581e-14  4.05623e-11
1.691256990e+01  4.0537499e-11  4.05375e-11  1.52614e-14  4.05222e-11
1.699713274e+01  4.0468039e-11  4.04680e-11  1.53703e-14  4.04527e-11
1.708211841e+01  4.0330377e-11  4.03304e-11  1.57350e-14  4.03146e-11
1.716752900e+01  4.0167398e-11  4.01674e-11  1.61809e-14  4.01512e-11
1.725336665e+01  3.9904587e-11  3.99046e-11  1.69940e-14  3.98876e-11
1.733963348e+01  3.9589285e-11  3.95893e-11  1.79828e-14  3.95713e-11
1.742633165e+01  3.9182811e-11  3.91828e-11  1.92894e-14  3.91635e-11
1.751346330e+01  3.8779236e-11  3.87792e-11  2.05510e-14  3.87587e-11
1.760103062e+01  3.8302428e-11  3.83024e-11  2.20528e-14  3.82804e-11
1.768903577e+01  3.7927823e-11  3.79278e-11  2.31400e-14  3.79047e-11
1.777748095e+01  3.7593281e-11  3.75933e-11  2.40512e-14  3.75692e-11
1.786636836e+01  3.7413119e-11  3.74131e-11  2.43764e-14  3.73887e-11
1.795570020e+01  3.7305774e-11  3.73058e-11  2.44243e-14  3.72813e-11
1.804547870e+01  3.7229844e-11  3.72298e-11  2.43501e-14  3.72055e-11
1.813570609e+01  3.7093597e-11  3.70936e-11  2.44812e-14  3.70691e-11
1.822638462e+01  3.6900725e-11  3.69007e-11  2.47995e-14  3.68759e-11
1.831751655e+01  3.6659303e-11  3.66593e-11  2.52721e-14  3.66340e-11
1.840910413e+01  3.6338028e-11  3.63380e-11  2.60030e-14  3.63120e-11
1.850114965e+01  3.6061723e-11  3.60617e-11  2.65594e-14  3.60352e-11
1.859365540e+01  3.5732103e-11  3.57321e-11  2.72785e-14  3.57048e-11
1.868662368e+01  3.5448792e-11  3.54488e-11  2.78218e-14  3.54210e-11
1.878005679e+01  3.5212986e-11  3.52130e-11  2.81898e-14  3.51848e-11
1.887395708e+01  3.4991941e-11  3.49919e-11  2.84950e-14  3.49634e-11
1.896832686e+01  3.4817340e-11  3.48173e-11  2.86353e-14  3.47887e-11
1.906316850e+01  3.4639595e-11  3.46396e-11  2.87760e-14  3.46108e-11
1.915848434e+01  3.4490362e-11  3.44904e-11  2.88150e-14  3.44615e-11
1.925427676e+01  3.4369975e-11  3.43700e-11  2.87538e-14  3.43412e-11
1.935054815e+01  3.4229120e-11  3.42291e-11  2.87514e-14  3.42004e-11
1.944730089e+01  3.4065762e-11  3.40658e-11  2.88126e-14  3.40369e-11
1.954453739e+01  3.3922633e-11  3.39226e-11  2.88030e-14  3.38938e-11
1.964226008e+01  3.3762719e-11  3.37627e-11  2.88386e-14  3.37339e-11
1.974047138e+01  3.3611859e-11  3.36119e-11  2.88392e-14  3.35830e-11
1.983917374e+01  3.3481587e-11  3.34816e-11  2.87707e-14  3.34528e-11
1.993836960e+01  3.3364551e-11  3.33646e-11  2.86569e-14  3.33359e-11
2.003806145e+01  3.3271356e-11  3.32714e-11  2.84671e-14  3.32429e-11
2.013825176e+01  3.3176350e-11  3.31763e-11  2.82795e-14  3.31481e-11
2.023894302e+01  3.3068516e-11  3.30685e-11  2.81268e-14  3.30404e-11
2.034013773e+01  3.2971682e-11  3.29717e-11  2.79383e-14  3.29437e-11
2.044183842e+01  3.2850271e-11  3.28503e-11  2.78184e-14  3.28225e-11
2.054404761e+01  3.2682934e-11  3.26829e-11  2.78273e-14  3.26551e-11
2.064676785e+01  3.2463254e-11  3.24633e-11  2.79807e-14  3.24353e-11
2.075000169e+01  3.2225641e-11  3.22256e-11  2.81774e-14  3.21975e-11
2.085375170e+01  3.1946357e-11  3.19464e-11  2.84837e-14  3.19179e-11
2.095802046e+01  3.1681352e-11  3.16814e-11  2.87405e-14  3.16526e-11
2.106281056e+01  3.1439326e-11  3.14393e-11  2.89246e-14  3.14104e-11
2.116812461e+01  3.1247620e-11  3.12476e-11  2.89622e-14  3.12187e-11
2.127396524e+01  3.1135786e-11  3.11358e-11  2.87755e-14  3.11070e-11
2.138033506e+01  3.1073847e-11  3.10738e-11  2.84510e-14  3.10454e-11
2.148723674e+01  3.1114715e-11  3.11147e-11  2.78486e-14  3.10869e-11
2.159467292e+01  3.1245233e-11  3.12452e-11  2.70097e-14  3.12182e-11
2.170264629e+01  3.1373054e-11  3.13731e-11  2.61854e-14  3.13469e-11
2.181115952e+01  3.1494899e-11  3.14949e-11  2.53842e-14  3.14695e-11
2.192021532e+01  3.1647979e-11  3.16480e-11  2.45079e-14  3.16235e-11
2.202981639e+01  3.1778629e-11  3.17786e-11  2.36982e-14  3.17549e-11
2.213996547e+01  3.1908956e-11  3.19090e-11  2.28966e-14  3.18861e-11
2.225066530e+01  3.2003283e-11  3.20033e-11  2.21947e-14  3.19811e-11
2.236191863e+01  3.2094625e-11  3.20946e-11  2.15064e-14  3.20731e-11
2.247372822e+01  3.2151168e-11  3.21512e-11  2.09121e-14  3.21303e-11
2.258609686e+01  3.2162365e-11  3.21624e-11  2.04367e-14  3.21419e-11
2.269902735e+01  3.2145032e-11  3.21450e-11  2.00357e-14  3.21250e-11
2.281252248e+01  3.2121379e-11  3.21214e-11  1.96525e-14  3.21017e-11
2.292658510e+01  3.2102604e-11  3.21026e-11  1.92590e-14  3.20833e-11
2.304121802e+01  3.2033529e-11  3.20335e-11  1.89912e-14  3.20145e-11
2.315642411e+01  3.1943891e-11  3.19439e-11  1.87741e-14  3.19251e-11
2.327220623e+01  3.1846900e-11  3.18469e-11  1.85746e-14  3.18283e-11
2.338856726e+01  3.1751671e-11  3.17517e-11  1.83706e-14  3.17333e-11
2.350551010e+01  3.1631185e-11  3.16312e-11  1.82270e-14  3.16130e-11
2.362303765e+01  3.1510675e-11  3.15107e-11  1.80825e-14  3.14926e-11
2.374115284e+01  3.1347774e-11  3.13478e-11  1.80375e-14  3.13297e-11
2.385985860e+01  3.1170056e-11  3.11701e-11  1.80253e-14  3.11520e-11
2.397915789e+01  3.1065727e-11  3.10657e-11  1.78394e-14  3.10479e-11
2.409905368e+01  3.0991324e-11  3.09913e-11  1.75839e-14  3.09737e-11
2.421954895e+01  3.0921618e-11  3.09216e-11  1.73184e-14  3.09043e-11
2.434064670e+01  3.0873751e-11  3.08738e-11  1.70037e-14  3.08567e-11
2.446234993e+01  3.0797251e-11  3.07973e-11  1.67560e-14  3.07805e-11
2.458466168e+01  3.0684091e-11  3.06841e-11  1.65922e-14  3.06675e-11
2.470758499e+01  3.0625733e-11  3.06257e-11  1.63050e-14  3.06094e-11
2.483112291e+01  3.0554199e-11  3.05542e-11  1.60486e-14  3.05381e-11
2.495527853e+01  3.0523256e-11  3.05233e-11  1.57031e-14  3.05076e-11
