# ------------------------------------------------------------------------
# Radiance spectrum
# NASA-GSFC Planetary Spectrum Generator (PSG) (Villanueva et al. 2018, 2022)
# Synthesized on Wed Feb 14 18:41:22 2024
# Doppler velocities [km/s] (vobs,vrot+vorb,vwidth,vrfl,vstr): 0.00000,-0.00000,0.00000,-119.41115,-0.00000
# Spectral unit: Wavelength [um]
# Radiance unit: Spectral irradiance [W/m2/um]
# Wave/freq Total Object Reflected Thermal
5.000000000e-01  2.7349052e-12  2.73491e-12  2.73491e-12  1.31205e-46
5.025000000e-01  2.7743840e-12  2.77438e-12  2.77438e-12  2.06488e-46
5.050125000e-01  2.8007450e-12  2.80074e-12  2.80074e-12  3.25090e-46
5.075375625e-01  2.8648970e-12  2.86490e-12  2.86490e-12  5.06702e-46
5.100752503e-01  2.9292982e-12  2.92930e-12  2.92930e-12  7.87961e-46
5.126256266e-01  2.9800044e-12  2.98000e-12  2.98000e-12  1.22601e-45
5.151887547e-01  3.0297794e-12  3.02978e-12  3.02978e-12  1.90365e-45
5.177646985e-01  3.0618130e-12  3.06181e-12  3.06181e-12  2.95972e-45
5.203535220e-01  3.0956933e-12  3.09569e-12  3.09569e-12  4.58951e-45
5.229552896e-01  3.1405776e-12  3.14058e-12  3.14058e-12  7.08527e-45
5.255700660e-01  3.1854086e-12  3.18541e-12  3.18541e-12  1.09141e-44
5.281979164e-01  3.2290027e-12  3.22900e-12  3.22900e-12  1.67787e-44
5.308389059e-01  3.2715683e-12  3.27157e-12  3.27157e-12  2.57429e-44
5.334931005e-01  3.3112824e-12  3.31128e-12  3.31128e-12  3.94312e-44
5.361605660e-01  3.3502912e-12  3.35029e-12  3.35029e-12  6.02734e-44
5.388413688e-01  3.3881362e-12  3.38814e-12  3.38814e-12  9.19509e-44
5.415355756e-01  3.4243447e-12  3.42434e-12  3.42434e-12  1.40014e-43
5.442432535e-01  3.4591333e-12  3.45913e-12  3.45913e-12  2.12793e-43
5.469644698e-01  3.4971577e-12  3.49716e-12  3.49716e-12  3.22505e-43
5.496992921e-01  3.5366145e-12  3.53661e-12  3.53661e-12  4.87601e-43
5.524477886e-01  3.5760906e-12  3.57609e-12  3.57609e-12  7.35633e-43
5.552100275e-01  3.6157608e-12  3.61576e-12  3.61576e-12  1.10743e-42
5.579860777e-01  3.6566277e-12  3.65663e-12  3.65663e-12  1.66323e-42
5.607760081e-01  3.6965935e-12  3.69659e-12  3.69659e-12  2.49312e-42
5.635798881e-01  3.7340533e-12  3.73405e-12  3.73405e-12  3.73092e-42
5.663977875e-01  3.7687584e-12  3.76876e-12  3.76876e-12  5.57431e-42
5.692297765e-01  3.8006438e-12  3.80064e-12  3.80064e-12  8.31524e-42
5.720759254e-01  3.8341954e-12  3.83420e-12  3.83420e-12  1.23743e-41
5.749363050e-01  3.8683000e-12  3.86830e-12  3.86830e-12  1.83748e-41
5.778109865e-01  3.9000820e-12  3.90008e-12  3.90008e-12  2.72396e-41
5.807000414e-01  3.9316195e-12  3.93162e-12  3.93162e-12  4.02997e-41
5.836035417e-01  3.9628076e-12  3.96281e-12  3.96281e-12  5.95026e-41
5.865215594e-01  3.9955983e-12  3.99560e-12  3.99560e-12  8.76521e-41
5.894541672e-01  4.0298234e-12  4.02982e-12  4.02982e-12  1.28825e-40
5.924014380e-01  4.0596470e-12  4.05965e-12  4.05965e-12  1.89097e-40
5.953634452e-01  4.0882813e-12  4.08828e-12  4.08828e-12  2.77063e-40
5.983402624e-01  4.1158033e-12  4.11580e-12  4.11580e-12  4.05210e-40
6.013319637e-01  4.1448225e-12  4.14482e-12  4.14482e-12  5.91292e-40
6.043386235e-01  4.1755688e-12  4.17557e-12  4.17557e-12  8.60862e-40
6.073603167e-01  4.2075599e-12  4.20756e-12  4.20756e-12  1.25059e-39
6.103971182e-01  4.2394768e-12  4.23948e-12  4.23948e-12  1.81321e-39
6.134491038e-01  4.2692445e-12  4.26924e-12  4.26924e-12  2.62471e-39
6.165163494e-01  4.2988036e-12  4.29880e-12  4.29880e-12  3.79212e-39
6.195989311e-01  4.3281493e-12  4.32815e-12  4.32815e-12  5.46831e-39
6.226969258e-01  4.3560135e-12  4.35601e-12  4.35601e-12  7.87204e-39
6.258104104e-01  4.3839590e-12  4.38396e-12  4.38396e-12  1.13104e-38
6.289394624e-01  4.4131570e-12  4.41316e-12  4.41316e-12  1.62161e-38
6.320841597e-01  4.4406315e-12  4.44063e-12  4.44063e-12  2.32117e-38
6.352445805e-01  4.4671077e-12  4.46711e-12  4.46711e-12  3.31672e-38
6.384208035e-01  4.4932184e-12  4.49322e-12  4.49322e-12  4.73058e-38
6.416129075e-01  4.5202607e-12  4.52026e-12  4.52026e-12  6.73343e-38
6.448209720e-01  4.5482479e-12  4.54825e-12  4.54825e-12  9.56488e-38
6.480450769e-01  4.5711659e-12  4.57117e-12  4.57117e-12  1.35724e-37
6.512853022e-01  4.5943383e-12  4.59434e-12  4.59434e-12  1.92224e-37
6.545417288e-01  4.6184329e-12  4.61843e-12  4.61843e-12  2.71702e-37
6.578144374e-01  4.6441289e-12  4.64413e-12  4.64413e-12  3.83238e-37
6.611035096e-01  4.6676551e-12  4.66766e-12  4.66766e-12  5.39752e-37
6.644090271e-01  4.6858473e-12  4.68585e-12  4.68585e-12  7.59420e-37
6.677310723e-01  4.7062885e-12  4.70629e-12  4.70629e-12  1.06618e-36
6.710697276e-01  4.7291211e-12  4.72912e-12  4.72912e-12  1.49359e-36
6.744250763e-01  4.7559624e-12  4.75596e-12  4.75596e-12  2.08731e-36
6.777972017e-01  4.7776399e-12  4.77764e-12  4.77764e-12  2.91410e-36
6.811861877e-01  4.7970646e-12  4.79706e-12  4.79706e-12  4.06252e-36
6.845921186e-01  4.8140976e-12  4.81410e-12  4.81410e-12  5.65551e-36
6.880150792e-01  4.8350450e-12  4.83504e-12  4.83504e-12  7.85459e-36
6.914551546e-01  4.8549835e-12  4.85498e-12  4.85498e-12  1.08912e-35
6.949124304e-01  4.8726286e-12  4.87263e-12  4.87263e-12  1.50806e-35
6.983869925e-01  4.8931917e-12  4.89319e-12  4.89319e-12  2.08360e-35
7.018789275e-01  4.9122694e-12  4.91227e-12  4.91227e-12  2.87443e-35
7.053883221e-01  4.9301993e-12  4.93020e-12  4.93020e-12  3.95926e-35
7.089152637e-01  4.9495552e-12  4.94956e-12  4.94956e-12  5.44300e-35
7.124598400e-01  4.9661114e-12  4.96611e-12  4.96611e-12  7.47308e-35
7.160221392e-01  4.9798437e-12  4.97984e-12  4.97984e-12  1.02471e-34
7.196022499e-01  4.9897814e-12  4.98978e-12  4.98978e-12  1.40348e-34
7.232002612e-01  5.0075388e-12  5.00754e-12  5.00754e-12  1.91682e-34
7.268162625e-01  5.0241286e-12  5.02413e-12  5.02413e-12  2.61399e-34
7.304503438e-01  5.0372729e-12  5.03727e-12  5.03727e-12  3.56055e-34
7.341025955e-01  5.0392811e-12  5.03928e-12  5.03928e-12  4.84960e-34
7.377731085e-01  5.0465210e-12  5.04652e-12  5.04652e-12  6.58939e-34
7.414619740e-01  5.0494069e-12  5.04941e-12  5.04941e-12  8.94412e-34
7.451692839e-01  5.0433267e-12  5.04333e-12  5.04333e-12  1.21359e-33
7.488951303e-01  5.0461199e-12  5.04612e-12  5.04612e-12  1.64188e-33
7.526396060e-01  5.0367651e-12  5.03677e-12  5.03677e-12  2.22151e-33
7.564028040e-01  5.0258760e-12  5.02588e-12  5.02588e-12  3.00152e-33
7.601848180e-01  5.0200216e-12  5.02002e-12  5.02002e-12  4.04595e-33
7.639857421e-01  4.9933886e-12  4.99339e-12  4.99339e-12  5.46078e-33
7.678056708e-01  4.9709085e-12  4.97091e-12  4.97091e-12  7.35412e-33
7.716446992e-01  4.9457608e-12  4.94576e-12  4.94576e-12  9.89153e-33
7.755029227e-01  4.9131588e-12  4.91316e-12  4.91316e-12  1.32965e-32
7.793804373e-01  4.8653374e-12  4.86534e-12  4.86534e-12  1.78814e-32
7.832773395e-01  4.8332334e-12  4.83323e-12  4.83323e-12  2.39575e-32
7.871937262e-01  4.7926629e-12  4.79266e-12  4.79266e-12  3.20834e-32
7.911296948e-01  4.7389106e-12  4.73891e-12  4.73891e-12  4.29712e-32
7.950853433e-01  4.6748987e-12  4.67490e-12  4.67490e-12  5.75377e-32
7.990607700e-01  4.6124788e-12  4.61248e-12  4.61248e-12  7.69007e-32
8.030560739e-01  4.5443650e-12  4.54437e-12  4.54437e-12  1.02689e-31
8.070713542e-01  4.4729098e-12  4.47291e-12  4.47291e-12  1.36960e-31
8.111067110e-01  4.3963809e-12  4.39638e-12  4.39638e-12  1.82492e-31
8.151622446e-01  4.3108024e-12  4.31080e-12  4.31080e-12  2.43038e-31
8.192380558e-01  4.2385626e-12  4.23856e-12  4.23856e-12  3.22622e-31
8.233342461e-01  4.1560560e-12  4.15606e-12  4.15606e-12  4.28121e-31
8.274509173e-01  4.0748656e-12  4.07487e-12  4.07487e-12  5.67129e-31
8.315881719e-01  3.9943901e-12  3.99439e-12  3.99439e-12  7.50026e-31
8.357461127e-01  3.9095312e-12  3.90953e-12  3.90953e-12  9.90870e-31
8.399248433e-01  3.8194241e-12  3.81942e-12  3.81942e-12  1.30781e-30
8.441244675e-01  3.7468271e-12  3.74683e-12  3.74683e-12  1.71999e-30
8.483450899e-01  3.6647747e-12  3.66477e-12  3.66477e-12  2.26110e-30
8.525868153e-01  3.5939143e-12  3.59391e-12  3.59391e-12  2.96423e-30
8.568497494e-01  3.5236378e-12  3.52364e-12  3.52364e-12  3.88000e-30
8.611339981e-01  3.4450709e-12  3.44507e-12  3.44507e-12  5.07589e-30
8.654396681e-01  3.3730009e-12  3.37300e-12  3.37300e-12  6.62589e-30
8.697668665e-01  3.2990551e-12  3.29906e-12  3.29906e-12  8.63841e-30
8.741157008e-01  3.2525657e-12  3.25257e-12  3.25257e-12  1.12128e-29
8.784862793e-01  3.1923307e-12  3.19233e-12  3.19233e-12  1.45555e-29
8.828787107e-01  3.1400368e-12  3.14004e-12  3.14004e-12  1.88522e-29
8.872931042e-01  3.0953197e-12  3.09532e-12  3.09532e-12  2.43640e-29
8.917295698e-01  3.0546798e-12  3.05468e-12  3.05468e-12  3.14307e-29
8.961882176e-01  3.0195024e-12  3.01950e-12  3.01950e-12  4.04689e-29
9.006691587e-01  2.9881643e-12  2.98816e-12  2.98816e-12  5.20150e-29
9.051725045e-01  2.9720635e-12  2.97206e-12  2.97206e-12  6.66598e-29
9.096983670e-01  2.9532925e-12  2.95329e-12  2.95329e-12  8.53390e-29
9.142468589e-01  2.9466220e-12  2.94662e-12  2.94662e-12  1.08971e-28
9.188180931e-01  2.9382833e-12  2.93828e-12  2.93828e-12  1.38990e-28
9.234121836e-01  2.9456553e-12  2.94566e-12  2.94566e-12  1.76757e-28
9.280292445e-01  2.9584696e-12  2.95847e-12  2.95847e-12  2.24368e-28
9.326693908e-01  2.9702234e-12  2.97022e-12  2.97022e-12  2.84468e-28
9.373327377e-01  2.9982593e-12  2.99826e-12  2.99826e-12  3.59586e-28
9.420194014e-01  3.0341870e-12  3.03419e-12  3.03419e-12  4.53575e-28
9.467294984e-01  3.0687654e-12  3.06877e-12  3.06877e-12  5.71476e-28
9.514631459e-01  3.1226533e-12  3.12265e-12  3.12265e-12  7.17612e-28
9.562204616e-01  3.1797517e-12  3.17975e-12  3.17975e-12  8.99633e-28
9.610015639e-01  3.2373098e-12  3.23731e-12  3.23731e-12  1.12630e-27
9.658065718e-01  3.3035080e-12  3.30351e-12  3.30351e-12  1.40690e-27
9.706356046e-01  3.3783094e-12  3.37831e-12  3.37831e-12  1.75344e-27
9.754887826e-01  3.4492914e-12  3.44929e-12  3.44929e-12  2.18336e-27
9.803662265e-01  3.5428003e-12  3.54280e-12  3.54280e-12  2.70820e-27
9.852680577e-01  3.6425588e-12  3.64256e-12  3.64256e-12  3.35220e-27
9.901943980e-01  3.7273079e-12  3.72731e-12  3.72731e-12  4.15081e-27
9.951453700e-01  3.8132321e-12  3.81323e-12  3.81323e-12  5.13205e-27
1.000121097e+00  3.9060957e-12  3.90610e-12  3.90610e-12  6.33146e-27
1.005121702e+00  3.9952893e-12  3.99529e-12  3.99529e-12  7.80394e-27
1.010147311e+00  4.0813056e-12  4.08131e-12  4.08131e-12  9.60951e-27
1.015198047e+00  4.1654924e-12  4.16549e-12  4.16549e-12  1.18195e-26
1.020274038e+00  4.2490679e-12  4.24907e-12  4.24907e-12  1.45194e-26
1.025375408e+00  4.3254293e-12  4.32543e-12  4.32543e-12  1.78282e-26
1.030502285e+00  4.3904568e-12  4.39046e-12  4.39046e-12  2.18940e-26
1.035654796e+00  4.4630554e-12  4.46306e-12  4.46306e-12  2.68261e-26
1.040833070e+00  4.5255650e-12  4.52557e-12  4.52557e-12  3.28697e-26
1.046037236e+00  4.5826365e-12  4.58264e-12  4.58264e-12  4.02524e-26
1.051267422e+00  4.6281209e-12  4.62812e-12  4.62812e-12  4.93077e-26
1.056523759e+00  4.6746351e-12  4.67464e-12  4.67464e-12  6.03174e-26
1.061806378e+00  4.7137304e-12  4.71373e-12  4.71373e-12  7.37693e-26
1.067115410e+00  4.7496540e-12  4.74965e-12  4.74965e-12  9.01517e-26
1.072450987e+00  4.7836201e-12  4.78362e-12  4.78362e-12  1.10070e-25
1.077813242e+00  4.8096477e-12  4.80965e-12  4.80965e-12  1.34379e-25
1.083202308e+00  4.8316076e-12  4.83161e-12  4.83161e-12  1.63957e-25
1.088618319e+00  4.8529803e-12  4.85298e-12  4.85298e-12  1.99832e-25
1.094061411e+00  4.8665103e-12  4.86651e-12  4.86651e-12  2.43548e-25
1.099531718e+00  4.8786573e-12  4.87866e-12  4.87866e-12  2.96550e-25
1.105029377e+00  4.8946381e-12  4.89464e-12  4.89464e-12  3.60480e-25
1.110554523e+00  4.9003683e-12  4.90037e-12  4.90037e-12  4.38349e-25
1.116107296e+00  4.9099409e-12  4.90994e-12  4.90994e-12  5.32150e-25
1.121687832e+00  4.9094586e-12  4.90946e-12  4.90946e-12  6.46258e-25
1.127296272e+00  4.9137661e-12  4.91377e-12  4.91377e-12  7.83428e-25
1.132932753e+00  4.9084458e-12  4.90845e-12  4.90845e-12  9.50025e-25
1.138597417e+00  4.9058161e-12  4.90582e-12  4.90582e-12  1.15036e-24
1.144290404e+00  4.8967853e-12  4.89679e-12  4.89679e-12  1.39276e-24
1.150011856e+00  4.9018162e-12  4.90182e-12  4.90182e-12  1.68093e-24
1.155761915e+00  4.8967383e-12  4.89674e-12  4.89674e-12  2.02963e-24
1.161540725e+00  4.8904001e-12  4.89040e-12  4.89040e-12  2.44854e-24
1.167348428e+00  4.8825828e-12  4.88258e-12  4.88258e-12  2.95148e-24
1.173185171e+00  4.8802933e-12  4.88029e-12  4.88029e-12  3.55105e-24
1.179051096e+00  4.8765103e-12  4.87651e-12  4.87651e-12  4.26894e-24
1.184946352e+00  4.8624709e-12  4.86247e-12  4.86247e-12  5.13470e-24
1.190871084e+00  4.8567896e-12  4.85679e-12  4.85679e-12  6.16184e-24
1.196825439e+00  4.8462507e-12  4.84625e-12  4.84625e-12  7.39242e-24
1.202809566e+00  4.8432082e-12  4.84321e-12  4.84321e-12  8.84950e-24
1.208823614e+00  4.8356600e-12  4.83566e-12  4.83566e-12  1.05904e-23
1.214867732e+00  4.8181511e-12  4.81815e-12  4.81815e-12  1.26808e-23
1.220942071e+00  4.8095681e-12  4.80957e-12  4.80957e-12  1.51476e-23
1.227046781e+00  4.7963365e-12  4.79634e-12  4.79634e-12  1.80895e-23
1.233182015e+00  4.7837250e-12  4.78372e-12  4.78372e-12  2.15793e-23
1.239347925e+00  4.7758255e-12  4.77583e-12  4.77583e-12  2.56980e-23
1.245544665e+00  4.7626593e-12  4.76266e-12  4.76266e-12  3.05984e-23
1.251772388e+00  4.7459306e-12  4.74593e-12  4.74593e-12  3.64187e-23
1.258031250e+00  4.7336777e-12  4.73368e-12  4.73368e-12  4.32734e-23
1.264321406e+00  4.7249814e-12  4.72498e-12  4.72498e-12  5.13393e-23
1.270643013e+00  4.7102289e-12  4.71023e-12  4.71023e-12  6.09099e-23
1.276996228e+00  4.6875343e-12  4.68753e-12  4.68753e-12  7.22895e-23
1.283381209e+00  4.6749182e-12  4.67492e-12  4.67492e-12  8.55741e-23
1.289798116e+00  4.6579571e-12  4.65796e-12  4.65796e-12  1.01277e-22
1.296247106e+00  4.6473161e-12  4.64732e-12  4.64732e-12  1.19625e-22
1.302728342e+00  4.6283968e-12  4.62840e-12  4.62840e-12  1.41358e-22
1.309241983e+00  4.6066151e-12  4.60662e-12  4.60662e-12  1.66965e-22
1.315788193e+00  4.6001348e-12  4.60013e-12  4.60013e-12  1.96530e-22
1.322367134e+00  4.5809001e-12  4.58090e-12  4.58090e-12  2.31609e-22
1.328978970e+00  4.5639980e-12  4.56400e-12  4.56400e-12  2.72596e-22
1.335623865e+00  4.5484597e-12  4.54846e-12  4.54846e-12  3.20473e-22
1.342301984e+00  4.5336444e-12  4.53364e-12  4.53364e-12  3.76374e-22
1.349013494e+00  4.5153864e-12  4.51539e-12  4.51539e-12  4.41888e-22
1.355758561e+00  4.4903122e-12  4.49031e-12  4.49031e-12  5.18949e-22
1.362537354e+00  4.4721169e-12  4.47212e-12  4.47212e-12  6.08199e-22
1.369350041e+00  4.4450077e-12  4.44501e-12  4.44501e-12  7.13264e-22
1.376196791e+00  4.4336391e-12  4.43364e-12  4.43364e-12  8.33492e-22
1.383077775e+00  4.4142937e-12  4.41429e-12  4.41429e-12  9.74476e-22
1.389993164e+00  4.3959962e-12  4.39600e-12  4.39600e-12  1.13812e-21
1.396943130e+00  4.3647000e-12  4.36470e-12  4.36470e-12  1.33111e-21
1.403927846e+00  4.3443008e-12  4.34430e-12  4.34430e-12  1.55257e-21
1.410947485e+00  4.3178435e-12  4.31784e-12  4.31784e-12  1.81125e-21
1.418002222e+00  4.2952764e-12  4.29528e-12  4.29528e-12  2.10983e-21
1.425092233e+00  4.2713909e-12  4.27139e-12  4.27139e-12  2.45615e-21
1.432217694e+00  4.2466020e-12  4.24660e-12  4.24660e-12  2.85740e-21
1.439378783e+00  4.2240716e-12  4.22407e-12  4.22407e-12  3.32013e-21
1.446575677e+00  4.1909449e-12  4.19094e-12  4.19094e-12  3.86192e-21
1.453808555e+00  4.1615012e-12  4.16150e-12  4.16150e-12  4.48556e-21
1.461077598e+00  4.1366645e-12  4.13666e-12  4.13666e-12  5.20140e-21
1.468382986e+00  4.1041084e-12  4.10411e-12  4.10411e-12  6.03501e-21
1.475724901e+00  4.0736525e-12  4.07365e-12  4.07365e-12  6.99401e-21
1.483103525e+00  4.0428788e-12  4.04288e-12  4.04288e-12  8.09948e-21
1.490519043e+00  4.0080808e-12  4.00808e-12  4.00808e-12  9.37914e-21
1.497971638e+00  3.9792726e-12  3.97927e-12  3.97927e-12  1.08407e-20
1.505461496e+00  3.9502406e-12  3.95024e-12  3.95024e-12  1.25209e-20
1.512988804e+00  3.9197704e-12  3.91977e-12  3.91977e-12  1.44540e-20
1.520553748e+00  3.8806903e-12  3.88069e-12  3.88069e-12  1.66991e-20
1.528156517e+00  3.8450325e-12  3.84503e-12  3.84503e-12  1.92662e-20
1.535797299e+00  3.8089574e-12  3.80896e-12  3.80896e-12  2.22129e-20
1.543476286e+00  3.7742254e-12  3.77423e-12  3.77423e-12  2.55848e-20
1.551193667e+00  3.7301906e-12  3.73019e-12  3.73019e-12  2.94970e-20
1.558949636e+00  3.6959625e-12  3.69596e-12  3.69596e-12  3.39210e-20
1.566744384e+00  3.6429097e-12  3.64291e-12  3.64291e-12  3.91154e-20
1.574578106e+00  3.6096884e-12  3.60969e-12  3.60969e-12  4.49078e-20
1.582450996e+00  3.5684296e-12  3.56843e-12  3.56843e-12  5.15969e-20
1.590363251e+00  3.5327545e-12  3.53275e-12  3.53275e-12  5.91786e-20
1.598315067e+00  3.4936026e-12  3.49360e-12  3.49360e-12  6.78692e-20
1.606306643e+00  3.4446627e-12  3.44466e-12  3.44466e-12  7.79217e-20
1.614338176e+00  3.4058922e-12  3.40589e-12  3.40589e-12  8.92316e-20
1.622409867e+00  3.3685599e-12  3.36856e-12  3.36856e-12  1.02084e-19
1.630521916e+00  3.3280325e-12  3.32803e-12  3.32803e-12  1.16775e-19
1.638674526e+00  3.2936351e-12  3.29364e-12  3.29364e-12  1.33334e-19
1.646867898e+00  3.2464887e-12  3.24649e-12  3.24649e-12  1.52499e-19
1.655102238e+00  3.2114891e-12  3.21149e-12  3.21149e-12  1.73904e-19
1.663377749e+00  3.1757437e-12  3.17574e-12  3.17574e-12  1.98204e-19
1.671694638e+00  3.1361309e-12  3.13613e-12  3.13613e-12  2.25911e-19
1.680053111e+00  3.0954170e-12  3.09542e-12  3.09542e-12  2.57369e-19
1.688453377e+00  3.0636098e-12  3.06361e-12  3.06361e-12  2.92522e-19
1.696895643e+00  3.0268843e-12  3.02688e-12  3.02688e-12  3.32560e-19
1.705380122e+00  2.9896405e-12  2.98964e-12  2.98964e-12  3.77864e-19
1.713907022e+00  2.9542030e-12  2.95420e-12  2.95420e-12  4.28910e-19
1.722476557e+00  2.9124205e-12  2.91242e-12  2.91242e-12  4.87116e-19
1.731088940e+00  2.8706886e-12  2.87069e-12  2.87069e-12  5.52854e-19
1.739744385e+00  2.8385101e-12  2.83851e-12  2.83851e-12  6.25926e-19
1.748443107e+00  2.8095958e-12  2.80960e-12  2.80960e-12  7.07757e-19
1.757185322e+00  2.7707302e-12  2.77073e-12  2.77073e-12  8.01285e-19
1.765971249e+00  2.7370116e-12  2.73701e-12  2.73701e-12  9.05707e-19
1.774801105e+00  2.7084375e-12  2.70844e-12  2.70844e-12  1.02208e-18
1.783675111e+00  2.6779799e-12  2.67798e-12  2.67798e-12  1.15309e-18
1.792593486e+00  2.6536000e-12  2.65360e-12  2.65360e-12  1.29854e-18
1.801556454e+00  2.6248988e-12  2.62490e-12  2.62490e-12  1.46264e-18
1.810564236e+00  2.6026587e-12  2.60266e-12  2.60266e-12  1.64439e-18
1.819617057e+00  2.5765913e-12  2.57659e-12  2.57659e-12  1.84893e-18
1.828715142e+00  2.5568101e-12  2.55681e-12  2.55681e-12  2.07506e-18
1.837858718e+00  2.5332228e-12  2.53322e-12  2.53322e-12  2.32914e-18
1.847048012e+00  2.5105212e-12  2.51052e-12  2.51052e-12  2.61224e-18
1.856283252e+00  2.4914799e-12  2.49148e-12  2.49148e-12  2.92583e-18
1.865564668e+00  2.4788081e-12  2.47881e-12  2.47880e-12  3.27088e-18
1.874892491e+00  2.4540802e-12  2.45408e-12  2.45408e-12  3.66317e-18
1.884266954e+00  2.4383081e-12  2.43831e-12  2.43830e-12  4.09265e-18
1.893688289e+00  2.4269945e-12  2.42699e-12  2.42699e-12  4.56554e-18
1.903156730e+00  2.4147225e-12  2.41472e-12  2.41472e-12  5.09089e-18
1.912672514e+00  2.4034730e-12  2.40347e-12  2.40347e-12  5.67200e-18
1.922235876e+00  2.3945287e-12  2.39453e-12  2.39452e-12  6.31252e-18
1.931847056e+00  2.3864124e-12  2.38641e-12  2.38641e-12  7.01980e-18
1.941506291e+00  2.3778247e-12  2.37782e-12  2.37782e-12  7.80226e-18
1.951213822e+00  2.3694840e-12  2.36948e-12  2.36948e-12  8.66615e-18
1.960969892e+00  2.3671671e-12  2.36717e-12  2.36716e-12  9.60742e-18
1.970774741e+00  2.3655783e-12  2.36558e-12  2.36557e-12  1.06425e-17
1.980628615e+00  2.3638676e-12  2.36387e-12  2.36386e-12  1.17821e-17
1.990531758e+00  2.3649431e-12  2.36494e-12  2.36493e-12  1.30274e-17
2.000484417e+00  2.3663448e-12  2.36634e-12  2.36633e-12  1.43942e-17
2.010486839e+00  2.3678602e-12  2.36786e-12  2.36784e-12  1.58938e-17
2.020539273e+00  2.3735609e-12  2.37356e-12  2.37354e-12  1.75219e-17
2.030641969e+00  2.3745925e-12  2.37459e-12  2.37457e-12  1.93248e-17
2.040795179e+00  2.3743945e-12  2.37439e-12  2.37437e-12  2.13059e-17
2.050999155e+00  2.3827852e-12  2.38279e-12  2.38276e-12  2.34285e-17
2.061254151e+00  2.3833762e-12  2.38338e-12  2.38335e-12  2.57928e-17
2.071560421e+00  2.3879599e-12  2.38796e-12  2.38793e-12  2.83512e-17
2.081918224e+00  2.3956087e-12  2.39561e-12  2.39558e-12  3.11204e-17
2.092327815e+00  2.4003502e-12  2.40035e-12  2.40032e-12  3.41619e-17
2.102789454e+00  2.4059813e-12  2.40598e-12  2.40594e-12  3.74685e-17
2.113303401e+00  2.4108795e-12  2.41088e-12  2.41084e-12  4.10764e-17
2.123869918e+00  2.4136551e-12  2.41366e-12  2.41361e-12  4.50271e-17
2.134489268e+00  2.4173855e-12  2.41739e-12  2.41734e-12  4.93150e-17
2.145161714e+00  2.4217360e-12  2.42174e-12  2.42168e-12  5.39688e-17
2.155887523e+00  2.4245057e-12  2.42451e-12  2.42445e-12  5.90490e-17
2.166666960e+00  2.4234269e-12  2.42343e-12  2.42336e-12  6.46331e-17
2.177500295e+00  2.4296729e-12  2.42967e-12  2.42960e-12  7.05649e-17
2.188387796e+00  2.4304792e-12  2.43048e-12  2.43040e-12  7.71054e-17
2.199329735e+00  2.4317928e-12  2.43179e-12  2.43171e-12  8.41896e-17
2.210326384e+00  2.4362015e-12  2.43620e-12  2.43611e-12  9.17905e-17
2.221378016e+00  2.4429216e-12  2.44292e-12  2.44282e-12  9.99502e-17
2.232484906e+00  2.4372911e-12  2.43729e-12  2.43718e-12  1.09148e-16
2.243647331e+00  2.4345449e-12  2.43454e-12  2.43443e-12  1.19027e-16
2.254865567e+00  2.4335067e-12  2.43351e-12  2.43338e-12  1.29662e-16
2.266139895e+00  2.4350182e-12  2.43502e-12  2.43488e-12  1.41059e-16
2.277470595e+00  2.4315946e-12  2.43159e-12  2.43144e-12  1.53591e-16
2.288857948e+00  2.4273714e-12  2.42737e-12  2.42720e-12  1.67181e-16
2.300302237e+00  2.4228224e-12  2.42282e-12  2.42264e-12  1.81891e-16
2.311803748e+00  2.4190348e-12  2.41903e-12  2.41884e-12  1.97740e-16
2.323362767e+00  2.4082513e-12  2.40825e-12  2.40804e-12  2.15315e-16
2.334979581e+00  2.3999868e-12  2.39999e-12  2.39975e-12  2.34149e-16
2.346654479e+00  2.3885052e-12  2.38851e-12  2.38825e-12  2.54754e-16
2.358387751e+00  2.3759213e-12  2.37592e-12  2.37564e-12  2.77130e-16
2.370179690e+00  2.3609394e-12  2.36094e-12  2.36064e-12  3.01552e-16
2.382030589e+00  2.3513081e-12  2.35131e-12  2.35098e-12  3.27406e-16
2.393940742e+00  2.3423641e-12  2.34236e-12  2.34201e-12  3.55219e-16
2.405910445e+00  2.3332860e-12  2.33329e-12  2.33290e-12  3.85215e-16
2.417939997e+00  2.3224733e-12  2.32247e-12  2.32206e-12  4.17775e-16
2.430029697e+00  2.3102814e-12  2.31028e-12  2.30983e-12  4.53073e-16
2.442179846e+00  2.3007999e-12  2.30080e-12  2.30031e-12  4.90671e-16
2.454390745e+00  2.2860155e-12  2.28602e-12  2.28548e-12  5.32084e-16
2.466662699e+00  2.2783091e-12  2.27831e-12  2.27773e-12  5.75332e-16
2.478996012e+00  2.2680868e-12  2.26809e-12  2.26746e-12  6.22328e-16
2.491390992e+00  2.2551974e-12  2.25520e-12  2.25452e-12  6.73464e-16
2.503847947e+00  2.2481972e-12  2.24820e-12  2.24747e-12  7.26961e-16
2.516367187e+00  2.2352396e-12  2.23524e-12  2.23445e-12  7.85978e-16
2.528949023e+00  2.2209173e-12  2.22092e-12  2.22007e-12  8.49816e-16
2.541593768e+00  2.2071539e-12  2.20715e-12  2.20624e-12  9.18246e-16
2.554301737e+00  2.1921589e-12  2.19216e-12  2.19117e-12  9.92188e-16
2.567073246e+00  2.1753225e-12  2.17532e-12  2.17425e-12  1.07234e-15
2.579908612e+00  2.1594652e-12  2.15947e-12  2.15831e-12  1.15806e-15
2.592808155e+00  2.1438424e-12  2.14384e-12  2.14259e-12  1.25000e-15
2.605772196e+00  2.1280192e-12  2.12802e-12  2.12667e-12  1.34877e-15
2.618801057e+00  2.1121453e-12  2.11215e-12  2.11069e-12  1.45477e-15
2.631895062e+00  2.0971716e-12  2.09717e-12  2.09560e-12  1.56791e-15
2.645054537e+00  2.0819526e-12  2.08195e-12  2.08026e-12  1.68930e-15
2.658279810e+00  2.0655630e-12  2.06556e-12  2.06374e-12  1.82017e-15
2.671571209e+00  2.0490038e-12  2.04900e-12  2.04704e-12  1.96051e-15
2.684929065e+00  2.0286030e-12  2.02860e-12  2.02649e-12  2.11400e-15
2.698353710e+00  2.0060002e-12  2.00600e-12  2.00372e-12  2.28060e-15
2.711845479e+00  1.9742704e-12  1.97427e-12  1.97180e-12  2.46823e-15
2.725404706e+00  1.9373088e-12  1.93731e-12  1.93463e-12  2.67584e-15
2.739031730e+00  1.8986309e-12  1.89863e-12  1.89573e-12  2.90184e-15
2.752726889e+00  1.8607644e-12  1.86076e-12  1.85762e-12  3.14486e-15
2.766490523e+00  1.8253267e-12  1.82533e-12  1.82192e-12  3.40386e-15
2.780322976e+00  1.7917481e-12  1.79175e-12  1.78807e-12  3.68030e-15
2.794224591e+00  1.7609044e-12  1.76090e-12  1.75693e-12  3.97365e-15
2.808195713e+00  1.7344186e-12  1.73442e-12  1.73014e-12  4.28172e-15
2.822236692e+00  1.7108338e-12  1.71083e-12  1.70623e-12  4.60692e-15
2.836347875e+00  1.6907257e-12  1.69073e-12  1.68578e-12  4.94843e-15
2.850529615e+00  1.6705748e-12  1.67057e-12  1.66526e-12  5.31352e-15
2.864782263e+00  1.6514301e-12  1.65143e-12  1.64573e-12  5.70136e-15
2.879106174e+00  1.6336047e-12  1.63360e-12  1.62749e-12  6.11222e-15
2.893501705e+00  1.6171557e-12  1.61716e-12  1.61061e-12  6.54686e-15
2.907969214e+00  1.6007930e-12  1.60079e-12  1.59378e-12  7.00976e-15
2.922509060e+00  1.5848429e-12  1.58484e-12  1.57734e-12  7.50158e-15
2.937121605e+00  1.5707452e-12  1.57075e-12  1.56273e-12  8.01915e-15
2.951807213e+00  1.5594171e-12  1.55942e-12  1.55086e-12  8.55975e-15
2.966566249e+00  1.5485468e-12  1.54855e-12  1.53941e-12  9.13180e-15
2.981399080e+00  1.5382060e-12  1.53821e-12  1.52847e-12  9.73647e-15
2.996306076e+00  1.5276476e-12  1.52765e-12  1.51727e-12  1.03784e-14
3.011287606e+00  1.5168807e-12  1.51688e-12  1.50582e-12  1.10598e-14
3.026344044e+00  1.5048051e-12  1.50481e-12  1.49302e-12  1.17885e-14
3.041475764e+00  1.4933544e-12  1.49335e-12  1.48080e-12  1.25576e-14
3.056683143e+00  1.4816529e-12  1.48165e-12  1.46828e-12  1.33739e-14
3.071966559e+00  1.4709814e-12  1.47098e-12  1.45675e-12  1.42321e-14
3.087326392e+00  1.4609871e-12  1.46099e-12  1.44585e-12  1.51360e-14
3.102763024e+00  1.4522832e-12  1.45228e-12  1.43620e-12  1.60827e-14
3.118276839e+00  1.4436406e-12  1.44364e-12  1.42656e-12  1.70824e-14
3.133868223e+00  1.4354604e-12  1.43546e-12  1.41733e-12  1.81344e-14
3.149537564e+00  1.4287399e-12  1.42874e-12  1.40951e-12  1.92320e-14
3.165285252e+00  1.4220972e-12  1.42210e-12  1.40171e-12  2.03883e-14
3.181111678e+00  1.4151475e-12  1.41515e-12  1.39354e-12  2.16100e-14
3.197017237e+00  1.4090220e-12  1.40902e-12  1.38613e-12  2.28885e-14
3.213002323e+00  1.4022845e-12  1.40228e-12  1.37804e-12  2.42417e-14
3.229067334e+00  1.3958148e-12  1.39581e-12  1.37015e-12  2.56632e-14
3.245212671e+00  1.3892372e-12  1.38924e-12  1.36208e-12  2.71609e-14
3.261438734e+00  1.3823916e-12  1.38239e-12  1.35365e-12  2.87407e-14
3.277745928e+00  1.3761952e-12  1.37620e-12  1.34580e-12  3.03934e-14
3.294134658e+00  1.3690115e-12  1.36901e-12  1.33686e-12  3.21471e-14
3.310605331e+00  1.3621561e-12  1.36216e-12  1.32817e-12  3.39864e-14
3.327158358e+00  1.3543892e-12  1.35439e-12  1.31845e-12  3.59372e-14
3.343794149e+00  1.3456138e-12  1.34561e-12  1.30760e-12  3.80092e-14
3.360513120e+00  1.3335621e-12  1.33356e-12  1.29330e-12  4.02586e-14
3.377315686e+00  1.3181120e-12  1.31811e-12  1.27541e-12  4.27069e-14
3.394202264e+00  1.3103939e-12  1.31039e-12  1.26528e-12  4.51121e-14
3.411173276e+00  1.2936828e-12  1.29368e-12  1.24581e-12  4.78679e-14
3.428229142e+00  1.2885223e-12  1.28852e-12  1.23805e-12  5.04724e-14
3.445370288e+00  1.2929164e-12  1.29292e-12  1.23999e-12  5.29308e-14
3.462597139e+00  1.2910913e-12  1.29109e-12  1.23541e-12  5.56770e-14
3.479910125e+00  1.2841623e-12  1.28416e-12  1.22545e-12  5.87147e-14
3.497309675e+00  1.2751047e-12  1.27510e-12  1.21313e-12  6.19782e-14
3.514796224e+00  1.2723530e-12  1.27235e-12  1.20717e-12  6.51782e-14
3.532370205e+00  1.2743635e-12  1.27436e-12  1.20602e-12  6.83393e-14
3.550032056e+00  1.2706278e-12  1.27063e-12  1.19876e-12  7.18703e-14
3.567782216e+00  1.2657683e-12  1.26577e-12  1.19015e-12  7.56167e-14
3.585621127e+00  1.2605637e-12  1.26056e-12  1.18100e-12  7.95587e-14
3.603549233e+00  1.2557896e-12  1.25579e-12  1.17212e-12  8.36689e-14
3.621566979e+00  1.2511433e-12  1.25114e-12  1.16317e-12  8.79686e-14
3.639674814e+00  1.2463632e-12  1.24636e-12  1.15388e-12  9.24808e-14
3.657873188e+00  1.2419798e-12  1.24198e-12  1.14479e-12  9.71849e-14
3.676162554e+00  1.2378360e-12  1.23784e-12  1.13574e-12  1.02097e-13
3.694543367e+00  1.2336247e-12  1.23362e-12  1.12638e-12  1.07247e-13
3.713016084e+00  1.2297029e-12  1.22970e-12  1.11708e-12  1.12620e-13
3.731581164e+00  1.2257195e-12  1.22572e-12  1.10747e-12  1.18252e-13
3.750239070e+00  1.2224296e-12  1.22243e-12  1.09833e-12  1.24097e-13
3.768990265e+00  1.2190272e-12  1.21903e-12  1.08880e-12  1.30226e-13
3.787835216e+00  1.2162030e-12  1.21620e-12  1.07961e-12  1.36592e-13
3.806774393e+00  1.2134689e-12  1.21347e-12  1.07022e-12  1.43249e-13
3.825808265e+00  1.2109877e-12  1.21099e-12  1.06079e-12  1.50193e-13
3.844937306e+00  1.2089853e-12  1.20899e-12  1.05157e-12  1.57413e-13
3.864161992e+00  1.2073956e-12  1.20740e-12  1.04247e-12  1.64924e-13
3.883482802e+00  1.2059044e-12  1.20590e-12  1.03313e-12  1.72775e-13
3.902900216e+00  1.2047826e-12  1.20478e-12  1.02383e-12  1.80948e-13
3.922414717e+00  1.2037959e-12  1.20380e-12  1.01431e-12  1.89488e-13
3.942026791e+00  1.2030550e-12  1.20305e-12  1.00466e-12  1.98398e-13
3.961736925e+00  1.2026436e-12  1.20264e-12  9.94962e-13  2.07682e-13
3.981545610e+00  1.2025568e-12  1.20256e-12  9.85200e-13  2.17357e-13
4.001453338e+00  1.2027914e-12  1.20279e-12  9.75349e-13  2.27442e-13
4.021460604e+00  1.2035509e-12  1.20355e-12  9.65634e-13  2.37917e-13
4.041567907e+00  1.2047443e-12  1.20474e-12  9.55932e-13  2.48813e-13
4.061775747e+00  1.2064857e-12  1.20649e-12  9.46363e-13  2.60123e-13
4.082084626e+00  1.2087656e-12  1.20877e-12  9.36902e-13  2.71864e-13
4.102495049e+00  1.2115006e-12  1.21150e-12  9.27429e-13  2.84071e-13
4.123007524e+00  1.2150235e-12  1.21502e-12  9.18346e-13  2.96678e-13
4.143622562e+00  1.2189688e-12  1.21897e-12  9.09179e-13  3.09790e-13
4.164340674e+00  1.2235353e-12  1.22354e-12  9.00161e-13  3.23374e-13
4.185162378e+00  1.2286981e-12  1.22870e-12  8.91246e-13  3.37453e-13
4.206088190e+00  1.2343682e-12  1.23437e-12  8.82295e-13  3.52073e-13
4.227118631e+00  1.2406974e-12  1.24070e-12  8.73491e-13  3.67206e-13
4.248254224e+00  1.2476799e-12  1.24768e-12  8.64810e-13  3.82870e-13
4.269495495e+00  1.2553116e-12  1.25531e-12  8.56228e-13  3.99084e-13
4.290842972e+00  1.2635604e-12  1.26356e-12  8.47677e-13  4.15883e-13
4.312297187e+00  1.2724581e-12  1.27246e-12  8.39180e-13  4.33278e-13
4.333858673e+00  1.2821206e-12  1.28212e-12  8.30889e-13  4.51232e-13
4.355527967e+00  1.2924720e-12  1.29247e-12  8.22670e-13  4.69802e-13
4.377305606e+00  1.3035937e-12  1.30359e-12  8.14630e-13  4.88964e-13
4.399192134e+00  1.3154426e-12  1.31544e-12  8.06681e-13  5.08762e-13
4.421188095e+00  1.3279471e-12  1.32795e-12  7.98676e-13  5.29271e-13
4.443294036e+00  1.3411788e-12  1.34118e-12  7.90702e-13  5.50477e-13
4.465510506e+00  1.3552240e-12  1.35522e-12  7.82880e-13  5.72344e-13
4.487838058e+00  1.3699750e-12  1.36997e-12  7.74985e-13  5.94990e-13
4.510277249e+00  1.3852362e-12  1.38524e-12  7.66578e-13  6.18658e-13
4.532828635e+00  1.4009858e-12  1.40099e-12  7.57493e-13  6.43493e-13
4.555492778e+00  1.4173140e-12  1.41731e-12  7.47768e-13  6.69546e-13
4.578270242e+00  1.4342186e-12  1.43422e-12  7.37225e-13  6.96994e-13
4.601161593e+00  1.4515970e-12  1.45160e-12  7.25380e-13  7.26217e-13
4.624167401e+00  1.4696301e-12  1.46963e-12  7.12346e-13  7.57284e-13
4.647288238e+00  1.4884412e-12  1.48844e-12  6.98079e-13  7.90362e-13
4.670524679e+00  1.5084233e-12  1.50842e-12  6.83334e-13  8.25090e-13
4.693877303e+00  1.5298309e-12  1.52983e-12  6.68670e-13  8.61161e-13
4.717346689e+00  1.5531359e-12  1.55314e-12  6.55749e-13  8.97387e-13
4.740933423e+00  1.5782094e-12  1.57821e-12  6.44529e-13  9.33681e-13
4.764638090e+00  1.6045991e-12  1.60460e-12  6.33300e-13  9.71299e-13
4.788461280e+00  1.6320224e-12  1.63202e-12  6.19958e-13  1.01206e-12
4.812403587e+00  1.6607751e-12  1.66078e-12  6.04649e-13  1.05613e-12
4.836465604e+00  1.6913980e-12  1.69140e-12  5.90640e-13  1.10076e-12
4.860647933e+00  1.7238252e-12  1.72383e-12  5.78559e-13  1.14527e-12
4.884951172e+00  1.7578774e-12  1.75788e-12  5.69429e-13  1.18845e-12
4.909375928e+00  1.7933429e-12  1.79334e-12  5.60688e-13  1.23266e-12
4.933922808e+00  1.8302824e-12  1.83028e-12  5.51532e-13  1.27875e-12
4.958592422e+00  1.8688749e-12  1.86887e-12  5.41359e-13  1.32752e-12
4.983385384e+00  1.9089921e-12  1.90899e-12  5.31910e-13  1.37708e-12
5.008302311e+00  1.9503821e-12  1.95038e-12  5.24026e-13  1.42636e-12
5.033343822e+00  1.9936034e-12  1.99360e-12  5.15050e-13  1.47855e-12
5.058510541e+00  2.0393759e-12  2.03938e-12  5.03475e-13  1.53590e-12
5.083803094e+00  2.0879107e-12  2.08791e-12  4.89976e-13  1.59793e-12
5.109222110e+00  2.1389287e-12  2.13893e-12  4.76051e-13  1.66288e-12
5.134768220e+00  2.1922078e-12  2.19221e-12  4.62439e-13  1.72977e-12
5.160442061e+00  2.2470599e-12  2.24706e-12  4.50397e-13  1.79666e-12
5.186244272e+00  2.3001737e-12  2.30017e-12  4.44843e-13  1.85533e-12
5.212175493e+00  2.3502001e-12  2.35020e-12  4.46003e-13  1.90420e-12
5.238236370e+00  2.3995308e-12  2.39953e-12  4.49004e-13  1.95053e-12
5.264427552e+00  2.4490157e-12  2.44902e-12  4.52349e-13  1.99667e-12
5.290749690e+00  2.4979976e-12  2.49800e-12  4.56655e-13  2.04134e-12
5.317203438e+00  2.5471474e-12  2.54715e-12  4.60985e-13  2.08616e-12
5.343789456e+00  2.5999242e-12  2.59992e-12  4.62017e-13  2.13791e-12
5.370508403e+00  2.6595250e-12  2.65953e-12  4.57585e-13  2.20194e-12
5.397360945e+00  2.7239958e-12  2.72400e-12  4.50388e-13  2.27361e-12
5.424347750e+00  2.7909993e-12  2.79100e-12  4.42780e-13  2.34822e-12
5.451469488e+00  2.8575340e-12  2.85753e-12  4.37037e-13  2.42050e-12
5.478726836e+00  2.9221987e-12  2.92220e-12  4.33804e-13  2.48839e-12
5.506120470e+00  2.9865822e-12  2.98658e-12  4.31646e-13  2.55494e-12
5.533651072e+00  3.0544163e-12  3.05442e-12  4.28148e-13  2.62627e-12
5.561319328e+00  3.1316529e-12  3.13165e-12  4.20163e-13  2.71149e-12
5.589125924e+00  3.2177753e-12  3.21778e-12  4.08713e-13  2.80906e-12
5.617071554e+00  3.3058024e-12  3.30580e-12  3.97924e-13  2.90788e-12
5.645156912e+00  3.3919007e-12  3.39190e-12  3.89583e-13  3.00232e-12
5.673382696e+00  3.4737308e-12  3.47373e-12  3.84426e-13  3.08931e-12
5.701749610e+00  3.5524630e-12  3.55246e-12  3.81499e-13  3.17096e-12
5.730258358e+00  3.6340867e-12  3.63409e-12  3.78020e-13  3.25607e-12
5.758909650e+00  3.7212616e-12  3.72126e-12  3.73028e-13  3.34823e-12
5.787704198e+00  3.8103185e-12  3.81032e-12  3.68119e-13  3.44220e-12
5.816642719e+00  3.8987657e-12  3.89877e-12  3.64185e-13  3.53458e-12
5.845725932e+00  3.9903502e-12  3.99035e-12  3.59827e-13  3.63052e-12
5.874954562e+00  4.0883580e-12  4.08836e-12  3.54040e-13  3.73432e-12
5.904329335e+00  4.1987620e-12  4.19876e-12  3.45161e-13  3.85360e-12
5.933850982e+00  4.3235551e-12  4.32356e-12  3.33011e-13  3.99054e-12
5.963520237e+00  4.4567729e-12  4.45677e-12  3.19734e-13  4.13704e-12
5.993337838e+00  4.5920780e-12  4.59208e-12  3.07240e-13  4.28484e-12
6.023304527e+00  4.7117787e-12  4.71178e-12  3.00110e-13  4.41167e-12
6.053421050e+00  4.8207773e-12  4.82078e-12  2.96494e-13  4.52428e-12
6.083688155e+00  4.9287649e-12  4.92876e-12  2.93645e-13  4.63512e-12
6.114106596e+00  5.0480266e-12  5.04803e-12  2.88630e-13  4.75940e-12
6.144677129e+00  5.1817230e-12  5.18172e-12  2.81002e-13  4.90072e-12
6.175400514e+00  5.3219132e-12  5.32191e-12  2.72775e-13  5.04914e-12
6.206277517e+00  5.4578492e-12  5.45785e-12  2.66251e-13  5.19160e-12
6.237308904e+00  5.5826533e-12  5.58265e-12  2.62620e-13  5.32003e-12
6.268495449e+00  5.7023423e-12  5.70234e-12  2.60425e-13  5.44192e-12
6.299837926e+00  5.8203799e-12  5.82038e-12  2.58875e-13  5.56150e-12
6.331337116e+00  5.9282471e-12  5.92825e-12  2.59413e-13  5.66883e-12
6.362993801e+00  6.0240456e-12  6.02405e-12  2.62136e-13  5.76191e-12
6.394808770e+00  6.1154360e-12  6.11544e-12  2.65543e-13  5.84989e-12
6.426782814e+00  6.2146847e-12  6.21468e-12  2.67599e-13  5.94709e-12
6.458916728e+00  6.3275728e-12  6.32757e-12  2.67545e-13  6.06003e-12
6.491211312e+00  6.4509638e-12  6.45096e-12  2.66054e-13  6.18491e-12
6.523667368e+00  6.5850698e-12  6.58507e-12  2.63238e-13  6.32183e-12
6.556285705e+00  6.7343755e-12  6.73438e-12  2.58610e-13  6.47577e-12
6.589067134e+00  6.8896587e-12  6.88966e-12  2.53586e-13  6.63607e-12
6.622012469e+00  7.0341018e-12  7.03410e-12  2.50385e-13  6.78372e-12
6.655122532e+00  7.1643471e-12  7.16435e-12  2.49256e-13  6.91509e-12
6.688398144e+00  7.2927947e-12  7.29279e-12  2.48498e-13  7.04430e-12
6.721840135e+00  7.4311610e-12  7.43116e-12  2.46703e-13  7.18446e-12
6.755449336e+00  7.5797028e-12  7.57970e-12  2.43939e-13  7.33576e-12
6.789226583e+00  7.7407146e-12  7.74071e-12  2.40045e-13  7.50067e-12
6.823172715e+00  7.9114424e-12  7.91144e-12  2.35421e-13  7.67602e-12
6.857288579e+00  8.0835855e-12  8.08359e-12  2.30995e-13  7.85259e-12
6.891575022e+00  8.2632813e-12  8.26328e-12  2.26141e-13  8.03714e-12
6.926032897e+00  8.4478230e-12  8.44782e-12  2.21165e-13  8.22666e-12
6.960663062e+00  8.6327422e-12  8.63274e-12  2.16503e-13  8.41624e-12
6.995466377e+00  8.8171578e-12  8.81716e-12  2.12213e-13  8.60494e-12
7.030443709e+00  9.0018979e-12  9.00190e-12  2.08194e-13  8.79370e-12
7.065595927e+00  9.1912850e-12  9.19129e-12  2.04055e-13  8.98723e-12
7.100923907e+00  9.3803274e-12  9.38033e-12  2.00226e-13  9.18010e-12
7.136428526e+00  9.5729420e-12  9.57294e-12  1.96368e-13  9.37657e-12
7.172110669e+00  9.7714505e-12  9.77145e-12  1.92304e-13  9.57915e-12
7.207971222e+00  9.9751203e-12  9.97512e-12  1.88112e-13  9.78701e-12
7.244011079e+00  1.0195885e-11  1.01959e-11  1.82923e-13  1.00130e-11
7.280231134e+00  1.0419429e-11  1.04194e-11  1.77854e-13  1.02416e-11
7.316632290e+00  1.0653197e-11  1.06532e-11  1.72382e-13  1.04808e-11
7.353215451e+00  1.0898708e-11  1.08987e-11  1.66440e-13  1.07323e-11
7.389981528e+00  1.1150822e-11  1.11508e-11  1.60415e-13  1.09904e-11
7.426931436e+00  1.1403724e-11  1.14037e-11  1.54693e-13  1.12490e-11
7.464066093e+00  1.1658291e-11  1.16583e-11  1.49201e-13  1.15091e-11
7.501386424e+00  1.1917225e-11  1.19172e-11  1.43762e-13  1.17735e-11
7.538893356e+00  1.2181788e-11  1.21818e-11  1.38304e-13  1.20435e-11
7.576587822e+00  1.2449976e-11  1.24500e-11  1.32948e-13  1.23170e-11
7.614470762e+00  1.2709134e-11  1.27091e-11  1.28403e-13  1.25807e-11
7.652543115e+00  1.2983136e-11  1.29831e-11  1.23304e-13  1.28598e-11
7.690805831e+00  1.3262718e-11  1.32627e-11  1.18193e-13  1.31445e-11
7.729259860e+00  1.3543175e-11  1.35432e-11  1.13320e-13  1.34299e-11
7.767906159e+00  1.3851717e-11  1.38517e-11  1.07295e-13  1.37444e-11
7.806745690e+00  1.4170847e-11  1.41708e-11  1.01073e-13  1.40698e-11
7.845779419e+00  1.4476494e-11  1.44765e-11  9.58302e-14  1.43807e-11
7.885008316e+00  1.4802581e-11  1.48026e-11  8.99113e-14  1.47127e-11
7.924433357e+00  1.5138685e-11  1.51387e-11  8.38474e-14  1.50548e-11
7.964055524e+00  1.5470865e-11  1.54709e-11  7.82753e-14  1.53926e-11
8.003875802e+00  1.5812937e-11  1.58129e-11  7.25646e-14  1.57404e-11
8.043895181e+00  1.6184200e-11  1.61842e-11  6.59133e-14  1.61183e-11
8.084114657e+00  1.6561753e-11  1.65618e-11  5.93414e-14  1.65024e-11
8.124535230e+00  1.6920527e-11  1.69205e-11  5.38603e-14  1.68667e-11
8.165157906e+00  1.7279359e-11  1.72794e-11  4.86564e-14  1.72307e-11
8.205983696e+00  1.7635306e-11  1.76353e-11  4.38277e-14  1.75915e-11
8.247013614e+00  1.7984163e-11  1.79842e-11  3.95098e-14  1.79447e-11
8.288248682e+00  1.8342344e-11  1.83423e-11  3.50693e-14  1.83073e-11
8.329689926e+00  1.8692490e-11  1.86925e-11  3.11391e-14  1.86614e-11
8.371338375e+00  1.9017769e-11  1.90178e-11  2.82757e-14  1.89895e-11
8.413195067e+00  1.9330145e-11  1.93301e-11  2.59995e-14  1.93041e-11
8.455261042e+00  1.9629316e-11  1.96293e-11  2.42819e-14  1.96050e-11
8.497537348e+00  1.9909403e-11  1.99094e-11  2.32776e-14  1.98861e-11
8.540025034e+00  2.0163430e-11  2.01634e-11  2.31610e-14  2.01403e-11
8.582725160e+00  2.0384089e-11  2.03841e-11  2.40998e-14  2.03600e-11
8.625638785e+00  2.0560413e-11  2.05604e-11  2.63565e-14  2.05341e-11
8.668766979e+00  2.0679449e-11  2.06794e-11  3.02273e-14  2.06492e-11
8.712110814e+00  2.0747081e-11  2.07471e-11  3.54308e-14  2.07116e-11
8.755671368e+00  2.0845038e-11  2.08450e-11  3.95435e-14  2.08055e-11
8.799449725e+00  2.1151688e-11  2.11517e-11  3.76531e-14  2.11140e-11
8.843446974e+00  2.1379523e-11  2.13795e-11  3.79907e-14  2.13415e-11
8.887664209e+00  2.1487342e-11  2.14873e-11  4.15144e-14  2.14458e-11
8.932102530e+00  2.1743069e-11  2.17431e-11  4.10136e-14  2.17021e-11
8.976763042e+00  2.1989144e-11  2.19891e-11  4.07713e-14  2.19484e-11
9.021646857e+00  2.2170478e-11  2.21705e-11  4.21511e-14  2.21283e-11
9.066755092e+00  2.2360304e-11  2.23603e-11  4.32534e-14  2.23171e-11
9.112088867e+00  2.2602758e-11  2.26028e-11  4.30322e-14  2.25597e-11
9.157649312e+00  2.2871478e-11  2.28715e-11  4.21873e-14  2.28293e-11
9.203437558e+00  2.3136616e-11  2.31366e-11  4.14441e-14  2.30952e-11
9.249454746e+00  2.3397498e-11  2.33975e-11  4.08110e-14  2.33567e-11
9.295702020e+00  2.3651933e-11  2.36519e-11  4.03294e-14  2.36116e-11
9.342180530e+00  2.3888822e-11  2.38888e-11  4.02302e-14  2.38486e-11
9.388891432e+00  2.4115191e-11  2.41152e-11  4.03404e-14  2.40749e-11
9.435835890e+00  2.4366200e-11  2.43662e-11  3.99139e-14  2.43263e-11
9.483015069e+00  2.4650939e-11  2.46509e-11  3.87954e-14  2.46121e-11
9.530430144e+00  2.4986996e-11  2.49870e-11  3.66724e-14  2.49503e-11
9.578082295e+00  2.5362622e-11  2.53626e-11  3.38340e-14  2.53288e-11
9.625972707e+00  2.5736000e-11  2.57360e-11  3.11275e-14  2.57049e-11
9.674102570e+00  2.6105587e-11  2.61056e-11  2.85757e-14  2.60770e-11
9.722473083e+00  2.6476629e-11  2.64766e-11  2.60735e-14  2.64506e-11
9.771085448e+00  2.6820031e-11  2.68200e-11  2.41480e-14  2.67959e-11
9.819940876e+00  2.7144651e-11  2.71447e-11  2.26093e-14  2.71220e-11
9.869040580e+00  2.7425342e-11  2.74253e-11  2.18767e-14  2.74035e-11
9.918385783e+00  2.7647130e-11  2.76471e-11  2.21625e-14  2.76250e-11
9.967977712e+00  2.7822967e-11  2.78230e-11  2.31917e-14  2.77998e-11
1.001781760e+01  2.7985772e-11  2.79858e-11  2.43773e-14  2.79614e-11
1.006790669e+01  2.8154805e-11  2.81548e-11  2.53962e-14  2.81294e-11
1.011824622e+01  2.8305777e-11  2.83058e-11  2.66436e-14  2.82791e-11
1.016883745e+01  2.8442999e-11  2.84430e-11  2.80382e-14  2.84150e-11
1.021968164e+01  2.8577856e-11  2.85779e-11  2.93951e-14  2.85485e-11
1.027078005e+01  2.8729110e-11  2.87291e-11  3.04313e-14  2.86987e-11
1.032213395e+01  2.9027633e-11  2.90276e-11  2.92182e-14  2.89984e-11
1.037374462e+01  2.9383540e-11  2.93835e-11  2.71846e-14  2.93564e-11
1.042561334e+01  2.9609723e-11  2.96097e-11  2.70561e-14  2.95827e-11
1.047774141e+01  2.9786516e-11  2.97865e-11  2.76025e-14  2.97589e-11
1.053013012e+01  3.0015910e-11  3.00159e-11  2.73759e-14  2.99885e-11
1.058278077e+01  3.0287409e-11  3.02874e-11  2.65580e-14  3.02609e-11
1.063569467e+01  3.0576027e-11  3.05760e-11  2.55127e-14  3.05505e-11
1.068887314e+01  3.0836263e-11  3.08363e-11  2.48499e-14  3.08114e-11
1.074231751e+01  3.1097701e-11  3.10977e-11  2.41677e-14  3.10735e-11
1.079602910e+01  3.1378381e-11  3.13784e-11  2.32375e-14  3.13551e-11
1.085000924e+01  3.1699844e-11  3.16998e-11  2.18020e-14  3.16780e-11
1.090425929e+01  3.2024023e-11  3.20240e-11  2.03544e-14  3.20037e-11
1.095878058e+01  3.2333835e-11  3.23338e-11  1.91021e-14  3.23147e-11
1.101357449e+01  3.2624542e-11  3.26245e-11  1.80923e-14  3.26064e-11
1.106864236e+01  3.2872939e-11  3.28729e-11  1.75850e-14  3.28554e-11
1.112398557e+01  3.3016210e-11  3.30162e-11  1.82798e-14  3.29979e-11
1.117960550e+01  3.3053256e-11  3.30533e-11  2.01313e-14  3.30331e-11
1.123550353e+01  3.3102991e-11  3.31030e-11  2.17570e-14  3.30812e-11
1.129168104e+01  3.3185630e-11  3.31856e-11  2.29443e-14  3.31627e-11
1.134813945e+01  3.3349987e-11  3.33500e-11  2.31850e-14  3.33268e-11
1.140488015e+01  3.3572223e-11  3.35722e-11  2.27761e-14  3.35494e-11
1.146190455e+01  3.3807568e-11  3.38076e-11  2.22163e-14  3.37854e-11
1.151921407e+01  3.4066634e-11  3.40666e-11  2.14029e-14  3.40452e-11
1.157681014e+01  3.4332205e-11  3.43322e-11  2.05223e-14  3.43117e-11
1.163469419e+01  3.4576143e-11  3.45761e-11  1.98591e-14  3.45563e-11
1.169286766e+01  3.4807882e-11  3.48079e-11  1.93105e-14  3.47886e-11
1.175133200e+01  3.5034525e-11  3.50345e-11  1.88024e-14  3.50157e-11
1.181008866e+01  3.5240882e-11  3.52409e-11  1.84781e-14  3.52224e-11
1.186913910e+01  3.5390331e-11  3.53903e-11  1.86743e-14  3.53717e-11
1.192848480e+01  3.5499446e-11  3.54994e-11  1.92140e-14  3.54802e-11
1.198812722e+01  3.5572474e-11  3.55725e-11  2.00430e-14  3.55524e-11
1.204806786e+01  3.5641992e-11  3.56420e-11  2.08547e-14  3.56211e-11
1.210830820e+01  3.5653928e-11  3.56539e-11  2.21296e-14  3.56318e-11
1.216884974e+01  3.5545905e-11  3.55459e-11  2.43931e-14  3.55215e-11
1.222969399e+01  3.5428488e-11  3.54285e-11  2.66483e-14  3.54018e-11
1.229084246e+01  3.5388756e-11  3.53888e-11  2.81537e-14  3.53606e-11
1.235229667e+01  3.5370867e-11  3.53709e-11  2.94085e-14  3.53415e-11
1.241405815e+01  3.5382180e-11  3.53822e-11  3.03617e-14  3.53518e-11
1.247612845e+01  3.5439509e-11  3.54395e-11  3.08881e-14  3.54086e-11
1.253850909e+01  3.5542754e-11  3.55428e-11  3.10058e-14  3.55117e-11
1.260120163e+01  3.5686282e-11  3.56863e-11  3.07760e-14  3.56555e-11
1.266420764e+01  3.5851323e-11  3.58513e-11  3.03596e-14  3.58210e-11
1.272752868e+01  3.6016390e-11  3.60164e-11  2.99298e-14  3.59865e-11
1.279116632e+01  3.6159231e-11  3.61592e-11  2.96567e-14  3.61296e-11
1.285512215e+01  3.6314708e-11  3.63147e-11  2.92722e-14  3.62854e-11
1.291939776e+01  3.6509030e-11  3.65090e-11  2.85863e-14  3.64804e-11
1.298399475e+01  3.6779663e-11  3.67797e-11  2.73371e-14  3.67523e-11
1.304891473e+01  3.7162188e-11  3.71622e-11  2.52901e-14  3.71369e-11
1.311415930e+01  3.7612429e-11  3.76124e-11  2.27915e-14  3.75896e-11
1.317973010e+01  3.7998070e-11  3.79981e-11  2.07895e-14  3.79773e-11
1.324562875e+01  3.8206525e-11  3.82065e-11  2.00466e-14  3.81865e-11
1.331185689e+01  3.8370649e-11  3.83706e-11  1.96048e-14  3.83510e-11
1.337841618e+01  3.8688041e-11  3.86880e-11  1.81163e-14  3.86699e-11
1.344530826e+01  3.9076110e-11  3.90761e-11  1.61726e-14  3.90599e-11
1.351253480e+01  3.9290263e-11  3.92903e-11  1.54035e-14  3.92749e-11
1.358009747e+01  3.9451201e-11  3.94512e-11  1.49797e-14  3.94362e-11
1.364799796e+01  3.9764804e-11  3.97648e-11  1.35647e-14  3.97512e-11
1.371623795e+01  4.0060916e-11  4.00609e-11  1.22758e-14  4.00486e-11
1.378481914e+01  4.0267790e-11  4.02678e-11  1.15586e-14  4.02562e-11
1.385374323e+01  4.0370804e-11  4.03708e-11  1.14830e-14  4.03593e-11
1.392301195e+01  4.0354384e-11  4.03544e-11  1.21210e-14  4.03423e-11
1.399262701e+01  4.0314222e-11  4.03142e-11  1.28683e-14  4.03014e-11
1.406259015e+01  4.0331390e-11  4.03314e-11  1.32366e-14  4.03182e-11
1.413290310e+01  4.0439013e-11  4.04390e-11  1.30436e-14  4.04260e-11
1.420356761e+01  4.0580400e-11  4.05804e-11  1.26398e-14  4.05678e-11
1.427458545e+01  4.0748558e-11  4.07486e-11  1.20731e-14  4.07365e-11
1.434595838e+01  4.0975264e-11  4.09753e-11  1.11682e-14  4.09641e-11
1.441768817e+01  4.1187735e-11  4.11877e-11  1.03468e-14  4.11774e-11
1.448977661e+01  4.1387580e-11  4.13876e-11  9.59717e-15  4.13780e-11
1.456222549e+01  4.1557528e-11  4.15575e-11  9.01212e-15  4.15485e-11
1.463503662e+01  4.1720639e-11  4.17206e-11  8.46070e-15  4.17122e-11
1.470821180e+01  4.1888084e-11  4.18881e-11  7.88181e-15  4.18802e-11
1.478175286e+01  4.2005453e-11  4.20055e-11  7.56579e-15  4.19979e-11
1.485566163e+01  4.2086767e-11  4.20868e-11  7.43022e-15  4.20793e-11
1.492993994e+01  4.2145294e-11  4.21453e-11  7.40019e-15  4.21379e-11
1.500458964e+01  4.2209157e-11  4.22092e-11  7.32763e-15  4.22018e-11
1.507961258e+01  4.2378397e-11  4.23784e-11  6.70529e-15  4.23717e-11
1.515501065e+01  4.2547247e-11  4.25472e-11  6.08315e-15  4.25412e-11
1.523078570e+01  4.2703930e-11  4.27039e-11  5.51994e-15  4.26984e-11
1.530693963e+01  4.2811288e-11  4.28113e-11  5.19674e-15  4.28061e-11
1.538347433e+01  4.2842915e-11  4.28429e-11  5.23455e-15  4.28377e-11
1.546039170e+01  4.2839687e-11  4.28397e-11  5.42500e-15  4.28343e-11
1.553769366e+01  4.2798886e-11  4.27989e-11  5.77626e-15  4.27931e-11
1.561538212e+01  4.2784442e-11  4.27844e-11  5.98180e-15  4.27785e-11
1.569345903e+01  4.2775837e-11  4.27758e-11  6.14193e-15  4.27697e-11
1.577192633e+01  4.2739733e-11  4.27397e-11  6.41204e-15  4.27333e-11
1.585078596e+01  4.2716093e-11  4.27161e-11  6.60612e-15  4.27095e-11
1.593003989e+01  4.2699258e-11  4.26993e-11  6.75213e-15  4.26925e-11
1.600969009e+01  4.2684428e-11  4.26844e-11  6.87306e-15  4.26776e-11
1.608973854e+01  4.2635072e-11  4.26351e-11  7.13162e-15  4.26279e-11
1.617018723e+01  4.2466540e-11  4.24665e-11  7.89509e-15  4.24586e-11
1.625103817e+01  4.2324643e-11  4.23246e-11  8.51502e-15  4.23161e-11
1.633229336e+01  4.2156535e-11  4.21565e-11  9.22293e-15  4.21473e-11
1.641395483e+01  4.1988269e-11  4.19883e-11  9.90526e-15  4.19784e-11
1.649602460e+01  4.1882577e-11  4.18826e-11  1.02983e-14  4.18723e-11
1.657850473e+01  4.1749484e-11  4.17495e-11  1.07861e-14  4.17387e-11
1.666139725e+01  4.1684835e-11  4.16848e-11  1.09698e-14  4.16739e-11
1.674470424e+01  4.1633492e-11  4.16335e-11  1.10838e-14  4.16224e-11
1.682842776e+01  4.1595041e-11  4.15950e-11  1.11320e-14  4.15839e-11
1.691256990e+01  4.1575250e-11  4.15753e-11  1.10931e-14  4.15642e-11
1.699713274e+01  4.1543227e-11  4.15432e-11  1.10925e-14  4.15321e-11
1.708211841e+01  4.1519745e-11  4.15197e-11  1.10474e-14  4.15087e-11
1.716752900e+01  4.1465094e-11  4.14651e-11  1.11141e-14  4.14540e-11
1.725336665e+01  4.1417708e-11  4.14177e-11  1.11410e-14  4.14066e-11
1.733963348e+01  4.1382457e-11  4.13825e-11  1.11106e-14  4.13713e-11
1.742633165e+01  4.1346118e-11  4.13461e-11  1.10747e-14  4.13350e-11
1.751346330e+01  4.1333834e-11  4.13338e-11  1.09389e-14  4.13229e-11
1.760103062e+01  4.1363649e-11  4.13636e-11  1.06388e-14  4.13530e-11
1.768903577e+01  4.1409528e-11  4.14095e-11  1.02750e-14  4.13993e-11
1.777748095e+01  4.1503565e-11  4.15036e-11  9.73199e-15  4.14938e-11
1.786636836e+01  4.1598178e-11  4.15982e-11  9.18721e-15  4.15890e-11
1.795570020e+01  4.1666117e-11  4.16661e-11  8.73888e-15  4.16574e-11
1.804547870e+01  4.1619196e-11  4.16192e-11  8.69903e-15  4.16105e-11
1.813570609e+01  4.1512099e-11  4.15121e-11  8.86378e-15  4.15032e-11
1.822638462e+01  4.1374808e-11  4.13748e-11  9.12284e-15  4.13657e-11
1.831751655e+01  4.1235457e-11  4.12355e-11  9.37610e-15  4.12261e-11
1.840910413e+01  4.1128637e-11  4.11286e-11  9.50466e-15  4.11191e-11
1.850114965e+01  4.1073934e-11  4.10739e-11  9.44489e-15  4.10645e-11
1.859365540e+01  4.1065958e-11  4.10660e-11  9.21989e-15  4.10567e-11
1.868662368e+01  4.1077099e-11  4.10771e-11  8.92662e-15  4.10682e-11
1.878005679e+01  4.1061144e-11  4.10611e-11  8.72071e-15  4.10524e-11
1.887395708e+01  4.1048203e-11  4.10482e-11  8.50070e-15  4.10397e-11
1.896832686e+01  4.1033495e-11  4.10335e-11  8.28267e-15  4.10252e-11
1.906316850e+01  4.0958932e-11  4.09589e-11  8.25529e-15  4.09507e-11
1.915848434e+01  4.0731692e-11  4.07317e-11  8.71296e-15  4.07230e-11
1.925427676e+01  4.0484336e-11  4.04843e-11  9.22045e-15  4.04751e-11
1.935054815e+01  4.0232109e-11  4.02321e-11  9.72833e-15  4.02224e-11
1.944730089e+01  4.0020758e-11  4.00208e-11  1.00928e-14  4.00107e-11
1.954453739e+01  3.9880241e-11  3.98802e-11  1.02240e-14  3.98700e-11
1.964226008e+01  3.9793050e-11  3.97931e-11  1.01816e-14  3.97829e-11
1.974047138e+01  3.9729347e-11  3.97293e-11  1.00614e-14  3.97193e-11
1.983917374e+01  3.9693298e-11  3.96933e-11  9.85265e-15  3.96834e-11
1.993836960e+01  3.9649304e-11  3.96493e-11  9.66502e-15  3.96396e-11
2.003806145e+01  3.9611916e-11  3.96119e-11  9.45451e-15  3.96025e-11
2.013825176e+01  3.9574293e-11  3.95743e-11  9.24206e-15  3.95651e-11
2.023894302e+01  3.9559801e-11  3.95598e-11  8.95883e-15  3.95508e-11
2.034013773e+01  3.9561946e-11  3.95619e-11  8.62553e-15  3.95533e-11
2.044183842e+01  3.9559480e-11  3.95595e-11  8.30517e-15  3.95512e-11
2.054404761e+01  3.9568890e-11  3.95689e-11  7.94997e-15  3.95609e-11
2.064676785e+01  3.9586729e-11  3.95867e-11  7.57066e-15  3.95792e-11
2.075000169e+01  3.9597393e-11  3.95974e-11  7.21223e-15  3.95902e-11
2.085375170e+01  3.9616437e-11  3.96164e-11  6.83041e-15  3.96096e-11
2.095802046e+01  3.9627070e-11  3.96271e-11  6.47284e-15  3.96206e-11
2.106281056e+01  3.9653546e-11  3.96535e-11  6.07161e-15  3.96475e-11
2.116812461e+01  3.9669526e-11  3.96695e-11  5.70048e-15  3.96638e-11
2.127396524e+01  3.9650173e-11  3.96502e-11  5.42700e-15  3.96447e-11
2.138033506e+01  3.9559720e-11  3.95597e-11  5.34654e-15  3.95544e-11
2.148723674e+01  3.9385500e-11  3.93855e-11  5.48933e-15  3.93800e-11
2.159467292e+01  3.9234465e-11  3.92345e-11  5.56362e-15  3.92289e-11
2.170264629e+01  3.9090431e-11  3.90904e-11  5.61405e-15  3.90848e-11
2.181115952e+01  3.8935741e-11  3.89357e-11  5.68793e-15  3.89301e-11
2.192021532e+01  3.8774997e-11  3.87750e-11  5.77275e-15  3.87692e-11
2.202981639e+01  3.8629050e-11  3.86291e-11  5.81391e-15  3.86232e-11
2.213996547e+01  3.8470571e-11  3.84706e-11  5.88323e-15  3.84647e-11
2.225066530e+01  3.8298471e-11  3.82985e-11  5.98301e-15  3.82925e-11
2.236191863e+01  3.8173083e-11  3.81731e-11  5.95838e-15  3.81671e-11
2.247372822e+01  3.8059775e-11  3.80598e-11  5.89988e-15  3.80539e-11
2.258609686e+01  3.7956848e-11  3.79568e-11  5.81255e-15  3.79510e-11
2.269902735e+01  3.7871025e-11  3.78710e-11  5.68018e-15  3.78653e-11
2.281252248e+01  3.7774617e-11  3.77746e-11  5.57268e-15  3.77690e-11
2.292658510e+01  3.7680862e-11  3.76809e-11  5.45687e-15  3.76754e-11
2.304121802e+01  3.7599261e-11  3.75993e-11  5.30963e-15  3.75940e-11
2.315642411e+01  3.7503614e-11  3.75036e-11  5.19561e-15  3.74984e-11
2.327220623e+01  3.7375543e-11  3.73755e-11  5.15882e-15  3.73704e-11
2.338856726e+01  3.7276648e-11  3.72766e-11  5.04934e-15  3.72716e-11
2.350551010e+01  3.7172984e-11  3.71730e-11  4.94993e-15  3.71680e-11
2.362303765e+01  3.7062657e-11  3.70627e-11  4.86496e-15  3.70578e-11
2.374115284e+01  3.6987347e-11  3.69873e-11  4.69563e-15  3.69827e-11
2.385985860e+01  3.6918804e-11  3.69188e-11  4.50997e-15  3.69143e-11
2.397915789e+01  3.6807925e-11  3.68079e-11  4.42309e-15  3.68035e-11
2.409905368e+01  3.6687865e-11  3.66879e-11  4.35621e-15  3.66835e-11
2.421954895e+01  3.6635406e-11  3.66354e-11  4.13184e-15  3.66313e-11
2.434064670e+01  3.6537522e-11  3.65375e-11  4.01216e-15  3.65335e-11
2.446234993e+01  3.6424397e-11  3.64244e-11  3.92651e-15  3.64205e-11
2.458466168e+01  3.6321991e-11  3.63220e-11  3.81549e-15  3.63182e-11
2.470758499e+01  3.6265706e-11  3.62657e-11  3.59987e-15  3.62621e-11
2.483112291e+01  3.6153787e-11  3.61538e-11  3.50943e-15  3.61503e-11
2.495527853e+01  3.6023610e-11  3.60236e-11  3.45878e-15  3.60202e-11
