# ------------------------------------------------------------------------
# Radiance spectrum
# NASA-GSFC Planetary Spectrum Generator (PSG) (Villanueva et al. 2018, 2022)
# Synthesized on Sat Jan 27 20:02:52 2024
# Doppler velocities [km/s] (vobs,vrot+vorb,vwidth,vrfl,vstr): 0.00000,-0.00000,0.00000,-119.41115,-0.00000
# Spectral unit: Wavelength [um]
# Radiance unit: Spectral irradiance [W/m2/um]
# Wave/freq Total Object Reflected Thermal
5.000000000e-01  4.1170519e-12  4.11705e-12  4.11705e-12  9.34291e-47
5.025000000e-01  4.1583793e-12  4.15838e-12  4.15838e-12  1.47403e-46
5.050125000e-01  4.1996186e-12  4.19962e-12  4.19962e-12  2.32012e-46
5.075375625e-01  4.2407616e-12  4.24076e-12  4.24076e-12  3.64337e-46
5.100752503e-01  4.2818005e-12  4.28180e-12  4.28180e-12  5.70807e-46
5.126256266e-01  4.3227273e-12  4.32273e-12  4.32273e-12  8.92220e-46
5.151887547e-01  4.3635340e-12  4.36353e-12  4.36353e-12  1.39142e-45
5.177646985e-01  4.4042128e-12  4.40421e-12  4.40421e-12  2.16497e-45
5.203535220e-01  4.4447560e-12  4.44476e-12  4.44476e-12  3.36091e-45
5.229552896e-01  4.4851556e-12  4.48516e-12  4.48516e-12  5.20571e-45
5.255700660e-01  4.5254039e-12  4.52540e-12  4.52540e-12  8.04499e-45
5.281979164e-01  4.5654933e-12  4.56549e-12  4.56549e-12  1.24050e-44
5.308389059e-01  4.6054160e-12  4.60542e-12  4.60542e-12  1.90855e-44
5.334931005e-01  4.6451646e-12  4.64516e-12  4.64516e-12  2.92984e-44
5.361605660e-01  4.6847314e-12  4.68473e-12  4.68473e-12  4.48774e-44
5.388413688e-01  4.7241089e-12  4.72411e-12  4.72411e-12  6.85893e-44
5.415355756e-01  4.7632898e-12  4.76329e-12  4.76329e-12  1.04601e-43
5.442432535e-01  4.8022667e-12  4.80227e-12  4.80227e-12  1.59174e-43
5.469644698e-01  4.8410324e-12  4.84103e-12  4.84103e-12  2.41696e-43
5.496992921e-01  4.8795795e-12  4.87958e-12  4.87958e-12  3.66212e-43
5.524477886e-01  4.9179009e-12  4.91790e-12  4.91790e-12  5.53687e-43
5.552100275e-01  4.9559897e-12  4.95599e-12  4.95599e-12  8.35354e-43
5.579860777e-01  4.9938387e-12  4.99384e-12  4.99384e-12  1.25764e-42
5.607760081e-01  5.0314412e-12  5.03144e-12  5.03144e-12  1.88940e-42
5.635798881e-01  5.0687901e-12  5.06879e-12  5.06879e-12  2.83258e-42
5.663977875e-01  5.1058789e-12  5.10588e-12  5.10588e-12  4.23772e-42
5.692297765e-01  5.1427009e-12  5.14270e-12  5.14270e-12  6.32673e-42
5.720759254e-01  5.1792494e-12  5.17925e-12  5.17925e-12  9.42603e-42
5.749363050e-01  5.2155180e-12  5.21552e-12  5.21552e-12  1.40147e-41
5.778109865e-01  5.2515004e-12  5.25150e-12  5.25150e-12  2.07946e-41
5.807000414e-01  5.2871901e-12  5.28719e-12  5.28719e-12  3.07915e-41
5.836035417e-01  5.3225811e-12  5.32258e-12  5.32258e-12  4.55021e-41
5.865215594e-01  5.3576673e-12  5.35767e-12  5.35767e-12  6.71052e-41
5.894541672e-01  5.3924425e-12  5.39244e-12  5.39244e-12  9.87663e-41
5.924014380e-01  5.4269011e-12  5.42690e-12  5.42690e-12  1.45076e-40
5.953634452e-01  5.4610370e-12  5.46104e-12  5.46104e-12  2.12675e-40
5.983402624e-01  5.4948448e-12  5.49484e-12  5.49484e-12  3.11157e-40
6.013319637e-01  5.5283187e-12  5.52832e-12  5.52832e-12  4.54348e-40
6.043386235e-01  5.5614534e-12  5.56145e-12  5.56145e-12  6.62136e-40
6.073603167e-01  5.5942434e-12  5.59424e-12  5.59424e-12  9.63075e-40
6.103971182e-01  5.6266835e-12  5.62668e-12  5.62668e-12  1.39808e-39
6.134491038e-01  5.6587686e-12  5.65877e-12  5.65877e-12  2.02565e-39
6.165163494e-01  5.6904936e-12  5.69049e-12  5.69049e-12  2.92930e-39
6.195989311e-01  5.7218536e-12  5.72185e-12  5.72185e-12  4.22799e-39
6.226969258e-01  5.7528439e-12  5.75284e-12  5.75284e-12  6.09086e-39
6.258104104e-01  5.7834597e-12  5.78346e-12  5.78346e-12  8.75795e-39
6.289394624e-01  5.8136965e-12  5.81370e-12  5.81370e-12  1.25692e-38
6.320841597e-01  5.8435498e-12  5.84355e-12  5.84355e-12  1.80054e-38
6.352445805e-01  5.8730153e-12  5.87302e-12  5.87302e-12  2.57447e-38
6.384208035e-01  5.9020888e-12  5.90209e-12  5.90209e-12  3.67425e-38
6.416129075e-01  5.9307662e-12  5.93077e-12  5.93077e-12  5.23417e-38
6.448209720e-01  5.9590435e-12  5.95904e-12  5.95904e-12  7.44269e-38
6.480450769e-01  5.9869168e-12  5.98692e-12  5.98692e-12  1.05638e-37
6.512853022e-01  6.0143825e-12  6.01438e-12  6.01438e-12  1.49665e-37
6.545417288e-01  6.0414370e-12  6.04144e-12  6.04144e-12  2.11658e-37
6.578144374e-01  6.0680766e-12  6.06808e-12  6.06808e-12  2.98792e-37
6.611035096e-01  6.0942982e-12  6.09430e-12  6.09430e-12  4.21042e-37
6.644090271e-01  6.1200984e-12  6.12010e-12  6.12010e-12  5.92256e-37
6.677310723e-01  6.1454741e-12  6.14547e-12  6.14547e-12  8.31617e-37
6.710697276e-01  6.1704223e-12  6.17042e-12  6.17042e-12  1.16566e-36
6.744250763e-01  6.1949401e-12  6.19494e-12  6.19494e-12  1.63101e-36
6.777972017e-01  6.2190249e-12  6.21902e-12  6.21902e-12  2.27817e-36
6.811861877e-01  6.2426739e-12  6.24267e-12  6.24267e-12  3.17658e-36
6.845921186e-01  6.2658846e-12  6.26588e-12  6.26588e-12  4.42163e-36
6.880150792e-01  6.2886547e-12  6.28865e-12  6.28865e-12  6.14411e-36
6.914551546e-01  6.3109818e-12  6.31098e-12  6.31098e-12  8.52299e-36
6.949124304e-01  6.3328640e-12  6.33286e-12  6.33286e-12  1.18028e-35
6.983869925e-01  6.3542990e-12  6.35430e-12  6.35430e-12  1.63171e-35
7.018789275e-01  6.3752850e-12  6.37529e-12  6.37529e-12  2.25201e-35
7.053883221e-01  6.3958203e-12  6.39582e-12  6.39582e-12  3.10289e-35
7.089152637e-01  6.4159031e-12  6.41590e-12  6.41590e-12  4.26815e-35
7.124598400e-01  6.4355320e-12  6.43553e-12  6.43553e-12  5.86125e-35
7.160221392e-01  6.4547054e-12  6.45471e-12  6.45471e-12  8.03570e-35
7.196022499e-01  6.4734221e-12  6.47342e-12  6.47342e-12  1.09988e-34
7.232002612e-01  6.4916809e-12  6.49168e-12  6.49168e-12  1.50298e-34
7.268162625e-01  6.5094807e-12  6.50948e-12  6.50948e-12  2.05047e-34
7.304503438e-01  6.5268206e-12  6.52682e-12  6.52682e-12  2.79288e-34
7.341025955e-01  6.5436996e-12  6.54370e-12  6.54370e-12  3.79797e-34
7.377731085e-01  6.5601171e-12  6.56012e-12  6.56012e-12  5.15648e-34
7.414619740e-01  6.5760725e-12  6.57607e-12  6.57607e-12  6.98975e-34
7.451692839e-01  6.5915652e-12  6.59157e-12  6.59157e-12  9.45978e-34
7.488951303e-01  6.6065948e-12  6.60659e-12  6.60659e-12  1.27825e-33
7.526396060e-01  6.6211611e-12  6.62116e-12  6.62116e-12  1.72451e-33
7.564028040e-01  6.6352639e-12  6.63526e-12  6.63526e-12  2.32293e-33
7.601848180e-01  6.6489030e-12  6.64890e-12  6.64890e-12  3.12414e-33
7.639857421e-01  6.6620786e-12  6.66208e-12  6.66208e-12  4.19521e-33
7.678056708e-01  6.6747907e-12  6.67479e-12  6.67479e-12  5.62479e-33
7.716446992e-01  6.6870397e-12  6.68704e-12  6.68704e-12  7.52998e-33
7.755029227e-01  6.6988258e-12  6.69883e-12  6.69883e-12  1.00651e-32
7.793804373e-01  6.7101495e-12  6.71015e-12  6.71015e-12  1.34333e-32
7.832773395e-01  6.7210114e-12  6.72101e-12  6.72101e-12  1.79017e-32
7.871937262e-01  6.7314121e-12  6.73141e-12  6.73141e-12  2.38205e-32
7.911296948e-01  6.7413523e-12  6.74135e-12  6.74135e-12  3.16488e-32
7.950853433e-01  6.7508330e-12  6.75083e-12  6.75083e-12  4.19873e-32
7.990607700e-01  6.7598550e-12  6.75985e-12  6.75985e-12  5.56206e-32
8.030560739e-01  6.7684193e-12  6.76842e-12  6.76842e-12  7.35721e-32
8.070713542e-01  6.7765272e-12  6.77653e-12  6.77653e-12  9.71750e-32
8.111067110e-01  6.7841797e-12  6.78418e-12  6.78418e-12  1.28163e-31
8.151622446e-01  6.7913783e-12  6.79138e-12  6.79138e-12  1.68787e-31
8.192380558e-01  6.7981243e-12  6.79812e-12  6.79812e-12  2.21967e-31
8.233342461e-01  6.8044192e-12  6.80442e-12  6.80442e-12  2.91484e-31
8.274509173e-01  6.8102646e-12  6.81026e-12  6.81026e-12  3.82226e-31
8.315881719e-01  6.8156620e-12  6.81566e-12  6.81566e-12  5.00503e-31
8.357461127e-01  6.8206133e-12  6.82061e-12  6.82061e-12  6.54453e-31
8.399248433e-01  6.8251203e-12  6.82512e-12  6.82512e-12  8.54553e-31
8.441244675e-01  6.8291848e-12  6.82918e-12  6.82918e-12  1.11427e-30
8.483450899e-01  6.8328088e-12  6.83281e-12  6.83281e-12  1.45090e-30
8.525868153e-01  6.8359944e-12  6.83599e-12  6.83599e-12  1.88660e-30
8.568497494e-01  6.8387437e-12  6.83874e-12  6.83874e-12  2.44975e-30
8.611339981e-01  6.8410589e-12  6.84106e-12  6.84106e-12  3.17665e-30
8.654396681e-01  6.8429423e-12  6.84294e-12  6.84294e-12  4.11360e-30
8.697668665e-01  6.8443961e-12  6.84440e-12  6.84440e-12  5.31966e-30
8.741157008e-01  6.8454229e-12  6.84542e-12  6.84542e-12  6.87003e-30
8.784862793e-01  6.8460250e-12  6.84602e-12  6.84602e-12  8.86028e-30
8.828787107e-01  6.8462050e-12  6.84620e-12  6.84620e-12  1.14118e-29
8.872931042e-01  6.8459655e-12  6.84597e-12  6.84597e-12  1.46785e-29
8.917295698e-01  6.8453092e-12  6.84531e-12  6.84531e-12  1.88554e-29
8.961882176e-01  6.8442388e-12  6.84424e-12  6.84424e-12  2.41888e-29
9.006691587e-01  6.8427571e-12  6.84276e-12  6.84276e-12  3.09900e-29
9.051725045e-01  6.8408670e-12  6.84087e-12  6.84087e-12  3.96517e-29
9.096983670e-01  6.8385712e-12  6.83857e-12  6.83857e-12  5.06684e-29
9.142468589e-01  6.8358729e-12  6.83587e-12  6.83587e-12  6.46622e-29
9.188180931e-01  6.8327749e-12  6.83277e-12  6.83277e-12  8.24147e-29
9.234121836e-01  6.8292804e-12  6.82928e-12  6.82928e-12  1.04906e-28
9.280292445e-01  6.8253924e-12  6.82539e-12  6.82539e-12  1.33366e-28
9.326693908e-01  6.8211141e-12  6.82111e-12  6.82111e-12  1.69332e-28
9.373327377e-01  6.8164488e-12  6.81645e-12  6.81645e-12  2.14726e-28
9.420194014e-01  6.8113996e-12  6.81140e-12  6.81140e-12  2.71946e-28
9.467294984e-01  6.8059698e-12  6.80597e-12  6.80597e-12  3.43985e-28
9.514631459e-01  6.8001628e-12  6.80016e-12  6.80016e-12  4.34566e-28
9.562204616e-01  6.7939820e-12  6.79398e-12  6.79398e-12  5.48321e-28
9.610015639e-01  6.7874308e-12  6.78743e-12  6.78743e-12  6.91002e-28
9.658065718e-01  6.7805125e-12  6.78051e-12  6.78051e-12  8.69744e-28
9.706356046e-01  6.7732308e-12  6.77323e-12  6.77323e-12  1.09339e-27
9.754887826e-01  6.7655891e-12  6.76559e-12  6.76559e-12  1.37287e-27
9.803662265e-01  6.7575910e-12  6.75759e-12  6.75759e-12  1.72172e-27
9.852680577e-01  6.7492401e-12  6.74924e-12  6.74924e-12  2.15661e-27
9.901943980e-01  6.7405399e-12  6.74054e-12  6.74054e-12  2.69814e-27
9.951453700e-01  6.7314943e-12  6.73149e-12  6.73149e-12  3.37162e-27
1.000121097e+00  6.7221067e-12  6.72211e-12  6.72211e-12  4.20824e-27
1.005121702e+00  6.7123809e-12  6.71238e-12  6.71238e-12  5.24626e-27
1.010147311e+00  6.7023207e-12  6.70232e-12  6.70232e-12  6.53268e-27
1.015198047e+00  6.6919298e-12  6.69193e-12  6.69193e-12  8.12506e-27
1.020274038e+00  6.6812120e-12  6.68121e-12  6.68121e-12  1.00939e-26
1.025375408e+00  6.6701710e-12  6.67017e-12  6.67017e-12  1.25253e-26
1.030502285e+00  6.6588107e-12  6.65881e-12  6.65881e-12  1.55246e-26
1.035654796e+00  6.6471349e-12  6.64713e-12  6.64713e-12  1.92201e-26
1.040833070e+00  6.6351474e-12  6.63515e-12  6.63515e-12  2.37683e-26
1.046037236e+00  6.6228522e-12  6.62285e-12  6.62285e-12  2.93595e-26
1.051267422e+00  6.6102531e-12  6.61025e-12  6.61025e-12  3.62251e-26
1.056523759e+00  6.5973540e-12  6.59735e-12  6.59735e-12  4.46463e-26
1.061806378e+00  6.5841588e-12  6.58416e-12  6.58416e-12  5.49638e-26
1.067115410e+00  6.5706714e-12  6.57067e-12  6.57067e-12  6.75907e-26
1.072450987e+00  6.5568958e-12  6.55690e-12  6.55690e-12  8.30267e-26
1.077813242e+00  6.5428358e-12  6.54284e-12  6.54284e-12  1.01876e-25
1.083202308e+00  6.5284954e-12  6.52850e-12  6.52850e-12  1.24868e-25
1.088618319e+00  6.5138787e-12  6.51388e-12  6.51388e-12  1.52883e-25
1.094061411e+00  6.4989894e-12  6.49899e-12  6.49899e-12  1.86981e-25
1.099531718e+00  6.4838316e-12  6.48383e-12  6.48383e-12  2.28438e-25
1.105029377e+00  6.4684093e-12  6.46841e-12  6.46841e-12  2.78787e-25
1.110554523e+00  6.4527264e-12  6.45273e-12  6.45273e-12  3.39872e-25
1.116107296e+00  6.4367868e-12  6.43679e-12  6.43679e-12  4.13903e-25
1.121687832e+00  6.4205946e-12  6.42059e-12  6.42059e-12  5.03527e-25
1.127296272e+00  6.4041537e-12  6.40415e-12  6.40415e-12  6.11915e-25
1.132932753e+00  6.3874680e-12  6.38747e-12  6.38747e-12  7.42859e-25
1.138597417e+00  6.3705416e-12  6.37054e-12  6.37054e-12  9.00886e-25
1.144290404e+00  6.3533783e-12  6.35338e-12  6.35338e-12  1.09140e-24
1.150011856e+00  6.3359822e-12  6.33598e-12  6.33598e-12  1.32085e-24
1.155761915e+00  6.3183571e-12  6.31836e-12  6.31836e-12  1.59689e-24
1.161540725e+00  6.3005070e-12  6.30051e-12  6.30051e-12  1.92866e-24
1.167348428e+00  6.2824359e-12  6.28244e-12  6.28244e-12  2.32700e-24
1.173185171e+00  6.2641476e-12  6.26415e-12  6.26415e-12  2.80478e-24
1.179051096e+00  6.2456460e-12  6.24565e-12  6.24565e-12  3.37727e-24
1.184946352e+00  6.2269352e-12  6.22694e-12  6.22694e-12  4.06255e-24
1.190871084e+00  6.2080189e-12  6.20802e-12  6.20802e-12  4.88203e-24
1.196825439e+00  6.1889010e-12  6.18890e-12  6.18890e-12  5.86101e-24
1.202809566e+00  6.1695855e-12  6.16959e-12  6.16959e-12  7.02939e-24
1.208823614e+00  6.1500761e-12  6.15008e-12  6.15008e-12  8.42244e-24
1.214867732e+00  6.1303767e-12  6.13038e-12  6.13038e-12  1.00817e-23
1.220942071e+00  6.1104911e-12  6.11049e-12  6.11049e-12  1.20562e-23
1.227046781e+00  6.0904232e-12  6.09042e-12  6.09042e-12  1.44035e-23
1.233182015e+00  6.0701767e-12  6.07018e-12  6.07018e-12  1.71913e-23
1.239347925e+00  6.0497554e-12  6.04976e-12  6.04976e-12  2.04991e-23
1.245544665e+00  6.0291631e-12  6.02916e-12  6.02916e-12  2.44201e-23
1.251772388e+00  6.0084035e-12  6.00840e-12  6.00840e-12  2.90637e-23
1.258031250e+00  5.9874804e-12  5.98748e-12  5.98748e-12  3.45577e-23
1.264321406e+00  5.9663974e-12  5.96640e-12  5.96640e-12  4.10519e-23
1.270643013e+00  5.9451582e-12  5.94516e-12  5.94516e-12  4.87211e-23
1.276996228e+00  5.9237666e-12  5.92377e-12  5.92377e-12  5.77694e-23
1.283381209e+00  5.9022261e-12  5.90223e-12  5.90223e-12  6.84351e-23
1.289798116e+00  5.8805403e-12  5.88054e-12  5.88054e-12  8.09956e-23
1.296247106e+00  5.8587129e-12  5.85871e-12  5.85871e-12  9.57739e-23
1.302728342e+00  5.8367475e-12  5.83675e-12  5.83675e-12  1.13146e-22
1.309241983e+00  5.8146476e-12  5.81465e-12  5.81465e-12  1.33548e-22
1.315788193e+00  5.7924168e-12  5.79242e-12  5.79242e-12  1.57488e-22
1.322367134e+00  5.7700584e-12  5.77006e-12  5.77006e-12  1.85552e-22
1.328978970e+00  5.7475762e-12  5.74758e-12  5.74758e-12  2.18424e-22
1.335623865e+00  5.7249734e-12  5.72497e-12  5.72497e-12  2.56891e-22
1.342301984e+00  5.7022536e-12  5.70225e-12  5.70225e-12  3.01866e-22
1.349013494e+00  5.6794202e-12  5.67942e-12  5.67942e-12  3.54404e-22
1.355758561e+00  5.6564764e-12  5.65648e-12  5.65648e-12  4.15723e-22
1.362537354e+00  5.6334258e-12  5.63343e-12  5.63343e-12  4.87229e-22
1.369350041e+00  5.6102717e-12  5.61027e-12  5.61027e-12  5.70541e-22
1.376196791e+00  5.5870172e-12  5.58702e-12  5.58702e-12  6.67524e-22
1.383077775e+00  5.5636658e-12  5.56367e-12  5.56367e-12  7.80324e-22
1.389993164e+00  5.5402207e-12  5.54022e-12  5.54022e-12  9.11410e-22
1.396943130e+00  5.5166851e-12  5.51669e-12  5.51669e-12  1.06362e-21
1.403927846e+00  5.4930622e-12  5.49306e-12  5.49306e-12  1.24019e-21
1.410947485e+00  5.4693552e-12  5.46936e-12  5.46936e-12  1.44488e-21
1.418002222e+00  5.4455673e-12  5.44557e-12  5.44557e-12  1.68193e-21
1.425092233e+00  5.4217014e-12  5.42170e-12  5.42170e-12  1.95626e-21
1.432217694e+00  5.3977608e-12  5.39776e-12  5.39776e-12  2.27345e-21
1.439378783e+00  5.3737484e-12  5.37375e-12  5.37375e-12  2.63990e-21
1.446575677e+00  5.3496674e-12  5.34967e-12  5.34967e-12  3.06291e-21
1.453808555e+00  5.3255207e-12  5.32552e-12  5.32552e-12  3.55081e-21
1.461077598e+00  5.3013112e-12  5.30131e-12  5.30131e-12  4.11310e-21
1.468382986e+00  5.2770420e-12  5.27704e-12  5.27704e-12  4.76059e-21
1.475724901e+00  5.2527158e-12  5.25272e-12  5.25272e-12  5.50560e-21
1.483103525e+00  5.2283357e-12  5.22834e-12  5.22834e-12  6.36211e-21
1.490519043e+00  5.2039045e-12  5.20390e-12  5.20390e-12  7.34604e-21
1.497971638e+00  5.1794249e-12  5.17942e-12  5.17942e-12  8.47545e-21
1.505461496e+00  5.1548998e-12  5.15490e-12  5.15490e-12  9.77081e-21
1.512988804e+00  5.1303319e-12  5.13033e-12  5.13033e-12  1.12553e-20
1.520553748e+00  5.1057239e-12  5.10572e-12  5.10572e-12  1.29553e-20
1.528156517e+00  5.0810786e-12  5.08108e-12  5.08108e-12  1.49006e-20
1.535797299e+00  5.0563986e-12  5.05640e-12  5.05640e-12  1.71247e-20
1.543476286e+00  5.0316866e-12  5.03169e-12  5.03169e-12  1.96657e-20
1.551193667e+00  5.0069451e-12  5.00695e-12  5.00695e-12  2.25665e-20
1.558949636e+00  4.9821768e-12  4.98218e-12  4.98218e-12  2.58756e-20
1.566744384e+00  4.9573841e-12  4.95738e-12  4.95738e-12  2.96475e-20
1.574578106e+00  4.9325697e-12  4.93257e-12  4.93257e-12  3.39437e-20
1.582450996e+00  4.9138441e-12  4.91384e-12  4.91384e-12  3.87752e-20
1.590363251e+00  4.9027257e-12  4.90273e-12  4.90273e-12  4.41772e-20
1.598315067e+00  4.8971433e-12  4.89714e-12  4.89714e-12  5.02224e-20
1.606306643e+00  4.8926772e-12  4.89268e-12  4.89268e-12  5.70324e-20
1.614338176e+00  4.8875490e-12  4.88755e-12  4.88755e-12  6.47238e-20
1.622409867e+00  4.8809799e-12  4.88098e-12  4.88098e-12  7.34202e-20
1.630521916e+00  4.8742106e-12  4.87421e-12  4.87421e-12  8.32228e-20
1.638674526e+00  4.8659438e-12  4.86594e-12  4.86594e-12  9.42960e-20
1.646867898e+00  4.8539616e-12  4.85396e-12  4.85396e-12  1.06864e-19
1.655102238e+00  4.8424371e-12  4.84244e-12  4.84244e-12  1.20999e-19
1.663377749e+00  4.8299988e-12  4.83000e-12  4.83000e-12  1.36934e-19
1.671694638e+00  4.8163219e-12  4.81632e-12  4.81632e-12  1.54901e-19
1.680053111e+00  4.8053071e-12  4.80531e-12  4.80531e-12  1.74967e-19
1.688453377e+00  4.7947299e-12  4.79473e-12  4.79473e-12  1.97458e-19
1.696895643e+00  4.7830810e-12  4.78308e-12  4.78308e-12  2.22738e-19
1.705380122e+00  4.7679708e-12  4.76797e-12  4.76797e-12  2.51313e-19
1.713907022e+00  4.7520148e-12  4.75201e-12  4.75201e-12  2.83415e-19
1.722476557e+00  4.7339962e-12  4.73400e-12  4.73400e-12  3.19577e-19
1.731088940e+00  4.7160723e-12  4.71607e-12  4.71607e-12  3.60088e-19
1.739744385e+00  4.6994602e-12  4.69946e-12  4.69946e-12  4.05292e-19
1.748443107e+00  4.6850269e-12  4.68503e-12  4.68503e-12  4.55555e-19
1.757185322e+00  4.6699269e-12  4.66993e-12  4.66993e-12  5.11785e-19
1.765971249e+00  4.6581630e-12  4.65816e-12  4.65816e-12  5.73973e-19
1.774801105e+00  4.6446787e-12  4.64468e-12  4.64468e-12  6.43586e-19
1.783675111e+00  4.6249259e-12  4.62493e-12  4.62493e-12  7.22514e-19
1.792593486e+00  4.6053682e-12  4.60537e-12  4.60537e-12  8.10524e-19
1.801556454e+00  4.5840529e-12  4.58405e-12  4.58405e-12  9.09138e-19
1.810564236e+00  4.5631837e-12  4.56318e-12  4.56318e-12  1.01893e-18
1.819617057e+00  4.5422146e-12  4.54221e-12  4.54221e-12  1.14127e-18
1.828715142e+00  4.5203054e-12  4.52031e-12  4.52030e-12  1.27784e-18
1.837858718e+00  4.4984650e-12  4.49847e-12  4.49846e-12  1.42979e-18
1.847048012e+00  4.4738142e-12  4.47381e-12  4.47381e-12  1.60023e-18
1.856283252e+00  4.4493422e-12  4.44934e-12  4.44934e-12  1.78976e-18
1.865564668e+00  4.4177088e-12  4.41771e-12  4.41771e-12  2.00515e-18
1.874892491e+00  4.3792665e-12  4.37927e-12  4.37926e-12  2.25013e-18
1.884266954e+00  4.3608568e-12  4.36086e-12  4.36085e-12  2.50706e-18
1.893688289e+00  4.3452792e-12  4.34528e-12  4.34528e-12  2.78890e-18
1.903156730e+00  4.3203452e-12  4.32035e-12  4.32034e-12  3.11011e-18
1.912672514e+00  4.2936382e-12  4.29364e-12  4.29363e-12  3.46830e-18
1.922235876e+00  4.2712613e-12  4.27126e-12  4.27126e-12  3.85978e-18
1.931847056e+00  4.2483271e-12  4.24833e-12  4.24832e-12  4.29366e-18
1.941506291e+00  4.2250620e-12  4.22506e-12  4.22506e-12  4.77398e-18
1.951213822e+00  4.1989911e-12  4.19899e-12  4.19899e-12  5.31001e-18
1.960969892e+00  4.1696746e-12  4.16967e-12  4.16967e-12  5.90947e-18
1.970774741e+00  4.1399777e-12  4.13998e-12  4.13997e-12  6.57377e-18
1.980628615e+00  4.1110246e-12  4.11102e-12  4.11102e-12  7.30675e-18
1.990531758e+00  4.0764381e-12  4.07644e-12  4.07643e-12  8.13306e-18
2.000484417e+00  4.0498061e-12  4.04981e-12  4.04980e-12  9.02256e-18
2.010486839e+00  4.0429444e-12  4.04294e-12  4.04293e-12  9.93342e-18
2.020539273e+00  4.0287930e-12  4.02879e-12  4.02878e-12  1.09576e-17
2.030641969e+00  4.0120102e-12  4.01201e-12  4.01200e-12  1.20916e-17
2.040795179e+00  3.9911709e-12  3.99117e-12  3.99116e-12  1.33547e-17
2.050999155e+00  3.9674191e-12  3.96742e-12  3.96740e-12  1.47574e-17
2.061254151e+00  3.9415406e-12  3.94154e-12  3.94152e-12  1.63113e-17
2.071560421e+00  3.9139070e-12  3.91391e-12  3.91389e-12  1.80310e-17
2.081918224e+00  3.8872354e-12  3.88724e-12  3.88722e-12  1.99142e-17
2.092327815e+00  3.8562483e-12  3.85625e-12  3.85623e-12  2.20186e-17
2.102789454e+00  3.8237427e-12  3.82374e-12  3.82372e-12  2.43470e-17
2.113303401e+00  3.7926374e-12  3.79264e-12  3.79261e-12  2.68939e-17
2.123869918e+00  3.7643108e-12  3.76431e-12  3.76428e-12  2.96607e-17
2.134489268e+00  3.7358642e-12  3.73586e-12  3.73583e-12  3.26972e-17
2.145161714e+00  3.7018318e-12  3.70183e-12  3.70180e-12  3.61044e-17
2.155887523e+00  3.6720730e-12  3.67207e-12  3.67203e-12  3.97815e-17
2.166666960e+00  3.6536462e-12  3.65365e-12  3.65360e-12  4.36182e-17
2.177500295e+00  3.6380691e-12  3.63807e-12  3.63802e-12  4.77450e-17
2.188387796e+00  3.6158536e-12  3.61585e-12  3.61580e-12  5.23716e-17
2.199329735e+00  3.5885925e-12  3.58859e-12  3.58853e-12  5.75333e-17
2.210326384e+00  3.5562672e-12  3.55627e-12  3.55620e-12  6.33021e-17
2.221378016e+00  3.5207234e-12  3.52072e-12  3.52065e-12  6.97074e-17
2.232484906e+00  3.4816716e-12  3.48167e-12  3.48159e-12  7.68346e-17
2.243647331e+00  3.4411420e-12  3.44114e-12  3.44106e-12  8.47032e-17
2.254865567e+00  3.3965216e-12  3.39652e-12  3.39643e-12  9.34899e-17
2.266139895e+00  3.3485417e-12  3.34854e-12  3.34844e-12  1.03281e-16
2.277470595e+00  3.2909477e-12  3.29095e-12  3.29083e-12  1.14484e-16
2.288857948e+00  3.2263640e-12  3.22636e-12  3.22624e-12  1.27190e-16
2.300302237e+00  3.1773964e-12  3.17740e-12  3.17726e-12  1.40372e-16
2.311803748e+00  3.1359431e-12  3.13594e-12  3.13579e-12  1.54396e-16
2.323362767e+00  3.0729840e-12  3.07298e-12  3.07281e-12  1.71177e-16
2.334979581e+00  2.9896954e-12  2.98970e-12  2.98950e-12  1.91166e-16
2.346654479e+00  2.9764630e-12  2.97646e-12  2.97626e-12  2.07734e-16
2.358387751e+00  3.0574877e-12  3.05749e-12  3.05727e-12  2.17355e-16
2.370179690e+00  3.1329738e-12  3.13297e-12  3.13275e-12  2.27335e-16
2.382030589e+00  3.1413279e-12  3.14133e-12  3.14108e-12  2.44199e-16
2.393940742e+00  3.1213352e-12  3.12134e-12  3.12107e-12  2.65374e-16
2.405910445e+00  3.0958180e-12  3.09582e-12  3.09553e-12  2.88951e-16
2.417939997e+00  3.0681017e-12  3.06810e-12  3.06779e-12  3.14792e-16
2.430029697e+00  3.0253871e-12  3.02539e-12  3.02504e-12  3.45067e-16
2.442179846e+00  2.9737919e-12  2.97379e-12  2.97341e-12  3.79570e-16
2.454390745e+00  2.9128815e-12  2.91288e-12  2.91246e-12  4.19023e-16
2.466662699e+00  2.8316842e-12  2.83168e-12  2.83122e-12  4.66344e-16
2.478996012e+00  2.7391048e-12  2.73910e-12  2.73858e-12  5.21070e-16
2.491390992e+00  2.6664591e-12  2.66646e-12  2.66588e-12  5.77006e-16
2.503847947e+00  2.6223491e-12  2.62235e-12  2.62172e-12  6.31263e-16
2.516367187e+00  2.5688388e-12  2.56884e-12  2.56815e-12  6.92972e-16
2.528949023e+00  2.4544610e-12  2.45446e-12  2.45368e-12  7.78875e-16
2.541593768e+00  2.4174132e-12  2.41741e-12  2.41656e-12  8.48690e-16
2.554301737e+00  2.5729738e-12  2.57297e-12  2.57212e-12  8.55055e-16
2.567073246e+00  2.6755729e-12  2.67557e-12  2.67470e-12  8.76332e-16
2.579908612e+00  2.6990681e-12  2.69907e-12  2.69814e-12  9.28114e-16
2.592808155e+00  2.6873491e-12  2.68735e-12  2.68635e-12  9.98208e-16
2.605772196e+00  2.6970049e-12  2.69700e-12  2.69594e-12  1.06233e-15
2.618801057e+00  2.6857868e-12  2.68579e-12  2.68465e-12  1.14109e-15
2.631895062e+00  2.6698674e-12  2.66987e-12  2.66864e-12  1.22791e-15
2.645054537e+00  2.6651927e-12  2.66519e-12  2.66388e-12  1.31353e-15
2.658279810e+00  2.6175727e-12  2.61757e-12  2.61614e-12  1.43436e-15
2.671571209e+00  2.5360106e-12  2.53601e-12  2.53442e-12  1.59144e-15
2.684929065e+00  2.5308893e-12  2.53089e-12  2.52919e-12  1.70141e-15
2.698353710e+00  2.4615463e-12  2.46155e-12  2.45967e-12  1.87519e-15
2.711845479e+00  2.3922922e-12  2.39229e-12  2.39023e-12  2.06535e-15
2.725404706e+00  2.3213406e-12  2.32134e-12  2.31907e-12  2.27517e-15
2.739031730e+00  2.2574932e-12  2.25749e-12  2.25500e-12  2.49671e-15
2.752726889e+00  2.1932074e-12  2.19321e-12  2.19047e-12  2.73892e-15
2.766490523e+00  2.0982064e-12  2.09821e-12  2.09516e-12  3.04359e-15
2.780322976e+00  1.9631548e-12  1.96315e-12  1.95972e-12  3.43573e-15
2.794224591e+00  1.9240933e-12  1.92409e-12  1.92037e-12  3.72210e-15
2.808195713e+00  1.9655571e-12  1.96556e-12  1.96166e-12  3.89696e-15
2.822236692e+00  1.9699250e-12  1.96992e-12  1.96578e-12  4.14136e-15
2.836347875e+00  1.9534016e-12  1.95340e-12  1.94896e-12  4.43912e-15
2.850529615e+00  1.9277665e-12  1.92777e-12  1.92299e-12  4.77564e-15
2.864782263e+00  1.8969437e-12  1.89694e-12  1.89180e-12  5.14774e-15
2.879106174e+00  1.8670594e-12  1.86706e-12  1.86151e-12  5.54485e-15
2.893501705e+00  1.8374837e-12  1.83748e-12  1.83151e-12  5.96996e-15
2.907969214e+00  1.8104178e-12  1.81042e-12  1.80400e-12  6.41864e-15
2.922509060e+00  1.7873074e-12  1.78731e-12  1.78042e-12  6.88694e-15
2.937121605e+00  1.7652192e-12  1.76522e-12  1.75784e-12  7.38381e-15
2.951807213e+00  1.7431404e-12  1.74314e-12  1.73523e-12  7.91406e-15
2.966566249e+00  1.7241978e-12  1.72420e-12  1.71573e-12  8.46796e-15
2.981399080e+00  1.7060904e-12  1.70609e-12  1.69704e-12  9.05441e-15
2.996306076e+00  1.6867825e-12  1.68678e-12  1.67710e-12  9.68371e-15
3.011287606e+00  1.6673887e-12  1.66739e-12  1.65703e-12  1.03540e-14
3.026344044e+00  1.6472285e-12  1.64723e-12  1.63616e-12  1.10713e-14
3.041475764e+00  1.6264790e-12  1.62648e-12  1.61464e-12  1.18380e-14
3.056683143e+00  1.6036929e-12  1.60369e-12  1.59103e-12  1.26660e-14
3.071966559e+00  1.5815417e-12  1.58154e-12  1.56800e-12  1.35442e-14
3.087326392e+00  1.5476811e-12  1.54768e-12  1.53312e-12  1.45576e-14
3.102763024e+00  1.5015976e-12  1.50160e-12  1.48587e-12  1.57300e-14
3.118276839e+00  1.4933529e-12  1.49335e-12  1.47665e-12  1.67014e-14
3.133868223e+00  1.4952456e-12  1.49525e-12  1.47760e-12  1.76436e-14
3.149537564e+00  1.4707878e-12  1.47079e-12  1.45193e-12  1.88623e-14
3.165285252e+00  1.4855500e-12  1.48555e-12  1.46576e-12  1.97911e-14
3.181111678e+00  1.4971032e-12  1.49710e-12  1.47632e-12  2.07845e-14
3.197017237e+00  1.4882939e-12  1.48829e-12  1.46626e-12  2.20342e-14
3.213002323e+00  1.4736054e-12  1.47361e-12  1.45019e-12  2.34196e-14
3.229067334e+00  1.4536411e-12  1.45364e-12  1.42869e-12  2.49506e-14
3.245212671e+00  1.4313051e-12  1.43131e-12  1.40470e-12  2.66068e-14
3.261438734e+00  1.4058938e-12  1.40589e-12  1.37748e-12  2.84099e-14
3.277745928e+00  1.3710070e-12  1.37101e-12  1.34054e-12  3.04714e-14
3.294134658e+00  1.3230613e-12  1.32306e-12  1.29018e-12  3.28849e-14
3.310605331e+00  1.2594322e-12  1.25943e-12  1.22368e-12  3.57475e-14
3.327158358e+00  1.1403881e-12  1.14039e-12  1.10054e-12  3.98530e-14
3.343794149e+00  7.8223830e-13  7.82238e-13  7.33229e-13  4.90092e-14
3.360513120e+00  6.5809145e-13  6.58091e-13  6.03764e-13  5.43277e-14
3.377315686e+00  7.0561671e-13  7.05617e-13  6.49304e-13  5.63125e-14
3.394202264e+00  7.2668681e-13  7.26687e-13  6.67750e-13  5.89367e-14
3.411173276e+00  7.4642450e-13  7.46425e-13  6.84740e-13  6.16840e-14
3.428229142e+00  7.5072186e-13  7.50722e-13  6.85780e-13  6.49416e-14
3.445370288e+00  7.3852822e-13  7.38528e-13  6.69706e-13  6.88224e-14
3.462597139e+00  6.6104060e-13  6.61041e-13  5.86126e-13  7.49149e-14
3.479910125e+00  5.1577883e-13  5.15779e-13  4.32078e-13  8.37005e-14
3.497309675e+00  5.8471665e-13  5.84717e-13  4.98836e-13  8.58809e-14
3.514796224e+00  7.0762636e-13  7.07626e-13  6.21635e-13  8.59917e-14
3.532370205e+00  9.8998520e-13  9.89985e-13  9.10491e-13  7.94942e-14
3.550032056e+00  1.1650318e-12  1.16503e-12  1.08875e-12  7.62779e-14
3.567782216e+00  1.1919245e-12  1.19192e-12  1.11303e-12  7.88960e-14
3.585621127e+00  1.2508906e-12  1.25089e-12  1.17087e-12  8.00157e-14
3.603549233e+00  1.3126143e-12  1.31261e-12  1.23180e-12  8.08141e-14
3.621566979e+00  1.3394703e-12  1.33947e-12  1.25622e-12  8.32497e-14
3.639674814e+00  1.3515700e-12  1.35157e-12  1.26507e-12  8.65047e-14
3.657873188e+00  1.3582753e-12  1.35828e-12  1.26811e-12  9.01619e-14
3.676162554e+00  1.3605957e-12  1.36060e-12  1.26638e-12  9.42169e-14
3.694543367e+00  1.3567722e-12  1.35677e-12  1.25793e-12  9.88444e-14
3.713016084e+00  1.3459967e-12  1.34600e-12  1.24181e-12  1.04187e-13
3.731581164e+00  1.3257468e-12  1.32575e-12  1.21520e-12  1.10545e-13
3.750239070e+00  1.2944796e-12  1.29448e-12  1.17628e-12  1.18197e-13
3.768990265e+00  1.2605003e-12  1.26050e-12  1.13388e-12  1.26617e-13
3.787835216e+00  1.1767016e-12  1.17670e-12  1.03646e-12  1.40244e-13
3.806774393e+00  9.7784839e-13  9.77848e-13  8.11456e-13  1.66393e-13
3.825808265e+00  8.1567404e-13  8.15674e-13  6.24223e-13  1.91451e-13
3.844937306e+00  7.1948963e-13  7.19490e-13  5.07794e-13  2.11695e-13
3.864161992e+00  7.0093226e-13  7.00932e-13  4.76330e-13  2.24602e-13
3.883482802e+00  6.9692262e-13  6.96923e-13  4.60416e-13  2.36507e-13
3.902900216e+00  6.8924815e-13  6.89248e-13  4.39699e-13  2.49550e-13
3.922414717e+00  6.7242831e-13  6.72428e-13  4.07789e-13  2.64640e-13
3.942026791e+00  6.1716082e-13  6.17161e-13  3.30681e-13  2.86480e-13
3.961736925e+00  5.1924875e-13  5.19249e-13  2.02340e-13  3.16909e-13
3.981545610e+00  5.1004570e-13  5.10046e-13  1.74994e-13  3.35051e-13
4.001453338e+00  6.0386105e-13  6.03861e-13  2.68159e-13  3.35702e-13
4.021460604e+00  7.8605341e-13  7.86053e-13  4.67855e-13  3.18198e-13
4.041567907e+00  9.3631532e-13  9.36315e-13  6.32575e-13  3.03740e-13
4.061775747e+00  1.0596808e-12  1.05968e-12  7.67581e-13  2.92100e-13
4.082084626e+00  1.1319244e-12  1.13192e-12  8.42238e-13  2.89687e-13
4.102495049e+00  1.1840278e-12  1.18403e-12  8.93168e-13  2.90859e-13
4.123007524e+00  1.2245136e-12  1.22451e-12  9.30335e-13  2.94179e-13
4.143622562e+00  1.2627738e-12  1.26277e-12  9.65284e-13  2.97490e-13
4.164340674e+00  1.2897937e-12  1.28979e-12  9.86269e-13  3.03525e-13
4.185162378e+00  1.3075707e-12  1.30757e-12  9.95343e-13  3.12228e-13
4.206088190e+00  1.3140970e-12  1.31410e-12  9.89264e-13  3.24833e-13
4.227118631e+00  1.3043955e-12  1.30440e-12  9.60456e-13  3.43939e-13
4.248254224e+00  1.3242746e-12  1.32427e-12  9.71341e-13  3.52933e-13
4.269495495e+00  1.3362741e-12  1.33627e-12  9.71080e-13  3.65194e-13
4.290842972e+00  1.3427789e-12  1.34278e-12  9.62447e-13  3.80332e-13
4.312297187e+00  1.3544150e-12  1.35441e-12  9.60615e-13  3.93800e-13
4.333858673e+00  1.3693840e-12  1.36938e-12  9.63325e-13  4.06059e-13
4.355527967e+00  1.3847814e-12  1.38478e-12  9.66406e-13  4.18375e-13
4.377305606e+00  1.4031143e-12  1.40311e-12  9.73913e-13  4.29201e-13
4.399192134e+00  1.4090563e-12  1.40906e-12  9.60995e-13  4.48062e-13
4.421188095e+00  1.4123707e-12  1.41237e-12  9.42323e-13  4.70048e-13
4.443294036e+00  1.4126059e-12  1.41261e-12  9.16456e-13  4.96150e-13
4.465510506e+00  1.4135780e-12  1.41358e-12  8.89475e-13  5.24103e-13
4.487838058e+00  1.4132817e-12  1.41328e-12  8.57314e-13  5.55968e-13
4.510277249e+00  1.4180318e-12  1.41803e-12  8.31684e-13  5.86348e-13
4.532828635e+00  1.4307395e-12  1.43074e-12  8.19414e-13  6.11325e-13
4.555492778e+00  1.4457933e-12  1.44579e-12  8.10176e-13  6.35618e-13
4.578270242e+00  1.4606724e-12  1.46067e-12  7.98575e-13  6.62097e-13
4.601161593e+00  1.4739575e-12  1.47396e-12  7.80587e-13  6.93370e-13
4.624167401e+00  1.4800182e-12  1.48002e-12  7.39842e-13  7.40177e-13
4.647288238e+00  1.4721991e-12  1.47220e-12  6.51610e-13  8.20590e-13
4.670524679e+00  1.4809111e-12  1.48091e-12  5.97386e-13  8.83525e-13
4.693877303e+00  1.5164081e-12  1.51641e-12  6.22309e-13  8.94099e-13
4.717346689e+00  1.5690460e-12  1.56905e-12  7.17473e-13  8.51573e-13
4.740933423e+00  1.6090731e-12  1.60907e-12  7.81847e-13  8.27226e-13
4.764638090e+00  1.6359845e-12  1.63598e-12  7.98064e-13  8.37920e-13
4.788461280e+00  1.6599874e-12  1.65999e-12  8.00493e-13  8.59494e-13
4.812403587e+00  1.6830647e-12  1.68306e-12  7.93608e-13  8.89457e-13
4.836465604e+00  1.7068598e-12  1.70686e-12  7.84829e-13  9.22031e-13
4.860647933e+00  1.7316356e-12  1.73164e-12  7.74577e-13  9.57059e-13
4.884951172e+00  1.7576021e-12  1.75760e-12  7.63840e-13  9.93762e-13
4.909375928e+00  1.7848292e-12  1.78483e-12  7.53277e-13  1.03155e-12
4.933922808e+00  1.8133108e-12  1.81331e-12  7.43145e-13  1.07017e-12
4.958592422e+00  1.8428818e-12  1.84288e-12  7.34528e-13  1.10835e-12
4.983385384e+00  1.8732199e-12  1.87322e-12  7.28222e-13  1.14500e-12
5.008302311e+00  1.9047768e-12  1.90478e-12  7.20939e-13  1.18384e-12
5.033343822e+00  1.9374710e-12  1.93747e-12  7.13572e-13  1.22390e-12
5.058510541e+00  1.9719632e-12  1.97196e-12  7.04273e-13  1.26769e-12
5.083803094e+00  2.0173370e-12  2.01734e-12  6.70670e-13  1.34667e-12
5.109222110e+00  2.0715943e-12  2.07159e-12  6.26572e-13  1.44502e-12
5.134768220e+00  2.0910212e-12  2.09102e-12  6.62374e-13  1.42865e-12
5.160442061e+00  2.1336834e-12  2.13368e-12  6.50394e-13  1.48329e-12
5.186244272e+00  2.1794566e-12  2.17946e-12  6.36526e-13  1.54293e-12
5.212175493e+00  2.2309167e-12  2.23092e-12  6.17680e-13  1.61324e-12
5.238236370e+00  2.2834947e-12  2.28349e-12  6.01271e-13  1.68222e-12
5.264427552e+00  2.3419109e-12  2.34191e-12  5.81147e-13  1.76076e-12
5.290749690e+00  2.4061046e-12  2.40610e-12  5.58372e-13  1.84773e-12
5.317203438e+00  2.4771681e-12  2.47717e-12  5.32563e-13  1.94460e-12
5.343789456e+00  2.5601092e-12  2.56011e-12  4.99779e-13  2.06033e-12
5.370508403e+00  2.6451551e-12  2.64516e-12  4.70262e-13  2.17489e-12
5.397360945e+00  2.7386585e-12  2.73866e-12  4.38323e-13  2.30034e-12
5.424347750e+00  2.8485178e-12  2.84852e-12  3.98528e-13  2.44999e-12
5.451469488e+00  2.9765998e-12  2.97660e-12  3.51191e-13  2.62541e-12
5.478726836e+00  3.1254664e-12  3.12547e-12  2.96174e-13  2.82929e-12
5.506120470e+00  3.2936930e-12  3.29369e-12  2.36000e-13  3.05769e-12
5.533651072e+00  3.5405697e-12  3.54057e-12  1.36242e-13  3.40433e-12
5.561319328e+00  3.8121118e-12  3.81211e-12  3.44531e-14  3.77766e-12
5.589125924e+00  3.8526823e-12  3.85268e-12  6.84568e-14  3.78423e-12
5.617071554e+00  3.7858505e-12  3.78585e-12  1.54357e-13  3.63149e-12
5.645156912e+00  3.8387891e-12  3.83879e-12  1.74636e-13  3.66415e-12
5.673382696e+00  3.9686887e-12  3.96869e-12  1.58470e-13  3.81022e-12
5.701749610e+00  4.1170505e-12  4.11705e-12  1.36592e-13  3.98046e-12
5.730258358e+00  4.2548686e-12  4.25487e-12  1.21877e-13  4.13299e-12
5.758909650e+00  4.3920628e-12  4.39206e-12  1.09491e-13  4.28257e-12
5.787704198e+00  4.5009390e-12  4.50094e-12  1.09535e-13  4.39140e-12
5.816642719e+00  4.6173799e-12  4.61738e-12  1.07524e-13  4.50986e-12
5.845725932e+00  4.7304968e-12  4.73050e-12  1.07450e-13  4.62305e-12
5.874954562e+00  4.8613397e-12  4.86134e-12  1.02206e-13  4.75913e-12
5.904329335e+00  4.9986656e-12  4.99867e-12  9.59741e-14  4.90269e-12
5.933850982e+00  5.1562037e-12  5.15620e-12  8.48083e-14  5.07140e-12
5.963520237e+00  5.3076997e-12  5.30770e-12  7.68531e-14  5.23085e-12
5.993337838e+00  5.4637454e-12  5.46375e-12  6.88470e-14  5.39490e-12
6.023304527e+00  5.6261248e-12  5.62612e-12  6.03554e-14  5.56577e-12
6.053421050e+00  5.7963175e-12  5.79632e-12  5.10917e-14  5.74523e-12
6.083688155e+00  5.9510684e-12  5.95107e-12  4.67915e-14  5.90428e-12
6.114106596e+00  6.1064503e-12  6.10645e-12  4.31671e-14  6.06328e-12
6.144677129e+00  6.2583971e-12  6.25840e-12  4.10590e-14  6.21734e-12
6.175400514e+00  6.4084427e-12  6.40844e-12  3.99737e-14  6.36847e-12
6.206277517e+00  6.5476163e-12  6.54762e-12  4.16493e-14  6.50597e-12
6.237308904e+00  6.6829713e-12  6.68297e-12  4.43778e-14  6.63859e-12
6.268495449e+00  6.8176327e-12  6.81763e-12  4.74396e-14  6.77019e-12
6.299837926e+00  6.9536047e-12  6.95360e-12  5.04208e-14  6.90318e-12
6.331337116e+00  7.0377583e-12  7.03776e-12  6.27385e-14  6.97502e-12
6.362993801e+00  7.0810373e-12  7.08104e-12  8.15065e-14  6.99953e-12
6.394808770e+00  7.1505695e-12  7.15057e-12  9.49390e-14  7.05563e-12
6.426782814e+00  7.2263611e-12  7.22636e-12  1.06728e-13  7.11963e-12
6.458916728e+00  7.3498908e-12  7.34989e-12  1.10641e-13  7.23925e-12
6.491211312e+00  7.5864418e-12  7.58644e-12  9.77881e-14  7.48865e-12
6.523667368e+00  7.7947500e-12  7.79475e-12  9.00912e-14  7.70466e-12
6.556285705e+00  8.0243779e-12  8.02438e-12  8.02026e-14  7.94418e-12
6.589067134e+00  8.2487351e-12  8.24874e-12  7.19128e-14  8.17682e-12
6.622012469e+00  8.4776338e-12  8.47763e-12  6.38156e-14  8.41382e-12
6.655122532e+00  8.6798225e-12  8.67982e-12  5.98156e-14  8.62001e-12
6.688398144e+00  8.8867969e-12  8.88680e-12  5.57205e-14  8.83108e-12
6.721840135e+00  9.0953331e-12  9.09533e-12  5.19234e-14  9.04341e-12
6.755449336e+00  9.2976088e-12  9.29761e-12  4.92890e-14  9.24832e-12
6.789226583e+00  9.5064595e-12  9.50646e-12  4.63048e-14  9.46015e-12
6.823172715e+00  9.7038258e-12  9.70383e-12  4.49265e-14  9.65890e-12
6.857288579e+00  9.9125805e-12  9.91258e-12  4.26530e-14  9.86993e-12
6.891575022e+00  1.0105647e-11  1.01056e-11  4.22701e-14  1.00634e-11
6.926032897e+00  1.0305366e-11  1.03054e-11  4.14454e-14  1.02639e-11
6.960663062e+00  1.0506722e-11  1.05067e-11  4.06882e-14  1.04660e-11
6.995466377e+00  1.0696784e-11  1.06968e-11  4.11686e-14  1.06556e-11
7.030443709e+00  1.0893976e-11  1.08940e-11  4.11484e-14  1.08528e-11
7.065595927e+00  1.1083382e-11  1.10834e-11  4.19471e-14  1.10414e-11
7.100923907e+00  1.1287663e-11  1.12877e-11  4.16055e-14  1.12461e-11
7.136428526e+00  1.1527623e-11  1.15276e-11  3.85398e-14  1.14891e-11
7.172110669e+00  1.1720407e-11  1.17204e-11  3.94812e-14  1.16809e-11
7.207971222e+00  1.1871510e-11  1.18715e-11  4.36699e-14  1.18278e-11
7.244011079e+00  1.1984699e-11  1.19847e-11  5.05466e-14  1.19342e-11
7.280231134e+00  1.2106898e-11  1.21069e-11  5.64995e-14  1.20504e-11
7.316632290e+00  1.2163516e-11  1.21635e-11  6.68063e-14  1.20967e-11
7.353215451e+00  1.2200162e-11  1.22002e-11  7.79921e-14  1.21222e-11
7.389981528e+00  1.2272645e-11  1.22726e-11  8.62763e-14  1.21864e-11
7.426931436e+00  1.2384074e-11  1.23841e-11  9.16763e-14  1.22924e-11
7.464066093e+00  1.2494440e-11  1.24944e-11  9.69132e-14  1.23975e-11
7.501386424e+00  1.2618668e-11  1.26187e-11  1.01081e-13  1.25176e-11
7.538893356e+00  1.2788945e-11  1.27889e-11  1.02348e-13  1.26866e-11
7.576587822e+00  1.2961315e-11  1.29613e-11  1.03471e-13  1.28578e-11
7.614470762e+00  1.3096933e-11  1.30969e-11  1.06637e-13  1.29903e-11
7.652543115e+00  1.3138033e-11  1.31380e-11  1.14838e-13  1.30232e-11
7.690805831e+00  1.3146292e-11  1.31463e-11  1.24391e-13  1.30219e-11
7.729259860e+00  1.3213766e-11  1.32138e-11  1.30403e-13  1.30834e-11
7.767906159e+00  1.3348835e-11  1.33488e-11  1.32707e-13  1.32161e-11
7.806745690e+00  1.3520678e-11  1.35207e-11  1.33091e-13  1.33876e-11
7.845779419e+00  1.3634146e-11  1.36341e-11  1.36264e-13  1.34979e-11
7.885008316e+00  1.3840332e-11  1.38403e-11  1.34942e-13  1.37054e-11
7.924433357e+00  1.3994903e-11  1.39949e-11  1.36039e-13  1.38589e-11
7.964055524e+00  1.4096112e-11  1.40961e-11  1.39454e-13  1.39567e-11
8.003875802e+00  1.4278979e-11  1.42790e-11  1.39150e-13  1.41398e-11
8.043895181e+00  1.4557607e-11  1.45576e-11  1.34796e-13  1.44228e-11
8.084114657e+00  1.4761486e-11  1.47615e-11  1.33731e-13  1.46278e-11
8.124535230e+00  1.4883500e-11  1.48835e-11  1.36006e-13  1.47475e-11
8.165157906e+00  1.5046337e-11  1.50463e-11  1.36552e-13  1.49098e-11
8.205983696e+00  1.5212624e-11  1.52126e-11  1.36923e-13  1.50757e-11
8.247013614e+00  1.5461760e-11  1.54618e-11  1.34150e-13  1.53276e-11
8.288248682e+00  1.5757703e-11  1.57577e-11  1.29772e-13  1.56279e-11
8.329689926e+00  1.6058741e-11  1.60587e-11  1.25395e-13  1.59333e-11
8.371338375e+00  1.6394813e-11  1.63948e-11  1.19974e-13  1.62748e-11
8.413195067e+00  1.6780838e-11  1.67808e-11  1.13076e-13  1.66678e-11
8.455261042e+00  1.7119625e-11  1.71196e-11  1.08049e-13  1.70116e-11
8.497537348e+00  1.7418358e-11  1.74184e-11  1.04537e-13  1.73138e-11
8.540025034e+00  1.7560420e-11  1.75604e-11  1.06161e-13  1.74543e-11
8.582725160e+00  1.7804616e-11  1.78046e-11  1.04509e-13  1.77001e-11
8.625638785e+00  1.7794532e-11  1.77945e-11  1.10661e-13  1.76839e-11
8.668766979e+00  1.7539194e-11  1.75392e-11  1.23829e-13  1.74154e-11
8.712110814e+00  1.7404341e-11  1.74043e-11  1.32883e-13  1.72715e-11
8.755671368e+00  1.7286090e-11  1.72861e-11  1.41037e-13  1.71451e-11
8.799449725e+00  1.7292397e-11  1.72924e-11  1.45329e-13  1.71471e-11
8.843446974e+00  1.7426667e-11  1.74267e-11  1.45905e-13  1.72808e-11
8.887664209e+00  1.7599779e-11  1.75998e-11  1.45378e-13  1.74544e-11
8.932102530e+00  1.7735261e-11  1.77353e-11  1.45817e-13  1.75894e-11
8.976763042e+00  1.7904843e-11  1.79048e-11  1.45322e-13  1.77595e-11
9.021646857e+00  1.8104882e-11  1.81049e-11  1.44042e-13  1.79608e-11
9.066755092e+00  1.8332208e-11  1.83322e-11  1.42102e-13  1.81901e-11
9.112088867e+00  1.8571783e-11  1.85718e-11  1.39905e-13  1.84319e-11
9.157649312e+00  1.8854334e-11  1.88543e-11  1.36743e-13  1.87176e-11
9.203437558e+00  1.9067206e-11  1.90672e-11  1.35273e-13  1.89319e-11
9.249454746e+00  1.9123395e-11  1.91234e-11  1.37360e-13  1.89860e-11
9.295702020e+00  1.9236434e-11  1.92364e-11  1.38061e-13  1.90984e-11
9.342180530e+00  1.9531497e-11  1.95315e-11  1.34742e-13  1.93968e-11
9.388891432e+00  1.9634785e-11  1.96348e-11  1.35587e-13  1.94992e-11
9.435835890e+00  1.9598710e-11  1.95987e-11  1.39259e-13  1.94595e-11
9.483015069e+00  1.9722512e-11  1.97225e-11  1.39475e-13  1.95830e-11
9.530430144e+00  1.9922498e-11  1.99225e-11  1.38111e-13  1.97844e-11
9.578082295e+00  2.0245421e-11  2.02454e-11  1.34339e-13  2.01111e-11
9.625972707e+00  2.0475781e-11  2.04758e-11  1.32450e-13  2.03433e-11
9.674102570e+00  2.0881178e-11  2.08812e-11  1.27280e-13  2.07539e-11
9.722473083e+00  2.1548379e-11  2.15484e-11  1.17409e-13  2.14310e-11
9.771085448e+00  2.1951390e-11  2.19514e-11  1.12672e-13  2.18387e-11
9.819940876e+00  2.2301582e-11  2.23016e-11  1.09013e-13  2.21926e-11
9.869040580e+00  2.2631664e-11  2.26317e-11  1.05801e-13  2.25259e-11
9.918385783e+00  2.2719909e-11  2.27199e-11  1.06824e-13  2.26131e-11
9.967977712e+00  2.2779675e-11  2.27797e-11  1.08249e-13  2.26714e-11
1.001781760e+01  2.2920349e-11  2.29203e-11  1.08242e-13  2.28121e-11
1.006790669e+01  2.3004725e-11  2.30047e-11  1.09109e-13  2.28956e-11
1.011824622e+01  2.2946925e-11  2.29469e-11  1.12174e-13  2.28348e-11
1.016883745e+01  2.3066479e-11  2.30665e-11  1.12307e-13  2.29542e-11
1.021968164e+01  2.3327336e-11  2.33273e-11  1.10218e-13  2.32171e-11
1.027078005e+01  2.3228950e-11  2.32290e-11  1.13593e-13  2.31154e-11
1.032213395e+01  2.3221148e-11  2.32211e-11  1.15462e-13  2.31057e-11
1.037374462e+01  2.3447717e-11  2.34477e-11  1.13803e-13  2.33339e-11
1.042561334e+01  2.3765209e-11  2.37652e-11  1.10856e-13  2.36544e-11
1.047774141e+01  2.4247502e-11  2.42475e-11  1.05646e-13  2.41419e-11
1.053013012e+01  2.4727138e-11  2.47271e-11  1.00611e-13  2.46265e-11
1.058278077e+01  2.4944353e-11  2.49444e-11  9.92798e-14  2.48451e-11
1.063569467e+01  2.5134529e-11  2.51345e-11  9.83156e-14  2.50362e-11
1.068887314e+01  2.5361622e-11  2.53616e-11  9.68591e-14  2.52648e-11
1.074231751e+01  2.5315654e-11  2.53157e-11  9.89438e-14  2.52167e-11
1.079602910e+01  2.5075731e-11  2.50757e-11  1.03387e-13  2.49723e-11
1.085000924e+01  2.4896305e-11  2.48963e-11  1.06887e-13  2.47894e-11
1.090425929e+01  2.4938255e-11  2.49383e-11  1.07509e-13  2.48307e-11
1.095878058e+01  2.5195774e-11  2.51958e-11  1.05463e-13  2.50903e-11
1.101357449e+01  2.5632642e-11  2.56326e-11  1.01309e-13  2.55313e-11
1.106864236e+01  2.6070770e-11  2.60708e-11  9.72348e-14  2.59735e-11
1.112398557e+01  2.6747812e-11  2.67478e-11  9.05004e-14  2.66573e-11
1.117960550e+01  2.7785550e-11  2.77855e-11  7.98537e-14  2.77057e-11
1.123550353e+01  2.9096275e-11  2.90963e-11  6.64623e-14  2.90298e-11
1.129168104e+01  3.2633642e-11  3.26336e-11  2.90061e-14  3.26046e-11
1.134813945e+01  3.4136569e-11  3.41366e-11  1.46823e-14  3.41219e-11
1.140488015e+01  3.4496980e-11  3.44970e-11  1.29354e-14  3.44840e-11
1.146190455e+01  3.4625347e-11  3.46253e-11  1.36486e-14  3.46117e-11
1.151921407e+01  3.3445267e-11  3.34453e-11  2.78127e-14  3.34175e-11
1.157681014e+01  3.1701558e-11  3.17016e-11  4.72445e-14  3.16543e-11
1.163469419e+01  3.0675320e-11  3.06753e-11  5.88821e-14  3.06164e-11
1.169286766e+01  2.9950187e-11  2.99502e-11  6.71726e-14  2.98830e-11
1.175133200e+01  3.0581587e-11  3.05816e-11  6.20185e-14  3.05196e-11
1.181008866e+01  3.1758662e-11  3.17587e-11  5.17697e-14  3.17069e-11
1.186913910e+01  2.8663765e-11  2.86638e-11  8.20309e-14  2.85817e-11
1.192848480e+01  2.8078014e-11  2.80780e-11  8.80867e-14  2.79899e-11
1.198812722e+01  2.7924150e-11  2.79241e-11  8.99832e-14  2.78342e-11
1.204806786e+01  2.7931592e-11  2.79316e-11  9.03378e-14  2.78413e-11
1.210830820e+01  2.8084030e-11  2.80840e-11  8.93611e-14  2.79947e-11
1.216884974e+01  2.8349126e-11  2.83491e-11  8.73933e-14  2.82617e-11
1.222969399e+01  2.8792323e-11  2.87923e-11  8.39122e-14  2.87084e-11
1.229084246e+01  2.9169053e-11  2.91691e-11  8.10631e-14  2.90880e-11
1.235229667e+01  2.9434321e-11  2.94343e-11  7.91977e-14  2.93551e-11
1.241405815e+01  2.9781715e-11  2.97817e-11  7.66746e-14  2.97050e-11
1.247612845e+01  3.0209211e-11  3.02092e-11  7.35382e-14  3.01357e-11
1.253850909e+01  3.0439934e-11  3.04399e-11  7.20410e-14  3.03679e-11
1.260120163e+01  3.0583874e-11  3.05839e-11  7.12441e-14  3.05126e-11
1.266420764e+01  3.0913098e-11  3.09131e-11  6.89906e-14  3.08441e-11
1.272752868e+01  3.1337310e-11  3.13373e-11  6.60369e-14  3.12713e-11
1.279116632e+01  3.1637800e-11  3.16378e-11  6.40767e-14  3.15737e-11
1.285512215e+01  3.1725582e-11  3.17256e-11  6.37393e-14  3.16618e-11
1.291939776e+01  3.1747561e-11  3.17476e-11  6.38714e-14  3.16837e-11
1.298399475e+01  3.1616116e-11  3.16161e-11  6.50954e-14  3.15510e-11
1.304891473e+01  3.1354185e-11  3.13542e-11  6.72023e-14  3.12870e-11
1.311415930e+01  3.1114001e-11  3.11140e-11  6.90730e-14  3.10449e-11
1.317973010e+01  3.0948793e-11  3.09488e-11  7.03419e-14  3.08785e-11
1.324562875e+01  3.0835795e-11  3.08358e-11  7.11897e-14  3.07646e-11
1.331185689e+01  3.0855493e-11  3.08555e-11  7.10809e-14  3.07844e-11
1.337841618e+01  3.0994088e-11  3.09941e-11  7.01452e-14  3.09239e-11
1.344530826e+01  3.1310905e-11  3.13109e-11  6.80179e-14  3.12429e-11
1.351253480e+01  3.1805577e-11  3.18056e-11  6.47467e-14  3.17408e-11
1.358009747e+01  3.2534879e-11  3.25349e-11  6.00052e-14  3.24749e-11
1.364799796e+01  3.3455487e-11  3.34555e-11  5.41278e-14  3.34014e-11
1.371623795e+01  3.4337747e-11  3.43377e-11  4.86157e-14  3.42891e-11
1.378481914e+01  3.5526792e-11  3.55268e-11  4.12923e-14  3.54855e-11
1.385374323e+01  3.7721591e-11  3.77216e-11  2.78950e-14  3.76937e-11
1.392301195e+01  4.0297580e-11  4.02976e-11  1.24687e-14  4.02851e-11
1.399262701e+01  4.1752816e-11  4.17528e-11  4.17042e-15  4.17486e-11
1.406259015e+01  4.1126528e-11  4.11265e-11  8.48667e-15  4.11180e-11
1.413290310e+01  3.9150096e-11  3.91501e-11  2.06515e-14  3.91294e-11
1.420356761e+01  3.7571856e-11  3.75719e-11  3.01878e-14  3.75417e-11
1.427458545e+01  3.6533957e-11  3.65340e-11  3.63666e-14  3.64976e-11
1.434595838e+01  3.5549902e-11  3.55499e-11  4.20752e-14  3.55078e-11
1.441768817e+01  3.4882594e-11  3.48826e-11  4.58486e-14  3.48367e-11
1.448977661e+01  3.4249171e-11  3.42492e-11  4.93269e-14  3.41998e-11
1.456222549e+01  3.4073174e-11  3.40732e-11  5.01894e-14  3.40230e-11
1.463503662e+01  3.4008361e-11  3.40084e-11  5.04083e-14  3.39580e-11
1.470821180e+01  3.3952790e-11  3.39528e-11  5.05535e-14  3.39022e-11
1.478175286e+01  3.3958825e-11  3.39588e-11  5.03490e-14  3.39085e-11
1.485566163e+01  3.4043699e-11  3.40437e-11  4.97161e-14  3.39940e-11
1.492993994e+01  3.4247269e-11  3.42473e-11  4.84618e-14  3.41988e-11
1.500458964e+01  3.4487617e-11  3.44876e-11  4.70281e-14  3.44406e-11
1.507961258e+01  3.4653591e-11  3.46536e-11  4.59864e-14  3.46076e-11
1.515501065e+01  3.4904631e-11  3.49046e-11  4.45221e-14  3.48601e-11
1.523078570e+01  3.5208372e-11  3.52084e-11  4.28104e-14  3.51656e-11
1.530693963e+01  3.5545345e-11  3.55453e-11  4.09552e-14  3.55044e-11
1.538347433e+01  3.5735563e-11  3.57356e-11  3.98379e-14  3.56957e-11
1.546039170e+01  3.5914554e-11  3.59146e-11  3.87822e-14  3.58758e-11
1.553769366e+01  3.6171623e-11  3.61716e-11  3.73610e-14  3.61343e-11
1.561538212e+01  3.6385536e-11  3.63855e-11  3.61575e-14  3.63494e-11
1.569345903e+01  3.6638210e-11  3.66382e-11  3.47831e-14  3.66034e-11
1.577192633e+01  3.6955201e-11  3.69552e-11  3.31252e-14  3.69221e-11
1.585078596e+01  3.7186728e-11  3.71867e-11  3.18774e-14  3.71549e-11
1.593003989e+01  3.7403828e-11  3.74038e-11  3.07060e-14  3.73731e-11
1.600969009e+01  3.7635501e-11  3.76355e-11  2.94791e-14  3.76060e-11
1.608973854e+01  3.7827128e-11  3.78271e-11  2.84406e-14  3.77987e-11
1.617018723e+01  3.8065003e-11  3.80650e-11  2.72064e-14  3.80378e-11
1.625103817e+01  3.8249520e-11  3.82495e-11  2.62154e-14  3.82233e-11
1.633229336e+01  3.8447195e-11  3.84472e-11  2.51743e-14  3.84220e-11
1.641395483e+01  3.8710976e-11  3.87110e-11  2.38594e-14  3.86871e-11
1.649602460e+01  3.8945116e-11  3.89451e-11  2.26827e-14  3.89224e-11
1.657850473e+01  3.9300553e-11  3.93006e-11  2.10101e-14  3.92795e-11
1.666139725e+01  3.9556977e-11  3.95570e-11  1.97671e-14  3.95372e-11
1.674470424e+01  3.9843700e-11  3.98437e-11  1.84122e-14  3.98253e-11
1.682842776e+01  4.0012753e-11  4.00128e-11  1.75486e-14  3.99952e-11
1.691256990e+01  4.0180690e-11  4.01807e-11  1.66946e-14  4.01640e-11
1.699713274e+01  4.0296716e-11  4.02967e-11  1.60519e-14  4.02807e-11
1.708211841e+01  4.0358191e-11  4.03582e-11  1.56254e-14  4.03426e-11
1.716752900e+01  4.0387212e-11  4.03872e-11  1.53227e-14  4.03719e-11
1.725336665e+01  4.0387338e-11  4.03873e-11  1.51267e-14  4.03722e-11
1.733963348e+01  4.0396102e-11  4.03961e-11  1.48907e-14  4.03812e-11
1.742633165e+01  4.0356623e-11  4.03566e-11  1.48321e-14  4.03418e-11
1.751346330e+01  4.0348313e-11  4.03483e-11  1.46471e-14  4.03337e-11
1.760103062e+01  4.0342948e-11  4.03429e-11  1.44445e-14  4.03285e-11
1.768903577e+01  4.0336134e-11  4.03361e-11  1.42412e-14  4.03219e-11
1.777748095e+01  4.0366164e-11  4.03662e-11  1.38971e-14  4.03523e-11
1.786636836e+01  4.0422422e-11  4.04224e-11  1.34545e-14  4.04090e-11
1.795570020e+01  4.0548790e-11  4.05488e-11  1.27582e-14  4.05360e-11
1.804547870e+01  4.0629199e-11  4.06292e-11  1.22291e-14  4.06170e-11
1.813570609e+01  4.0763327e-11  4.07633e-11  1.15104e-14  4.07518e-11
1.822638462e+01  4.0900623e-11  4.09006e-11  1.07843e-14  4.08898e-11
1.831751655e+01  4.1015669e-11  4.10157e-11  1.01396e-14  4.10055e-11
1.840910413e+01  4.1166689e-11  4.11667e-11  9.37362e-15  4.11573e-11
1.850114965e+01  4.1277096e-11  4.12771e-11  8.75118e-15  4.12683e-11
1.859365540e+01  4.1363593e-11  4.13636e-11  8.21220e-15  4.13554e-11
1.868662368e+01  4.1425381e-11  4.14254e-11  7.75738e-15  4.14176e-11
1.878005679e+01  4.1489971e-11  4.14900e-11  7.29311e-15  4.14827e-11
1.887395708e+01  4.1564740e-11  4.15647e-11  6.79539e-15  4.15579e-11
1.896832686e+01  4.1614035e-11  4.16140e-11  6.38189e-15  4.16077e-11
1.906316850e+01  4.1639690e-11  4.16397e-11  6.04468e-15  4.16336e-11
1.915848434e+01  4.1665185e-11  4.16652e-11  5.70638e-15  4.16595e-11
1.925427676e+01  4.1682307e-11  4.16823e-11  5.39333e-15  4.16769e-11
1.935054815e+01  4.1661310e-11  4.16613e-11  5.19930e-15  4.16561e-11
1.944730089e+01  4.1670470e-11  4.16705e-11  4.90687e-15  4.16656e-11
1.954453739e+01  4.1689422e-11  4.16894e-11  4.58201e-15  4.16848e-11
1.964226008e+01  4.1651543e-11  4.16515e-11  4.43170e-15  4.16471e-11
1.974047138e+01  4.1652316e-11  4.16523e-11  4.15881e-15  4.16482e-11
1.983917374e+01  4.1624346e-11  4.16243e-11  3.97156e-15  4.16204e-11
1.993836960e+01  4.1589581e-11  4.15896e-11  3.80172e-15  4.15858e-11
2.003806145e+01  4.1591982e-11  4.15920e-11  3.51715e-15  4.15885e-11
2.013825176e+01  4.1567932e-11  4.15679e-11  3.30987e-15  4.15646e-11
2.023894302e+01  4.1530331e-11  4.15303e-11  3.14010e-15  4.15272e-11
2.034013773e+01  4.1511477e-11  4.15115e-11  2.91243e-15  4.15086e-11
2.044183842e+01  4.1412717e-11  4.14127e-11  2.91517e-15  4.14098e-11
2.054404761e+01  4.1379318e-11  4.13793e-11  2.72389e-15  4.13766e-11
2.064676785e+01  4.1372546e-11  4.13725e-11  2.45398e-15  4.13701e-11
2.075000169e+01  4.1292232e-11  4.12922e-11  2.39213e-15  4.12898e-11
2.085375170e+01  4.1198825e-11  4.11988e-11  2.36319e-15  4.11965e-11
2.095802046e+01  4.1101628e-11  4.11016e-11  2.34044e-15  4.10993e-11
2.106281056e+01  4.1021957e-11  4.10220e-11  2.26452e-15  4.10197e-11
2.116812461e+01  4.0982171e-11  4.09822e-11  2.07489e-15  4.09801e-11
2.127396524e+01  4.0898955e-11  4.08990e-11  2.00254e-15  4.08970e-11
2.138033506e+01  4.0799142e-11  4.07991e-11  1.97197e-15  4.07972e-11
2.148723674e+01  4.0692783e-11  4.06928e-11  1.95521e-15  4.06908e-11
2.159467292e+01  4.0617431e-11  4.06174e-11  1.85122e-15  4.06156e-11
2.170264629e+01  4.0542447e-11  4.05424e-11  1.74358e-15  4.05407e-11
2.181115952e+01  4.0430958e-11  4.04310e-11  1.73003e-15  4.04292e-11
2.192021532e+01  4.0304521e-11  4.03045e-11  1.75202e-15  4.03028e-11
2.202981639e+01  4.0217878e-11  4.02179e-11  1.66598e-15  4.02162e-11
2.213996547e+01  4.0134543e-11  4.01345e-11  1.56879e-15  4.01330e-11
2.225066530e+01  4.0013977e-11  4.00140e-11  1.56514e-15  4.00124e-11
2.236191863e+01  3.9894895e-11  3.98949e-11  1.55418e-15  3.98933e-11
2.247372822e+01  3.9780115e-11  3.97801e-11  1.52895e-15  3.97786e-11
2.258609686e+01  3.9676439e-11  3.96764e-11  1.47265e-15  3.96750e-11
2.269902735e+01  3.9575370e-11  3.95754e-11  1.40725e-15  3.95740e-11
2.281252248e+01  3.9436183e-11  3.94362e-11  1.43442e-15  3.94347e-11
2.292658510e+01  3.9302615e-11  3.93026e-11  1.44421e-15  3.93012e-11
2.304121802e+01  3.9202785e-11  3.92028e-11  1.36787e-15  3.92014e-11
2.315642411e+01  3.9138757e-11  3.91388e-11  1.20211e-15  3.91376e-11
2.327220623e+01  3.9042018e-11  3.90420e-11  1.11496e-15  3.90409e-11
2.338856726e+01  3.9004013e-11  3.90040e-11  8.84487e-16  3.90031e-11
2.350551010e+01  3.8902031e-11  3.89020e-11  8.07482e-16  3.89012e-11
2.362303765e+01  3.8702776e-11  3.87028e-11  9.60361e-16  3.87018e-11
2.374115284e+01  3.8546443e-11  3.85464e-11  1.00719e-15  3.85454e-11
2.385985860e+01  3.8443848e-11  3.84438e-11  9.24585e-16  3.84429e-11
2.397915789e+01  3.8181311e-11  3.81813e-11  1.21425e-15  3.81801e-11
2.409905368e+01  3.7943289e-11  3.79433e-11  1.44105e-15  3.79418e-11
2.421954895e+01  3.7779007e-11  3.77790e-11  1.49260e-15  3.77775e-11
2.434064670e+01  3.7601365e-11  3.76014e-11  1.57192e-15  3.75998e-11
2.446234993e+01  3.7436027e-11  3.74360e-11  1.62007e-15  3.74344e-11
2.458466168e+01  3.7064079e-11  3.70641e-11  2.13376e-15  3.70619e-11
2.470758499e+01  3.6801785e-11  3.68018e-11  2.39226e-15  3.67994e-11
2.483112291e+01  3.6509453e-11  3.65095e-11  2.71298e-15  3.65067e-11
2.495527853e+01  3.6221578e-11  3.62216e-11  3.01809e-15  3.62186e-11
