# ------------------------------------------------------------------------
# Radiance spectrum
# NASA-GSFC Planetary Spectrum Generator (PSG) (Villanueva et al. 2018, 2022)
# Synthesized on Wed Feb 14 18:00:23 2024
# Doppler velocities [km/s] (vobs,vrot+vorb,vwidth,vrfl,vstr): 0.00000,-0.00000,0.00000,-119.41115,-0.00000
# Spectral unit: Wavelength [um]
# Radiance unit: Spectral irradiance [W/m2/um]
# Wave/freq Total Object Reflected Thermal
5.000000000e-01  2.9692568e-12  2.96926e-12  2.96926e-12  1.24800e-46
5.025000000e-01  2.9941914e-12  2.99419e-12  2.99419e-12  1.97104e-46
5.050125000e-01  3.0195808e-12  3.01958e-12  3.01958e-12  3.10529e-46
5.075375625e-01  3.0515694e-12  3.05157e-12  3.05157e-12  4.87386e-46
5.100752503e-01  3.0839998e-12  3.08400e-12  3.08400e-12  7.63122e-46
5.126256266e-01  3.1302508e-12  3.13025e-12  3.13025e-12  1.18866e-45
5.151887547e-01  3.1756937e-12  3.17569e-12  3.17569e-12  1.84761e-45
5.177646985e-01  3.2078785e-12  3.20788e-12  3.20788e-12  2.87324e-45
5.203535220e-01  3.2401747e-12  3.24017e-12  3.24017e-12  4.45793e-45
5.229552896e-01  3.2738943e-12  3.27389e-12  3.27389e-12  6.89891e-45
5.255700660e-01  3.3067520e-12  3.30675e-12  3.30675e-12  1.06542e-44
5.281979164e-01  3.3369648e-12  3.33696e-12  3.33696e-12  1.64254e-44
5.308389059e-01  3.3683363e-12  3.36834e-12  3.36834e-12  2.52599e-44
5.334931005e-01  3.4021690e-12  3.40217e-12  3.40217e-12  3.87408e-44
5.361605660e-01  3.4337205e-12  3.43372e-12  3.43372e-12  5.93108e-44
5.388413688e-01  3.4620639e-12  3.46206e-12  3.46206e-12  9.06582e-44
5.415355756e-01  3.4899058e-12  3.48991e-12  3.48991e-12  1.38280e-43
5.442432535e-01  3.5172323e-12  3.51723e-12  3.51723e-12  2.10473e-43
5.469644698e-01  3.5443842e-12  3.54438e-12  3.54438e-12  3.19665e-43
5.496992921e-01  3.5714456e-12  3.57145e-12  3.57145e-12  4.84453e-43
5.524477886e-01  3.5972435e-12  3.59724e-12  3.59724e-12  7.32764e-43
5.552100275e-01  3.6227454e-12  3.62275e-12  3.62275e-12  1.10601e-42
5.579860777e-01  3.6472133e-12  3.64721e-12  3.64721e-12  1.66609e-42
5.607760081e-01  3.6761494e-12  3.67615e-12  3.67615e-12  2.50236e-42
5.635798881e-01  3.7176323e-12  3.71763e-12  3.71763e-12  3.74197e-42
5.663977875e-01  3.7510959e-12  3.75110e-12  3.75110e-12  5.59197e-42
5.692297765e-01  3.7762650e-12  3.77627e-12  3.77627e-12  8.35136e-42
5.720759254e-01  3.8058515e-12  3.80585e-12  3.80585e-12  1.24364e-41
5.749363050e-01  3.8371802e-12  3.83718e-12  3.83718e-12  1.84755e-41
5.778109865e-01  3.8635571e-12  3.86356e-12  3.86356e-12  2.74138e-41
5.807000414e-01  3.8907820e-12  3.89078e-12  3.89078e-12  4.05861e-41
5.836035417e-01  3.9217942e-12  3.92179e-12  3.92179e-12  5.99249e-41
5.865215594e-01  3.9434298e-12  3.94343e-12  3.94343e-12  8.84391e-41
5.894541672e-01  3.9562936e-12  3.95629e-12  3.95629e-12  1.30447e-40
5.924014380e-01  3.9907132e-12  3.99071e-12  3.99071e-12  1.91316e-40
5.953634452e-01  4.0281095e-12  4.02811e-12  4.02811e-12  2.79885e-40
5.983402624e-01  4.0505321e-12  4.05053e-12  4.05053e-12  4.09661e-40
6.013319637e-01  4.0754099e-12  4.07541e-12  4.07541e-12  5.98162e-40
6.043386235e-01  4.1036026e-12  4.10360e-12  4.10360e-12  8.71181e-40
6.073603167e-01  4.1241111e-12  4.12411e-12  4.12411e-12  1.26789e-39
6.103971182e-01  4.1439068e-12  4.14391e-12  4.14391e-12  1.84181e-39
6.134491038e-01  4.1745795e-12  4.17458e-12  4.17458e-12  2.66553e-39
6.165163494e-01  4.2022539e-12  4.20225e-12  4.20225e-12  3.85198e-39
6.195989311e-01  4.2267738e-12  4.22677e-12  4.22677e-12  5.55853e-39
6.226969258e-01  4.2558789e-12  4.25588e-12  4.25588e-12  7.99972e-39
6.258104104e-01  4.2848793e-12  4.28488e-12  4.28488e-12  1.14911e-38
6.289394624e-01  4.3121760e-12  4.31218e-12  4.31218e-12  1.64791e-38
6.320841597e-01  4.3409502e-12  4.34095e-12  4.34095e-12  2.35816e-38
6.352445805e-01  4.3696111e-12  4.36961e-12  4.36961e-12  3.36820e-38
6.384208035e-01  4.3887576e-12  4.38876e-12  4.38876e-12  4.80890e-38
6.416129075e-01  4.4163779e-12  4.41638e-12  4.41638e-12  6.84385e-38
6.448209720e-01  4.4524861e-12  4.45249e-12  4.45249e-12  9.70893e-38
6.480450769e-01  4.4690390e-12  4.46904e-12  4.46904e-12  1.37894e-37
6.512853022e-01  4.4894312e-12  4.48943e-12  4.48943e-12  1.95369e-37
6.545417288e-01  4.5175874e-12  4.51759e-12  4.51759e-12  2.75957e-37
6.578144374e-01  4.5372856e-12  4.53729e-12  4.53729e-12  3.89574e-37
6.611035096e-01  4.5619117e-12  4.56191e-12  4.56191e-12  5.48551e-37
6.644090271e-01  4.5991471e-12  4.59915e-12  4.59915e-12  7.69525e-37
6.677310723e-01  4.6214784e-12  4.62148e-12  4.62148e-12  1.08000e-36
6.710697276e-01  4.6484842e-12  4.64848e-12  4.64848e-12  1.51193e-36
6.744250763e-01  4.6928066e-12  4.69281e-12  4.69281e-12  2.10733e-36
6.777972017e-01  4.7178809e-12  4.71788e-12  4.71788e-12  2.94047e-36
6.811861877e-01  4.7454193e-12  4.74542e-12  4.74542e-12  4.09418e-36
6.845921186e-01  4.7853119e-12  4.78531e-12  4.78531e-12  5.67997e-36
6.880150792e-01  4.7984429e-12  4.79844e-12  4.79844e-12  7.89766e-36
6.914551546e-01  4.8182514e-12  4.81825e-12  4.81825e-12  1.09510e-35
6.949124304e-01  4.8526920e-12  4.85269e-12  4.85269e-12  1.51253e-35
6.983869925e-01  4.8660932e-12  4.86609e-12  4.86609e-12  2.09198e-35
7.018789275e-01  4.8815808e-12  4.88158e-12  4.88158e-12  2.88749e-35
7.053883221e-01  4.8984754e-12  4.89848e-12  4.89848e-12  3.97780e-35
7.089152637e-01  4.9085722e-12  4.90857e-12  4.90857e-12  5.47584e-35
7.124598400e-01  4.9297145e-12  4.92971e-12  4.92971e-12  7.51301e-35
7.160221392e-01  4.9491273e-12  4.94913e-12  4.94913e-12  1.02932e-34
7.196022499e-01  4.9516300e-12  4.95163e-12  4.95163e-12  1.41128e-34
7.232002612e-01  4.9710620e-12  4.97106e-12  4.97106e-12  1.92699e-34
7.268162625e-01  4.9850498e-12  4.98505e-12  4.98505e-12  2.62881e-34
7.304503438e-01  4.9914002e-12  4.99140e-12  4.99140e-12  3.58419e-34
7.341025955e-01  4.9966433e-12  4.99664e-12  4.99664e-12  4.87940e-34
7.377731085e-01  5.0100199e-12  5.01002e-12  5.01002e-12  6.62394e-34
7.414619740e-01  5.0254549e-12  5.02545e-12  5.02545e-12  8.97479e-34
7.451692839e-01  5.0388629e-12  5.03886e-12  5.03886e-12  1.21436e-33
7.488951303e-01  5.0358417e-12  5.03584e-12  5.03584e-12  1.64427e-33
7.526396060e-01  5.0447634e-12  5.04476e-12  5.04476e-12  2.21900e-33
7.564028040e-01  5.0513794e-12  5.05138e-12  5.05138e-12  2.99076e-33
7.601848180e-01  5.0458208e-12  5.04582e-12  5.04582e-12  4.03135e-33
7.639857421e-01  5.0461868e-12  5.04619e-12  5.04619e-12  5.42074e-33
7.678056708e-01  5.0482411e-12  5.04824e-12  5.04824e-12  7.27563e-33
7.716446992e-01  5.0448987e-12  5.04490e-12  5.04490e-12  9.75707e-33
7.755029227e-01  5.0331924e-12  5.03319e-12  5.03319e-12  1.30793e-32
7.793804373e-01  5.0194709e-12  5.01947e-12  5.01947e-12  1.75098e-32
7.832773395e-01  5.0113581e-12  5.01136e-12  5.01136e-12  2.33861e-32
7.871937262e-01  4.9970595e-12  4.99706e-12  4.99706e-12  3.12122e-32
7.911296948e-01  4.9743323e-12  4.97433e-12  4.97433e-12  4.16400e-32
7.950853433e-01  4.9452483e-12  4.94525e-12  4.94525e-12  5.55126e-32
7.990607700e-01  4.9148634e-12  4.91486e-12  4.91486e-12  7.39041e-32
8.030560739e-01  4.8812003e-12  4.88120e-12  4.88120e-12  9.82789e-32
8.070713542e-01  4.8395438e-12  4.83954e-12  4.83954e-12  1.30628e-31
8.111067110e-01  4.7943474e-12  4.79435e-12  4.79435e-12  1.73437e-31
8.151622446e-01  4.7563017e-12  4.75630e-12  4.75630e-12  2.29703e-31
8.192380558e-01  4.7056568e-12  4.70566e-12  4.70566e-12  3.04253e-31
8.233342461e-01  4.6562124e-12  4.65621e-12  4.65621e-12  4.02317e-31
8.274509173e-01  4.5991348e-12  4.59913e-12  4.59913e-12  5.31690e-31
8.315881719e-01  4.5414045e-12  4.54140e-12  4.54140e-12  7.01646e-31
8.357461127e-01  4.4882772e-12  4.48828e-12  4.48828e-12  9.23987e-31
8.399248433e-01  4.4229118e-12  4.42291e-12  4.42291e-12  1.21680e-30
8.441244675e-01  4.3615487e-12  4.36155e-12  4.36155e-12  1.59919e-30
8.483450899e-01  4.3003325e-12  4.30033e-12  4.30033e-12  2.09856e-30
8.525868153e-01  4.2369002e-12  4.23690e-12  4.23690e-12  2.75050e-30
8.568497494e-01  4.1757693e-12  4.17577e-12  4.17577e-12  3.59865e-30
8.611339981e-01  4.1180831e-12  4.11808e-12  4.11808e-12  4.69950e-30
8.654396681e-01  4.0560928e-12  4.05609e-12  4.05609e-12  6.13132e-30
8.697668665e-01  4.0017093e-12  4.00171e-12  4.00171e-12  7.98067e-30
8.741157008e-01  3.9468055e-12  3.94681e-12  3.94681e-12  1.03736e-29
8.784862793e-01  3.8925208e-12  3.89252e-12  3.89252e-12  1.34641e-29
8.828787107e-01  3.8412478e-12  3.84125e-12  3.84125e-12  1.74445e-29
8.872931042e-01  3.7952531e-12  3.79525e-12  3.79525e-12  2.25566e-29
8.917295698e-01  3.7514139e-12  3.75141e-12  3.75141e-12  2.91193e-29
8.961882176e-01  3.7097388e-12  3.70974e-12  3.70974e-12  3.75308e-29
9.006691587e-01  3.6788774e-12  3.67888e-12  3.67888e-12  4.82475e-29
9.051725045e-01  3.6484373e-12  3.64844e-12  3.64844e-12  6.19381e-29
9.096983670e-01  3.6130426e-12  3.61304e-12  3.61304e-12  7.94517e-29
9.142468589e-01  3.6002314e-12  3.60023e-12  3.60023e-12  1.01525e-28
9.188180931e-01  3.5838427e-12  3.58384e-12  3.58384e-12  1.29612e-28
9.234121836e-01  3.5808848e-12  3.58088e-12  3.58088e-12  1.65005e-28
9.280292445e-01  3.5740991e-12  3.57410e-12  3.57410e-12  2.09880e-28
9.326693908e-01  3.5748551e-12  3.57486e-12  3.57486e-12  2.66391e-28
9.373327377e-01  3.5759033e-12  3.57590e-12  3.57590e-12  3.37671e-28
9.420194014e-01  3.5725065e-12  3.57251e-12  3.57251e-12  4.27690e-28
9.467294984e-01  3.5776311e-12  3.57763e-12  3.57763e-12  5.40500e-28
9.514631459e-01  3.5944927e-12  3.59449e-12  3.59449e-12  6.81296e-28
9.562204616e-01  3.6261679e-12  3.62617e-12  3.62617e-12  8.56241e-28
9.610015639e-01  3.6544742e-12  3.65447e-12  3.65447e-12  1.07515e-27
9.658065718e-01  3.6881044e-12  3.68810e-12  3.68810e-12  1.34749e-27
9.706356046e-01  3.7303845e-12  3.73038e-12  3.73038e-12  1.68498e-27
9.754887826e-01  3.7726122e-12  3.77261e-12  3.77261e-12  2.10434e-27
9.803662265e-01  3.8146574e-12  3.81466e-12  3.81466e-12  2.62478e-27
9.852680577e-01  3.8598498e-12  3.85985e-12  3.85985e-12  3.26858e-27
9.901943980e-01  3.9087877e-12  3.90879e-12  3.90879e-12  4.06332e-27
9.951453700e-01  3.9740162e-12  3.97402e-12  3.97402e-12  5.03506e-27
1.000121097e+00  4.0261772e-12  4.02618e-12  4.02618e-12  6.24093e-27
1.005121702e+00  4.0839916e-12  4.08399e-12  4.08399e-12  7.72044e-27
1.010147311e+00  4.1428870e-12  4.14289e-12  4.14289e-12  9.53722e-27
1.015198047e+00  4.1985625e-12  4.19856e-12  4.19856e-12  1.17712e-26
1.020274038e+00  4.2612965e-12  4.26130e-12  4.26130e-12  1.44971e-26
1.025375408e+00  4.3055297e-12  4.30553e-12  4.30553e-12  1.78732e-26
1.030502285e+00  4.3469471e-12  4.34695e-12  4.34695e-12  2.20162e-26
1.035654796e+00  4.3984528e-12  4.39845e-12  4.39845e-12  2.70511e-26
1.040833070e+00  4.4454128e-12  4.44541e-12  4.44541e-12  3.32155e-26
1.046037236e+00  4.4817834e-12  4.48178e-12  4.48178e-12  4.07909e-26
1.051267422e+00  4.5239510e-12  4.52395e-12  4.52395e-12  4.99952e-26
1.056523759e+00  4.5582311e-12  4.55823e-12  4.55823e-12  6.12661e-26
1.061806378e+00  4.5899671e-12  4.58997e-12  4.58997e-12  7.50137e-26
1.067115410e+00  4.6177259e-12  4.61773e-12  4.61773e-12  9.17862e-26
1.072450987e+00  4.6441678e-12  4.64417e-12  4.64417e-12  1.12197e-25
1.077813242e+00  4.6716921e-12  4.67169e-12  4.67169e-12  1.36966e-25
1.083202308e+00  4.6910865e-12  4.69109e-12  4.69109e-12  1.67194e-25
1.088618319e+00  4.7088394e-12  4.70884e-12  4.70884e-12  2.03907e-25
1.094061411e+00  4.7210336e-12  4.72103e-12  4.72103e-12  2.48589e-25
1.099531718e+00  4.7487101e-12  4.74871e-12  4.74871e-12  3.02064e-25
1.105029377e+00  4.7499643e-12  4.74996e-12  4.74996e-12  3.67990e-25
1.110554523e+00  4.7660841e-12  4.76608e-12  4.76608e-12  4.46867e-25
1.116107296e+00  4.7686840e-12  4.76868e-12  4.76868e-12  5.43090e-25
1.121687832e+00  4.7658543e-12  4.76585e-12  4.76585e-12  6.59822e-25
1.127296272e+00  4.7639655e-12  4.76397e-12  4.76397e-12  8.00667e-25
1.132932753e+00  4.7674529e-12  4.76745e-12  4.76745e-12  9.69774e-25
1.138597417e+00  4.7657798e-12  4.76578e-12  4.76578e-12  1.17421e-24
1.144290404e+00  4.7704992e-12  4.77050e-12  4.77050e-12  1.41889e-24
1.150011856e+00  4.7488555e-12  4.74886e-12  4.74886e-12  1.71934e-24
1.155761915e+00  4.7561145e-12  4.75611e-12  4.75611e-12  2.07243e-24
1.161540725e+00  4.7355282e-12  4.73553e-12  4.73553e-12  2.50564e-24
1.167348428e+00  4.7310297e-12  4.73103e-12  4.73103e-12  3.01909e-24
1.173185171e+00  4.7263152e-12  4.72632e-12  4.72632e-12  3.63409e-24
1.179051096e+00  4.7148706e-12  4.71487e-12  4.71487e-12  4.37421e-24
1.184946352e+00  4.6944773e-12  4.69448e-12  4.69448e-12  5.26670e-24
1.190871084e+00  4.6951012e-12  4.69510e-12  4.69510e-12  6.31498e-24
1.196825439e+00  4.6838141e-12  4.68381e-12  4.68381e-12  7.57769e-24
1.202809566e+00  4.6638886e-12  4.66389e-12  4.66389e-12  9.09557e-24
1.208823614e+00  4.6471144e-12  4.64711e-12  4.64711e-12  1.09014e-23
1.214867732e+00  4.6322291e-12  4.63223e-12  4.63223e-12  1.30491e-23
1.220942071e+00  4.6244728e-12  4.62447e-12  4.62447e-12  1.55874e-23
1.227046781e+00  4.6086164e-12  4.60862e-12  4.60862e-12  1.86242e-23
1.233182015e+00  4.5928515e-12  4.59285e-12  4.59285e-12  2.22304e-23
1.239347925e+00  4.5801685e-12  4.58017e-12  4.58017e-12  2.64964e-23
1.245544665e+00  4.5679993e-12  4.56800e-12  4.56800e-12  3.15480e-23
1.251772388e+00  4.5511710e-12  4.55117e-12  4.55117e-12  3.75533e-23
1.258031250e+00  4.5390484e-12  4.53905e-12  4.53905e-12  4.46263e-23
1.264321406e+00  4.5280890e-12  4.52809e-12  4.52809e-12  5.29709e-23
1.270643013e+00  4.5114258e-12  4.51143e-12  4.51143e-12  6.28722e-23
1.276996228e+00  4.4929161e-12  4.49292e-12  4.49292e-12  7.45753e-23
1.283381209e+00  4.4773348e-12  4.47733e-12  4.47733e-12  8.83332e-23
1.289798116e+00  4.4677727e-12  4.46777e-12  4.46777e-12  1.04432e-22
1.296247106e+00  4.4447553e-12  4.44476e-12  4.44476e-12  1.23613e-22
1.302728342e+00  4.4354623e-12  4.43546e-12  4.43546e-12  1.45862e-22
1.309241983e+00  4.4136662e-12  4.41367e-12  4.41367e-12  1.72302e-22
1.315788193e+00  4.3977458e-12  4.39775e-12  4.39775e-12  2.03157e-22
1.322367134e+00  4.3843615e-12  4.38436e-12  4.38436e-12  2.39221e-22
1.328978970e+00  4.3710656e-12  4.37107e-12  4.37107e-12  2.81427e-22
1.335623865e+00  4.3588009e-12  4.35880e-12  4.35880e-12  3.30723e-22
1.342301984e+00  4.3429639e-12  4.34296e-12  4.34296e-12  3.88531e-22
1.349013494e+00  4.3334737e-12  4.33347e-12  4.33347e-12  4.55560e-22
1.355758561e+00  4.3138967e-12  4.31390e-12  4.31390e-12  5.34564e-22
1.362537354e+00  4.2919867e-12  4.29199e-12  4.29199e-12  6.26962e-22
1.369350041e+00  4.2768104e-12  4.27681e-12  4.27681e-12  7.33865e-22
1.376196791e+00  4.2469144e-12  4.24691e-12  4.24691e-12  8.60361e-22
1.383077775e+00  4.2342556e-12  4.23426e-12  4.23426e-12  1.00489e-21
1.389993164e+00  4.2225981e-12  4.22260e-12  4.22260e-12  1.17247e-21
1.396943130e+00  4.1944618e-12  4.19446e-12  4.19446e-12  1.37064e-21
1.403927846e+00  4.1707701e-12  4.17077e-12  4.17077e-12  1.59975e-21
1.410947485e+00  4.1466634e-12  4.14666e-12  4.14666e-12  1.86572e-21
1.418002222e+00  4.1263358e-12  4.12634e-12  4.12634e-12  2.17268e-21
1.425092233e+00  4.1135110e-12  4.11351e-12  4.11351e-12  2.52476e-21
1.432217694e+00  4.0897157e-12  4.08972e-12  4.08972e-12  2.93698e-21
1.439378783e+00  4.0724075e-12  4.07241e-12  4.07241e-12  3.40986e-21
1.446575677e+00  4.0480873e-12  4.04809e-12  4.04809e-12  3.96043e-21
1.453808555e+00  4.0198733e-12  4.01987e-12  4.01987e-12  4.59929e-21
1.461077598e+00  3.9950012e-12  3.99500e-12  3.99500e-12  5.33377e-21
1.468382986e+00  3.9644459e-12  3.96445e-12  3.96445e-12  6.18675e-21
1.475724901e+00  3.9354029e-12  3.93540e-12  3.93540e-12  7.16854e-21
1.483103525e+00  3.9127350e-12  3.91274e-12  3.91274e-12  8.29021e-21
1.490519043e+00  3.8892128e-12  3.88921e-12  3.88921e-12  9.58124e-21
1.497971638e+00  3.8597314e-12  3.85973e-12  3.85973e-12  1.10763e-20
1.505461496e+00  3.8244722e-12  3.82447e-12  3.82447e-12  1.28080e-20
1.512988804e+00  3.7935685e-12  3.79357e-12  3.79357e-12  1.47875e-20
1.520553748e+00  3.7642519e-12  3.76425e-12  3.76425e-12  1.70549e-20
1.528156517e+00  3.7361310e-12  3.73613e-12  3.73613e-12  1.96509e-20
1.535797299e+00  3.6993818e-12  3.69938e-12  3.69938e-12  2.26599e-20
1.543476286e+00  3.6697900e-12  3.66979e-12  3.66979e-12  2.60764e-20
1.551193667e+00  3.6346998e-12  3.63470e-12  3.63470e-12  3.00154e-20
1.558949636e+00  3.6055947e-12  3.60559e-12  3.60559e-12  3.44863e-20
1.566744384e+00  3.5642427e-12  3.56424e-12  3.56424e-12  3.96820e-20
1.574578106e+00  3.5315054e-12  3.53151e-12  3.53151e-12  4.55558e-20
1.582450996e+00  3.4998025e-12  3.49980e-12  3.49980e-12  5.22510e-20
1.590363251e+00  3.4631343e-12  3.46313e-12  3.46313e-12  5.99409e-20
1.598315067e+00  3.4307389e-12  3.43074e-12  3.43074e-12  6.86595e-20
1.606306643e+00  3.3865440e-12  3.38654e-12  3.38654e-12  7.87601e-20
1.614338176e+00  3.3505369e-12  3.35054e-12  3.35054e-12  9.01472e-20
1.622409867e+00  3.3176060e-12  3.31761e-12  3.31761e-12  1.03049e-19
1.630521916e+00  3.2797825e-12  3.27978e-12  3.27978e-12  1.17822e-19
1.638674526e+00  3.2490165e-12  3.24902e-12  3.24902e-12  1.34442e-19
1.646867898e+00  3.2002950e-12  3.20029e-12  3.20029e-12  1.53810e-19
1.655102238e+00  3.1605675e-12  3.16057e-12  3.16057e-12  1.75555e-19
1.663377749e+00  3.1295269e-12  3.12953e-12  3.12953e-12  1.99916e-19
1.671694638e+00  3.0931295e-12  3.09313e-12  3.09313e-12  2.27728e-19
1.680053111e+00  3.0560209e-12  3.05602e-12  3.05602e-12  2.59267e-19
1.688453377e+00  3.0183852e-12  3.01839e-12  3.01838e-12  2.95005e-19
1.696895643e+00  2.9798187e-12  2.97982e-12  2.97982e-12  3.35504e-19
1.705380122e+00  2.9386817e-12  2.93868e-12  2.93868e-12  3.81491e-19
1.713907022e+00  2.9087233e-12  2.90872e-12  2.90872e-12  4.32591e-19
1.722476557e+00  2.8670268e-12  2.86703e-12  2.86703e-12  4.91291e-19
1.731088940e+00  2.8237499e-12  2.82375e-12  2.82375e-12  5.57757e-19
1.739744385e+00  2.7933745e-12  2.79337e-12  2.79337e-12  6.31277e-19
1.748443107e+00  2.7565587e-12  2.75656e-12  2.75656e-12  7.14890e-19
1.757185322e+00  2.7238503e-12  2.72385e-12  2.72385e-12  8.08431e-19
1.765971249e+00  2.6867238e-12  2.68672e-12  2.68672e-12  9.14390e-19
1.774801105e+00  2.6629582e-12  2.66296e-12  2.66296e-12  1.03097e-18
1.783675111e+00  2.6257351e-12  2.62574e-12  2.62573e-12  1.16464e-18
1.792593486e+00  2.5941987e-12  2.59420e-12  2.59420e-12  1.31340e-18
1.801556454e+00  2.5598304e-12  2.55983e-12  2.55983e-12  1.48103e-18
1.810564236e+00  2.5298197e-12  2.52982e-12  2.52982e-12  1.66763e-18
1.819617057e+00  2.4970008e-12  2.49700e-12  2.49700e-12  1.87758e-18
1.828715142e+00  2.4690172e-12  2.46902e-12  2.46902e-12  2.11071e-18
1.837858718e+00  2.4384710e-12  2.43847e-12  2.43847e-12  2.37250e-18
1.847048012e+00  2.4103369e-12  2.41034e-12  2.41033e-12  2.66388e-18
1.856283252e+00  2.3835971e-12  2.38360e-12  2.38359e-12  2.98844e-18
1.865564668e+00  2.3571821e-12  2.35718e-12  2.35718e-12  3.35028e-18
1.874892491e+00  2.3296753e-12  2.32968e-12  2.32967e-12  3.75448e-18
1.884266954e+00  2.3059840e-12  2.30598e-12  2.30598e-12  4.20179e-18
1.893688289e+00  2.2827332e-12  2.28273e-12  2.28273e-12  4.69915e-18
1.903156730e+00  2.2595525e-12  2.25955e-12  2.25955e-12  5.25218e-18
1.912672514e+00  2.2328093e-12  2.23281e-12  2.23280e-12  5.87097e-18
1.922235876e+00  2.2139861e-12  2.21399e-12  2.21398e-12  6.54847e-18
1.931847056e+00  2.1895143e-12  2.18951e-12  2.18951e-12  7.30809e-18
1.941506291e+00  2.1747014e-12  2.17470e-12  2.17469e-12  8.13525e-18
1.951213822e+00  2.1539099e-12  2.15391e-12  2.15390e-12  9.06161e-18
1.960969892e+00  2.1373328e-12  2.13733e-12  2.13732e-12  1.00789e-17
1.970774741e+00  2.1192896e-12  2.11929e-12  2.11928e-12  1.12073e-17
1.980628615e+00  2.1029431e-12  2.10294e-12  2.10293e-12  1.24504e-17
1.990531758e+00  2.0911011e-12  2.09110e-12  2.09109e-12  1.38105e-17
2.000484417e+00  2.0775609e-12  2.07756e-12  2.07755e-12  1.53156e-17
2.010486839e+00  2.0655673e-12  2.06557e-12  2.06555e-12  1.69694e-17
2.020539273e+00  2.0549571e-12  2.05496e-12  2.05494e-12  1.87854e-17
2.030641969e+00  2.0416557e-12  2.04166e-12  2.04163e-12  2.07956e-17
2.040795179e+00  2.0294706e-12  2.02947e-12  2.02945e-12  2.30022e-17
2.050999155e+00  2.0221807e-12  2.02218e-12  2.02216e-12  2.54017e-17
2.061254151e+00  2.0126748e-12  2.01267e-12  2.01265e-12  2.80486e-17
2.071560421e+00  2.0065225e-12  2.00652e-12  2.00649e-12  3.09309e-17
2.081918224e+00  1.9971224e-12  1.99712e-12  1.99709e-12  3.41141e-17
2.092327815e+00  1.9910332e-12  1.99103e-12  1.99100e-12  3.75759e-17
2.102789454e+00  1.9848999e-12  1.98490e-12  1.98486e-12  4.13657e-17
2.113303401e+00  1.9808397e-12  1.98084e-12  1.98079e-12  4.54903e-17
2.123869918e+00  1.9767101e-12  1.97671e-12  1.97666e-12  4.99982e-17
2.134489268e+00  1.9680811e-12  1.96808e-12  1.96803e-12  5.49780e-17
2.145161714e+00  1.9619580e-12  1.96196e-12  1.96190e-12  6.03852e-17
2.155887523e+00  1.9607915e-12  1.96079e-12  1.96073e-12  6.62106e-17
2.166666960e+00  1.9543670e-12  1.95437e-12  1.95429e-12  7.26457e-17
2.177500295e+00  1.9526533e-12  1.95265e-12  1.95257e-12  7.95731e-17
2.188387796e+00  1.9520660e-12  1.95207e-12  1.95198e-12  8.70879e-17
2.199329735e+00  1.9497828e-12  1.94978e-12  1.94969e-12  9.52967e-17
2.210326384e+00  1.9458365e-12  1.94584e-12  1.94573e-12  1.04263e-16
2.221378016e+00  1.9351556e-12  1.93516e-12  1.93504e-12  1.14198e-16
2.232484906e+00  1.9283726e-12  1.92837e-12  1.92825e-12  1.24894e-16
2.243647331e+00  1.9230994e-12  1.92310e-12  1.92296e-12  1.36467e-16
2.254865567e+00  1.9189531e-12  1.91895e-12  1.91880e-12  1.48989e-16
2.266139895e+00  1.9171971e-12  1.91720e-12  1.91703e-12  1.62473e-16
2.277470595e+00  1.9101183e-12  1.91012e-12  1.90994e-12  1.77321e-16
2.288857948e+00  1.9078590e-12  1.90786e-12  1.90767e-12  1.93184e-16
2.300302237e+00  1.8966885e-12  1.89669e-12  1.89648e-12  2.10841e-16
2.311803748e+00  1.8940834e-12  1.89408e-12  1.89385e-12  2.29479e-16
2.323362767e+00  1.8863085e-12  1.88631e-12  1.88606e-12  2.49973e-16
2.334979581e+00  1.8796424e-12  1.87964e-12  1.87937e-12  2.72076e-16
2.346654479e+00  1.8733942e-12  1.87339e-12  1.87310e-12  2.95949e-16
2.358387751e+00  1.8625185e-12  1.86252e-12  1.86220e-12  3.22156e-16
2.370179690e+00  1.8532130e-12  1.85321e-12  1.85286e-12  3.50361e-16
2.382030589e+00  1.8457195e-12  1.84572e-12  1.84534e-12  3.80656e-16
2.393940742e+00  1.8363147e-12  1.83631e-12  1.83590e-12  4.13585e-16
2.405910445e+00  1.8292384e-12  1.82924e-12  1.82879e-12  4.48848e-16
2.417939997e+00  1.8219302e-12  1.82193e-12  1.82144e-12  4.86908e-16
2.430029697e+00  1.8134930e-12  1.81349e-12  1.81296e-12  5.28106e-16
2.442179846e+00  1.8053745e-12  1.80537e-12  1.80480e-12  5.72458e-16
2.454390745e+00  1.7963125e-12  1.79631e-12  1.79569e-12  6.20405e-16
2.466662699e+00  1.7877833e-12  1.78778e-12  1.78711e-12  6.71943e-16
2.478996012e+00  1.7808091e-12  1.78081e-12  1.78008e-12  7.27081e-16
2.491390992e+00  1.7695149e-12  1.76951e-12  1.76873e-12  7.87377e-16
2.503847947e+00  1.7551128e-12  1.75511e-12  1.75426e-12  8.53078e-16
2.516367187e+00  1.7464628e-12  1.74646e-12  1.74554e-12  9.22248e-16
2.528949023e+00  1.7375243e-12  1.73752e-12  1.73653e-12  9.96651e-16
2.541593768e+00  1.7317417e-12  1.73174e-12  1.73067e-12  1.07552e-15
2.554301737e+00  1.7231137e-12  1.72311e-12  1.72195e-12  1.16109e-15
2.567073246e+00  1.7125369e-12  1.71254e-12  1.71128e-12  1.25367e-15
2.579908612e+00  1.7021019e-12  1.70210e-12  1.70075e-12  1.35297e-15
2.592808155e+00  1.6915655e-12  1.69157e-12  1.69011e-12  1.45953e-15
2.605772196e+00  1.6804991e-12  1.68050e-12  1.67893e-12  1.57406e-15
2.618801057e+00  1.6694884e-12  1.66949e-12  1.66779e-12  1.69681e-15
2.631895062e+00  1.6579658e-12  1.65797e-12  1.65614e-12  1.82865e-15
2.645054537e+00  1.6462737e-12  1.64627e-12  1.64430e-12  1.97001e-15
2.658279810e+00  1.6331578e-12  1.63316e-12  1.63104e-12  2.12238e-15
2.671571209e+00  1.6181421e-12  1.61814e-12  1.61586e-12  2.28704e-15
2.684929065e+00  1.5995697e-12  1.59957e-12  1.59710e-12  2.46641e-15
2.698353710e+00  1.5746464e-12  1.57465e-12  1.57198e-12  2.66448e-15
2.711845479e+00  1.5410248e-12  1.54102e-12  1.53814e-12  2.88578e-15
2.725404706e+00  1.5016470e-12  1.50165e-12  1.49852e-12  3.13036e-15
2.739031730e+00  1.4574075e-12  1.45741e-12  1.45401e-12  3.39995e-15
2.752726889e+00  1.4123229e-12  1.41232e-12  1.40863e-12  3.69245e-15
2.766490523e+00  1.3669503e-12  1.36695e-12  1.36294e-12  4.00903e-15
2.780322976e+00  1.3263701e-12  1.32637e-12  1.32203e-12  4.34433e-15
2.794224591e+00  1.2923049e-12  1.29230e-12  1.28761e-12  4.69598e-15
2.808195713e+00  1.2604901e-12  1.26049e-12  1.25542e-12  5.07063e-15
2.822236692e+00  1.2358332e-12  1.23583e-12  1.23037e-12  5.46045e-15
2.836347875e+00  1.2191963e-12  1.21920e-12  1.21333e-12  5.86269e-15
2.850529615e+00  1.2047301e-12  1.20473e-12  1.19844e-12  6.28778e-15
2.864782263e+00  1.1904717e-12  1.19047e-12  1.18373e-12  6.74078e-15
2.879106174e+00  1.1782418e-12  1.17824e-12  1.17102e-12  7.21890e-15
2.893501705e+00  1.1661917e-12  1.16619e-12  1.15846e-12  7.72765e-15
2.907969214e+00  1.1541177e-12  1.15412e-12  1.14585e-12  8.26933e-15
2.922509060e+00  1.1411759e-12  1.14118e-12  1.13233e-12  8.84845e-15
2.937121605e+00  1.1306410e-12  1.13064e-12  1.12118e-12  9.45695e-15
2.951807213e+00  1.1263634e-12  1.12636e-12  1.11628e-12  1.00817e-14
2.966566249e+00  1.1242114e-12  1.12421e-12  1.11348e-12  1.07355e-14
2.981399080e+00  1.1211207e-12  1.12112e-12  1.10969e-12  1.14309e-14
2.996306076e+00  1.1176213e-12  1.11762e-12  1.10545e-12  1.21685e-14
3.011287606e+00  1.1142276e-12  1.11423e-12  1.10128e-12  1.29481e-14
3.026344044e+00  1.1106723e-12  1.11067e-12  1.09690e-12  1.37732e-14
3.041475764e+00  1.1061278e-12  1.10613e-12  1.09148e-12  1.46507e-14
3.056683143e+00  1.1005083e-12  1.10051e-12  1.08492e-12  1.55846e-14
3.071966559e+00  1.0944043e-12  1.09440e-12  1.07783e-12  1.65752e-14
3.087326392e+00  1.0889437e-12  1.08894e-12  1.07133e-12  1.76182e-14
3.102763024e+00  1.0848506e-12  1.08485e-12  1.06614e-12  1.87106e-14
3.118276839e+00  1.0815861e-12  1.08159e-12  1.06173e-12  1.98572e-14
3.133868223e+00  1.0786647e-12  1.07866e-12  1.05760e-12  2.10637e-14
3.149537564e+00  1.0757957e-12  1.07580e-12  1.05346e-12  2.23351e-14
3.165285252e+00  1.0731602e-12  1.07316e-12  1.04949e-12  2.36726e-14
3.181111678e+00  1.0705106e-12  1.07051e-12  1.04543e-12  2.50816e-14
3.197017237e+00  1.0681319e-12  1.06813e-12  1.04157e-12  2.65622e-14
3.213002323e+00  1.0656414e-12  1.06564e-12  1.03752e-12  2.81218e-14
3.229067334e+00  1.0631161e-12  1.06312e-12  1.03335e-12  2.97633e-14
3.245212671e+00  1.0601538e-12  1.06015e-12  1.02866e-12  3.14958e-14
3.261438734e+00  1.0573122e-12  1.05731e-12  1.02400e-12  3.33164e-14
3.277745928e+00  1.0538582e-12  1.05386e-12  1.01862e-12  3.52401e-14
3.294134658e+00  1.0503457e-12  1.05035e-12  1.01308e-12  3.72641e-14
3.310605331e+00  1.0468819e-12  1.04688e-12  1.00749e-12  3.93914e-14
3.327158358e+00  1.0433430e-12  1.04334e-12  1.00171e-12  4.16288e-14
3.343794149e+00  1.0393191e-12  1.03932e-12  9.95329e-13  4.39897e-14
3.360513120e+00  1.0354079e-12  1.03541e-12  9.88939e-13  4.64687e-14
3.377315686e+00  1.0319955e-12  1.03200e-12  9.82933e-13  4.90625e-14
3.394202264e+00  1.0285750e-12  1.02858e-12  9.76788e-13  5.17867e-14
3.411173276e+00  1.0249382e-12  1.02494e-12  9.70286e-13  5.46527e-14
3.428229142e+00  1.0242137e-12  1.02421e-12  9.66630e-13  5.75835e-14
3.445370288e+00  1.0219636e-12  1.02196e-12  9.61266e-13  6.06977e-14
3.462597139e+00  1.0190878e-12  1.01909e-12  9.55105e-13  6.39823e-14
3.479910125e+00  1.0159448e-12  1.01594e-12  9.48508e-13  6.74364e-14
3.497309675e+00  1.0137391e-12  1.01374e-12  9.42712e-13  7.10272e-14
3.514796224e+00  1.0131583e-12  1.01316e-12  9.38427e-13  7.47311e-14
3.532370205e+00  1.0114362e-12  1.01144e-12  9.32783e-13  7.86528e-14
3.550032056e+00  1.0094817e-12  1.00948e-12  9.26711e-13  8.27706e-14
3.567782216e+00  1.0075994e-12  1.00760e-12  9.20518e-13  8.70814e-14
3.585621127e+00  1.0057446e-12  1.00574e-12  9.14149e-13  9.15958e-14
3.603549233e+00  1.0039308e-12  1.00393e-12  9.07608e-13  9.63223e-14
3.621566979e+00  1.0023644e-12  1.00236e-12  9.01105e-13  1.01260e-13
3.639674814e+00  1.0009714e-12  1.00097e-12  8.94551e-13  1.06420e-13
3.657873188e+00  9.9973552e-13  9.99736e-13  8.87922e-13  1.11814e-13
3.676162554e+00  9.9856223e-13  9.98562e-13  8.81106e-13  1.17457e-13
3.694543367e+00  9.9757236e-13  9.97572e-13  8.74220e-13  1.23352e-13
3.713016084e+00  9.9672629e-13  9.96726e-13  8.67213e-13  1.29513e-13
3.731581164e+00  9.9606413e-13  9.96064e-13  8.60115e-13  1.35949e-13
3.750239070e+00  9.9567560e-13  9.95676e-13  8.53012e-13  1.42664e-13
3.768990265e+00  9.9564685e-13  9.95647e-13  8.45986e-13  1.49661e-13
3.787835216e+00  9.9571515e-13  9.95715e-13  8.38740e-13  1.56975e-13
3.806774393e+00  9.9599738e-13  9.95997e-13  8.31387e-13  1.64610e-13
3.825808265e+00  9.9648555e-13  9.96486e-13  8.23905e-13  1.72580e-13
3.844937306e+00  9.9731531e-13  9.97315e-13  8.16429e-13  1.80886e-13
3.864161992e+00  9.9833605e-13  9.98336e-13  8.08778e-13  1.89558e-13
3.883482802e+00  9.9968279e-13  9.99683e-13  8.01086e-13  1.98597e-13
3.902900216e+00  1.0013935e-12  1.00139e-12  7.93381e-13  2.08013e-13
3.922414717e+00  1.0033269e-12  1.00333e-12  7.85486e-13  2.17841e-13
3.942026791e+00  1.0055273e-12  1.00553e-12  7.77434e-13  2.28094e-13
3.961736925e+00  1.0080598e-12  1.00806e-12  7.69277e-13  2.38782e-13
3.981545610e+00  1.0111141e-12  1.01111e-12  7.61221e-13  2.49893e-13
4.001453338e+00  1.0146395e-12  1.01464e-12  7.53188e-13  2.61452e-13
4.021460604e+00  1.0187334e-12  1.01873e-12  7.45278e-13  2.73456e-13
4.041567907e+00  1.0234673e-12  1.02347e-12  7.37561e-13  2.85906e-13
4.061775747e+00  1.0286324e-12  1.02863e-12  7.29770e-13  2.98863e-13
4.082084626e+00  1.0344427e-12  1.03444e-12  7.22146e-13  3.12297e-13
4.102495049e+00  1.0405861e-12  1.04059e-12  7.14284e-13  3.26302e-13
4.123007524e+00  1.0471667e-12  1.04717e-12  7.06287e-13  3.40880e-13
4.143622562e+00  1.0544641e-12  1.05446e-12  6.98482e-13  3.55982e-13
4.164340674e+00  1.0623992e-12  1.06240e-12  6.90752e-13  3.71647e-13
4.185162378e+00  1.0708664e-12  1.07087e-12  6.82937e-13  3.87930e-13
4.206088190e+00  1.0801099e-12  1.08011e-12  6.75333e-13  4.04777e-13
4.227118631e+00  1.0899902e-12  1.08999e-12  6.67735e-13  4.22255e-13
4.248254224e+00  1.1006558e-12  1.10066e-12  6.60323e-13  4.40333e-13
4.269495495e+00  1.1118055e-12  1.11181e-12  6.52651e-13  4.59154e-13
4.290842972e+00  1.1235219e-12  1.12352e-12  6.44793e-13  4.78729e-13
4.312297187e+00  1.1360295e-12  1.13603e-12  6.37036e-13  4.98993e-13
4.333858673e+00  1.1492459e-12  1.14925e-12  6.29230e-13  5.20016e-13
4.355527967e+00  1.1632663e-12  1.16327e-12  6.21482e-13  5.41784e-13
4.377305606e+00  1.1781376e-12  1.17814e-12  6.13837e-13  5.64301e-13
4.399192134e+00  1.1940046e-12  1.19400e-12  6.06502e-13  5.87503e-13
4.421188095e+00  1.2108702e-12  1.21087e-12  5.99471e-13  6.11400e-13
4.443294036e+00  1.2287720e-12  1.22877e-12  5.92799e-13  6.35973e-13
4.465510506e+00  1.2474382e-12  1.24744e-12  5.85988e-13  6.61451e-13
4.487838058e+00  1.2669146e-12  1.26691e-12  5.79061e-13  6.87853e-13
4.510277249e+00  1.2871336e-12  1.28713e-12  5.71823e-13  7.15311e-13
4.532828635e+00  1.3082330e-12  1.30823e-12  5.64461e-13  7.43772e-13
4.555492778e+00  1.3299613e-12  1.32996e-12  5.56348e-13  7.73614e-13
4.578270242e+00  1.3523778e-12  1.35238e-12  5.47423e-13  8.04954e-13
4.601161593e+00  1.3758219e-12  1.37582e-12  5.38295e-13  8.37527e-13
4.624167401e+00  1.4001136e-12  1.40011e-12  5.28351e-13  8.71763e-13
4.647288238e+00  1.4254722e-12  1.42547e-12  5.17921e-13  9.07552e-13
4.670524679e+00  1.4520814e-12  1.45208e-12  5.07322e-13  9.44760e-13
4.693877303e+00  1.4798315e-12  1.47983e-12  4.95978e-13  9.83854e-13
4.717346689e+00  1.5091549e-12  1.50915e-12  4.85122e-13  1.02403e-12
4.740933423e+00  1.5400942e-12  1.54009e-12  4.74947e-13  1.06515e-12
4.764638090e+00  1.5724699e-12  1.57247e-12  4.64632e-13  1.10784e-12
4.788461280e+00  1.6064027e-12  1.60640e-12  4.54563e-13  1.15184e-12
4.812403587e+00  1.6418334e-12  1.64183e-12  4.44071e-13  1.19776e-12
4.836465604e+00  1.6788596e-12  1.67886e-12  4.33167e-13  1.24569e-12
4.860647933e+00  1.7176325e-12  1.71763e-12  4.23141e-13  1.29449e-12
4.884951172e+00  1.7580992e-12  1.75810e-12  4.12777e-13  1.34532e-12
4.909375928e+00  1.8003433e-12  1.80034e-12  4.02329e-13  1.39801e-12
4.933922808e+00  1.8443565e-12  1.84436e-12  3.92632e-13  1.45172e-12
4.958592422e+00  1.8901585e-12  1.89016e-12  3.83189e-13  1.50697e-12
4.983385384e+00  1.9378882e-12  1.93789e-12  3.73333e-13  1.56456e-12
5.008302311e+00  1.9873464e-12  1.98735e-12  3.64423e-13  1.62292e-12
5.033343822e+00  2.0383952e-12  2.03840e-12  3.56636e-13  1.68176e-12
5.058510541e+00  2.0913355e-12  2.09134e-12  3.48706e-13  1.74263e-12
5.083803094e+00  2.1461928e-12  2.14619e-12  3.40752e-13  1.80544e-12
5.109222110e+00  2.2029193e-12  2.20292e-12  3.33005e-13  1.86991e-12
5.134768220e+00  2.2617690e-12  2.26177e-12  3.24993e-13  1.93678e-12
5.160442061e+00  2.3225566e-12  2.32256e-12  3.17220e-13  2.00534e-12
5.186244272e+00  2.3846467e-12  2.38465e-12  3.10711e-13  2.07394e-12
5.212175493e+00  2.4479235e-12  2.44792e-12  3.05355e-13  2.14257e-12
5.238236370e+00  2.5132547e-12  2.51325e-12  2.99772e-13  2.21348e-12
5.264427552e+00  2.5805045e-12  2.58050e-12  2.94229e-13  2.28628e-12
5.290749690e+00  2.6485740e-12  2.64857e-12  2.89981e-13  2.35859e-12
5.317203438e+00  2.7166123e-12  2.71661e-12  2.87648e-13  2.42896e-12
5.343789456e+00  2.7848670e-12  2.78487e-12  2.86608e-13  2.49826e-12
5.370508403e+00  2.8540849e-12  2.85408e-12  2.85950e-13  2.56813e-12
5.397360945e+00  2.9248046e-12  2.92480e-12  2.85162e-13  2.63964e-12
5.424347750e+00  2.9978223e-12  2.99782e-12  2.83661e-13  2.71416e-12
5.451469488e+00  3.0725006e-12  3.07250e-12  2.82047e-13  2.79045e-12
5.478726836e+00  3.1489416e-12  3.14894e-12  2.80280e-13  2.86866e-12
5.506120470e+00  3.2277540e-12  3.22775e-12  2.78006e-13  2.94975e-12
5.533651072e+00  3.3105814e-12  3.31058e-12  2.74336e-13  3.03625e-12
5.561319328e+00  3.3984826e-12  3.39848e-12  2.68914e-13  3.12957e-12
5.589125924e+00  3.4910556e-12  3.49106e-12  2.62258e-13  3.22880e-12
5.617071554e+00  3.5859028e-12  3.58590e-12  2.55807e-13  3.33010e-12
5.645156912e+00  3.6797069e-12  3.67971e-12  2.51152e-13  3.42855e-12
5.673382696e+00  3.7738939e-12  3.77389e-12  2.47397e-13  3.52650e-12
5.701749610e+00  3.8701652e-12  3.87017e-12  2.43686e-13  3.62648e-12
5.730258358e+00  3.9696993e-12  3.96970e-12  2.39542e-13  3.73016e-12
5.758909650e+00  4.0740660e-12  4.07407e-12  2.34422e-13  3.83964e-12
5.787704198e+00  4.1820999e-12  4.18210e-12  2.28916e-13  3.95318e-12
5.816642719e+00  4.2935342e-12  4.29353e-12  2.23189e-13  4.07035e-12
5.845725932e+00  4.4084911e-12  4.40849e-12  2.17248e-13  4.19124e-12
5.874954562e+00  4.5293202e-12  4.52932e-12  2.10377e-13  4.31894e-12
5.904329335e+00  4.6552602e-12  4.65526e-12  2.02952e-13  4.45231e-12
5.933850982e+00  4.7907201e-12  4.79072e-12  1.93755e-13  4.59697e-12
5.963520237e+00  4.9271190e-12  4.92712e-12  1.85483e-13  4.74164e-12
5.993337838e+00  5.0595075e-12  5.05951e-12  1.79402e-13  4.88011e-12
6.023304527e+00  5.1922199e-12  5.19222e-12  1.74132e-13  5.01809e-12
6.053421050e+00  5.3257323e-12  5.32573e-12  1.69470e-13  5.15626e-12
6.083688155e+00  5.4610022e-12  5.46100e-12  1.65127e-13  5.29588e-12
6.114106596e+00  5.6022931e-12  5.60229e-12  1.60088e-13  5.44221e-12
6.144677129e+00  5.7479832e-12  5.74798e-12  1.54808e-13  5.59318e-12
6.175400514e+00  5.8914382e-12  5.89144e-12  1.50748e-13  5.74069e-12
6.206277517e+00  6.0305184e-12  6.03052e-12  1.48224e-13  5.88229e-12
6.237308904e+00  6.1692091e-12  6.16921e-12  1.46280e-13  6.02293e-12
6.268495449e+00  6.3092316e-12  6.30923e-12  1.44528e-13  6.16470e-12
6.299837926e+00  6.4505733e-12  6.45057e-12  1.42953e-13  6.30762e-12
6.331337116e+00  6.5930372e-12  6.59304e-12  1.41571e-13  6.45147e-12
6.362993801e+00  6.7311811e-12  6.73118e-12  1.41293e-13  6.58989e-12
6.394808770e+00  6.8688514e-12  6.86885e-12  1.41370e-13  6.72748e-12
6.426782814e+00  7.0128100e-12  7.01281e-12  1.40685e-13  6.87212e-12
6.458916728e+00  7.1688109e-12  7.16881e-12  1.38433e-13  7.03038e-12
6.491211312e+00  7.3297563e-12  7.32976e-12  1.35826e-13  7.19393e-12
6.523667368e+00  7.4904692e-12  7.49047e-12  1.33644e-13  7.35682e-12
6.556285705e+00  7.6547475e-12  7.65475e-12  1.31322e-13  7.52343e-12
6.589067134e+00  7.8195042e-12  7.81950e-12  1.29290e-13  7.69021e-12
6.622012469e+00  7.9852281e-12  7.98523e-12  1.27457e-13  7.85777e-12
6.655122532e+00  8.1527112e-12  8.15271e-12  1.25706e-13  8.02700e-12
6.688398144e+00  8.3240803e-12  8.32408e-12  1.23775e-13  8.20031e-12
6.721840135e+00  8.4984241e-12  8.49842e-12  1.21788e-13  8.37664e-12
6.755449336e+00  8.6778828e-12  8.67788e-12  1.19508e-13  8.55837e-12
6.789226583e+00  8.8647934e-12  8.86479e-12  1.16709e-13  8.74808e-12
6.823172715e+00  9.0545548e-12  9.05455e-12  1.13931e-13  8.94062e-12
6.857288579e+00  9.2490490e-12  9.24905e-12  1.10981e-13  9.13807e-12
6.891575022e+00  9.4482200e-12  9.44822e-12  1.07882e-13  9.34034e-12
6.926032897e+00  9.6355545e-12  9.63555e-12  1.06251e-13  9.52930e-12
6.960663062e+00  9.8237837e-12  9.82378e-12  1.04761e-13  9.71902e-12
6.995466377e+00  1.0017715e-11  1.00177e-11  1.02963e-13  9.91475e-12
7.030443709e+00  1.0214953e-11  1.02150e-11  1.01097e-13  1.01139e-11
7.065595927e+00  1.0410861e-11  1.04109e-11  9.95660e-14  1.03113e-11
7.100923907e+00  1.0607156e-11  1.06072e-11  9.81987e-14  1.05090e-11
7.136428526e+00  1.0807600e-11  1.08076e-11  9.66770e-14  1.07109e-11
7.172110669e+00  1.1012417e-11  1.10124e-11  9.49965e-14  1.09174e-11
7.207971222e+00  1.1224039e-11  1.12240e-11  9.29857e-14  1.11311e-11
7.244011079e+00  1.1443785e-11  1.14438e-11  9.05754e-14  1.13532e-11
7.280231134e+00  1.1672462e-11  1.16725e-11  8.77421e-14  1.15847e-11
7.316632290e+00  1.1905522e-11  1.19055e-11  8.48408e-14  1.18207e-11
7.353215451e+00  1.2135045e-11  1.21350e-11  8.24175e-14  1.20526e-11
7.389981528e+00  1.2372243e-11  1.23722e-11  7.96941e-14  1.22925e-11
7.426931436e+00  1.2611806e-11  1.26118e-11  7.70378e-14  1.25348e-11
7.464066093e+00  1.2846690e-11  1.28467e-11  7.48856e-14  1.27718e-11
7.501386424e+00  1.3079969e-11  1.30800e-11  7.30115e-14  1.30070e-11
7.538893356e+00  1.3312498e-11  1.33125e-11  7.13434e-14  1.32412e-11
7.576587822e+00  1.3549529e-11  1.35495e-11  6.95625e-14  1.34800e-11
7.614470762e+00  1.3784917e-11  1.37849e-11  6.80228e-14  1.37169e-11
7.652543115e+00  1.4019878e-11  1.40199e-11  6.66394e-14  1.39532e-11
7.690805831e+00  1.4260429e-11  1.42604e-11  6.50795e-14  1.41953e-11
7.729259860e+00  1.4502992e-11  1.45030e-11  6.35422e-14  1.44395e-11
7.767906159e+00  1.4754380e-11  1.47544e-11  6.16814e-14  1.46927e-11
7.806745690e+00  1.5009186e-11  1.50092e-11  5.97880e-14  1.49494e-11
7.845779419e+00  1.5263827e-11  1.52638e-11  5.80368e-14  1.52058e-11
7.885008316e+00  1.5528222e-11  1.55282e-11  5.59535e-14  1.54723e-11
7.924433357e+00  1.5800925e-11  1.58009e-11  5.36289e-14  1.57473e-11
7.964055524e+00  1.6076258e-11  1.60763e-11  5.13344e-14  1.60249e-11
8.003875802e+00  1.6354867e-11  1.63549e-11  4.90407e-14  1.63058e-11
8.043895181e+00  1.6631654e-11  1.66317e-11  4.69646e-14  1.65847e-11
8.084114657e+00  1.6905525e-11  1.69055e-11  4.51363e-14  1.68604e-11
8.124535230e+00  1.7165855e-11  1.71659e-11  4.39671e-14  1.71219e-11
8.165157906e+00  1.7408156e-11  1.74082e-11  4.35867e-14  1.73646e-11
8.205983696e+00  1.7635306e-11  1.76353e-11  4.38277e-14  1.75915e-11
8.247013614e+00  1.7839941e-11  1.78399e-11  4.49210e-14  1.77950e-11
8.288248682e+00  1.8017100e-11  1.80171e-11  4.69864e-14  1.79701e-11
8.329689926e+00  1.8153464e-11  1.81535e-11  5.04295e-14  1.81030e-11
8.371338375e+00  1.8270077e-11  1.82701e-11  5.44149e-14  1.82157e-11
8.413195067e+00  1.8371192e-11  1.83712e-11  5.87543e-14  1.83124e-11
8.455261042e+00  1.8445191e-11  1.84452e-11  6.38049e-14  1.83814e-11
8.497537348e+00  1.8529972e-11  1.85300e-11  6.82757e-14  1.84617e-11
8.540025034e+00  1.8626686e-11  1.86267e-11  7.21618e-14  1.85545e-11
8.582725160e+00  1.8738372e-11  1.87384e-11  7.54015e-14  1.86630e-11
8.625638785e+00  1.8859468e-11  1.88595e-11  7.82014e-14  1.87813e-11
8.668766979e+00  1.8931001e-11  1.89310e-11  8.23435e-14  1.88487e-11
8.712110814e+00  1.8969009e-11  1.89690e-11  8.72673e-14  1.88817e-11
8.755671368e+00  1.8967322e-11  1.89673e-11  9.30921e-14  1.88742e-11
8.799449725e+00  1.8957168e-11  1.89572e-11  9.88814e-14  1.88583e-11
8.843446974e+00  1.8893832e-11  1.88938e-11  1.05851e-13  1.87880e-11
8.887664209e+00  1.8821950e-11  1.88220e-11  1.12726e-13  1.87092e-11
8.932102530e+00  1.8877039e-11  1.88770e-11  1.15960e-13  1.87611e-11
8.976763042e+00  1.8960236e-11  1.89602e-11  1.18306e-13  1.88419e-11
9.021646857e+00  1.9020292e-11  1.90203e-11  1.21100e-13  1.88992e-11
9.066755092e+00  1.9158170e-11  1.91582e-11  1.21833e-13  1.90363e-11
9.112088867e+00  1.9388126e-11  1.93881e-11  1.20286e-13  1.92678e-11
9.157649312e+00  1.9657715e-11  1.96577e-11  1.17833e-13  1.95399e-11
9.203437558e+00  1.9911455e-11  1.99115e-11  1.15807e-13  1.97956e-11
9.249454746e+00  2.0163022e-11  2.01630e-11  1.13876e-13  2.00491e-11
9.295702020e+00  2.0429469e-11  2.04295e-11  1.11655e-13  2.03178e-11
9.342180530e+00  2.0711727e-11  2.07117e-11  1.09142e-13  2.06026e-11
9.388891432e+00  2.1008963e-11  2.10090e-11  1.06374e-13  2.09026e-11
9.435835890e+00  2.1282444e-11  2.12824e-11  1.04173e-13  2.11783e-11
9.483015069e+00  2.1530799e-11  2.15308e-11  1.02535e-13  2.14283e-11
9.530430144e+00  2.1768412e-11  2.17684e-11  1.01139e-13  2.16673e-11
9.578082295e+00  2.2008178e-11  2.20082e-11  9.97176e-14  2.19085e-11
9.625972707e+00  2.2252802e-11  2.22528e-11  9.82207e-14  2.21546e-11
9.674102570e+00  2.2498051e-11  2.24981e-11  9.67324e-14  2.24013e-11
9.722473083e+00  2.2756761e-11  2.27568e-11  9.50143e-14  2.26617e-11
9.771085448e+00  2.3066055e-11  2.30661e-11  9.24046e-14  2.29737e-11
9.819940876e+00  2.3425397e-11  2.34254e-11  8.89633e-14  2.33364e-11
9.869040580e+00  2.3727080e-11  2.37271e-11  8.66235e-14  2.36405e-11
9.918385783e+00  2.3967076e-11  2.39671e-11  8.53946e-14  2.38817e-11
9.967977712e+00  2.4120035e-11  2.41200e-11  8.56432e-14  2.40344e-11
1.001781760e+01  2.4232781e-11  2.42328e-11  8.65129e-14  2.41463e-11
1.006790669e+01  2.4337570e-11  2.43376e-11  8.74443e-14  2.42501e-11
1.011824622e+01  2.4437773e-11  2.44378e-11  8.83788e-14  2.43494e-11
1.016883745e+01  2.4542842e-11  2.45428e-11  8.91669e-14  2.44537e-11
1.021968164e+01  2.4606713e-11  2.46067e-11  9.05240e-14  2.45162e-11
1.027078005e+01  2.4619283e-11  2.46193e-11  9.25713e-14  2.45267e-11
1.032213395e+01  2.4687734e-11  2.46877e-11  9.36788e-14  2.45941e-11
1.037374462e+01  2.4825885e-11  2.48259e-11  9.36922e-14  2.47322e-11
1.042561334e+01  2.4928709e-11  2.49287e-11  9.41734e-14  2.48345e-11
1.047774141e+01  2.5075818e-11  2.50758e-11  9.39755e-14  2.49818e-11
1.053013012e+01  2.5310291e-11  2.53103e-11  9.25363e-14  2.52178e-11
1.058278077e+01  2.5559477e-11  2.55595e-11  9.09076e-14  2.54686e-11
1.063569467e+01  2.5777533e-11  2.57775e-11  8.97127e-14  2.56878e-11
1.068887314e+01  2.6014095e-11  2.60141e-11  8.82770e-14  2.59258e-11
1.074231751e+01  2.6309922e-11  2.63099e-11  8.60855e-14  2.62238e-11
1.079602910e+01  2.6652541e-11  2.66525e-11  8.33349e-14  2.65692e-11
1.085000924e+01  2.7112955e-11  2.71130e-11  7.91656e-14  2.70338e-11
1.090425929e+01  2.7599161e-11  2.75992e-11  7.47802e-14  2.75244e-11
1.095878058e+01  2.8001341e-11  2.80013e-11  7.15195e-14  2.79298e-11
1.101357449e+01  2.8244693e-11  2.82447e-11  7.02207e-14  2.81745e-11
1.106864236e+01  2.8325475e-11  2.83255e-11  7.08334e-14  2.82546e-11
1.112398557e+01  2.8274887e-11  2.82749e-11  7.29064e-14  2.82020e-11
1.117960550e+01  2.8239793e-11  2.82398e-11  7.47037e-14  2.81651e-11
1.123550353e+01  2.8324952e-11  2.83250e-11  7.50685e-14  2.82499e-11
1.129168104e+01  2.8505945e-11  2.85059e-11  7.43352e-14  2.84316e-11
1.134813945e+01  2.8802212e-11  2.88022e-11  7.23449e-14  2.87299e-11
1.140488015e+01  2.9168231e-11  2.91682e-11  6.96406e-14  2.90986e-11
1.146190455e+01  2.9527385e-11  2.95274e-11  6.70586e-14  2.94603e-11
1.151921407e+01  2.9893066e-11  2.98931e-11  6.44559e-14  2.98286e-11
1.157681014e+01  3.0306344e-11  3.03063e-11  6.14171e-14  3.02449e-11
1.163469419e+01  3.0703917e-11  3.07039e-11  5.85960e-14  3.06453e-11
1.169286766e+01  3.1041366e-11  3.10414e-11  5.64214e-14  3.09849e-11
1.175133200e+01  3.1368111e-11  3.13681e-11  5.43853e-14  3.13137e-11
1.181008866e+01  3.1702693e-11  3.17027e-11  5.23048e-14  3.16504e-11
1.186913910e+01  3.2003723e-11  3.20037e-11  5.05723e-14  3.19532e-11
1.192848480e+01  3.2252733e-11  3.22527e-11  4.93443e-14  3.22034e-11
1.198812722e+01  3.2488895e-11  3.24889e-11  4.82409e-14  3.24407e-11
1.204806786e+01  3.2722144e-11  3.27221e-11  4.71672e-14  3.26750e-11
1.210830820e+01  3.2943344e-11  3.29433e-11  4.62034e-14  3.28971e-11
1.216884974e+01  3.3162938e-11  3.31629e-11  4.52534e-14  3.31177e-11
1.222969399e+01  3.3410296e-11  3.34103e-11  4.40634e-14  3.33662e-11
1.229084246e+01  3.3662020e-11  3.36620e-11  4.28426e-14  3.36192e-11
1.235229667e+01  3.3894634e-11  3.38946e-11  4.17896e-14  3.38528e-11
1.241405815e+01  3.4126830e-11  3.41268e-11  4.07428e-14  3.40861e-11
1.247612845e+01  3.4361310e-11  3.43613e-11  3.96802e-14  3.43216e-11
1.253850909e+01  3.4596528e-11  3.45965e-11  3.86151e-14  3.45579e-11
1.260120163e+01  3.4833656e-11  3.48337e-11  3.75383e-14  3.47961e-11
1.266420764e+01  3.5066395e-11  3.50664e-11  3.65000e-14  3.50299e-11
1.272752868e+01  3.5297049e-11  3.52970e-11  3.54808e-14  3.52616e-11
1.279116632e+01  3.5506497e-11  3.55065e-11  3.46258e-14  3.54719e-11
1.285512215e+01  3.5706842e-11  3.57068e-11  3.38376e-14  3.56730e-11
1.291939776e+01  3.5891558e-11  3.58916e-11  3.31621e-14  3.58584e-11
1.298399475e+01  3.6079766e-11  3.60798e-11  3.24550e-14  3.60473e-11
1.304891473e+01  3.6267065e-11  3.62671e-11  3.17496e-14  3.62353e-11
1.311415930e+01  3.6438449e-11  3.64384e-11  3.11526e-14  3.64073e-11
1.317973010e+01  3.6577477e-11  3.65775e-11  3.07755e-14  3.65467e-11
1.324562875e+01  3.6734419e-11  3.67344e-11  3.02611e-14  3.67042e-11
1.331185689e+01  3.6931585e-11  3.69316e-11  2.94618e-14  3.69021e-11
1.337841618e+01  3.7153770e-11  3.71538e-11  2.84916e-14  3.71253e-11
1.344530826e+01  3.7350097e-11  3.73501e-11  2.76965e-14  3.73224e-11
1.351253480e+01  3.7516170e-11  3.75162e-11  2.70993e-14  3.74891e-11
1.358009747e+01  3.7640504e-11  3.76405e-11  2.67674e-14  3.76137e-11
1.364799796e+01  3.7695262e-11  3.76953e-11  2.68700e-14  3.76684e-11
1.371623795e+01  3.7725329e-11  3.77253e-11  2.71059e-14  3.76982e-11
1.378481914e+01  3.7760656e-11  3.77607e-11  2.72824e-14  3.77334e-11
1.385374323e+01  3.7865949e-11  3.78659e-11  2.70007e-14  3.78389e-11
1.392301195e+01  3.8048960e-11  3.80490e-11  2.62300e-14  3.80227e-11
1.399262701e+01  3.8248721e-11  3.82487e-11  2.53566e-14  3.82234e-11
1.406259015e+01  3.8450975e-11  3.84510e-11  2.44696e-14  3.84265e-11
1.413290310e+01  3.8651065e-11  3.86511e-11  2.35971e-14  3.86275e-11
1.420356761e+01  3.8809868e-11  3.88099e-11  2.29668e-14  3.87869e-11
1.427458545e+01  3.8953497e-11  3.89535e-11  2.24201e-14  3.89311e-11
1.434595838e+01  3.9076302e-11  3.90763e-11  2.19861e-14  3.90543e-11
1.441768817e+01  3.9139644e-11  3.91396e-11  2.18788e-14  3.91178e-11
1.448977661e+01  3.9133729e-11  3.91337e-11  2.21413e-14  3.91116e-11
1.456222549e+01  3.9138065e-11  3.91381e-11  2.23235e-14  3.91157e-11
1.463503662e+01  3.9184170e-11  3.91842e-11  2.22567e-14  3.91619e-11
1.470821180e+01  3.9297319e-11  3.92973e-11  2.18135e-14  3.92755e-11
1.478175286e+01  3.9419577e-11  3.94196e-11  2.13147e-14  3.93983e-11
1.485566163e+01  3.9498636e-11  3.94986e-11  2.10371e-14  3.94776e-11
1.492993994e+01  3.9572866e-11  3.95729e-11  2.07742e-14  3.95521e-11
1.500458964e+01  3.9692179e-11  3.96922e-11  2.02687e-14  3.96719e-11
1.507961258e+01  3.9840706e-11  3.98407e-11  1.96096e-14  3.98211e-11
1.515501065e+01  3.9978955e-11  3.99790e-11  1.90005e-14  3.99600e-11
1.523078570e+01  4.0086392e-11  4.00864e-11  1.85422e-14  4.00678e-11
1.530693963e+01  4.0005311e-11  4.00053e-11  1.90060e-14  3.99863e-11
1.538347433e+01  3.9818073e-11  3.98181e-11  1.99615e-14  3.97981e-11
1.546039170e+01  3.9510355e-11  3.95104e-11  2.14618e-14  3.94889e-11
1.553769366e+01  3.9068696e-11  3.90687e-11  2.35539e-14  3.90451e-11
1.561538212e+01  3.8807597e-11  3.88076e-11  2.47357e-14  3.87829e-11
1.569345903e+01  3.8615768e-11  3.86158e-11  2.55548e-14  3.85902e-11
1.577192633e+01  3.8451299e-11  3.84513e-11  2.62162e-14  3.84251e-11
1.585078596e+01  3.8397843e-11  3.83978e-11  2.63421e-14  3.83715e-11
1.593003989e+01  3.8373872e-11  3.83739e-11  2.63180e-14  3.83476e-11
1.600969009e+01  3.8407653e-11  3.84077e-11  2.60218e-14  3.83816e-11
1.608973854e+01  3.8518697e-11  3.85187e-11  2.53755e-14  3.84933e-11
1.617018723e+01  3.8711549e-11  3.87115e-11  2.43698e-14  3.86872e-11
1.625103817e+01  3.8794957e-11  3.87950e-11  2.38463e-14  3.87711e-11
1.633229336e+01  3.8741419e-11  3.87414e-11  2.39090e-14  3.87175e-11
1.641395483e+01  3.8568888e-11  3.85689e-11  2.44644e-14  3.85444e-11
1.649602460e+01  3.8341734e-11  3.83417e-11  2.52266e-14  3.83165e-11
1.657850473e+01  3.7978298e-11  3.79783e-11  2.65304e-14  3.79518e-11
1.666139725e+01  3.7746598e-11  3.77466e-11  2.72519e-14  3.77193e-11
1.674470424e+01  3.7401671e-11  3.74017e-11  2.84111e-14  3.73733e-11
1.682842776e+01  3.7087528e-11  3.70875e-11  2.94113e-14  3.70581e-11
1.691256990e+01  3.6762294e-11  3.67623e-11  3.04252e-14  3.67319e-11
1.699713274e+01  3.6553211e-11  3.65532e-11  3.09462e-14  3.65223e-11
1.708211841e+01  3.6399373e-11  3.63994e-11  3.12281e-14  3.63681e-11
1.716752900e+01  3.6281374e-11  3.62814e-11  3.13536e-14  3.62500e-11
1.725336665e+01  3.6122886e-11  3.61229e-11  3.16223e-14  3.60913e-11
1.733963348e+01  3.5919569e-11  3.59196e-11  3.20469e-14  3.58875e-11
1.742633165e+01  3.5606255e-11  3.56063e-11  3.28707e-14  3.55734e-11
1.751346330e+01  3.5305670e-11  3.53057e-11  3.36209e-14  3.52720e-11
1.760103062e+01  3.5063674e-11  3.50637e-11  3.41288e-14  3.50295e-11
1.768903577e+01  3.4933503e-11  3.49335e-11  3.42040e-14  3.48993e-11
1.777748095e+01  3.4830959e-11  3.48310e-11  3.41667e-14  3.47968e-11
1.786636836e+01  3.4727874e-11  3.47279e-11  3.41221e-14  3.46938e-11
1.795570020e+01  3.4548704e-11  3.45487e-11  3.43423e-14  3.45144e-11
1.804547870e+01  3.4290145e-11  3.42901e-11  3.48321e-14  3.42553e-11
1.813570609e+01  3.3928751e-11  3.39288e-11  3.56675e-14  3.38931e-11
1.822638462e+01  3.3567842e-11  3.35678e-11  3.64775e-14  3.35314e-11
1.831751655e+01  3.3198729e-11  3.31987e-11  3.72930e-14  3.31614e-11
1.840910413e+01  3.2905043e-11  3.29050e-11  3.78259e-14  3.28672e-11
1.850114965e+01  3.2821176e-11  3.28212e-11  3.76244e-14  3.27836e-11
1.859365540e+01  3.2906320e-11  3.29063e-11  3.68456e-14  3.28695e-11
1.868662368e+01  3.3049178e-11  3.30492e-11  3.58777e-14  3.30133e-11
1.878005679e+01  3.3141555e-11  3.31416e-11  3.50858e-14  3.31065e-11
1.887395708e+01  3.3115800e-11  3.31158e-11  3.46889e-14  3.30811e-11
1.896832686e+01  3.2954143e-11  3.29541e-11  3.47357e-14  3.29194e-11
1.906316850e+01  3.2586049e-11  3.25860e-11  3.54444e-14  3.25506e-11
1.915848434e+01  3.2066137e-11  3.20661e-11  3.66229e-14  3.20295e-11
1.925427676e+01  3.1646765e-11  3.16468e-11  3.74536e-14  3.16093e-11
1.935054815e+01  3.1291726e-11  3.12917e-11  3.80598e-14  3.12537e-11
1.944730089e+01  3.1074474e-11  3.10745e-11  3.82159e-14  3.10363e-11
1.954453739e+01  3.0968138e-11  3.09681e-11  3.80166e-14  3.09301e-11
1.964226008e+01  3.0915922e-11  3.09159e-11  3.76462e-14  3.08783e-11
1.974047138e+01  3.0938567e-11  3.09386e-11  3.70450e-14  3.09015e-11
1.983917374e+01  3.0953506e-11  3.09535e-11  3.64701e-14  3.09170e-11
1.993836960e+01  3.1026137e-11  3.10261e-11  3.57233e-14  3.09904e-11
2.003806145e+01  3.1093454e-11  3.10935e-11  3.49977e-14  3.10585e-11
2.013825176e+01  3.1168242e-11  3.11682e-11  3.42548e-14  3.11340e-11
2.023894302e+01  3.1219869e-11  3.12199e-11  3.35856e-14  3.11863e-11
2.034013773e+01  3.1270080e-11  3.12701e-11  3.29248e-14  3.12372e-11
2.044183842e+01  3.1279545e-11  3.12795e-11  3.23867e-14  3.12472e-11
2.054404761e+01  3.1257380e-11  3.12574e-11  3.19424e-14  3.12254e-11
2.064676785e+01  3.1275377e-11  3.12754e-11  3.13841e-14  3.12440e-11
2.075000169e+01  3.1379481e-11  3.13795e-11  3.05839e-14  3.13489e-11
2.085375170e+01  3.1525086e-11  3.15251e-11  2.96730e-14  3.14954e-11
2.095802046e+01  3.1665461e-11  3.16655e-11  2.87850e-14  3.16367e-11
2.106281056e+01  3.1808964e-11  3.18090e-11  2.78962e-14  3.17811e-11
2.116812461e+01  3.1907689e-11  3.19077e-11  2.71390e-14  3.18805e-11
2.127396524e+01  3.1917521e-11  3.19175e-11  2.66318e-14  3.18909e-11
2.138033506e+01  3.1893364e-11  3.18934e-11  2.62197e-14  3.18671e-11
2.148723674e+01  3.1880498e-11  3.18805e-11  2.57784e-14  3.18547e-11
2.159467292e+01  3.1908084e-11  3.19081e-11  2.52303e-14  3.18829e-11
2.170264629e+01  3.1960599e-11  3.19606e-11  2.46192e-14  3.19360e-11
2.181115952e+01  3.2028817e-11  3.20288e-11  2.39709e-14  3.20048e-11
2.192021532e+01  3.2081133e-11  3.20811e-11  2.33692e-14  3.20578e-11
2.202981639e+01  3.2092401e-11  3.20924e-11  2.28790e-14  3.20695e-11
2.213996547e+01  3.2099531e-11  3.20995e-11  2.24024e-14  3.20771e-11
2.225066530e+01  3.2082292e-11  3.20823e-11  2.19913e-14  3.20603e-11
2.236191863e+01  3.2043722e-11  3.20437e-11  2.16366e-14  3.20221e-11
2.247372822e+01  3.1945742e-11  3.19457e-11  2.14340e-14  3.19243e-11
2.258609686e+01  3.1836277e-11  3.18363e-11  2.12597e-14  3.18150e-11
2.269902735e+01  3.1743068e-11  3.17431e-11  2.10435e-14  3.17220e-11
2.281252248e+01  3.1667971e-11  3.16680e-11  2.07818e-14  3.16472e-11
2.292658510e+01  3.1558306e-11  3.15583e-11  2.06058e-14  3.15377e-11
2.304121802e+01  3.1433843e-11  3.14338e-11  2.04654e-14  3.14134e-11
2.315642411e+01  3.1309759e-11  3.13098e-11  2.03228e-14  3.12894e-11
2.327220623e+01  3.1166361e-11  3.11664e-11  2.02260e-14  3.11461e-11
2.338856726e+01  3.1022706e-11  3.10227e-11  2.01282e-14  3.10026e-11
2.350551010e+01  3.0889774e-11  3.08898e-11  2.00032e-14  3.08698e-11
2.362303765e+01  3.0747185e-11  3.07472e-11  1.99001e-14  3.07273e-11
2.374115284e+01  3.0581446e-11  3.05814e-11  1.98504e-14  3.05616e-11
2.385985860e+01  3.0397460e-11  3.03975e-11  1.98417e-14  3.03776e-11
2.397915789e+01  3.0177678e-11  3.01777e-11  1.99143e-14  3.01578e-11
2.409905368e+01  2.9963284e-11  2.99633e-11  1.99710e-14  2.99433e-11
2.421954895e+01  2.9771116e-11  2.97711e-11  1.99735e-14  2.97511e-11
2.434064670e+01  2.9542133e-11  2.95421e-11  2.00582e-14  2.95221e-11
2.446234993e+01  2.9280567e-11  2.92806e-11  2.02139e-14  2.92604e-11
2.458466168e+01  2.9040273e-11  2.90403e-11  2.03175e-14  2.90200e-11
2.470758499e+01  2.8814247e-11  2.88142e-11  2.03857e-14  2.87939e-11
2.483112291e+01  2.8603112e-11  2.86031e-11  2.04177e-14  2.85827e-11
2.495527853e+01  2.8375981e-11  2.83760e-11  2.04831e-14  2.83555e-11
