# ------------------------------------------------------------------------
# Radiance spectrum
# NASA-GSFC Planetary Spectrum Generator (PSG) (Villanueva et al. 2018, 2022)
# Synthesized on Wed Feb 14 19:48:52 2024
# Doppler velocities [km/s] (vobs,vrot+vorb,vwidth,vrfl,vstr): 0.00000,-0.00000,0.00000,-119.41115,-0.00000
# Spectral unit: Wavelength [um]
# Radiance unit: Spectral irradiance [W/m2/um]
# Wave/freq Total Object Reflected Thermal
5.000000000e-01  2.2660514e-12  2.26605e-12  2.26605e-12  1.44020e-46
5.025000000e-01  2.3398685e-12  2.33987e-12  2.33987e-12  2.25039e-46
5.050125000e-01  2.3945113e-12  2.39451e-12  2.39451e-12  3.52120e-46
5.075375625e-01  2.4380731e-12  2.43807e-12  2.43807e-12  5.50867e-46
5.100752503e-01  2.4818863e-12  2.48189e-12  2.48189e-12  8.59796e-46
5.126256266e-01  2.5200085e-12  2.52001e-12  2.52001e-12  1.34036e-45
5.151887547e-01  2.5579337e-12  2.55793e-12  2.55793e-12  2.08486e-45
5.177646985e-01  2.5901634e-12  2.59016e-12  2.59016e-12  3.23896e-45
5.203535220e-01  2.6240135e-12  2.62401e-12  2.62401e-12  5.01907e-45
5.229552896e-01  2.6670733e-12  2.66707e-12  2.66707e-12  7.74718e-45
5.255700660e-01  2.7092290e-12  2.70923e-12  2.70923e-12  1.19336e-44
5.281979164e-01  2.7469335e-12  2.74693e-12  2.74693e-12  1.83563e-44
5.308389059e-01  2.7873068e-12  2.78731e-12  2.78731e-12  2.81599e-44
5.334931005e-01  2.8329586e-12  2.83296e-12  2.83296e-12  4.30648e-44
5.361605660e-01  2.8781825e-12  2.87818e-12  2.87818e-12  6.57203e-44
5.388413688e-01  2.9226079e-12  2.92261e-12  2.92261e-12  1.00091e-43
5.415355756e-01  2.9683815e-12  2.96838e-12  2.96838e-12  1.52074e-43
5.442432535e-01  3.0151724e-12  3.01517e-12  3.01517e-12  2.30516e-43
5.469644698e-01  3.0574102e-12  3.05741e-12  3.05741e-12  3.48948e-43
5.496992921e-01  3.0980096e-12  3.09801e-12  3.09801e-12  5.27247e-43
5.524477886e-01  3.1373716e-12  3.13737e-12  3.13737e-12  7.95122e-43
5.552100275e-01  3.1760024e-12  3.17600e-12  3.17600e-12  1.19670e-42
5.579860777e-01  3.2053761e-12  3.20538e-12  3.20538e-12  1.80010e-42
5.607760081e-01  3.2343006e-12  3.23430e-12  3.23430e-12  2.70220e-42
5.635798881e-01  3.2622984e-12  3.26230e-12  3.26230e-12  4.04843e-42
5.663977875e-01  3.2937386e-12  3.29374e-12  3.29374e-12  6.04915e-42
5.692297765e-01  3.3286931e-12  3.32869e-12  3.32869e-12  9.01452e-42
5.720759254e-01  3.3574686e-12  3.35747e-12  3.35747e-12  1.34193e-41
5.749363050e-01  3.3839391e-12  3.38394e-12  3.38394e-12  1.99423e-41
5.778109865e-01  3.4102649e-12  3.41026e-12  3.41026e-12  2.95756e-41
5.807000414e-01  3.4334414e-12  3.43344e-12  3.43344e-12  4.37939e-41
5.836035417e-01  3.4465846e-12  3.44658e-12  3.44658e-12  6.48178e-41
5.865215594e-01  3.4693043e-12  3.46930e-12  3.46930e-12  9.55913e-41
5.894541672e-01  3.5011003e-12  3.50110e-12  3.50110e-12  1.40488e-40
5.924014380e-01  3.5285386e-12  3.52854e-12  3.52854e-12  2.06196e-40
5.953634452e-01  3.5546317e-12  3.55463e-12  3.55463e-12  3.02093e-40
5.983402624e-01  3.5783472e-12  3.57835e-12  3.57835e-12  4.41865e-40
6.013319637e-01  3.6024733e-12  3.60247e-12  3.60247e-12  6.44975e-40
6.043386235e-01  3.6272207e-12  3.62722e-12  3.62722e-12  9.39491e-40
6.073603167e-01  3.6501424e-12  3.65014e-12  3.65014e-12  1.36617e-39
6.103971182e-01  3.6731628e-12  3.67316e-12  3.67316e-12  1.98268e-39
6.134491038e-01  3.7022905e-12  3.70229e-12  3.70229e-12  2.86915e-39
6.165163494e-01  3.7282544e-12  3.72825e-12  3.72825e-12  4.14585e-39
6.195989311e-01  3.7507905e-12  3.75079e-12  3.75079e-12  5.98213e-39
6.226969258e-01  3.7813187e-12  3.78132e-12  3.78132e-12  8.60486e-39
6.258104104e-01  3.8104400e-12  3.81044e-12  3.81044e-12  1.23564e-38
6.289394624e-01  3.8322769e-12  3.83228e-12  3.83228e-12  1.77287e-38
6.320841597e-01  3.8671431e-12  3.86714e-12  3.86714e-12  2.53399e-38
6.352445805e-01  3.9082490e-12  3.90825e-12  3.90825e-12  3.61177e-38
6.384208035e-01  3.9425037e-12  3.94250e-12  3.94250e-12  5.14349e-38
6.416129075e-01  3.9779423e-12  3.97794e-12  3.97794e-12  7.30988e-38
6.448209720e-01  4.0143596e-12  4.01436e-12  4.01436e-12  1.03680e-37
6.480450769e-01  4.0440946e-12  4.04409e-12  4.04409e-12  1.46925e-37
6.512853022e-01  4.0738756e-12  4.07388e-12  4.07388e-12  2.07823e-37
6.545417288e-01  4.1041433e-12  4.10414e-12  4.10414e-12  2.93402e-37
6.578144374e-01  4.1261277e-12  4.12613e-12  4.12613e-12  4.13958e-37
6.611035096e-01  4.1467463e-12  4.14675e-12  4.14675e-12  5.83096e-37
6.644090271e-01  4.1672139e-12  4.16721e-12  4.16721e-12  8.19868e-37
6.677310723e-01  4.1919161e-12  4.19192e-12  4.19192e-12  1.15001e-36
6.710697276e-01  4.2170651e-12  4.21707e-12  4.21707e-12  1.61009e-36
6.744250763e-01  4.2415316e-12  4.24153e-12  4.24153e-12  2.25043e-36
6.777972017e-01  4.2517614e-12  4.25176e-12  4.25176e-12  3.14612e-36
6.811861877e-01  4.2599314e-12  4.25993e-12  4.25993e-12  4.39171e-36
6.845921186e-01  4.2699212e-12  4.26992e-12  4.26992e-12  6.11800e-36
6.880150792e-01  4.2802585e-12  4.28026e-12  4.28026e-12  8.50741e-36
6.914551546e-01  4.2932604e-12  4.29326e-12  4.29326e-12  1.18049e-35
6.949124304e-01  4.3100010e-12  4.31000e-12  4.31000e-12  1.63435e-35
6.983869925e-01  4.3040036e-12  4.30400e-12  4.30400e-12  2.26582e-35
7.018789275e-01  4.3023489e-12  4.30235e-12  4.30235e-12  3.13391e-35
7.053883221e-01  4.3049691e-12  4.30497e-12  4.30497e-12  4.32458e-35
7.089152637e-01  4.3080354e-12  4.30804e-12  4.30804e-12  5.95700e-35
7.124598400e-01  4.3024869e-12  4.30249e-12  4.30249e-12  8.20102e-35
7.160221392e-01  4.2927406e-12  4.29274e-12  4.29274e-12  1.12773e-34
7.196022499e-01  4.2822026e-12  4.28220e-12  4.28220e-12  1.54827e-34
7.232002612e-01  4.2771713e-12  4.27717e-12  4.27717e-12  2.12048e-34
7.268162625e-01  4.2600665e-12  4.26007e-12  4.26007e-12  2.90386e-34
7.304503438e-01  4.2328288e-12  4.23283e-12  4.23283e-12  3.97513e-34
7.341025955e-01  4.2259297e-12  4.22593e-12  4.22593e-12  5.41815e-34
7.377731085e-01  4.2079557e-12  4.20796e-12  4.20796e-12  7.38325e-34
7.414619740e-01  4.1882201e-12  4.18822e-12  4.18822e-12  1.00466e-33
7.451692839e-01  4.1707008e-12  4.17070e-12  4.17070e-12  1.36442e-33
7.488951303e-01  4.1410324e-12  4.14103e-12  4.14103e-12  1.85279e-33
7.526396060e-01  4.1146549e-12  4.11465e-12  4.11465e-12  2.51077e-33
7.564028040e-01  4.0866211e-12  4.08662e-12  4.08662e-12  3.39755e-33
7.601848180e-01  4.0542537e-12  4.05425e-12  4.05425e-12  4.59248e-33
7.639857421e-01  4.0291211e-12  4.02912e-12  4.02912e-12  6.19210e-33
7.678056708e-01  3.9947833e-12  3.99478e-12  3.99478e-12  8.34482e-33
7.716446992e-01  3.9625814e-12  3.96258e-12  3.96258e-12  1.12249e-32
7.755029227e-01  3.9357257e-12  3.93573e-12  3.93573e-12  1.50653e-32
7.793804373e-01  3.8944806e-12  3.89448e-12  3.89448e-12  2.02223e-32
7.832773395e-01  3.8600669e-12  3.86007e-12  3.86007e-12  2.70794e-32
7.871937262e-01  3.8243972e-12  3.82440e-12  3.82440e-12  3.62101e-32
7.911296948e-01  3.7885867e-12  3.78859e-12  3.78859e-12  4.83446e-32
7.950853433e-01  3.7578352e-12  3.75784e-12  3.75784e-12  6.44072e-32
7.990607700e-01  3.7160891e-12  3.71609e-12  3.71609e-12  8.57837e-32
8.030560739e-01  3.6754563e-12  3.67546e-12  3.67546e-12  1.14064e-31
8.070713542e-01  3.6399214e-12  3.63992e-12  3.63992e-12  1.51347e-31
8.111067110e-01  3.6093883e-12  3.60939e-12  3.60939e-12  2.00398e-31
8.151622446e-01  3.5796565e-12  3.57966e-12  3.57966e-12  2.64923e-31
8.192380558e-01  3.5435204e-12  3.54352e-12  3.54352e-12  3.49954e-31
8.233342461e-01  3.5136738e-12  3.51367e-12  3.51367e-12  4.61264e-31
8.274509173e-01  3.4847823e-12  3.48478e-12  3.48478e-12  6.07016e-31
8.315881719e-01  3.4574802e-12  3.45748e-12  3.45748e-12  7.97512e-31
8.357461127e-01  3.4325277e-12  3.43253e-12  3.43253e-12  1.04599e-30
8.399248433e-01  3.4016921e-12  3.40169e-12  3.40169e-12  1.37080e-30
8.441244675e-01  3.3735943e-12  3.37359e-12  3.37359e-12  1.79333e-30
8.483450899e-01  3.3479963e-12  3.34800e-12  3.34800e-12  2.34211e-30
8.525868153e-01  3.3220311e-12  3.32203e-12  3.32203e-12  3.05460e-30
8.568497494e-01  3.2967061e-12  3.29671e-12  3.29671e-12  3.97791e-30
8.611339981e-01  3.2732807e-12  3.27328e-12  3.27328e-12  5.17196e-30
8.654396681e-01  3.2513870e-12  3.25139e-12  3.25139e-12  6.71394e-30
8.697668665e-01  3.2275244e-12  3.22752e-12  3.22752e-12  8.70537e-30
8.741157008e-01  3.2077113e-12  3.20771e-12  3.20771e-12  1.12670e-29
8.784862793e-01  3.1886969e-12  3.18870e-12  3.18870e-12  1.45611e-29
8.828787107e-01  3.1691077e-12  3.16911e-12  3.16911e-12  1.87939e-29
8.872931042e-01  3.1491993e-12  3.14920e-12  3.14920e-12  2.42249e-29
8.917295698e-01  3.1298534e-12  3.12985e-12  3.12985e-12  3.11813e-29
8.961882176e-01  3.1106988e-12  3.11070e-12  3.11070e-12  4.00807e-29
9.006691587e-01  3.0921157e-12  3.09212e-12  3.09212e-12  5.14480e-29
9.051725045e-01  3.0804936e-12  3.08049e-12  3.08049e-12  6.59029e-29
9.096983670e-01  3.0509220e-12  3.05092e-12  3.05092e-12  8.44678e-29
9.142468589e-01  3.0266967e-12  3.02670e-12  3.02670e-12  1.08059e-28
9.188180931e-01  2.9966863e-12  2.99669e-12  2.99669e-12  1.38141e-28
9.234121836e-01  2.9660296e-12  2.96603e-12  2.96603e-12  1.76380e-28
9.280292445e-01  2.9468515e-12  2.94685e-12  2.94685e-12  2.24642e-28
9.326693908e-01  2.9264023e-12  2.92640e-12  2.92640e-12  2.85778e-28
9.373327377e-01  2.8957057e-12  2.89571e-12  2.89571e-12  3.63477e-28
9.420194014e-01  2.8595262e-12  2.85953e-12  2.85953e-12  4.61974e-28
9.467294984e-01  2.8234884e-12  2.82349e-12  2.82349e-12  5.86406e-28
9.514631459e-01  2.7879722e-12  2.78797e-12  2.78797e-12  7.43372e-28
9.562204616e-01  2.7516149e-12  2.75161e-12  2.75161e-12  9.41249e-28
9.610015639e-01  2.7181526e-12  2.71815e-12  2.71815e-12  1.18995e-27
9.658065718e-01  2.6812536e-12  2.68125e-12  2.68125e-12  1.50303e-27
9.706356046e-01  2.6401914e-12  2.64019e-12  2.64019e-12  1.89694e-27
9.754887826e-01  2.6077411e-12  2.60774e-12  2.60774e-12  2.38903e-27
9.803662265e-01  2.5700268e-12  2.57003e-12  2.57003e-12  3.00671e-27
9.852680577e-01  2.5393034e-12  2.53930e-12  2.53930e-12  3.77678e-27
9.901943980e-01  2.4976615e-12  2.49766e-12  2.49766e-12  4.74363e-27
9.951453700e-01  2.4727485e-12  2.47275e-12  2.47275e-12  5.94070e-27
1.000121097e+00  2.4328819e-12  2.43288e-12  2.43288e-12  7.44224e-27
1.005121702e+00  2.4017193e-12  2.40172e-12  2.40172e-12  9.30401e-27
1.010147311e+00  2.3721132e-12  2.37211e-12  2.37211e-12  1.16159e-26
1.015198047e+00  2.3418570e-12  2.34186e-12  2.34186e-12  1.44863e-26
1.020274038e+00  2.3140159e-12  2.31402e-12  2.31402e-12  1.80403e-26
1.025375408e+00  2.2909027e-12  2.29090e-12  2.29090e-12  2.24295e-26
1.030502285e+00  2.2720102e-12  2.27201e-12  2.27201e-12  2.78426e-26
1.035654796e+00  2.2576851e-12  2.25769e-12  2.25769e-12  3.45063e-26
1.040833070e+00  2.2360044e-12  2.23600e-12  2.23600e-12  4.27477e-26
1.046037236e+00  2.2187694e-12  2.21877e-12  2.21877e-12  5.28734e-26
1.051267422e+00  2.2139436e-12  2.21394e-12  2.21394e-12  6.52418e-26
1.056523759e+00  2.2066046e-12  2.20660e-12  2.20660e-12  8.04330e-26
1.061806378e+00  2.2012271e-12  2.20123e-12  2.20123e-12  9.90303e-26
1.067115410e+00  2.1978004e-12  2.19780e-12  2.19780e-12  1.21767e-25
1.072450987e+00  2.1978730e-12  2.19787e-12  2.19787e-12  1.49504e-25
1.077813242e+00  2.1985490e-12  2.19855e-12  2.19855e-12  1.83345e-25
1.083202308e+00  2.2004218e-12  2.20042e-12  2.20042e-12  2.24569e-25
1.088618319e+00  2.2052715e-12  2.20527e-12  2.20527e-12  2.74676e-25
1.094061411e+00  2.2137911e-12  2.21379e-12  2.21379e-12  3.35468e-25
1.099531718e+00  2.2250047e-12  2.22500e-12  2.22500e-12  4.09152e-25
1.105029377e+00  2.2381814e-12  2.23818e-12  2.23818e-12  4.98374e-25
1.110554523e+00  2.2505885e-12  2.25059e-12  2.25059e-12  6.06442e-25
1.116107296e+00  2.2644681e-12  2.26447e-12  2.26447e-12  7.37031e-25
1.121687832e+00  2.2768691e-12  2.27687e-12  2.27687e-12  8.94914e-25
1.127296272e+00  2.2909654e-12  2.29097e-12  2.29097e-12  1.08526e-24
1.132932753e+00  2.3103658e-12  2.31037e-12  2.31037e-12  1.31394e-24
1.138597417e+00  2.3238322e-12  2.32383e-12  2.32383e-12  1.59011e-24
1.144290404e+00  2.3348979e-12  2.33490e-12  2.33490e-12  1.92280e-24
1.150011856e+00  2.3507705e-12  2.35077e-12  2.35077e-12  2.32144e-24
1.155761915e+00  2.3616935e-12  2.36169e-12  2.36169e-12  2.80128e-24
1.161540725e+00  2.3657461e-12  2.36575e-12  2.36575e-12  3.37932e-24
1.167348428e+00  2.3763237e-12  2.37632e-12  2.37632e-12  4.06953e-24
1.173185171e+00  2.3843109e-12  2.38431e-12  2.38431e-12  4.89705e-24
1.179051096e+00  2.3850421e-12  2.38504e-12  2.38504e-12  5.89154e-24
1.184946352e+00  2.3933970e-12  2.39340e-12  2.39340e-12  7.07481e-24
1.190871084e+00  2.3913531e-12  2.39135e-12  2.39135e-12  8.49696e-24
1.196825439e+00  2.3964490e-12  2.39645e-12  2.39645e-12  1.01866e-23
1.202809566e+00  2.4013911e-12  2.40139e-12  2.40139e-12  1.22003e-23
1.208823614e+00  2.4037031e-12  2.40370e-12  2.40370e-12  1.46017e-23
1.214867732e+00  2.3954428e-12  2.39544e-12  2.39544e-12  1.74794e-23
1.220942071e+00  2.4024354e-12  2.40244e-12  2.40244e-12  2.08677e-23
1.227046781e+00  2.4092598e-12  2.40926e-12  2.40926e-12  2.48886e-23
1.233182015e+00  2.4121386e-12  2.41214e-12  2.41214e-12  2.96687e-23
1.239347925e+00  2.4057954e-12  2.40580e-12  2.40580e-12  3.53700e-23
1.245544665e+00  2.4136074e-12  2.41361e-12  2.41361e-12  4.20575e-23
1.251772388e+00  2.4189334e-12  2.41893e-12  2.41893e-12  4.99754e-23
1.258031250e+00  2.4220167e-12  2.42202e-12  2.42202e-12  5.93425e-23
1.264321406e+00  2.4227706e-12  2.42277e-12  2.42277e-12  7.04174e-23
1.270643013e+00  2.4205660e-12  2.42057e-12  2.42057e-12  8.35091e-23
1.276996228e+00  2.4290956e-12  2.42910e-12  2.42910e-12  9.88157e-23
1.283381209e+00  2.4372231e-12  2.43722e-12  2.43722e-12  1.16823e-22
1.289798116e+00  2.4466733e-12  2.44667e-12  2.44667e-12  1.37959e-22
1.296247106e+00  2.4521753e-12  2.45218e-12  2.45218e-12  1.62844e-22
1.302728342e+00  2.4602880e-12  2.46029e-12  2.46029e-12  1.91977e-22
1.309241983e+00  2.4732154e-12  2.47322e-12  2.47322e-12  2.25979e-22
1.315788193e+00  2.4898402e-12  2.48984e-12  2.48984e-12  2.65633e-22
1.322367134e+00  2.5049421e-12  2.50494e-12  2.50494e-12  3.12012e-22
1.328978970e+00  2.5146435e-12  2.51464e-12  2.51464e-12  3.66396e-22
1.335623865e+00  2.5263399e-12  2.52634e-12  2.52634e-12  4.29756e-22
1.342301984e+00  2.5414668e-12  2.54147e-12  2.54147e-12  5.03391e-22
1.349013494e+00  2.5608118e-12  2.56081e-12  2.56081e-12  5.88786e-22
1.355758561e+00  2.5739680e-12  2.57397e-12  2.57397e-12  6.88578e-22
1.362537354e+00  2.5849254e-12  2.58493e-12  2.58493e-12  8.04781e-22
1.369350041e+00  2.6102406e-12  2.61024e-12  2.61024e-12  9.37989e-22
1.376196791e+00  2.6293831e-12  2.62938e-12  2.62938e-12  1.09312e-21
1.383077775e+00  2.6502666e-12  2.65027e-12  2.65027e-12  1.27246e-21
1.389993164e+00  2.6687080e-12  2.66871e-12  2.66871e-12  1.48035e-21
1.396943130e+00  2.6978606e-12  2.69786e-12  2.69786e-12  1.71817e-21
1.403927846e+00  2.7191845e-12  2.71918e-12  2.71918e-12  1.99447e-21
1.410947485e+00  2.7369800e-12  2.73698e-12  2.73698e-12  2.31424e-21
1.418002222e+00  2.7606582e-12  2.76066e-12  2.76066e-12  2.68070e-21
1.425092233e+00  2.7978782e-12  2.79788e-12  2.79788e-12  3.09649e-21
1.432217694e+00  2.8123958e-12  2.81240e-12  2.81240e-12  3.58493e-21
1.439378783e+00  2.8284077e-12  2.82841e-12  2.82841e-12  4.14590e-21
1.446575677e+00  2.8647882e-12  2.86479e-12  2.86479e-12  4.77640e-21
1.453808555e+00  2.8860704e-12  2.88607e-12  2.88607e-12  5.50977e-21
1.461077598e+00  2.9061346e-12  2.90613e-12  2.90613e-12  6.35126e-21
1.468382986e+00  2.9163973e-12  2.91640e-12  2.91640e-12  7.32548e-21
1.475724901e+00  2.9490044e-12  2.94900e-12  2.94900e-12  8.41374e-21
1.483103525e+00  2.9688097e-12  2.96881e-12  2.96881e-12  9.67360e-21
1.490519043e+00  2.9781771e-12  2.97818e-12  2.97818e-12  1.11302e-20
1.497971638e+00  3.0033194e-12  3.00332e-12  3.00332e-12  1.27642e-20
1.505461496e+00  3.0341033e-12  3.03410e-12  3.03410e-12  1.46123e-20
1.512988804e+00  3.0399254e-12  3.03993e-12  3.03993e-12  1.67788e-20
1.520553748e+00  3.0643128e-12  3.06431e-12  3.06431e-12  1.91940e-20
1.528156517e+00  3.0762120e-12  3.07621e-12  3.07621e-12  2.19817e-20
1.535797299e+00  3.0801497e-12  3.08015e-12  3.08015e-12  2.51857e-20
1.543476286e+00  3.0916194e-12  3.09162e-12  3.09162e-12  2.87980e-20
1.551193667e+00  3.1053764e-12  3.10538e-12  3.10538e-12  3.28887e-20
1.558949636e+00  3.1095291e-12  3.10953e-12  3.10953e-12  3.75893e-20
1.566744384e+00  3.1196424e-12  3.11964e-12  3.11964e-12  4.28844e-20
1.574578106e+00  3.1229858e-12  3.12299e-12  3.12299e-12  4.89416e-20
1.582450996e+00  3.1213653e-12  3.12137e-12  3.12137e-12  5.58575e-20
1.590363251e+00  3.1200382e-12  3.12004e-12  3.12004e-12  6.36979e-20
1.598315067e+00  3.1184656e-12  3.11847e-12  3.11847e-12  7.25858e-20
1.606306643e+00  3.1211617e-12  3.12116e-12  3.12116e-12  8.25885e-20
1.614338176e+00  3.1160028e-12  3.11600e-12  3.11600e-12  9.40266e-20
1.622409867e+00  3.1057359e-12  3.10574e-12  3.10574e-12  1.07065e-19
1.630521916e+00  3.0937499e-12  3.09375e-12  3.09375e-12  1.21858e-19
1.638674526e+00  3.0837976e-12  3.08380e-12  3.08380e-12  1.38544e-19
1.646867898e+00  3.0742964e-12  3.07430e-12  3.07430e-12  1.57387e-19
1.655102238e+00  3.0595816e-12  3.05958e-12  3.05958e-12  1.78831e-19
1.663377749e+00  3.0436591e-12  3.04366e-12  3.04366e-12  2.03097e-19
1.671694638e+00  3.0279065e-12  3.02791e-12  3.02791e-12  2.30485e-19
1.680053111e+00  3.0108040e-12  3.01080e-12  3.01080e-12  2.61447e-19
1.688453377e+00  2.9946402e-12  2.99464e-12  2.99464e-12  2.96309e-19
1.696895643e+00  2.9792345e-12  2.97923e-12  2.97923e-12  3.35540e-19
1.705380122e+00  2.9621692e-12  2.96217e-12  2.96217e-12  3.79819e-19
1.713907022e+00  2.9429775e-12  2.94298e-12  2.94298e-12  4.29819e-19
1.722476557e+00  2.9187412e-12  2.91874e-12  2.91874e-12  4.86534e-19
1.731088940e+00  2.8938722e-12  2.89387e-12  2.89387e-12  5.50432e-19
1.739744385e+00  2.8728489e-12  2.87285e-12  2.87285e-12  6.21855e-19
1.748443107e+00  2.8548025e-12  2.85480e-12  2.85480e-12  7.01678e-19
1.757185322e+00  2.8323001e-12  2.83230e-12  2.83230e-12  7.91900e-19
1.765971249e+00  2.8047005e-12  2.80470e-12  2.80470e-12  8.94018e-19
1.774801105e+00  2.7847124e-12  2.78471e-12  2.78471e-12  1.00717e-18
1.783675111e+00  2.7643968e-12  2.76440e-12  2.76440e-12  1.13397e-18
1.792593486e+00  2.7387392e-12  2.73874e-12  2.73874e-12  1.27726e-18
1.801556454e+00  2.7132172e-12  2.71322e-12  2.71322e-12  1.43769e-18
1.810564236e+00  2.6913222e-12  2.69132e-12  2.69132e-12  1.61610e-18
1.819617057e+00  2.6668247e-12  2.66682e-12  2.66682e-12  1.81644e-18
1.828715142e+00  2.6415361e-12  2.64154e-12  2.64153e-12  2.04066e-18
1.837858718e+00  2.6160068e-12  2.61601e-12  2.61600e-12  2.29125e-18
1.847048012e+00  2.5940333e-12  2.59403e-12  2.59403e-12  2.56920e-18
1.856283252e+00  2.5677211e-12  2.56772e-12  2.56772e-12  2.88159e-18
1.865564668e+00  2.5441895e-12  2.54419e-12  2.54419e-12  3.22820e-18
1.874892491e+00  2.5208613e-12  2.52086e-12  2.52086e-12  3.61416e-18
1.884266954e+00  2.4974396e-12  2.49744e-12  2.49744e-12  4.04388e-18
1.893688289e+00  2.4670875e-12  2.46709e-12  2.46708e-12  4.52841e-18
1.903156730e+00  2.4433142e-12  2.44331e-12  2.44331e-12  5.06117e-18
1.912672514e+00  2.4195363e-12  2.41954e-12  2.41953e-12  5.65327e-18
1.922235876e+00  2.3945287e-12  2.39453e-12  2.39452e-12  6.31252e-18
1.931847056e+00  2.3653726e-12  2.36537e-12  2.36537e-12  7.05061e-18
1.941506291e+00  2.3456362e-12  2.34564e-12  2.34563e-12  7.85503e-18
1.951213822e+00  2.3184811e-12  2.31848e-12  2.31847e-12  8.75971e-18
1.960969892e+00  2.2977233e-12  2.29772e-12  2.29771e-12  9.74989e-18
1.970774741e+00  2.2791145e-12  2.27911e-12  2.27910e-12  1.08408e-17
1.980628615e+00  2.2601106e-12  2.26011e-12  2.26010e-12  1.20478e-17
1.990531758e+00  2.2395447e-12  2.23954e-12  2.23953e-12  1.33860e-17
2.000484417e+00  2.2212995e-12  2.22130e-12  2.22128e-12  1.48570e-17
2.010486839e+00  2.2047875e-12  2.20479e-12  2.20477e-12  1.64741e-17
2.020539273e+00  2.1884161e-12  2.18842e-12  2.18840e-12  1.82562e-17
2.030641969e+00  2.1721847e-12  2.17218e-12  2.17216e-12  2.02190e-17
2.040795179e+00  2.1577021e-12  2.15770e-12  2.15768e-12  2.23716e-17
2.050999155e+00  2.1418047e-12  2.14180e-12  2.14178e-12  2.47471e-17
2.061254151e+00  2.1245872e-12  2.12459e-12  2.12456e-12  2.73676e-17
2.071560421e+00  2.1111431e-12  2.11114e-12  2.11111e-12  3.02234e-17
2.081918224e+00  2.0930991e-12  2.09310e-12  2.09307e-12  3.33931e-17
2.092327815e+00  2.0757419e-12  2.07574e-12  2.07570e-12  3.68694e-17
2.102789454e+00  2.0615775e-12  2.06158e-12  2.06154e-12  4.06560e-17
2.113303401e+00  2.0471477e-12  2.04715e-12  2.04710e-12  4.48097e-17
2.123869918e+00  2.0314397e-12  2.03144e-12  2.03139e-12  4.93756e-17
2.134489268e+00  2.0167589e-12  2.01676e-12  2.01670e-12  5.43645e-17
2.145161714e+00  1.9994396e-12  1.99944e-12  1.99938e-12  5.98622e-17
2.155887523e+00  1.9856579e-12  1.98566e-12  1.98559e-12  6.58265e-17
2.166666960e+00  1.9742293e-12  1.97423e-12  1.97416e-12  7.23064e-17
2.177500295e+00  1.9586346e-12  1.95863e-12  1.95856e-12  7.94602e-17
2.188387796e+00  1.9455115e-12  1.94551e-12  1.94542e-12  8.72246e-17
2.199329735e+00  1.9329267e-12  1.93293e-12  1.93283e-12  9.56851e-17
2.210326384e+00  1.9184530e-12  1.91845e-12  1.91835e-12  1.04959e-16
2.221378016e+00  1.9045312e-12  1.90453e-12  1.90442e-12  1.15057e-16
2.232484906e+00  1.8916293e-12  1.89163e-12  1.89150e-12  1.26031e-16
2.243647331e+00  1.8806172e-12  1.88062e-12  1.88048e-12  1.37915e-16
2.254865567e+00  1.8633957e-12  1.86340e-12  1.86324e-12  1.51076e-16
2.266139895e+00  1.8480413e-12  1.84804e-12  1.84788e-12  1.65333e-16
2.277470595e+00  1.8357959e-12  1.83580e-12  1.83562e-12  1.80703e-16
2.288857948e+00  1.8238304e-12  1.82383e-12  1.82363e-12  1.97390e-16
2.300302237e+00  1.8082453e-12  1.80825e-12  1.80803e-12  2.15708e-16
2.311803748e+00  1.7936104e-12  1.79361e-12  1.79337e-12  2.35554e-16
2.323362767e+00  1.7793997e-12  1.77940e-12  1.77914e-12  2.57071e-16
2.334979581e+00  1.7681320e-12  1.76813e-12  1.76785e-12  2.80204e-16
2.346654479e+00  1.7535621e-12  1.75356e-12  1.75326e-12  3.05532e-16
2.358387751e+00  1.7396339e-12  1.73963e-12  1.73930e-12  3.32933e-16
2.370179690e+00  1.7247972e-12  1.72480e-12  1.72443e-12  3.62706e-16
2.382030589e+00  1.7130032e-12  1.71300e-12  1.71261e-12  3.94635e-16
2.393940742e+00  1.7035405e-12  1.70354e-12  1.70311e-12  4.28899e-16
2.405910445e+00  1.6910318e-12  1.69103e-12  1.69057e-12  4.66296e-16
2.417939997e+00  1.6778410e-12  1.67784e-12  1.67733e-12  5.06809e-16
2.430029697e+00  1.6648334e-12  1.66483e-12  1.66428e-12  5.50558e-16
2.442179846e+00  1.6549069e-12  1.65491e-12  1.65431e-12  5.97298e-16
2.454390745e+00  1.6419257e-12  1.64193e-12  1.64128e-12  6.48250e-16
2.466662699e+00  1.6275151e-12  1.62752e-12  1.62681e-12  7.03508e-16
2.478996012e+00  1.6155269e-12  1.61553e-12  1.61476e-12  7.62613e-16
2.491390992e+00  1.6023757e-12  1.60238e-12  1.60155e-12  8.26578e-16
2.503847947e+00  1.5863577e-12  1.58636e-12  1.58546e-12  8.96241e-16
2.516367187e+00  1.5761767e-12  1.57618e-12  1.57521e-12  9.69724e-16
2.528949023e+00  1.5656903e-12  1.56569e-12  1.56464e-12  1.04885e-15
2.541593768e+00  1.5554048e-12  1.55540e-12  1.55427e-12  1.13385e-15
2.554301737e+00  1.5450209e-12  1.54502e-12  1.54380e-12  1.22523e-15
2.567073246e+00  1.5355244e-12  1.53552e-12  1.53420e-12  1.32303e-15
2.579908612e+00  1.5253380e-12  1.52534e-12  1.52391e-12  1.42830e-15
2.592808155e+00  1.5155913e-12  1.51559e-12  1.51405e-12  1.54106e-15
2.605772196e+00  1.5052676e-12  1.50527e-12  1.50361e-12  1.66228e-15
2.618801057e+00  1.4937612e-12  1.49376e-12  1.49197e-12  1.79290e-15
2.631895062e+00  1.4825203e-12  1.48252e-12  1.48059e-12  1.93281e-15
2.645054537e+00  1.4700841e-12  1.47008e-12  1.46800e-12  2.08352e-15
2.658279810e+00  1.4577877e-12  1.45779e-12  1.45554e-12  2.24495e-15
2.671571209e+00  1.4450284e-12  1.44503e-12  1.44261e-12  2.41824e-15
2.684929065e+00  1.4256571e-12  1.42566e-12  1.42305e-12  2.60927e-15
2.698353710e+00  1.4041589e-12  1.40416e-12  1.40134e-12  2.81620e-15
2.711845479e+00  1.3770512e-12  1.37705e-12  1.37401e-12  3.04382e-15
2.725404706e+00  1.3427993e-12  1.34280e-12  1.33950e-12  3.29609e-15
2.739031730e+00  1.2960779e-12  1.29608e-12  1.29250e-12  3.58208e-15
2.752726889e+00  1.2420472e-12  1.24205e-12  1.23815e-12  3.90037e-15
2.766490523e+00  1.1838285e-12  1.18383e-12  1.17958e-12  4.25079e-15
2.780322976e+00  1.1291672e-12  1.12917e-12  1.12454e-12  4.62571e-15
2.794224591e+00  1.0858819e-12  1.08588e-12  1.08087e-12  5.01418e-15
2.808195713e+00  1.0490430e-12  1.04904e-12  1.04362e-12  5.42261e-15
2.822236692e+00  1.0191984e-12  1.01920e-12  1.01335e-12  5.84972e-15
2.836347875e+00  9.9564863e-13  9.95649e-13  9.89352e-13  6.29614e-15
2.850529615e+00  9.7657760e-13  9.76578e-13  9.69813e-13  6.76493e-15
2.864782263e+00  9.5984654e-13  9.59847e-13  9.52586e-13  7.26082e-15
2.879106174e+00  9.4619426e-13  9.46194e-13  9.38411e-13  7.78285e-15
2.893501705e+00  9.3493968e-13  9.34940e-13  9.26607e-13  8.33315e-15
2.907969214e+00  9.2525830e-13  9.25258e-13  9.16344e-13  8.91468e-15
2.922509060e+00  9.1687580e-13  9.16876e-13  9.07346e-13  9.52938e-15
2.937121605e+00  9.0984669e-13  9.09847e-13  8.99668e-13  1.01783e-14
2.951807213e+00  9.0394466e-13  9.03945e-13  8.93081e-13  1.08634e-14
2.966566249e+00  9.0033238e-13  9.00332e-13  8.88751e-13  1.15816e-14
2.981399080e+00  8.9841129e-13  8.98411e-13  8.86076e-13  1.23357e-14
2.996306076e+00  8.9830047e-13  8.98300e-13  8.85175e-13  1.31259e-14
3.011287606e+00  8.9803153e-13  8.98032e-13  8.84070e-13  1.39619e-14
3.026344044e+00  8.9807028e-13  8.98070e-13  8.83226e-13  1.48438e-14
3.041475764e+00  8.9704585e-13  8.97046e-13  8.81265e-13  1.57809e-14
3.056683143e+00  8.9543880e-13  8.95439e-13  8.78665e-13  1.67741e-14
3.071966559e+00  8.9401387e-13  8.94014e-13  8.76192e-13  1.78220e-14
3.087326392e+00  8.9347452e-13  8.93475e-13  8.74552e-13  1.89224e-14
3.102763024e+00  8.9361948e-13  8.93619e-13  8.73541e-13  2.00782e-14
3.118276839e+00  8.9523775e-13  8.95238e-13  8.73952e-13  2.12854e-14
3.133868223e+00  8.9764627e-13  8.97646e-13  8.75096e-13  2.25499e-14
3.149537564e+00  8.9989706e-13  8.99897e-13  8.76015e-13  2.38816e-14
3.165285252e+00  9.0217535e-13  9.02175e-13  8.76893e-13  2.52820e-14
3.181111678e+00  9.0473099e-13  9.04731e-13  8.77980e-13  2.67515e-14
3.197017237e+00  9.0759589e-13  9.07596e-13  8.79304e-13  2.82923e-14
3.213002323e+00  9.1014242e-13  9.10142e-13  8.80228e-13  2.99141e-14
3.229067334e+00  9.1238291e-13  9.12383e-13  8.80762e-13  3.16209e-14
3.245212671e+00  9.1395503e-13  9.13955e-13  8.80533e-13  3.34216e-14
3.261438734e+00  9.1592779e-13  9.15928e-13  8.80621e-13  3.53065e-14
3.277745928e+00  9.1725835e-13  9.17258e-13  8.79964e-13  3.72941e-14
3.294134658e+00  9.1810180e-13  9.18102e-13  8.78714e-13  3.93877e-14
3.310605331e+00  9.1903606e-13  9.19036e-13  8.77453e-13  4.15831e-14
3.327158358e+00  9.2045616e-13  9.20456e-13  8.76579e-13  4.38774e-14
3.343794149e+00  9.2061179e-13  9.20612e-13  8.74304e-13  4.63074e-14
3.360513120e+00  9.1909638e-13  9.19096e-13  8.70205e-13  4.88913e-14
3.377315686e+00  9.1647107e-13  9.16471e-13  8.64842e-13  5.16287e-14
3.394202264e+00  9.1217909e-13  9.12179e-13  8.57636e-13  5.45435e-14
3.411173276e+00  9.0801970e-13  9.08020e-13  8.50415e-13  5.76044e-14
3.428229142e+00  9.1302962e-13  9.13030e-13  8.52455e-13  6.05748e-14
3.445370288e+00  9.1609113e-13  9.16091e-13  8.52359e-13  6.37325e-14
3.462597139e+00  9.1760032e-13  9.17600e-13  8.50519e-13  6.70812e-14
3.479910125e+00  9.1632458e-13  9.16325e-13  8.45649e-13  7.06758e-14
3.497309675e+00  9.1315684e-13  9.13157e-13  8.38647e-13  7.45096e-14
3.514796224e+00  9.1675941e-13  9.16759e-13  8.38475e-13  7.82839e-14
3.532370205e+00  9.1854956e-13  9.18550e-13  8.36253e-13  8.22963e-14
3.550032056e+00  9.1793269e-13  9.17933e-13  8.31341e-13  8.65919e-14
3.567782216e+00  9.1712809e-13  9.17128e-13  8.26029e-13  9.10991e-14
3.585621127e+00  9.1629641e-13  9.16296e-13  8.20475e-13  9.58211e-14
3.603549233e+00  9.1548119e-13  9.15481e-13  8.14715e-13  1.00766e-13
3.621566979e+00  9.1425745e-13  9.14257e-13  8.08291e-13  1.05967e-13
3.639674814e+00  9.1319935e-13  9.13199e-13  8.01793e-13  1.11406e-13
3.657873188e+00  9.1213070e-13  9.12131e-13  7.95027e-13  1.17104e-13
3.676162554e+00  9.1125642e-13  9.11256e-13  7.88195e-13  1.23061e-13
3.694543367e+00  9.1043154e-13  9.10432e-13  7.81134e-13  1.29298e-13
3.713016084e+00  9.0962276e-13  9.09623e-13  7.73793e-13  1.35829e-13
3.731581164e+00  9.0887659e-13  9.08877e-13  7.66209e-13  1.42668e-13
3.750239070e+00  9.0833990e-13  9.08340e-13  7.58525e-13  1.49815e-13
3.768990265e+00  9.0800361e-13  9.08004e-13  7.50717e-13  1.57287e-13
3.787835216e+00  9.0788495e-13  9.07885e-13  7.42790e-13  1.65095e-13
3.806774393e+00  9.0805021e-13  9.08050e-13  7.34801e-13  1.73249e-13
3.825808265e+00  9.0865939e-13  9.08659e-13  7.26913e-13  1.81747e-13
3.844937306e+00  9.0984116e-13  9.09841e-13  7.19255e-13  1.90586e-13
3.864161992e+00  9.1146112e-13  9.11461e-13  7.11666e-13  1.99795e-13
3.883482802e+00  9.1320943e-13  9.13209e-13  7.03785e-13  2.09425e-13
3.902900216e+00  9.1549753e-13  9.15498e-13  6.96055e-13  2.19443e-13
3.922414717e+00  9.1802287e-13  9.18023e-13  6.88118e-13  2.29905e-13
3.942026791e+00  9.2059067e-13  9.20591e-13  6.79728e-13  2.40863e-13
3.961736925e+00  9.2356033e-13  9.23560e-13  6.71273e-13  2.52288e-13
3.981545610e+00  9.2671891e-13  9.26719e-13  6.62482e-13  2.64237e-13
4.001453338e+00  9.2966164e-13  9.29662e-13  6.52850e-13  2.76812e-13
4.021460604e+00  9.3342834e-13  9.33428e-13  6.43569e-13  2.89859e-13
4.041567907e+00  9.3862625e-13  9.38626e-13  6.35359e-13  3.03267e-13
4.061775747e+00  9.4498890e-13  9.44989e-13  6.27907e-13  3.17081e-13
4.082084626e+00  9.5168771e-13  9.51688e-13  6.20196e-13  3.31491e-13
4.102495049e+00  9.5854637e-13  9.58546e-13  6.11974e-13  3.46572e-13
4.123007524e+00  9.6566638e-13  9.65666e-13  6.03325e-13  3.62342e-13
4.143622562e+00  9.7339942e-13  9.73399e-13  5.94655e-13  3.78744e-13
4.164340674e+00  9.8185777e-13  9.81858e-13  5.86082e-13  3.95775e-13
4.185162378e+00  9.9054025e-13  9.90540e-13  5.76921e-13  4.13619e-13
4.206088190e+00  1.0000434e-12  1.00004e-12  5.67911e-13  4.32132e-13
4.227118631e+00  1.0107295e-12  1.01073e-12  5.59523e-13  4.51206e-13
4.248254224e+00  1.0220113e-12  1.02201e-12  5.50941e-13  4.71070e-13
4.269495495e+00  1.0341905e-12  1.03419e-12  5.42547e-13  4.91644e-13
4.290842972e+00  1.0471606e-12  1.04716e-12  5.34162e-13  5.12998e-13
4.312297187e+00  1.0608304e-12  1.06083e-12  5.25614e-13  5.35216e-13
4.333858673e+00  1.0755495e-12  1.07555e-12  5.17383e-13  5.58166e-13
4.355527967e+00  1.0911196e-12  1.09112e-12  5.09142e-13  5.81978e-13
4.377305606e+00  1.1076884e-12  1.10769e-12  5.01083e-13  6.06606e-13
4.399192134e+00  1.1251702e-12  1.12517e-12  4.93035e-13  6.32135e-13
4.421188095e+00  1.1437034e-12  1.14370e-12  4.85187e-13  6.58517e-13
4.443294036e+00  1.1634203e-12  1.16342e-12  4.77741e-13  6.85679e-13
4.465510506e+00  1.1840738e-12  1.18407e-12  4.70240e-13  7.13834e-13
4.487838058e+00  1.2055910e-12  1.20559e-12  4.62482e-13  7.43109e-13
4.510277249e+00  1.2282964e-12  1.22830e-12  4.55019e-13  7.73278e-13
4.532828635e+00  1.2521402e-12  1.25214e-12  4.47725e-13  8.04416e-13
4.555492778e+00  1.2771306e-12  1.27713e-12  4.40577e-13  8.36554e-13
4.578270242e+00  1.3030160e-12  1.30302e-12  4.32946e-13  8.70070e-13
4.601161593e+00  1.3302655e-12  1.33027e-12  4.25817e-13  9.04448e-13
4.624167401e+00  1.3586778e-12  1.35868e-12  4.18679e-13  9.39999e-13
4.647288238e+00  1.3883675e-12  1.38837e-12  4.11761e-13  9.76606e-13
4.670524679e+00  1.4193595e-12  1.41936e-12  4.05099e-13  1.01426e-12
4.693877303e+00  1.4515100e-12  1.45151e-12  3.98159e-13  1.05335e-12
4.717346689e+00  1.4850878e-12  1.48509e-12  3.91752e-13  1.09334e-12
4.740933423e+00  1.5199935e-12  1.51999e-12  3.85515e-13  1.13448e-12
4.764638090e+00  1.5561382e-12  1.55614e-12  3.78895e-13  1.17724e-12
4.788461280e+00  1.5936350e-12  1.59364e-12  3.72139e-13  1.22150e-12
4.812403587e+00  1.6324997e-12  1.63250e-12  3.64944e-13  1.26756e-12
4.836465604e+00  1.6728024e-12  1.67280e-12  3.57093e-13  1.31571e-12
4.860647933e+00  1.7146716e-12  1.71467e-12  3.48832e-13  1.36584e-12
4.884951172e+00  1.7582058e-12  1.75821e-12  3.37488e-13  1.42072e-12
4.909375928e+00  1.8038994e-12  1.80390e-12  3.21888e-13  1.48201e-12
4.933922808e+00  1.8520687e-12  1.85207e-12  3.05561e-13  1.54651e-12
4.958592422e+00  1.9024791e-12  1.90248e-12  2.91627e-13  1.61085e-12
4.983385384e+00  1.9544881e-12  1.95449e-12  2.82235e-13  1.67225e-12
5.008302311e+00  2.0070908e-12  2.00709e-12  2.79171e-13  1.72792e-12
5.033343822e+00  2.0606992e-12  2.06070e-12  2.77754e-13  1.78295e-12
5.058510541e+00  2.1158971e-12  2.11590e-12  2.75546e-13  1.84035e-12
5.083803094e+00  2.1728436e-12  2.17284e-12  2.72517e-13  1.90033e-12
5.109222110e+00  2.2319669e-12  2.23197e-12  2.68071e-13  1.96390e-12
5.134768220e+00  2.2934840e-12  2.29348e-12  2.62327e-13  2.03116e-12
5.160442061e+00  2.3577384e-12  2.35774e-12  2.55159e-13  2.10258e-12
5.186244272e+00  2.4247495e-12  2.42475e-12  2.47033e-13  2.17772e-12
5.212175493e+00  2.4938789e-12  2.49388e-12  2.39215e-13  2.25466e-12
5.238236370e+00  2.5653915e-12  2.56539e-12  2.31356e-13  2.33404e-12
5.264427552e+00  2.6377383e-12  2.63774e-12  2.25403e-13  2.41233e-12
5.290749690e+00  2.7105175e-12  2.71052e-12  2.21416e-13  2.48910e-12
5.317203438e+00  2.7848428e-12  2.78484e-12  2.17858e-13  2.56698e-12
5.343789456e+00  2.8615502e-12  2.86155e-12  2.13878e-13  2.64767e-12
5.370508403e+00  2.9413853e-12  2.94139e-12  2.08936e-13  2.73245e-12
5.397360945e+00  3.0248770e-12  3.02488e-12  2.02822e-13  2.82205e-12
5.424347750e+00  3.1121363e-12  3.11214e-12  1.95714e-13  2.91642e-12
5.451469488e+00  3.2022735e-12  3.20227e-12  1.88481e-13  3.01379e-12
5.478726836e+00  3.2914712e-12  3.29147e-12  1.83775e-13  3.10770e-12
5.506120470e+00  3.3800000e-12  3.38000e-12  1.81017e-13  3.19898e-12
5.533651072e+00  3.4703020e-12  3.47030e-12  1.78434e-13  3.29187e-12
5.561319328e+00  3.5656992e-12  3.56570e-12  1.74129e-13  3.39157e-12
5.589125924e+00  3.6702362e-12  3.67024e-12  1.66232e-13  3.50400e-12
5.617071554e+00  3.7834356e-12  3.78344e-12  1.55582e-13  3.62785e-12
5.645156912e+00  3.8896318e-12  3.88963e-12  1.50181e-13  3.73945e-12
5.673382696e+00  3.9855784e-12  3.98558e-12  1.50759e-13  3.83482e-12
5.701749610e+00  4.0713951e-12  4.07140e-12  1.56397e-13  3.91500e-12
5.730258358e+00  4.1546906e-12  4.15469e-12  1.63212e-13  3.99148e-12
5.758909650e+00  4.2424034e-12  4.24240e-12  1.68288e-13  4.07412e-12
5.787704198e+00  4.3443793e-12  4.34438e-12  1.68154e-13  4.17622e-12
5.816642719e+00  4.4574141e-12  4.45741e-12  1.64657e-13  4.29276e-12
5.845725932e+00  4.5760409e-12  4.57604e-12  1.60117e-13  4.41592e-12
5.874954562e+00  4.6961106e-12  4.69611e-12  1.56037e-13  4.54007e-12
5.904329335e+00  4.8176767e-12  4.81768e-12  1.52356e-13  4.66532e-12
5.933850982e+00  4.9408534e-12  4.94085e-12  1.49002e-13  4.79185e-12
5.963520237e+00  5.0713335e-12  5.07133e-12  1.44319e-13  4.92701e-12
5.993337838e+00  5.2064909e-12  5.20649e-12  1.39204e-13  5.06729e-12
6.023304527e+00  5.3370714e-12  5.33707e-12  1.36150e-13  5.20092e-12
6.053421050e+00  5.4384772e-12  5.43848e-12  1.41108e-13  5.29737e-12
6.083688155e+00  5.5264863e-12  5.52649e-12  1.49314e-13  5.37717e-12
6.114106596e+00  5.6149098e-12  5.61491e-12  1.57162e-13  5.45775e-12
6.144677129e+00  5.7148442e-12  5.71484e-12  1.62193e-13  5.55265e-12
6.175400514e+00  5.8250679e-12  5.82507e-12  1.64969e-13  5.66010e-12
6.206277517e+00  5.9432721e-12  5.94327e-12  1.66205e-13  5.77707e-12
6.237308904e+00  6.0681165e-12  6.06812e-12  1.66331e-13  5.90179e-12
6.268495449e+00  6.1973940e-12  6.19739e-12  1.65886e-13  6.03151e-12
6.299837926e+00  6.3307981e-12  6.33080e-12  1.64985e-13  6.16581e-12
6.331337116e+00  6.4651398e-12  6.46514e-12  1.64242e-13  6.30090e-12
6.362993801e+00  6.6012438e-12  6.60124e-12  1.63498e-13  6.43775e-12
6.394808770e+00  6.7401644e-12  6.74016e-12  1.62579e-13  6.57759e-12
6.426782814e+00  6.8838889e-12  6.88389e-12  1.61186e-13  6.72270e-12
6.458916728e+00  7.0344003e-12  7.03440e-12  1.59062e-13  6.87534e-12
6.491211312e+00  7.1832430e-12  7.18324e-12  1.57538e-13  7.02570e-12
6.523667368e+00  7.3394710e-12  7.33947e-12  1.55257e-13  7.18421e-12
6.556285705e+00  7.4946500e-12  7.49465e-12  1.53464e-13  7.34119e-12
6.589067134e+00  7.6518576e-12  7.65186e-12  1.51700e-13  7.50016e-12
6.622012469e+00  7.8106855e-12  7.81069e-12  1.50015e-13  7.66067e-12
6.655122532e+00  7.9733713e-12  7.97337e-12  1.48125e-13  7.82525e-12
6.688398144e+00  8.1418729e-12  8.14187e-12  1.45811e-13  7.99606e-12
6.721840135e+00  8.3141423e-12  8.31414e-12  1.43356e-13  8.17079e-12
6.755449336e+00  8.4979708e-12  8.49797e-12  1.39893e-13  8.35808e-12
6.789226583e+00  8.6893462e-12  8.68935e-12  1.35960e-13  8.55339e-12
6.823172715e+00  8.8813671e-12  8.88137e-12  1.32338e-13  8.74903e-12
6.857288579e+00  9.0673199e-12  9.06732e-12  1.29694e-13  8.93763e-12
6.891575022e+00  9.2570329e-12  9.25703e-12  1.26963e-13  9.13007e-12
6.926032897e+00  9.4458854e-12  9.44589e-12  1.24601e-13  9.32128e-12
6.960663062e+00  9.6386462e-12  9.63865e-12  1.22130e-13  9.51652e-12
6.995466377e+00  9.8437832e-12  9.84378e-12  1.18791e-13  9.72499e-12
7.030443709e+00  1.0060359e-11  1.00604e-11  1.14746e-13  9.94561e-12
7.065595927e+00  1.0278894e-11  1.02789e-11  1.10872e-13  1.01680e-11
7.100923907e+00  1.0491253e-11  1.04913e-11  1.07838e-13  1.03834e-11
7.136428526e+00  1.0697186e-11  1.06972e-11  1.05592e-13  1.05916e-11
7.172110669e+00  1.0902240e-11  1.09022e-11  1.03636e-13  1.07986e-11
7.207971222e+00  1.1116377e-11  1.11164e-11  1.01186e-13  1.10152e-11
7.244011079e+00  1.1337631e-11  1.13376e-11  9.84310e-14  1.12392e-11
7.280231134e+00  1.1558320e-11  1.15583e-11  9.59506e-14  1.14624e-11
7.316632290e+00  1.1784250e-11  1.17843e-11  9.33180e-14  1.16909e-11
7.353215451e+00  1.2012686e-11  1.20127e-11  9.07332e-14  1.19220e-11
7.389981528e+00  1.2252394e-11  1.22524e-11  8.76147e-14  1.21648e-11
7.426931436e+00  1.2495280e-11  1.24953e-11  8.45281e-14  1.24108e-11
7.464066093e+00  1.2741346e-11  1.27413e-11  8.14732e-14  1.26599e-11
7.501386424e+00  1.2989378e-11  1.29894e-11  7.85238e-14  1.29109e-11
7.538893356e+00  1.3230812e-11  1.32308e-11  7.61808e-14  1.31546e-11
7.576587822e+00  1.3472654e-11  1.34727e-11  7.39941e-14  1.33987e-11
7.614470762e+00  1.3703552e-11  1.37036e-11  7.25896e-14  1.36310e-11
7.652543115e+00  1.3926102e-11  1.39261e-11  7.17649e-14  1.38543e-11
7.690805831e+00  1.4146943e-11  1.41469e-11  7.11211e-14  1.40758e-11
7.729259860e+00  1.4376044e-11  1.43760e-11  7.01260e-14  1.43059e-11
7.767906159e+00  1.4617065e-11  1.46171e-11  6.86203e-14  1.45484e-11
7.806745690e+00  1.4865855e-11  1.48659e-11  6.68465e-14  1.47990e-11
7.845779419e+00  1.5113403e-11  1.51134e-11  6.52575e-14  1.50481e-11
7.885008316e+00  1.5364306e-11  1.53643e-11  6.36243e-14  1.53007e-11
7.924433357e+00  1.5617953e-11  1.56180e-11  6.19781e-14  1.55560e-11
7.964055524e+00  1.5877155e-11  1.58772e-11  6.01948e-14  1.58170e-11
8.003875802e+00  1.6146239e-11  1.61462e-11  5.80968e-14  1.60881e-11
8.043895181e+00  1.6423160e-11  1.64232e-11  5.57939e-14  1.63674e-11
8.084114657e+00  1.6719380e-11  1.67194e-11  5.28281e-14  1.66666e-11
8.124535230e+00  1.7020378e-11  1.70204e-11  4.98337e-14  1.69705e-11
8.165157906e+00  1.7314987e-11  1.73150e-11  4.72539e-14  1.72677e-11
8.205983696e+00  1.7611258e-11  1.76113e-11  4.47517e-14  1.75665e-11
8.247013614e+00  1.7905997e-11  1.79060e-11  4.24426e-14  1.78636e-11
8.288248682e+00  1.8198805e-11  1.81988e-11  4.03287e-14  1.81585e-11
8.329689926e+00  1.8495502e-11  1.84955e-11  3.81888e-14  1.84573e-11
8.371338375e+00  1.8793634e-11  1.87936e-11  3.61114e-14  1.87575e-11
8.413195067e+00  1.9087687e-11  1.90877e-11  3.42811e-14  1.90534e-11
8.455261042e+00  1.9383272e-11  1.93833e-11  3.24942e-14  1.93508e-11
8.497537348e+00  1.9680130e-11  1.96801e-11  3.07566e-14  1.96494e-11
8.540025034e+00  1.9973943e-11  1.99739e-11  2.92030e-14  1.99447e-11
8.582725160e+00  2.0266318e-11  2.02663e-11  2.77711e-14  2.02385e-11
8.625638785e+00  2.0557086e-11  2.05571e-11  2.64579e-14  2.05306e-11
8.668766979e+00  2.0850502e-11  2.08505e-11  2.51288e-14  2.08254e-11
8.712110814e+00  2.1146570e-11  2.11466e-11  2.37843e-14  2.11228e-11
8.755671368e+00  2.1445725e-11  2.14457e-11  2.24131e-14  2.14233e-11
8.799449725e+00  2.1739229e-11  2.17392e-11  2.12604e-14  2.17180e-11
8.843446974e+00  2.2025661e-11  2.20257e-11  2.03509e-14  2.20053e-11
8.887664209e+00  2.2310726e-11  2.23107e-11  1.95161e-14  2.22912e-11
8.932102530e+00  2.2586340e-11  2.25863e-11  1.89622e-14  2.25674e-11
8.976763042e+00  2.2847254e-11  2.28473e-11  1.88053e-14  2.28284e-11
9.021646857e+00  2.3085191e-11  2.30852e-11  1.92269e-14  2.30660e-11
9.066755092e+00  2.3286803e-11  2.32868e-11  2.05174e-14  2.32663e-11
9.112088867e+00  2.3433155e-11  2.34332e-11  2.30761e-14  2.34101e-11
9.157649312e+00  2.3501845e-11  2.35018e-11  2.73497e-14  2.34745e-11
9.203437558e+00  2.3530226e-11  2.35302e-11  3.23685e-14  2.34979e-11
9.249454746e+00  2.3500278e-11  2.35003e-11  3.84893e-14  2.34618e-11
9.295702020e+00  2.3344640e-11  2.33446e-11  4.71310e-14  2.32975e-11
9.342180530e+00  2.3143997e-11  2.31440e-11  5.63857e-14  2.30876e-11
9.388891432e+00  2.2962868e-11  2.29629e-11  6.48371e-14  2.28980e-11
9.435835890e+00  2.2962831e-11  2.29628e-11  6.91573e-14  2.28937e-11
9.483015069e+00  2.3141084e-11  2.31411e-11  6.96393e-14  2.30714e-11
9.530430144e+00  2.3427131e-11  2.34271e-11  6.79155e-14  2.33592e-11
9.578082295e+00  2.3753137e-11  2.37531e-11  6.54454e-14  2.36877e-11
9.625972707e+00  2.4108719e-11  2.41087e-11  6.24721e-14  2.40462e-11
9.674102570e+00  2.4497389e-11  2.44974e-11  5.89592e-14  2.44384e-11
9.722473083e+00  2.4851309e-11  2.48513e-11  5.61958e-14  2.47951e-11
9.771085448e+00  2.5186738e-11  2.51867e-11  5.38453e-14  2.51329e-11
9.819940876e+00  2.5518664e-11  2.55187e-11  5.16180e-14  2.54670e-11
9.869040580e+00  2.5809695e-11  2.58097e-11  5.01624e-14  2.57595e-11
9.918385783e+00  2.6072525e-11  2.60725e-11  4.92180e-14  2.60233e-11
9.967977712e+00  2.6317503e-11  2.63175e-11  4.85820e-14  2.62689e-11
1.001781760e+01  2.6548444e-11  2.65484e-11  4.81741e-14  2.65003e-11
1.006790669e+01  2.6743592e-11  2.67436e-11  4.83351e-14  2.66953e-11
1.011824622e+01  2.6885149e-11  2.68851e-11  4.93175e-14  2.68358e-11
1.016883745e+01  2.6959195e-11  2.69592e-11  5.12944e-14  2.69079e-11
1.021968164e+01  2.7066084e-11  2.70661e-11  5.26663e-14  2.70134e-11
1.027078005e+01  2.7393893e-11  2.73939e-11  5.06196e-14  2.73433e-11
1.032213395e+01  2.7820036e-11  2.78200e-11  4.71547e-14  2.77729e-11
1.037374462e+01  2.8114394e-11  2.81144e-11  4.57046e-14  2.80687e-11
1.042561334e+01  2.8247183e-11  2.82472e-11  4.65925e-14  2.82006e-11
1.047774141e+01  2.8288596e-11  2.82886e-11  4.87080e-14  2.82399e-11
1.053013012e+01  2.7938268e-11  2.79383e-11  5.61458e-14  2.78821e-11
1.058278077e+01  2.7498677e-11  2.74987e-11  6.45141e-14  2.74342e-11
1.063569467e+01  2.7435690e-11  2.74357e-11  6.75279e-14  2.73682e-11
1.068887314e+01  2.7637204e-11  2.76372e-11  6.69279e-14  2.75703e-11
1.074231751e+01  2.7932318e-11  2.79323e-11  6.51039e-14  2.78672e-11
1.079602910e+01  2.8239188e-11  2.82392e-11  6.31579e-14  2.81760e-11
1.085000924e+01  2.8572555e-11  2.85726e-11  6.09118e-14  2.85116e-11
1.090425929e+01  2.8900004e-11  2.89000e-11  5.87798e-14  2.88412e-11
1.095878058e+01  2.9223017e-11  2.92230e-11  5.67389e-14  2.91663e-11
1.101357449e+01  2.9545488e-11  2.95455e-11  5.47388e-14  2.94907e-11
1.106864236e+01  2.9843562e-11  2.98436e-11  5.30574e-14  2.97905e-11
1.112398557e+01  3.0152601e-11  3.01526e-11  5.12725e-14  3.01013e-11
1.117960550e+01  3.0467272e-11  3.04673e-11  4.94498e-14  3.04178e-11
1.123550353e+01  3.0768571e-11  3.07686e-11  4.78035e-14  3.07208e-11
1.129168104e+01  3.1094217e-11  3.10942e-11  4.59116e-14  3.10483e-11
1.134813945e+01  3.1510300e-11  3.15103e-11  4.30714e-14  3.14672e-11
1.140488015e+01  3.1976778e-11  3.19768e-11  3.97538e-14  3.19370e-11
1.146190455e+01  3.2436188e-11  3.24362e-11  3.65838e-14  3.23996e-11
1.151921407e+01  3.2964843e-11  3.29648e-11  3.27686e-14  3.29321e-11
1.157681014e+01  3.3575039e-11  3.35750e-11  2.82136e-14  3.35468e-11
1.163469419e+01  3.4066097e-11  3.40661e-11  2.49615e-14  3.40411e-11
1.169286766e+01  3.4421218e-11  3.44212e-11  2.31203e-14  3.43981e-11
1.175133200e+01  3.4748916e-11  3.47489e-11  2.15743e-14  3.47273e-11
1.181008866e+01  3.5123421e-11  3.51234e-11  1.96011e-14  3.51038e-11
1.186913910e+01  3.5401068e-11  3.54011e-11  1.85732e-14  3.53825e-11
1.192848480e+01  3.5438026e-11  3.54380e-11  1.97840e-14  3.54182e-11
1.198812722e+01  3.5511102e-11  3.55111e-11  2.06043e-14  3.54905e-11
1.204806786e+01  3.5658167e-11  3.56582e-11  2.07090e-14  3.56375e-11
1.210830820e+01  3.5816510e-11  3.58165e-11  2.06856e-14  3.57958e-11
1.216884974e+01  3.5939202e-11  3.59392e-11  2.09502e-14  3.59183e-11
1.222969399e+01  3.6016570e-11  3.60166e-11  2.15737e-14  3.59950e-11
1.229084246e+01  3.6117055e-11  3.61171e-11  2.19583e-14  3.60951e-11
1.235229667e+01  3.6235248e-11  3.62352e-11  2.21591e-14  3.62131e-11
1.241405815e+01  3.6340832e-11  3.63408e-11  2.24342e-14  3.63184e-11
1.247612845e+01  3.6460122e-11  3.64601e-11  2.25656e-14  3.64376e-11
1.253850909e+01  3.6573793e-11  3.65738e-11  2.27146e-14  3.65511e-11
1.260120163e+01  3.6690040e-11  3.66900e-11  2.28150e-14  3.66672e-11
1.266420764e+01  3.6815629e-11  3.68156e-11  2.28159e-14  3.67928e-11
1.272752868e+01  3.6953473e-11  3.69535e-11  2.26987e-14  3.69308e-11
1.279116632e+01  3.7089833e-11  3.70898e-11  2.25724e-14  3.70673e-11
1.285512215e+01  3.7231096e-11  3.72311e-11  2.23895e-14  3.72087e-11
1.291939776e+01  3.7374533e-11  3.73745e-11  2.21724e-14  3.73524e-11
1.298399475e+01  3.7531046e-11  3.75310e-11  2.18426e-14  3.75092e-11
1.304891473e+01  3.7699988e-11  3.77000e-11  2.14092e-14  3.76786e-11
1.311415930e+01  3.7870973e-11  3.78710e-11  2.09502e-14  3.78500e-11
1.317973010e+01  3.8050533e-11  3.80505e-11  2.04207e-14  3.80301e-11
1.324562875e+01  3.8237950e-11  3.82380e-11  1.98286e-14  3.82181e-11
1.331185689e+01  3.8425115e-11  3.84251e-11  1.92317e-14  3.84059e-11
1.337841618e+01  3.8609971e-11  3.86100e-11  1.86443e-14  3.85913e-11
1.344530826e+01  3.8801976e-11  3.88020e-11  1.80029e-14  3.87840e-11
1.351253480e+01  3.8974731e-11  3.89747e-11  1.74837e-14  3.89572e-11
1.358009747e+01  3.9147136e-11  3.91471e-11  1.69592e-14  3.91302e-11
1.364799796e+01  3.9323352e-11  3.93234e-11  1.64028e-14  3.93069e-11
1.371623795e+01  3.9485470e-11  3.94855e-11  1.59297e-14  3.94695e-11
1.378481914e+01  3.9648853e-11  3.96489e-11  1.54403e-14  3.96334e-11
1.385374323e+01  3.9831981e-11  3.98320e-11  1.48210e-14  3.98172e-11
1.392301195e+01  4.0002617e-11  4.00026e-11  1.42738e-14  3.99883e-11
1.399262701e+01  4.0187659e-11  4.01877e-11  1.36336e-14  4.01740e-11
1.406259015e+01  4.0368609e-11  4.03686e-11  1.30142e-14  4.03556e-11
1.413290310e+01  4.0545009e-11  4.05450e-11  1.24179e-14  4.05326e-11
1.420356761e+01  4.0696424e-11  4.06964e-11  1.19631e-14  4.06845e-11
1.427458545e+01  4.0846532e-11  4.08465e-11  1.15084e-14  4.08350e-11
1.434595838e+01  4.1020091e-11  4.10201e-11  1.09128e-14  4.10092e-11
1.441768817e+01  4.1183028e-11  4.11830e-11  1.03733e-14  4.11727e-11
1.448977661e+01  4.1350709e-11  4.13507e-11  9.80238e-15  4.13409e-11
1.456222549e+01  4.1472898e-11  4.14729e-11  9.47773e-15  4.14634e-11
1.463503662e+01  4.1610021e-11  4.16100e-11  9.06235e-15  4.16010e-11
1.470821180e+01  4.1772517e-11  4.17725e-11  8.50326e-15  4.17640e-11
1.478175286e+01  4.1930719e-11  4.19307e-11  7.96314e-15  4.19228e-11
1.485566163e+01  4.2045226e-11  4.20452e-11  7.64863e-15  4.20376e-11
1.492993994e+01  4.2157430e-11  4.21574e-11  7.33709e-15  4.21501e-11
1.500458964e+01  4.2289468e-11  4.22895e-11  6.91471e-15  4.22826e-11
1.507961258e+01  4.2384918e-11  4.23849e-11  6.67212e-15  4.23782e-11
1.515501065e+01  4.2478022e-11  4.24780e-11  6.43132e-15  4.24716e-11
1.523078570e+01  4.2543931e-11  4.25439e-11  6.31593e-15  4.25376e-11
1.530693963e+01  4.2542826e-11  4.25428e-11  6.51795e-15  4.25363e-11
1.538347433e+01  4.2535667e-11  4.25357e-11  6.73043e-15  4.25289e-11
1.546039170e+01  4.2461205e-11  4.24612e-11  7.24809e-15  4.24540e-11
1.553769366e+01  4.2270632e-11  4.22706e-11  8.29386e-15  4.22623e-11
1.561538212e+01  4.2104388e-11  4.21044e-11  9.18877e-15  4.20952e-11
1.569345903e+01  4.1896338e-11  4.18963e-11  1.02461e-14  4.18861e-11
1.577192633e+01  4.1627982e-11  4.16280e-11  1.15461e-14  4.16164e-11
1.585078596e+01  4.1500582e-11  4.15006e-11  1.21615e-14  4.14884e-11
1.593003989e+01  4.1415984e-11  4.14160e-11  1.25570e-14  4.14034e-11
1.600969009e+01  4.1390610e-11  4.13906e-11  1.26660e-14  4.13779e-11
1.608973854e+01  4.1425928e-11  4.14259e-11  1.24906e-14  4.14134e-11
1.617018723e+01  4.1526470e-11  4.15265e-11  1.20196e-14  4.15145e-11
1.625103817e+01  4.1631934e-11  4.16319e-11  1.15238e-14  4.16204e-11
1.633229336e+01  4.1753355e-11  4.17534e-11  1.09567e-14  4.17424e-11
1.641395483e+01  4.1880600e-11  4.18806e-11  1.03637e-14  4.18702e-11
1.649602460e+01  4.1981448e-11  4.19814e-11  9.88146e-15  4.19716e-11
1.657850473e+01  4.2108855e-11  4.21089e-11  9.28581e-15  4.20996e-11
1.666139725e+01  4.2171430e-11  4.21714e-11  8.95802e-15  4.21625e-11
1.674470424e+01  4.2240687e-11  4.22407e-11  8.59765e-15  4.22321e-11
1.682842776e+01  4.2312658e-11  4.23127e-11  8.22184e-15  4.23044e-11
1.691256990e+01  4.2388670e-11  4.23887e-11  7.82580e-15  4.23808e-11
1.699713274e+01  4.2438701e-11  4.24387e-11  7.52968e-15  4.24312e-11
1.708211841e+01  4.2480863e-11  4.24809e-11  7.25936e-15  4.24736e-11
1.716752900e+01  4.2484270e-11  4.24843e-11  7.13483e-15  4.24771e-11
1.725336665e+01  4.2455580e-11  4.24556e-11  7.12637e-15  4.24485e-11
1.733963348e+01  4.2394838e-11  4.23948e-11  7.23067e-15  4.23876e-11
1.742633165e+01  4.2261974e-11  4.22620e-11  7.59687e-15  4.22544e-11
1.751346330e+01  4.2098980e-11  4.20990e-11  8.05987e-15  4.20909e-11
1.760103062e+01  4.1849110e-11  4.18491e-11  8.82867e-15  4.18403e-11
1.768903577e+01  4.1568467e-11  4.15685e-11  9.68775e-15  4.15588e-11
1.777748095e+01  4.1193365e-11  4.11934e-11  1.08679e-14  4.11825e-11
1.786636836e+01  4.0892021e-11  4.08920e-11  1.17501e-14  4.08803e-11
1.795570020e+01  4.0573395e-11  4.05734e-11  1.26697e-14  4.05607e-11
1.804547870e+01  4.0346029e-11  4.03460e-11  1.32387e-14  4.03328e-11
1.813570609e+01  4.0124655e-11  4.01247e-11  1.37678e-14  4.01109e-11
1.822638462e+01  3.9949184e-11  3.99492e-11  1.41181e-14  3.99351e-11
1.831751655e+01  3.9799827e-11  3.97998e-11  1.43630e-14  3.97855e-11
1.840910413e+01  3.9719403e-11  3.97194e-11  1.43579e-14  3.97050e-11
1.850114965e+01  3.9681507e-11  3.96815e-11  1.41994e-14  3.96673e-11
1.859365540e+01  3.9675542e-11  3.96755e-11  1.39274e-14  3.96616e-11
1.868662368e+01  3.9683099e-11  3.96831e-11  1.36065e-14  3.96695e-11
1.878005679e+01  3.9716760e-11  3.97168e-11  1.31963e-14  3.97036e-11
1.887395708e+01  3.9727730e-11  3.97277e-11  1.28601e-14  3.97149e-11
1.896832686e+01  3.9679627e-11  3.96796e-11  1.27154e-14  3.96669e-11
1.906316850e+01  3.9567065e-11  3.95671e-11  1.27751e-14  3.95543e-11
1.915848434e+01  3.9506373e-11  3.95064e-11  1.26595e-14  3.94937e-11
1.925427676e+01  3.9537546e-11  3.95375e-11  1.22451e-14  3.95253e-11
1.935054815e+01  3.9634702e-11  3.96347e-11  1.16215e-14  3.96231e-11
1.944730089e+01  3.9769940e-11  3.97699e-11  1.08813e-14  3.97591e-11
1.954453739e+01  3.9810111e-11  3.98101e-11  1.04427e-14  3.97997e-11
1.964226008e+01  3.9839438e-11  3.98394e-11  1.00381e-14  3.98294e-11
1.974047138e+01  3.9846397e-11  3.98464e-11  9.70213e-15  3.98367e-11
1.983917374e+01  3.9765198e-11  3.97652e-11  9.63368e-15  3.97556e-11
1.993836960e+01  3.9624100e-11  3.96241e-11  9.74119e-15  3.96144e-11
2.003806145e+01  3.9501486e-11  3.95015e-11  9.78564e-15  3.94917e-11
2.013825176e+01  3.9399823e-11  3.93998e-11  9.76121e-15  3.93901e-11
2.023894302e+01  3.9395448e-11  3.93954e-11  9.44414e-15  3.93860e-11
2.034013773e+01  3.9492017e-11  3.94920e-11  8.83045e-15  3.94832e-11
2.044183842e+01  3.9572167e-11  3.95722e-11  8.26827e-15  3.95639e-11
2.054404761e+01  3.9650760e-11  3.96508e-11  7.71364e-15  3.96430e-11
2.064676785e+01  3.9781270e-11  3.97813e-11  7.01326e-15  3.97743e-11
2.075000169e+01  3.9888129e-11  3.98881e-11  6.38538e-15  3.98817e-11
2.085375170e+01  3.9952196e-11  3.99522e-11  5.88253e-15  3.99463e-11
2.095802046e+01  3.9985882e-11  3.99859e-11  5.46729e-15  3.99804e-11
2.106281056e+01  3.9972286e-11  3.99723e-11  5.18483e-15  3.99671e-11
2.116812461e+01  3.9872624e-11  3.98726e-11  5.13951e-15  3.98675e-11
2.127396524e+01  3.9780116e-11  3.97801e-11  5.07066e-15  3.97750e-11
2.138033506e+01  3.9653723e-11  3.96537e-11  5.09060e-15  3.96486e-11
2.148723674e+01  3.9461500e-11  3.94615e-11  5.28387e-15  3.94562e-11
2.159467292e+01  3.9267010e-11  3.92670e-11  5.47625e-15  3.92615e-11
2.170264629e+01  3.9104401e-11  3.91044e-11  5.57681e-15  3.90988e-11
2.181115952e+01  3.8973439e-11  3.89734e-11  5.58815e-15  3.89679e-11
2.192021532e+01  3.8892684e-11  3.88927e-11  5.46338e-15  3.88872e-11
2.202981639e+01  3.8828316e-11  3.88283e-11  5.29369e-15  3.88230e-11
2.213996547e+01  3.8751760e-11  3.87518e-11  5.15415e-15  3.87466e-11
2.225066530e+01  3.8672852e-11  3.86729e-11  5.01889e-15  3.86678e-11
2.236191863e+01  3.8499104e-11  3.84991e-11  5.12445e-15  3.84940e-11
2.247372822e+01  3.8180614e-11  3.81806e-11  5.59286e-15  3.81750e-11
2.258609686e+01  3.7727944e-11  3.77279e-11  6.39026e-15  3.77216e-11
2.269902735e+01  3.7266877e-11  3.72669e-11  7.19483e-15  3.72597e-11
2.281252248e+01  3.6859418e-11  3.68594e-11  7.85205e-15  3.68516e-11
2.292658510e+01  3.6531390e-11  3.65314e-11  8.30099e-15  3.65231e-11
2.304121802e+01  3.6252348e-11  3.62523e-11  8.62059e-15  3.62437e-11
2.315642411e+01  3.6042423e-11  3.60424e-11  8.76427e-15  3.60337e-11
2.327220623e+01  3.5829257e-11  3.58293e-11  8.91104e-15  3.58203e-11
2.338856726e+01  3.5560280e-11  3.55603e-11  9.18768e-15  3.55511e-11
2.350551010e+01  3.5288530e-11  3.52885e-11  9.46470e-15  3.52791e-11
2.362303765e+01  3.4990271e-11  3.49903e-11  9.79866e-15  3.49805e-11
2.374115284e+01  3.4653369e-11  3.46534e-11  1.02172e-14  3.46432e-11
2.385985860e+01  3.4372415e-11  3.43724e-11  1.04965e-14  3.43619e-11
2.397915789e+01  3.4139146e-11  3.41391e-11  1.06585e-14  3.41285e-11
2.409905368e+01  3.3873837e-11  3.38738e-11  1.08905e-14  3.38629e-11
2.421954895e+01  3.3648548e-11  3.36485e-11  1.10250e-14  3.36375e-11
2.434064670e+01  3.3507575e-11  3.35076e-11  1.09623e-14  3.34966e-11
2.446234993e+01  3.3426043e-11  3.34260e-11  1.07625e-14  3.34153e-11
2.458466168e+01  3.3399521e-11  3.33995e-11  1.04385e-14  3.33891e-11
2.470758499e+01  3.3415308e-11  3.34153e-11  1.00209e-14  3.34053e-11
2.483112291e+01  3.3436041e-11  3.34360e-11  9.59530e-15  3.34264e-11
2.495527853e+01  3.3508145e-11  3.35081e-11  9.05844e-15  3.34991e-11
