# ------------------------------------------------------------------------
# Radiance spectrum
# NASA-GSFC Planetary Spectrum Generator (PSG) (Villanueva et al. 2018, 2022)
# Synthesized on Wed Feb 14 19:40:15 2024
# Doppler velocities [km/s] (vobs,vrot+vorb,vwidth,vrfl,vstr): 0.00000,-0.00000,0.00000,-119.41115,-0.00000
# Spectral unit: Wavelength [um]
# Radiance unit: Spectral irradiance [W/m2/um]
# Wave/freq Total Object Reflected Thermal
5.000000000e-01  1.0899985e-12  1.09000e-12  1.09000e-12  1.76163e-46
5.025000000e-01  1.0966778e-12  1.09668e-12  1.09668e-12  2.78113e-46
5.050125000e-01  1.0997903e-12  1.09979e-12  1.09979e-12  4.38268e-46
5.075375625e-01  1.1215090e-12  1.12151e-12  1.12151e-12  6.87096e-46
5.100752503e-01  1.1433338e-12  1.14333e-12  1.14333e-12  1.07471e-45
5.126256266e-01  1.1620949e-12  1.16209e-12  1.16209e-12  1.67792e-45
5.151887547e-01  1.1806524e-12  1.18065e-12  1.18065e-12  2.61380e-45
5.177646985e-01  1.1938354e-12  1.19384e-12  1.19384e-12  4.06564e-45
5.203535220e-01  1.2075913e-12  1.20759e-12  1.20759e-12  6.30901e-45
5.229552896e-01  1.2248885e-12  1.22489e-12  1.22489e-12  9.76318e-45
5.255700660e-01  1.2409327e-12  1.24093e-12  1.24093e-12  1.50774e-44
5.281979164e-01  1.2519258e-12  1.25193e-12  1.25193e-12  2.32487e-44
5.308389059e-01  1.2630418e-12  1.26304e-12  1.26304e-12  3.57678e-44
5.334931005e-01  1.2745381e-12  1.27454e-12  1.27454e-12  5.49032e-44
5.361605660e-01  1.2855659e-12  1.28557e-12  1.28557e-12  8.40951e-44
5.388413688e-01  1.2961123e-12  1.29611e-12  1.29611e-12  1.28533e-43
5.415355756e-01  1.3060774e-12  1.30608e-12  1.30608e-12  1.96039e-43
5.442432535e-01  1.3156221e-12  1.31562e-12  1.31562e-12  2.98363e-43
5.469644698e-01  1.3233183e-12  1.32332e-12  1.32332e-12  4.53221e-43
5.496992921e-01  1.3301936e-12  1.33019e-12  1.33019e-12  6.87038e-43
5.524477886e-01  1.3434306e-12  1.34343e-12  1.34343e-12  1.03838e-42
5.552100275e-01  1.3571916e-12  1.35719e-12  1.35719e-12  1.56593e-42
5.579860777e-01  1.3686533e-12  1.36865e-12  1.36865e-12  2.35720e-42
5.607760081e-01  1.3797877e-12  1.37979e-12  1.37979e-12  3.54095e-42
5.635798881e-01  1.3903084e-12  1.39031e-12  1.39031e-12  5.30837e-42
5.663977875e-01  1.4014159e-12  1.40142e-12  1.40142e-12  7.94073e-42
5.692297765e-01  1.4132168e-12  1.41322e-12  1.41322e-12  1.18527e-41
5.720759254e-01  1.4228811e-12  1.42288e-12  1.42288e-12  1.76598e-41
5.749363050e-01  1.4316996e-12  1.43170e-12  1.43170e-12  2.62604e-41
5.778109865e-01  1.4407120e-12  1.44071e-12  1.44071e-12  3.89685e-41
5.807000414e-01  1.4492452e-12  1.44925e-12  1.44925e-12  5.77114e-41
5.836035417e-01  1.4566080e-12  1.45661e-12  1.45661e-12  8.53070e-41
5.865215594e-01  1.4643467e-12  1.46435e-12  1.46435e-12  1.25836e-40
5.894541672e-01  1.4724696e-12  1.47247e-12  1.47247e-12  1.85238e-40
5.924014380e-01  1.4806870e-12  1.48069e-12  1.48069e-12  2.72130e-40
5.953634452e-01  1.4890012e-12  1.48900e-12  1.48900e-12  3.98979e-40
5.983402624e-01  1.4978169e-12  1.49782e-12  1.49782e-12  5.83759e-40
6.013319637e-01  1.5067390e-12  1.50674e-12  1.50674e-12  8.52419e-40
6.043386235e-01  1.5157699e-12  1.51577e-12  1.51577e-12  1.24226e-39
6.073603167e-01  1.5249115e-12  1.52491e-12  1.52491e-12  1.80682e-39
6.103971182e-01  1.5338572e-12  1.53386e-12  1.53386e-12  2.62289e-39
6.134491038e-01  1.5414645e-12  1.54146e-12  1.54146e-12  3.80074e-39
6.165163494e-01  1.5485442e-12  1.54854e-12  1.54854e-12  5.49724e-39
6.195989311e-01  1.5550883e-12  1.55509e-12  1.55509e-12  7.93619e-39
6.226969258e-01  1.5635109e-12  1.56351e-12  1.56351e-12  1.14329e-38
6.258104104e-01  1.5717258e-12  1.57173e-12  1.57173e-12  1.64394e-38
6.289394624e-01  1.5791981e-12  1.57920e-12  1.57920e-12  2.35955e-38
6.320841597e-01  1.5874143e-12  1.58741e-12  1.58741e-12  3.38000e-38
6.352445805e-01  1.5957411e-12  1.59574e-12  1.59574e-12  4.83267e-38
6.384208035e-01  1.6002918e-12  1.60029e-12  1.60029e-12  6.89962e-38
6.416129075e-01  1.6073075e-12  1.60731e-12  1.60731e-12  9.82970e-38
6.448209720e-01  1.6166070e-12  1.61661e-12  1.61661e-12  1.39748e-37
6.480450769e-01  1.6273465e-12  1.62735e-12  1.62735e-12  1.98284e-37
6.512853022e-01  1.6362432e-12  1.63624e-12  1.63624e-12  2.80880e-37
6.545417288e-01  1.6422766e-12  1.64228e-12  1.64228e-12  3.97281e-37
6.578144374e-01  1.6447424e-12  1.64474e-12  1.64474e-12  5.61114e-37
6.611035096e-01  1.6481688e-12  1.64817e-12  1.64817e-12  7.91000e-37
6.644090271e-01  1.6544742e-12  1.65447e-12  1.65447e-12  1.11273e-36
6.677310723e-01  1.6618965e-12  1.66190e-12  1.66190e-12  1.56235e-36
6.710697276e-01  1.6695467e-12  1.66955e-12  1.66955e-12  2.18971e-36
6.744250763e-01  1.6773144e-12  1.67731e-12  1.67731e-12  3.06353e-36
6.777972017e-01  1.6833802e-12  1.68338e-12  1.68338e-12  4.27927e-36
6.811861877e-01  1.6896673e-12  1.68967e-12  1.68967e-12  5.96690e-36
6.845921186e-01  1.6967524e-12  1.69675e-12  1.69675e-12  8.30494e-36
6.880150792e-01  1.7032636e-12  1.70326e-12  1.70326e-12  1.15398e-35
6.914551546e-01  1.7087333e-12  1.70873e-12  1.70873e-12  1.60087e-35
6.949124304e-01  1.7130353e-12  1.71304e-12  1.71304e-12  2.21728e-35
6.983869925e-01  1.7146466e-12  1.71465e-12  1.71465e-12  3.06664e-35
7.018789275e-01  1.7183258e-12  1.71833e-12  1.71833e-12  4.23326e-35
7.053883221e-01  1.7237436e-12  1.72374e-12  1.72374e-12  5.83280e-35
7.089152637e-01  1.7280992e-12  1.72810e-12  1.72810e-12  8.02408e-35
7.124598400e-01  1.7315016e-12  1.73150e-12  1.73150e-12  1.10212e-34
7.160221392e-01  1.7342974e-12  1.73430e-12  1.73430e-12  1.51134e-34
7.196022499e-01  1.7367198e-12  1.73672e-12  1.73672e-12  2.06916e-34
7.232002612e-01  1.7385291e-12  1.73853e-12  1.73853e-12  2.82837e-34
7.268162625e-01  1.7375772e-12  1.73758e-12  1.73758e-12  3.86084e-34
7.304503438e-01  1.7342019e-12  1.73420e-12  1.73420e-12  5.26285e-34
7.341025955e-01  1.7334169e-12  1.73342e-12  1.73342e-12  7.16049e-34
7.377731085e-01  1.7328430e-12  1.73284e-12  1.73284e-12  9.72642e-34
7.414619740e-01  1.7289934e-12  1.72899e-12  1.72899e-12  1.31948e-33
7.451692839e-01  1.7200371e-12  1.72004e-12  1.72004e-12  1.78800e-33
7.488951303e-01  1.7148900e-12  1.71489e-12  1.71489e-12  2.41814e-33
7.526396060e-01  1.7065523e-12  1.70655e-12  1.70655e-12  3.26616e-33
7.564028040e-01  1.6979212e-12  1.69792e-12  1.69792e-12  4.40473e-33
7.601848180e-01  1.6904589e-12  1.69046e-12  1.69046e-12  5.93018e-33
7.639857421e-01  1.6757622e-12  1.67576e-12  1.67576e-12  7.97694e-33
7.678056708e-01  1.6638109e-12  1.66381e-12  1.66381e-12  1.07106e-32
7.716446992e-01  1.6487501e-12  1.64875e-12  1.64875e-12  1.43630e-32
7.755029227e-01  1.6283605e-12  1.62836e-12  1.62836e-12  1.92407e-32
7.793804373e-01  1.6086379e-12  1.60864e-12  1.60864e-12  2.57337e-32
7.832773395e-01  1.5908214e-12  1.59082e-12  1.59082e-12  3.43590e-32
7.871937262e-01  1.5699975e-12  1.57000e-12  1.57000e-12  4.58183e-32
7.911296948e-01  1.5470217e-12  1.54702e-12  1.54702e-12  6.10190e-32
7.950853433e-01  1.5249795e-12  1.52498e-12  1.52498e-12  8.11331e-32
7.990607700e-01  1.4906423e-12  1.49064e-12  1.49064e-12  1.07838e-31
8.030560739e-01  1.4642858e-12  1.46429e-12  1.46429e-12  1.43012e-31
8.070713542e-01  1.4391252e-12  1.43913e-12  1.43913e-12  1.89357e-31
8.111067110e-01  1.4120670e-12  1.41207e-12  1.41207e-12  2.50393e-31
8.151622446e-01  1.3841057e-12  1.38411e-12  1.38411e-12  3.30642e-31
8.192380558e-01  1.3557428e-12  1.35574e-12  1.35574e-12  4.35988e-31
8.233342461e-01  1.3267347e-12  1.32673e-12  1.32673e-12  5.74095e-31
8.274509173e-01  1.2994547e-12  1.29945e-12  1.29945e-12  7.54736e-31
8.315881719e-01  1.2725413e-12  1.27254e-12  1.27254e-12  9.90756e-31
8.357461127e-01  1.2445035e-12  1.24450e-12  1.24450e-12  1.29885e-30
8.399248433e-01  1.2184681e-12  1.21847e-12  1.21847e-12  1.70003e-30
8.441244675e-01  1.1930699e-12  1.19307e-12  1.19307e-12  2.22183e-30
8.483450899e-01  1.1680656e-12  1.16807e-12  1.16807e-12  2.89962e-30
8.525868153e-01  1.1454632e-12  1.14546e-12  1.14546e-12  3.77806e-30
8.568497494e-01  1.1247703e-12  1.12477e-12  1.12477e-12  4.91495e-30
8.611339981e-01  1.1049920e-12  1.10499e-12  1.10499e-12  6.38460e-30
8.654396681e-01  1.0866346e-12  1.08663e-12  1.08663e-12  8.28125e-30
8.697668665e-01  1.0670724e-12  1.06707e-12  1.06707e-12  1.07277e-29
8.741157008e-01  1.0501928e-12  1.05019e-12  1.05019e-12  1.38748e-29
8.784862793e-01  1.0361260e-12  1.03613e-12  1.03613e-12  1.79165e-29
8.828787107e-01  1.0229961e-12  1.02300e-12  1.02300e-12  2.31024e-29
8.872931042e-01  1.0105555e-12  1.01056e-12  1.01056e-12  2.97476e-29
8.917295698e-01  9.9918261e-13  9.99183e-13  9.99183e-13  3.82498e-29
8.961882176e-01  9.8950587e-13  9.89506e-13  9.89506e-13  4.91096e-29
9.006691587e-01  9.8115088e-13  9.81151e-13  9.81151e-13  6.29623e-29
9.051725045e-01  9.7086321e-13  9.70863e-13  9.70863e-13  8.06302e-29
9.096983670e-01  9.6828441e-13  9.68284e-13  9.68284e-13  1.03052e-28
9.142468589e-01  9.6102093e-13  9.61021e-13  9.61021e-13  1.31592e-28
9.188180931e-01  9.5845938e-13  9.58459e-13  9.58459e-13  1.67751e-28
9.234121836e-01  9.6071910e-13  9.60719e-13  9.60719e-13  2.13481e-28
9.280292445e-01  9.6279558e-13  9.62796e-13  9.62796e-13  2.71333e-28
9.326693908e-01  9.6431447e-13  9.64314e-13  9.64314e-13  3.44442e-28
9.373327377e-01  9.6639967e-13  9.66400e-13  9.66400e-13  4.36674e-28
9.420194014e-01  9.6755385e-13  9.67554e-13  9.67554e-13  5.52950e-28
9.467294984e-01  9.6939851e-13  9.69399e-13  9.69399e-13  6.99268e-28
9.514631459e-01  9.7653704e-13  9.76537e-13  9.76537e-13  8.82792e-28
9.562204616e-01  9.8534873e-13  9.85349e-13  9.85349e-13  1.11294e-27
9.610015639e-01  9.9321892e-13  9.93219e-13  9.93219e-13  1.40145e-27
9.658065718e-01  1.0039964e-12  1.00400e-12  1.00400e-12  1.76215e-27
9.706356046e-01  1.0148193e-12  1.01482e-12  1.01482e-12  2.21295e-27
9.754887826e-01  1.0271719e-12  1.02717e-12  1.02717e-12  2.77531e-27
9.803662265e-01  1.0463654e-12  1.04637e-12  1.04637e-12  3.47425e-27
9.852680577e-01  1.0636020e-12  1.06360e-12  1.06360e-12  4.34470e-27
9.901943980e-01  1.0807367e-12  1.08074e-12  1.08074e-12  5.42672e-27
9.951453700e-01  1.1020795e-12  1.10208e-12  1.10208e-12  6.76755e-27
1.000121097e+00  1.1233039e-12  1.12330e-12  1.12330e-12  8.42965e-27
1.005121702e+00  1.1433014e-12  1.14330e-12  1.14330e-12  1.04886e-26
1.010147311e+00  1.1671037e-12  1.16710e-12  1.16710e-12  1.30305e-26
1.015198047e+00  1.1919954e-12  1.19200e-12  1.19200e-12  1.61677e-26
1.020274038e+00  1.2167446e-12  1.21674e-12  1.21674e-12  2.00369e-26
1.025375408e+00  1.2409819e-12  1.24098e-12  1.24098e-12  2.48041e-26
1.030502285e+00  1.2677529e-12  1.26775e-12  1.26775e-12  3.06625e-26
1.035654796e+00  1.2931473e-12  1.29315e-12  1.29315e-12  3.78653e-26
1.040833070e+00  1.3136465e-12  1.31365e-12  1.31365e-12  4.67270e-26
1.046037236e+00  1.3364255e-12  1.33643e-12  1.33643e-12  5.75844e-26
1.051267422e+00  1.3539670e-12  1.35397e-12  1.35397e-12  7.09179e-26
1.056523759e+00  1.3714904e-12  1.37149e-12  1.37149e-12  8.72396e-26
1.061806378e+00  1.3952594e-12  1.39526e-12  1.39526e-12  1.07134e-25
1.067115410e+00  1.4120040e-12  1.41200e-12  1.41200e-12  1.31503e-25
1.072450987e+00  1.4268053e-12  1.42681e-12  1.42681e-12  1.61264e-25
1.077813242e+00  1.4378767e-12  1.43788e-12  1.43788e-12  1.97610e-25
1.083202308e+00  1.4499005e-12  1.44990e-12  1.44990e-12  2.41858e-25
1.088618319e+00  1.4583382e-12  1.45834e-12  1.45834e-12  2.95790e-25
1.094061411e+00  1.4648776e-12  1.46488e-12  1.46488e-12  3.61419e-25
1.099531718e+00  1.4715483e-12  1.47155e-12  1.47155e-12  4.41124e-25
1.105029377e+00  1.4701791e-12  1.47018e-12  1.47018e-12  5.38241e-25
1.110554523e+00  1.4791336e-12  1.47913e-12  1.47913e-12  6.55380e-25
1.116107296e+00  1.4853761e-12  1.48538e-12  1.48538e-12  7.97368e-25
1.121687832e+00  1.4836373e-12  1.48364e-12  1.48364e-12  9.69837e-25
1.127296272e+00  1.4831202e-12  1.48312e-12  1.48312e-12  1.17822e-24
1.132932753e+00  1.4839324e-12  1.48393e-12  1.48393e-12  1.42970e-24
1.138597417e+00  1.4825653e-12  1.48257e-12  1.48257e-12  1.73340e-24
1.144290404e+00  1.4822921e-12  1.48229e-12  1.48229e-12  2.09920e-24
1.150011856e+00  1.4831041e-12  1.48310e-12  1.48310e-12  2.53929e-24
1.155761915e+00  1.4801349e-12  1.48013e-12  1.48013e-12  3.06963e-24
1.161540725e+00  1.4759534e-12  1.47595e-12  1.47595e-12  3.70737e-24
1.167348428e+00  1.4728699e-12  1.47287e-12  1.47287e-12  4.47257e-24
1.173185171e+00  1.4699582e-12  1.46996e-12  1.46996e-12  5.39014e-24
1.179051096e+00  1.4655023e-12  1.46550e-12  1.46550e-12  6.49040e-24
1.184946352e+00  1.4623656e-12  1.46237e-12  1.46237e-12  7.80638e-24
1.190871084e+00  1.4574687e-12  1.45747e-12  1.45747e-12  9.38148e-24
1.196825439e+00  1.4525272e-12  1.45253e-12  1.45253e-12  1.12632e-23
1.202809566e+00  1.4481068e-12  1.44811e-12  1.44811e-12  1.35084e-23
1.208823614e+00  1.4440905e-12  1.44409e-12  1.44409e-12  1.61845e-23
1.214867732e+00  1.4395771e-12  1.43958e-12  1.43958e-12  1.93727e-23
1.220942071e+00  1.4359140e-12  1.43591e-12  1.43591e-12  2.31644e-23
1.227046781e+00  1.4317555e-12  1.43176e-12  1.43176e-12  2.76729e-23
1.233182015e+00  1.4235518e-12  1.42355e-12  1.42355e-12  3.30407e-23
1.239347925e+00  1.4163266e-12  1.41633e-12  1.41633e-12  3.94080e-23
1.245544665e+00  1.4109539e-12  1.41095e-12  1.41095e-12  4.69486e-23
1.251772388e+00  1.4065356e-12  1.40654e-12  1.40654e-12  5.58735e-23
1.258031250e+00  1.4027335e-12  1.40273e-12  1.40273e-12  6.64279e-23
1.264321406e+00  1.3984495e-12  1.39845e-12  1.39845e-12  7.89057e-23
1.270643013e+00  1.3940153e-12  1.39402e-12  1.39402e-12  9.36413e-23
1.276996228e+00  1.3900837e-12  1.39008e-12  1.39008e-12  1.11019e-22
1.283381209e+00  1.3860012e-12  1.38600e-12  1.38600e-12  1.31503e-22
1.289798116e+00  1.3830614e-12  1.38306e-12  1.38306e-12  1.55603e-22
1.296247106e+00  1.3766410e-12  1.37664e-12  1.37664e-12  1.84019e-22
1.302728342e+00  1.3704114e-12  1.37041e-12  1.37041e-12  2.17423e-22
1.309241983e+00  1.3625619e-12  1.36256e-12  1.36256e-12  2.56701e-22
1.315788193e+00  1.3551261e-12  1.35513e-12  1.35513e-12  3.02790e-22
1.322367134e+00  1.3489450e-12  1.34894e-12  1.34894e-12  3.56785e-22
1.328978970e+00  1.3419006e-12  1.34190e-12  1.34190e-12  4.20072e-22
1.335623865e+00  1.3369378e-12  1.33694e-12  1.33694e-12  4.94035e-22
1.342301984e+00  1.3296492e-12  1.32965e-12  1.32965e-12  5.80655e-22
1.349013494e+00  1.3212064e-12  1.32121e-12  1.32121e-12  6.81949e-22
1.355758561e+00  1.3141089e-12  1.31411e-12  1.31411e-12  8.00096e-22
1.362537354e+00  1.3050419e-12  1.30504e-12  1.30504e-12  9.38102e-22
1.369350041e+00  1.2975216e-12  1.29752e-12  1.29752e-12  1.09877e-21
1.376196791e+00  1.2900983e-12  1.29010e-12  1.29010e-12  1.28584e-21
1.383077775e+00  1.2813458e-12  1.28135e-12  1.28135e-12  1.50369e-21
1.389993164e+00  1.2729041e-12  1.27290e-12  1.27290e-12  1.75690e-21
1.396943130e+00  1.2619432e-12  1.26194e-12  1.26194e-12  2.05159e-21
1.403927846e+00  1.2534228e-12  1.25342e-12  1.25342e-12  2.39304e-21
1.410947485e+00  1.2472124e-12  1.24721e-12  1.24721e-12  2.78824e-21
1.418002222e+00  1.2381001e-12  1.23810e-12  1.23810e-12  3.24708e-21
1.425092233e+00  1.2270177e-12  1.22702e-12  1.22702e-12  3.77914e-21
1.432217694e+00  1.2151779e-12  1.21518e-12  1.21518e-12  4.39515e-21
1.439378783e+00  1.2044609e-12  1.20446e-12  1.20446e-12  5.10673e-21
1.446575677e+00  1.1926010e-12  1.19260e-12  1.19260e-12  5.92948e-21
1.453808555e+00  1.1814671e-12  1.18147e-12  1.18147e-12  6.87862e-21
1.461077598e+00  1.1721180e-12  1.17212e-12  1.17212e-12  7.97160e-21
1.468382986e+00  1.1583492e-12  1.15835e-12  1.15835e-12  9.23563e-21
1.475724901e+00  1.1437799e-12  1.14378e-12  1.14378e-12  1.06926e-20
1.483103525e+00  1.1309113e-12  1.13091e-12  1.13091e-12  1.23672e-20
1.490519043e+00  1.1173403e-12  1.11734e-12  1.11734e-12  1.42939e-20
1.497971638e+00  1.1055431e-12  1.10554e-12  1.10554e-12  1.65044e-20
1.505461496e+00  1.0934207e-12  1.09342e-12  1.09342e-12  1.90426e-20
1.512988804e+00  1.0806036e-12  1.08060e-12  1.08060e-12  2.19559e-20
1.520553748e+00  1.0659820e-12  1.06598e-12  1.06598e-12  2.53010e-20
1.528156517e+00  1.0511647e-12  1.05116e-12  1.05116e-12  2.91340e-20
1.535797299e+00  1.0365266e-12  1.03653e-12  1.03653e-12  3.35215e-20
1.543476286e+00  1.0237248e-12  1.02372e-12  1.02372e-12  3.85320e-20
1.551193667e+00  1.0060445e-12  1.00604e-12  1.00604e-12  4.42843e-20
1.558949636e+00  9.9368151e-13  9.93682e-13  9.93681e-13  5.08242e-20
1.566744384e+00  9.7530795e-13  9.75308e-13  9.75308e-13  5.83296e-20
1.574578106e+00  9.6401608e-13  9.64016e-13  9.64016e-13  6.68353e-20
1.582450996e+00  9.4613782e-13  9.46138e-13  9.46138e-13  7.65873e-20
1.590363251e+00  9.3133743e-13  9.31337e-13  9.31337e-13  8.76645e-20
1.598315067e+00  9.1663619e-13  9.16636e-13  9.16636e-13  1.00269e-19
1.606306643e+00  8.9929237e-13  8.99292e-13  8.99292e-13  1.14642e-19
1.614338176e+00  8.8806135e-13  8.88061e-13  8.88061e-13  1.30879e-19
1.622409867e+00  8.7295758e-13  8.72958e-13  8.72957e-13  1.49381e-19
1.630521916e+00  8.5970413e-13  8.59704e-13  8.59704e-13  1.70337e-19
1.638674526e+00  8.4454865e-13  8.44549e-13  8.44548e-13  1.94142e-19
1.646867898e+00  8.2984993e-13  8.29850e-13  8.29850e-13  2.21105e-19
1.655102238e+00  8.1628869e-13  8.16289e-13  8.16288e-13  2.51598e-19
1.663377749e+00  8.0376364e-13  8.03764e-13  8.03763e-13  2.86058e-19
1.671694638e+00  7.8768004e-13  7.87680e-13  7.87680e-13  3.25162e-19
1.680053111e+00  7.7518321e-13  7.75183e-13  7.75183e-13  3.69184e-19
1.688453377e+00  7.6118316e-13  7.61183e-13  7.61183e-13  4.18959e-19
1.696895643e+00  7.4912754e-13  7.49128e-13  7.49127e-13  4.74997e-19
1.705380122e+00  7.3649674e-13  7.36497e-13  7.36496e-13  5.38205e-19
1.713907022e+00  7.2470511e-13  7.24705e-13  7.24705e-13  6.09341e-19
1.722476557e+00  7.1259140e-13  7.12591e-13  7.12591e-13  6.89444e-19
1.731088940e+00  6.9967282e-13  6.99673e-13  6.99672e-13  7.79636e-19
1.739744385e+00  6.9115999e-13  6.91160e-13  6.91159e-13  8.80516e-19
1.748443107e+00  6.7898917e-13  6.78989e-13  6.78988e-13  9.94276e-19
1.757185322e+00  6.6892242e-13  6.68922e-13  6.68921e-13  1.12167e-18
1.765971249e+00  6.5581740e-13  6.55817e-13  6.55816e-13  1.26508e-18
1.774801105e+00  6.4480678e-13  6.44807e-13  6.44805e-13  1.42547e-18
1.783675111e+00  6.3806655e-13  6.38067e-13  6.38065e-13  1.60422e-18
1.792593486e+00  6.2987544e-13  6.29875e-13  6.29874e-13  1.80456e-18
1.801556454e+00  6.1838678e-13  6.18387e-13  6.18385e-13  2.02953e-18
1.810564236e+00  6.1001943e-13  6.10019e-13  6.10017e-13  2.28009e-18
1.819617057e+00  6.0202169e-13  6.02022e-13  6.02019e-13  2.55981e-18
1.828715142e+00  5.9423494e-13  5.94235e-13  5.94232e-13  2.87191e-18
1.837858718e+00  5.8513203e-13  5.85132e-13  5.85129e-13  3.22063e-18
1.847048012e+00  5.7648014e-13  5.76480e-13  5.76477e-13  3.60918e-18
1.856283252e+00  5.6887534e-13  5.68875e-13  5.68871e-13  4.04145e-18
1.865564668e+00  5.6282458e-13  5.62825e-13  5.62820e-13  4.52166e-18
1.874892491e+00  5.5740793e-13  5.57408e-13  5.57403e-13  5.05528e-18
1.884266954e+00  5.5180080e-13  5.51801e-13  5.51795e-13  5.64852e-18
1.893688289e+00  5.4468314e-13  5.44683e-13  5.44677e-13  6.30887e-18
1.903156730e+00  5.3908090e-13  5.39081e-13  5.39074e-13  7.04051e-18
1.912672514e+00  5.3496776e-13  5.34968e-13  5.34960e-13  7.85044e-18
1.922235876e+00  5.3065582e-13  5.30656e-13  5.30647e-13  8.74845e-18
1.931847056e+00  5.2708269e-13  5.27083e-13  5.27073e-13  9.74216e-18
1.941506291e+00  5.2444951e-13  5.24450e-13  5.24439e-13  1.08406e-17
1.951213822e+00  5.1727740e-13  5.17277e-13  5.17265e-13  1.20639e-17
1.960969892e+00  5.1622520e-13  5.16225e-13  5.16212e-13  1.34047e-17
1.970774741e+00  5.1207225e-13  5.12072e-13  5.12057e-13  1.48927e-17
1.980628615e+00  5.1009854e-13  5.10099e-13  5.10082e-13  1.65304e-17
1.990531758e+00  5.0590424e-13  5.05904e-13  5.05886e-13  1.83437e-17
2.000484417e+00  5.0551423e-13  5.05514e-13  5.05494e-13  2.03318e-17
2.010486839e+00  5.0243338e-13  5.02433e-13  5.02411e-13  2.25315e-17
2.020539273e+00  5.0187380e-13  5.01874e-13  5.01849e-13  2.49446e-17
2.030641969e+00  5.0048124e-13  5.00481e-13  5.00454e-13  2.76037e-17
2.040795179e+00  4.9880785e-13  4.98808e-13  4.98777e-13  3.05299e-17
2.050999155e+00  4.9705891e-13  4.97059e-13  4.97025e-13  3.37471e-17
2.061254151e+00  4.9649411e-13  4.96494e-13  4.96457e-13  3.72747e-17
2.071560421e+00  4.9597238e-13  4.95972e-13  4.95931e-13  4.11471e-17
2.081918224e+00  4.9425056e-13  4.94251e-13  4.94205e-13  4.54048e-17
2.092327815e+00  4.9498938e-13  4.94989e-13  4.94939e-13  5.00541e-17
2.102789454e+00  4.9581797e-13  4.95818e-13  4.95763e-13  5.51473e-17
2.113303401e+00  4.9557994e-13  4.95580e-13  4.95519e-13  6.07352e-17
2.123869918e+00  4.9512388e-13  4.95124e-13  4.95057e-13  6.68542e-17
2.134489268e+00  4.9527678e-13  4.95277e-13  4.95203e-13  7.35409e-17
2.145161714e+00  4.9558641e-13  4.95586e-13  4.95506e-13  8.08492e-17
2.155887523e+00  4.9686171e-13  4.96862e-13  4.96773e-13  8.88195e-17
2.166666960e+00  4.9746964e-13  4.97470e-13  4.97372e-13  9.75328e-17
2.177500295e+00  4.9686798e-13  4.96868e-13  4.96761e-13  1.07065e-16
2.188387796e+00  4.9753054e-13  4.97531e-13  4.97413e-13  1.17438e-16
2.199329735e+00  4.9943225e-13  4.99432e-13  4.99304e-13  1.28717e-16
2.210326384e+00  5.0067425e-13  5.00674e-13  5.00533e-13  1.41020e-16
2.221378016e+00  5.0253017e-13  5.02530e-13  5.02376e-13  1.54397e-16
2.232484906e+00  5.0099091e-13  5.00991e-13  5.00822e-13  1.69057e-16
2.243647331e+00  4.9967899e-13  4.99679e-13  4.99494e-13  1.85004e-16
2.254865567e+00  5.0029671e-13  5.00297e-13  5.00094e-13  2.02275e-16
2.266139895e+00  4.9888865e-13  4.98889e-13  4.98668e-13  2.21125e-16
2.277470595e+00  5.0025674e-13  5.00257e-13  5.00015e-13  2.41480e-16
2.288857948e+00  5.0105759e-13  5.01058e-13  5.00794e-13  2.63597e-16
2.300302237e+00  5.0204702e-13  5.02047e-13  5.01759e-13  2.87580e-16
2.311803748e+00  5.0282268e-13  5.02823e-13  5.02509e-13  3.13594e-16
2.323362767e+00  5.0141098e-13  5.01411e-13  5.01069e-13  3.41930e-16
2.334979581e+00  5.0127979e-13  5.01280e-13  5.00907e-13  3.72543e-16
2.346654479e+00  5.0078672e-13  5.00787e-13  5.00381e-13  4.05719e-16
2.358387751e+00  5.0076949e-13  5.00769e-13  5.00328e-13  4.41584e-16
2.370179690e+00  5.0094350e-13  5.00944e-13  5.00463e-13  4.80358e-16
2.382030589e+00  4.9977618e-13  4.99776e-13  4.99254e-13  5.22415e-16
2.393940742e+00  4.9968083e-13  4.99681e-13  4.99113e-13  5.67748e-16
2.405910445e+00  4.9902022e-13  4.99020e-13  4.98403e-13  6.16780e-16
2.417939997e+00  4.9855475e-13  4.98555e-13  4.97885e-13  6.69688e-16
2.430029697e+00  4.9790888e-13  4.97909e-13  4.97182e-13  7.26805e-16
2.442179846e+00  4.9766653e-13  4.97667e-13  4.96878e-13  7.88341e-16
2.454390745e+00  4.9635362e-13  4.96354e-13  4.95499e-13  8.54863e-16
2.466662699e+00  4.9414888e-13  4.94149e-13  4.93222e-13  9.26728e-16
2.478996012e+00  4.9365250e-13  4.93653e-13  4.92649e-13  1.00379e-15
2.491390992e+00  4.9129246e-13  4.91292e-13  4.90205e-13  1.08717e-15
2.503847947e+00  4.8659975e-13  4.86600e-13  4.85422e-13  1.17753e-15
2.516367187e+00  4.8548630e-13  4.85486e-13  4.84212e-13  1.27381e-15
2.528949023e+00  4.8351216e-13  4.83512e-13  4.82135e-13  1.37757e-15
2.541593768e+00  4.8184203e-13  4.81842e-13  4.80353e-13  1.48899e-15
2.554301737e+00  4.7953054e-13  4.79531e-13  4.77922e-13  1.60892e-15
2.567073246e+00  4.7752519e-13  4.77525e-13  4.75788e-13  1.73758e-15
2.579908612e+00  4.7533289e-13  4.75333e-13  4.73457e-13  1.87576e-15
2.592808155e+00  4.7315223e-13  4.73152e-13  4.71128e-13  2.02400e-15
2.605772196e+00  4.7035939e-13  4.70359e-13  4.68176e-13  2.18327e-15
2.618801057e+00  4.6720728e-13  4.67207e-13  4.64853e-13  2.35423e-15
2.631895062e+00  4.6479416e-13  4.64794e-13  4.62257e-13  2.53701e-15
2.645054537e+00  4.6127199e-13  4.61272e-13  4.58539e-13  2.73349e-15
2.658279810e+00  4.5839304e-13  4.58393e-13  4.55450e-13  2.94344e-15
2.671571209e+00  4.5582058e-13  4.55821e-13  4.52653e-13  3.16791e-15
2.684929065e+00  4.4987071e-13  4.49871e-13  4.46460e-13  3.41080e-15
2.698353710e+00  4.4340400e-13  4.43404e-13  4.39733e-13  3.67121e-15
2.711845479e+00  4.3638903e-13  4.36389e-13  4.32439e-13  3.95040e-15
2.725404706e+00  4.2929034e-13  4.29290e-13  4.25041e-13  4.24916e-15
2.739031730e+00  4.1965747e-13  4.19657e-13  4.15086e-13  4.57150e-15
2.752726889e+00  4.0958816e-13  4.09588e-13  4.04671e-13  4.91688e-15
2.766490523e+00  3.9870008e-13  3.98700e-13  3.93413e-13  5.28735e-15
2.780322976e+00  3.9059471e-13  3.90595e-13  3.84915e-13  5.67954e-15
2.794224591e+00  3.8356745e-13  3.83567e-13  3.77471e-13  6.09677e-15
2.808195713e+00  3.7660882e-13  3.76609e-13  3.70067e-13  6.54196e-15
2.822236692e+00  3.7065962e-13  3.70660e-13  3.63645e-13  7.01508e-15
2.836347875e+00  3.6574302e-13  3.65743e-13  3.58226e-13  7.51748e-15
2.850529615e+00  3.6150292e-13  3.61503e-13  3.53452e-13  8.05128e-15
2.864782263e+00  3.5721842e-13  3.57218e-13  3.48599e-13  8.61970e-15
2.879106174e+00  3.5343209e-13  3.53432e-13  3.44209e-13  9.22345e-15
2.893501705e+00  3.4980762e-13  3.49808e-13  3.39942e-13  9.86523e-15
2.907969214e+00  3.4683403e-13  3.46834e-13  3.36288e-13  1.05458e-14
2.922509060e+00  3.4405530e-13  3.44055e-13  3.32787e-13  1.12683e-14
2.937121605e+00  3.4167139e-13  3.41671e-13  3.29637e-13  1.20345e-14
2.951807213e+00  3.3947802e-13  3.39478e-13  3.26631e-13  1.28472e-14
2.966566249e+00  3.3747483e-13  3.37475e-13  3.23766e-13  1.37088e-14
2.981399080e+00  3.3621021e-13  3.36210e-13  3.21590e-13  1.46197e-14
2.996306076e+00  3.3532116e-13  3.35321e-13  3.19737e-13  1.55837e-14
3.011287606e+00  3.3434030e-13  3.34340e-13  3.17735e-13  1.66054e-14
3.026344044e+00  3.3373347e-13  3.33733e-13  3.16048e-13  1.76856e-14
3.041475764e+00  3.3285115e-13  3.32851e-13  3.14021e-13  1.88306e-14
3.056683143e+00  3.3193075e-13  3.31931e-13  3.11888e-13  2.00427e-14
3.071966559e+00  3.3090368e-13  3.30904e-13  3.09578e-13  2.13257e-14
3.087326392e+00  3.3011141e-13  3.30111e-13  3.07430e-13  2.26811e-14
3.102763024e+00  3.2929672e-13  3.29297e-13  3.05182e-13  2.41143e-14
3.118276839e+00  3.2897636e-13  3.28976e-13  3.03351e-13  2.56252e-14
3.133868223e+00  3.2907205e-13  3.29072e-13  3.01854e-13  2.72179e-14
3.149537564e+00  3.2875535e-13  3.28755e-13  2.99852e-13  2.89031e-14
3.165285252e+00  3.2907397e-13  3.29074e-13  2.98398e-13  3.06762e-14
3.181111678e+00  3.2938444e-13  3.29384e-13  2.96837e-13  3.25470e-14
3.197017237e+00  3.2972899e-13  3.29729e-13  2.95209e-13  3.45198e-14
3.213002323e+00  3.3004486e-13  3.30045e-13  2.93444e-13  3.66004e-14
3.229067334e+00  3.3047801e-13  3.30478e-13  2.91686e-13  3.87921e-14
3.245212671e+00  3.3086322e-13  3.30863e-13  2.89761e-13  4.11023e-14
3.261438734e+00  3.3154792e-13  3.31548e-13  2.88016e-13  4.35320e-14
3.277745928e+00  3.3223191e-13  3.32232e-13  2.86141e-13  4.60906e-14
3.294134658e+00  3.3292442e-13  3.32924e-13  2.84140e-13  4.87843e-14
3.310605331e+00  3.3360198e-13  3.33602e-13  2.81982e-13  5.16197e-14
3.327158358e+00  3.3434026e-13  3.34340e-13  2.79738e-13  5.46023e-14
3.343794149e+00  3.3505133e-13  3.35051e-13  2.77311e-13  5.77405e-14
3.360513120e+00  3.3520304e-13  3.35203e-13  2.74150e-13  6.10530e-14
3.377315686e+00  3.3558332e-13  3.35583e-13  2.71051e-13  6.45322e-14
3.394202264e+00  3.3641811e-13  3.36418e-13  2.68238e-13  6.81799e-14
3.411173276e+00  3.3724082e-13  3.37241e-13  2.65226e-13  7.20143e-14
3.428229142e+00  3.4105425e-13  3.41054e-13  2.65091e-13  7.59635e-14
3.445370288e+00  3.4412371e-13  3.44124e-13  2.63996e-13  8.01280e-14
3.462597139e+00  3.4687659e-13  3.46877e-13  2.62369e-13  8.45076e-14
3.479910125e+00  3.4930621e-13  3.49306e-13  2.60192e-13  8.91137e-14
3.497309675e+00  3.5188142e-13  3.51881e-13  2.57939e-13  9.39422e-14
3.514796224e+00  3.5634384e-13  3.56344e-13  2.57405e-13  9.89385e-14
3.532370205e+00  3.6038782e-13  3.60388e-13  2.56197e-13  1.04191e-13
3.550032056e+00  3.6432946e-13  3.64329e-13  2.54630e-13  1.09699e-13
3.567782216e+00  3.6827423e-13  3.68274e-13  2.52802e-13  1.15472e-13
3.585621127e+00  3.7229616e-13  3.72296e-13  2.50778e-13  1.21518e-13
3.603549233e+00  3.7663405e-13  3.76634e-13  2.48796e-13  1.27838e-13
3.621566979e+00  3.8121467e-13  3.81215e-13  2.46770e-13  1.34445e-13
3.639674814e+00  3.8594152e-13  3.85942e-13  2.44585e-13  1.41356e-13
3.657873188e+00  3.9115362e-13  3.91154e-13  2.42588e-13  1.48565e-13
3.676162554e+00  3.9656406e-13  3.96564e-13  2.40463e-13  1.56101e-13
3.694543367e+00  4.0247777e-13  4.02478e-13  2.38523e-13  1.63955e-13
3.713016084e+00  4.0851150e-13  4.08511e-13  2.36346e-13  1.72166e-13
3.731581164e+00  4.1489075e-13  4.14891e-13  2.34158e-13  1.80733e-13
3.750239070e+00  4.2165405e-13  4.21654e-13  2.31987e-13  1.89667e-13
3.768990265e+00  4.2888890e-13  4.28889e-13  2.29916e-13  1.98973e-13
3.787835216e+00  4.3650658e-13  4.36507e-13  2.27834e-13  2.08673e-13
3.806774393e+00  4.4449687e-13  4.44497e-13  2.25715e-13  2.18782e-13
3.825808265e+00  4.5289921e-13  4.52899e-13  2.23586e-13  2.29313e-13
3.844937306e+00  4.6168103e-13  4.61681e-13  2.21396e-13  2.40285e-13
3.864161992e+00  4.7104603e-13  4.71046e-13  2.19355e-13  2.51691e-13
3.883482802e+00  4.8081965e-13  4.80820e-13  2.17253e-13  2.63566e-13
3.902900216e+00  4.9101966e-13  4.91020e-13  2.15092e-13  2.75928e-13
3.922414717e+00  5.0168649e-13  5.01686e-13  2.12899e-13  2.88788e-13
3.942026791e+00  5.1299114e-13  5.12991e-13  2.10851e-13  3.02140e-13
3.961736925e+00  5.2466345e-13  5.24663e-13  2.08620e-13  3.16043e-13
3.981545610e+00  5.3700379e-13  5.37004e-13  2.06534e-13  3.30470e-13
4.001453338e+00  5.4989792e-13  5.49898e-13  2.04442e-13  3.45456e-13
4.021460604e+00  5.6342494e-13  5.63425e-13  2.02417e-13  3.61008e-13
4.041567907e+00  5.7733826e-13  5.77338e-13  2.00143e-13  3.77195e-13
4.061775747e+00  5.9198305e-13  5.91983e-13  1.98011e-13  3.93972e-13
4.082084626e+00  6.0739046e-13  6.07390e-13  1.96042e-13  4.11348e-13
4.102495049e+00  6.2324941e-13  6.23249e-13  1.93830e-13  4.29419e-13
4.123007524e+00  6.3992475e-13  6.39925e-13  1.91804e-13  4.48121e-13
4.143622562e+00  6.5724520e-13  6.57245e-13  1.89727e-13  4.67519e-13
4.164340674e+00  6.7525089e-13  6.75251e-13  1.87623e-13  4.87628e-13
4.185162378e+00  6.9392876e-13  6.93929e-13  1.85448e-13  5.08481e-13
4.206088190e+00  7.1355647e-13  7.13556e-13  1.83543e-13  5.30013e-13
4.227118631e+00  7.3392571e-13  7.33926e-13  1.81611e-13  5.52314e-13
4.248254224e+00  7.5499482e-13  7.54995e-13  1.79564e-13  5.75431e-13
4.269495495e+00  7.7688532e-13  7.76885e-13  1.77536e-13  5.99349e-13
4.290842972e+00  7.9955721e-13  7.99557e-13  1.75440e-13  6.24117e-13
4.312297187e+00  8.2325664e-13  8.23257e-13  1.73605e-13  6.49652e-13
4.333858673e+00  8.4769125e-13  8.47691e-13  1.71571e-13  6.76120e-13
4.355527967e+00  8.7312956e-13  8.73130e-13  1.69707e-13  7.03423e-13
4.377305606e+00  8.9943742e-13  8.99437e-13  1.67776e-13  7.31662e-13
4.399192134e+00  9.2662960e-13  9.26630e-13  1.65759e-13  7.60871e-13
4.421188095e+00  9.5488243e-13  9.54882e-13  1.63908e-13  7.90974e-13
4.443294036e+00  9.8413713e-13  9.84137e-13  1.62097e-13  8.22040e-13
4.465510506e+00  1.0143584e-12  1.01436e-12  1.60221e-13  8.54138e-13
4.487838058e+00  1.0456284e-12  1.04563e-12  1.58384e-13  8.87245e-13
4.510277249e+00  1.0778163e-12  1.07782e-12  1.56283e-13  9.21533e-13
4.532828635e+00  1.1110352e-12  1.11104e-12  1.54066e-13  9.56970e-13
4.555492778e+00  1.1452751e-12  1.14528e-12  1.51636e-13  9.93639e-13
4.578270242e+00  1.1804536e-12  1.18045e-12  1.48705e-13  1.03175e-12
4.601161593e+00  1.2168078e-12  1.21681e-12  1.45695e-13  1.07111e-12
4.624167401e+00  1.2542280e-12  1.25423e-12  1.42222e-13  1.11201e-12
4.647288238e+00  1.2928073e-12  1.29281e-12  1.38357e-13  1.15445e-12
4.670524679e+00  1.3327427e-12  1.33274e-12  1.34508e-13  1.19823e-12
4.693877303e+00  1.3740114e-12  1.37401e-12  1.30488e-13  1.24352e-12
4.717346689e+00  1.4168619e-12  1.41686e-12  1.27066e-13  1.28980e-12
4.740933423e+00  1.4612582e-12  1.46126e-12  1.24191e-13  1.33707e-12
4.764638090e+00  1.5070907e-12  1.50709e-12  1.21410e-13  1.38568e-12
4.788461280e+00  1.5543045e-12  1.55430e-12  1.18230e-13  1.43607e-12
4.812403587e+00  1.6029956e-12  1.60300e-12  1.14824e-13  1.48817e-12
4.836465604e+00  1.6532536e-12  1.65325e-12  1.11575e-13  1.54168e-12
4.860647933e+00  1.7051094e-12  1.70511e-12  1.08850e-13  1.59626e-12
4.884951172e+00  1.7585325e-12  1.75853e-12  1.06724e-13  1.65181e-12
4.909375928e+00  1.8134976e-12  1.81350e-12  1.04766e-13  1.70873e-12
4.933922808e+00  1.8700341e-12  1.87003e-12  1.02728e-13  1.76731e-12
4.958592422e+00  1.9281774e-12  1.92818e-12  1.00649e-13  1.82753e-12
4.983385384e+00  1.9879817e-12  1.98798e-12  9.84277e-14  1.88955e-12
5.008302311e+00  2.0494041e-12  2.04940e-12  9.64717e-14  1.95293e-12
5.033343822e+00  2.1125500e-12  2.11255e-12  9.43747e-14  2.01818e-12
5.058510541e+00  2.1775648e-12  2.17756e-12  9.18595e-14  2.08571e-12
5.083803094e+00  2.2444543e-12  2.24445e-12  8.91670e-14  2.15529e-12
5.109222110e+00  2.3131855e-12  2.31319e-12  8.65133e-14  2.22667e-12
5.134768220e+00  2.3836804e-12  2.38368e-12  8.41077e-14  2.29957e-12
5.160442061e+00  2.4559231e-12  2.45592e-12  8.19601e-14  2.37396e-12
5.186244272e+00  2.5294535e-12  2.52945e-12  8.07769e-14  2.44868e-12
5.212175493e+00  2.6042198e-12  2.60422e-12  8.04079e-14  2.52381e-12
5.238236370e+00  2.6804315e-12  2.68043e-12  8.03966e-14  2.60003e-12
5.264427552e+00  2.7581703e-12  2.75817e-12  8.05795e-14  2.67759e-12
5.290749690e+00  2.8373332e-12  2.83733e-12  8.10431e-14  2.75629e-12
5.317203438e+00  2.9178954e-12  2.91790e-12  8.17649e-14  2.83613e-12
5.343789456e+00  3.0007049e-12  3.00070e-12  8.18965e-14  2.91881e-12
5.370508403e+00  3.0863005e-12  3.08630e-12  8.10956e-14  3.00520e-12
5.397360945e+00  3.1742318e-12  3.17423e-12  7.99327e-14  3.09430e-12
5.424347750e+00  3.2640095e-12  3.26401e-12  7.88712e-14  3.18514e-12
5.451469488e+00  3.3554934e-12  3.35549e-12  7.80103e-14  3.27748e-12
5.478726836e+00  3.4483621e-12  3.44836e-12  7.75462e-14  3.37082e-12
5.506120470e+00  3.5433477e-12  3.54335e-12  7.69555e-14  3.46639e-12
5.533651072e+00  3.6408983e-12  3.64090e-12  7.60011e-14  3.56490e-12
5.561319328e+00  3.7414187e-12  3.74142e-12  7.45247e-14  3.66689e-12
5.589125924e+00  3.8450631e-12  3.84506e-12  7.25400e-14  3.77252e-12
5.617071554e+00  3.9509315e-12  3.95093e-12  7.05977e-14  3.88033e-12
5.645156912e+00  4.0578782e-12  4.05788e-12  6.92565e-14  3.98862e-12
5.673382696e+00  4.1665948e-12  4.16659e-12  6.81223e-14  4.09847e-12
5.701749610e+00  4.2769525e-12  4.27695e-12  6.72302e-14  4.20972e-12
5.730258358e+00  4.3899963e-12  4.39000e-12  6.61222e-14  4.32387e-12
5.758909650e+00  4.5052379e-12  4.50524e-12  6.50280e-14  4.44021e-12
5.787704198e+00  4.6230410e-12  4.62304e-12  6.38170e-14  4.55922e-12
5.816642719e+00  4.7425186e-12  4.74252e-12  6.28289e-14  4.67969e-12
5.845725932e+00  4.8647474e-12  4.86475e-12  6.16733e-14  4.80307e-12
5.874954562e+00  4.9897211e-12  4.98972e-12  6.03801e-14  4.92934e-12
5.904329335e+00  5.1183942e-12  5.11839e-12  5.86761e-14  5.05972e-12
5.933850982e+00  5.2511372e-12  5.25114e-12  5.65097e-14  5.19463e-12
5.963520237e+00  5.3867053e-12  5.38671e-12  5.43024e-14  5.33240e-12
5.993337838e+00  5.5223592e-12  5.52236e-12  5.28167e-14  5.46954e-12
6.023304527e+00  5.6596235e-12  5.65962e-12  5.15716e-14  5.60805e-12
6.053421050e+00  5.7974679e-12  5.79747e-12  5.08023e-14  5.74667e-12
6.083688155e+00  5.9381003e-12  5.93810e-12  4.99229e-14  5.88818e-12
6.114106596e+00  6.0812680e-12  6.08127e-12  4.90073e-14  6.03226e-12
6.144677129e+00  6.2280504e-12  6.22805e-12  4.78219e-14  6.18023e-12
6.175400514e+00  6.3760722e-12  6.37607e-12  4.69095e-14  6.32916e-12
6.206277517e+00  6.5262384e-12  6.52624e-12  4.60553e-14  6.48018e-12
6.237308904e+00  6.6772654e-12  6.67727e-12  4.55096e-14  6.63176e-12
6.268495449e+00  6.8294394e-12  6.82944e-12  4.51849e-14  6.78425e-12
6.299837926e+00  6.9837621e-12  6.98376e-12  4.48734e-14  6.93889e-12
6.331337116e+00  7.1387200e-12  7.13872e-12  4.48419e-14  7.09388e-12
6.362993801e+00  7.2945012e-12  7.29450e-12  4.50277e-14  7.24947e-12
6.394808770e+00  7.4521878e-12  7.45219e-12  4.52283e-14  7.40696e-12
6.426782814e+00  7.6127837e-12  7.61278e-12  4.52807e-14  7.56750e-12
6.458916728e+00  7.7788712e-12  7.77887e-12  4.48021e-14  7.73407e-12
6.491211312e+00  7.9466921e-12  7.94669e-12  4.44027e-14  7.90229e-12
6.523667368e+00  8.1193702e-12  8.11937e-12  4.36269e-14  8.07574e-12
6.556285705e+00  8.2952134e-12  8.29521e-12  4.27462e-14  8.25247e-12
6.589067134e+00  8.4717989e-12  8.47180e-12  4.20950e-14  8.42970e-12
6.622012469e+00  8.6508259e-12  8.65083e-12  4.14314e-14  8.60939e-12
6.655122532e+00  8.8305071e-12  8.83051e-12  4.09795e-14  8.78953e-12
6.688398144e+00  9.0119655e-12  9.01197e-12  4.05826e-14  8.97138e-12
6.721840135e+00  9.1964405e-12  9.19644e-12  4.00894e-14  9.15635e-12
6.755449336e+00  9.3838931e-12  9.38389e-12  3.95125e-14  9.34438e-12
6.789226583e+00  9.5746343e-12  9.57463e-12  3.88246e-14  9.53581e-12
6.823172715e+00  9.7677185e-12  9.76772e-12  3.81360e-14  9.72958e-12
6.857288579e+00  9.9639815e-12  9.96398e-12  3.73600e-14  9.92662e-12
6.891575022e+00  1.0163759e-11  1.01638e-11  3.64704e-14  1.01273e-11
6.926032897e+00  1.0365653e-11  1.03657e-11  3.56126e-14  1.03300e-11
6.960663062e+00  1.0567935e-11  1.05679e-11  3.49453e-14  1.05330e-11
6.995466377e+00  1.0772304e-11  1.07723e-11  3.42963e-14  1.07380e-11
7.030443709e+00  1.0979676e-11  1.09797e-11  3.35823e-14  1.09461e-11
7.065595927e+00  1.1188913e-11  1.11889e-11  3.29056e-14  1.11560e-11
7.100923907e+00  1.1400301e-11  1.14003e-11  3.22381e-14  1.13681e-11
7.136428526e+00  1.1614043e-11  1.16140e-11  3.15620e-14  1.15825e-11
7.172110669e+00  1.1830924e-11  1.18309e-11  3.08152e-14  1.18001e-11
7.207971222e+00  1.2049481e-11  1.20495e-11  3.01145e-14  1.20194e-11
7.244011079e+00  1.2271433e-11  1.22714e-11  2.93277e-14  1.22421e-11
7.280231134e+00  1.2495389e-11  1.24954e-11  2.85612e-14  1.24668e-11
7.316632290e+00  1.2724997e-11  1.27250e-11  2.75574e-14  1.26974e-11
7.353215451e+00  1.2954938e-11  1.29549e-11  2.66967e-14  1.29282e-11
7.389981528e+00  1.3188137e-11  1.31881e-11  2.57735e-14  1.31624e-11
7.426931436e+00  1.3420482e-11  1.34205e-11  2.50565e-14  1.33954e-11
7.464066093e+00  1.3656933e-11  1.36569e-11  2.42180e-14  1.36327e-11
7.501386424e+00  1.3894213e-11  1.38942e-11  2.34662e-14  1.38707e-11
7.538893356e+00  1.4132228e-11  1.41322e-11  2.27990e-14  1.41094e-11
7.576587822e+00  1.4372694e-11  1.43727e-11  2.21097e-14  1.43506e-11
7.614470762e+00  1.4613907e-11  1.46139e-11  2.14947e-14  1.45924e-11
7.652543115e+00  1.4858808e-11  1.48588e-11  2.07863e-14  1.48380e-11
7.690805831e+00  1.5105551e-11  1.51056e-11  2.00889e-14  1.50855e-11
7.729259860e+00  1.5353505e-11  1.53535e-11  1.94333e-14  1.53341e-11
7.767906159e+00  1.5606253e-11  1.56063e-11  1.86343e-14  1.55876e-11
7.806745690e+00  1.5860050e-11  1.58600e-11  1.78861e-14  1.58422e-11
7.845779419e+00  1.6114192e-11  1.61142e-11  1.72179e-14  1.60970e-11
7.885008316e+00  1.6371767e-11  1.63718e-11  1.64780e-14  1.63553e-11
7.924433357e+00  1.6632339e-11  1.66323e-11  1.56908e-14  1.66166e-11
7.964055524e+00  1.6891806e-11  1.68918e-11  1.50414e-14  1.68768e-11
8.003875802e+00  1.7154355e-11  1.71544e-11  1.43369e-14  1.71400e-11
8.043895181e+00  1.7419165e-11  1.74192e-11  1.36151e-14  1.74056e-11
8.084114657e+00  1.7685537e-11  1.76855e-11  1.29053e-14  1.76726e-11
8.124535230e+00  1.7955361e-11  1.79554e-11  1.21294e-14  1.79432e-11
8.165157906e+00  1.8221735e-11  1.82217e-11  1.15628e-14  1.82102e-11
8.205983696e+00  1.8486201e-11  1.84862e-11  1.11306e-14  1.84751e-11
8.247013614e+00  1.8749489e-11  1.87495e-11  1.07948e-14  1.87387e-11
8.288248682e+00  1.9010706e-11  1.90107e-11  1.05801e-14  1.90001e-11
8.329689926e+00  1.9263813e-11  1.92638e-11  1.06929e-14  1.92531e-11
8.371338375e+00  1.9513548e-11  1.95135e-11  1.09433e-14  1.95026e-11
8.413195067e+00  1.9762607e-11  1.97626e-11  1.12279e-14  1.97514e-11
8.455261042e+00  2.0003997e-11  2.00040e-11  1.17760e-14  1.99922e-11
8.497537348e+00  2.0238134e-11  2.02381e-11  1.25541e-14  2.02256e-11
8.540025034e+00  2.0448469e-11  2.04485e-11  1.40722e-14  2.04344e-11
8.582725160e+00  2.0616143e-11  2.06161e-11  1.68660e-14  2.05993e-11
8.625638785e+00  2.0716764e-11  2.07168e-11  2.15909e-14  2.06952e-11
8.668766979e+00  2.0737801e-11  2.07378e-11  2.84880e-14  2.07093e-11
8.712110814e+00  2.0676231e-11  2.06762e-11  3.74963e-14  2.06387e-11
8.755671368e+00  2.0605541e-11  2.06055e-11  4.63734e-14  2.05592e-11
8.799449725e+00  2.0631133e-11  2.06311e-11  5.21769e-14  2.05790e-11
8.843446974e+00  2.0606152e-11  2.06062e-11  5.91040e-14  2.05470e-11
8.887664209e+00  2.0585189e-11  2.05852e-11  6.56173e-14  2.05196e-11
8.932102530e+00  2.0689662e-11  2.06897e-11  6.85599e-14  2.06211e-11
8.976763042e+00  2.0803609e-11  2.08036e-11  7.11188e-14  2.07325e-11
9.021646857e+00  2.0898350e-11  2.08984e-11  7.40327e-14  2.08243e-11
9.066755092e+00  2.1065559e-11  2.10656e-11  7.50262e-14  2.09905e-11
9.112088867e+00  2.1320002e-11  2.13200e-11  7.38594e-14  2.12461e-11
9.157649312e+00  2.1621587e-11  2.16216e-11  7.16072e-14  2.15500e-11
9.203437558e+00  2.1925079e-11  2.19251e-11  6.93788e-14  2.18557e-11
9.249454746e+00  2.2211712e-11  2.22117e-11  6.75971e-14  2.21441e-11
9.295702020e+00  2.2482325e-11  2.24823e-11  6.62173e-14  2.24161e-11
9.342180530e+00  2.2722199e-11  2.27222e-11  6.55346e-14  2.26567e-11
9.388891432e+00  2.2945039e-11  2.29450e-11  6.52161e-14  2.28798e-11
9.435835890e+00  2.3167762e-11  2.31678e-11  6.48869e-14  2.31029e-11
9.483015069e+00  2.3396326e-11  2.33963e-11  6.44251e-14  2.33319e-11
9.530430144e+00  2.3677162e-11  2.36772e-11  6.29076e-14  2.36143e-11
9.578082295e+00  2.4018772e-11  2.40188e-11  6.02281e-14  2.39585e-11
9.625972707e+00  2.4418933e-11  2.44189e-11  5.64968e-14  2.43624e-11
9.674102570e+00  2.4852477e-11  2.48525e-11  5.22506e-14  2.48002e-11
9.722473083e+00  2.5232932e-11  2.52329e-11  4.91231e-14  2.51838e-11
9.771085448e+00  2.5622154e-11  2.56222e-11  4.59284e-14  2.55762e-11
9.819940876e+00  2.6030047e-11  2.60300e-11  4.24946e-14  2.59876e-11
9.869040580e+00  2.6366280e-11  2.63663e-11  4.04181e-14  2.63259e-11
9.918385783e+00  2.6624988e-11  2.66250e-11  3.97253e-14  2.65853e-11
9.967977712e+00  2.6769745e-11  2.67697e-11  4.09547e-14  2.67288e-11
1.001781760e+01  2.6876769e-11  2.68768e-11  4.27383e-14  2.68340e-11
1.006790669e+01  2.6996827e-11  2.69968e-11  4.42188e-14  2.69526e-11
1.011824622e+01  2.7140360e-11  2.71404e-11  4.52442e-14  2.70951e-11
1.016883745e+01  2.7303878e-11  2.73039e-11  4.58921e-14  2.72580e-11
1.021968164e+01  2.7399665e-11  2.73997e-11  4.75314e-14  2.73521e-11
1.027078005e+01  2.7445982e-11  2.74460e-11  4.98320e-14  2.73961e-11
1.032213395e+01  2.7600445e-11  2.76004e-11  5.04163e-14  2.75500e-11
1.037374462e+01  2.7860934e-11  2.78609e-11  4.94032e-14  2.78115e-11
1.042561334e+01  2.8079194e-11  2.80792e-11  4.90011e-14  2.80302e-11
1.047774141e+01  2.8278579e-11  2.82786e-11  4.88491e-14  2.82297e-11
1.053013012e+01  2.8514480e-11  2.85145e-11  4.81668e-14  2.84663e-11
1.058278077e+01  2.8748327e-11  2.87483e-11  4.75057e-14  2.87008e-11
1.063569467e+01  2.8971080e-11  2.89711e-11  4.69856e-14  2.89241e-11
1.068887314e+01  2.9224782e-11  2.92248e-11  4.60461e-14  2.91787e-11
1.074231751e+01  2.9534537e-11  2.95345e-11  4.43833e-14  2.94902e-11
1.079602910e+01  2.9895347e-11  2.98953e-11  4.20969e-14  2.98532e-11
1.085000924e+01  3.0359813e-11  3.03598e-11  3.85604e-14  3.03213e-11
1.090425929e+01  3.0817000e-11  3.08170e-11  3.52008e-14  3.07818e-11
1.095878058e+01  3.1163425e-11  3.11634e-11  3.32625e-14  3.11302e-11
1.101357449e+01  3.1422277e-11  3.14223e-11  3.24015e-14  3.13899e-11
1.106864236e+01  3.1565169e-11  3.15652e-11  3.28983e-14  3.15323e-11
1.112398557e+01  3.1513765e-11  3.15138e-11  3.55900e-14  3.14782e-11
1.117960550e+01  3.1416396e-11  3.14164e-11  3.86891e-14  3.13777e-11
1.123550353e+01  3.1466747e-11  3.14667e-11  4.00136e-14  3.14267e-11
1.129168104e+01  3.1639924e-11  3.16399e-11  3.99188e-14  3.16000e-11
1.134813945e+01  3.1944675e-11  3.19447e-11  3.83759e-14  3.19063e-11
1.140488015e+01  3.2310709e-11  3.23107e-11  3.62003e-14  3.22745e-11
1.146190455e+01  3.2664455e-11  3.26645e-11  3.41923e-14  3.26303e-11
1.151921407e+01  3.3009916e-11  3.30099e-11  3.23036e-14  3.29776e-11
1.157681014e+01  3.3390066e-11  3.33901e-11  3.00926e-14  3.33600e-11
1.163469419e+01  3.3761299e-11  3.37613e-11  2.80107e-14  3.37333e-11
1.169286766e+01  3.4078245e-11  3.40782e-11  2.64995e-14  3.40517e-11
1.175133200e+01  3.4389707e-11  3.43897e-11  2.50604e-14  3.43646e-11
1.181008866e+01  3.4698132e-11  3.46981e-11  2.36671e-14  3.46745e-11
1.186913910e+01  3.4980102e-11  3.49801e-11  2.25382e-14  3.49576e-11
1.192848480e+01  3.5228825e-11  3.52288e-11  2.17255e-14  3.52071e-11
1.198812722e+01  3.5464699e-11  3.54647e-11  2.10286e-14  3.54437e-11
1.204806786e+01  3.5698042e-11  3.56980e-11  2.03496e-14  3.56777e-11
1.210830820e+01  3.5930317e-11  3.59303e-11  1.96748e-14  3.59106e-11
1.216884974e+01  3.6161501e-11  3.61615e-11  1.90042e-14  3.61425e-11
1.222969399e+01  3.6406080e-11  3.64061e-11  1.82126e-14  3.63879e-11
1.229084246e+01  3.6646972e-11  3.66470e-11  1.74504e-14  3.66295e-11
1.235229667e+01  3.6869847e-11  3.68698e-11  1.68368e-14  3.68530e-11
1.241405815e+01  3.7080253e-11  3.70803e-11  1.63195e-14  3.70639e-11
1.247612845e+01  3.7294744e-11  3.72947e-11  1.57598e-14  3.72790e-11
1.253850909e+01  3.7502822e-11  3.75028e-11  1.52436e-14  3.74876e-11
1.260120163e+01  3.7711071e-11  3.77111e-11  1.47171e-14  3.76964e-11
1.266420764e+01  3.7915947e-11  3.79159e-11  1.42083e-14  3.79017e-11
1.272752868e+01  3.8111860e-11  3.81119e-11  1.37597e-14  3.80981e-11
1.279116632e+01  3.8309435e-11  3.83094e-11  1.32880e-14  3.82961e-11
1.285512215e+01  3.8497117e-11  3.84971e-11  1.28809e-14  3.84842e-11
1.291939776e+01  3.8684008e-11  3.86840e-11  1.24684e-14  3.86715e-11
1.298399475e+01  3.8869296e-11  3.88693e-11  1.20567e-14  3.88572e-11
1.304891473e+01  3.9044490e-11  3.90445e-11  1.17069e-14  3.90328e-11
1.311415930e+01  3.9226500e-11  3.92265e-11  1.12962e-14  3.92152e-11
1.317973010e+01  3.9395480e-11  3.93955e-11  1.09665e-14  3.93845e-11
1.324562875e+01  3.9570069e-11  3.95701e-11  1.05854e-14  3.95595e-11
1.331185689e+01  3.9749103e-11  3.97491e-11  1.01628e-14  3.97389e-11
1.337841618e+01  3.9924004e-11  3.99240e-11  9.75837e-15  3.99142e-11
1.344530826e+01  4.0056396e-11  4.00564e-11  9.62759e-15  4.00468e-11
1.351253480e+01  4.0198400e-11  4.01984e-11  9.41661e-15  4.01890e-11
1.358009747e+01  4.0342238e-11  4.03422e-11  9.17902e-15  4.03331e-11
1.364799796e+01  4.0423447e-11  4.04234e-11  9.33026e-15  4.04141e-11
1.371623795e+01  4.0470698e-11  4.04707e-11  9.67386e-15  4.04610e-11
1.378481914e+01  4.0514695e-11  4.05147e-11  1.00101e-14  4.05047e-11
1.385374323e+01  4.0608742e-11  4.06087e-11  1.00089e-14  4.05987e-11
1.392301195e+01  4.0754962e-11  4.07550e-11  9.66951e-15  4.07453e-11
1.399262701e+01  4.0905691e-11  4.09057e-11  9.29225e-15  4.08964e-11
1.406259015e+01  4.1064778e-11  4.10648e-11  8.85555e-15  4.10559e-11
1.413290310e+01  4.1209819e-11  4.12098e-11  8.49384e-15  4.12013e-11
1.420356761e+01  4.1338592e-11  4.13386e-11  8.21750e-15  4.13304e-11
1.427458545e+01  4.1459511e-11  4.14595e-11  7.97508e-15  4.14515e-11
1.434595838e+01  4.1563140e-11  4.15631e-11  7.81919e-15  4.15553e-11
1.441768817e+01  4.1595042e-11  4.15950e-11  8.05337e-15  4.15870e-11
1.448977661e+01  4.1596373e-11  4.15964e-11  8.43511e-15  4.15879e-11
1.456222549e+01  4.1631418e-11  4.16314e-11  8.60559e-15  4.16228e-11
1.463503662e+01  4.1718487e-11  4.17185e-11  8.47240e-15  4.17100e-11
1.470821180e+01  4.1847980e-11  4.18480e-11  8.09746e-15  4.18399e-11
1.478175286e+01  4.1982558e-11  4.19826e-11  7.68752e-15  4.19749e-11
1.485566163e+01  4.2098018e-11  4.20980e-11  7.37107e-15  4.20906e-11
1.492993994e+01  4.2215943e-11  4.22159e-11  7.03288e-15  4.22089e-11
1.500458964e+01  4.2343298e-11  4.23433e-11  6.63795e-15  4.23367e-11
1.507961258e+01  4.2465349e-11  4.24653e-11  6.26313e-15  4.24591e-11
1.515501065e+01  4.2550295e-11  4.25503e-11  6.06782e-15  4.25442e-11
1.523078570e+01  4.2574884e-11  4.25749e-11  6.16194e-15  4.25687e-11
1.530693963e+01  4.2479530e-11  4.24795e-11  6.82946e-15  4.24727e-11
1.538347433e+01  4.2350793e-11  4.23508e-11  7.63052e-15  4.23432e-11
1.546039170e+01  4.2199111e-11  4.21991e-11  8.51055e-15  4.21906e-11
1.553769366e+01  4.2073961e-11  4.20740e-11  9.23117e-15  4.20647e-11
1.561538212e+01  4.2062296e-11  4.20623e-11  9.38727e-15  4.20529e-11
1.569345903e+01  4.2105241e-11  4.21052e-11  9.27126e-15  4.20960e-11
1.577192633e+01  4.2187591e-11  4.21876e-11  8.96185e-15  4.21786e-11
1.585078596e+01  4.2246593e-11  4.22466e-11  8.75191e-15  4.22378e-11
1.593003989e+01  4.2277366e-11  4.22774e-11  8.66056e-15  4.22687e-11
1.600969009e+01  4.2304074e-11  4.23041e-11  8.57605e-15  4.22955e-11
1.608973854e+01  4.2306907e-11  4.23069e-11  8.58605e-15  4.22983e-11
1.617018723e+01  4.2211800e-11  4.22118e-11  9.01274e-15  4.22028e-11
1.625103817e+01  4.2083011e-11  4.20830e-11  9.56456e-15  4.20734e-11
1.633229336e+01  4.1836285e-11  4.18363e-11  1.06001e-14  4.18257e-11
1.641395483e+01  4.1564653e-11  4.15647e-11  1.17090e-14  4.15529e-11
1.649602460e+01  4.1317154e-11  4.13172e-11  1.26821e-14  4.13045e-11
1.657850473e+01  4.1051934e-11  4.10519e-11  1.36983e-14  4.10382e-11
1.666139725e+01  4.0936840e-11  4.09368e-11  1.40623e-14  4.09228e-11
1.674470424e+01  4.0843034e-11  4.08430e-11  1.43204e-14  4.08287e-11
1.682842776e+01  4.0771880e-11  4.07719e-11  1.44701e-14  4.07574e-11
1.691256990e+01  4.0703539e-11  4.07035e-11  1.45944e-14  4.06889e-11
1.699713274e+01  4.0652610e-11  4.06526e-11  1.46360e-14  4.06380e-11
1.708211841e+01  4.0599685e-11  4.05997e-11  1.46736e-14  4.05850e-11
1.716752900e+01  4.0542582e-11  4.05426e-11  1.47160e-14  4.05279e-11
1.725336665e+01  4.0444262e-11  4.04443e-11  1.49065e-14  4.04294e-11
1.733963348e+01  4.0295085e-11  4.02951e-11  1.52779e-14  4.02798e-11
1.742633165e+01  4.0077942e-11  4.00779e-11  1.58903e-14  4.00621e-11
1.751346330e+01  3.9909324e-11  3.99093e-11  1.62989e-14  3.98930e-11
1.760103062e+01  3.9747356e-11  3.97474e-11  1.66652e-14  3.97307e-11
1.768903577e+01  3.9653706e-11  3.96537e-11  1.67628e-14  3.96369e-11
1.777748095e+01  3.9622123e-11  3.96221e-11  1.66217e-14  3.96055e-11
1.786636836e+01  3.9589631e-11  3.95896e-11  1.64770e-14  3.95732e-11
1.795570020e+01  3.9537791e-11  3.95378e-11  1.63951e-14  3.95214e-11
1.804547870e+01  3.9435495e-11  3.94355e-11  1.64854e-14  3.94190e-11
1.813570609e+01  3.9273678e-11  3.92737e-11  1.67756e-14  3.92569e-11
1.822638462e+01  3.9105555e-11  3.91056e-11  1.70740e-14  3.90885e-11
1.831751655e+01  3.8940813e-11  3.89408e-11  1.73469e-14  3.89235e-11
1.840910413e+01  3.8844208e-11  3.88442e-11  1.73720e-14  3.88268e-11
1.850114965e+01  3.8838275e-11  3.88383e-11  1.70787e-14  3.88212e-11
1.859365540e+01  3.8891742e-11  3.88917e-11  1.65810e-14  3.88752e-11
1.868662368e+01  3.8941202e-11  3.89412e-11  1.60972e-14  3.89251e-11
1.878005679e+01  3.8889581e-11  3.88896e-11  1.59501e-14  3.88736e-11
1.887395708e+01  3.8772485e-11  3.87725e-11  1.60138e-14  3.87565e-11
1.896832686e+01  3.8594101e-11  3.85941e-11  1.62696e-14  3.85778e-11
1.906316850e+01  3.8300943e-11  3.83009e-11  1.68865e-14  3.82841e-11
1.915848434e+01  3.7860204e-11  3.78602e-11  1.79614e-14  3.78422e-11
1.925427676e+01  3.7482277e-11  3.74823e-11  1.88111e-14  3.74635e-11
1.935054815e+01  3.7174284e-11  3.71743e-11  1.94184e-14  3.71549e-11
1.944730089e+01  3.7044984e-11  3.70450e-11  1.94473e-14  3.70255e-11
1.954453739e+01  3.6987271e-11  3.69873e-11  1.92458e-14  3.69680e-11
1.964226008e+01  3.6947541e-11  3.69475e-11  1.89852e-14  3.69286e-11
1.974047138e+01  3.6945435e-11  3.69454e-11  1.86067e-14  3.69268e-11
1.983917374e+01  3.6961069e-11  3.69611e-11  1.81738e-14  3.69429e-11
1.993836960e+01  3.6981958e-11  3.69820e-11  1.77254e-14  3.69642e-11
2.003806145e+01  3.6988457e-11  3.69885e-11  1.73211e-14  3.69711e-11
2.013825176e+01  3.6990860e-11  3.69909e-11  1.69292e-14  3.69739e-11
2.023894302e+01  3.7005755e-11  3.70058e-11  1.65006e-14  3.69893e-11
2.034013773e+01  3.7039846e-11  3.70398e-11  1.60165e-14  3.70238e-11
2.044183842e+01  3.7100621e-11  3.71006e-11  1.54566e-14  3.70852e-11
2.054404761e+01  3.7156252e-11  3.71563e-11  1.49144e-14  3.71413e-11
2.064676785e+01  3.7234976e-11  3.72350e-11  1.43088e-14  3.72207e-11
2.075000169e+01  3.7334526e-11  3.73345e-11  1.36478e-14  3.73209e-11
2.085375170e+01  3.7479059e-11  3.74791e-11  1.28644e-14  3.74662e-11
2.095802046e+01  3.7593384e-11  3.75934e-11  1.21722e-14  3.75812e-11
2.106281056e+01  3.7690210e-11  3.76902e-11  1.15338e-14  3.76787e-11
2.116812461e+01  3.7767148e-11  3.77671e-11  1.09549e-14  3.77562e-11
2.127396524e+01  3.7755826e-11  3.77558e-11  1.06217e-14  3.77452e-11
2.138033506e+01  3.7690029e-11  3.76900e-11  1.04371e-14  3.76796e-11
2.148723674e+01  3.7615195e-11  3.76152e-11  1.02752e-14  3.76049e-11
2.159467292e+01  3.7519044e-11  3.75190e-11  1.01684e-14  3.75089e-11
2.170264629e+01  3.7423119e-11  3.74231e-11  1.00584e-14  3.74131e-11
2.181115952e+01  3.7318416e-11  3.73184e-11  9.96907e-15  3.73084e-11
2.192021532e+01  3.7205018e-11  3.72050e-11  9.89983e-15  3.71951e-11
2.202981639e+01  3.7067932e-11  3.70679e-11  9.88950e-15  3.70580e-11
2.213996547e+01  3.6881773e-11  3.68818e-11  1.00028e-14  3.68718e-11
2.225066530e+01  3.6730448e-11  3.67304e-11  1.00211e-14  3.67204e-11
2.236191863e+01  3.6614079e-11  3.66141e-11  9.94613e-15  3.66041e-11
2.247372822e+01  3.6471150e-11  3.64711e-11  9.93615e-15  3.64612e-11
2.258609686e+01  3.6380222e-11  3.63802e-11  9.79164e-15  3.63704e-11
2.269902735e+01  3.6360855e-11  3.63609e-11  9.46630e-15  3.63514e-11
2.281252248e+01  3.6359711e-11  3.63597e-11  9.09661e-15  3.63506e-11
2.292658510e+01  3.6316536e-11  3.63165e-11  8.83260e-15  3.63077e-11
2.304121802e+01  3.6284078e-11  3.62841e-11  8.54259e-15  3.62755e-11
2.315642411e+01  3.6249978e-11  3.62500e-11  8.25735e-15  3.62417e-11
2.327220623e+01  3.6196520e-11  3.61965e-11  8.01984e-15  3.61885e-11
2.338856726e+01  3.6099149e-11  3.60991e-11  7.88842e-15  3.60913e-11
2.350551010e+01  3.5960263e-11  3.59603e-11  7.85537e-15  3.59524e-11
2.362303765e+01  3.5848954e-11  3.58490e-11  7.75441e-15  3.58412e-11
2.374115284e+01  3.5805778e-11  3.58058e-11  7.49093e-15  3.57983e-11
2.385985860e+01  3.5743250e-11  3.57432e-11  7.27371e-15  3.57360e-11
2.397915789e+01  3.5637632e-11  3.56376e-11  7.15741e-15  3.56305e-11
2.409905368e+01  3.5542093e-11  3.55421e-11  7.01676e-15  3.55351e-11
2.421954895e+01  3.5348423e-11  3.53484e-11  7.10199e-15  3.53413e-11
2.434064670e+01  3.5140201e-11  3.51402e-11  7.21734e-15  3.51330e-11
2.446234993e+01  3.4983071e-11  3.49831e-11  7.21263e-15  3.49759e-11
2.458466168e+01  3.4739982e-11  3.47400e-11  7.40068e-15  3.47326e-11
2.470758499e+01  3.4660869e-11  3.46609e-11  7.21507e-15  3.46537e-11
2.483112291e+01  3.4634393e-11  3.46344e-11  6.91182e-15  3.46275e-11
2.495527853e+01  3.4547476e-11  3.45475e-11  6.74479e-15  3.45407e-11
