# ------------------------------------------------------------------------
# Radiance spectrum
# NASA-GSFC Planetary Spectrum Generator (PSG) (Villanueva et al. 2018, 2022)
# Synthesized on Wed Feb 14 19:02:02 2024
# Doppler velocities [km/s] (vobs,vrot+vorb,vwidth,vrfl,vstr): 0.00000,-0.00000,0.00000,-119.41115,-0.00000
# Spectral unit: Wavelength [um]
# Radiance unit: Spectral irradiance [W/m2/um]
# Wave/freq Total Object Reflected Thermal
5.000000000e-01  1.0465944e-12  1.04659e-12  1.04659e-12  1.77349e-46
5.025000000e-01  1.0590792e-12  1.05908e-12  1.05908e-12  2.79718e-46
5.050125000e-01  1.0688135e-12  1.06881e-12  1.06881e-12  4.40329e-46
5.075375625e-01  1.0848731e-12  1.08487e-12  1.08487e-12  6.90886e-46
5.100752503e-01  1.1010143e-12  1.10101e-12  1.10101e-12  1.08151e-45
5.126256266e-01  1.1168390e-12  1.11684e-12  1.11684e-12  1.68917e-45
5.151887547e-01  1.1327330e-12  1.13273e-12  1.13273e-12  2.63221e-45
5.177646985e-01  1.1482101e-12  1.14821e-12  1.14821e-12  4.09265e-45
5.203535220e-01  1.1634984e-12  1.16350e-12  1.16350e-12  6.34916e-45
5.229552896e-01  1.1771112e-12  1.17711e-12  1.17711e-12  9.82997e-45
5.255700660e-01  1.1910701e-12  1.19107e-12  1.19107e-12  1.51841e-44
5.281979164e-01  1.2062174e-12  1.20622e-12  1.20622e-12  2.33982e-44
5.308389059e-01  1.2208955e-12  1.22090e-12  1.22090e-12  3.59782e-44
5.334931005e-01  1.2343235e-12  1.23432e-12  1.23432e-12  5.52087e-44
5.361605660e-01  1.2464664e-12  1.24647e-12  1.24647e-12  8.45462e-44
5.388413688e-01  1.2568572e-12  1.25686e-12  1.25686e-12  1.29220e-43
5.415355756e-01  1.2681531e-12  1.26815e-12  1.26815e-12  1.97042e-43
5.442432535e-01  1.2802880e-12  1.28029e-12  1.28029e-12  2.99773e-43
5.469644698e-01  1.2912432e-12  1.29124e-12  1.29124e-12  4.55149e-43
5.496992921e-01  1.3017035e-12  1.30170e-12  1.30170e-12  6.89614e-43
5.524477886e-01  1.3131865e-12  1.31319e-12  1.31319e-12  1.04248e-42
5.552100275e-01  1.3248084e-12  1.32481e-12  1.32481e-12  1.57250e-42
5.579860777e-01  1.3358400e-12  1.33584e-12  1.33584e-12  2.36715e-42
5.607760081e-01  1.3466353e-12  1.34664e-12  1.34664e-12  3.55594e-42
5.635798881e-01  1.3564459e-12  1.35645e-12  1.35645e-12  5.33116e-42
5.663977875e-01  1.3660908e-12  1.36609e-12  1.36609e-12  7.97604e-42
5.692297765e-01  1.3756602e-12  1.37566e-12  1.37566e-12  1.19083e-41
5.720759254e-01  1.3855317e-12  1.38553e-12  1.38553e-12  1.77416e-41
5.749363050e-01  1.3955205e-12  1.39552e-12  1.39552e-12  2.63775e-41
5.778109865e-01  1.4043794e-12  1.40438e-12  1.40438e-12  3.91418e-41
5.807000414e-01  1.4132463e-12  1.41325e-12  1.41325e-12  5.79639e-41
5.836035417e-01  1.4225113e-12  1.42251e-12  1.42251e-12  8.56580e-41
5.865215594e-01  1.4315943e-12  1.43159e-12  1.43159e-12  1.26330e-40
5.894541672e-01  1.4406890e-12  1.44069e-12  1.44069e-12  1.85939e-40
5.924014380e-01  1.4499945e-12  1.44999e-12  1.44999e-12  2.73118e-40
5.953634452e-01  1.4593151e-12  1.45932e-12  1.45932e-12  4.00371e-40
5.983402624e-01  1.4677459e-12  1.46775e-12  1.46775e-12  5.85810e-40
6.013319637e-01  1.4780026e-12  1.47800e-12  1.47800e-12  8.55263e-40
6.043386235e-01  1.4907293e-12  1.49073e-12  1.49073e-12  1.24585e-39
6.073603167e-01  1.4979827e-12  1.49798e-12  1.49798e-12  1.81240e-39
6.103971182e-01  1.5043006e-12  1.50430e-12  1.50430e-12  2.63173e-39
6.134491038e-01  1.5148464e-12  1.51485e-12  1.51485e-12  3.81222e-39
6.165163494e-01  1.5247973e-12  1.52480e-12  1.52480e-12  5.51196e-39
6.195989311e-01  1.5344571e-12  1.53446e-12  1.53446e-12  7.95455e-39
6.226969258e-01  1.5445579e-12  1.54456e-12  1.54456e-12  1.14571e-38
6.258104104e-01  1.5544715e-12  1.55447e-12  1.55447e-12  1.64709e-38
6.289394624e-01  1.5637690e-12  1.56377e-12  1.56377e-12  2.36356e-38
6.320841597e-01  1.5727615e-12  1.57276e-12  1.57276e-12  3.38544e-38
6.352445805e-01  1.5815520e-12  1.58155e-12  1.58155e-12  4.84016e-38
6.384208035e-01  1.5890571e-12  1.58906e-12  1.58906e-12  6.90804e-38
6.416129075e-01  1.5965610e-12  1.59656e-12  1.59656e-12  9.84112e-38
6.448209720e-01  1.6042823e-12  1.60428e-12  1.60428e-12  1.39933e-37
6.480450769e-01  1.6099235e-12  1.60992e-12  1.60992e-12  1.98654e-37
6.512853022e-01  1.6157681e-12  1.61577e-12  1.61577e-12  2.81494e-37
6.545417288e-01  1.6221517e-12  1.62215e-12  1.62215e-12  3.98130e-37
6.578144374e-01  1.6233071e-12  1.62331e-12  1.62331e-12  5.62386e-37
6.611035096e-01  1.6254139e-12  1.62541e-12  1.62541e-12  7.92893e-37
6.644090271e-01  1.6316230e-12  1.63162e-12  1.63162e-12  1.11540e-36
6.677310723e-01  1.6359136e-12  1.63591e-12  1.63591e-12  1.56659e-36
6.710697276e-01  1.6395055e-12  1.63951e-12  1.63951e-12  2.19654e-36
6.744250763e-01  1.6423916e-12  1.64239e-12  1.64239e-12  3.07460e-36
6.777972017e-01  1.6471833e-12  1.64718e-12  1.64718e-12  4.29524e-36
6.811861877e-01  1.6527615e-12  1.65276e-12  1.65276e-12  5.98952e-36
6.845921186e-01  1.6594800e-12  1.65948e-12  1.65948e-12  8.33662e-36
6.880150792e-01  1.6630934e-12  1.66309e-12  1.66309e-12  1.15870e-35
6.914551546e-01  1.6676119e-12  1.66761e-12  1.66761e-12  1.60756e-35
6.949124304e-01  1.6739736e-12  1.67397e-12  1.67397e-12  2.22605e-35
6.983869925e-01  1.6831286e-12  1.68313e-12  1.68313e-12  3.07638e-35
7.018789275e-01  1.6910211e-12  1.69102e-12  1.69102e-12  4.24487e-35
7.053883221e-01  1.6976387e-12  1.69764e-12  1.69764e-12  5.84805e-35
7.089152637e-01  1.7044958e-12  1.70450e-12  1.70450e-12  8.04299e-35
7.124598400e-01  1.7125375e-12  1.71254e-12  1.71254e-12  1.10420e-34
7.160221392e-01  1.7202388e-12  1.72024e-12  1.72024e-12  1.51345e-34
7.196022499e-01  1.7260563e-12  1.72606e-12  1.72606e-12  2.07135e-34
7.232002612e-01  1.7304495e-12  1.73045e-12  1.73045e-12  2.83062e-34
7.268162625e-01  1.7340029e-12  1.73400e-12  1.73400e-12  3.86220e-34
7.304503438e-01  1.7368300e-12  1.73683e-12  1.73683e-12  5.26150e-34
7.341025955e-01  1.7390460e-12  1.73905e-12  1.73905e-12  7.15656e-34
7.377731085e-01  1.7392067e-12  1.73921e-12  1.73921e-12  9.72040e-34
7.414619740e-01  1.7377798e-12  1.73778e-12  1.73778e-12  1.31835e-33
7.451692839e-01  1.7352383e-12  1.73524e-12  1.73524e-12  1.78538e-33
7.488951303e-01  1.7341163e-12  1.73412e-12  1.73412e-12  2.41366e-33
7.526396060e-01  1.7301837e-12  1.73018e-12  1.73018e-12  3.25875e-33
7.564028040e-01  1.7251249e-12  1.72512e-12  1.72512e-12  4.39326e-33
7.601848180e-01  1.7194222e-12  1.71942e-12  1.71942e-12  5.91379e-33
7.639857421e-01  1.7083191e-12  1.70832e-12  1.70832e-12  7.95225e-33
7.678056708e-01  1.6996063e-12  1.69961e-12  1.69961e-12  1.06743e-32
7.716446992e-01  1.6908532e-12  1.69085e-12  1.69085e-12  1.43059e-32
7.755029227e-01  1.6804690e-12  1.68047e-12  1.68047e-12  1.91464e-32
7.793804373e-01  1.6693087e-12  1.66931e-12  1.66931e-12  2.55874e-32
7.832773395e-01  1.6565111e-12  1.65651e-12  1.65651e-12  3.41483e-32
7.871937262e-01  1.6424419e-12  1.64244e-12  1.64244e-12  4.55095e-32
7.911296948e-01  1.6289504e-12  1.62895e-12  1.62895e-12  6.05558e-32
7.950853433e-01  1.6182674e-12  1.61827e-12  1.61827e-12  8.04343e-32
7.990607700e-01  1.6012527e-12  1.60125e-12  1.60125e-12  1.06741e-31
8.030560739e-01  1.5875484e-12  1.58755e-12  1.58755e-12  1.41398e-31
8.070713542e-01  1.5733261e-12  1.57333e-12  1.57333e-12  1.87039e-31
8.111067110e-01  1.5575948e-12  1.55759e-12  1.55759e-12  2.47081e-31
8.151622446e-01  1.5414723e-12  1.54147e-12  1.54147e-12  3.25932e-31
8.192380558e-01  1.5254595e-12  1.52546e-12  1.52546e-12  4.29314e-31
8.233342461e-01  1.5098099e-12  1.50981e-12  1.50981e-12  5.64649e-31
8.274509173e-01  1.4956506e-12  1.49565e-12  1.49565e-12  7.41474e-31
8.315881719e-01  1.4809931e-12  1.48099e-12  1.48099e-12  9.72320e-31
8.357461127e-01  1.4650911e-12  1.46509e-12  1.46509e-12  1.27336e-30
8.399248433e-01  1.4544417e-12  1.45444e-12  1.45444e-12  1.66444e-30
8.441244675e-01  1.4409335e-12  1.44093e-12  1.44093e-12  2.17313e-30
8.483450899e-01  1.4290670e-12  1.42907e-12  1.42907e-12  2.83287e-30
8.525868153e-01  1.4202243e-12  1.42022e-12  1.42022e-12  3.68673e-30
8.568497494e-01  1.4126595e-12  1.41266e-12  1.41266e-12  4.79075e-30
8.611339981e-01  1.4034964e-12  1.40350e-12  1.40350e-12  6.21766e-30
8.654396681e-01  1.3919844e-12  1.39198e-12  1.39198e-12  8.06017e-30
8.697668665e-01  1.3827594e-12  1.38276e-12  1.38276e-12  1.04322e-29
8.741157008e-01  1.3757000e-12  1.37570e-12  1.37570e-12  1.34814e-29
8.784862793e-01  1.3673004e-12  1.36730e-12  1.36730e-12  1.74003e-29
8.828787107e-01  1.3575625e-12  1.35756e-12  1.35756e-12  2.24307e-29
8.872931042e-01  1.3491198e-12  1.34912e-12  1.34912e-12  2.88734e-29
8.917295698e-01  1.3427260e-12  1.34273e-12  1.34273e-12  3.71101e-29
8.961882176e-01  1.3367537e-12  1.33675e-12  1.33675e-12  4.76315e-29
9.006691587e-01  1.3313293e-12  1.33133e-12  1.33133e-12  6.10523e-29
9.051725045e-01  1.3262037e-12  1.32620e-12  1.32620e-12  7.81496e-29
9.096983670e-01  1.3232553e-12  1.32326e-12  1.32326e-12  9.98848e-29
9.142468589e-01  1.3194801e-12  1.31948e-12  1.31948e-12  1.27508e-28
9.188180931e-01  1.3170062e-12  1.31701e-12  1.31701e-12  1.62542e-28
9.234121836e-01  1.3135828e-12  1.31358e-12  1.31358e-12  2.06952e-28
9.280292445e-01  1.3108361e-12  1.31084e-12  1.31084e-12  2.63143e-28
9.326693908e-01  1.3100145e-12  1.31001e-12  1.31001e-12  3.34106e-28
9.373327377e-01  1.3102413e-12  1.31024e-12  1.31024e-12  4.23629e-28
9.420194014e-01  1.3113901e-12  1.31139e-12  1.31139e-12  5.36417e-28
9.467294984e-01  1.3144555e-12  1.31446e-12  1.31446e-12  6.78264e-28
9.514631459e-01  1.3186859e-12  1.31869e-12  1.31869e-12  8.56458e-28
9.562204616e-01  1.3232075e-12  1.32321e-12  1.32321e-12  1.08009e-27
9.610015639e-01  1.3288884e-12  1.32889e-12  1.32889e-12  1.36030e-27
9.658065718e-01  1.3365935e-12  1.33659e-12  1.33659e-12  1.71077e-27
9.706356046e-01  1.3435880e-12  1.34359e-12  1.34359e-12  2.14903e-27
9.754887826e-01  1.3535884e-12  1.35359e-12  1.35359e-12  2.69554e-27
9.803662265e-01  1.3569356e-12  1.35694e-12  1.35694e-12  3.37895e-27
9.852680577e-01  1.3660059e-12  1.36601e-12  1.36601e-12  4.22832e-27
9.901943980e-01  1.3741148e-12  1.37411e-12  1.37411e-12  5.28529e-27
9.951453700e-01  1.3907517e-12  1.39075e-12  1.39075e-12  6.59341e-27
1.000121097e+00  1.3998852e-12  1.39989e-12  1.39989e-12  8.22111e-27
1.005121702e+00  1.4101455e-12  1.41015e-12  1.41015e-12  1.02374e-26
1.010147311e+00  1.4231207e-12  1.42312e-12  1.42312e-12  1.27300e-26
1.015198047e+00  1.4314478e-12  1.43145e-12  1.43145e-12  1.58176e-26
1.020274038e+00  1.4413838e-12  1.44138e-12  1.44138e-12  1.96282e-26
1.025375408e+00  1.4534077e-12  1.45341e-12  1.45341e-12  2.43236e-26
1.030502285e+00  1.4681169e-12  1.46812e-12  1.46812e-12  3.00999e-26
1.035654796e+00  1.4725990e-12  1.47260e-12  1.47260e-12  3.72403e-26
1.040833070e+00  1.4858523e-12  1.48585e-12  1.48585e-12  4.59841e-26
1.046037236e+00  1.4935237e-12  1.49352e-12  1.49352e-12  5.67456e-26
1.051267422e+00  1.5088306e-12  1.50883e-12  1.50883e-12  6.98957e-26
1.056523759e+00  1.5159086e-12  1.51591e-12  1.51591e-12  8.60625e-26
1.061806378e+00  1.5223969e-12  1.52240e-12  1.52240e-12  1.05855e-25
1.067115410e+00  1.5299817e-12  1.52998e-12  1.52998e-12  1.30041e-25
1.072450987e+00  1.5366149e-12  1.53661e-12  1.53661e-12  1.59589e-25
1.077813242e+00  1.5434990e-12  1.54350e-12  1.54350e-12  1.95629e-25
1.083202308e+00  1.5482414e-12  1.54824e-12  1.54824e-12  2.39593e-25
1.088618319e+00  1.5501400e-12  1.55014e-12  1.55014e-12  2.93195e-25
1.094061411e+00  1.5556370e-12  1.55564e-12  1.55564e-12  3.58274e-25
1.099531718e+00  1.5540262e-12  1.55403e-12  1.55403e-12  4.37624e-25
1.105029377e+00  1.5551838e-12  1.55518e-12  1.55518e-12  5.33828e-25
1.110554523e+00  1.5546020e-12  1.55460e-12  1.55460e-12  6.50593e-25
1.116107296e+00  1.5532359e-12  1.55324e-12  1.55324e-12  7.92112e-25
1.121687832e+00  1.5529716e-12  1.55297e-12  1.55297e-12  9.63288e-25
1.127296272e+00  1.5516909e-12  1.55169e-12  1.55169e-12  1.17033e-24
1.132932753e+00  1.5481157e-12  1.54812e-12  1.54812e-12  1.42071e-24
1.138597417e+00  1.5472781e-12  1.54728e-12  1.54728e-12  1.72238e-24
1.144290404e+00  1.5455515e-12  1.54555e-12  1.54555e-12  2.08611e-24
1.150011856e+00  1.5447986e-12  1.54480e-12  1.54480e-12  2.52380e-24
1.155761915e+00  1.5385354e-12  1.53854e-12  1.53854e-12  3.05185e-24
1.161540725e+00  1.5323438e-12  1.53234e-12  1.53234e-12  3.68658e-24
1.167348428e+00  1.5281787e-12  1.52818e-12  1.52818e-12  4.44789e-24
1.173185171e+00  1.5206345e-12  1.52063e-12  1.52063e-12  5.36281e-24
1.179051096e+00  1.5169435e-12  1.51694e-12  1.51694e-12  6.45690e-24
1.184946352e+00  1.5136526e-12  1.51365e-12  1.51365e-12  7.76608e-24
1.190871084e+00  1.5091681e-12  1.50917e-12  1.50917e-12  9.33251e-24
1.196825439e+00  1.5035010e-12  1.50350e-12  1.50350e-12  1.12051e-23
1.202809566e+00  1.4992603e-12  1.49926e-12  1.49926e-12  1.34382e-23
1.208823614e+00  1.4908047e-12  1.49080e-12  1.49080e-12  1.61074e-23
1.214867732e+00  1.4847953e-12  1.48480e-12  1.48480e-12  1.92831e-23
1.220942071e+00  1.4816565e-12  1.48166e-12  1.48166e-12  2.30557e-23
1.227046781e+00  1.4737808e-12  1.47378e-12  1.47378e-12  2.75532e-23
1.233182015e+00  1.4679926e-12  1.46799e-12  1.46799e-12  3.28891e-23
1.239347925e+00  1.4633862e-12  1.46339e-12  1.46339e-12  3.92160e-23
1.245544665e+00  1.4592879e-12  1.45929e-12  1.45929e-12  4.67128e-23
1.251772388e+00  1.4539334e-12  1.45393e-12  1.45393e-12  5.55974e-23
1.258031250e+00  1.4488703e-12  1.44887e-12  1.44887e-12  6.61072e-23
1.264321406e+00  1.4428950e-12  1.44289e-12  1.44289e-12  7.85374e-23
1.270643013e+00  1.4356911e-12  1.43569e-12  1.43569e-12  9.32299e-23
1.276996228e+00  1.4291157e-12  1.42912e-12  1.42912e-12  1.10561e-22
1.283381209e+00  1.4226227e-12  1.42262e-12  1.42262e-12  1.30991e-22
1.289798116e+00  1.4173958e-12  1.41740e-12  1.41740e-12  1.55033e-22
1.296247106e+00  1.4129925e-12  1.41299e-12  1.41299e-12  1.83304e-22
1.302728342e+00  1.4070540e-12  1.40705e-12  1.40705e-12  2.16567e-22
1.309241983e+00  1.4001300e-12  1.40013e-12  1.40013e-12  2.55662e-22
1.315788193e+00  1.3919145e-12  1.39191e-12  1.39191e-12  3.01585e-22
1.322367134e+00  1.3824230e-12  1.38242e-12  1.38242e-12  3.55488e-22
1.328978970e+00  1.3744067e-12  1.37441e-12  1.37441e-12  4.18584e-22
1.335623865e+00  1.3662773e-12  1.36628e-12  1.36628e-12  4.92449e-22
1.342301984e+00  1.3580373e-12  1.35804e-12  1.35804e-12  5.78845e-22
1.349013494e+00  1.3472978e-12  1.34730e-12  1.34730e-12  6.79988e-22
1.355758561e+00  1.3382315e-12  1.33823e-12  1.33823e-12  7.97961e-22
1.362537354e+00  1.3293755e-12  1.32938e-12  1.32938e-12  9.35567e-22
1.369350041e+00  1.3207284e-12  1.32073e-12  1.32073e-12  1.09593e-21
1.376196791e+00  1.3126975e-12  1.31270e-12  1.31270e-12  1.28259e-21
1.383077775e+00  1.3032395e-12  1.30324e-12  1.30324e-12  1.50000e-21
1.389993164e+00  1.2949085e-12  1.29491e-12  1.29491e-12  1.75254e-21
1.396943130e+00  1.2857725e-12  1.28577e-12  1.28577e-12  2.04606e-21
1.403927846e+00  1.2777533e-12  1.27775e-12  1.27775e-12  2.38643e-21
1.410947485e+00  1.2704368e-12  1.27044e-12  1.27044e-12  2.78085e-21
1.418002222e+00  1.2620209e-12  1.26202e-12  1.26202e-12  3.23818e-21
1.425092233e+00  1.2512306e-12  1.25123e-12  1.25123e-12  3.76862e-21
1.432217694e+00  1.2416549e-12  1.24165e-12  1.24165e-12  4.38172e-21
1.439378783e+00  1.2308201e-12  1.23082e-12  1.23082e-12  5.09114e-21
1.446575677e+00  1.2191359e-12  1.21914e-12  1.21914e-12  5.91118e-21
1.453808555e+00  1.2086620e-12  1.20866e-12  1.20866e-12  6.85678e-21
1.461077598e+00  1.1970546e-12  1.19705e-12  1.19705e-12  7.94830e-21
1.468382986e+00  1.1867453e-12  1.18675e-12  1.18675e-12  9.20478e-21
1.475724901e+00  1.1747371e-12  1.17474e-12  1.17474e-12  1.06535e-20
1.483103525e+00  1.1641172e-12  1.16412e-12  1.16412e-12  1.23185e-20
1.490519043e+00  1.1526769e-12  1.15268e-12  1.15268e-12  1.42338e-20
1.497971638e+00  1.1419458e-12  1.14195e-12  1.14195e-12  1.64326e-20
1.505461496e+00  1.1304059e-12  1.13041e-12  1.13041e-12  1.89581e-20
1.512988804e+00  1.1194783e-12  1.11948e-12  1.11948e-12  2.18532e-20
1.520553748e+00  1.1077541e-12  1.10775e-12  1.10775e-12  2.51733e-20
1.528156517e+00  1.0972920e-12  1.09729e-12  1.09729e-12  2.89711e-20
1.535797299e+00  1.0852063e-12  1.08521e-12  1.08521e-12  3.33230e-20
1.543476286e+00  1.0748374e-12  1.07484e-12  1.07484e-12  3.82914e-20
1.551193667e+00  1.0623126e-12  1.06231e-12  1.06231e-12  4.39789e-20
1.558949636e+00  1.0519510e-12  1.05195e-12  1.05195e-12  5.04597e-20
1.566744384e+00  1.0413628e-12  1.04136e-12  1.04136e-12  5.78538e-20
1.574578106e+00  1.0283861e-12  1.02839e-12  1.02839e-12  6.63018e-20
1.582450996e+00  1.0184478e-12  1.01845e-12  1.01845e-12  7.58982e-20
1.590363251e+00  1.0071242e-12  1.00712e-12  1.00712e-12  8.68346e-20
1.598315067e+00  9.9941708e-13  9.99417e-13  9.99417e-13  9.92286e-20
1.606306643e+00  9.8527624e-13  9.85276e-13  9.85276e-13  1.13401e-19
1.614338176e+00  9.7729870e-13  9.77299e-13  9.77299e-13  1.29402e-19
1.622409867e+00  9.6409675e-13  9.64097e-13  9.64097e-13  1.47653e-19
1.630521916e+00  9.5333008e-13  9.53330e-13  9.53330e-13  1.68305e-19
1.638674526e+00  9.4314283e-13  9.43143e-13  9.43143e-13  1.91694e-19
1.646867898e+00  9.3033853e-13  9.30339e-13  9.30338e-13  2.18252e-19
1.655102238e+00  9.1890340e-13  9.18903e-13  9.18903e-13  2.48270e-19
1.663377749e+00  9.1035224e-13  9.10352e-13  9.10352e-13  2.82111e-19
1.671694638e+00  9.0090846e-13  9.00908e-13  9.00908e-13  3.20377e-19
1.680053111e+00  8.9210598e-13  8.92106e-13  8.92106e-13  3.63549e-19
1.688453377e+00  8.8158629e-13  8.81586e-13  8.81586e-13  4.12347e-19
1.696895643e+00  8.7163155e-13  8.71632e-13  8.71631e-13  4.67337e-19
1.705380122e+00  8.6414280e-13  8.64143e-13  8.64142e-13  5.29121e-19
1.713907022e+00  8.5643954e-13  8.56440e-13  8.56439e-13  5.98680e-19
1.722476557e+00  8.4696657e-13  8.46967e-13  8.46966e-13  6.77085e-19
1.731088940e+00  8.3681538e-13  8.36815e-13  8.36815e-13  7.65310e-19
1.739744385e+00  8.2867742e-13  8.28677e-13  8.28677e-13  8.64212e-19
1.748443107e+00  8.2058292e-13  8.20583e-13  8.20582e-13  9.75234e-19
1.757185322e+00  8.1221108e-13  8.12211e-13  8.12210e-13  1.09983e-18
1.765971249e+00  8.0245008e-13  8.02450e-13  8.02449e-13  1.23976e-18
1.774801105e+00  7.9561056e-13  7.95611e-13  7.95609e-13  1.39600e-18
1.783675111e+00  7.8809267e-13  7.88093e-13  7.88091e-13  1.57104e-18
1.792593486e+00  7.7904568e-13  7.79046e-13  7.79044e-13  1.76726e-18
1.801556454e+00  7.6896491e-13  7.68965e-13  7.68963e-13  1.98699e-18
1.810564236e+00  7.6042926e-13  7.60429e-13  7.60427e-13  2.23211e-18
1.819617057e+00  7.5325908e-13  7.53259e-13  7.53257e-13  2.50536e-18
1.828715142e+00  7.4681833e-13  7.46818e-13  7.46816e-13  2.80996e-18
1.837858718e+00  7.4147630e-13  7.41476e-13  7.41473e-13  3.14908e-18
1.847048012e+00  7.3683557e-13  7.36836e-13  7.36832e-13  3.52652e-18
1.856283252e+00  7.2610401e-13  7.26104e-13  7.26100e-13  3.95022e-18
1.865564668e+00  7.2159739e-13  7.21597e-13  7.21593e-13  4.41801e-18
1.874892491e+00  7.1479390e-13  7.14794e-13  7.14789e-13  4.93977e-18
1.884266954e+00  7.1054539e-13  7.10545e-13  7.10540e-13  5.51760e-18
1.893688289e+00  7.0056768e-13  7.00568e-13  7.00562e-13  6.16449e-18
1.903156730e+00  6.9447032e-13  6.94470e-13  6.94463e-13  6.87899e-18
1.912672514e+00  6.9182131e-13  6.91821e-13  6.91814e-13  7.66757e-18
1.922235876e+00  6.8829645e-13  6.88296e-13  6.88288e-13  8.54243e-18
1.931847056e+00  6.8333733e-13  6.83337e-13  6.83328e-13  9.51338e-18
1.941506291e+00  6.7961116e-13  6.79611e-13  6.79601e-13  1.05862e-17
1.951213822e+00  6.7440036e-13  6.74400e-13  6.74389e-13  1.17757e-17
1.960969892e+00  6.7041161e-13  6.70412e-13  6.70399e-13  1.30884e-17
1.970774741e+00  6.6608148e-13  6.66081e-13  6.66067e-13  1.45396e-17
1.980628615e+00  6.6211304e-13  6.62113e-13  6.62097e-13  1.61411e-17
1.990531758e+00  6.5856924e-13  6.58569e-13  6.58551e-13  1.79071e-17
2.000484417e+00  6.5496113e-13  6.54961e-13  6.54941e-13  1.98549e-17
2.010486839e+00  6.5224710e-13  6.52247e-13  6.52225e-13  2.19984e-17
2.020539273e+00  6.4979943e-13  6.49799e-13  6.49775e-13  2.43580e-17
2.030641969e+00  6.4579101e-13  6.45791e-13  6.45764e-13  2.69618e-17
2.040795179e+00  6.4293414e-13  6.42934e-13  6.42904e-13  2.98211e-17
2.050999155e+00  6.4020777e-13  6.40208e-13  6.40175e-13  3.29638e-17
2.061254151e+00  6.3615279e-13  6.36153e-13  6.36116e-13  3.64249e-17
2.071560421e+00  6.3250553e-13  6.32506e-13  6.32465e-13  4.02237e-17
2.081918224e+00  6.2932401e-13  6.29324e-13  6.29280e-13  4.43900e-17
2.092327815e+00  6.2666462e-13  6.26665e-13  6.26616e-13  4.89558e-17
2.102789454e+00  6.2477578e-13  6.24776e-13  6.24722e-13  5.39538e-17
2.113303401e+00  6.2338628e-13  6.23386e-13  6.23327e-13  5.94234e-17
2.123869918e+00  6.2025656e-13  6.20257e-13  6.20191e-13  6.54306e-17
2.134489268e+00  6.1769925e-13  6.17699e-13  6.17627e-13  7.19979e-17
2.145161714e+00  6.1375394e-13  6.13754e-13  6.13675e-13  7.92001e-17
2.155887523e+00  6.0963509e-13  6.09635e-13  6.09548e-13  8.70778e-17
2.166666960e+00  6.0813972e-13  6.08140e-13  6.08044e-13  9.56423e-17
2.177500295e+00  6.0483867e-13  6.04839e-13  6.04734e-13  1.05026e-16
2.188387796e+00  6.0050271e-13  6.00503e-13  6.00387e-13  1.15289e-16
2.199329735e+00  5.9636975e-13  5.96370e-13  5.96243e-13  1.26484e-16
2.210326384e+00  6.0023430e-13  6.00234e-13  6.00096e-13  1.38487e-16
2.221378016e+00  6.0058857e-13  6.00589e-13  6.00437e-13  1.51646e-16
2.232484906e+00  5.9774031e-13  5.97740e-13  5.97574e-13  1.66064e-16
2.243647331e+00  5.9287914e-13  5.92879e-13  5.92697e-13  1.81826e-16
2.254865567e+00  5.9057753e-13  5.90578e-13  5.90379e-13  1.98884e-16
2.266139895e+00  5.8762792e-13  5.87628e-13  5.87410e-13  2.17455e-16
2.277470595e+00  5.8532108e-13  5.85321e-13  5.85083e-13  2.37609e-16
2.288857948e+00  5.8439412e-13  5.84394e-13  5.84135e-13  2.59426e-16
2.300302237e+00  5.8058045e-13  5.80580e-13  5.80297e-13  2.83259e-16
2.311803748e+00  5.7598704e-13  5.75987e-13  5.75678e-13  3.09171e-16
2.323362767e+00  5.7187355e-13  5.71874e-13  5.71536e-13  3.37251e-16
2.334979581e+00  5.6940944e-13  5.69409e-13  5.69042e-13  3.67577e-16
2.346654479e+00  5.6516166e-13  5.65162e-13  5.64761e-13  4.00571e-16
2.358387751e+00  5.6204570e-13  5.62046e-13  5.61609e-13  4.36210e-16
2.370179690e+00  5.5860970e-13  5.58610e-13  5.58135e-13  4.74815e-16
2.382030589e+00  5.5524298e-13  5.55243e-13  5.54726e-13  5.16573e-16
2.393940742e+00  5.5205320e-13  5.52053e-13  5.51491e-13  5.61708e-16
2.405910445e+00  5.4796054e-13  5.47961e-13  5.47350e-13  6.10601e-16
2.417939997e+00  5.4474885e-13  5.44749e-13  5.44086e-13  6.63308e-16
2.430029697e+00  5.4165726e-13  5.41657e-13  5.40937e-13  7.20197e-16
2.442179846e+00  5.3905303e-13  5.39053e-13  5.38272e-13  7.81508e-16
2.454390745e+00  5.3483253e-13  5.34833e-13  5.33985e-13  8.47923e-16
2.466662699e+00  5.3038208e-13  5.30382e-13  5.29462e-13  9.19592e-16
2.478996012e+00  5.2715285e-13  5.27153e-13  5.26156e-13  9.96587e-16
2.491390992e+00  5.2317242e-13  5.23172e-13  5.22093e-13  1.07970e-15
2.503847947e+00  5.1820316e-13  5.18203e-13  5.17034e-13  1.16944e-15
2.516367187e+00  5.1514742e-13  5.15147e-13  5.13882e-13  1.26554e-15
2.528949023e+00  5.1195885e-13  5.11959e-13  5.10590e-13  1.36893e-15
2.541593768e+00  5.0854163e-13  5.08542e-13  5.07061e-13  1.48016e-15
2.554301737e+00  5.0574247e-13  5.05742e-13  5.04143e-13  1.59948e-15
2.567073246e+00  5.0212526e-13  5.02125e-13  5.00397e-13  1.72794e-15
2.579908612e+00  4.9878117e-13  4.98781e-13  4.96915e-13  1.86576e-15
2.592808155e+00  4.9546359e-13  4.95464e-13  4.93450e-13  2.01366e-15
2.605772196e+00  4.9198104e-13  4.91981e-13  4.89809e-13  2.17239e-15
2.618801057e+00  4.8876772e-13  4.88768e-13  4.86425e-13  2.34244e-15
2.631895062e+00  4.8520361e-13  4.85204e-13  4.82679e-13  2.52489e-15
2.645054537e+00  4.8190892e-13  4.81909e-13  4.79189e-13  2.72019e-15
2.658279810e+00  4.7827267e-13  4.78273e-13  4.75343e-13  2.92955e-15
2.671571209e+00  4.7518411e-13  4.75184e-13  4.72031e-13  3.15324e-15
2.684929065e+00  4.7111545e-13  4.71115e-13  4.67722e-13  3.39334e-15
2.698353710e+00  4.6677471e-13  4.66775e-13  4.63124e-13  3.65042e-15
2.711845479e+00  4.6280423e-13  4.62804e-13  4.58879e-13  3.92494e-15
2.725404706e+00  4.5838842e-13  4.58388e-13  4.54170e-13  4.21880e-15
2.739031730e+00  4.5367328e-13  4.53673e-13  4.49140e-13  4.53310e-15
2.752726889e+00  4.4911091e-13  4.49111e-13  4.44242e-13  4.86862e-15
2.766490523e+00  4.4434862e-13  4.44349e-13  4.39122e-13  5.22708e-15
2.780322976e+00  4.4057199e-13  4.40572e-13  4.34964e-13  5.60823e-15
2.794224591e+00  4.3646197e-13  4.36462e-13  4.30447e-13  6.01524e-15
2.808195713e+00  4.3241570e-13  4.32416e-13  4.25967e-13  6.44906e-15
2.822236692e+00  4.2869060e-13  4.28691e-13  4.21780e-13  6.91081e-15
2.836347875e+00  4.2523998e-13  4.25240e-13  4.17838e-13  7.40212e-15
2.850529615e+00  4.2176645e-13  4.21766e-13  4.13841e-13  7.92524e-15
2.864782263e+00  4.1848214e-13  4.18482e-13  4.10001e-13  8.48155e-15
2.879106174e+00  4.1538594e-13  4.15386e-13  4.06313e-13  9.07288e-15
2.893501705e+00  4.1276435e-13  4.12764e-13  4.03064e-13  9.70039e-15
2.907969214e+00  4.0955032e-13  4.09550e-13  3.99181e-13  1.03689e-14
2.922509060e+00  4.0665068e-13  4.06651e-13  3.95572e-13  1.10783e-14
2.937121605e+00  4.0402182e-13  4.04022e-13  3.92191e-13  1.18308e-14
2.951807213e+00  4.0146226e-13  4.01462e-13  3.88833e-13  1.26293e-14
2.966566249e+00  3.9893492e-13  3.98935e-13  3.85458e-13  1.34765e-14
2.981399080e+00  3.9636486e-13  3.96365e-13  3.81990e-13  1.43754e-14
2.996306076e+00  3.9426292e-13  3.94263e-13  3.78937e-13  1.53264e-14
3.011287606e+00  3.9219830e-13  3.92198e-13  3.75864e-13  1.63341e-14
3.026344044e+00  3.9036613e-13  3.90366e-13  3.72966e-13  1.74004e-14
3.041475764e+00  3.8853800e-13  3.88538e-13  3.70008e-13  1.85296e-14
3.056683143e+00  3.8690714e-13  3.86907e-13  3.67183e-13  1.97238e-14
3.071966559e+00  3.8543677e-13  3.85437e-13  3.64450e-13  2.09864e-14
3.087326392e+00  3.8375798e-13  3.83758e-13  3.61435e-13  2.23232e-14
3.102763024e+00  3.8265328e-13  3.82653e-13  3.58921e-13  2.37327e-14
3.118276839e+00  3.8127636e-13  3.81276e-13  3.56052e-13  2.52244e-14
3.133868223e+00  3.8018228e-13  3.80182e-13  3.53384e-13  2.67983e-14
3.149537564e+00  3.7922717e-13  3.79227e-13  3.50768e-13  2.84594e-14
3.165285252e+00  3.7834320e-13  3.78343e-13  3.48131e-13  3.02124e-14
3.181111678e+00  3.7799386e-13  3.77994e-13  3.45937e-13  3.20573e-14
3.197017237e+00  3.7733406e-13  3.77334e-13  3.43327e-13  3.40068e-14
3.213002323e+00  3.7686437e-13  3.76864e-13  3.40804e-13  3.60607e-14
3.229067334e+00  3.7645042e-13  3.76450e-13  3.38225e-13  3.82256e-14
3.245212671e+00  3.7626931e-13  3.76269e-13  3.35765e-13  4.05042e-14
3.261438734e+00  3.7652619e-13  3.76526e-13  3.33627e-13  4.28989e-14
3.277745928e+00  3.7664947e-13  3.76649e-13  3.31227e-13  4.54228e-14
3.294134658e+00  3.7698359e-13  3.76984e-13  3.28907e-13  4.80768e-14
3.310605331e+00  3.7749967e-13  3.77500e-13  3.26633e-13  5.08671e-14
3.327158358e+00  3.7813765e-13  3.78138e-13  3.24337e-13  5.38008e-14
3.343794149e+00  3.7874313e-13  3.78743e-13  3.21856e-13  5.68874e-14
3.360513120e+00  3.7955180e-13  3.79552e-13  3.19423e-13  6.01293e-14
3.377315686e+00  3.8031577e-13  3.80316e-13  3.16777e-13  6.35385e-14
3.394202264e+00  3.8170762e-13  3.81708e-13  3.14600e-13  6.71073e-14
3.411173276e+00  3.8285086e-13  3.82851e-13  3.11988e-13  7.08629e-14
3.428229142e+00  3.8478212e-13  3.84782e-13  3.09995e-13  7.47871e-14
3.445370288e+00  3.8718683e-13  3.87187e-13  3.08293e-13  7.88936e-14
3.462597139e+00  3.8936958e-13  3.89370e-13  3.06159e-13  8.32101e-14
3.479910125e+00  3.9147050e-13  3.91470e-13  3.03728e-13  8.77426e-14
3.497309675e+00  3.9404003e-13  3.94040e-13  3.01557e-13  9.24826e-14
3.514796224e+00  3.9707947e-13  3.97079e-13  2.99642e-13  9.74372e-14
3.532370205e+00  4.0050324e-13  4.00503e-13  2.97886e-13  1.02617e-13
3.550032056e+00  4.0354015e-13  4.03540e-13  2.95477e-13  1.08063e-13
3.567782216e+00  4.0715730e-13  4.07157e-13  2.93412e-13  1.13746e-13
3.585621127e+00  4.1087614e-13  4.10876e-13  2.91180e-13  1.19696e-13
3.603549233e+00  4.1493439e-13  4.14934e-13  2.89021e-13  1.25914e-13
3.621566979e+00  4.1928522e-13  4.19285e-13  2.86875e-13  1.32411e-13
3.639674814e+00  4.2385730e-13  4.23857e-13  2.84655e-13  1.39203e-13
3.657873188e+00  4.2869086e-13  4.28691e-13  2.82392e-13  1.46299e-13
3.676162554e+00  4.3395806e-13  4.33958e-13  2.80258e-13  1.53700e-13
3.694543367e+00  4.3948242e-13  4.39482e-13  2.78053e-13  1.61430e-13
3.713016084e+00  4.4525222e-13  4.45252e-13  2.75750e-13  1.69502e-13
3.731581164e+00  4.5151362e-13  4.51514e-13  2.73603e-13  1.77911e-13
3.750239070e+00  4.5804604e-13  4.58046e-13  2.71359e-13  1.86687e-13
3.768990265e+00  4.6496554e-13  4.64966e-13  2.69132e-13  1.95834e-13
3.787835216e+00  4.7230934e-13  4.72309e-13  2.66946e-13  2.05363e-13
3.806774393e+00  4.8001634e-13  4.80016e-13  2.64723e-13  2.15293e-13
3.825808265e+00  4.8802968e-13  4.88030e-13  2.62383e-13  2.25647e-13
3.844937306e+00  4.9658078e-13  4.96581e-13  2.60166e-13  2.36415e-13
3.864161992e+00  5.0558611e-13  5.05586e-13  2.57965e-13  2.47621e-13
3.883482802e+00  5.1494480e-13  5.14945e-13  2.55651e-13  2.59293e-13
3.902900216e+00  5.2485747e-13  5.24857e-13  2.53433e-13  2.71425e-13
3.922414717e+00  5.3533569e-13  5.35336e-13  2.51307e-13  2.84029e-13
3.942026791e+00  5.4617192e-13  5.46172e-13  2.49020e-13  2.97152e-13
3.961736925e+00  5.5751835e-13  5.57518e-13  2.46726e-13  3.10792e-13
3.981545610e+00  5.6945530e-13  5.69455e-13  2.44501e-13  3.24955e-13
4.001453338e+00  5.8197565e-13  5.81976e-13  2.42318e-13  3.39658e-13
4.021460604e+00  5.9503307e-13  5.95033e-13  2.40103e-13  3.54930e-13
4.041567907e+00  6.0864627e-13  6.08646e-13  2.37857e-13  3.70789e-13
4.061775747e+00  6.2293291e-13  6.22933e-13  2.35702e-13  3.87231e-13
4.082084626e+00  6.3780999e-13  6.37810e-13  2.33517e-13  4.04293e-13
4.102495049e+00  6.5329720e-13  6.53297e-13  2.31302e-13  4.21995e-13
4.123007524e+00  6.6943315e-13  6.69433e-13  2.29083e-13  4.40350e-13
4.143622562e+00  6.8632769e-13  6.86328e-13  2.26975e-13  4.59352e-13
4.164340674e+00  7.0381697e-13  7.03817e-13  2.24747e-13  4.79070e-13
4.185162378e+00  7.2213462e-13  7.22135e-13  2.22674e-13  4.99460e-13
4.206088190e+00  7.4129191e-13  7.41292e-13  2.20755e-13  5.20537e-13
4.227118631e+00  7.6103688e-13  7.61037e-13  2.18626e-13  5.42411e-13
4.248254224e+00  7.8173811e-13  7.81738e-13  2.16759e-13  5.64979e-13
4.269495495e+00  8.0299574e-13  8.02996e-13  2.14576e-13  5.88420e-13
4.290842972e+00  8.2515207e-13  8.25152e-13  2.12522e-13  6.12631e-13
4.312297187e+00  8.4817644e-13  8.48176e-13  2.10528e-13  6.37648e-13
4.333858673e+00  8.7202962e-13  8.72030e-13  2.08508e-13  6.63521e-13
4.355527967e+00  8.9678984e-13  8.96790e-13  2.06549e-13  6.90241e-13
4.377305606e+00  9.2239558e-13  9.22396e-13  2.04521e-13  7.17875e-13
4.399192134e+00  9.4892465e-13  9.48925e-13  2.02510e-13  7.46414e-13
4.421188095e+00  9.7637385e-13  9.76374e-13  2.00476e-13  7.75898e-13
4.443294036e+00  1.0048146e-12  1.00481e-12  1.98501e-13  8.06313e-13
4.465510506e+00  1.0342207e-12  1.03422e-12  1.96503e-13  8.37718e-13
4.487838058e+00  1.0646599e-12  1.06466e-12  1.94563e-13  8.70096e-13
4.510277249e+00  1.0960293e-12  1.09603e-12  1.92440e-13  9.03590e-13
4.532828635e+00  1.1283963e-12  1.12840e-12  1.90197e-13  9.38200e-13
4.555492778e+00  1.1617774e-12  1.16178e-12  1.87798e-13  9.73979e-13
4.578270242e+00  1.1961093e-12  1.19611e-12  1.85013e-13  1.01110e-12
4.601161593e+00  1.2315467e-12  1.23155e-12  1.82085e-13  1.04946e-12
4.624167401e+00  1.2681007e-12  1.26810e-12  1.78940e-13  1.08916e-12
4.647288238e+00  1.3058599e-12  1.30586e-12  1.75701e-13  1.13016e-12
4.670524679e+00  1.3448806e-12  1.34488e-12  1.72427e-13  1.17245e-12
4.693877303e+00  1.3852561e-12  1.38526e-12  1.69326e-13  1.21593e-12
4.717346689e+00  1.4270761e-12  1.42708e-12  1.66692e-13  1.26038e-12
4.740933423e+00  1.4703091e-12  1.47031e-12  1.64460e-13  1.30585e-12
4.764638090e+00  1.5148253e-12  1.51483e-12  1.62014e-13  1.35281e-12
4.788461280e+00  1.5606757e-12  1.56068e-12  1.59361e-13  1.40131e-12
4.812403587e+00  1.6079377e-12  1.60794e-12  1.56721e-13  1.45122e-12
4.836465604e+00  1.6566492e-12  1.65665e-12  1.54221e-13  1.50243e-12
4.860647933e+00  1.7068372e-12  1.70684e-12  1.52212e-13  1.55462e-12
4.884951172e+00  1.7584705e-12  1.75847e-12  1.50524e-13  1.60795e-12
4.909375928e+00  1.8115525e-12  1.81155e-12  1.48765e-13  1.66279e-12
4.933922808e+00  1.8661062e-12  1.86611e-12  1.47075e-13  1.71903e-12
4.958592422e+00  1.9221437e-12  1.92214e-12  1.45489e-13  1.77666e-12
4.983385384e+00  1.9797111e-12  1.97971e-12  1.43815e-13  1.83590e-12
5.008302311e+00  2.0388306e-12  2.03883e-12  1.42125e-13  1.89671e-12
5.033343822e+00  2.0995778e-12  2.09958e-12  1.40253e-13  1.95932e-12
5.058510541e+00  2.1620285e-12  2.16203e-12  1.38137e-13  2.02389e-12
5.083803094e+00  2.2261515e-12  2.22615e-12  1.36029e-13  2.09012e-12
5.109222110e+00  2.2919813e-12  2.29198e-12  1.33914e-13  2.15807e-12
5.134768220e+00  2.3594009e-12  2.35940e-12  1.32082e-13  2.22732e-12
5.160442061e+00  2.4283915e-12  2.42839e-12  1.30526e-13  2.29787e-12
5.186244272e+00  2.4987731e-12  2.49877e-12  1.29493e-13  2.36928e-12
5.212175493e+00  2.5705657e-12  2.57057e-12  1.28844e-13  2.44172e-12
5.238236370e+00  2.6439465e-12  2.64395e-12  1.28274e-13  2.51567e-12
5.264427552e+00  2.7189584e-12  2.71896e-12  1.27733e-13  2.59123e-12
5.290749690e+00  2.7954205e-12  2.79542e-12  1.27436e-13  2.66798e-12
5.317203438e+00  2.8735989e-12  2.87360e-12  1.27074e-13  2.74653e-12
5.343789456e+00  2.9537443e-12  2.95374e-12  1.26436e-13  2.82731e-12
5.370508403e+00  3.0361999e-12  3.03620e-12  1.25293e-13  2.91091e-12
5.397360945e+00  3.1209831e-12  3.12098e-12  1.23746e-13  2.99724e-12
5.424347750e+00  3.2077087e-12  3.20771e-12  1.22186e-13  3.08552e-12
5.451469488e+00  3.2958397e-12  3.29584e-12  1.21020e-13  3.17482e-12
5.478726836e+00  3.3856482e-12  3.38565e-12  1.20009e-13  3.26564e-12
5.506120470e+00  3.4773640e-12  3.47736e-12  1.18991e-13  3.35837e-12
5.533651072e+00  3.5711485e-12  3.57115e-12  1.17882e-13  3.45327e-12
5.561319328e+00  3.6676110e-12  3.66761e-12  1.16362e-13  3.55125e-12
5.589125924e+00  3.7666942e-12  3.76669e-12  1.14539e-13  3.65216e-12
5.617071554e+00  3.8673870e-12  3.86739e-12  1.12987e-13  3.75440e-12
5.645156912e+00  3.9696127e-12  3.96961e-12  1.11711e-13  3.85790e-12
5.673382696e+00  4.0736421e-12  4.07364e-12  1.10557e-13  3.96309e-12
5.701749610e+00  4.1798305e-12  4.17983e-12  1.09360e-13  4.07047e-12
5.730258358e+00  4.2883365e-12  4.28834e-12  1.08068e-13  4.18027e-12
5.758909650e+00  4.3989371e-12  4.39894e-12  1.06790e-13  4.29215e-12
5.787704198e+00  4.5115066e-12  4.51151e-12  1.05578e-13  4.40593e-12
5.816642719e+00  4.6260777e-12  4.62608e-12  1.04417e-13  4.52166e-12
5.845725932e+00  4.7429135e-12  4.74291e-12  1.03216e-13  4.63970e-12
5.874954562e+00  4.8620813e-12  4.86208e-12  1.01965e-13  4.76012e-12
5.904329335e+00  4.9839372e-12  4.98394e-12  1.00562e-13  4.88337e-12
5.933850982e+00  5.1093028e-12  5.10930e-12  9.87889e-14  5.01051e-12
5.963520237e+00  5.2369807e-12  5.23698e-12  9.70384e-14  5.13994e-12
5.993337838e+00  5.3660408e-12  5.36604e-12  9.55683e-14  5.27047e-12
6.023304527e+00  5.4964916e-12  5.49649e-12  9.43472e-14  5.40214e-12
6.053421050e+00  5.6284465e-12  5.62845e-12  9.33205e-14  5.53513e-12
6.083688155e+00  5.7621892e-12  5.76219e-12  9.23997e-14  5.66979e-12
6.114106596e+00  5.8986578e-12  5.89866e-12  9.13570e-14  5.80730e-12
6.144677129e+00  6.0376989e-12  6.03770e-12  9.02429e-14  5.94746e-12
6.175400514e+00  6.1796225e-12  6.17962e-12  8.90011e-14  6.09062e-12
6.206277517e+00  6.3228690e-12  6.32287e-12  8.79699e-14  6.23490e-12
6.237308904e+00  6.4679911e-12  6.46799e-12  8.70180e-14  6.38097e-12
6.268495449e+00  6.6147825e-12  6.61478e-12  8.61776e-14  6.52860e-12
6.299837926e+00  6.7638080e-12  6.76381e-12  8.53336e-14  6.67847e-12
6.331337116e+00  6.9139421e-12  6.91394e-12  8.46864e-14  6.82926e-12
6.362993801e+00  7.0650937e-12  7.06509e-12  8.42311e-14  6.98086e-12
6.394808770e+00  7.2184950e-12  7.21850e-12  8.37440e-14  7.13475e-12
6.426782814e+00  7.3747022e-12  7.37470e-12  8.31392e-14  7.29156e-12
6.458916728e+00  7.5336996e-12  7.53370e-12  8.24307e-14  7.45127e-12
6.491211312e+00  7.6958958e-12  7.69590e-12  8.15681e-14  7.61433e-12
6.523667368e+00  7.8603373e-12  7.86034e-12  8.07034e-14  7.77963e-12
6.556285705e+00  8.0286109e-12  8.02861e-12  7.96172e-14  7.94899e-12
6.589067134e+00  8.1984334e-12  8.19843e-12  7.86368e-14  8.11980e-12
6.622012469e+00  8.3703024e-12  8.37030e-12  7.76877e-14  8.29261e-12
6.655122532e+00  8.5426515e-12  8.54265e-12  7.69625e-14  8.46569e-12
6.688398144e+00  8.7168478e-12  8.71685e-12  7.62740e-14  8.64057e-12
6.721840135e+00  8.8940578e-12  8.89406e-12  7.54813e-14  8.81858e-12
6.755449336e+00  9.0735493e-12  9.07355e-12  7.46765e-14  8.99887e-12
6.789226583e+00  9.2557695e-12  9.25577e-12  7.38109e-14  9.18196e-12
6.823172715e+00  9.4405658e-12  9.44057e-12  7.29058e-14  9.36766e-12
6.857288579e+00  9.6275812e-12  9.62758e-12  7.20011e-14  9.55558e-12
6.891575022e+00  9.8169038e-12  9.81690e-12  7.10872e-14  9.74582e-12
6.926032897e+00  1.0009314e-11  1.00093e-11  7.00889e-14  9.93923e-12
6.960663062e+00  1.0202561e-11  1.02026e-11  6.92244e-14  1.01333e-11
6.995466377e+00  1.0397666e-11  1.03977e-11  6.83881e-14  1.03293e-11
7.030443709e+00  1.0595227e-11  1.05952e-11  6.75240e-14  1.05277e-11
7.065595927e+00  1.0795037e-11  1.07950e-11  6.66513e-14  1.07284e-11
7.100923907e+00  1.0996219e-11  1.09962e-11  6.58429e-14  1.09304e-11
7.136428526e+00  1.1200158e-11  1.12002e-11  6.49805e-14  1.11352e-11
7.172110669e+00  1.1406198e-11  1.14062e-11  6.41191e-14  1.13421e-11
7.207971222e+00  1.1614441e-11  1.16144e-11  6.32500e-14  1.15512e-11
7.244011079e+00  1.1824170e-11  1.18242e-11  6.24261e-14  1.17617e-11
7.280231134e+00  1.2036777e-11  1.20368e-11  6.15423e-14  1.19752e-11
7.316632290e+00  1.2252662e-11  1.22527e-11  6.05748e-14  1.21921e-11
7.353215451e+00  1.2470501e-11  1.24705e-11  5.96195e-14  1.24109e-11
7.389981528e+00  1.2688998e-11  1.26890e-11  5.87605e-14  1.26302e-11
7.426931436e+00  1.2909610e-11  1.29096e-11  5.78951e-14  1.28517e-11
7.464066093e+00  1.3131531e-11  1.31315e-11  5.70734e-14  1.30745e-11
7.501386424e+00  1.3355781e-11  1.33558e-11  5.62288e-14  1.32996e-11
7.538893356e+00  1.3580716e-11  1.35807e-11  5.54595e-14  1.35253e-11
7.576587822e+00  1.3808059e-11  1.38081e-11  5.46591e-14  1.37534e-11
7.614470762e+00  1.4037675e-11  1.40377e-11  5.38365e-14  1.39838e-11
7.652543115e+00  1.4268841e-11  1.42688e-11  5.30320e-14  1.42158e-11
7.690805831e+00  1.4501662e-11  1.45017e-11  5.22374e-14  1.44494e-11
7.729259860e+00  1.4736255e-11  1.47363e-11  5.14449e-14  1.46848e-11
7.767906159e+00  1.4973507e-11  1.49735e-11  5.06084e-14  1.49229e-11
7.806745690e+00  1.5212045e-11  1.52120e-11  4.97979e-14  1.51622e-11
7.845779419e+00  1.5451033e-11  1.54510e-11  4.90506e-14  1.54020e-11
7.885008316e+00  1.5692777e-11  1.56928e-11  4.82528e-14  1.56445e-11
7.924433357e+00  1.5935517e-11  1.59355e-11  4.74874e-14  1.58880e-11
7.964055524e+00  1.6179026e-11  1.61790e-11  4.67611e-14  1.61323e-11
8.003875802e+00  1.6425582e-11  1.64256e-11  4.59712e-14  1.63796e-11
8.043895181e+00  1.6673863e-11  1.66739e-11  4.51771e-14  1.66287e-11
8.084114657e+00  1.6924365e-11  1.69244e-11  4.43579e-14  1.68800e-11
8.124535230e+00  1.7177086e-11  1.71771e-11  4.35142e-14  1.71336e-11
8.165157906e+00  1.7431137e-11  1.74311e-11  4.26821e-14  1.73885e-11
8.205983696e+00  1.7683763e-11  1.76838e-11  4.19656e-14  1.76418e-11
8.247013614e+00  1.7938658e-11  1.79387e-11  4.12172e-14  1.78974e-11
8.288248682e+00  1.8193964e-11  1.81940e-11  4.05060e-14  1.81535e-11
8.329689926e+00  1.8451685e-11  1.84517e-11  3.97569e-14  1.84119e-11
8.371338375e+00  1.8706661e-11  1.87067e-11  3.91520e-14  1.86675e-11
8.413195067e+00  1.8958881e-11  1.89589e-11  3.86807e-14  1.89202e-11
8.455261042e+00  1.9204008e-11  1.92040e-11  3.84776e-14  1.91655e-11
8.497537348e+00  1.9437077e-11  1.94371e-11  3.86852e-14  1.93984e-11
8.540025034e+00  1.9645784e-11  1.96458e-11  3.96667e-14  1.96061e-11
8.582725160e+00  1.9807339e-11  1.98073e-11  4.20787e-14  1.97653e-11
8.625638785e+00  1.9883444e-11  1.98834e-11  4.69905e-14  1.98365e-11
8.668766979e+00  1.9839983e-11  1.98400e-11  5.52494e-14  1.97847e-11
8.712110814e+00  1.9675586e-11  1.96756e-11  6.66683e-14  1.96089e-11
8.755671368e+00  1.9615347e-11  1.96153e-11  7.46117e-14  1.95407e-11
8.799449725e+00  1.9756389e-11  1.97564e-11  7.65827e-14  1.96798e-11
8.843446974e+00  1.9623092e-11  1.96231e-11  8.59420e-14  1.95372e-11
8.887664209e+00  1.9546590e-11  1.95466e-11  9.33655e-14  1.94532e-11
8.932102530e+00  1.9686007e-11  1.96860e-11  9.48053e-14  1.95912e-11
8.976763042e+00  1.9853066e-11  1.98531e-11  9.54510e-14  1.97576e-11
9.021646857e+00  2.0039484e-11  2.00395e-11  9.55573e-14  1.99439e-11
9.066755092e+00  2.0318237e-11  2.03182e-11  9.33653e-14  2.02249e-11
9.112088867e+00  2.0660877e-11  2.06609e-11  8.96995e-14  2.05712e-11
9.157649312e+00  2.1002305e-11  2.10023e-11  8.61839e-14  2.09161e-11
9.203437558e+00  2.1308952e-11  2.13090e-11  8.35850e-14  2.12254e-11
9.249454746e+00  2.1597007e-11  2.15970e-11  8.14829e-14  2.15155e-11
9.295702020e+00  2.1872226e-11  2.18722e-11  7.97211e-14  2.17925e-11
9.342180530e+00  2.2122761e-11  2.21228e-11  7.85366e-14  2.20442e-11
9.388891432e+00  2.2356906e-11  2.23569e-11  7.77189e-14  2.22792e-11
9.435835890e+00  2.2608577e-11  2.26086e-11  7.65392e-14  2.25320e-11
9.483015069e+00  2.2899633e-11  2.28996e-11  7.45717e-14  2.28251e-11
9.530430144e+00  2.3241515e-11  2.32415e-11  7.16333e-14  2.31699e-11
9.578082295e+00  2.3609428e-11  2.36094e-11  6.82679e-14  2.35412e-11
9.625972707e+00  2.4007014e-11  2.40070e-11  6.44312e-14  2.39426e-11
9.674102570e+00  2.4405770e-11  2.44058e-11  6.06901e-14  2.43451e-11
9.722473083e+00  2.4723462e-11  2.47235e-11  5.85652e-14  2.46649e-11
9.771085448e+00  2.5014230e-11  2.50142e-11  5.69819e-14  2.49572e-11
9.819940876e+00  2.5266322e-11  2.52663e-11  5.61200e-14  2.52102e-11
9.869040580e+00  2.5470390e-11  2.54704e-11  5.61028e-14  2.54143e-11
9.918385783e+00  2.5627026e-11  2.56270e-11  5.68727e-14  2.55702e-11
9.967977712e+00  2.5744662e-11  2.57447e-11  5.82432e-14  2.56864e-11
1.001781760e+01  2.5918164e-11  2.59182e-11  5.86092e-14  2.58596e-11
1.006790669e+01  2.6147350e-11  2.61473e-11  5.80268e-14  2.60893e-11
1.011824622e+01  2.6421047e-11  2.64210e-11  5.67248e-14  2.63643e-11
1.016883745e+01  2.6709463e-11  2.67095e-11  5.52086e-14  2.66543e-11
1.021968164e+01  2.6884431e-11  2.68844e-11  5.54625e-14  2.68290e-11
1.027078005e+01  2.6912379e-11  2.69124e-11  5.79000e-14  2.68545e-11
1.032213395e+01  2.6980765e-11  2.69808e-11  5.96204e-14  2.69211e-11
1.037374462e+01  2.7120881e-11  2.71209e-11  6.02025e-14  2.70607e-11
1.042561334e+01  2.7283965e-11  2.72840e-11  6.04033e-14  2.72236e-11
1.047774141e+01  2.7495028e-11  2.74950e-11  5.98892e-14  2.74351e-11
1.053013012e+01  2.7755560e-11  2.77556e-11  5.86758e-14  2.76969e-11
1.058278077e+01  2.8012340e-11  2.80123e-11  5.75229e-14  2.79548e-11
1.063569467e+01  2.8245055e-11  2.82451e-11  5.66992e-14  2.81884e-11
1.068887314e+01  2.8474114e-11  2.84741e-11  5.59198e-14  2.84182e-11
1.074231751e+01  2.8719921e-11  2.87199e-11  5.49183e-14  2.86650e-11
1.079602910e+01  2.8990705e-11  2.89907e-11  5.36010e-14  2.89371e-11
1.085000924e+01  2.9343807e-11  2.93438e-11  5.12666e-14  2.92925e-11
1.090425929e+01  2.9766678e-11  2.97667e-11  4.81197e-14  2.97186e-11
1.095878058e+01  3.0173284e-11  3.01733e-11  4.52419e-14  3.01280e-11
1.101357449e+01  3.0477133e-11  3.04771e-11  4.36505e-14  3.04335e-11
1.106864236e+01  3.0661724e-11  3.06617e-11  4.34772e-14  3.06182e-11
1.112398557e+01  3.0706440e-11  3.07064e-11  4.48915e-14  3.06615e-11
1.117960550e+01  3.0628789e-11  3.06288e-11  4.76186e-14  3.05812e-11
1.123550353e+01  3.0586573e-11  3.05866e-11  4.98342e-14  3.05367e-11
1.129168104e+01  3.0633994e-11  3.06340e-11  5.09656e-14  3.05830e-11
1.134813945e+01  3.0788681e-11  3.07887e-11  5.08718e-14  3.07378e-11
1.140488015e+01  3.1022692e-11  3.10227e-11  4.99066e-14  3.09728e-11
1.146190455e+01  3.1283832e-11  3.12838e-11  4.86568e-14  3.12352e-11
1.151921407e+01  3.1546109e-11  3.15461e-11  4.74037e-14  3.14987e-11
1.157681014e+01  3.1826793e-11  3.18268e-11  4.59724e-14  3.17808e-11
1.163469419e+01  3.2105911e-11  3.21059e-11  4.45708e-14  3.20613e-11
1.169286766e+01  3.2355732e-11  3.23557e-11  4.34712e-14  3.23123e-11
1.175133200e+01  3.2607580e-11  3.26076e-11  4.23561e-14  3.25652e-11
1.181008866e+01  3.2878407e-11  3.28784e-11  4.10644e-14  3.28373e-11
1.186913910e+01  3.3150364e-11  3.31504e-11  3.97722e-14  3.31106e-11
1.192848480e+01  3.3385472e-11  3.33855e-11  3.88322e-14  3.33466e-11
1.198812722e+01  3.3613054e-11  3.36131e-11  3.79610e-14  3.35751e-11
1.204806786e+01  3.3838623e-11  3.38386e-11  3.71060e-14  3.38015e-11
1.210830820e+01  3.4051549e-11  3.40515e-11  3.63610e-14  3.40152e-11
1.216884974e+01  3.4266072e-11  3.42661e-11  3.55967e-14  3.42305e-11
1.222969399e+01  3.4500540e-11  3.45005e-11  3.46556e-14  3.44659e-11
1.229084246e+01  3.4734899e-11  3.47349e-11  3.37159e-14  3.47012e-11
1.235229667e+01  3.4949086e-11  3.49491e-11  3.29460e-14  3.49161e-11
1.241405815e+01  3.5162949e-11  3.51629e-11  3.21746e-14  3.51308e-11
1.247612845e+01  3.5372584e-11  3.53726e-11  3.14339e-14  3.53412e-11
1.253850909e+01  3.5583792e-11  3.55838e-11  3.06758e-14  3.55531e-11
1.260120163e+01  3.5787168e-11  3.57872e-11  2.99759e-14  3.57572e-11
1.266420764e+01  3.5981815e-11  3.59818e-11  2.93387e-14  3.59525e-11
1.272752868e+01  3.6180686e-11  3.61807e-11  2.86620e-14  3.61520e-11
1.279116632e+01  3.6371906e-11  3.63719e-11  2.80377e-14  3.63439e-11
1.285512215e+01  3.6556577e-11  3.65566e-11  2.74556e-14  3.65291e-11
1.291939776e+01  3.6754256e-11  3.67543e-11  2.67690e-14  3.67275e-11
1.298399475e+01  3.6942167e-11  3.69422e-11  2.61487e-14  3.69160e-11
1.304891473e+01  3.7136751e-11  3.71368e-11  2.54737e-14  3.71113e-11
1.311415930e+01  3.7327951e-11  3.73280e-11  2.48176e-14  3.73031e-11
1.317973010e+01  3.7509627e-11  3.75096e-11  2.42230e-14  3.74854e-11
1.324562875e+01  3.7699226e-11  3.76992e-11  2.35666e-14  3.76757e-11
1.331185689e+01  3.7887002e-11  3.78870e-11  2.29176e-14  3.78641e-11
1.337841618e+01  3.8079510e-11  3.80795e-11  2.22314e-14  3.80573e-11
1.344530826e+01  3.8252884e-11  3.82529e-11  2.16690e-14  3.82312e-11
1.351253480e+01  3.8385434e-11  3.83854e-11  2.13687e-14  3.83641e-11
1.358009747e+01  3.8476370e-11  3.84764e-11  2.13259e-14  3.84550e-11
1.364799796e+01  3.8535727e-11  3.85357e-11  2.14665e-14  3.85143e-11
1.371623795e+01  3.8621256e-11  3.86213e-11  2.14171e-14  3.85998e-11
1.378481914e+01  3.8693874e-11  3.86939e-11  2.14296e-14  3.86724e-11
1.385374323e+01  3.8741746e-11  3.87417e-11  2.15751e-14  3.87202e-11
1.392301195e+01  3.8857689e-11  3.88577e-11  2.12807e-14  3.88364e-11
1.399262701e+01  3.9022018e-11  3.90220e-11  2.06812e-14  3.90013e-11
1.406259015e+01  3.9192821e-11  3.91928e-11  2.00380e-14  3.91728e-11
1.413290310e+01  3.9358273e-11  3.93583e-11  1.94227e-14  3.93389e-11
1.420356761e+01  3.9504311e-11  3.95043e-11  1.89164e-14  3.94854e-11
1.427458545e+01  3.9647837e-11  3.96478e-11  1.84178e-14  3.96294e-11
1.434595838e+01  3.9785851e-11  3.97859e-11  1.79440e-14  3.97679e-11
1.441768817e+01  3.9902063e-11  3.99021e-11  1.75859e-14  3.98845e-11
1.448977661e+01  3.9965043e-11  3.99650e-11  1.75145e-14  3.99475e-11
1.456222549e+01  4.0034624e-11  4.00346e-11  1.73908e-14  4.00172e-11
1.463503662e+01  4.0116461e-11  4.01165e-11  1.71859e-14  4.00993e-11
1.470821180e+01  4.0210210e-11  4.02102e-11  1.69045e-14  4.01933e-11
1.478175286e+01  4.0280096e-11  4.02801e-11  1.67394e-14  4.02634e-11
1.485566163e+01  4.0378800e-11  4.03788e-11  1.64097e-14  4.03624e-11
1.492993994e+01  4.0518184e-11  4.05182e-11  1.58595e-14  4.05023e-11
1.500458964e+01  4.0688031e-11  4.06880e-11  1.51485e-14  4.06729e-11
1.507961258e+01  4.0834131e-11  4.08341e-11  1.45580e-14  4.08196e-11
1.515501065e+01  4.0941140e-11  4.09411e-11  1.41612e-14  4.09270e-11
1.523078570e+01  4.0981866e-11  4.09819e-11  1.40872e-14  4.09678e-11
1.530693963e+01  4.0866137e-11  4.08661e-11  1.47696e-14  4.08514e-11
1.538347433e+01  4.0761670e-11  4.07617e-11  1.53674e-14  4.07463e-11
1.546039170e+01  4.0655428e-11  4.06554e-11  1.59462e-14  4.06395e-11
1.553769366e+01  4.0559721e-11  4.05597e-11  1.64478e-14  4.05433e-11
1.561538212e+01  4.0561881e-11  4.05619e-11  1.64629e-14  4.05454e-11
1.569345903e+01  4.0636774e-11  4.06368e-11  1.61238e-14  4.06207e-11
1.577192633e+01  4.0759577e-11  4.07596e-11  1.55565e-14  4.07440e-11
1.585078596e+01  4.0852163e-11  4.08522e-11  1.51250e-14  4.08370e-11
1.593003989e+01  4.0937341e-11  4.09373e-11  1.47222e-14  4.09226e-11
1.600969009e+01  4.1004974e-11  4.10050e-11  1.43926e-14  4.09906e-11
1.608973854e+01  4.1037416e-11  4.10374e-11  1.42125e-14  4.10232e-11
1.617018723e+01  4.0993631e-11  4.09936e-11  1.43573e-14  4.09793e-11
1.625103817e+01  4.0873525e-11  4.08735e-11  1.48180e-14  4.08587e-11
1.633229336e+01  4.0656742e-11  4.06567e-11  1.56725e-14  4.06411e-11
1.641395483e+01  4.0378526e-11  4.03785e-11  1.67593e-14  4.03618e-11
1.649602460e+01  4.0151881e-11  4.01519e-11  1.75950e-14  4.01343e-11
1.657850473e+01  3.9898768e-11  3.98988e-11  1.85126e-14  3.98803e-11
1.666139725e+01  3.9798067e-11  3.97981e-11  1.87704e-14  3.97793e-11
1.674470424e+01  3.9719612e-11  3.97196e-11  1.89202e-14  3.97007e-11
1.682842776e+01  3.9694352e-11  3.96944e-11  1.88398e-14  3.96755e-11
1.691256990e+01  3.9687868e-11  3.96879e-11  1.86741e-14  3.96692e-11
1.699713274e+01  3.9691785e-11  3.96918e-11  1.84588e-14  3.96733e-11
1.708211841e+01  3.9672119e-11  3.96721e-11  1.83294e-14  3.96538e-11
1.716752900e+01  3.9640816e-11  3.96408e-11  1.82369e-14  3.96226e-11
1.725336665e+01  3.9547156e-11  3.95472e-11  1.83766e-14  3.95288e-11
1.733963348e+01  3.9403572e-11  3.94036e-11  1.86946e-14  3.93849e-11
1.742633165e+01  3.9166055e-11  3.91661e-11  1.93530e-14  3.91467e-11
1.751346330e+01  3.8907054e-11  3.89071e-11  2.00701e-14  3.88870e-11
1.760103062e+01  3.8642074e-11  3.86421e-11  2.07864e-14  3.86213e-11
1.768903577e+01  3.8483011e-11  3.84830e-11  2.10886e-14  3.84619e-11
1.777748095e+01  3.8421362e-11  3.84214e-11  2.10188e-14  3.84003e-11
1.786636836e+01  3.8415194e-11  3.84152e-11  2.07394e-14  3.83945e-11
1.795570020e+01  3.8436721e-11  3.84367e-11  2.03560e-14  3.84164e-11
1.804547870e+01  3.8422669e-11  3.84227e-11  2.00968e-14  3.84026e-11
1.813570609e+01  3.8318302e-11  3.83183e-11  2.01524e-14  3.82981e-11
1.822638462e+01  3.8150173e-11  3.81502e-11  2.04216e-14  3.81298e-11
1.831751655e+01  3.7997736e-11  3.79977e-11  2.06229e-14  3.79771e-11
1.840910413e+01  3.7920464e-11  3.79205e-11  2.05533e-14  3.78999e-11
1.850114965e+01  3.7920767e-11  3.79208e-11  2.02116e-14  3.79006e-11
1.859365540e+01  3.7901518e-11  3.79015e-11  1.99336e-14  3.78816e-11
1.868662368e+01  3.7748151e-11  3.77482e-11  2.01024e-14  3.77280e-11
1.878005679e+01  3.7481634e-11  3.74816e-11  2.06372e-14  3.74610e-11
1.887395708e+01  3.7175048e-11  3.71750e-11  2.12876e-14  3.71538e-11
1.896832686e+01  3.6896339e-11  3.68963e-11  2.18284e-14  3.68745e-11
1.906316850e+01  3.6581272e-11  3.65813e-11  2.24708e-14  3.65588e-11
1.915848434e+01  3.6304526e-11  3.63045e-11  2.29719e-14  3.62816e-11
1.925427676e+01  3.6108351e-11  3.61084e-11  2.32003e-14  3.60852e-11
1.935054815e+01  3.5946665e-11  3.59467e-11  2.33086e-14  3.59234e-11
1.944730089e+01  3.5857260e-11  3.58573e-11  2.31810e-14  3.58341e-11
1.954453739e+01  3.5806247e-11  3.58062e-11  2.29289e-14  3.57833e-11
1.964226008e+01  3.5781420e-11  3.57814e-11  2.25930e-14  3.57588e-11
1.974047138e+01  3.5754352e-11  3.57544e-11  2.22628e-14  3.57321e-11
1.983917374e+01  3.5703662e-11  3.57037e-11  2.20033e-14  3.56817e-11
1.993836960e+01  3.5620945e-11  3.56209e-11  2.18383e-14  3.55991e-11
2.003806145e+01  3.5572906e-11  3.55729e-11  2.15657e-14  3.55513e-11
2.013825176e+01  3.5560631e-11  3.55606e-11  2.11850e-14  3.55394e-11
2.023894302e+01  3.5571599e-11  3.55716e-11  2.07355e-14  3.55509e-11
2.034013773e+01  3.5613721e-11  3.56137e-11  2.01958e-14  3.55935e-11
2.044183842e+01  3.5714711e-11  3.57147e-11  1.94874e-14  3.56952e-11
2.054404761e+01  3.5847596e-11  3.58476e-11  1.86920e-14  3.58289e-11
2.064676785e+01  3.6005411e-11  3.60054e-11  1.78318e-14  3.59876e-11
2.075000169e+01  3.6004788e-11  3.60048e-11  1.74296e-14  3.59874e-11
2.085375170e+01  3.5890383e-11  3.58904e-11  1.73494e-14  3.58730e-11
2.095802046e+01  3.5754996e-11  3.57550e-11  1.73242e-14  3.57377e-11
2.106281056e+01  3.5658037e-11  3.56580e-11  1.71876e-14  3.56408e-11
2.116812461e+01  3.5670827e-11  3.56708e-11  1.67451e-14  3.56541e-11
2.127396524e+01  3.5719913e-11  3.57199e-11  1.62047e-14  3.57037e-11
2.138033506e+01  3.5766918e-11  3.57669e-11  1.56732e-14  3.57512e-11
2.148723674e+01  3.5778390e-11  3.57784e-11  1.52408e-14  3.57631e-11
2.159467292e+01  3.5781789e-11  3.57818e-11  1.48319e-14  3.57670e-11
2.170264629e+01  3.5773475e-11  3.57735e-11  1.44557e-14  3.57590e-11
2.181115952e+01  3.5680193e-11  3.56802e-11  1.43055e-14  3.56659e-11
2.192021532e+01  3.5526750e-11  3.55268e-11  1.43116e-14  3.55124e-11
2.202981639e+01  3.5378452e-11  3.53785e-11  1.43002e-14  3.53642e-11
2.213996547e+01  3.5217801e-11  3.52178e-11  1.43172e-14  3.52035e-11
2.225066530e+01  3.5087872e-11  3.50879e-11  1.42511e-14  3.50736e-11
2.236191863e+01  3.5024776e-11  3.50248e-11  1.40114e-14  3.50108e-11
2.247372822e+01  3.5027531e-11  3.50275e-11  1.36040e-14  3.50139e-11
2.258609686e+01  3.5068241e-11  3.50682e-11  1.31028e-14  3.50551e-11
2.269902735e+01  3.5102514e-11  3.51025e-11  1.26211e-14  3.50899e-11
2.281252248e+01  3.5128803e-11  3.51288e-11  1.21623e-14  3.51166e-11
2.292658510e+01  3.5106189e-11  3.51062e-11  1.18273e-14  3.50944e-11
2.304121802e+01  3.5039492e-11  3.50395e-11  1.16020e-14  3.50279e-11
2.315642411e+01  3.4918459e-11  3.49185e-11  1.15093e-14  3.49070e-11
2.327220623e+01  3.4815738e-11  3.48157e-11  1.13705e-14  3.48044e-11
2.338856726e+01  3.4737837e-11  3.47378e-11  1.11707e-14  3.47267e-11
2.350551010e+01  3.4633629e-11  3.46336e-11  1.10337e-14  3.46226e-11
2.362303765e+01  3.4499484e-11  3.44995e-11  1.09671e-14  3.44885e-11
2.374115284e+01  3.4368377e-11  3.43684e-11  1.08915e-14  3.43575e-11
2.385985860e+01  3.4263151e-11  3.42632e-11  1.07534e-14  3.42524e-11
2.397915789e+01  3.4189341e-11  3.41893e-11  1.05413e-14  3.41788e-11
2.409905368e+01  3.4097759e-11  3.40978e-11  1.03706e-14  3.40874e-11
2.421954895e+01  3.3965214e-11  3.39652e-11  1.02942e-14  3.39549e-11
2.434064670e+01  3.3838378e-11  3.38384e-11  1.02035e-14  3.38282e-11
2.446234993e+01  3.3674574e-11  3.36746e-11  1.01959e-14  3.36644e-11
2.458466168e+01  3.3485219e-11  3.34852e-11  1.02443e-14  3.34750e-11
2.470758499e+01  3.3338617e-11  3.33386e-11  1.01937e-14  3.33284e-11
2.483112291e+01  3.3261406e-11  3.32614e-11  9.98636e-15  3.32514e-11
2.495527853e+01  3.3240813e-11  3.32408e-11  9.65354e-15  3.32312e-11
