# ------------------------------------------------------------------------
# Radiance spectrum
# NASA-GSFC Planetary Spectrum Generator (PSG) (Villanueva et al. 2018, 2022)
# Synthesized on Wed Feb 14 20:31:24 2024
# Doppler velocities [km/s] (vobs,vrot+vorb,vwidth,vrfl,vstr): 0.00000,-0.00000,0.00000,-119.41115,-0.00000
# Spectral unit: Wavelength [um]
# Radiance unit: Spectral irradiance [W/m2/um]
# Wave/freq Total Object Reflected Thermal
5.000000000e-01  6.9175153e-13  6.91752e-13  6.91752e-13  1.87048e-46
5.025000000e-01  6.9869541e-13  6.98695e-13  6.98695e-13  2.95104e-46
5.050125000e-01  7.0562447e-13  7.05624e-13  7.05624e-13  4.64494e-46
5.075375625e-01  7.1253737e-13  7.12537e-13  7.12537e-13  7.29413e-46
5.100752503e-01  7.1943277e-13  7.19433e-13  7.19433e-13  1.14277e-45
5.126256266e-01  7.2630932e-13  7.26309e-13  7.26309e-13  1.78625e-45
5.151887547e-01  7.3316572e-13  7.33166e-13  7.33166e-13  2.78566e-45
5.177646985e-01  7.4000062e-13  7.40001e-13  7.40001e-13  4.33432e-45
5.203535220e-01  7.4681272e-13  7.46813e-13  7.46813e-13  6.72864e-45
5.229552896e-01  7.5360071e-13  7.53601e-13  7.53601e-13  1.04220e-44
5.255700660e-01  7.6036327e-13  7.60363e-13  7.60363e-13  1.61063e-44
5.281979164e-01  7.6709913e-13  7.67099e-13  7.67099e-13  2.48352e-44
5.308389059e-01  7.7380700e-13  7.73807e-13  7.73807e-13  3.82096e-44
5.334931005e-01  7.8048559e-13  7.80486e-13  7.80486e-13  5.86563e-44
5.361605660e-01  7.8713365e-13  7.87134e-13  7.87134e-13  8.98457e-44
5.388413688e-01  7.9374991e-13  7.93750e-13  7.93750e-13  1.37318e-43
5.415355756e-01  8.0033313e-13  8.00333e-13  8.00333e-13  2.09415e-43
5.442432535e-01  8.0688207e-13  8.06882e-13  8.06882e-13  3.18672e-43
5.469644698e-01  8.1339551e-13  8.13396e-13  8.13396e-13  4.83883e-43
5.496992921e-01  8.1987224e-13  8.19872e-13  8.19872e-13  7.33166e-43
5.524477886e-01  8.2631105e-13  8.26311e-13  8.26311e-13  1.10850e-42
5.552100275e-01  8.3271077e-13  8.32711e-13  8.32711e-13  1.67240e-42
5.579860777e-01  8.3907020e-13  8.39070e-13  8.39070e-13  2.51783e-42
5.607760081e-01  8.4538820e-13  8.45388e-13  8.45388e-13  3.78264e-42
5.635798881e-01  8.5166362e-13  8.51664e-13  8.51664e-13  5.67090e-42
5.663977875e-01  8.5789532e-13  8.57895e-13  8.57895e-13  8.48403e-42
5.692297765e-01  8.6408218e-13  8.64082e-13  8.64082e-13  1.26663e-41
5.720759254e-01  8.7022310e-13  8.70223e-13  8.70223e-13  1.88712e-41
5.749363050e-01  8.7631700e-13  8.76317e-13  8.76317e-13  2.80578e-41
5.778109865e-01  8.8236279e-13  8.82363e-13  8.82363e-13  4.16313e-41
5.807000414e-01  8.8835942e-13  8.88359e-13  8.88359e-13  6.16455e-41
5.836035417e-01  8.9430586e-13  8.94306e-13  8.94306e-13  9.10965e-41
5.865215594e-01  9.0020107e-13  9.00201e-13  9.00201e-13  1.34347e-40
5.894541672e-01  9.0604405e-13  9.06044e-13  9.06044e-13  1.97733e-40
5.924014380e-01  9.1183380e-13  9.11834e-13  9.11834e-13  2.90445e-40
5.953634452e-01  9.1756937e-13  9.17569e-13  9.17569e-13  4.25781e-40
5.983402624e-01  9.2324978e-13  9.23250e-13  9.23250e-13  6.22946e-40
6.013319637e-01  9.2887411e-13  9.28874e-13  9.28874e-13  9.09618e-40
6.043386235e-01  9.3444143e-13  9.34441e-13  9.34441e-13  1.32562e-39
6.073603167e-01  9.3995084e-13  9.39951e-13  9.39951e-13  1.92810e-39
6.103971182e-01  9.4540147e-13  9.45401e-13  9.45401e-13  2.79899e-39
6.134491038e-01  9.5079244e-13  9.50792e-13  9.50792e-13  4.05540e-39
6.165163494e-01  9.5612291e-13  9.56123e-13  9.56123e-13  5.86453e-39
6.195989311e-01  9.6139206e-13  9.61392e-13  9.61392e-13  8.46455e-39
6.226969258e-01  9.6659907e-13  9.66599e-13  9.66599e-13  1.21941e-38
6.258104104e-01  9.7174317e-13  9.71743e-13  9.71743e-13  1.75337e-38
6.289394624e-01  9.7682359e-13  9.76824e-13  9.76824e-13  2.51640e-38
6.320841597e-01  9.8183958e-13  9.81840e-13  9.81840e-13  3.60474e-38
6.352445805e-01  9.8679040e-13  9.86790e-13  9.86790e-13  5.15417e-38
6.384208035e-01  9.9167536e-13  9.91675e-13  9.91675e-13  7.35594e-38
6.416129075e-01  9.9649376e-13  9.96494e-13  9.96494e-13  1.04789e-37
6.448209720e-01  1.0012449e-12  1.00124e-12  1.00124e-12  1.49005e-37
6.480450769e-01  1.0059283e-12  1.00593e-12  1.00593e-12  2.11490e-37
6.512853022e-01  1.0105431e-12  1.01054e-12  1.01054e-12  2.99633e-37
6.545417288e-01  1.0150888e-12  1.01509e-12  1.01509e-12  4.23745e-37
6.578144374e-01  1.0195648e-12  1.01956e-12  1.01956e-12  5.98190e-37
6.611035096e-01  1.0239706e-12  1.02397e-12  1.02397e-12  8.42939e-37
6.644090271e-01  1.0283056e-12  1.02831e-12  1.02831e-12  1.18571e-36
6.677310723e-01  1.0325692e-12  1.03257e-12  1.03257e-12  1.66492e-36
6.710697276e-01  1.0367610e-12  1.03676e-12  1.03676e-12  2.33368e-36
6.744250763e-01  1.0408806e-12  1.04088e-12  1.04088e-12  3.26534e-36
6.777972017e-01  1.0449273e-12  1.04493e-12  1.04493e-12  4.56096e-36
6.811861877e-01  1.0489008e-12  1.04890e-12  1.04890e-12  6.35960e-36
6.845921186e-01  1.0528007e-12  1.05280e-12  1.05280e-12  8.85223e-36
6.880150792e-01  1.0566266e-12  1.05663e-12  1.05663e-12  1.23007e-35
6.914551546e-01  1.0603780e-12  1.06038e-12  1.06038e-12  1.70633e-35
6.949124304e-01  1.0640547e-12  1.06405e-12  1.06405e-12  2.36296e-35
6.983869925e-01  1.0676562e-12  1.06766e-12  1.06766e-12  3.26673e-35
7.018789275e-01  1.0711823e-12  1.07118e-12  1.07118e-12  4.50858e-35
7.053883221e-01  1.0746327e-12  1.07463e-12  1.07463e-12  6.21208e-35
7.089152637e-01  1.0780070e-12  1.07801e-12  1.07801e-12  8.54495e-35
7.124598400e-01  1.0813051e-12  1.08131e-12  1.08131e-12  1.17344e-34
7.160221392e-01  1.0845266e-12  1.08453e-12  1.08453e-12  1.60877e-34
7.196022499e-01  1.0876714e-12  1.08767e-12  1.08767e-12  2.20198e-34
7.232002612e-01  1.0907393e-12  1.09074e-12  1.09074e-12  3.00900e-34
7.268162625e-01  1.0937300e-12  1.09373e-12  1.09373e-12  4.10511e-34
7.304503438e-01  1.0966435e-12  1.09664e-12  1.09664e-12  5.59143e-34
7.341025955e-01  1.0994795e-12  1.09948e-12  1.09948e-12  7.60363e-34
7.377731085e-01  1.1022380e-12  1.10224e-12  1.10224e-12  1.03234e-33
7.414619740e-01  1.1049188e-12  1.10492e-12  1.10492e-12  1.39937e-33
7.451692839e-01  1.1075219e-12  1.10752e-12  1.10752e-12  1.89388e-33
7.488951303e-01  1.1100472e-12  1.11005e-12  1.11005e-12  2.55908e-33
7.526396060e-01  1.1124947e-12  1.11249e-12  1.11249e-12  3.45251e-33
7.564028040e-01  1.1148642e-12  1.11486e-12  1.11486e-12  4.65057e-33
7.601848180e-01  1.1171559e-12  1.11716e-12  1.11716e-12  6.25462e-33
7.639857421e-01  1.1193697e-12  1.11937e-12  1.11937e-12  8.39892e-33
7.678056708e-01  1.1215056e-12  1.12151e-12  1.12151e-12  1.12610e-32
7.716446992e-01  1.1235637e-12  1.12356e-12  1.12356e-12  1.50752e-32
7.755029227e-01  1.1255440e-12  1.12554e-12  1.12554e-12  2.01506e-32
7.793804373e-01  1.1274466e-12  1.12745e-12  1.12745e-12  2.68939e-32
7.832773395e-01  1.1292716e-12  1.12927e-12  1.12927e-12  3.58396e-32
7.871937262e-01  1.1310192e-12  1.13102e-12  1.13102e-12  4.76892e-32
7.911296948e-01  1.1326893e-12  1.13269e-12  1.13269e-12  6.33618e-32
7.950853433e-01  1.1342823e-12  1.13428e-12  1.13428e-12  8.40597e-32
7.990607700e-01  1.1357982e-12  1.13580e-12  1.13580e-12  1.11354e-31
8.030560739e-01  1.1372372e-12  1.13724e-12  1.13724e-12  1.47293e-31
8.070713542e-01  1.1385994e-12  1.13860e-12  1.13860e-12  1.94547e-31
8.111067110e-01  1.1398852e-12  1.13989e-12  1.13989e-12  2.56585e-31
8.151622446e-01  1.1410948e-12  1.14109e-12  1.14109e-12  3.37916e-31
8.192380558e-01  1.1422282e-12  1.14223e-12  1.14223e-12  4.44385e-31
8.233342461e-01  1.1432859e-12  1.14329e-12  1.14329e-12  5.83559e-31
8.274509173e-01  1.1442680e-12  1.14427e-12  1.14427e-12  7.65226e-31
8.315881719e-01  1.1451749e-12  1.14517e-12  1.14517e-12  1.00202e-30
8.357461127e-01  1.1460069e-12  1.14601e-12  1.14601e-12  1.31023e-30
8.399248433e-01  1.1467641e-12  1.14676e-12  1.14676e-12  1.71084e-30
8.441244675e-01  1.1474470e-12  1.14745e-12  1.14745e-12  2.23080e-30
8.483450899e-01  1.1480560e-12  1.14806e-12  1.14806e-12  2.90473e-30
8.525868153e-01  1.1485912e-12  1.14859e-12  1.14859e-12  3.77702e-30
8.568497494e-01  1.1490531e-12  1.14905e-12  1.14905e-12  4.90448e-30
8.611339981e-01  1.1494421e-12  1.14944e-12  1.14944e-12  6.35974e-30
8.654396681e-01  1.1497586e-12  1.14976e-12  1.14976e-12  8.23554e-30
8.697668665e-01  1.1500029e-12  1.15000e-12  1.15000e-12  1.06501e-29
8.741157008e-01  1.1501754e-12  1.15018e-12  1.15018e-12  1.37540e-29
8.784862793e-01  1.1502765e-12  1.15028e-12  1.15028e-12  1.77385e-29
8.828787107e-01  1.1503068e-12  1.15031e-12  1.15031e-12  2.28468e-29
8.872931042e-01  1.1502666e-12  1.15027e-12  1.15027e-12  2.93869e-29
8.917295698e-01  1.1501563e-12  1.15016e-12  1.15016e-12  3.77490e-29
8.961882176e-01  1.1499764e-12  1.14998e-12  1.14998e-12  4.84266e-29
9.006691587e-01  1.1497275e-12  1.14973e-12  1.14973e-12  6.20428e-29
9.051725045e-01  1.1494099e-12  1.14941e-12  1.14941e-12  7.93838e-29
9.096983670e-01  1.1490242e-12  1.14902e-12  1.14902e-12  1.01440e-28
9.142468589e-01  1.1485708e-12  1.14857e-12  1.14857e-12  1.29456e-28
9.188180931e-01  1.1480503e-12  1.14805e-12  1.14805e-12  1.64996e-28
9.234121836e-01  1.1474631e-12  1.14746e-12  1.14746e-12  2.10026e-28
9.280292445e-01  1.1468098e-12  1.14681e-12  1.14681e-12  2.67003e-28
9.326693908e-01  1.1460910e-12  1.14609e-12  1.14609e-12  3.39007e-28
9.373327377e-01  1.1453071e-12  1.14531e-12  1.14531e-12  4.29886e-28
9.420194014e-01  1.1444587e-12  1.14446e-12  1.14446e-12  5.44444e-28
9.467294984e-01  1.1435464e-12  1.14355e-12  1.14355e-12  6.88667e-28
9.514631459e-01  1.1425707e-12  1.14257e-12  1.14257e-12  8.70013e-28
9.562204616e-01  1.1415322e-12  1.14153e-12  1.14153e-12  1.09775e-27
9.610015639e-01  1.1404315e-12  1.14043e-12  1.14043e-12  1.38340e-27
9.658065718e-01  1.1392691e-12  1.13927e-12  1.13927e-12  1.74125e-27
9.706356046e-01  1.1380456e-12  1.13805e-12  1.13805e-12  2.18899e-27
9.754887826e-01  1.1367616e-12  1.13676e-12  1.13676e-12  2.74853e-27
9.803662265e-01  1.1354178e-12  1.13542e-12  1.13542e-12  3.44693e-27
9.852680577e-01  1.1340146e-12  1.13401e-12  1.13401e-12  4.31760e-27
9.901943980e-01  1.1325528e-12  1.13255e-12  1.13255e-12  5.40174e-27
9.951453700e-01  1.1310330e-12  1.13103e-12  1.13103e-12  6.75008e-27
1.000121097e+00  1.1294557e-12  1.12946e-12  1.12946e-12  8.42501e-27
1.005121702e+00  1.1278215e-12  1.12782e-12  1.12782e-12  1.05032e-26
1.010147311e+00  1.1261312e-12  1.12613e-12  1.12613e-12  1.30786e-26
1.015198047e+00  1.1243853e-12  1.12439e-12  1.12439e-12  1.62666e-26
1.020274038e+00  1.1225845e-12  1.12258e-12  1.12258e-12  2.02082e-26
1.025375408e+00  1.1207294e-12  1.12073e-12  1.12073e-12  2.50760e-26
1.030502285e+00  1.1188206e-12  1.11882e-12  1.11882e-12  3.10807e-26
1.035654796e+00  1.1168588e-12  1.11686e-12  1.11686e-12  3.84792e-26
1.040833070e+00  1.1148447e-12  1.11484e-12  1.11484e-12  4.75847e-26
1.046037236e+00  1.1127788e-12  1.11278e-12  1.11278e-12  5.87785e-26
1.051267422e+00  1.1106619e-12  1.11066e-12  1.11066e-12  7.25237e-26
1.056523759e+00  1.1084946e-12  1.10849e-12  1.10849e-12  8.93831e-26
1.061806378e+00  1.1062775e-12  1.10628e-12  1.10628e-12  1.10039e-25
1.067115410e+00  1.1040113e-12  1.10401e-12  1.10401e-12  1.35318e-25
1.072450987e+00  1.1016967e-12  1.10170e-12  1.10170e-12  1.66222e-25
1.077813242e+00  1.0993344e-12  1.09933e-12  1.09933e-12  2.03959e-25
1.083202308e+00  1.0969249e-12  1.09692e-12  1.09692e-12  2.49989e-25
1.088618319e+00  1.0944690e-12  1.09447e-12  1.09447e-12  3.06076e-25
1.094061411e+00  1.0919673e-12  1.09197e-12  1.09197e-12  3.74341e-25
1.099531718e+00  1.0894204e-12  1.08942e-12  1.08942e-12  4.57338e-25
1.105029377e+00  1.0868292e-12  1.08683e-12  1.08683e-12  5.58140e-25
1.110554523e+00  1.0841941e-12  1.08419e-12  1.08419e-12  6.80434e-25
1.116107296e+00  1.0815159e-12  1.08152e-12  1.08152e-12  8.28645e-25
1.121687832e+00  1.0787953e-12  1.07880e-12  1.07880e-12  1.00808e-24
1.127296272e+00  1.0760329e-12  1.07603e-12  1.07603e-12  1.22507e-24
1.132932753e+00  1.0732293e-12  1.07323e-12  1.07323e-12  1.48722e-24
1.138597417e+00  1.0703853e-12  1.07039e-12  1.07039e-12  1.80360e-24
1.144290404e+00  1.0675015e-12  1.06750e-12  1.06750e-12  2.18502e-24
1.150011856e+00  1.0645786e-12  1.06458e-12  1.06458e-12  2.64437e-24
1.155761915e+00  1.0616172e-12  1.06162e-12  1.06162e-12  3.19702e-24
1.161540725e+00  1.0586180e-12  1.05862e-12  1.05862e-12  3.86123e-24
1.167348428e+00  1.0555817e-12  1.05558e-12  1.05558e-12  4.65872e-24
1.173185171e+00  1.0525089e-12  1.05251e-12  1.05251e-12  5.61525e-24
1.179051096e+00  1.0494002e-12  1.04940e-12  1.04940e-12  6.76139e-24
1.184946352e+00  1.0462564e-12  1.04626e-12  1.04626e-12  8.13334e-24
1.190871084e+00  1.0430781e-12  1.04308e-12  1.04308e-12  9.77396e-24
1.196825439e+00  1.0398659e-12  1.03987e-12  1.03987e-12  1.17339e-23
1.202809566e+00  1.0366204e-12  1.03662e-12  1.03662e-12  1.40730e-23
1.208823614e+00  1.0333425e-12  1.03334e-12  1.03334e-12  1.68620e-23
1.214867732e+00  1.0300325e-12  1.03003e-12  1.03003e-12  2.01839e-23
1.220942071e+00  1.0266913e-12  1.02669e-12  1.02669e-12  2.41369e-23
1.227046781e+00  1.0233195e-12  1.02332e-12  1.02332e-12  2.88362e-23
1.233182015e+00  1.0199177e-12  1.01992e-12  1.01992e-12  3.44175e-23
1.239347925e+00  1.0164865e-12  1.01649e-12  1.01649e-12  4.10397e-23
1.245544665e+00  1.0130265e-12  1.01303e-12  1.01303e-12  4.88898e-23
1.251772388e+00  1.0095385e-12  1.00954e-12  1.00954e-12  5.81863e-23
1.258031250e+00  1.0060230e-12  1.00602e-12  1.00602e-12  6.91856e-23
1.264321406e+00  1.0024806e-12  1.00248e-12  1.00248e-12  8.21871e-23
1.270643013e+00  9.9891194e-13  9.98912e-13  9.98912e-13  9.75410e-23
1.276996228e+00  9.9531769e-13  9.95318e-13  9.95318e-13  1.15656e-22
1.283381209e+00  9.9169843e-13  9.91698e-13  9.91698e-13  1.37009e-22
1.289798116e+00  9.8805477e-13  9.88055e-13  9.88055e-13  1.62155e-22
1.296247106e+00  9.8438731e-13  9.84387e-13  9.84387e-13  1.91742e-22
1.302728342e+00  9.8069665e-13  9.80697e-13  9.80697e-13  2.26521e-22
1.309241983e+00  9.7698340e-13  9.76983e-13  9.76983e-13  2.67367e-22
1.315788193e+00  9.7324815e-13  9.73248e-13  9.73248e-13  3.15295e-22
1.322367134e+00  9.6949148e-13  9.69491e-13  9.69491e-13  3.71481e-22
1.328978970e+00  9.6571399e-13  9.65714e-13  9.65714e-13  4.37290e-22
1.335623865e+00  9.6191625e-13  9.61916e-13  9.61916e-13  5.14302e-22
1.342301984e+00  9.5809884e-13  9.58099e-13  9.58099e-13  6.04344e-22
1.349013494e+00  9.5426234e-13  9.54262e-13  9.54262e-13  7.09527e-22
1.355758561e+00  9.5040731e-13  9.50407e-13  9.50407e-13  8.32290e-22
1.362537354e+00  9.4653432e-13  9.46534e-13  9.46534e-13  9.75446e-22
1.369350041e+00  9.4264393e-13  9.42644e-13  9.42644e-13  1.14224e-21
1.376196791e+00  9.3873670e-13  9.38737e-13  9.38737e-13  1.33640e-21
1.383077775e+00  9.3481317e-13  9.34813e-13  9.34813e-13  1.56223e-21
1.389993164e+00  9.3087390e-13  9.30874e-13  9.30874e-13  1.82467e-21
1.396943130e+00  9.2691942e-13  9.26919e-13  9.26919e-13  2.12939e-21
1.403927846e+00  9.2295028e-13  9.22950e-13  9.22950e-13  2.48290e-21
1.410947485e+00  9.1896700e-13  9.18967e-13  9.18967e-13  2.89268e-21
1.418002222e+00  9.1497012e-13  9.14970e-13  9.14970e-13  3.36728e-21
1.425092233e+00  9.1096016e-13  9.10960e-13  9.10960e-13  3.91649e-21
1.432217694e+00  9.0792558e-13  9.07926e-13  9.07926e-13  4.55101e-21
1.439378783e+00  8.9867376e-13  8.98674e-13  8.98674e-13  5.28766e-21
1.446575677e+00  8.9895484e-13  8.98955e-13  8.98955e-13  6.13197e-21
1.453808555e+00  8.9158317e-13  8.91583e-13  8.91583e-13  7.11141e-21
1.461077598e+00  8.8869445e-13  8.88694e-13  8.88694e-13  8.23644e-21
1.468382986e+00  8.7709237e-13  8.77092e-13  8.77092e-13  9.54123e-21
1.475724901e+00  8.7429897e-13  8.74299e-13  8.74299e-13  1.10328e-20
1.483103525e+00  8.6497780e-13  8.64978e-13  8.64978e-13  1.27569e-20
1.490519043e+00  8.6084064e-13  8.60841e-13  8.60841e-13  1.47300e-20
1.497971638e+00  8.5461081e-13  8.54611e-13  8.54611e-13  1.69989e-20
1.505461496e+00  8.4914889e-13  8.49149e-13  8.49149e-13  1.96002e-20
1.512988804e+00  8.4190930e-13  8.41909e-13  8.41909e-13  2.25866e-20
1.520553748e+00  8.3908588e-13  8.39086e-13  8.39086e-13  2.59944e-20
1.528156517e+00  8.3233866e-13  8.32339e-13  8.32339e-13  2.99069e-20
1.535797299e+00  8.2774052e-13  8.27741e-13  8.27740e-13  3.43732e-20
1.543476286e+00  8.2157695e-13  8.21577e-13  8.21577e-13  3.94835e-20
1.551193667e+00  8.1753715e-13  8.17537e-13  8.17537e-13  4.53076e-20
1.558949636e+00  8.0966305e-13  8.09663e-13  8.09663e-13  5.19753e-20
1.566744384e+00  8.0599689e-13  8.05997e-13  8.05997e-13  5.95491e-20
1.574578106e+00  8.0322637e-13  8.03226e-13  8.03226e-13  6.81679e-20
1.582450996e+00  7.9864346e-13  7.98643e-13  7.98643e-13  7.79929e-20
1.590363251e+00  7.9388451e-13  7.93885e-13  7.93884e-13  8.91696e-20
1.598315067e+00  7.8948617e-13  7.89486e-13  7.89486e-13  1.01868e-19
1.606306643e+00  7.8632796e-13  7.86328e-13  7.86328e-13  1.16271e-19
1.614338176e+00  7.7999088e-13  7.79991e-13  7.79991e-13  1.32666e-19
1.622409867e+00  7.7595258e-13  7.75953e-13  7.75952e-13  1.51219e-19
1.630521916e+00  7.7374244e-13  7.73742e-13  7.73742e-13  1.72202e-19
1.638674526e+00  7.7055969e-13  7.70560e-13  7.70559e-13  1.95979e-19
1.646867898e+00  7.6659209e-13  7.66592e-13  7.66592e-13  2.22900e-19
1.655102238e+00  7.6219523e-13  7.62195e-13  7.62195e-13  2.53353e-19
1.663377749e+00  7.5822899e-13  7.58229e-13  7.58229e-13  2.87745e-19
1.671694638e+00  7.5545023e-13  7.55450e-13  7.55450e-13  3.26524e-19
1.680053111e+00  7.5130937e-13  7.51309e-13  7.51309e-13  3.70334e-19
1.688453377e+00  7.4893309e-13  7.48933e-13  7.48933e-13  4.19632e-19
1.696895643e+00  7.4462126e-13  7.44621e-13  7.44621e-13  4.75279e-19
1.705380122e+00  7.4164242e-13  7.41642e-13  7.41642e-13  5.37839e-19
1.713907022e+00  7.3898460e-13  7.38985e-13  7.38984e-13  6.08186e-19
1.722476557e+00  7.3516511e-13  7.35165e-13  7.35164e-13  6.87367e-19
1.731088940e+00  7.3216254e-13  7.32163e-13  7.32162e-13  7.76242e-19
1.739744385e+00  7.2890828e-13  7.28908e-13  7.28907e-13  8.76040e-19
1.748443107e+00  7.2589109e-13  7.25891e-13  7.25890e-13  9.87968e-19
1.757185322e+00  7.2310721e-13  7.23107e-13  7.23106e-13  1.11341e-18
1.765971249e+00  7.1999414e-13  7.19994e-13  7.19993e-13  1.25399e-18
1.774801105e+00  7.1671637e-13  7.16716e-13  7.16715e-13  1.41142e-18
1.783675111e+00  7.1280339e-13  7.12803e-13  7.12802e-13  1.58769e-18
1.792593486e+00  7.1046346e-13  7.10463e-13  7.10462e-13  1.78441e-18
1.801556454e+00  7.0849960e-13  7.08500e-13  7.08498e-13  2.00407e-18
1.810564236e+00  7.0473341e-13  7.04733e-13  7.04731e-13  2.24987e-18
1.819617057e+00  7.0104709e-13  7.01047e-13  7.01045e-13  2.52416e-18
1.828715142e+00  6.9851304e-13  6.98513e-13  6.98510e-13  2.82958e-18
1.837858718e+00  6.9573931e-13  6.95739e-13  6.95736e-13  3.17001e-18
1.847048012e+00  6.9204821e-13  6.92048e-13  6.92045e-13  3.54961e-18
1.856283252e+00  6.8926413e-13  6.89264e-13  6.89260e-13  3.97160e-18
1.865564668e+00  6.8662244e-13  6.86622e-13  6.86618e-13  4.44084e-18
1.874892491e+00  6.8374851e-13  6.83749e-13  6.83744e-13  4.96255e-18
1.884266954e+00  6.8116469e-13  6.81165e-13  6.81159e-13  5.54183e-18
1.893688289e+00  6.7835100e-13  6.78351e-13  6.78345e-13  6.18507e-18
1.903156730e+00  6.7575046e-13  6.75750e-13  6.75744e-13  6.89845e-18
1.912672514e+00  6.7263255e-13  6.72633e-13  6.72625e-13  7.68994e-18
1.922235876e+00  6.6994598e-13  6.69946e-13  6.69937e-13  8.56641e-18
1.931847056e+00  6.6725229e-13  6.67252e-13  6.67243e-13  9.53693e-18
1.941506291e+00  6.6369531e-13  6.63695e-13  6.63685e-13  1.06123e-17
1.951213822e+00  6.6014225e-13  6.60142e-13  6.60130e-13  1.18018e-17
1.960969892e+00  6.5743937e-13  6.57439e-13  6.57426e-13  1.31150e-17
1.970774741e+00  6.5508082e-13  6.55081e-13  6.55066e-13  1.45648e-17
1.980628615e+00  6.5278187e-13  6.52782e-13  6.52766e-13  1.61650e-17
1.990531758e+00  6.4964186e-13  6.49642e-13  6.49624e-13  1.79327e-17
2.000484417e+00  6.4650188e-13  6.46502e-13  6.46482e-13  1.98819e-17
2.010486839e+00  6.4404562e-13  6.44046e-13  6.44024e-13  2.20276e-17
2.020539273e+00  6.4103799e-13  6.41038e-13  6.41014e-13  2.43927e-17
2.030641969e+00  6.3769200e-13  6.37692e-13  6.37665e-13  2.69976e-17
2.040795179e+00  6.3481907e-13  6.34819e-13  6.34789e-13  2.98610e-17
2.050999155e+00  6.3227727e-13  6.32277e-13  6.32244e-13  3.30072e-17
2.061254151e+00  6.2939832e-13  6.29398e-13  6.29362e-13  3.64660e-17
2.071560421e+00  6.2625461e-13  6.26255e-13  6.26214e-13  4.02659e-17
2.081918224e+00  6.2337450e-13  6.23374e-13  6.23330e-13  4.44347e-17
2.092327815e+00  6.2075320e-13  6.20753e-13  6.20704e-13  4.90051e-17
2.102789454e+00  6.1754691e-13  6.17547e-13  6.17493e-13  5.40207e-17
2.113303401e+00  6.1479318e-13  6.14793e-13  6.14734e-13  5.95116e-17
2.123869918e+00  6.1191014e-13  6.11910e-13  6.11845e-13  6.55255e-17
2.134489268e+00  6.0852073e-13  6.08521e-13  6.08449e-13  7.21136e-17
2.145161714e+00  6.0564132e-13  6.05641e-13  6.05562e-13  7.93133e-17
2.155887523e+00  6.0251256e-13  6.02513e-13  6.02425e-13  8.71878e-17
2.166666960e+00  5.9932584e-13  5.99326e-13  5.99230e-13  9.57928e-17
2.177500295e+00  5.9577431e-13  5.95774e-13  5.95669e-13  1.05197e-16
2.188387796e+00  5.9296816e-13  5.92968e-13  5.92853e-13  1.15447e-16
2.199329735e+00  5.8949345e-13  5.89493e-13  5.89367e-13  1.26642e-16
2.210326384e+00  5.8645185e-13  5.86452e-13  5.86313e-13  1.38838e-16
2.221378016e+00  5.8299450e-13  5.82995e-13  5.82842e-13  1.52139e-16
2.232484906e+00  5.7966690e-13  5.79667e-13  5.79500e-13  1.66623e-16
2.243647331e+00  5.7694090e-13  5.76941e-13  5.76759e-13  1.82369e-16
2.254865567e+00  5.7351010e-13  5.73510e-13  5.73311e-13  1.99525e-16
2.266139895e+00  5.6997360e-13  5.69974e-13  5.69755e-13  2.18185e-16
2.277470595e+00  5.6639208e-13  5.66392e-13  5.66154e-13  2.38470e-16
2.288857948e+00  5.6334372e-13  5.63344e-13  5.63083e-13  2.60480e-16
2.300302237e+00  5.5995898e-13  5.59959e-13  5.59675e-13  2.84394e-16
2.311803748e+00  5.5681411e-13  5.56814e-13  5.56504e-13  3.10330e-16
2.323362767e+00  5.5333969e-13  5.53340e-13  5.53001e-13  3.38482e-16
2.334979581e+00  5.4965521e-13  5.49655e-13  5.49286e-13  3.69017e-16
2.346654479e+00  5.4643440e-13  5.46434e-13  5.46032e-13  4.02069e-16
2.358387751e+00  5.4294878e-13  5.42949e-13  5.42511e-13  4.37885e-16
2.370179690e+00  5.3953422e-13  5.39534e-13  5.39058e-13  4.76648e-16
2.382030589e+00  5.3624451e-13  5.36245e-13  5.35726e-13  5.18574e-16
2.393940742e+00  5.3286084e-13  5.32861e-13  5.32297e-13  5.63921e-16
2.405910445e+00  5.2938583e-13  5.29386e-13  5.28773e-13  6.12946e-16
2.417939997e+00  5.2603596e-13  5.26036e-13  5.25370e-13  6.65892e-16
2.430029697e+00  5.2270317e-13  5.22703e-13  5.21980e-13  7.23060e-16
2.442179846e+00  5.1938785e-13  5.19388e-13  5.18603e-13  7.84755e-16
2.454390745e+00  5.1614278e-13  5.16143e-13  5.15291e-13  8.51294e-16
2.466662699e+00  5.1270735e-13  5.12707e-13  5.11784e-13  9.23073e-16
2.478996012e+00  5.0918964e-13  5.09190e-13  5.08189e-13  1.00045e-15
2.491390992e+00  5.0574607e-13  5.05746e-13  5.04662e-13  1.08378e-15
2.503847947e+00  5.0268136e-13  5.02681e-13  5.01508e-13  1.17341e-15
2.516367187e+00  4.9933153e-13  4.99332e-13  4.98062e-13  1.26995e-15
2.528949023e+00  4.9610496e-13  4.96105e-13  4.94731e-13  1.37374e-15
2.541593768e+00  4.9295026e-13  4.92950e-13  4.91465e-13  1.48532e-15
2.554301737e+00  4.8917455e-13  4.89175e-13  4.87569e-13  1.60544e-15
2.567073246e+00  4.8611803e-13  4.86118e-13  4.84384e-13  1.73421e-15
2.579908612e+00  4.8284024e-13  4.82840e-13  4.80968e-13  1.87256e-15
2.592808155e+00  4.7963753e-13  4.79638e-13  4.77617e-13  2.02099e-15
2.605772196e+00  4.7617321e-13  4.76173e-13  4.73993e-13  2.18035e-15
2.618801057e+00  4.7283589e-13  4.72836e-13  4.70485e-13  2.35115e-15
2.631895062e+00  4.6971895e-13  4.69719e-13  4.67185e-13  2.53409e-15
2.645054537e+00  4.6672503e-13  4.66725e-13  4.63995e-13  2.72997e-15
2.658279810e+00  4.6310629e-13  4.63106e-13  4.60166e-13  2.94015e-15
2.671571209e+00  4.5948019e-13  4.59480e-13  4.56315e-13  3.16514e-15
2.684929065e+00  4.5612457e-13  4.56125e-13  4.52719e-13  3.40566e-15
2.698353710e+00  4.5344610e-13  4.53446e-13  4.49784e-13  3.66228e-15
2.711845479e+00  4.5034423e-13  4.50344e-13  4.46407e-13  3.93695e-15
2.725404706e+00  4.4714496e-13  4.47145e-13  4.42914e-13  4.23053e-15
2.739031730e+00  4.4416492e-13  4.44165e-13  4.39621e-13  4.54384e-15
2.752726889e+00  4.4117978e-13  4.41180e-13  4.36301e-13  4.87830e-15
2.766490523e+00  4.3849963e-13  4.38500e-13  4.33265e-13  5.23480e-15
2.780322976e+00  4.3559608e-13  4.35596e-13  4.29981e-13  5.61533e-15
2.794224591e+00  4.3282304e-13  4.32823e-13  4.26802e-13  6.02085e-15
2.808195713e+00  4.3005100e-13  4.30051e-13  4.23598e-13  6.45299e-15
2.822236692e+00  4.2745317e-13  4.27453e-13  4.20540e-13  6.91303e-15
2.836347875e+00  4.2464713e-13  4.24647e-13  4.17244e-13  7.40327e-15
2.850529615e+00  4.2201860e-13  4.22019e-13  4.14094e-13  7.92472e-15
2.864782263e+00  4.1964986e-13  4.19650e-13  4.11171e-13  8.47892e-15
2.879106174e+00  4.1737244e-13  4.17372e-13  4.08304e-13  9.06805e-15
2.893501705e+00  4.1494093e-13  4.14941e-13  4.05246e-13  9.69469e-15
2.907969214e+00  4.1276967e-13  4.12770e-13  4.02410e-13  1.03598e-14
2.922509060e+00  4.1041126e-13  4.10411e-13  3.99344e-13  1.10669e-14
2.937121605e+00  4.0799395e-13  4.07994e-13  3.96176e-13  1.18178e-14
2.951807213e+00  4.0608023e-13  4.06080e-13  3.93467e-13  1.26131e-14
2.966566249e+00  4.0399077e-13  4.03991e-13  3.90533e-13  1.34574e-14
2.981399080e+00  4.0232154e-13  4.02322e-13  3.87970e-13  1.43512e-14
2.996306076e+00  4.0048368e-13  4.00484e-13  3.85184e-13  1.52992e-14
3.011287606e+00  3.9875554e-13  3.98756e-13  3.82452e-13  1.63033e-14
3.026344044e+00  3.9710082e-13  3.97101e-13  3.79734e-13  1.73665e-14
3.041475764e+00  3.9548462e-13  3.95485e-13  3.76993e-13  1.84921e-14
3.056683143e+00  3.9379802e-13  3.93798e-13  3.74114e-13  1.96838e-14
3.071966559e+00  3.9204797e-13  3.92048e-13  3.71103e-13  2.09452e-14
3.087326392e+00  3.8994512e-13  3.89945e-13  3.67663e-13  2.22819e-14
3.102763024e+00  3.8842255e-13  3.88423e-13  3.64731e-13  2.36914e-14
3.118276839e+00  3.8674326e-13  3.86743e-13  3.61561e-13  2.51825e-14
3.133868223e+00  3.8524270e-13  3.85243e-13  3.58486e-13  2.67567e-14
3.149537564e+00  3.8377967e-13  3.83780e-13  3.55360e-13  2.84193e-14
3.165285252e+00  3.8253784e-13  3.82538e-13  3.52365e-13  3.01730e-14
3.181111678e+00  3.8130733e-13  3.81307e-13  3.49283e-13  3.20240e-14
3.197017237e+00  3.8027006e-13  3.80270e-13  3.46295e-13  3.39752e-14
3.213002323e+00  3.7929026e-13  3.79290e-13  3.43257e-13  3.60328e-14
3.229067334e+00  3.7851196e-13  3.78512e-13  3.40312e-13  3.82002e-14
3.245212671e+00  3.7787027e-13  3.77870e-13  3.37387e-13  4.04831e-14
3.261438734e+00  3.7743791e-13  3.77438e-13  3.34552e-13  4.28861e-14
3.277745928e+00  3.7721850e-13  3.77218e-13  3.31804e-13  4.54142e-14
3.294134658e+00  3.7681770e-13  3.76818e-13  3.28738e-13  4.80794e-14
3.310605331e+00  3.7661185e-13  3.76612e-13  3.25730e-13  5.08823e-14
3.327158358e+00  3.7676898e-13  3.76769e-13  3.22943e-13  5.38259e-14
3.343794149e+00  3.7709621e-13  3.77096e-13  3.20177e-13  5.69196e-14
3.360513120e+00  3.7782393e-13  3.77824e-13  3.17659e-13  6.01653e-14
3.377315686e+00  3.7971342e-13  3.79713e-13  3.16162e-13  6.35519e-14
3.394202264e+00  3.8126791e-13  3.81268e-13  3.14150e-13  6.71177e-14
3.411173276e+00  3.8568204e-13  3.85682e-13  3.14891e-13  7.07914e-14
3.428229142e+00  3.9199306e-13  3.91993e-13  3.17400e-13  7.45930e-14
3.445370288e+00  3.8968944e-13  3.89689e-13  3.10868e-13  7.88218e-14
3.462597139e+00  3.8964158e-13  3.89642e-13  3.06440e-13  8.32018e-14
3.479910125e+00  3.9078222e-13  3.90782e-13  3.03017e-13  8.77650e-14
3.497309675e+00  3.9424742e-13  3.94247e-13  3.01772e-13  9.24754e-14
3.514796224e+00  3.9851651e-13  3.98517e-13  3.01132e-13  9.73842e-14
3.532370205e+00  3.9838427e-13  3.98384e-13  2.95684e-13  1.02700e-13
3.550032056e+00  4.0066757e-13  4.00668e-13  2.92485e-13  1.08183e-13
3.567782216e+00  4.0346227e-13  4.03462e-13  2.89552e-13  1.13910e-13
3.585621127e+00  4.0674257e-13  4.06743e-13  2.86851e-13  1.19891e-13
3.603549233e+00  4.1045629e-13  4.10456e-13  2.84318e-13  1.26139e-13
3.621566979e+00  4.1447139e-13  4.14471e-13  2.81803e-13  1.32668e-13
3.639674814e+00  4.1882544e-13  4.18825e-13  2.79337e-13  1.39488e-13
3.657873188e+00  4.2347436e-13  4.23474e-13  2.76861e-13  1.46614e-13
3.676162554e+00  4.2864263e-13  4.28643e-13  2.74601e-13  1.54041e-13
3.694543367e+00  4.3396717e-13  4.33967e-13  2.72161e-13  1.61806e-13
3.713016084e+00  4.3980338e-13  4.39803e-13  2.69907e-13  1.69897e-13
3.731581164e+00  4.4590102e-13  4.45901e-13  2.67558e-13  1.78343e-13
3.750239070e+00  4.5237719e-13  4.52377e-13  2.65226e-13  1.87151e-13
3.768990265e+00  4.5921926e-13  4.59219e-13  2.62885e-13  1.96334e-13
3.787835216e+00  4.6656413e-13  4.66564e-13  2.60670e-13  2.05894e-13
3.806774393e+00  4.7434782e-13  4.74348e-13  2.58498e-13  2.15850e-13
3.825808265e+00  4.8255854e-13  4.82559e-13  2.56341e-13  2.26218e-13
3.844937306e+00  4.9116245e-13  4.91162e-13  2.54147e-13  2.37016e-13
3.864161992e+00  5.0026866e-13  5.00269e-13  2.52021e-13  2.48247e-13
3.883482802e+00  5.0982028e-13  5.09820e-13  2.49885e-13  2.59935e-13
3.902900216e+00  5.1990063e-13  5.19901e-13  2.47816e-13  2.72085e-13
3.922414717e+00  5.3045544e-13  5.30455e-13  2.45736e-13  2.84719e-13
3.942026791e+00  5.4150073e-13  5.41501e-13  2.43646e-13  2.97854e-13
3.961736925e+00  5.5309599e-13  5.53096e-13  2.41597e-13  3.11499e-13
3.981545610e+00  5.6525569e-13  5.65256e-13  2.39587e-13  3.25668e-13
4.001453338e+00  5.7797375e-13  5.77974e-13  2.37592e-13  3.40381e-13
4.021460604e+00  5.9124582e-13  5.91246e-13  2.35587e-13  3.55659e-13
4.041567907e+00  6.0514974e-13  6.05150e-13  2.33645e-13  3.71504e-13
4.061775747e+00  6.1966051e-13  6.19661e-13  2.31717e-13  3.87943e-13
4.082084626e+00  6.3475644e-13  6.34756e-13  2.29755e-13  4.05001e-13
4.102495049e+00  6.5057075e-13  6.50571e-13  2.27902e-13  4.22668e-13
4.123007524e+00  6.6700501e-13  6.67005e-13  2.26015e-13  4.40990e-13
4.143622562e+00  6.8413381e-13  6.84134e-13  2.24165e-13  4.59968e-13
4.164340674e+00  7.0195627e-13  7.01956e-13  2.22329e-13  4.79628e-13
4.185162378e+00  7.2043881e-13  7.20439e-13  2.20436e-13  5.00003e-13
4.206088190e+00  7.3963757e-13  7.39638e-13  2.18535e-13  5.21102e-13
4.227118631e+00  7.5963855e-13  7.59639e-13  2.16716e-13  5.42922e-13
4.248254224e+00  7.8044098e-13  7.80441e-13  2.14955e-13  5.65486e-13
4.269495495e+00  8.0196814e-13  8.01968e-13  2.13118e-13  5.88850e-13
4.290842972e+00  8.2433569e-13  8.24336e-13  2.11339e-13  6.12997e-13
4.312297187e+00  8.4759010e-13  8.47590e-13  2.09659e-13  6.37931e-13
4.333858673e+00  8.7161807e-13  8.71618e-13  2.07884e-13  6.63734e-13
4.355527967e+00  8.9650180e-13  8.96502e-13  2.06100e-13  6.90402e-13
4.377305606e+00  9.2231618e-13  9.22316e-13  2.04393e-13  7.17923e-13
4.399192134e+00  9.4902657e-13  9.49027e-13  2.02678e-13  7.46348e-13
4.421188095e+00  9.7665535e-13  9.76655e-13  2.00955e-13  7.75700e-13
4.443294036e+00  1.0052603e-12  1.00526e-12  1.99286e-13  8.05974e-13
4.465510506e+00  1.0348260e-12  1.03483e-12  1.97609e-13  8.37217e-13
4.487838058e+00  1.0654075e-12  1.06541e-12  1.95985e-13  8.69423e-13
4.510277249e+00  1.0969724e-12  1.09697e-12  1.94312e-13  9.02660e-13
4.532828635e+00  1.1295953e-12  1.12960e-12  1.92692e-13  9.36903e-13
4.555492778e+00  1.1632677e-12  1.16327e-12  1.91064e-13  9.72204e-13
4.578270242e+00  1.1980303e-12  1.19803e-12  1.89468e-13  1.00856e-12
4.601161593e+00  1.2338954e-12  1.23390e-12  1.87884e-13  1.04601e-12
4.624167401e+00  1.2708563e-12  1.27086e-12  1.86234e-13  1.08462e-12
4.647288238e+00  1.3089625e-12  1.30896e-12  1.84578e-13  1.12438e-12
4.670524679e+00  1.3482566e-12  1.34826e-12  1.82973e-13  1.16528e-12
4.693877303e+00  1.3887248e-12  1.38872e-12  1.81306e-13  1.20742e-12
4.717346689e+00  1.4304263e-12  1.43043e-12  1.79690e-13  1.25074e-12
4.740933423e+00  1.4733759e-12  1.47338e-12  1.78105e-13  1.29527e-12
4.764638090e+00  1.5175874e-12  1.51759e-12  1.76515e-13  1.34107e-12
4.788461280e+00  1.5630912e-12  1.56309e-12  1.74955e-13  1.38814e-12
4.812403587e+00  1.6099039e-12  1.60990e-12  1.73390e-13  1.43651e-12
4.836465604e+00  1.6580533e-12  1.65805e-12  1.71855e-13  1.48620e-12
4.860647933e+00  1.7075607e-12  1.70756e-12  1.70369e-13  1.53719e-12
4.884951172e+00  1.7584446e-12  1.75844e-12  1.68841e-13  1.58960e-12
4.909375928e+00  1.8107289e-12  1.81073e-12  1.67395e-13  1.64333e-12
4.933922808e+00  1.8644381e-12  1.86444e-12  1.65909e-13  1.69853e-12
4.958592422e+00  1.9196013e-12  1.91960e-12  1.64383e-13  1.75522e-12
4.983385384e+00  1.9762267e-12  1.97623e-12  1.62938e-13  1.81329e-12
5.008302311e+00  2.0343543e-12  2.03435e-12  1.61453e-13  1.87290e-12
5.033343822e+00  2.0939995e-12  2.09400e-12  1.59982e-13  1.93402e-12
5.058510541e+00  2.1551901e-12  2.15519e-12  1.58506e-13  1.99668e-12
5.083803094e+00  2.2179636e-12  2.21796e-12  1.56993e-13  2.06097e-12
5.109222110e+00  2.2822915e-12  2.28229e-12  1.55575e-13  2.12672e-12
5.134768220e+00  2.3482476e-12  2.34825e-12  1.54120e-13  2.19413e-12
5.160442061e+00  2.4157891e-12  2.41579e-12  1.52757e-13  2.26303e-12
5.186244272e+00  2.4849934e-12  2.48499e-12  1.51374e-13  2.33362e-12
5.212175493e+00  2.5558870e-12  2.55589e-12  1.49970e-13  2.40592e-12
5.238236370e+00  2.6284370e-12  2.62844e-12  1.48626e-13  2.47981e-12
5.264427552e+00  2.7026682e-12  2.70267e-12  1.47323e-13  2.55535e-12
5.290749690e+00  2.7786084e-12  2.77861e-12  1.46046e-13  2.63256e-12
5.317203438e+00  2.8562745e-12  2.85627e-12  1.44794e-13  2.71148e-12
5.343789456e+00  2.9357301e-12  2.93573e-12  1.43522e-13  2.79221e-12
5.370508403e+00  3.0169836e-12  3.01698e-12  1.42245e-13  2.87474e-12
5.397360945e+00  3.1000210e-12  3.10002e-12  1.40993e-13  2.95903e-12
5.424347750e+00  3.1849144e-12  3.18491e-12  1.39723e-13  3.04519e-12
5.451469488e+00  3.2716884e-12  3.27169e-12  1.38433e-13  3.13326e-12
5.478726836e+00  3.3603884e-12  3.36039e-12  1.37112e-13  3.22328e-12
5.506120470e+00  3.4509526e-12  3.45095e-12  1.35816e-13  3.31514e-12
5.533651072e+00  3.5434416e-12  3.54344e-12  1.34518e-13  3.40892e-12
5.561319328e+00  3.6378754e-12  3.63788e-12  1.33217e-13  3.50466e-12
5.589125924e+00  3.7342738e-12  3.73427e-12  1.31914e-13  3.60236e-12
5.617071554e+00  3.8327374e-12  3.83274e-12  1.30567e-13  3.70217e-12
5.645156912e+00  3.9332397e-12  3.93324e-12  1.29206e-13  3.80403e-12
5.673382696e+00  4.0357735e-12  4.03577e-12  1.27844e-13  3.90793e-12
5.701749610e+00  4.1399555e-12  4.13996e-12  1.26657e-13  4.01330e-12
5.730258358e+00  4.2441100e-12  4.24411e-12  1.26317e-13  4.11779e-12
5.758909650e+00  4.3507497e-12  4.35075e-12  1.25722e-13  4.22503e-12
5.787704198e+00  4.4612847e-12  4.46128e-12  1.24382e-13  4.33690e-12
5.816642719e+00  4.5743261e-12  4.57433e-12  1.22901e-13  4.45143e-12
5.845725932e+00  4.6890327e-12  4.68903e-12  1.21589e-13  4.56744e-12
5.874954562e+00  4.8053265e-12  4.80533e-12  1.20455e-13  4.68487e-12
5.904329335e+00  4.9229602e-12  4.92296e-12  1.19558e-13  4.80340e-12
5.933850982e+00  5.0421996e-12  5.04220e-12  1.18792e-13  4.92341e-12
5.963520237e+00  5.1627909e-12  5.16279e-12  1.18215e-13  5.04458e-12
5.993337838e+00  5.2853009e-12  5.28530e-12  1.17650e-13  5.16765e-12
6.023304527e+00  5.4093116e-12  5.40931e-12  1.17207e-13  5.29210e-12
6.053421050e+00  5.5358826e-12  5.53588e-12  1.16605e-13  5.41928e-12
6.083688155e+00  5.6671557e-12  5.66716e-12  1.15347e-13  5.55181e-12
6.114106596e+00  5.8014531e-12  5.80145e-12  1.13900e-13  5.68755e-12
6.144677129e+00  5.9378078e-12  5.93781e-12  1.12504e-13  5.82530e-12
6.175400514e+00  6.0763736e-12  6.07637e-12  1.11123e-13  5.96525e-12
6.206277517e+00  6.2168191e-12  6.21682e-12  1.09827e-13  6.10699e-12
6.237308904e+00  6.3591178e-12  6.35912e-12  1.08612e-13  6.25051e-12
6.268495449e+00  6.5033602e-12  6.50336e-12  1.07456e-13  6.39590e-12
6.299837926e+00  6.6491608e-12  6.64916e-12  1.06423e-13  6.54274e-12
6.331337116e+00  6.7967186e-12  6.79672e-12  1.05466e-13  6.69125e-12
6.362993801e+00  6.9473561e-12  6.94736e-12  1.04351e-13  6.84300e-12
6.394808770e+00  7.1007531e-12  7.10075e-12  1.03149e-13  6.99760e-12
6.426782814e+00  7.2545711e-12  7.25457e-12  1.02242e-13  7.15233e-12
6.458916728e+00  7.4089447e-12  7.40894e-12  1.01578e-13  7.30737e-12
6.491211312e+00  7.5653267e-12  7.56533e-12  1.00917e-13  7.46441e-12
6.523667368e+00  7.7284258e-12  7.72843e-12  9.95845e-14  7.62884e-12
6.556285705e+00  7.8941380e-12  7.89414e-12  9.82148e-14  7.79592e-12
6.589067134e+00  8.0607044e-12  8.06070e-12  9.70475e-14  7.96366e-12
6.622012469e+00  8.2295243e-12  8.22952e-12  9.58826e-14  8.13364e-12
6.655122532e+00  8.4014915e-12  8.40149e-12  9.46080e-14  8.30688e-12
6.688398144e+00  8.5758351e-12  8.57584e-12  9.33280e-14  8.48251e-12
6.721840135e+00  8.7525588e-12  8.75256e-12  9.20428e-14  8.66052e-12
6.755449336e+00  8.9313157e-12  8.93132e-12  9.07925e-14  8.84052e-12
6.789226583e+00  9.1104732e-12  9.11047e-12  8.97530e-14  9.02072e-12
6.823172715e+00  9.2887977e-12  9.28880e-12  8.90358e-14  9.19976e-12
6.857288579e+00  9.4717866e-12  9.47179e-12  8.80442e-14  9.38374e-12
6.891575022e+00  9.6579801e-12  9.65798e-12  8.69481e-14  9.57103e-12
6.926032897e+00  9.8479290e-12  9.84793e-12  8.57031e-14  9.76223e-12
6.960663062e+00  1.0039227e-11  1.00392e-11  8.45482e-14  9.95468e-12
6.995466377e+00  1.0232932e-11  1.02329e-11  8.33788e-14  1.01496e-11
7.030443709e+00  1.0430299e-11  1.04303e-11  8.20849e-14  1.03482e-11
7.065595927e+00  1.0628213e-11  1.06282e-11  8.09442e-14  1.05473e-11
7.100923907e+00  1.0828623e-11  1.08286e-11  7.97808e-14  1.07488e-11
7.136428526e+00  1.1032760e-11  1.10328e-11  7.84968e-14  1.09543e-11
7.172110669e+00  1.1238099e-11  1.12381e-11  7.73002e-14  1.11608e-11
7.207971222e+00  1.1445722e-11  1.14457e-11  7.61009e-14  1.13696e-11
7.244011079e+00  1.1655150e-11  1.16551e-11  7.49340e-14  1.15802e-11
7.280231134e+00  1.1866828e-11  1.18668e-11  7.37643e-14  1.17931e-11
7.316632290e+00  1.2083445e-11  1.20834e-11  7.24035e-14  1.20110e-11
7.353215451e+00  1.2302148e-11  1.23021e-11  7.10610e-14  1.22311e-11
7.389981528e+00  1.2523424e-11  1.25234e-11  6.97028e-14  1.24537e-11
7.426931436e+00  1.2746759e-11  1.27468e-11  6.83631e-14  1.26784e-11
7.464066093e+00  1.2973183e-11  1.29732e-11  6.69755e-14  1.29062e-11
7.501386424e+00  1.3202866e-11  1.32029e-11  6.55334e-14  1.31373e-11
7.538893356e+00  1.3433655e-11  1.34337e-11  6.41684e-14  1.33695e-11
7.576587822e+00  1.3669656e-11  1.36697e-11  6.26376e-14  1.36070e-11
7.614470762e+00  1.3908598e-11  1.39086e-11  6.10811e-14  1.38475e-11
7.652543115e+00  1.4151223e-11  1.41512e-11  5.94606e-14  1.40918e-11
7.690805831e+00  1.4398318e-11  1.43983e-11  5.77389e-14  1.43406e-11
7.729259860e+00  1.4645941e-11  1.46459e-11  5.61287e-14  1.45898e-11
7.767906159e+00  1.4902645e-11  1.49026e-11  5.41893e-14  1.48485e-11
7.806745690e+00  1.5164423e-11  1.51644e-11  5.21432e-14  1.51123e-11
7.845779419e+00  1.5427298e-11  1.54273e-11  5.01899e-14  1.53771e-11
7.885008316e+00  1.5702203e-11  1.57022e-11  4.78116e-14  1.56544e-11
7.924433357e+00  1.5985846e-11  1.59858e-11  4.51908e-14  1.59407e-11
7.964055524e+00  1.6274866e-11  1.62749e-11  4.24961e-14  1.62324e-11
8.003875802e+00  1.6574219e-11  1.65742e-11  3.95192e-14  1.65347e-11
8.043895181e+00  1.6883889e-11  1.68839e-11  3.62830e-14  1.68476e-11
8.084114657e+00  1.7209200e-11  1.72092e-11  3.25881e-14  1.71766e-11
8.124535230e+00  1.7520861e-11  1.75209e-11  2.96511e-14  1.74912e-11
8.165157906e+00  1.7791341e-11  1.77913e-11  2.85038e-14  1.77628e-11
8.205983696e+00  1.8022783e-11  1.80228e-11  2.89382e-14  1.79938e-11
8.247013614e+00  1.8216274e-11  1.82163e-11  3.08010e-14  1.81855e-11
8.288248682e+00  1.8384419e-11  1.83844e-11  3.35276e-14  1.83509e-11
8.329689926e+00  1.8524210e-11  1.85242e-11  3.71615e-14  1.84870e-11
8.371338375e+00  1.8664133e-11  1.86641e-11  4.06388e-14  1.86235e-11
8.413195067e+00  1.8823470e-11  1.88235e-11  4.33059e-14  1.87802e-11
8.455261042e+00  1.8986134e-11  1.89861e-11  4.57496e-14  1.89404e-11
8.497537348e+00  1.9151485e-11  1.91515e-11  4.80015e-14  1.91035e-11
8.540025034e+00  1.9316612e-11  1.93166e-11  5.01628e-14  1.92664e-11
8.582725160e+00  1.9477827e-11  1.94778e-11  5.23506e-14  1.94255e-11
8.625638785e+00  1.9625631e-11  1.96256e-11  5.48487e-14  1.95708e-11
8.668766979e+00  1.9751718e-11  1.97517e-11  5.78803e-14  1.96938e-11
8.712110814e+00  1.9842466e-11  1.98425e-11  6.18032e-14  1.97807e-11
8.755671368e+00  1.9880350e-11  1.98803e-11  6.70544e-14  1.98133e-11
8.799449725e+00  1.9848329e-11  1.98483e-11  7.40175e-14  1.97743e-11
8.843446974e+00  1.9755645e-11  1.97556e-11  8.23232e-14  1.96733e-11
8.887664209e+00  1.9620872e-11  1.96209e-11  9.13809e-14  1.95295e-11
8.932102530e+00  1.9524940e-11  1.95249e-11  9.90171e-14  1.94259e-11
8.976763042e+00  1.9421252e-11  1.94213e-11  1.06505e-13  1.93147e-11
9.021646857e+00  1.9256940e-11  1.92569e-11  1.15169e-13  1.91418e-11
9.066755092e+00  1.9107548e-11  1.91075e-11  1.23075e-13  1.89845e-11
9.112088867e+00  1.8983647e-11  1.89836e-11  1.30007e-13  1.88536e-11
9.157649312e+00  1.8885660e-11  1.88857e-11  1.36006e-13  1.87497e-11
9.203437558e+00  1.8853462e-11  1.88535e-11  1.40202e-13  1.87133e-11
9.249454746e+00  1.8842415e-11  1.88424e-11  1.43707e-13  1.86987e-11
9.295702020e+00  1.8817240e-11  1.88172e-11  1.47340e-13  1.86699e-11
9.342180530e+00  1.8837571e-11  1.88376e-11  1.49793e-13  1.86878e-11
9.388891432e+00  1.8909107e-11  1.89091e-11  1.51014e-13  1.87581e-11
9.435835890e+00  1.9047507e-11  1.90475e-11  1.50745e-13  1.88968e-11
9.483015069e+00  1.9225038e-11  1.92250e-11  1.49638e-13  1.90754e-11
9.530430144e+00  1.9443207e-11  1.94432e-11  1.47711e-13  1.92955e-11
9.578082295e+00  1.9691837e-11  1.96918e-11  1.45212e-13  1.95466e-11
9.625972707e+00  1.9962694e-11  1.99627e-11  1.42333e-13  1.98204e-11
9.674102570e+00  2.0253132e-11  2.02531e-11  1.39145e-13  2.01140e-11
9.722473083e+00  2.0518216e-11  2.05182e-11  1.36502e-13  2.03817e-11
9.771085448e+00  2.0772864e-11  2.07729e-11  1.34101e-13  2.06388e-11
9.819940876e+00  2.1032893e-11  2.10329e-11  1.31647e-13  2.09012e-11
9.869040580e+00  2.1275851e-11  2.12759e-11  1.29538e-13  2.11463e-11
9.918385783e+00  2.1509439e-11  2.15094e-11  1.27623e-13  2.13818e-11
9.967977712e+00  2.1738513e-11  2.17385e-11  1.25809e-13  2.16127e-11
1.001781760e+01  2.1959716e-11  2.19597e-11  1.24146e-13  2.18356e-11
1.006790669e+01  2.2168700e-11  2.21687e-11  1.22699e-13  2.20460e-11
1.011824622e+01  2.2362446e-11  2.23624e-11  1.21502e-13  2.22409e-11
1.016883745e+01  2.2532489e-11  2.25325e-11  1.20676e-13  2.24118e-11
1.021968164e+01  2.2684795e-11  2.26848e-11  1.20109e-13  2.25647e-11
1.027078005e+01  2.2827386e-11  2.28274e-11  1.19665e-13  2.27077e-11
1.032213395e+01  2.2976818e-11  2.29768e-11  1.19091e-13  2.28577e-11
1.037374462e+01  2.3140979e-11  2.31410e-11  1.18279e-13  2.30227e-11
1.042561334e+01  2.3324278e-11  2.33243e-11  1.17178e-13  2.32071e-11
1.047774141e+01  2.3529377e-11  2.35294e-11  1.15765e-13  2.34136e-11
1.053013012e+01  2.3749220e-11  2.37492e-11  1.14153e-13  2.36351e-11
1.058278077e+01  2.3986998e-11  2.39870e-11  1.12310e-13  2.38747e-11
1.063569467e+01  2.4236694e-11  2.42367e-11  1.10328e-13  2.41264e-11
1.068887314e+01  2.4491442e-11  2.44914e-11  1.08305e-13  2.43831e-11
1.074231751e+01  2.4751639e-11  2.47516e-11  1.06238e-13  2.46454e-11
1.079602910e+01  2.4992776e-11  2.49928e-11  1.04442e-13  2.48883e-11
1.085000924e+01  2.5246424e-11  2.52464e-11  1.02508e-13  2.51439e-11
1.090425929e+01  2.5494191e-11  2.54942e-11  1.00671e-13  2.53935e-11
1.095878058e+01  2.5729210e-11  2.57292e-11  9.90092e-14  2.56302e-11
1.101357449e+01  2.5955901e-11  2.59559e-11  9.74615e-14  2.58584e-11
1.106864236e+01  2.6163527e-11  2.61635e-11  9.61487e-14  2.60674e-11
1.112398557e+01  2.6379384e-11  2.63794e-11  9.47451e-14  2.62846e-11
1.117960550e+01  2.6590535e-11  2.65905e-11  9.34021e-14  2.64971e-11
1.123550353e+01  2.6794787e-11  2.67948e-11  9.21414e-14  2.67026e-11
1.129168104e+01  2.7006296e-11  2.70063e-11  9.08039e-14  2.69155e-11
1.134813945e+01  2.7241340e-11  2.72413e-11  8.92174e-14  2.71521e-11
1.140488015e+01  2.7493987e-11  2.74940e-11  8.74568e-14  2.74065e-11
1.146190455e+01  2.7741427e-11  2.77414e-11  8.57696e-14  2.76557e-11
1.151921407e+01  2.7994266e-11  2.79943e-11  8.40433e-14  2.79102e-11
1.157681014e+01  2.8292154e-11  2.82922e-11  8.18773e-14  2.82103e-11
1.163469419e+01  2.8608347e-11  2.86083e-11  7.95597e-14  2.85288e-11
1.169286766e+01  2.8907795e-11  2.89078e-11  7.74431e-14  2.88304e-11
1.175133200e+01  2.9215790e-11  2.92158e-11  7.52737e-14  2.91405e-11
1.181008866e+01  2.9560043e-11  2.95600e-11  7.27895e-14  2.94873e-11
1.186913910e+01  2.9905188e-11  2.99052e-11  7.03381e-14  2.98348e-11
1.192848480e+01  3.0201295e-11  3.02013e-11  6.83822e-14  3.01329e-11
1.198812722e+01  3.0493175e-11  3.04932e-11  6.64908e-14  3.04267e-11
1.204806786e+01  3.0769811e-11  3.07698e-11  6.47609e-14  3.07050e-11
1.210830820e+01  3.1037731e-11  3.10377e-11  6.31280e-14  3.09746e-11
1.216884974e+01  3.1299429e-11  3.12994e-11  6.15665e-14  3.12379e-11
1.222969399e+01  3.1576931e-11  3.15769e-11  5.98836e-14  3.15170e-11
1.229084246e+01  3.1838203e-11  3.18382e-11  5.83574e-14  3.17798e-11
1.235229667e+01  3.2070259e-11  3.20703e-11  5.70904e-14  3.20132e-11
1.241405815e+01  3.2293965e-11  3.22940e-11  5.58996e-14  3.22381e-11
1.247612845e+01  3.2509188e-11  3.25092e-11  5.47832e-14  3.24544e-11
1.253850909e+01  3.2718146e-11  3.27181e-11  5.37204e-14  3.26644e-11
1.260120163e+01  3.2923099e-11  3.29231e-11  5.26913e-14  3.28704e-11
1.266420764e+01  3.3121225e-11  3.31212e-11  5.17168e-14  3.30695e-11
1.272752868e+01  3.3315992e-11  3.33160e-11  5.07680e-14  3.32652e-11
1.279116632e+01  3.3503377e-11  3.35034e-11  4.98748e-14  3.34535e-11
1.285512215e+01  3.3686477e-11  3.36865e-11  4.90117e-14  3.36375e-11
1.291939776e+01  3.3866841e-11  3.38668e-11  4.81664e-14  3.38187e-11
1.298399475e+01  3.4038803e-11  3.40388e-11  4.73795e-14  3.39914e-11
1.304891473e+01  3.4205496e-11  3.42055e-11  4.66264e-14  3.41589e-11
1.311415930e+01  3.4374157e-11  3.43742e-11  4.58544e-14  3.43283e-11
1.317973010e+01  3.4537893e-11  3.45379e-11  4.51126e-14  3.44928e-11
1.324562875e+01  3.4699918e-11  3.46999e-11  4.43778e-14  3.46555e-11
1.331185689e+01  3.4857351e-11  3.48574e-11  4.36696e-14  3.48137e-11
1.337841618e+01  3.5010146e-11  3.50101e-11  4.29874e-14  3.49672e-11
1.344530826e+01  3.5154964e-11  3.51550e-11  4.23526e-14  3.51126e-11
1.351253480e+01  3.5294212e-11  3.52942e-11  4.17477e-14  3.52525e-11
1.358009747e+01  3.5419134e-11  3.54191e-11  4.12286e-14  3.53779e-11
1.364799796e+01  3.5539176e-11  3.55392e-11  4.07316e-14  3.54984e-11
1.371623795e+01  3.5650133e-11  3.56501e-11  4.02826e-14  3.56098e-11
1.378481914e+01  3.5752355e-11  3.57524e-11  3.98777e-14  3.57125e-11
1.385374323e+01  3.5854595e-11  3.58546e-11  3.94612e-14  3.58151e-11
1.392301195e+01  3.5966967e-11  3.59670e-11  3.89716e-14  3.59280e-11
1.399262701e+01  3.6084080e-11  3.60841e-11  3.84443e-14  3.60456e-11
1.406259015e+01  3.6191177e-11  3.61912e-11  3.79689e-14  3.61532e-11
1.413290310e+01  3.6306425e-11  3.63064e-11  3.74365e-14  3.62690e-11
1.420356761e+01  3.6413743e-11  3.64137e-11  3.69428e-14  3.63768e-11
1.427458545e+01  3.6515640e-11  3.65156e-11  3.64722e-14  3.64792e-11
1.434595838e+01  3.6629595e-11  3.66296e-11  3.59245e-14  3.65937e-11
1.441768817e+01  3.6741149e-11  3.67411e-11  3.53838e-14  3.67058e-11
1.448977661e+01  3.6829716e-11  3.68297e-11  3.49645e-14  3.67948e-11
1.456222549e+01  3.6917074e-11  3.69171e-11  3.45429e-14  3.68825e-11
1.463503662e+01  3.6998063e-11  3.69981e-11  3.41471e-14  3.69639e-11
1.470821180e+01  3.7064898e-11  3.70649e-11  3.38183e-14  3.70311e-11
1.478175286e+01  3.7123564e-11  3.71236e-11  3.35224e-14  3.70900e-11
1.485566163e+01  3.7184853e-11  3.71849e-11  3.32017e-14  3.71517e-11
1.492993994e+01  3.7239260e-11  3.72393e-11  3.29065e-14  3.72064e-11
1.500458964e+01  3.7301961e-11  3.73020e-11  3.25581e-14  3.72694e-11
1.507961258e+01  3.7366055e-11  3.73661e-11  3.21933e-14  3.73339e-11
1.515501065e+01  3.7425031e-11  3.74250e-11  3.18456e-14  3.73932e-11
1.523078570e+01  3.7482805e-11  3.74828e-11  3.14951e-14  3.74513e-11
1.530693963e+01  3.7526291e-11  3.75263e-11  3.12062e-14  3.74951e-11
1.538347433e+01  3.7550206e-11  3.75502e-11  3.10030e-14  3.75192e-11
1.546039170e+01  3.7552311e-11  3.75523e-11  3.08934e-14  3.75214e-11
1.553769366e+01  3.7526861e-11  3.75269e-11  3.09021e-14  3.74960e-11
1.561538212e+01  3.7514574e-11  3.75146e-11  3.08333e-14  3.74837e-11
1.569345903e+01  3.7504105e-11  3.75041e-11  3.07424e-14  3.74734e-11
1.577192633e+01  3.7498119e-11  3.74981e-11  3.06180e-14  3.74675e-11
1.585078596e+01  3.7505443e-11  3.75054e-11  3.04207e-14  3.74750e-11
1.593003989e+01  3.7504572e-11  3.75046e-11  3.02503e-14  3.74743e-11
1.600969009e+01  3.7487145e-11  3.74871e-11  3.01433e-14  3.74570e-11
1.608973854e+01  3.7477380e-11  3.74774e-11  2.99907e-14  3.74474e-11
1.617018723e+01  3.7476192e-11  3.74762e-11  2.97898e-14  3.74464e-11
1.625103817e+01  3.7486702e-11  3.74867e-11  2.95287e-14  3.74572e-11
1.633229336e+01  3.7506296e-11  3.75063e-11  2.92205e-14  3.74771e-11
1.641395483e+01  3.7542941e-11  3.75429e-11  2.88327e-14  3.75141e-11
1.649602460e+01  3.7584748e-11  3.75847e-11  2.84180e-14  3.75563e-11
1.657850473e+01  3.7644092e-11  3.76441e-11  2.79256e-14  3.76162e-11
1.666139725e+01  3.7668885e-11  3.76689e-11  2.75732e-14  3.76413e-11
1.674470424e+01  3.7666629e-11  3.76666e-11  2.73262e-14  3.76393e-11
1.682842776e+01  3.7628500e-11  3.76285e-11  2.72175e-14  3.76013e-11
1.691256990e+01  3.7521839e-11  3.75218e-11  2.73743e-14  3.74945e-11
1.699713274e+01  3.7383334e-11  3.73833e-11  2.76434e-14  3.73557e-11
1.708211841e+01  3.7166678e-11  3.71667e-11  2.82040e-14  3.71385e-11
1.716752900e+01  3.6900649e-11  3.69006e-11  2.89357e-14  3.68717e-11
1.725336665e+01  3.6551802e-11  3.65518e-11  2.99632e-14  3.65218e-11
1.733963348e+01  3.6174980e-11  3.61750e-11  3.10680e-14  3.61439e-11
1.742633165e+01  3.5722667e-11  3.57227e-11  3.24286e-14  3.56902e-11
1.751346330e+01  3.5265121e-11  3.52651e-11  3.37735e-14  3.52313e-11
1.760103062e+01  3.4709050e-11  3.47091e-11  3.54510e-14  3.46736e-11
1.768903577e+01  3.4233904e-11  3.42339e-11  3.67891e-14  3.41971e-11
1.777748095e+01  3.3661878e-11  3.36619e-11  3.84478e-14  3.36234e-11
1.786636836e+01  3.3219705e-11  3.32197e-11  3.95958e-14  3.31801e-11
1.795570020e+01  3.2757818e-11  3.27578e-11  4.07846e-14  3.27170e-11
1.804547870e+01  3.2364151e-11  3.23642e-11  4.16996e-14  3.23225e-11
1.813570609e+01  3.1927200e-11  3.19272e-11  4.27421e-14  3.18845e-11
1.822638462e+01  3.1561101e-11  3.15611e-11  4.35089e-14  3.15176e-11
1.831751655e+01  3.1194363e-11  3.11944e-11  4.42555e-14  3.11501e-11
1.840910413e+01  3.0825307e-11  3.08253e-11  4.49882e-14  3.07803e-11
1.850114965e+01  3.0551001e-11  3.05510e-11  4.53761e-14  3.05056e-11
1.859365540e+01  3.0269942e-11  3.02699e-11  4.57714e-14  3.02242e-11
1.868662368e+01  3.0033204e-11  3.00332e-11  4.60028e-14  2.99872e-11
1.878005679e+01  2.9822389e-11  2.98224e-11  4.61356e-14  2.97763e-11
1.887395708e+01  2.9640048e-11  2.96400e-11  4.61639e-14  2.95939e-11
1.896832686e+01  2.9498262e-11  2.94983e-11  4.60508e-14  2.94522e-11
1.906316850e+01  2.9320582e-11  2.93206e-11  4.60483e-14  2.92745e-11
1.915848434e+01  2.9179928e-11  2.91799e-11  4.59187e-14  2.91340e-11
1.925427676e+01  2.9046768e-11  2.90468e-11  4.57598e-14  2.90010e-11
1.935054815e+01  2.8895192e-11  2.88952e-11  4.56542e-14  2.88495e-11
1.944730089e+01  2.8736089e-11  2.87361e-11  4.55667e-14  2.86905e-11
1.954453739e+01  2.8610393e-11  2.86104e-11  4.53693e-14  2.85650e-11
1.964226008e+01  2.8463415e-11  2.84634e-11  4.52339e-14  2.84182e-11
1.974047138e+01  2.8336020e-11  2.83360e-11  4.50336e-14  2.82910e-11
1.983917374e+01  2.8204158e-11  2.82042e-11  4.48433e-14  2.81593e-11
1.993836960e+01  2.8059761e-11  2.80598e-11  4.46873e-14  2.80151e-11
2.003806145e+01  2.7922961e-11  2.79230e-11  4.45046e-14  2.78785e-11
2.013825176e+01  2.7781822e-11  2.77818e-11  4.43313e-14  2.77375e-11
2.023894302e+01  2.7612609e-11  2.76126e-11  4.42374e-14  2.75684e-11
2.034013773e+01  2.7426113e-11  2.74261e-11  4.41895e-14  2.73819e-11
2.044183842e+01  2.7216549e-11  2.72165e-11  4.42036e-14  2.71723e-11
2.054404761e+01  2.7009416e-11  2.70094e-11  4.42048e-14  2.69652e-11
2.064676785e+01  2.6742409e-11  2.67424e-11  4.43719e-14  2.66980e-11
2.075000169e+01  2.6497891e-11  2.64979e-11  4.44671e-14  2.64534e-11
2.085375170e+01  2.6261914e-11  2.62619e-11  4.45314e-14  2.62174e-11
2.095802046e+01  2.6033620e-11  2.60336e-11  4.45680e-14  2.59891e-11
2.106281056e+01  2.5770017e-11  2.57700e-11  4.46973e-14  2.57253e-11
2.116812461e+01  2.5545063e-11  2.55451e-11  4.47129e-14  2.55003e-11
2.127396524e+01  2.5361414e-11  2.53614e-11  4.46102e-14  2.53168e-11
2.138033506e+01  2.5210925e-11  2.52109e-11  4.44139e-14  2.51665e-11
2.148723674e+01  2.5089235e-11  2.50892e-11  4.41379e-14  2.50451e-11
2.159467292e+01  2.5008499e-11  2.50085e-11  4.37514e-14  2.49647e-11
2.170264629e+01  2.4974571e-11  2.49746e-11  4.32411e-14  2.49313e-11
2.181115952e+01  2.4953480e-11  2.49535e-11  4.26996e-14  2.49108e-11
2.192021532e+01  2.4957384e-11  2.49574e-11  4.20958e-14  2.49153e-11
2.202981639e+01  2.4986073e-11  2.49861e-11  4.14314e-14  2.49446e-11
2.213996547e+01  2.5026331e-11  2.50263e-11  4.07422e-14  2.49856e-11
2.225066530e+01  2.5074808e-11  2.50748e-11  4.00374e-14  2.50348e-11
2.236191863e+01  2.5116477e-11  2.51165e-11  3.93557e-14  2.50771e-11
2.247372822e+01  2.5140915e-11  2.51409e-11  3.87233e-14  2.51022e-11
2.258609686e+01  2.5163927e-11  2.51639e-11  3.80993e-14  2.51258e-11
2.269902735e+01  2.5173911e-11  2.51739e-11  3.75129e-14  2.51364e-11
2.281252248e+01  2.5186146e-11  2.51861e-11  3.69252e-14  2.51492e-11
2.292658510e+01  2.5177130e-11  2.51771e-11  3.63946e-14  2.51407e-11
2.304121802e+01  2.5209726e-11  2.52097e-11  3.57654e-14  2.51740e-11
2.315642411e+01  2.5216321e-11  2.52163e-11  3.52048e-14  2.51811e-11
2.327220623e+01  2.5181398e-11  2.51814e-11  3.47492e-14  2.51466e-11
2.338856726e+01  2.5161526e-11  2.51615e-11  3.42602e-14  2.51273e-11
2.350551010e+01  2.5147160e-11  2.51472e-11  3.37614e-14  2.51134e-11
2.362303765e+01  2.5107033e-11  2.51070e-11  3.33275e-14  2.50737e-11
2.374115284e+01  2.5067067e-11  2.50671e-11  3.28961e-14  2.50342e-11
2.385985860e+01  2.5044309e-11  2.50443e-11  3.24270e-14  2.50119e-11
2.397915789e+01  2.5014642e-11  2.50146e-11  3.19774e-14  2.49827e-11
2.409905368e+01  2.4955438e-11  2.49554e-11  3.15995e-14  2.49238e-11
2.421954895e+01  2.4869311e-11  2.48693e-11  3.12861e-14  2.48380e-11
2.434064670e+01  2.4801633e-11  2.48016e-11  3.09319e-14  2.47707e-11
2.446234993e+01  2.4752589e-11  2.47526e-11  3.05374e-14  2.47221e-11
2.458466168e+01  2.4703777e-11  2.47038e-11  3.01450e-14  2.46736e-11
2.470758499e+01  2.4629507e-11  2.46295e-11  2.98126e-14  2.45997e-11
2.483112291e+01  2.4499959e-11  2.45000e-11  2.96059e-14  2.44704e-11
2.495527853e+01  2.4456744e-11  2.44567e-11  2.92077e-14  2.44275e-11
