# ------------------------------------------------------------------------
# Radiance spectrum
# NASA-GSFC Planetary Spectrum Generator (PSG) (Villanueva et al. 2018, 2022)
# Synthesized on Sat Jan 27 21:54:11 2024
# Doppler velocities [km/s] (vobs,vrot+vorb,vwidth,vrfl,vstr): 0.00000,-0.00000,0.00000,-119.41115,-0.00000
# Spectral unit: Wavelength [um]
# Radiance unit: Spectral irradiance [W/m2/um]
# Wave/freq Total Object Reflected Thermal
5.000000000e-01  3.1308915e-12  3.13089e-12  3.13089e-12  1.20382e-46
5.025000000e-01  3.1623198e-12  3.16232e-12  3.16232e-12  1.89926e-46
5.050125000e-01  3.1936810e-12  3.19368e-12  3.19368e-12  2.98945e-46
5.075375625e-01  3.2249690e-12  3.22497e-12  3.22497e-12  4.69444e-46
5.100752503e-01  3.2561778e-12  3.25618e-12  3.25618e-12  7.35478e-46
5.126256266e-01  3.2873013e-12  3.28730e-12  3.28730e-12  1.14962e-45
5.151887547e-01  3.3183336e-12  3.31833e-12  3.31833e-12  1.79283e-45
5.177646985e-01  3.3492686e-12  3.34927e-12  3.34927e-12  2.78954e-45
5.203535220e-01  3.3801004e-12  3.38010e-12  3.38010e-12  4.33050e-45
5.229552896e-01  3.4108231e-12  3.41082e-12  3.41082e-12  6.70750e-45
5.255700660e-01  3.4414307e-12  3.44143e-12  3.44143e-12  1.03659e-44
5.281979164e-01  3.4719174e-12  3.47192e-12  3.47192e-12  1.59838e-44
5.308389059e-01  3.5022774e-12  3.50228e-12  3.50228e-12  2.45914e-44
5.334931005e-01  3.5325050e-12  3.53250e-12  3.53250e-12  3.77507e-44
5.361605660e-01  3.5625943e-12  3.56259e-12  3.56259e-12  5.78240e-44
5.388413688e-01  3.5925397e-12  3.59254e-12  3.59254e-12  8.83766e-44
5.415355756e-01  3.6223356e-12  3.62234e-12  3.62234e-12  1.34778e-43
5.442432535e-01  3.6519764e-12  3.65198e-12  3.65198e-12  2.05094e-43
5.469644698e-01  3.6814564e-12  3.68146e-12  3.68146e-12  3.11423e-43
5.496992921e-01  3.7107703e-12  3.71077e-12  3.71077e-12  4.71860e-43
5.524477886e-01  3.7399126e-12  3.73991e-12  3.73991e-12  7.13419e-43
5.552100275e-01  3.7688780e-12  3.76888e-12  3.76888e-12  1.07634e-42
5.579860777e-01  3.7976610e-12  3.79766e-12  3.79766e-12  1.62045e-42
5.607760081e-01  3.8262565e-12  3.82626e-12  3.82626e-12  2.43448e-42
5.635798881e-01  3.8546592e-12  3.85466e-12  3.85466e-12  3.64975e-42
5.663977875e-01  3.8828641e-12  3.88286e-12  3.88286e-12  5.46025e-42
5.692297765e-01  3.9108661e-12  3.91087e-12  3.91087e-12  8.15192e-42
5.720759254e-01  3.9386601e-12  3.93866e-12  3.93866e-12  1.21453e-41
5.749363050e-01  3.9662413e-12  3.96624e-12  3.96624e-12  1.80578e-41
5.778109865e-01  3.9936047e-12  3.99360e-12  3.99360e-12  2.67936e-41
5.807000414e-01  4.0207457e-12  4.02075e-12  4.02075e-12  3.96745e-41
5.836035417e-01  4.0476595e-12  4.04766e-12  4.04766e-12  5.86290e-41
5.865215594e-01  4.0743414e-12  4.07434e-12  4.07434e-12  8.64643e-41
5.894541672e-01  4.1007869e-12  4.10079e-12  4.10079e-12  1.27259e-40
5.924014380e-01  4.1269916e-12  4.12699e-12  4.12699e-12  1.86928e-40
5.953634452e-01  4.1529509e-12  4.15295e-12  4.15295e-12  2.74029e-40
5.983402624e-01  4.1786607e-12  4.17866e-12  4.17866e-12  4.00923e-40
6.013319637e-01  4.2041166e-12  4.20412e-12  4.20412e-12  5.85423e-40
6.043386235e-01  4.2293145e-12  4.22931e-12  4.22931e-12  8.53155e-40
6.073603167e-01  4.2542503e-12  4.25425e-12  4.25425e-12  1.24091e-39
6.103971182e-01  4.2789200e-12  4.27892e-12  4.27892e-12  1.80140e-39
6.134491038e-01  4.3033197e-12  4.30332e-12  4.30332e-12  2.61002e-39
6.165163494e-01  4.3274456e-12  4.32745e-12  4.32745e-12  3.77437e-39
6.195989311e-01  4.3512940e-12  4.35129e-12  4.35129e-12  5.44771e-39
6.226969258e-01  4.3748611e-12  4.37486e-12  4.37486e-12  7.84800e-39
6.258104104e-01  4.3981435e-12  4.39814e-12  4.39814e-12  1.12845e-38
6.289394624e-01  4.4211376e-12  4.42114e-12  4.42114e-12  1.61953e-38
6.320841597e-01  4.4438401e-12  4.44384e-12  4.44384e-12  2.31998e-38
6.352445805e-01  4.4662478e-12  4.46625e-12  4.46625e-12  3.31718e-38
6.384208035e-01  4.4883572e-12  4.48836e-12  4.48836e-12  4.73423e-38
6.416129075e-01  4.5101655e-12  4.51017e-12  4.51017e-12  6.74416e-38
6.448209720e-01  4.5316695e-12  4.53167e-12  4.53167e-12  9.58982e-38
6.480450769e-01  4.5528664e-12  4.55287e-12  4.55287e-12  1.36113e-37
6.512853022e-01  4.5737532e-12  4.57375e-12  4.57375e-12  1.92841e-37
6.545417288e-01  4.5943273e-12  4.59433e-12  4.59433e-12  2.72719e-37
6.578144374e-01  4.6145859e-12  4.61459e-12  4.61459e-12  3.84990e-37
6.611035096e-01  4.6345266e-12  4.63453e-12  4.63453e-12  5.42508e-37
6.644090271e-01  4.6541469e-12  4.65415e-12  4.65415e-12  7.63115e-37
6.677310723e-01  4.6734443e-12  4.67344e-12  4.67344e-12  1.07153e-36
6.710697276e-01  4.6924166e-12  4.69242e-12  4.69242e-12  1.50194e-36
6.744250763e-01  4.7110617e-12  4.71106e-12  4.71106e-12  2.10154e-36
6.777972017e-01  4.7293774e-12  4.72938e-12  4.72938e-12  2.93539e-36
6.811861877e-01  4.7473617e-12  4.74736e-12  4.74736e-12  4.09299e-36
6.845921186e-01  4.7650128e-12  4.76501e-12  4.76501e-12  5.69722e-36
6.880150792e-01  4.7823287e-12  4.78233e-12  4.78233e-12  7.91662e-36
6.914551546e-01  4.7993079e-12  4.79931e-12  4.79931e-12  1.09818e-35
6.949124304e-01  4.8159485e-12  4.81595e-12  4.81595e-12  1.52078e-35
6.983869925e-01  4.8322492e-12  4.83225e-12  4.83225e-12  2.10244e-35
7.018789275e-01  4.8482085e-12  4.84821e-12  4.84821e-12  2.90168e-35
7.053883221e-01  4.8638249e-12  4.86382e-12  4.86382e-12  3.99804e-35
7.089152637e-01  4.8790973e-12  4.87910e-12  4.87910e-12  5.49946e-35
7.124598400e-01  4.8940244e-12  4.89402e-12  4.89402e-12  7.55216e-35
7.160221392e-01  4.9086052e-12  4.90861e-12  4.90861e-12  1.03539e-34
7.196022499e-01  4.9228387e-12  4.92284e-12  4.92284e-12  1.41718e-34
7.232002612e-01  4.9367240e-12  4.93672e-12  4.93672e-12  1.93657e-34
7.268162625e-01  4.9502602e-12  4.95026e-12  4.95026e-12  2.64201e-34
7.304503438e-01  4.9634466e-12  4.96345e-12  4.96345e-12  3.59860e-34
7.341025955e-01  4.9762826e-12  4.97628e-12  4.97628e-12  4.89364e-34
7.377731085e-01  4.9887676e-12  4.98877e-12  4.98877e-12  6.64406e-34
7.414619740e-01  5.0009012e-12  5.00090e-12  5.00090e-12  9.00622e-34
7.451692839e-01  5.0126829e-12  5.01268e-12  5.01268e-12  1.21888e-33
7.488951303e-01  5.0241125e-12  5.02411e-12  5.02411e-12  1.64701e-33
7.526396060e-01  5.0351897e-12  5.03519e-12  5.03519e-12  2.22201e-33
7.564028040e-01  5.0459144e-12  5.04591e-12  5.04591e-12  2.99307e-33
7.601848180e-01  5.0562865e-12  5.05629e-12  5.05629e-12  4.02542e-33
7.639857421e-01  5.0663061e-12  5.06631e-12  5.06631e-12  5.40548e-33
7.678056708e-01  5.0759733e-12  5.07597e-12  5.07597e-12  7.24748e-33
7.716446992e-01  5.0852883e-12  5.08529e-12  5.08529e-12  9.70230e-33
7.755029227e-01  5.0942513e-12  5.09425e-12  5.09425e-12  1.29688e-32
7.793804373e-01  5.1028626e-12  5.10286e-12  5.10286e-12  1.73087e-32
7.832773395e-01  5.1111227e-12  5.11112e-12  5.11112e-12  2.30661e-32
7.871937262e-01  5.1190322e-12  5.11903e-12  5.11903e-12  3.06924e-32
7.911296948e-01  5.1265914e-12  5.12659e-12  5.12659e-12  4.07791e-32
7.950853433e-01  5.1338012e-12  5.13380e-12  5.13380e-12  5.41001e-32
7.990607700e-01  5.1406621e-12  5.14066e-12  5.14066e-12  7.16665e-32
8.030560739e-01  5.1471750e-12  5.14718e-12  5.14718e-12  9.47968e-32
8.070713542e-01  5.1533408e-12  5.15334e-12  5.15334e-12  1.25209e-31
8.111067110e-01  5.1591603e-12  5.15916e-12  5.15916e-12  1.65136e-31
8.151622446e-01  5.1646346e-12  5.16463e-12  5.16463e-12  2.17480e-31
8.192380558e-01  5.1697648e-12  5.16976e-12  5.16976e-12  2.86002e-31
8.233342461e-01  5.1745518e-12  5.17455e-12  5.17455e-12  3.75574e-31
8.274509173e-01  5.1789970e-12  5.17900e-12  5.17900e-12  4.92493e-31
8.315881719e-01  5.1831016e-12  5.18310e-12  5.18310e-12  6.44892e-31
8.357461127e-01  5.1868670e-12  5.18687e-12  5.18687e-12  8.43256e-31
8.399248433e-01  5.1902944e-12  5.19029e-12  5.19029e-12  1.10108e-30
8.441244675e-01  5.1933853e-12  5.19339e-12  5.19339e-12  1.43572e-30
8.483450899e-01  5.1961413e-12  5.19614e-12  5.19614e-12  1.86946e-30
8.525868153e-01  5.1985638e-12  5.19856e-12  5.19856e-12  2.43086e-30
8.568497494e-01  5.2006546e-12  5.20065e-12  5.20065e-12  3.15648e-30
8.611339981e-01  5.2024152e-12  5.20242e-12  5.20242e-12  4.09308e-30
8.654396681e-01  5.2038474e-12  5.20385e-12  5.20385e-12  5.30033e-30
8.697668665e-01  5.2049530e-12  5.20495e-12  5.20495e-12  6.85433e-30
8.741157008e-01  5.2057338e-12  5.20573e-12  5.20573e-12  8.85195e-30
8.784862793e-01  5.2061917e-12  5.20619e-12  5.20619e-12  1.14164e-29
8.828787107e-01  5.2063286e-12  5.20633e-12  5.20633e-12  1.47040e-29
8.872931042e-01  5.2061465e-12  5.20615e-12  5.20615e-12  1.89131e-29
8.917295698e-01  5.2056474e-12  5.20565e-12  5.20565e-12  2.42949e-29
8.961882176e-01  5.2048334e-12  5.20483e-12  5.20483e-12  3.11669e-29
9.006691587e-01  5.2037066e-12  5.20371e-12  5.20371e-12  3.99302e-29
9.051725045e-01  5.2022692e-12  5.20227e-12  5.20227e-12  5.10907e-29
9.096983670e-01  5.2005234e-12  5.20052e-12  5.20052e-12  6.52856e-29
9.142468589e-01  5.1984714e-12  5.19847e-12  5.19847e-12  8.33165e-29
9.188180931e-01  5.1961155e-12  5.19612e-12  5.19612e-12  1.06190e-28
9.234121836e-01  5.1934580e-12  5.19346e-12  5.19346e-12  1.35171e-28
9.280292445e-01  5.1905013e-12  5.19050e-12  5.19050e-12  1.71841e-28
9.326693908e-01  5.1872478e-12  5.18725e-12  5.18725e-12  2.18182e-28
9.373327377e-01  5.1836999e-12  5.18370e-12  5.18370e-12  2.76671e-28
9.420194014e-01  5.1798602e-12  5.17986e-12  5.17986e-12  3.50399e-28
9.467294984e-01  5.1757310e-12  5.17573e-12  5.17573e-12  4.43221e-28
9.514631459e-01  5.1713150e-12  5.17131e-12  5.17131e-12  5.59933e-28
9.562204616e-01  5.1666147e-12  5.16661e-12  5.16661e-12  7.06505e-28
9.610015639e-01  5.1616326e-12  5.16163e-12  5.16163e-12  8.90348e-28
9.658065718e-01  5.1563715e-12  5.15637e-12  5.15637e-12  1.12065e-27
9.706356046e-01  5.1508340e-12  5.15083e-12  5.15083e-12  1.40882e-27
9.754887826e-01  5.1450227e-12  5.14502e-12  5.14502e-12  1.76893e-27
9.803662265e-01  5.1389404e-12  5.13894e-12  5.13894e-12  2.21841e-27
9.852680577e-01  5.1325898e-12  5.13259e-12  5.13259e-12  2.77877e-27
9.901943980e-01  5.1259736e-12  5.12597e-12  5.12597e-12  3.47652e-27
9.951453700e-01  5.1190946e-12  5.11909e-12  5.11909e-12  4.34430e-27
1.000121097e+00  5.1119557e-12  5.11196e-12  5.11196e-12  5.42227e-27
1.005121702e+00  5.1045595e-12  5.10456e-12  5.10456e-12  6.75975e-27
1.010147311e+00  5.0969091e-12  5.09691e-12  5.09691e-12  8.41729e-27
1.015198047e+00  5.0890071e-12  5.08901e-12  5.08901e-12  1.04690e-26
1.020274038e+00  5.0808565e-12  5.08086e-12  5.08086e-12  1.30058e-26
1.025375408e+00  5.0724602e-12  5.07246e-12  5.07246e-12  1.61387e-26
1.030502285e+00  5.0638210e-12  5.06382e-12  5.06382e-12  2.00033e-26
1.035654796e+00  5.0549419e-12  5.05494e-12  5.05494e-12  2.47649e-26
1.040833070e+00  5.0458258e-12  5.04583e-12  5.04583e-12  3.06251e-26
1.046037236e+00  5.0364757e-12  5.03648e-12  5.03648e-12  3.78293e-26
1.051267422e+00  5.0268945e-12  5.02689e-12  5.02689e-12  4.66757e-26
1.056523759e+00  5.0170851e-12  5.01709e-12  5.01709e-12  5.75262e-26
1.061806378e+00  5.0070506e-12  5.00705e-12  5.00705e-12  7.08203e-26
1.067115410e+00  4.9967938e-12  4.99679e-12  4.99679e-12  8.70898e-26
1.072450987e+00  4.9863179e-12  4.98632e-12  4.98632e-12  1.06979e-25
1.077813242e+00  4.9756257e-12  4.97563e-12  4.97563e-12  1.31266e-25
1.083202308e+00  4.9647203e-12  4.96472e-12  4.96472e-12  1.60891e-25
1.088618319e+00  4.9536047e-12  4.95360e-12  4.95360e-12  1.96988e-25
1.094061411e+00  4.9422819e-12  4.94228e-12  4.94228e-12  2.40923e-25
1.099531718e+00  4.9307548e-12  4.93075e-12  4.93075e-12  2.94339e-25
1.105029377e+00  4.9190266e-12  4.91903e-12  4.91903e-12  3.59214e-25
1.110554523e+00  4.9071002e-12  4.90710e-12  4.90710e-12  4.37922e-25
1.116107296e+00  4.8949787e-12  4.89498e-12  4.89498e-12  5.33309e-25
1.121687832e+00  4.8826650e-12  4.88267e-12  4.88267e-12  6.48789e-25
1.127296272e+00  4.8701622e-12  4.87016e-12  4.87016e-12  7.88446e-25
1.132932753e+00  4.8574733e-12  4.85747e-12  4.85747e-12  9.57165e-25
1.138597417e+00  4.8446012e-12  4.84460e-12  4.84460e-12  1.16078e-24
1.144290404e+00  4.8315491e-12  4.83155e-12  4.83155e-12  1.40626e-24
1.150011856e+00  4.8183199e-12  4.81832e-12  4.81832e-12  1.70190e-24
1.155761915e+00  4.8049165e-12  4.80492e-12  4.80492e-12  2.05758e-24
1.161540725e+00  4.7913421e-12  4.79134e-12  4.79134e-12  2.48506e-24
1.167348428e+00  4.7775995e-12  4.77760e-12  4.77760e-12  2.99831e-24
1.173185171e+00  4.7636918e-12  4.76369e-12  4.76369e-12  3.61393e-24
1.179051096e+00  4.7496220e-12  4.74962e-12  4.74962e-12  4.35158e-24
1.184946352e+00  4.7353930e-12  4.73539e-12  4.73539e-12  5.23455e-24
1.190871084e+00  4.7210077e-12  4.72101e-12  4.72101e-12  6.29044e-24
1.196825439e+00  4.7064691e-12  4.70647e-12  4.70647e-12  7.55185e-24
1.202809566e+00  4.6917803e-12  4.69178e-12  4.69178e-12  9.05729e-24
1.208823614e+00  4.6769440e-12  4.67694e-12  4.67694e-12  1.08522e-23
1.214867732e+00  4.6619632e-12  4.66196e-12  4.66196e-12  1.29902e-23
1.220942071e+00  4.6468408e-12  4.64684e-12  4.64684e-12  1.55343e-23
1.227046781e+00  4.6315798e-12  4.63158e-12  4.63158e-12  1.85587e-23
1.233182015e+00  4.6161830e-12  4.61618e-12  4.61618e-12  2.21508e-23
1.239347925e+00  4.6006532e-12  4.60065e-12  4.60065e-12  2.64128e-23
1.245544665e+00  4.5849934e-12  4.58499e-12  4.58499e-12  3.14651e-23
1.251772388e+00  4.5692064e-12  4.56921e-12  4.56921e-12  3.74482e-23
1.258031250e+00  4.5532950e-12  4.55329e-12  4.55329e-12  4.45273e-23
1.264321406e+00  4.5372620e-12  4.53726e-12  4.53726e-12  5.28949e-23
1.270643013e+00  4.5211103e-12  4.52111e-12  4.52111e-12  6.27766e-23
1.276996228e+00  4.5048426e-12  4.50484e-12  4.50484e-12  7.44353e-23
1.283381209e+00  4.4884617e-12  4.48846e-12  4.48846e-12  8.81779e-23
1.289798116e+00  4.4719703e-12  4.47197e-12  4.47197e-12  1.04362e-22
1.296247106e+00  4.4553713e-12  4.45537e-12  4.45537e-12  1.23404e-22
1.302728342e+00  4.4386672e-12  4.43867e-12  4.43867e-12  1.45787e-22
1.309241983e+00  4.4218609e-12  4.42186e-12  4.42186e-12  1.72075e-22
1.315788193e+00  4.4049550e-12  4.40496e-12  4.40496e-12  2.02921e-22
1.322367134e+00  4.3879522e-12  4.38795e-12  4.38795e-12  2.39082e-22
1.328978970e+00  4.3708552e-12  4.37086e-12  4.37086e-12  2.81436e-22
1.335623865e+00  4.3536665e-12  4.35367e-12  4.35367e-12  3.31001e-22
1.342301984e+00  4.3363887e-12  4.33639e-12  4.33639e-12  3.88951e-22
1.349013494e+00  4.3190246e-12  4.31902e-12  4.31902e-12  4.56646e-22
1.355758561e+00  4.3015766e-12  4.30158e-12  4.30158e-12  5.35655e-22
1.362537354e+00  4.2840473e-12  4.28405e-12  4.28405e-12  6.27789e-22
1.369350041e+00  4.2664393e-12  4.26644e-12  4.26644e-12  7.35135e-22
1.376196791e+00  4.2487550e-12  4.24876e-12  4.24876e-12  8.60097e-22
1.383077775e+00  4.2309970e-12  4.23100e-12  4.23100e-12  1.00544e-21
1.389993164e+00  4.2131677e-12  4.21317e-12  4.21317e-12  1.17434e-21
1.396943130e+00  4.1952696e-12  4.19527e-12  4.19527e-12  1.37046e-21
1.403927846e+00  4.1773051e-12  4.17731e-12  4.17731e-12  1.59798e-21
1.410947485e+00  4.1592767e-12  4.15928e-12  4.15928e-12  1.86171e-21
1.418002222e+00  4.1411866e-12  4.14119e-12  4.14119e-12  2.16715e-21
1.425092233e+00  4.1230374e-12  4.12304e-12  4.12304e-12  2.52062e-21
1.432217694e+00  4.1048313e-12  4.10483e-12  4.10483e-12  2.92932e-21
1.439378783e+00  4.0865706e-12  4.08657e-12  4.08657e-12  3.40148e-21
1.446575677e+00  4.0682578e-12  4.06826e-12  4.06826e-12  3.94653e-21
1.453808555e+00  4.0498949e-12  4.04989e-12  4.04989e-12  4.57518e-21
1.461077598e+00  4.0314844e-12  4.03148e-12  4.03148e-12  5.29968e-21
1.468382986e+00  4.0130283e-12  4.01303e-12  4.01303e-12  6.13397e-21
1.475724901e+00  3.9945291e-12  3.99453e-12  3.99453e-12  7.09390e-21
1.483103525e+00  3.9759888e-12  3.97599e-12  3.97599e-12  8.19751e-21
1.490519043e+00  3.9574095e-12  3.95741e-12  3.95741e-12  9.46529e-21
1.497971638e+00  3.9387936e-12  3.93879e-12  3.93879e-12  1.09205e-20
1.505461496e+00  3.9335406e-12  3.93354e-12  3.93354e-12  1.25590e-20
1.512988804e+00  3.9210850e-12  3.92108e-12  3.92108e-12  1.44505e-20
1.520553748e+00  3.9229296e-12  3.92293e-12  3.92293e-12  1.65700e-20
1.528156517e+00  3.9120846e-12  3.91208e-12  3.91208e-12  1.90294e-20
1.535797299e+00  3.9170523e-12  3.91705e-12  3.91705e-12  2.17720e-20
1.543476286e+00  3.9191825e-12  3.91918e-12  3.91918e-12  2.49025e-20
1.551193667e+00  3.9150323e-12  3.91503e-12  3.91503e-12  2.84937e-20
1.558949636e+00  3.9232043e-12  3.92320e-12  3.92320e-12  3.24996e-20
1.566744384e+00  3.9192878e-12  3.91929e-12  3.91929e-12  3.71247e-20
1.574578106e+00  3.9172743e-12  3.91727e-12  3.91727e-12  4.23585e-20
1.582450996e+00  3.9216256e-12  3.92163e-12  3.92163e-12  4.82310e-20
1.590363251e+00  3.9270602e-12  3.92706e-12  3.92706e-12  5.48609e-20
1.598315067e+00  3.9248457e-12  3.92485e-12  3.92485e-12  6.24471e-20
1.606306643e+00  3.9233240e-12  3.92332e-12  3.92332e-12  7.10164e-20
1.614338176e+00  3.9248593e-12  3.92486e-12  3.92486e-12  8.06474e-20
1.622409867e+00  3.9271266e-12  3.92713e-12  3.92713e-12  9.14978e-20
1.630521916e+00  3.9243645e-12  3.92436e-12  3.92436e-12  1.03834e-19
1.638674526e+00  3.9234077e-12  3.92341e-12  3.92341e-12  1.17698e-19
1.646867898e+00  3.9236233e-12  3.92362e-12  3.92362e-12  1.33275e-19
1.655102238e+00  3.9209622e-12  3.92096e-12  3.92096e-12  1.50890e-19
1.663377749e+00  3.9152128e-12  3.91521e-12  3.91521e-12  1.70816e-19
1.671694638e+00  3.9136327e-12  3.91363e-12  3.91363e-12  1.93051e-19
1.680053111e+00  3.9114299e-12  3.91143e-12  3.91143e-12  2.18044e-19
1.688453377e+00  3.9092005e-12  3.90920e-12  3.90920e-12  2.46087e-19
1.696895643e+00  3.9026878e-12  3.90269e-12  3.90269e-12  2.77793e-19
1.705380122e+00  3.8922923e-12  3.89229e-12  3.89229e-12  3.13629e-19
1.713907022e+00  3.8834425e-12  3.88344e-12  3.88344e-12  3.53708e-19
1.722476557e+00  3.8804635e-12  3.88046e-12  3.88046e-12  3.98080e-19
1.731088940e+00  3.8660334e-12  3.86603e-12  3.86603e-12  4.48882e-19
1.739744385e+00  3.8594187e-12  3.85942e-12  3.85942e-12  5.04887e-19
1.748443107e+00  3.8538699e-12  3.85387e-12  3.85387e-12  5.67326e-19
1.757185322e+00  3.8411807e-12  3.84118e-12  3.84118e-12  6.38113e-19
1.765971249e+00  3.8328054e-12  3.83281e-12  3.83280e-12  7.16491e-19
1.774801105e+00  3.8188295e-12  3.81883e-12  3.81883e-12  8.05022e-19
1.783675111e+00  3.8040833e-12  3.80408e-12  3.80408e-12  9.04045e-19
1.792593486e+00  3.7965061e-12  3.79651e-12  3.79651e-12  1.01277e-18
1.801556454e+00  3.7802934e-12  3.78029e-12  3.78029e-12  1.13622e-18
1.810564236e+00  3.7640491e-12  3.76405e-12  3.76405e-12  1.27388e-18
1.819617057e+00  3.7523251e-12  3.75233e-12  3.75232e-12  1.42564e-18
1.828715142e+00  3.7448137e-12  3.74481e-12  3.74481e-12  1.59271e-18
1.837858718e+00  3.7303885e-12  3.73039e-12  3.73039e-12  1.78128e-18
1.847048012e+00  3.7181885e-12  3.71819e-12  3.71819e-12  1.98973e-18
1.856283252e+00  3.7032029e-12  3.70320e-12  3.70320e-12  2.22271e-18
1.865564668e+00  3.6850321e-12  3.68503e-12  3.68503e-12  2.48345e-18
1.874892491e+00  3.6648503e-12  3.66485e-12  3.66485e-12  2.77450e-18
1.884266954e+00  3.6386244e-12  3.63862e-12  3.63862e-12  3.10271e-18
1.893688289e+00  3.6085978e-12  3.60860e-12  3.60859e-12  3.47119e-18
1.903156730e+00  3.5786441e-12  3.57864e-12  3.57864e-12  3.88107e-18
1.912672514e+00  3.5548711e-12  3.55487e-12  3.55487e-12  4.32961e-18
1.922235876e+00  3.5358699e-12  3.53587e-12  3.53587e-12  4.82088e-18
1.931847056e+00  3.5185404e-12  3.51854e-12  3.51854e-12  5.36218e-18
1.941506291e+00  3.5072788e-12  3.50728e-12  3.50727e-12  5.95068e-18
1.951213822e+00  3.4892068e-12  3.48921e-12  3.48920e-12  6.61207e-18
1.960969892e+00  3.4789026e-12  3.47890e-12  3.47890e-12  7.32663e-18
1.970774741e+00  3.4601789e-12  3.46018e-12  3.46017e-12  8.13257e-18
1.980628615e+00  3.4452387e-12  3.44524e-12  3.44523e-12  9.01215e-18
1.990531758e+00  3.4321448e-12  3.43214e-12  3.43213e-12  9.97554e-18
2.000484417e+00  3.4168059e-12  3.41681e-12  3.41679e-12  1.10423e-17
2.010486839e+00  3.4024771e-12  3.40248e-12  3.40246e-12  1.22124e-17
2.020539273e+00  3.3922645e-12  3.39226e-12  3.39225e-12  1.34820e-17
2.030641969e+00  3.3842018e-12  3.38420e-12  3.38419e-12  1.48649e-17
2.040795179e+00  3.3681215e-12  3.36812e-12  3.36811e-12  1.64188e-17
2.050999155e+00  3.3535718e-12  3.35357e-12  3.35355e-12  1.81163e-17
2.061254151e+00  3.3382734e-12  3.33827e-12  3.33825e-12  1.99822e-17
2.071560421e+00  3.3169775e-12  3.31698e-12  3.31696e-12  2.20681e-17
2.081918224e+00  3.2925461e-12  3.29255e-12  3.29252e-12  2.43820e-17
2.092327815e+00  3.2727068e-12  3.27271e-12  3.27268e-12  2.68858e-17
2.102789454e+00  3.2539532e-12  3.25395e-12  3.25392e-12  2.96205e-17
2.113303401e+00  3.2379976e-12  3.23800e-12  3.23796e-12  3.25868e-17
2.123869918e+00  3.2242142e-12  3.22421e-12  3.22418e-12  3.58054e-17
2.134489268e+00  3.2166131e-12  3.21661e-12  3.21657e-12  3.92417e-17
2.145161714e+00  3.1973401e-12  3.19734e-12  3.19730e-12  4.31448e-17
2.155887523e+00  3.1752453e-12  3.17525e-12  3.17520e-12  4.74545e-17
2.166666960e+00  3.1537377e-12  3.15374e-12  3.15369e-12  5.21577e-17
2.177500295e+00  3.1357063e-12  3.13571e-12  3.13565e-12  5.72319e-17
2.188387796e+00  3.1122027e-12  3.11220e-12  3.11214e-12  6.28807e-17
2.199329735e+00  3.0872923e-12  3.08729e-12  3.08722e-12  6.90848e-17
2.210326384e+00  3.0546587e-12  3.05466e-12  3.05458e-12  7.60603e-17
2.221378016e+00  3.0418405e-12  3.04184e-12  3.04176e-12  8.31447e-17
2.232484906e+00  3.0301943e-12  3.03019e-12  3.03010e-12  9.08034e-17
2.243647331e+00  3.0063068e-12  3.00631e-12  3.00621e-12  9.95306e-17
2.254865567e+00  2.9830190e-12  2.98302e-12  2.98291e-12  1.09021e-16
2.266139895e+00  2.9719551e-12  2.97196e-12  2.97184e-12  1.18854e-16
2.277470595e+00  2.9488323e-12  2.94883e-12  2.94870e-12  1.30053e-16
2.288857948e+00  2.9262948e-12  2.92629e-12  2.92615e-12  1.42209e-16
2.300302237e+00  2.9041619e-12  2.90416e-12  2.90401e-12  1.55406e-16
2.311803748e+00  2.8878329e-12  2.88783e-12  2.88766e-12  1.69397e-16
2.323362767e+00  2.8613138e-12  2.86131e-12  2.86113e-12  1.85232e-16
2.334979581e+00  2.8408092e-12  2.84081e-12  2.84061e-12  2.02018e-16
2.346654479e+00  2.8134355e-12  2.81344e-12  2.81321e-12  2.20771e-16
2.358387751e+00  2.7865328e-12  2.78653e-12  2.78629e-12  2.41118e-16
2.370179690e+00  2.7633384e-12  2.76334e-12  2.76308e-12  2.62869e-16
2.382030589e+00  2.7394665e-12  2.73947e-12  2.73918e-12  2.86524e-16
2.393940742e+00  2.7219282e-12  2.72193e-12  2.72162e-12  3.11441e-16
2.405910445e+00  2.6979963e-12  2.69800e-12  2.69766e-12  3.39173e-16
2.417939997e+00  2.6772696e-12  2.67727e-12  2.67690e-12  3.68772e-16
2.430029697e+00  2.6587288e-12  2.65873e-12  2.65833e-12  4.00445e-16
2.442179846e+00  2.6348971e-12  2.63490e-12  2.63446e-12  4.35517e-16
2.454390745e+00  2.6069349e-12  2.60693e-12  2.60646e-12  4.74203e-16
2.466662699e+00  2.5843419e-12  2.58434e-12  2.58383e-12  5.15058e-16
2.478996012e+00  2.5627763e-12  2.56278e-12  2.56222e-12  5.58976e-16
2.491390992e+00  2.5307899e-12  2.53079e-12  2.53018e-12  6.08826e-16
2.503847947e+00  2.5048923e-12  2.50489e-12  2.50423e-12  6.61305e-16
2.516367187e+00  2.4829378e-12  2.48294e-12  2.48222e-12  7.16921e-16
2.528949023e+00  2.4627392e-12  2.46274e-12  2.46196e-12  7.76360e-16
2.541593768e+00  2.4409247e-12  2.44092e-12  2.44008e-12  8.40912e-16
2.554301737e+00  2.4158506e-12  2.41585e-12  2.41494e-12  9.11636e-16
2.567073246e+00  2.3891123e-12  2.38911e-12  2.38812e-12  9.88574e-16
2.579908612e+00  2.3661123e-12  2.36611e-12  2.36504e-12  1.07000e-15
2.592808155e+00  2.3370947e-12  2.33709e-12  2.33593e-12  1.16047e-15
2.605772196e+00  2.3237672e-12  2.32377e-12  2.32252e-12  1.25023e-15
2.618801057e+00  2.2985573e-12  2.29856e-12  2.29720e-12  1.35283e-15
2.631895062e+00  2.2761686e-12  2.27617e-12  2.27471e-12  1.46164e-15
2.645054537e+00  2.2547575e-12  2.25476e-12  2.25318e-12  1.57797e-15
2.658279810e+00  2.2104603e-12  2.21046e-12  2.20874e-12  1.71890e-15
2.671571209e+00  2.1292838e-12  2.12928e-12  2.12738e-12  1.89967e-15
2.684929065e+00  2.0317299e-12  2.03173e-12  2.02962e-12  2.11143e-15
2.698353710e+00  1.5475327e-12  1.54753e-12  1.54484e-12  2.68861e-15
2.711845479e+00  1.2831708e-12  1.28317e-12  1.28004e-12  3.13430e-15
2.725404706e+00  1.4253713e-12  1.42537e-12  1.42216e-12  3.20994e-15
2.739031730e+00  1.2947833e-12  1.29478e-12  1.29120e-12  3.58355e-15
2.752726889e+00  1.3362904e-12  1.33629e-12  1.33251e-12  3.78529e-15
2.766490523e+00  1.1742854e-12  1.17429e-12  1.17002e-12  4.26339e-15
2.780322976e+00  1.2980860e-12  1.29809e-12  1.29370e-12  4.38469e-15
2.794224591e+00  1.2819946e-12  1.28199e-12  1.27728e-12  4.71188e-15
2.808195713e+00  1.2302219e-12  1.23022e-12  1.22510e-12  5.12101e-15
2.822236692e+00  1.1739192e-12  1.17392e-12  1.16835e-12  5.57171e-15
2.836347875e+00  1.1169293e-12  1.11693e-12  1.11087e-12  6.06098e-15
2.850529615e+00  1.0669309e-12  1.06693e-12  1.06035e-12  6.57597e-15
2.864782263e+00  1.0112263e-12  1.01123e-12  1.00408e-12  7.14496e-15
2.879106174e+00  9.6519013e-13  9.65190e-13  9.57453e-13  7.73668e-15
2.893501705e+00  9.3177747e-13  9.31777e-13  9.23436e-13  8.34143e-15
2.907969214e+00  8.8092086e-13  8.80921e-13  8.71881e-13  9.03971e-15
2.922509060e+00  8.5403780e-13  8.54038e-13  8.44318e-13  9.72014e-15
2.937121605e+00  8.3485766e-13  8.34858e-13  8.24434e-13  1.04233e-14
2.951807213e+00  7.8073257e-13  7.80733e-13  7.69436e-13  1.12964e-14
2.966566249e+00  7.8570693e-13  7.85707e-13  7.73692e-13  1.20148e-14
2.981399080e+00  8.4868083e-13  8.48681e-13  8.36143e-13  1.25378e-14
2.996306076e+00  8.5798213e-13  8.57982e-13  8.44680e-13  1.33019e-14
3.011287606e+00  8.4908366e-13  8.49084e-13  8.34892e-13  1.41915e-14
3.026344044e+00  8.5249629e-13  8.52496e-13  8.37423e-13  1.50733e-14
3.041475764e+00  8.6713362e-13  8.67134e-13  8.51191e-13  1.59426e-14
3.056683143e+00  8.8967758e-13  8.89678e-13  8.72870e-13  1.68075e-14
3.071966559e+00  9.0574222e-13  9.05742e-13  8.87993e-13  1.77490e-14
3.087326392e+00  9.2007552e-13  9.20076e-13  9.01331e-13  1.87449e-14
3.102763024e+00  9.3069714e-13  9.30697e-13  9.10884e-13  1.98131e-14
3.118276839e+00  9.3871782e-13  9.38718e-13  9.17766e-13  2.09521e-14
3.133868223e+00  9.5551578e-13  9.55516e-13  9.33441e-13  2.20748e-14
3.149537564e+00  9.9618066e-13  9.96181e-13  9.73146e-13  2.30351e-14
3.165285252e+00  1.0332400e-12  1.03324e-12  1.00919e-12  2.40484e-14
3.181111678e+00  1.0594774e-12  1.05948e-12  1.03428e-12  2.51927e-14
3.197017237e+00  1.0828469e-12  1.08285e-12  1.05644e-12  2.64037e-14
3.213002323e+00  1.1031040e-12  1.10310e-12  1.07541e-12  2.76900e-14
3.229067334e+00  1.1244126e-12  1.12441e-12  1.09540e-12  2.90079e-14
3.245212671e+00  1.1390779e-12  1.13908e-12  1.10862e-12  3.04561e-14
3.261438734e+00  1.1533131e-12  1.15331e-12  1.12135e-12  3.19652e-14
3.277745928e+00  1.1706091e-12  1.17061e-12  1.13712e-12  3.34846e-14
3.294134658e+00  1.1887604e-12  1.18876e-12  1.15372e-12  3.50415e-14
3.310605331e+00  1.2051438e-12  1.20514e-12  1.16847e-12  3.66782e-14
3.327158358e+00  1.2208137e-12  1.22081e-12  1.18243e-12  3.83814e-14
3.343794149e+00  1.2364327e-12  1.23643e-12  1.19629e-12  4.01410e-14
3.360513120e+00  1.2464005e-12  1.24640e-12  1.20433e-12  4.20740e-14
3.377315686e+00  1.2517267e-12  1.25173e-12  1.20755e-12  4.41816e-14
3.394202264e+00  1.2599221e-12  1.25992e-12  1.21361e-12  4.63075e-14
3.411173276e+00  1.2705044e-12  1.27050e-12  1.22205e-12  4.84531e-14
3.428229142e+00  1.2790926e-12  1.27909e-12  1.22837e-12  5.07261e-14
3.445370288e+00  1.2806780e-12  1.28068e-12  1.22740e-12  5.32816e-14
3.462597139e+00  1.2777934e-12  1.27779e-12  1.22171e-12  5.60831e-14
3.479910125e+00  1.2671350e-12  1.26714e-12  1.20787e-12  5.92684e-14
3.497309675e+00  1.2543957e-12  1.25440e-12  1.19170e-12  6.26952e-14
3.514796224e+00  1.2358699e-12  1.23587e-12  1.16935e-12  6.65229e-14
3.532370205e+00  1.2148290e-12  1.21483e-12  1.14415e-12  7.06745e-14
3.550032056e+00  1.1919479e-12  1.19195e-12  1.11679e-12  7.51545e-14
3.567782216e+00  1.1699533e-12  1.16995e-12  1.09008e-12  7.98717e-14
3.585621127e+00  1.1500259e-12  1.15003e-12  1.06525e-12  8.47803e-14
3.603549233e+00  1.1362992e-12  1.13630e-12  1.04663e-12  8.96721e-14
3.621566979e+00  1.1276891e-12  1.12769e-12  1.03312e-12  9.45642e-14
3.639674814e+00  1.1203218e-12  1.12032e-12  1.02068e-12  9.96405e-14
3.657873188e+00  1.1006505e-12  1.10065e-12  9.94931e-13  1.05720e-13
3.676162554e+00  1.0646595e-12  1.06466e-12  9.51446e-13  1.13214e-13
3.694543367e+00  1.0144595e-12  1.01446e-12  8.92260e-13  1.22200e-13
3.713016084e+00  9.6745826e-13  9.67458e-13  8.35823e-13  1.31636e-13
3.731581164e+00  9.3819539e-13  9.38195e-13  7.97787e-13  1.40408e-13
3.750239070e+00  9.3622861e-13  9.36229e-13  7.88697e-13  1.47532e-13
3.768990265e+00  9.5424866e-13  9.54249e-13  8.00986e-13  1.53263e-13
3.787835216e+00  9.7288226e-13  9.72882e-13  8.13796e-13  1.59086e-13
3.806774393e+00  9.7823765e-13  9.78238e-13  8.11883e-13  1.66355e-13
3.825808265e+00  9.6593836e-13  9.65938e-13  7.90170e-13  1.75768e-13
3.844937306e+00  9.5456016e-13  9.54560e-13  7.68933e-13  1.85627e-13
3.864161992e+00  9.5815202e-13  9.58152e-13  7.63859e-13  1.94293e-13
3.883482802e+00  9.7750719e-13  9.77507e-13  7.76133e-13  2.01374e-13
3.902900216e+00  1.0003297e-12  1.00033e-12  7.92175e-13  2.08154e-13
3.922414717e+00  1.0073604e-12  1.00736e-12  7.90090e-13  2.17270e-13
3.942026791e+00  9.9539547e-13  9.95395e-13  7.65778e-13  2.29617e-13
3.961736925e+00  9.7436354e-13  9.74364e-13  7.30196e-13  2.44168e-13
3.981545610e+00  9.5550107e-13  9.55501e-13  6.96156e-13  2.59345e-13
4.001453338e+00  9.4614864e-13  9.46149e-13  6.72317e-13  2.73832e-13
4.021460604e+00  9.5062447e-13  9.50624e-13  6.64072e-13  2.86553e-13
4.041567907e+00  9.6255939e-13  9.62559e-13  6.64190e-13  2.98370e-13
4.061775747e+00  9.6974879e-13  9.69749e-13  6.58060e-13  3.11688e-13
4.082084626e+00  9.6040385e-13  9.60404e-13  6.30934e-13  3.29470e-13
4.102495049e+00  9.3826837e-13  9.38268e-13  5.86686e-13  3.51583e-13
4.123007524e+00  9.1773376e-13  9.17734e-13  5.42770e-13  3.74964e-13
4.143622562e+00  9.0292334e-13  9.02923e-13  5.04390e-13  3.98534e-13
4.164340674e+00  8.9307610e-13  8.93076e-13  4.70704e-13  4.22372e-13
4.185162378e+00  8.8469038e-13  8.84690e-13  4.37218e-13  4.47472e-13
4.206088190e+00  8.8970941e-13  8.89709e-13  4.19881e-13  4.69829e-13
4.227118631e+00  9.0060679e-13  9.00607e-13  4.09176e-13  4.91431e-13
4.248254224e+00  9.2397398e-13  9.23974e-13  4.14587e-13  5.09387e-13
4.269495495e+00  9.3276934e-13  9.32769e-13  3.98672e-13  5.34098e-13
4.290842972e+00  9.3492422e-13  9.34924e-13  3.71557e-13  5.63367e-13
4.312297187e+00  9.6132703e-13  9.61327e-13  3.78182e-13  5.83145e-13
4.333858673e+00  9.8259539e-13  9.82595e-13  3.76310e-13  6.06285e-13
4.355527967e+00  9.7973112e-13  9.79731e-13  3.35697e-13  6.44034e-13
4.377305606e+00  9.6455390e-13  9.64554e-13  2.71995e-13  6.92559e-13
4.399192134e+00  9.5608455e-13  9.56085e-13  2.14313e-13  7.41772e-13
4.421188095e+00  9.6311918e-13  9.63119e-13  1.77923e-13  7.85196e-13
4.443294036e+00  9.8023151e-13  9.80232e-13  1.55221e-13  8.25011e-13
4.465510506e+00  1.0010981e-12  1.00110e-12  1.35998e-13  8.65100e-13
4.487838058e+00  1.0372554e-12  1.03726e-12  1.42466e-13  8.94789e-13
4.510277249e+00  1.0913746e-12  1.09137e-12  1.83199e-13  9.08175e-13
4.532828635e+00  1.1634544e-12  1.16345e-12  2.63157e-13  9.00297e-13
4.555492778e+00  1.2247967e-12  1.22480e-12  3.25895e-13  8.98901e-13
4.578270242e+00  1.2658657e-12  1.26587e-12  3.46788e-13  9.19077e-13
4.601161593e+00  1.2934735e-12  1.29347e-12  3.34979e-13  9.58494e-13
4.624167401e+00  1.3140198e-12  1.31402e-12  3.00479e-13  1.01354e-12
4.647288238e+00  1.3284811e-12  1.32848e-12  2.40422e-13  1.08806e-12
4.670524679e+00  1.3464714e-12  1.34647e-12  1.77397e-13  1.16907e-12
4.693877303e+00  1.3874887e-12  1.38749e-12  1.77037e-13  1.21045e-12
4.717346689e+00  1.4395686e-12  1.43957e-12  2.15158e-13  1.22441e-12
4.740933423e+00  1.4814752e-12  1.48148e-12  2.14140e-13  1.26733e-12
4.764638090e+00  1.5211107e-12  1.52111e-12  1.95011e-13  1.32610e-12
4.788461280e+00  1.5622917e-12  1.56229e-12  1.69793e-13  1.39250e-12
4.812403587e+00  1.6063499e-12  1.60635e-12  1.43260e-13  1.46309e-12
4.836465604e+00  1.6538312e-12  1.65383e-12  1.18828e-13  1.53500e-12
4.860647933e+00  1.7044234e-12  1.70442e-12  9.16321e-14  1.61279e-12
4.884951172e+00  1.7585866e-12  1.75859e-12  6.85092e-14  1.69008e-12
4.909375928e+00  1.8156327e-12  1.81563e-12  5.64658e-14  1.75917e-12
4.933922808e+00  1.8744620e-12  1.87446e-12  5.27365e-14  1.82173e-12
4.958592422e+00  1.9348789e-12  1.93488e-12  5.08465e-14  1.88403e-12
4.983385384e+00  1.9968336e-12  1.99683e-12  4.98501e-14  1.94698e-12
5.008302311e+00  2.0602814e-12  2.06028e-12  4.95059e-14  2.01078e-12
5.033343822e+00  2.1254844e-12  2.12548e-12  4.86299e-14  2.07685e-12
5.058510541e+00  2.1921963e-12  2.19220e-12  4.82775e-14  2.14392e-12
5.083803094e+00  2.2607277e-12  2.26073e-12  4.75011e-14  2.21323e-12
5.109222110e+00  2.3308859e-12  2.33089e-12  4.69453e-14  2.28394e-12
5.134768220e+00  2.4026606e-12  2.40266e-12  4.66048e-14  2.35606e-12
5.160442061e+00  2.4764744e-12  2.47647e-12  4.57073e-14  2.43077e-12
5.186244272e+00  2.5516087e-12  2.55161e-12  4.55973e-14  2.50601e-12
5.212175493e+00  2.6293677e-12  2.62937e-12  4.42141e-14  2.58515e-12
5.238236370e+00  2.7086639e-12  2.70866e-12  4.33491e-14  2.66531e-12
5.264427552e+00  2.7896091e-12  2.78961e-12  4.27731e-14  2.74684e-12
5.290749690e+00  2.8725598e-12  2.87256e-12  4.20507e-14  2.83051e-12
5.317203438e+00  2.9573458e-12  2.95735e-12  4.14130e-14  2.91593e-12
5.343789456e+00  3.0427697e-12  3.04277e-12  4.20002e-14  3.00077e-12
5.370508403e+00  3.1316392e-12  3.13164e-12  4.10990e-14  3.09054e-12
5.397360945e+00  3.2218451e-12  3.22185e-12  4.07564e-14  3.18109e-12
5.424347750e+00  3.3144500e-12  3.31445e-12  4.00650e-14  3.27438e-12
5.451469488e+00  3.4090690e-12  3.40907e-12  3.93824e-14  3.36969e-12
5.478726836e+00  3.5056161e-12  3.50562e-12  3.87803e-14  3.46684e-12
5.506120470e+00  3.6040044e-12  3.60400e-12  3.83137e-14  3.56569e-12
5.533651072e+00  3.7056810e-12  3.70568e-12  3.71030e-14  3.66858e-12
5.561319328e+00  3.8076873e-12  3.80769e-12  3.69611e-14  3.77073e-12
5.589125924e+00  3.9123659e-12  3.91237e-12  3.64714e-14  3.87589e-12
5.617071554e+00  4.0190911e-12  4.01909e-12  3.60147e-14  3.98308e-12
5.645156912e+00  4.1286381e-12  4.12864e-12  3.52219e-14  4.09342e-12
5.673382696e+00  4.2376502e-12  4.23765e-12  3.56844e-14  4.20197e-12
5.701749610e+00  4.3496859e-12  4.34969e-12  3.56800e-14  4.31401e-12
5.730258358e+00  4.4656613e-12  4.46566e-12  3.49019e-14  4.43076e-12
5.758909650e+00  4.5848460e-12  4.58485e-12  3.37524e-14  4.55109e-12
5.787704198e+00  4.7054188e-12  4.70542e-12  3.29727e-14  4.67245e-12
5.816642719e+00  4.8289524e-12  4.82895e-12  3.19581e-14  4.79699e-12
5.845725932e+00  4.9544485e-12  4.95445e-12  3.10868e-14  4.92336e-12
5.874954562e+00  5.0843385e-12  5.08434e-12  2.95542e-14  5.05478e-12
5.904329335e+00  5.2117817e-12  5.21178e-12  2.95838e-14  5.18220e-12
5.933850982e+00  5.3440170e-12  5.34402e-12  2.88233e-14  5.31519e-12
5.963520237e+00  5.4751691e-12  5.47517e-12  2.90521e-14  5.44612e-12
5.993337838e+00  5.6127484e-12  5.61275e-12  2.80961e-14  5.58465e-12
6.023304527e+00  5.7490306e-12  5.74903e-12  2.81278e-14  5.72090e-12
6.053421050e+00  5.8920931e-12  5.89209e-12  2.69989e-14  5.86509e-12
6.083688155e+00  6.0348167e-12  6.03482e-12  2.65689e-14  6.00825e-12
6.114106596e+00  6.1813843e-12  6.18138e-12  2.57889e-14  6.15560e-12
6.144677129e+00  6.3305231e-12  6.33052e-12  2.49853e-14  6.30554e-12
6.175400514e+00  6.4791581e-12  6.47916e-12  2.48221e-14  6.45434e-12
6.206277517e+00  6.6303296e-12  6.63033e-12  2.46020e-14  6.60573e-12
6.237308904e+00  6.7847554e-12  6.78476e-12  2.41895e-14  6.76057e-12
6.268495449e+00  6.9427602e-12  6.94276e-12  2.35442e-14  6.91922e-12
6.299837926e+00  7.1009123e-12  7.10091e-12  2.33238e-14  7.07759e-12
6.331337116e+00  7.2619711e-12  7.26197e-12  2.29941e-14  7.23898e-12
6.362993801e+00  7.4275370e-12  7.42754e-12  2.22932e-14  7.40524e-12
6.394808770e+00  7.5973917e-12  7.59739e-12  2.12968e-14  7.57609e-12
6.426782814e+00  7.7643955e-12  7.76440e-12  2.11722e-14  7.74322e-12
6.458916728e+00  7.9379808e-12  7.93798e-12  2.03822e-14  7.91760e-12
6.491211312e+00  8.1172652e-12  8.11727e-12  1.91255e-14  8.09814e-12
6.523667368e+00  8.2954242e-12  8.29542e-12  1.84275e-14  8.27700e-12
6.556285705e+00  8.4730743e-12  8.47307e-12  1.81480e-14  8.45493e-12
6.589067134e+00  8.6517689e-12  8.65177e-12  1.80378e-14  8.63373e-12
6.622012469e+00  8.8397483e-12  8.83975e-12  1.70141e-14  8.82273e-12
6.655122532e+00  9.0240119e-12  9.02401e-12  1.67907e-14  9.00722e-12
6.688398144e+00  9.2121017e-12  9.21210e-12  1.63783e-14  9.19572e-12
6.721840135e+00  9.4013024e-12  9.40130e-12  1.61117e-14  9.38519e-12
6.755449336e+00  9.5951017e-12  9.59510e-12  1.55811e-14  9.57952e-12
6.789226583e+00  9.7942788e-12  9.79428e-12  1.47249e-14  9.77955e-12
6.823172715e+00  9.9881393e-12  9.98814e-12  1.47096e-14  9.97343e-12
6.857288579e+00  1.0193273e-11  1.01933e-11  1.37485e-14  1.01795e-11
6.891575022e+00  1.0394677e-11  1.03947e-11  1.34244e-14  1.03813e-11
6.926032897e+00  1.0600048e-11  1.06000e-11  1.29345e-14  1.05871e-11
6.960663062e+00  1.0810484e-11  1.08105e-11  1.21896e-14  1.07983e-11
6.995466377e+00  1.1019507e-11  1.10195e-11  1.18010e-14  1.10077e-11
7.030443709e+00  1.1233227e-11  1.12332e-11  1.11972e-14  1.12220e-11
7.065595927e+00  1.1445278e-11  1.14453e-11  1.09411e-14  1.14343e-11
7.100923907e+00  1.1665300e-11  1.16653e-11  1.02000e-14  1.16551e-11
7.136428526e+00  1.1881747e-11  1.18817e-11  9.94664e-15  1.18718e-11
7.172110669e+00  1.2105460e-11  1.21055e-11  9.28812e-15  1.20962e-11
7.207971222e+00  1.2332801e-11  1.23328e-11  8.53492e-15  1.23243e-11
7.244011079e+00  1.2557459e-11  1.25575e-11  8.16112e-15  1.25493e-11
7.280231134e+00  1.2783930e-11  1.27839e-11  7.81064e-15  1.27761e-11
7.316632290e+00  1.3014872e-11  1.30149e-11  7.29435e-15  1.30076e-11
7.353215451e+00  1.3238650e-11  1.32387e-11  7.41528e-15  1.32312e-11
7.389981528e+00  1.3469739e-11  1.34697e-11  7.16304e-15  1.34626e-11
7.426931436e+00  1.3692073e-11  1.36921e-11  7.59868e-15  1.36845e-11
7.464066093e+00  1.3919832e-11  1.39198e-11  7.77786e-15  1.39121e-11
7.501386424e+00  1.4127085e-11  1.41271e-11  9.29639e-15  1.41178e-11
7.538893356e+00  1.4329177e-11  1.43292e-11  1.11357e-14  1.43180e-11
7.576587822e+00  1.4485426e-11  1.44854e-11  1.56111e-14  1.44698e-11
7.614470762e+00  1.4601553e-11  1.46016e-11  2.21881e-14  1.45794e-11
7.652543115e+00  1.4612157e-11  1.46122e-11  3.42674e-14  1.45779e-11
7.690805831e+00  1.4526064e-11  1.45261e-11  5.09383e-14  1.44751e-11
7.729259860e+00  1.4405500e-11  1.44055e-11  6.85983e-14  1.43369e-11
7.767906159e+00  1.4184589e-11  1.41846e-11  9.04743e-14  1.40941e-11
7.806745690e+00  1.3978347e-11  1.39783e-11  1.10553e-13  1.38678e-11
7.845779419e+00  1.3694348e-11  1.36943e-11  1.33375e-13  1.35610e-11
7.885008316e+00  1.3057496e-11  1.30575e-11  1.71576e-13  1.28859e-11
7.924433357e+00  1.2122315e-11  1.21223e-11  2.21487e-13  1.19008e-11
7.964055524e+00  1.1151625e-11  1.11516e-11  2.70488e-13  1.08811e-11
8.003875802e+00  1.0249363e-11  1.02494e-11  3.14066e-13  9.93530e-12
8.043895181e+00  9.1549763e-12  9.15498e-12  3.63587e-13  8.79139e-12
8.084114657e+00  7.7806113e-12  7.78061e-12  4.22189e-13  7.35842e-12
8.124535230e+00  6.3981086e-12  6.39811e-12  4.78189e-13  5.91992e-12
8.165157906e+00  5.0974120e-12  5.09741e-12  5.28159e-13  4.56925e-12
8.205983696e+00  4.5225564e-12  4.52256e-12  5.47707e-13  3.97485e-12
8.247013614e+00  4.5167283e-12  4.51673e-12  5.44807e-13  3.97192e-12
8.288248682e+00  4.8892890e-12  4.88929e-12  5.27997e-13  4.36129e-12
8.329689926e+00  5.3650964e-12  5.36510e-12  5.08094e-13  4.85700e-12
8.371338375e+00  5.7763635e-12  5.77636e-12  4.91194e-13  5.28517e-12
8.413195067e+00  6.1890319e-12  6.18903e-12  4.74858e-13  5.71417e-12
8.455261042e+00  6.5998052e-12  6.59981e-12  4.59173e-13  6.14063e-12
8.497537348e+00  7.1232499e-12  7.12325e-12  4.40372e-13  6.68288e-12
8.540025034e+00  8.0186826e-12  8.01868e-12  4.10410e-13  7.60827e-12
8.582725160e+00  1.0106413e-11  1.01064e-11  3.44484e-13  9.76193e-12
8.625638785e+00  1.2693153e-11  1.26932e-11  2.66151e-13  1.24270e-11
8.668766979e+00  1.0350753e-11  1.03508e-11  3.38095e-13  1.00127e-11
8.712110814e+00  8.8180826e-12  8.81808e-12  3.83200e-13  8.43488e-12
8.755671368e+00  8.3032312e-12  8.30323e-12  3.97210e-13  7.90602e-12
8.799449725e+00  7.7336995e-12  7.73370e-12  4.12022e-13  7.32168e-12
8.843446974e+00  6.9938135e-12  6.99381e-12  4.30727e-13  6.56309e-12
8.887664209e+00  6.2164880e-12  6.21649e-12  4.49506e-13  5.76698e-12
8.932102530e+00  5.6627671e-12  5.66277e-12  4.61510e-13  5.20126e-12
8.976763042e+00  5.3353235e-12  5.33532e-12  4.67078e-13  4.86825e-12
9.021646857e+00  4.7674343e-12  4.76743e-12  4.78300e-13  4.28913e-12
9.066755092e+00  4.2246914e-12  4.22469e-12  4.88297e-13  3.73639e-12
9.112088867e+00  3.7089643e-12  3.70896e-12  4.97089e-13  3.21188e-12
9.157649312e+00  3.2455227e-12  3.24552e-12  5.04143e-13  2.74138e-12
9.203437558e+00  2.9050877e-12  2.90509e-12  5.07927e-13  2.39716e-12
9.249454746e+00  2.8492204e-12  2.84922e-12  5.04982e-13  2.34424e-12
9.295702020e+00  3.4834958e-12  3.48350e-12  4.86733e-13  2.99676e-12
9.342180530e+00  6.3942620e-12  6.39426e-12  4.19693e-13  5.97457e-12
9.388891432e+00  1.1299550e-11  1.12995e-11  3.12782e-13  1.09868e-11
9.435835890e+00  1.4949392e-11  1.49494e-11  2.36141e-13  1.47133e-11
9.483015069e+00  1.7215368e-11  1.72154e-11  1.90692e-13  1.70247e-11
9.530430144e+00  1.8971278e-11  1.89713e-11  1.57164e-13  1.88141e-11
9.578082295e+00  2.0154840e-11  2.01548e-11  1.36118e-13  2.00187e-11
9.625972707e+00  2.0864622e-11  2.08646e-11  1.24960e-13  2.07397e-11
9.674102570e+00  2.1551780e-11  2.15518e-11  1.14610e-13  2.14372e-11
9.722473083e+00  2.2282060e-11  2.22821e-11  1.03812e-13  2.21782e-11
9.771085448e+00  2.2876407e-11  2.28764e-11  9.58529e-14  2.27806e-11
9.819940876e+00  2.3417302e-11  2.34173e-11  8.91077e-14  2.33282e-11
9.869040580e+00  2.3941542e-11  2.39415e-11  8.28689e-14  2.38587e-11
9.918385783e+00  2.4362506e-11  2.43625e-11  7.86002e-14  2.42839e-11
9.967977712e+00  2.4812612e-11  2.48126e-11  7.39626e-14  2.47386e-11
1.001781760e+01  2.5269048e-11  2.52690e-11  6.93561e-14  2.51997e-11
1.006790669e+01  2.5672169e-11  2.56722e-11  6.57507e-14  2.56064e-11
1.011824622e+01  2.6073488e-11  2.60735e-11  6.22720e-14  2.60112e-11
1.016883745e+01  2.6436813e-11  2.64368e-11  5.94819e-14  2.63773e-11
1.021968164e+01  2.6809368e-11  2.68094e-11  5.66180e-14  2.67527e-11
1.027078005e+01  2.7165250e-11  2.71652e-11  5.40766e-14  2.71112e-11
1.032213395e+01  2.7552190e-11  2.75522e-11  5.11330e-14  2.75011e-11
1.037374462e+01  2.7884340e-11  2.78843e-11  4.90617e-14  2.78353e-11
1.042561334e+01  2.8183217e-11  2.81832e-11  4.75096e-14  2.81357e-11
1.047774141e+01  2.8473919e-11  2.84739e-11  4.60968e-14  2.84278e-11
1.053013012e+01  2.8805741e-11  2.88057e-11  4.41336e-14  2.87616e-11
1.058278077e+01  2.9088012e-11  2.90880e-11  4.28824e-14  2.90451e-11
1.063569467e+01  2.9371115e-11  2.93711e-11  4.16335e-14  2.93295e-11
1.068887314e+01  2.9627248e-11  2.96272e-11  4.07524e-14  2.95865e-11
1.074231751e+01  2.9923457e-11  2.99235e-11  3.93536e-14  2.98841e-11
1.079602910e+01  3.0202577e-11  3.02026e-11  3.81899e-14  3.01644e-11
1.085000924e+01  3.0499200e-11  3.04992e-11  3.68173e-14  3.04624e-11
1.090425929e+01  3.0720851e-11  3.07209e-11  3.63834e-14  3.06845e-11
1.095878058e+01  3.1031071e-11  3.10311e-11  3.48638e-14  3.09962e-11
1.101357449e+01  3.1303164e-11  3.13032e-11  3.38192e-14  3.12693e-11
1.106864236e+01  3.1563131e-11  3.15631e-11  3.29222e-14  3.15302e-11
1.112398557e+01  3.1883218e-11  3.18832e-11  3.13334e-14  3.18519e-11
1.117960550e+01  3.2160267e-11  3.21603e-11  3.02555e-14  3.21300e-11
1.123550353e+01  3.2440520e-11  3.24405e-11  2.91486e-14  3.24114e-11
1.129168104e+01  3.2719825e-11  3.27198e-11  2.80596e-14  3.26918e-11
1.134813945e+01  3.2962666e-11  3.29627e-11  2.73718e-14  3.29353e-11
1.140488015e+01  3.3176100e-11  3.31761e-11  2.69914e-14  3.31491e-11
1.146190455e+01  3.3479745e-11  3.34797e-11  2.56508e-14  3.34541e-11
1.151921407e+01  3.3740747e-11  3.37407e-11  2.47646e-14  3.37160e-11
1.157681014e+01  3.4047548e-11  3.40475e-11  2.34139e-14  3.40241e-11
1.163469419e+01  3.4311527e-11  3.43115e-11  2.25063e-14  3.42890e-11
1.169286766e+01  3.4566126e-11  3.45661e-11  2.16925e-14  3.45444e-11
1.175133200e+01  3.4807136e-11  3.48071e-11  2.10093e-14  3.47861e-11
1.181008866e+01  3.5136677e-11  3.51367e-11  1.94744e-14  3.51172e-11
1.186913910e+01  3.5478449e-11  3.54784e-11  1.78443e-14  3.54606e-11
1.192848480e+01  3.5669190e-11  3.56692e-11  1.76388e-14  3.56516e-11
1.198812722e+01  3.5991602e-11  3.59916e-11  1.62103e-14  3.59754e-11
1.204806786e+01  3.6326249e-11  3.63262e-11  1.46885e-14  3.63116e-11
1.210830820e+01  3.6706174e-11  3.67062e-11  1.27841e-14  3.66934e-11
1.216884974e+01  3.7126696e-11  3.71267e-11  1.05549e-14  3.71161e-11
1.222969399e+01  3.7554749e-11  3.75547e-11  8.30060e-15  3.75464e-11
1.229084246e+01  3.7460840e-11  3.74608e-11  1.05270e-14  3.74503e-11
1.235229667e+01  3.5609131e-11  3.56091e-11  2.74103e-14  3.55817e-11
1.241405815e+01  3.2548056e-11  3.25481e-11  5.37984e-14  3.24943e-11
1.247612845e+01  3.1476514e-11  3.14765e-11  6.32041e-14  3.14133e-11
1.253850909e+01  3.2041600e-11  3.20416e-11  5.91609e-14  3.19824e-11
1.260120163e+01  3.3316045e-11  3.33160e-11  4.95748e-14  3.32665e-11
1.266420764e+01  3.3711005e-11  3.37110e-11  4.71030e-14  3.36639e-11
1.272752868e+01  3.2744716e-11  3.27447e-11  5.51764e-14  3.26895e-11
1.279116632e+01  3.2487705e-11  3.24877e-11  5.76067e-14  3.24301e-11
1.285512215e+01  3.3289349e-11  3.32893e-11  5.19944e-14  3.32374e-11
1.291939776e+01  3.4587693e-11  3.45877e-11  4.28245e-14  3.45449e-11
1.298399475e+01  3.5572542e-11  3.55725e-11  3.61641e-14  3.55364e-11
1.304891473e+01  3.6222652e-11  3.62227e-11  3.20701e-14  3.61906e-11
1.311415930e+01  3.6696992e-11  3.66970e-11  2.93112e-14  3.66677e-11
1.317973010e+01  3.7093982e-11  3.70940e-11  2.71447e-14  3.70668e-11
1.324562875e+01  3.7462513e-11  3.74625e-11  2.52091e-14  3.74373e-11
1.331185689e+01  3.7743259e-11  3.77433e-11  2.39022e-14  3.77194e-11
1.337841618e+01  3.7998975e-11  3.79990e-11  2.27760e-14  3.79762e-11
1.344530826e+01  3.8248761e-11  3.82488e-11  2.16965e-14  3.82271e-11
1.351253480e+01  3.8427202e-11  3.84272e-11  2.10933e-14  3.84061e-11
1.358009747e+01  3.8547304e-11  3.85473e-11  2.08641e-14  3.85264e-11
1.364799796e+01  3.8739187e-11  3.87392e-11  2.01585e-14  3.87190e-11
1.371623795e+01  3.8968444e-11  3.89684e-11  1.92126e-14  3.89492e-11
1.378481914e+01  3.9135374e-11  3.91354e-11  1.86607e-14  3.91167e-11
1.385374323e+01  3.9343935e-11  3.93439e-11  1.78445e-14  3.93261e-11
1.392301195e+01  3.9531770e-11  3.95318e-11  1.71553e-14  3.95146e-11
1.399262701e+01  3.9693222e-11  3.96932e-11  1.66230e-14  3.96766e-11
1.406259015e+01  3.9923671e-11  3.99237e-11  1.56722e-14  3.99080e-11
1.413290310e+01  4.0137559e-11  4.01376e-11  1.48229e-14  4.01227e-11
1.420356761e+01  4.0378527e-11  4.03785e-11  1.38173e-14  4.03647e-11
1.427458545e+01  4.0572630e-11  4.05726e-11  1.30872e-14  4.05595e-11
1.434595838e+01  4.0000595e-11  4.00006e-11  1.67207e-14  3.99839e-11
1.441768817e+01  3.9341159e-11  3.93412e-11  2.07441e-14  3.93204e-11
1.448977661e+01  3.9636204e-11  3.96362e-11  1.93447e-14  3.96169e-11
1.456222549e+01  3.9934099e-11  3.99341e-11  1.79439e-14  3.99162e-11
1.463503662e+01  4.0138412e-11  4.01384e-11  1.70665e-14  4.01213e-11
1.470821180e+01  4.0336126e-11  4.03361e-11  1.62274e-14  4.03199e-11
1.478175286e+01  4.0564775e-11  4.05648e-11  1.52258e-14  4.05495e-11
1.485566163e+01  4.0621992e-11  4.06220e-11  1.51312e-14  4.06069e-11
1.492993994e+01  4.0739235e-11  4.07392e-11  1.47102e-14  4.07245e-11
1.500458964e+01  4.0970637e-11  4.09706e-11  1.36955e-14  4.09569e-11
1.507961258e+01  4.1121942e-11  4.11219e-11  1.30944e-14  4.11088e-11
1.515501065e+01  4.1264625e-11  4.12646e-11  1.25342e-14  4.12521e-11
1.523078570e+01  4.1274835e-11  4.12748e-11  1.26297e-14  4.12622e-11
1.530693963e+01  4.1384291e-11  4.13843e-11  1.22195e-14  4.13721e-11
1.538347433e+01  4.1451339e-11  4.14513e-11  1.20097e-14  4.14393e-11
1.546039170e+01  4.1486777e-11  4.14868e-11  1.19417e-14  4.14748e-11
1.553769366e+01  4.1573302e-11  4.15733e-11  1.16172e-14  4.15617e-11
1.561538212e+01  4.1687412e-11  4.16874e-11  1.11551e-14  4.16763e-11
1.569345903e+01  4.1846306e-11  4.18463e-11  1.04796e-14  4.18358e-11
1.577192633e+01  4.1909982e-11  4.19100e-11  1.02439e-14  4.18997e-11
1.585078596e+01  4.1964806e-11  4.19648e-11  1.00398e-14  4.19548e-11
1.593003989e+01  4.1984813e-11  4.19848e-11  9.98392e-15  4.19748e-11
1.600969009e+01  4.2035538e-11  4.20355e-11  9.77839e-15  4.20258e-11
1.608973854e+01  4.2143045e-11  4.21430e-11  9.31230e-15  4.21337e-11
1.617018723e+01  4.2272179e-11  4.22722e-11  8.74783e-15  4.22634e-11
1.625103817e+01  4.2339635e-11  4.23396e-11  8.44990e-15  4.23312e-11
1.633229336e+01  4.2276077e-11  4.22761e-11  8.70886e-15  4.22674e-11
1.641395483e+01  4.2197872e-11  4.21979e-11  9.01281e-15  4.21889e-11
1.649602460e+01  4.2318671e-11  4.23187e-11  8.45972e-15  4.23102e-11
1.657850473e+01  4.2474407e-11  4.24744e-11  7.75968e-15  4.24666e-11
1.666139725e+01  4.2557791e-11  4.25578e-11  7.36065e-15  4.25504e-11
1.674470424e+01  4.2624434e-11  4.26244e-11  7.02638e-15  4.26174e-11
1.682842776e+01  4.2629292e-11  4.26293e-11  6.93779e-15  4.26224e-11
1.691256990e+01  4.2591363e-11  4.25914e-11  7.01165e-15  4.25844e-11
1.699713274e+01  4.2669634e-11  4.26696e-11  6.61087e-15  4.26630e-11
1.708211841e+01  4.2701165e-11  4.27012e-11  6.39109e-15  4.26948e-11
1.716752900e+01  4.2818405e-11  4.28184e-11  5.83022e-15  4.28126e-11
1.725336665e+01  4.2815658e-11  4.28157e-11  5.73352e-15  4.28099e-11
1.733963348e+01  4.2860225e-11  4.28602e-11  5.44709e-15  4.28548e-11
1.742633165e+01  4.2919432e-11  4.29194e-11  5.10030e-15  4.29143e-11
1.751346330e+01  4.2908641e-11  4.29086e-11  5.01337e-15  4.29036e-11
1.760103062e+01  4.2840736e-11  4.28407e-11  5.13131e-15  4.28356e-11
1.768903577e+01  4.2717588e-11  4.27176e-11  5.44173e-15  4.27121e-11
1.777748095e+01  4.2412166e-11  4.24122e-11  6.40475e-15  4.24058e-11
1.786636836e+01  4.1764384e-11  4.17644e-11  8.58399e-15  4.17558e-11
1.795570020e+01  3.9913456e-11  3.99135e-11  1.50437e-14  3.98984e-11
1.804547870e+01  3.8020085e-11  3.80201e-11  2.15323e-14  3.79986e-11
1.813570609e+01  3.5835116e-11  3.58351e-11  2.89294e-14  3.58062e-11
1.822638462e+01  3.4821672e-11  3.48217e-11  3.20843e-14  3.47896e-11
1.831751655e+01  3.4948718e-11  3.49487e-11  3.12141e-14  3.49175e-11
1.840910413e+01  3.5611542e-11  3.56115e-11  2.85050e-14  3.55830e-11
1.850114965e+01  3.6373239e-11  3.63732e-11  2.54957e-14  3.63477e-11
1.859365540e+01  3.7357746e-11  3.73577e-11  2.17746e-14  3.73360e-11
1.868662368e+01  3.8059382e-11  3.80594e-11  1.90576e-14  3.80403e-11
1.878005679e+01  3.8761585e-11  3.87616e-11  1.63762e-14  3.87452e-11
1.887395708e+01  3.9270326e-11  3.92703e-11  1.43702e-14  3.92560e-11
1.896832686e+01  3.9370035e-11  3.93700e-11  1.37291e-14  3.93563e-11
1.906316850e+01  3.9294329e-11  3.92943e-11  1.36607e-14  3.92807e-11
1.915848434e+01  3.8724421e-11  3.87244e-11  1.51780e-14  3.87092e-11
1.925427676e+01  3.7621918e-11  3.76219e-11  1.83649e-14  3.76036e-11
1.935054815e+01  3.5635012e-11  3.56350e-11  2.42962e-14  3.56107e-11
1.944730089e+01  3.2325549e-11  3.23255e-11  3.42831e-14  3.22913e-11
1.954453739e+01  2.8311803e-11  2.83118e-11  4.63005e-14  2.82655e-11
1.964226008e+01  2.2546475e-11  2.25465e-11  6.35400e-14  2.24829e-11
1.974047138e+01  1.6246393e-11  1.62464e-11  8.21430e-14  1.61643e-11
1.983917374e+01  1.3213710e-11  1.32137e-11  9.04974e-14  1.31232e-11
1.993836960e+01  1.1469157e-11  1.14692e-11  9.48223e-14  1.13743e-11
2.003806145e+01  1.0125392e-11  1.01254e-11  9.78717e-14  1.00275e-11
2.013825176e+01  9.1305507e-12  9.13055e-12  9.98292e-14  9.03072e-12
2.023894302e+01  8.2504454e-12  8.25045e-12  1.01411e-13  8.14903e-12
2.034013773e+01  7.7125366e-12  7.71254e-12  1.01960e-13  7.61058e-12
2.044183842e+01  7.4661691e-12  7.46617e-12  1.01646e-13  7.36452e-12
2.054404761e+01  7.3171100e-12  7.31711e-12  1.01050e-13  7.21606e-12
2.064676785e+01  7.4967732e-12  7.49677e-12  9.95140e-14  7.39726e-12
2.075000169e+01  7.7424822e-12  7.74248e-12  9.78072e-14  7.64467e-12
2.085375170e+01  7.9879439e-12  7.98794e-12  9.61204e-14  7.89182e-12
2.095802046e+01  8.4137818e-12  8.41378e-12  9.39471e-14  8.31983e-12
2.106281056e+01  9.1930555e-12  9.19306e-12  9.08164e-14  9.10224e-12
2.116812461e+01  1.0039700e-11  1.00397e-11  8.75395e-14  9.95216e-12
2.127396524e+01  1.1236227e-11  1.12362e-11  8.33449e-14  1.11529e-11
2.138033506e+01  1.2329309e-11  1.23293e-11  7.94866e-14  1.22498e-11
2.148723674e+01  1.3513688e-11  1.35137e-11  7.54314e-14  1.34383e-11
2.159467292e+01  1.4928958e-11  1.49290e-11  7.08086e-14  1.48581e-11
2.170264629e+01  1.6382040e-11  1.63820e-11  6.61452e-14  1.63159e-11
2.181115952e+01  1.7419622e-11  1.74196e-11  6.26421e-14  1.73570e-11
2.192021532e+01  1.8037544e-11  1.80375e-11  6.02863e-14  1.79773e-11
2.202981639e+01  1.8694737e-11  1.86947e-11  5.78561e-14  1.86369e-11
2.213996547e+01  2.0272126e-11  2.02721e-11  5.30692e-14  2.02191e-11
2.225066530e+01  2.2783145e-11  2.27831e-11  4.59390e-14  2.27372e-11
2.236191863e+01  2.5466738e-11  2.54667e-11  3.84597e-14  2.54283e-11
2.247372822e+01  2.7629788e-11  2.76298e-11  3.23997e-14  2.75974e-11
2.258609686e+01  2.9080996e-11  2.90810e-11  2.82134e-14  2.90528e-11
2.269902735e+01  3.0087967e-11  3.00880e-11  2.51930e-14  3.00628e-11
2.281252248e+01  3.0943156e-11  3.09432e-11  2.25870e-14  3.09206e-11
2.292658510e+01  3.1462815e-11  3.14628e-11  2.08421e-14  3.14420e-11
2.304121802e+01  3.1766605e-11  3.17666e-11  1.96474e-14  3.17470e-11
2.315642411e+01  3.1943495e-11  3.19435e-11  1.87751e-14  3.19247e-11
2.327220623e+01  3.2301250e-11  3.23012e-11  1.74721e-14  3.22838e-11
2.338856726e+01  3.2527375e-11  3.25274e-11  1.65003e-14  3.25109e-11
2.350551010e+01  3.2515086e-11  3.25151e-11  1.61093e-14  3.24990e-11
2.362303765e+01  3.2907351e-11  3.29074e-11  1.47574e-14  3.28926e-11
2.374115284e+01  3.3466356e-11  3.34664e-11  1.30254e-14  3.34533e-11
2.385985860e+01  3.3733881e-11  3.37339e-11  1.19977e-14  3.37219e-11
2.397915789e+01  3.3450716e-11  3.34507e-11  1.22670e-14  3.34384e-11
2.409905368e+01  3.3425224e-11  3.34252e-11  1.19322e-14  3.34133e-11
2.421954895e+01  3.3734424e-11  3.37344e-11  1.08268e-14  3.37236e-11
2.434064670e+01  3.4103480e-11  3.41035e-11  9.59537e-15  3.40939e-11
2.446234993e+01  3.5048534e-11  3.50485e-11  7.06338e-15  3.50415e-11
2.458466168e+01  3.5587107e-11  3.55871e-11  5.48091e-15  3.55816e-11
2.470758499e+01  3.5410020e-11  3.54100e-11  5.52747e-15  3.54045e-11
2.483112291e+01  3.5276475e-11  3.52765e-11  5.47400e-15  3.52710e-11
2.495527853e+01  3.5142129e-11  3.51421e-11  5.42104e-15  3.51367e-11
