# ------------------------------------------------------------------------
# Radiance spectrum
# NASA-GSFC Planetary Spectrum Generator (PSG) (Villanueva et al. 2018, 2022)
# Synthesized on Wed Feb 14 19:27:30 2024
# Doppler velocities [km/s] (vobs,vrot+vorb,vwidth,vrfl,vstr): 0.00000,-0.00000,0.00000,-119.41115,-0.00000
# Spectral unit: Wavelength [um]
# Radiance unit: Spectral irradiance [W/m2/um]
# Wave/freq Total Object Reflected Thermal
5.000000000e-01  4.1240598e-12  4.12406e-12  4.12406e-12  9.32375e-47
5.025000000e-01  4.1762653e-12  4.17627e-12  4.17627e-12  1.46639e-46
5.050125000e-01  4.2010022e-12  4.20100e-12  4.20100e-12  2.31920e-46
5.075375625e-01  4.2987426e-12  4.29874e-12  4.29874e-12  3.58338e-46
5.100752503e-01  4.3971605e-12  4.39716e-12  4.39716e-12  5.52285e-46
5.126256266e-01  4.4765339e-12  4.47653e-12  4.47653e-12  8.53986e-46
5.151887547e-01  4.5558502e-12  4.55585e-12  4.55585e-12  1.31756e-45
5.177646985e-01  4.6242784e-12  4.62428e-12  4.62428e-12  2.03468e-45
5.203535220e-01  4.6927987e-12  4.69280e-12  4.69280e-12  3.13502e-45
5.229552896e-01  4.7595056e-12  4.75951e-12  4.75951e-12  4.82220e-45
5.255700660e-01  4.8279755e-12  4.82798e-12  4.82798e-12  7.39716e-45
5.281979164e-01  4.9020810e-12  4.90208e-12  4.90208e-12  1.13036e-44
5.308389059e-01  4.9723422e-12  4.97234e-12  4.97234e-12  1.72541e-44
5.334931005e-01  5.0336219e-12  5.03362e-12  5.03362e-12  2.63475e-44
5.361605660e-01  5.0919315e-12  5.09193e-12  5.09193e-12  4.01793e-44
5.388413688e-01  5.1462317e-12  5.14623e-12  5.14623e-12  6.12079e-44
5.415355756e-01  5.1981549e-12  5.19815e-12  5.19815e-12  9.30999e-44
5.442432535e-01  5.2484251e-12  5.24843e-12  5.24843e-12  1.41364e-43
5.469644698e-01  5.3024881e-12  5.30249e-12  5.30249e-12  2.13949e-43
5.496992921e-01  5.3581955e-12  5.35820e-12  5.35820e-12  3.22950e-43
5.524477886e-01  5.4252991e-12  5.42530e-12  5.42530e-12  4.84885e-43
5.552100275e-01  5.4937140e-12  5.49371e-12  5.49371e-12  7.26193e-43
5.579860777e-01  5.5572406e-12  5.55724e-12  5.55724e-12  1.08675e-42
5.607760081e-01  5.6169508e-12  5.61695e-12  5.61695e-12  1.62459e-42
5.635798881e-01  5.6663463e-12  5.66635e-12  5.66635e-12  2.43040e-42
5.663977875e-01  5.7228533e-12  5.72285e-12  5.72285e-12  3.62099e-42
5.692297765e-01  5.7868092e-12  5.78681e-12  5.78681e-12  5.37237e-42
5.720759254e-01  5.8415859e-12  5.84159e-12  5.84159e-12  7.97422e-42
5.749363050e-01  5.8928977e-12  5.89290e-12  5.89290e-12  1.18225e-41
5.778109865e-01  5.9492206e-12  5.94922e-12  5.94922e-12  1.74671e-41
5.807000414e-01  6.0028130e-12  6.00281e-12  6.00281e-12  2.57720e-41
5.836035417e-01  6.0471832e-12  6.04718e-12  6.04718e-12  3.80415e-41
5.865215594e-01  6.0959694e-12  6.09597e-12  6.09597e-12  5.59678e-41
5.894541672e-01  6.1490584e-12  6.14906e-12  6.14906e-12  8.20760e-41
5.924014380e-01  6.1984833e-12  6.19848e-12  6.19848e-12  1.20233e-40
5.953634452e-01  6.2484675e-12  6.24847e-12  6.24847e-12  1.75741e-40
5.983402624e-01  6.3102815e-12  6.31028e-12  6.31028e-12  2.55544e-40
6.013319637e-01  6.3658232e-12  6.36582e-12  6.36582e-12  3.71449e-40
6.043386235e-01  6.4134441e-12  6.41344e-12  6.41344e-12  5.39967e-40
6.073603167e-01  6.4686639e-12  6.46866e-12  6.46866e-12  7.81771e-40
6.103971182e-01  6.5253298e-12  6.52533e-12  6.52533e-12  1.12915e-39
6.134491038e-01  6.5784894e-12  6.57849e-12  6.57849e-12  1.62913e-39
6.165163494e-01  6.6344306e-12  6.63443e-12  6.63443e-12  2.34407e-39
6.195989311e-01  6.6932995e-12  6.69330e-12  6.69330e-12  3.36345e-39
6.226969258e-01  6.7528212e-12  6.75282e-12  6.75282e-12  4.81573e-39
6.258104104e-01  6.8127877e-12  6.81279e-12  6.81279e-12  6.88064e-39
6.289394624e-01  6.8741566e-12  6.87416e-12  6.87416e-12  9.80791e-39
6.320841597e-01  6.9341618e-12  6.93416e-12  6.93416e-12  1.39581e-38
6.352445805e-01  6.9927752e-12  6.99278e-12  6.99278e-12  1.98329e-38
6.384208035e-01  7.0429475e-12  7.04295e-12  7.04295e-12  2.81886e-38
6.416129075e-01  7.0927995e-12  7.09280e-12  7.09280e-12  3.99901e-38
6.448209720e-01  7.1423230e-12  7.14232e-12  7.14232e-12  5.66274e-38
6.480450769e-01  7.1923871e-12  7.19239e-12  7.19239e-12  8.00201e-38
6.512853022e-01  7.2376020e-12  7.23760e-12  7.23760e-12  1.13004e-37
6.545417288e-01  7.2754665e-12  7.27547e-12  7.27547e-12  1.59588e-37
6.578144374e-01  7.3323148e-12  7.33231e-12  7.33231e-12  2.23817e-37
6.611035096e-01  7.3859735e-12  7.38597e-12  7.38597e-12  3.13564e-37
6.644090271e-01  7.4273234e-12  7.42732e-12  7.42732e-12  4.39897e-37
6.677310723e-01  7.4790406e-12  7.47904e-12  7.47904e-12  6.14272e-37
6.710697276e-01  7.5296183e-12  7.52962e-12  7.52962e-12  8.56411e-37
6.744250763e-01  7.5728030e-12  7.57280e-12  7.57280e-12  1.19410e-36
6.777972017e-01  7.6227333e-12  7.62273e-12  7.62273e-12  1.65886e-36
6.811861877e-01  7.6686306e-12  7.66863e-12  7.66863e-12  2.30268e-36
6.845921186e-01  7.7042535e-12  7.70425e-12  7.70425e-12  3.19916e-36
6.880150792e-01  7.7498610e-12  7.74986e-12  7.74986e-12  4.42470e-36
6.914551546e-01  7.7890425e-12  7.78904e-12  7.78904e-12  6.11888e-36
6.949124304e-01  7.8175564e-12  7.81756e-12  7.81756e-12  8.47017e-36
6.983869925e-01  7.8525067e-12  7.85251e-12  7.85251e-12  1.16836e-35
7.018789275e-01  7.8869590e-12  7.88696e-12  7.88696e-12  1.60888e-35
7.053883221e-01  7.9191531e-12  7.91915e-12  7.91915e-12  2.21280e-35
7.089152637e-01  7.9380302e-12  7.93803e-12  7.93803e-12  3.04859e-35
7.124598400e-01  7.9666741e-12  7.96667e-12  7.96667e-12  4.18172e-35
7.160221392e-01  7.9977339e-12  7.99773e-12  7.99773e-12  5.72210e-35
7.196022499e-01  8.0237686e-12  8.02377e-12  8.02377e-12  7.82622e-35
7.232002612e-01  8.0303599e-12  8.03036e-12  8.03036e-12  1.07392e-34
7.268162625e-01  8.0330776e-12  8.03308e-12  8.03308e-12  1.47245e-34
7.304503438e-01  8.0348845e-12  8.03488e-12  8.03488e-12  2.01567e-34
7.341025955e-01  8.0421297e-12  8.04213e-12  8.04213e-12  2.75052e-34
7.377731085e-01  8.0351709e-12  8.03517e-12  8.03517e-12  3.76005e-34
7.414619740e-01  8.0229384e-12  8.02294e-12  8.02294e-12  5.13754e-34
7.451692839e-01  8.0089037e-12  8.00890e-12  8.00890e-12  7.00997e-34
7.488951303e-01  7.9739602e-12  7.97396e-12  7.97396e-12  9.59614e-34
7.526396060e-01  7.9322809e-12  7.93228e-12  7.93228e-12  1.31322e-33
7.564028040e-01  7.8900326e-12  7.89003e-12  7.89003e-12  1.79386e-33
7.601848180e-01  7.8497847e-12  7.84978e-12  7.84978e-12  2.44455e-33
7.639857421e-01  7.7651089e-12  7.76511e-12  7.76511e-12  3.35864e-33
7.678056708e-01  7.6868334e-12  7.68683e-12  7.68683e-12  4.59764e-33
7.716446992e-01  7.6035151e-12  7.60352e-12  7.60352e-12  6.28705e-33
7.755029227e-01  7.5097569e-12  7.50976e-12  7.50976e-12  8.59764e-33
7.793804373e-01  7.4130228e-12  7.41302e-12  7.41302e-12  1.17386e-32
7.832773395e-01  7.2838020e-12  7.28380e-12  7.28380e-12  1.60963e-32
7.871937262e-01  7.1595484e-12  7.15955e-12  7.15955e-12  2.19957e-32
7.911296948e-01  7.0377270e-12  7.03773e-12  7.03773e-12  2.99730e-32
7.950853433e-01  6.8993523e-12  6.89935e-12  6.89935e-12  4.08748e-32
7.990607700e-01  6.7610922e-12  6.76109e-12  6.76109e-12  5.56083e-32
8.030560739e-01  6.6055144e-12  6.60551e-12  6.60551e-12  7.57048e-32
8.070713542e-01  6.4531798e-12  6.45318e-12  6.45318e-12  1.02759e-31
8.111067110e-01  6.2999148e-12  6.29991e-12  6.29991e-12  1.39181e-31
8.151622446e-01  6.1236266e-12  6.12363e-12  6.12363e-12  1.88775e-31
8.192380558e-01  5.9638498e-12  5.96385e-12  5.96385e-12  2.54775e-31
8.233342461e-01  5.8085898e-12  5.80859e-12  5.80859e-12  3.42862e-31
8.274509173e-01  5.6542796e-12  5.65428e-12  5.65428e-12  4.60366e-31
8.315881719e-01  5.4993346e-12  5.49933e-12  5.49933e-12  6.16924e-31
8.357461127e-01  5.3462842e-12  5.34628e-12  5.34628e-12  8.24833e-31
8.399248433e-01  5.2071585e-12  5.20716e-12  5.20716e-12  1.09854e-30
8.441244675e-01  5.0560166e-12  5.05602e-12  5.05602e-12  1.46272e-30
8.483450899e-01  4.9160056e-12  4.91601e-12  4.91601e-12  1.94111e-30
8.525868153e-01  4.7837948e-12  4.78379e-12  4.78379e-12  2.56872e-30
8.568497494e-01  4.6561686e-12  4.65617e-12  4.65617e-12  3.39139e-30
8.611339981e-01  4.5402965e-12  4.54030e-12  4.54030e-12  4.46337e-30
8.654396681e-01  4.4467352e-12  4.44674e-12  4.44674e-12  5.84849e-30
8.697668665e-01  4.3058713e-12  4.30587e-12  4.30587e-12  7.69595e-30
8.741157008e-01  4.2139268e-12  4.21393e-12  4.21393e-12  1.00508e-29
8.784862793e-01  4.1287159e-12  4.12872e-12  4.12872e-12  1.30959e-29
8.828787107e-01  4.0431153e-12  4.04312e-12  4.04312e-12  1.70392e-29
8.872931042e-01  3.9684196e-12  3.96842e-12  3.96842e-12  2.21094e-29
8.917295698e-01  3.9087773e-12  3.90878e-12  3.90878e-12  2.85973e-29
8.961882176e-01  3.8569308e-12  3.85693e-12  3.85693e-12  3.69043e-29
9.006691587e-01  3.8097560e-12  3.80976e-12  3.80976e-12  4.75336e-29
9.051725045e-01  3.7792798e-12  3.77928e-12  3.77928e-12  6.10246e-29
9.096983670e-01  3.7618650e-12  3.76187e-12  3.76187e-12  7.81236e-29
9.142468589e-01  3.7521230e-12  3.75212e-12  3.75212e-12  9.97942e-29
9.188180931e-01  3.7357905e-12  3.73579e-12  3.73579e-12  1.27404e-28
9.234121836e-01  3.7395047e-12  3.73950e-12  3.73950e-12  1.62070e-28
9.280292445e-01  3.7553650e-12  3.75536e-12  3.75536e-12  2.05615e-28
9.326693908e-01  3.7738604e-12  3.77386e-12  3.77386e-12  2.60441e-28
9.373327377e-01  3.8062124e-12  3.80621e-12  3.80621e-12  3.28933e-28
9.420194014e-01  3.8571252e-12  3.85713e-12  3.85713e-12  4.14004e-28
9.467294984e-01  3.9162105e-12  3.91621e-12  3.91621e-12  5.19890e-28
9.514631459e-01  3.9860534e-12  3.98605e-12  3.98605e-12  6.51159e-28
9.562204616e-01  4.0720867e-12  4.07209e-12  4.07209e-12  8.12896e-28
9.610015639e-01  4.1600903e-12  4.16009e-12  4.16009e-12  1.01315e-27
9.658065718e-01  4.2730036e-12  4.27300e-12  4.27300e-12  1.25712e-27
9.706356046e-01  4.3885418e-12  4.38854e-12  4.38854e-12  1.55702e-27
9.754887826e-01  4.5165843e-12  4.51658e-12  4.51658e-12  1.92252e-27
9.803662265e-01  4.6522445e-12  4.65224e-12  4.65224e-12  2.36776e-27
9.852680577e-01  4.8074562e-12  4.80746e-12  4.80746e-12  2.90390e-27
9.901943980e-01  4.9750899e-12  4.97509e-12  4.97509e-12  3.54926e-27
9.951453700e-01  5.1409021e-12  5.14090e-12  5.14090e-12  4.33114e-27
1.000121097e+00  5.3085646e-12  5.30856e-12  5.30856e-12  5.27403e-27
1.005121702e+00  5.4936457e-12  5.49365e-12  5.49365e-12  6.39349e-27
1.010147311e+00  5.6819330e-12  5.68193e-12  5.68193e-12  7.73052e-27
1.015198047e+00  5.8955514e-12  5.89555e-12  5.89555e-12  9.28962e-27
1.020274038e+00  6.0644019e-12  6.06440e-12  6.06440e-12  1.12162e-26
1.025375408e+00  6.2556964e-12  6.25570e-12  6.25570e-12  1.34627e-26
1.030502285e+00  6.4362653e-12  6.43627e-12  6.43627e-12  1.61495e-26
1.035654796e+00  6.6292505e-12  6.62925e-12  6.62925e-12  1.92824e-26
1.040833070e+00  6.7927802e-12  6.79278e-12  6.79278e-12  2.30882e-26
1.046037236e+00  6.9569283e-12  6.95693e-12  6.95693e-12  2.75758e-26
1.051267422e+00  7.1075102e-12  7.10751e-12  7.10751e-12  3.29431e-26
1.056523759e+00  7.2550849e-12  7.25508e-12  7.25508e-12  3.92855e-26
1.061806378e+00  7.3875959e-12  7.38760e-12  7.38760e-12  4.68860e-26
1.067115410e+00  7.5106445e-12  7.51064e-12  7.51064e-12  5.59451e-26
1.072450987e+00  7.6231894e-12  7.62319e-12  7.62319e-12  6.67651e-26
1.077813242e+00  7.7202492e-12  7.72025e-12  7.72025e-12  7.97958e-26
1.083202308e+00  7.8084801e-12  7.80848e-12  7.80848e-12  9.53824e-26
1.088618319e+00  7.8867338e-12  7.88673e-12  7.88673e-12  1.14076e-25
1.094061411e+00  7.9486414e-12  7.94864e-12  7.94864e-12  1.36749e-25
1.099531718e+00  8.0054600e-12  8.00546e-12  8.00546e-12  1.63870e-25
1.105029377e+00  8.0440748e-12  8.04407e-12  8.04407e-12  1.96996e-25
1.110554523e+00  8.0994495e-12  8.09945e-12  8.09945e-12  2.35410e-25
1.116107296e+00  8.1235040e-12  8.12350e-12  8.12350e-12  2.83274e-25
1.121687832e+00  8.1560683e-12  8.15607e-12  8.15607e-12  3.39607e-25
1.127296272e+00  8.1712857e-12  8.17129e-12  8.17129e-12  4.08555e-25
1.132932753e+00  8.1691690e-12  8.16917e-12  8.16917e-12  4.93296e-25
1.138597417e+00  8.1781869e-12  8.17819e-12  8.17819e-12  5.93011e-25
1.144290404e+00  8.1853412e-12  8.18534e-12  8.18534e-12  7.12380e-25
1.150011856e+00  8.1963275e-12  8.19633e-12  8.19633e-12  8.53757e-25
1.155761915e+00  8.1870578e-12  8.18706e-12  8.18706e-12  1.02807e-24
1.161540725e+00  8.1852622e-12  8.18526e-12  8.18526e-12  1.23379e-24
1.167348428e+00  8.1917969e-12  8.19180e-12  8.19180e-12  1.47523e-24
1.173185171e+00  8.1763200e-12  8.17632e-12  8.17632e-12  1.77361e-24
1.179051096e+00  8.1650882e-12  8.16509e-12  8.16509e-12  2.12721e-24
1.184946352e+00  8.1822266e-12  8.18223e-12  8.18223e-12  2.52615e-24
1.190871084e+00  8.1763458e-12  8.17635e-12  8.17635e-12  3.01775e-24
1.196825439e+00  8.1667984e-12  8.16680e-12  8.16680e-12  3.60506e-24
1.202809566e+00  8.1432295e-12  8.14323e-12  8.14323e-12  4.32108e-24
1.208823614e+00  8.1341386e-12  8.13414e-12  8.13414e-12  5.14993e-24
1.214867732e+00  8.1200899e-12  8.12009e-12  8.12009e-12  6.14073e-24
1.220942071e+00  8.1092959e-12  8.10930e-12  8.10930e-12  7.30644e-24
1.227046781e+00  8.0951485e-12  8.09515e-12  8.09515e-12  8.69341e-24
1.233182015e+00  8.0802367e-12  8.08024e-12  8.08024e-12  1.03351e-23
1.239347925e+00  8.0654548e-12  8.06545e-12  8.06545e-12  1.22731e-23
1.245544665e+00  8.0498090e-12  8.04981e-12  8.04981e-12  1.45630e-23
1.251772388e+00  8.0302298e-12  8.03023e-12  8.03023e-12  1.72848e-23
1.258031250e+00  8.0098276e-12  8.00983e-12  8.00983e-12  2.04997e-23
1.264321406e+00  7.9925439e-12  7.99254e-12  7.99254e-12  2.42616e-23
1.270643013e+00  7.9687710e-12  7.96877e-12  7.96877e-12  2.87478e-23
1.276996228e+00  7.9492056e-12  7.94921e-12  7.94921e-12  3.39799e-23
1.283381209e+00  7.9246211e-12  7.92462e-12  7.92462e-12  4.01930e-23
1.289798116e+00  7.9003481e-12  7.90035e-12  7.90035e-12  4.74897e-23
1.296247106e+00  7.8763852e-12  7.87639e-12  7.87639e-12  5.60490e-23
1.302728342e+00  7.8458937e-12  7.84589e-12  7.84589e-12  6.62379e-23
1.309241983e+00  7.8163993e-12  7.81640e-12  7.81640e-12  7.81759e-23
1.315788193e+00  7.7853491e-12  7.78535e-12  7.78535e-12  9.22277e-23
1.322367134e+00  7.7505458e-12  7.75055e-12  7.75055e-12  1.08847e-22
1.328978970e+00  7.7148765e-12  7.71488e-12  7.71488e-12  1.28380e-22
1.335623865e+00  7.6758402e-12  7.67584e-12  7.67584e-12  1.51459e-22
1.342301984e+00  7.6377594e-12  7.63776e-12  7.63776e-12  1.78462e-22
1.349013494e+00  7.6064480e-12  7.60645e-12  7.60645e-12  2.09577e-22
1.355758561e+00  7.5547028e-12  7.55470e-12  7.55470e-12  2.47698e-22
1.362537354e+00  7.4930874e-12  7.49309e-12  7.49309e-12  2.93515e-22
1.369350041e+00  7.4566421e-12  7.45664e-12  7.45664e-12  3.44395e-22
1.376196791e+00  7.3922959e-12  7.39230e-12  7.39230e-12  4.07748e-22
1.383077775e+00  7.3564094e-12  7.35641e-12  7.35641e-12  4.77494e-22
1.389993164e+00  7.3076643e-12  7.30766e-12  7.30766e-12  5.61223e-22
1.396943130e+00  7.2223986e-12  7.22240e-12  7.22240e-12  6.67538e-22
1.403927846e+00  7.1545738e-12  7.15457e-12  7.15457e-12  7.88394e-22
1.410947485e+00  7.0899606e-12  7.08996e-12  7.08996e-12  9.29245e-22
1.418002222e+00  7.0302197e-12  7.03022e-12  7.03022e-12  1.09246e-21
1.425092233e+00  6.9705321e-12  6.97053e-12  6.97053e-12  1.28319e-21
1.432217694e+00  6.9026054e-12  6.90261e-12  6.90261e-12  1.51009e-21
1.439378783e+00  6.8269502e-12  6.82695e-12  6.82695e-12  1.78009e-21
1.446575677e+00  6.7559183e-12  6.75592e-12  6.75592e-12  2.09321e-21
1.453808555e+00  6.6753232e-12  6.67532e-12  6.67532e-12  2.46688e-21
1.461077598e+00  6.6027697e-12  6.60277e-12  6.60277e-12  2.89696e-21
1.468382986e+00  6.5473336e-12  6.54733e-12  6.54733e-12  3.38039e-21
1.475724901e+00  6.4435083e-12  6.44351e-12  6.44351e-12  4.00237e-21
1.483103525e+00  6.3624050e-12  6.36240e-12  6.36240e-12  4.70006e-21
1.490519043e+00  6.2805744e-12  6.28057e-12  6.28057e-12  5.51552e-21
1.497971638e+00  6.2010711e-12  6.20107e-12  6.20107e-12  6.46196e-21
1.505461496e+00  6.0984929e-12  6.09849e-12  6.09849e-12  7.61673e-21
1.512988804e+00  6.0287691e-12  6.02877e-12  6.02877e-12  8.88141e-21
1.520553748e+00  5.9376141e-12  5.93761e-12  5.93761e-12  1.04131e-20
1.528156517e+00  5.8578970e-12  5.85790e-12  5.85790e-12  1.21569e-20
1.535797299e+00  5.7512416e-12  5.75124e-12  5.75124e-12  1.42904e-20
1.543476286e+00  5.6720211e-12  5.67202e-12  5.67202e-12  1.66515e-20
1.551193667e+00  5.5674268e-12  5.56743e-12  5.56743e-12  1.95241e-20
1.558949636e+00  5.4930150e-12  5.49301e-12  5.49301e-12  2.26802e-20
1.566744384e+00  5.3973570e-12  5.39736e-12  5.39736e-12  2.64784e-20
1.574578106e+00  5.3248388e-12  5.32484e-12  5.32484e-12  3.06925e-20
1.582450996e+00  5.2256303e-12  5.22563e-12  5.22563e-12  3.58039e-20
1.590363251e+00  5.1425086e-12  5.14251e-12  5.14251e-12  4.15515e-20
1.598315067e+00  5.0566588e-12  5.05666e-12  5.05666e-12  4.82168e-20
1.606306643e+00  4.9630919e-12  4.96309e-12  4.96309e-12  5.60166e-20
1.614338176e+00  4.8778684e-12  4.87787e-12  4.87787e-12  6.48839e-20
1.622409867e+00  4.8010471e-12  4.80105e-12  4.80105e-12  7.49351e-20
1.630521916e+00  4.7066419e-12  4.70664e-12  4.70664e-12  8.68590e-20
1.638674526e+00  4.6283821e-12  4.62838e-12  4.62838e-12  1.00194e-19
1.646867898e+00  4.5362935e-12  4.53629e-12  4.53629e-12  1.15882e-19
1.655102238e+00  4.4696980e-12  4.46970e-12  4.46970e-12  1.33090e-19
1.663377749e+00  4.3901716e-12  4.39017e-12  4.39017e-12  1.53224e-19
1.671694638e+00  4.3087872e-12  4.30879e-12  4.30879e-12  1.76351e-19
1.680053111e+00  4.2339377e-12  4.23394e-12  4.23394e-12  2.02502e-19
1.688453377e+00  4.1667038e-12  4.16670e-12  4.16670e-12  2.31946e-19
1.696895643e+00  4.0911169e-12  4.09112e-12  4.09112e-12  2.66010e-19
1.705380122e+00  4.0312257e-12  4.03123e-12  4.03123e-12  3.03742e-19
1.713907022e+00  3.9709353e-12  3.97094e-12  3.97093e-12  3.46627e-19
1.722476557e+00  3.8935973e-12  3.89360e-12  3.89360e-12  3.96872e-19
1.731088940e+00  3.8217069e-12  3.82171e-12  3.82171e-12  4.53512e-19
1.739744385e+00  3.7638709e-12  3.76387e-12  3.76387e-12  5.16215e-19
1.748443107e+00  3.7167969e-12  3.71680e-12  3.71680e-12  5.85759e-19
1.757185322e+00  3.6554272e-12  3.65543e-12  3.65543e-12  6.66428e-19
1.765971249e+00  3.5917436e-12  3.59174e-12  3.59174e-12  7.58116e-19
1.774801105e+00  3.5442873e-12  3.54429e-12  3.54429e-12  8.58689e-19
1.783675111e+00  3.4918775e-12  3.49188e-12  3.49188e-12  9.73091e-19
1.792593486e+00  3.4388428e-12  3.43884e-12  3.43884e-12  1.10220e-18
1.801556454e+00  3.3925352e-12  3.39254e-12  3.39253e-12  1.24577e-18
1.810564236e+00  3.3492004e-12  3.34920e-12  3.34920e-12  1.40622e-18
1.819617057e+00  3.3113382e-12  3.31134e-12  3.31134e-12  1.58441e-18
1.828715142e+00  3.2669747e-12  3.26697e-12  3.26697e-12  1.78672e-18
1.837858718e+00  3.2216407e-12  3.22164e-12  3.22164e-12  2.01410e-18
1.847048012e+00  3.1813464e-12  3.18135e-12  3.18134e-12  2.26645e-18
1.856283252e+00  3.1617547e-12  3.16175e-12  3.16175e-12  2.53690e-18
1.865564668e+00  3.1273052e-12  3.12731e-12  3.12730e-12  2.84754e-18
1.874892491e+00  3.1022364e-12  3.10224e-12  3.10223e-12  3.18744e-18
1.884266954e+00  3.0669219e-12  3.06692e-12  3.06692e-12  3.57421e-18
1.893688289e+00  3.0510476e-12  3.05105e-12  3.05104e-12  3.98757e-18
1.903156730e+00  3.0288215e-12  3.02882e-12  3.02882e-12  4.45257e-18
1.912672514e+00  3.0045753e-12  3.00458e-12  3.00457e-12  4.97119e-18
1.922235876e+00  2.9852114e-12  2.98521e-12  2.98521e-12  5.54054e-18
1.931847056e+00  2.9654737e-12  2.96547e-12  2.96547e-12  6.17196e-18
1.941506291e+00  2.9600021e-12  2.96000e-12  2.96000e-12  6.84786e-18
1.951213822e+00  2.9531444e-12  2.95314e-12  2.95314e-12  7.59545e-18
1.960969892e+00  2.9455600e-12  2.94556e-12  2.94555e-12  8.42081e-18
1.970774741e+00  2.9383833e-12  2.93838e-12  2.93837e-12  9.32908e-18
1.980628615e+00  2.9447677e-12  2.94477e-12  2.94476e-12  1.02941e-17
1.990531758e+00  2.9389247e-12  2.93892e-12  2.93891e-12  1.13860e-17
2.000484417e+00  2.9452195e-12  2.94522e-12  2.94521e-12  1.25471e-17
2.010486839e+00  2.9532409e-12  2.95324e-12  2.95323e-12  1.38109e-17
2.020539273e+00  2.9575887e-12  2.95759e-12  2.95757e-12  1.52058e-17
2.030641969e+00  2.9604210e-12  2.96042e-12  2.96040e-12  1.67369e-17
2.040795179e+00  2.9684711e-12  2.96847e-12  2.96845e-12  1.83843e-17
2.050999155e+00  2.9838372e-12  2.98384e-12  2.98382e-12  2.01395e-17
2.061254151e+00  2.9921397e-12  2.99214e-12  2.99212e-12  2.20885e-17
2.071560421e+00  3.0075901e-12  3.00759e-12  3.00757e-12  2.41605e-17
2.081918224e+00  3.0173650e-12  3.01737e-12  3.01734e-12  2.64493e-17
2.092327815e+00  3.0305985e-12  3.03060e-12  3.03057e-12  2.89051e-17
2.102789454e+00  3.0468978e-12  3.04690e-12  3.04687e-12  3.15368e-17
2.113303401e+00  3.0706886e-12  3.07069e-12  3.07065e-12  3.43040e-17
2.123869918e+00  3.0808595e-12  3.08086e-12  3.08082e-12  3.74363e-17
2.134489268e+00  3.0950768e-12  3.09508e-12  3.09504e-12  4.07735e-17
2.145161714e+00  3.1148304e-12  3.11483e-12  3.11479e-12  4.42963e-17
2.155887523e+00  3.1381332e-12  3.13813e-12  3.13809e-12  4.80277e-17
2.166666960e+00  3.1503239e-12  3.15032e-12  3.15027e-12  5.22160e-17
2.177500295e+00  3.1654276e-12  3.16543e-12  3.16537e-12  5.66706e-17
2.188387796e+00  3.1866294e-12  3.18663e-12  3.18657e-12  6.13277e-17
2.199329735e+00  3.1971913e-12  3.19719e-12  3.19712e-12  6.65524e-17
2.210326384e+00  3.2140031e-12  3.21400e-12  3.21393e-12  7.20074e-17
2.221378016e+00  3.2269085e-12  3.22691e-12  3.22683e-12  7.79517e-17
2.232484906e+00  3.2384858e-12  3.23849e-12  3.23840e-12  8.43588e-17
2.243647331e+00  3.2334710e-12  3.23347e-12  3.23338e-12  9.17845e-17
2.254865567e+00  3.2537438e-12  3.25374e-12  3.25364e-12  9.88528e-17
2.266139895e+00  3.2621992e-12  3.26220e-12  3.26209e-12  1.06852e-16
2.277470595e+00  3.2611607e-12  3.26116e-12  3.26104e-12  1.15840e-16
2.288857948e+00  3.2644278e-12  3.26443e-12  3.26430e-12  1.25285e-16
2.300302237e+00  3.2687610e-12  3.26876e-12  3.26863e-12  1.35345e-16
2.311803748e+00  3.2584906e-12  3.25849e-12  3.25834e-12  1.46987e-16
2.323362767e+00  3.2629561e-12  3.26296e-12  3.26280e-12  1.58563e-16
2.334979581e+00  3.2690045e-12  3.26900e-12  3.26883e-12  1.70807e-16
2.346654479e+00  3.2660666e-12  3.26607e-12  3.26588e-12  1.84573e-16
2.358387751e+00  3.2626827e-12  3.26268e-12  3.26248e-12  1.99359e-16
2.370179690e+00  3.2598504e-12  3.25985e-12  3.25964e-12  2.15138e-16
2.382030589e+00  3.2543906e-12  3.25439e-12  3.25416e-12  2.32291e-16
2.393940742e+00  3.2463566e-12  3.24636e-12  3.24611e-12  2.50955e-16
2.405910445e+00  3.2404854e-12  3.24049e-12  3.24021e-12  2.70687e-16
2.417939997e+00  3.2432008e-12  3.24320e-12  3.24291e-12  2.90607e-16
2.430029697e+00  3.2280950e-12  3.22810e-12  3.22778e-12  3.14451e-16
2.442179846e+00  3.2127264e-12  3.21273e-12  3.21239e-12  3.40126e-16
2.454390745e+00  3.2022847e-12  3.20228e-12  3.20192e-12  3.66827e-16
2.466662699e+00  3.1936003e-12  3.19360e-12  3.19321e-12  3.95063e-16
2.478996012e+00  3.1857072e-12  3.18571e-12  3.18528e-12  4.25061e-16
2.491390992e+00  3.1704393e-12  3.17044e-12  3.16998e-12  4.58801e-16
2.503847947e+00  3.1430674e-12  3.14307e-12  3.14257e-12  4.98078e-16
2.516367187e+00  3.1275492e-12  3.12755e-12  3.12701e-12  5.37205e-16
2.528949023e+00  3.1119457e-12  3.11195e-12  3.11137e-12  5.79157e-16
2.541593768e+00  3.0959614e-12  3.09596e-12  3.09534e-12  6.24220e-16
2.554301737e+00  3.0795565e-12  3.07956e-12  3.07888e-12  6.72631e-16
2.567073246e+00  3.0622506e-12  3.06225e-12  3.06153e-12  7.24822e-16
2.579908612e+00  3.0449911e-12  3.04499e-12  3.04421e-12  7.80699e-16
2.592808155e+00  3.0264722e-12  3.02647e-12  3.02563e-12  8.41100e-16
2.605772196e+00  3.0078762e-12  3.00788e-12  3.00697e-12  9.05833e-16
2.618801057e+00  2.9880623e-12  2.98806e-12  2.98709e-12  9.75808e-16
2.631895062e+00  2.9676276e-12  2.96763e-12  2.96658e-12  1.05114e-15
2.645054537e+00  2.9455071e-12  2.94551e-12  2.94437e-12  1.13293e-15
2.658279810e+00  2.9212270e-12  2.92123e-12  2.92000e-12  1.22213e-15
2.671571209e+00  2.8907616e-12  2.89076e-12  2.88944e-12  1.32259e-15
2.684929065e+00  2.8496063e-12  2.84961e-12  2.84817e-12  1.43961e-15
2.698353710e+00  2.7883253e-12  2.78833e-12  2.78674e-12  1.58438e-15
2.711845479e+00  2.7161616e-12  2.71616e-12  2.71441e-12  1.75322e-15
2.725404706e+00  2.6339988e-12  2.63400e-12  2.63205e-12  1.94898e-15
2.739031730e+00  2.5293965e-12  2.52940e-12  2.52721e-12  2.18975e-15
2.752726889e+00  2.4257359e-12  2.42574e-12  2.42328e-12  2.45498e-15
2.766490523e+00  2.3257015e-12  2.32570e-12  2.32296e-12  2.74325e-15
2.780322976e+00  2.2487019e-12  2.24870e-12  2.24567e-12  3.02829e-15
2.794224591e+00  2.1858801e-12  2.18588e-12  2.18256e-12  3.31857e-15
2.808195713e+00  2.1316019e-12  2.13160e-12  2.12798e-12  3.62056e-15
2.822236692e+00  2.0894859e-12  2.08949e-12  2.08556e-12  3.92652e-15
2.836347875e+00  2.0579130e-12  2.05791e-12  2.05368e-12  4.23648e-15
2.850529615e+00  2.0284999e-12  2.02850e-12  2.02393e-12  4.56497e-15
2.864782263e+00  1.9998701e-12  1.99987e-12  1.99495e-12  4.91565e-15
2.879106174e+00  1.9742888e-12  1.97429e-12  1.96900e-12  5.28425e-15
2.893501705e+00  1.9506251e-12  1.95063e-12  1.94495e-12  5.67371e-15
2.907969214e+00  1.9281891e-12  1.92819e-12  1.92210e-12  6.08654e-15
2.922509060e+00  1.9065945e-12  1.90659e-12  1.90007e-12  6.52482e-15
2.937121605e+00  1.8878336e-12  1.88783e-12  1.88085e-12  6.98323e-15
2.951807213e+00  1.8752302e-12  1.87523e-12  1.86778e-12  7.44983e-15
2.966566249e+00  1.8647345e-12  1.86473e-12  1.85680e-12  7.93683e-15
2.981399080e+00  1.8553601e-12  1.85536e-12  1.84691e-12  8.44798e-15
2.996306076e+00  1.8476282e-12  1.84763e-12  1.83865e-12  8.98151e-15
3.011287606e+00  1.8413484e-12  1.84135e-12  1.83181e-12  9.53822e-15
3.026344044e+00  1.8347668e-12  1.83477e-12  1.82464e-12  1.01269e-14
3.041475764e+00  1.8273996e-12  1.82740e-12  1.81665e-12  1.07519e-14
3.056683143e+00  1.8193058e-12  1.81931e-12  1.80789e-12  1.14153e-14
3.071966559e+00  1.8112530e-12  1.81125e-12  1.79914e-12  1.21150e-14
3.087326392e+00  1.8042807e-12  1.80428e-12  1.79144e-12  1.28455e-14
3.102763024e+00  1.7983291e-12  1.79833e-12  1.78472e-12  1.36077e-14
3.118276839e+00  1.7934857e-12  1.79349e-12  1.77908e-12  1.44011e-14
3.133868223e+00  1.7899066e-12  1.78991e-12  1.77468e-12  1.52244e-14
3.149537564e+00  1.7863443e-12  1.78634e-12  1.77026e-12  1.60879e-14
3.165285252e+00  1.7834049e-12  1.78340e-12  1.76642e-12  1.69876e-14
3.181111678e+00  1.7804055e-12  1.78041e-12  1.76247e-12  1.79308e-14
3.197017237e+00  1.7778740e-12  1.77787e-12  1.75896e-12  1.89135e-14
3.213002323e+00  1.7753850e-12  1.77539e-12  1.75544e-12  1.99413e-14
3.229067334e+00  1.7716341e-12  1.77163e-12  1.75060e-12  2.10318e-14
3.245212671e+00  1.7677121e-12  1.76771e-12  1.74554e-12  2.21755e-14
3.261438734e+00  1.7637952e-12  1.76380e-12  1.74042e-12  2.33723e-14
3.277745928e+00  1.7596857e-12  1.75969e-12  1.73506e-12  2.46272e-14
3.294134658e+00  1.7550269e-12  1.75503e-12  1.72908e-12  2.59486e-14
3.310605331e+00  1.7506260e-12  1.75063e-12  1.72330e-12  2.73265e-14
3.327158358e+00  1.7447203e-12  1.74472e-12  1.71593e-12  2.87948e-14
3.343794149e+00  1.7344804e-12  1.73448e-12  1.70406e-12  3.04166e-14
3.360513120e+00  1.7177580e-12  1.71776e-12  1.68550e-12  3.22563e-14
3.377315686e+00  1.6989560e-12  1.69896e-12  1.66471e-12  3.42471e-14
3.394202264e+00  1.6897642e-12  1.68976e-12  1.65364e-12  3.61270e-14
3.411173276e+00  1.6694523e-12  1.66945e-12  1.63107e-12  3.83812e-14
3.428229142e+00  1.6710411e-12  1.67104e-12  1.63086e-12  4.01809e-14
3.445370288e+00  1.6828650e-12  1.68287e-12  1.64111e-12  4.17529e-14
3.462597139e+00  1.6843781e-12  1.68438e-12  1.64071e-12  4.36685e-14
3.479910125e+00  1.6776159e-12  1.67762e-12  1.63170e-12  4.59206e-14
3.497309675e+00  1.6670346e-12  1.66703e-12  1.61863e-12  4.84087e-14
3.514796224e+00  1.6725828e-12  1.67258e-12  1.62216e-12  5.04275e-14
3.532370205e+00  1.6799879e-12  1.67999e-12  1.62756e-12  5.24284e-14
3.550032056e+00  1.6778157e-12  1.67782e-12  1.62294e-12  5.48743e-14
3.567782216e+00  1.6738699e-12  1.67387e-12  1.61638e-12  5.74939e-14
3.585621127e+00  1.6688310e-12  1.66883e-12  1.60856e-12  6.02731e-14
3.603549233e+00  1.6631306e-12  1.66313e-12  1.59993e-12  6.32041e-14
3.621566979e+00  1.6572384e-12  1.65724e-12  1.59097e-12  6.62730e-14
3.639674814e+00  1.6510067e-12  1.65101e-12  1.58151e-12  6.94954e-14
3.657873188e+00  1.6448598e-12  1.64486e-12  1.57200e-12  7.28554e-14
3.676162554e+00  1.6388049e-12  1.63880e-12  1.56245e-12  7.63579e-14
3.694543367e+00  1.6326656e-12  1.63267e-12  1.55265e-12  8.00206e-14
3.713016084e+00  1.6265598e-12  1.62656e-12  1.54272e-12  8.38431e-14
3.731581164e+00  1.6202418e-12  1.62024e-12  1.53239e-12  8.78515e-14
3.750239070e+00  1.6139850e-12  1.61399e-12  1.52195e-12  9.20347e-14
3.768990265e+00  1.6075755e-12  1.60758e-12  1.51116e-12  9.64192e-14
3.787835216e+00  1.6013046e-12  1.60130e-12  1.50031e-12  1.00990e-13
3.806774393e+00  1.5948166e-12  1.59482e-12  1.48903e-12  1.05790e-13
3.825808265e+00  1.5885442e-12  1.58854e-12  1.47776e-12  1.10789e-13
3.844937306e+00  1.5821405e-12  1.58214e-12  1.46611e-12  1.16032e-13
3.864161992e+00  1.5758853e-12  1.57589e-12  1.45438e-12  1.21503e-13
3.883482802e+00  1.5696532e-12  1.56965e-12  1.44242e-12  1.27228e-13
3.902900216e+00  1.5635087e-12  1.56351e-12  1.43030e-12  1.33213e-13
3.922414717e+00  1.5573130e-12  1.55731e-12  1.41782e-12  1.39490e-13
3.942026791e+00  1.5511353e-12  1.55114e-12  1.40507e-12  1.46069e-13
3.961736925e+00  1.5450421e-12  1.54504e-12  1.39209e-12  1.52957e-13
3.981545610e+00  1.5391405e-12  1.53914e-12  1.37899e-12  1.60154e-13
4.001453338e+00  1.5334485e-12  1.53345e-12  1.36577e-12  1.67674e-13
4.021460604e+00  1.5278822e-12  1.52788e-12  1.35233e-12  1.75550e-13
4.041567907e+00  1.5225869e-12  1.52259e-12  1.33881e-12  1.83774e-13
4.061775747e+00  1.5176008e-12  1.51760e-12  1.32524e-12  1.92357e-13
4.082084626e+00  1.5132121e-12  1.51321e-12  1.31196e-12  2.01250e-13
4.102495049e+00  1.5089681e-12  1.50897e-12  1.29840e-12  2.10572e-13
4.123007524e+00  1.5052327e-12  1.50523e-12  1.28498e-12  2.20256e-13
4.143622562e+00  1.5021242e-12  1.50212e-12  1.27184e-12  2.30282e-13
4.164340674e+00  1.4994496e-12  1.49945e-12  1.25873e-12  2.40716e-13
4.185162378e+00  1.4974325e-12  1.49743e-12  1.24593e-12  2.51507e-13
4.206088190e+00  1.4960570e-12  1.49606e-12  1.23339e-12  2.62665e-13
4.227118631e+00  1.4951772e-12  1.49518e-12  1.22092e-12  2.74252e-13
4.248254224e+00  1.4948231e-12  1.49482e-12  1.20855e-12  2.86276e-13
4.269495495e+00  1.4947739e-12  1.49477e-12  1.19593e-12  2.98847e-13
4.290842972e+00  1.4954712e-12  1.49547e-12  1.18366e-12  3.11807e-13
4.312297187e+00  1.4968830e-12  1.49688e-12  1.17171e-12  3.25175e-13
4.333858673e+00  1.4990515e-12  1.49905e-12  1.16012e-12  3.38934e-13
4.355527967e+00  1.5018758e-12  1.50188e-12  1.14874e-12  3.53140e-13
4.377305606e+00  1.5053608e-12  1.50536e-12  1.13756e-12  3.67801e-13
4.399192134e+00  1.5094733e-12  1.50947e-12  1.12652e-12  3.82951e-13
4.421188095e+00  1.5140510e-12  1.51405e-12  1.11533e-12  3.98719e-13
4.443294036e+00  1.5192891e-12  1.51929e-12  1.10428e-12  4.15008e-13
4.465510506e+00  1.5251075e-12  1.52511e-12  1.09321e-12  4.31901e-13
4.487838058e+00  1.5312511e-12  1.53125e-12  1.08158e-12  4.49671e-13
4.510277249e+00  1.5377141e-12  1.53771e-12  1.06928e-12  4.68435e-13
4.532828635e+00  1.5440475e-12  1.54405e-12  1.05522e-12  4.88824e-13
4.555492778e+00  1.5501450e-12  1.55015e-12  1.03885e-12  5.11298e-13
4.578270242e+00  1.5559855e-12  1.55599e-12  1.01962e-12  5.36365e-13
4.601161593e+00  1.5621068e-12  1.56211e-12  9.98225e-13  5.63882e-13
4.624167401e+00  1.5682188e-12  1.56822e-12  9.73290e-13  5.94929e-13
4.647288238e+00  1.5752551e-12  1.57526e-12  9.46460e-13  6.28795e-13
4.670524679e+00  1.5840134e-12  1.58401e-12  9.19477e-13  6.64537e-13
4.693877303e+00  1.5948760e-12  1.59488e-12  8.93328e-13  7.01548e-13
4.717346689e+00  1.6091721e-12  1.60917e-12  8.73144e-13  7.36028e-13
4.740933423e+00  1.6257662e-12  1.62577e-12  8.56117e-13  7.69649e-13
4.764638090e+00  1.6432198e-12  1.64322e-12  8.36047e-13  8.07172e-13
4.788461280e+00  1.6617639e-12  1.66176e-12  8.11962e-13  8.49802e-13
4.812403587e+00  1.6820976e-12  1.68210e-12  7.85409e-13  8.96689e-13
4.836465604e+00  1.7050460e-12  1.70505e-12  7.62049e-13  9.42997e-13
4.860647933e+00  1.7305254e-12  1.73053e-12  7.46714e-13  9.83812e-13
4.884951172e+00  1.7576421e-12  1.75764e-12  7.35601e-13  1.02204e-12
4.909375928e+00  1.7860399e-12  1.78604e-12  7.25889e-13  1.06015e-12
4.933922808e+00  1.8157480e-12  1.81575e-12  7.15628e-13  1.10012e-12
4.958592422e+00  1.8470017e-12  1.84700e-12  7.03911e-13  1.14309e-12
4.983385384e+00  1.8799136e-12  1.87991e-12  6.91488e-13  1.18843e-12
5.008302311e+00  1.9145165e-12  1.91452e-12  6.78885e-13  1.23563e-12
5.033343822e+00  1.9516974e-12  1.95170e-12  6.63258e-13  1.28844e-12
5.058510541e+00  1.9927837e-12  1.99278e-12  6.42256e-13  1.35053e-12
5.083803094e+00  2.0376756e-12  2.03768e-12  6.18596e-13  1.41908e-12
5.109222110e+00  2.0854203e-12  2.08542e-12  5.95665e-13  1.48976e-12
5.134768220e+00  2.1355446e-12  2.13554e-12  5.74400e-13  1.56114e-12
5.160442061e+00  2.1854601e-12  2.18546e-12  5.59060e-13  1.62640e-12
5.186244272e+00  2.2289419e-12  2.22894e-12  5.57949e-13  1.67099e-12
5.212175493e+00  2.2661194e-12  2.26612e-12  5.67015e-13  1.69910e-12
5.238236370e+00  2.3017669e-12  2.30177e-12  5.77293e-13  1.72447e-12
5.264427552e+00  2.3369212e-12  2.33692e-12  5.87147e-13  1.74977e-12
5.290749690e+00  2.3696762e-12  2.36968e-12  5.98694e-13  1.77098e-12
5.317203438e+00  2.4020018e-12  2.40200e-12  6.09447e-13  1.79255e-12
5.343789456e+00  2.4416621e-12  2.44166e-12  6.12120e-13  1.82954e-12
5.370508403e+00  2.4915267e-12  2.49153e-12  6.05789e-13  1.88574e-12
5.397360945e+00  2.5489050e-12  2.54890e-12  5.94452e-13  1.95445e-12
5.424347750e+00  2.6089684e-12  2.60897e-12  5.82824e-13  2.02614e-12
5.451469488e+00  2.6638809e-12  2.66388e-12  5.76661e-13  2.08722e-12
5.478726836e+00  2.7142571e-12  2.71426e-12  5.74598e-13  2.13966e-12
5.506120470e+00  2.7640327e-12  2.76403e-12  5.73423e-13  2.19061e-12
5.533651072e+00  2.8196258e-12  2.81963e-12  5.69125e-13  2.25050e-12
5.561319328e+00  2.8914692e-12  2.89147e-12  5.56308e-13  2.33516e-12
5.589125924e+00  2.9755161e-12  2.97552e-12  5.38543e-13  2.43697e-12
5.617071554e+00  3.0593205e-12  3.05932e-12  5.22985e-13  2.53634e-12
5.645156912e+00  3.1362684e-12  3.13627e-12  5.12539e-13  2.62373e-12
5.673382696e+00  3.2114067e-12  3.21141e-12  5.04181e-13  2.70723e-12
5.701749610e+00  3.2884530e-12  3.28845e-12  4.96021e-13  2.79243e-12
5.730258358e+00  3.3718521e-12  3.37185e-12  4.86221e-13  2.88563e-12
5.758909650e+00  3.4598691e-12  3.45987e-12  4.75721e-13  2.98415e-12
5.787704198e+00  3.5427475e-12  3.54275e-12  4.68304e-13  3.07444e-12
5.816642719e+00  3.6231199e-12  3.62312e-12  4.62635e-13  3.16048e-12
5.845725932e+00  3.7083412e-12  3.70834e-12  4.55987e-13  3.25235e-12
5.874954562e+00  3.8057550e-12  3.80576e-12  4.46111e-13  3.35964e-12
5.904329335e+00  3.9192065e-12  3.91921e-12  4.32249e-13  3.48696e-12
5.933850982e+00  4.0636929e-12  4.06369e-12  4.10473e-13  3.65322e-12
5.963520237e+00  4.2251359e-12  4.22514e-12  3.85850e-13  3.83929e-12
5.993337838e+00  4.3681696e-12  4.36817e-12  3.68477e-13  3.99969e-12
6.023304527e+00  4.4903721e-12  4.49037e-12  3.58167e-13  4.13221e-12
6.053421050e+00  4.6023341e-12  4.60233e-12  3.51444e-13  4.25089e-12
6.083688155e+00  4.7118212e-12  4.71182e-12  3.46030e-13  4.36579e-12
6.114106596e+00  4.8322657e-12  4.83227e-12  3.38668e-13  4.49360e-12
6.144677129e+00  4.9691910e-12  4.96919e-12  3.28366e-13  4.64082e-12
6.175400514e+00  5.1119938e-12  5.11199e-12  3.17753e-13  4.79424e-12
6.206277517e+00  5.2440147e-12  5.24401e-12  3.10322e-13  4.93369e-12
6.237308904e+00  5.3586244e-12  5.35862e-12  3.07055e-13  5.05157e-12
6.268495449e+00  5.4668011e-12  5.46680e-12  3.05406e-13  5.16140e-12
6.299837926e+00  5.5733817e-12  5.57338e-12  3.04310e-13  5.26907e-12
6.331337116e+00  5.6580742e-12  5.65807e-12  3.07304e-13  5.35077e-12
6.362993801e+00  5.7152427e-12  5.71524e-12  3.14907e-13  5.40034e-12
6.394808770e+00  5.7756097e-12  5.77561e-12  3.21551e-13  5.45406e-12
6.426782814e+00  5.8533377e-12  5.85334e-12  3.25059e-13  5.52828e-12
6.458916728e+00  5.9527485e-12  5.95275e-12  3.25073e-13  5.62768e-12
6.491211312e+00  6.0661510e-12  6.06615e-12  3.23080e-13  5.74307e-12
6.523667368e+00  6.1978837e-12  6.19788e-12  3.18658e-13  5.87923e-12
6.556285705e+00  6.3549942e-12  6.35499e-12  3.11078e-13  6.04392e-12
6.589067134e+00  6.5122796e-12  6.51228e-12  3.04031e-13  6.20825e-12
6.622012469e+00  6.6506958e-12  6.65070e-12  2.99938e-13  6.35076e-12
6.655122532e+00  6.7591023e-12  6.75910e-12  2.99913e-13  6.45919e-12
6.688398144e+00  6.8603335e-12  6.86033e-12  3.00800e-13  6.55953e-12
6.721840135e+00  6.9810454e-12  6.98105e-12  2.99386e-13  6.68166e-12
6.755449336e+00  7.1202191e-12  7.12022e-12  2.96002e-13  6.82422e-12
6.789226583e+00  7.2818321e-12  7.28183e-12  2.90394e-13  6.99144e-12
6.823172715e+00  7.4517442e-12  7.45174e-12  2.84278e-13  7.16747e-12
6.857288579e+00  7.6297776e-12  7.62978e-12  2.77727e-13  7.35205e-12
6.891575022e+00  7.8227947e-12  7.82279e-12  2.70103e-13  7.55269e-12
6.926032897e+00  8.0144615e-12  8.01446e-12  2.63094e-13  7.75137e-12
6.960663062e+00  8.1965537e-12  8.19655e-12  2.57426e-13  7.93913e-12
6.995466377e+00  8.3781390e-12  8.37814e-12  2.52164e-13  8.12598e-12
7.030443709e+00  8.5655696e-12  8.56557e-12  2.46716e-13  8.31885e-12
7.065595927e+00  8.7482679e-12  8.74827e-12  2.42011e-13  8.50626e-12
7.100923907e+00  8.9327140e-12  8.93271e-12  2.37451e-13  8.69526e-12
7.136428526e+00  9.1279541e-12  9.12795e-12  2.32297e-13  8.89566e-12
7.172110669e+00  9.3282482e-12  9.32825e-12  2.27057e-13  9.10119e-12
7.207971222e+00  9.5411211e-12  9.54112e-12  2.21168e-13  9.31995e-12
7.244011079e+00  9.7658435e-12  9.76584e-12  2.14747e-13  9.55110e-12
7.280231134e+00  1.0005200e-11  1.00052e-11  2.07644e-13  9.79756e-12
7.316632290e+00  1.0276383e-11  1.02764e-11  1.98722e-13  1.00777e-11
7.353215451e+00  1.0549254e-11  1.05493e-11  1.90190e-13  1.03591e-11
7.389981528e+00  1.0823878e-11  1.08239e-11  1.82022e-13  1.06419e-11
7.426931436e+00  1.1092944e-11  1.10929e-11  1.74670e-13  1.09183e-11
7.464066093e+00  1.1364462e-11  1.13645e-11  1.67575e-13  1.11969e-11
7.501386424e+00  1.1643702e-11  1.16437e-11  1.60406e-13  1.14833e-11
7.538893356e+00  1.1918503e-11  1.19185e-11  1.53896e-13  1.17646e-11
7.576587822e+00  1.2211398e-11  1.22114e-11  1.46701e-13  1.20647e-11
7.614470762e+00  1.2506501e-11  1.25065e-11  1.39776e-13  1.23667e-11
7.652543115e+00  1.2812634e-11  1.28126e-11  1.32623e-13  1.26800e-11
7.690805831e+00  1.3135413e-11  1.31354e-11  1.24971e-13  1.30104e-11
7.729259860e+00  1.3458692e-11  1.34587e-11  1.17701e-13  1.33410e-11
7.767906159e+00  1.3815373e-11  1.38154e-11  1.09132e-13  1.37062e-11
7.806745690e+00  1.4173476e-11  1.41735e-11  1.00944e-13  1.40725e-11
7.845779419e+00  1.4514375e-11  1.45144e-11  9.40118e-14  1.44204e-11
7.885008316e+00  1.4887575e-11  1.48876e-11  8.59339e-14  1.48016e-11
7.924433357e+00  1.5270191e-11  1.52702e-11  7.78467e-14  1.51923e-11
7.964055524e+00  1.5634832e-11  1.56348e-11  7.09785e-14  1.55639e-11
8.003875802e+00  1.6010003e-11  1.60100e-11  6.40105e-14  1.59460e-11
8.043895181e+00  1.6395418e-11  1.63954e-11  5.69687e-14  1.63384e-11
8.084114657e+00  1.6813576e-11  1.68136e-11  4.89358e-14  1.67646e-11
8.124535230e+00  1.7237453e-11  1.72375e-11  4.10799e-14  1.71964e-11
8.165157906e+00  1.7632438e-11  1.76324e-11  3.47585e-14  1.75977e-11
8.205983696e+00  1.8020252e-11  1.80203e-11  2.90355e-14  1.79912e-11
8.247013614e+00  1.8396826e-11  1.83968e-11  2.40267e-14  1.83728e-11
8.288248682e+00  1.8761978e-11  1.87620e-11  1.96936e-14  1.87423e-11
8.329689926e+00  1.9125373e-11  1.91254e-11  1.56473e-14  1.91097e-11
8.371338375e+00  1.9468338e-11  1.94683e-11  1.25238e-14  1.94558e-11
8.413195067e+00  1.9777177e-11  1.97772e-11  1.07303e-14  1.97664e-11
8.455261042e+00  2.0057776e-11  2.00578e-11  9.98102e-15  2.00478e-11
8.497537348e+00  2.0295252e-11  2.02953e-11  1.06909e-14  2.02846e-11
8.540025034e+00  2.0468714e-11  2.04687e-11  1.34267e-14  2.04553e-11
8.582725160e+00  2.0548025e-11  2.05480e-11  1.89895e-14  2.05290e-11
8.625638785e+00  2.0511553e-11  2.05116e-11  2.78458e-14  2.04837e-11
8.668766979e+00  2.0373365e-11  2.03734e-11  3.93508e-14  2.03340e-11
8.712110814e+00  2.0216561e-11  2.02166e-11  5.08971e-14  2.01657e-11
8.755671368e+00  2.0300334e-11  2.03003e-11  5.50773e-14  2.02453e-11
8.799449725e+00  2.0579690e-11  2.05797e-11  5.36122e-14  2.05261e-11
8.843446974e+00  2.0636520e-11  2.06365e-11  5.82750e-14  2.05782e-11
8.887664209e+00  2.0940889e-11  2.09409e-11  5.61140e-14  2.08848e-11
8.932102530e+00  2.1285995e-11  2.12860e-11  5.29660e-14  2.12330e-11
8.976763042e+00  2.1476163e-11  2.14762e-11  5.39027e-14  2.14223e-11
9.021646857e+00  2.1647619e-11  2.16476e-11  5.52548e-14  2.15924e-11
9.066755092e+00  2.1913888e-11  2.19139e-11  5.42084e-14  2.18597e-11
9.112088867e+00  2.2237821e-11  2.22378e-11  5.18024e-14  2.21860e-11
9.157649312e+00  2.2558704e-11  2.25587e-11  4.95494e-14  2.25092e-11
9.203437558e+00  2.2842688e-11  2.28427e-11  4.82212e-14  2.27945e-11
9.249454746e+00  2.3111588e-11  2.31116e-11  4.72695e-14  2.30643e-11
9.295702020e+00  2.3375045e-11  2.33750e-11  4.64580e-14  2.33286e-11
9.342180530e+00  2.3635844e-11  2.36358e-11  4.57174e-14  2.35901e-11
9.388891432e+00  2.3902760e-11  2.39028e-11  4.48564e-14  2.38579e-11
9.435835890e+00  2.4173626e-11  2.41736e-11  4.39267e-14  2.41297e-11
9.483015069e+00  2.4458662e-11  2.44587e-11  4.27233e-14  2.44159e-11
9.530430144e+00  2.4788759e-11  2.47888e-11  4.06430e-14  2.47481e-11
9.578082295e+00  2.5142941e-11  2.51429e-11  3.81486e-14  2.51048e-11
9.625972707e+00  2.5543592e-11  2.55436e-11  3.48337e-14  2.55088e-11
9.674102570e+00  2.5992284e-11  2.59923e-11  3.07163e-14  2.59616e-11
9.722473083e+00  2.6391489e-11  2.63915e-11  2.76514e-14  2.63638e-11
9.771085448e+00  2.6758382e-11  2.67584e-11  2.52689e-14  2.67331e-11
9.819940876e+00  2.7071516e-11  2.70715e-11  2.39141e-14  2.70476e-11
9.869040580e+00  2.7292889e-11  2.72929e-11  2.41956e-14  2.72687e-11
9.918385783e+00  2.7443157e-11  2.74432e-11  2.56673e-14  2.74175e-11
9.967977712e+00  2.7549612e-11  2.75496e-11  2.78020e-14  2.75218e-11
1.001781760e+01  2.7694249e-11  2.76942e-11  2.92038e-14  2.76650e-11
1.006790669e+01  2.7810043e-11  2.78100e-11  3.10002e-14  2.77790e-11
1.011824622e+01  2.7892423e-11  2.78924e-11  3.32410e-14  2.78592e-11
1.016883745e+01  2.8010508e-11  2.80105e-11  3.48168e-14  2.79757e-11
1.021968164e+01  2.8135284e-11  2.81353e-11  3.62078e-14  2.80991e-11
1.027078005e+01  2.8380240e-11  2.83802e-11  3.57062e-14  2.83445e-11
1.032213395e+01  2.8772615e-11  2.87726e-11  3.30060e-14  2.87396e-11
1.037374462e+01  2.9118994e-11  2.91190e-11  3.10450e-14  2.90879e-11
1.042561334e+01  2.9316597e-11  2.93166e-11  3.12590e-14  2.92853e-11
1.047774141e+01  2.9526375e-11  2.95264e-11  3.12678e-14  2.94951e-11
1.053013012e+01  2.9814584e-11  2.98146e-11  3.01638e-14  2.97844e-11
1.058278077e+01  3.0125518e-11  3.01255e-11  2.87614e-14  3.00968e-11
1.063569467e+01  3.0416077e-11  3.04161e-11  2.76527e-14  3.03884e-11
1.068887314e+01  3.0676374e-11  3.06764e-11  2.69530e-14  3.06494e-11
1.074231751e+01  3.0935298e-11  3.09353e-11  2.62680e-14  3.09090e-11
1.079602910e+01  3.1212142e-11  3.12121e-11  2.53515e-14  3.11868e-11
1.085000924e+01  3.1561118e-11  3.15611e-11  2.35369e-14  3.15376e-11
1.090425929e+01  3.1946172e-11  3.19462e-11  2.13120e-14  3.19249e-11
1.095878058e+01  3.2286255e-11  3.22863e-11  1.96778e-14  3.22666e-11
1.101357449e+01  3.2593161e-11  3.25932e-11  1.84658e-14  3.25747e-11
1.106864236e+01  3.2820275e-11  3.28203e-11  1.82017e-14  3.28021e-11
1.112398557e+01  3.2926583e-11  3.29266e-11  1.93124e-14  3.29073e-11
1.117960550e+01  3.2914125e-11  3.29141e-11  2.17087e-14  3.28924e-11
1.123550353e+01  3.2920300e-11  3.29203e-11  2.37954e-14  3.28965e-11
1.129168104e+01  3.2986747e-11  3.29867e-11  2.51284e-14  3.29616e-11
1.134813945e+01  3.3121738e-11  3.31217e-11  2.56523e-14  3.30961e-11
1.140488015e+01  3.3326280e-11  3.33263e-11  2.53932e-14  3.33009e-11
1.146190455e+01  3.3548723e-11  3.35487e-11  2.49281e-14  3.35238e-11
1.151921407e+01  3.3773658e-11  3.37737e-11  2.44251e-14  3.37492e-11
1.157681014e+01  3.3998606e-11  3.39986e-11  2.39110e-14  3.39747e-11
1.163469419e+01  3.4214875e-11  3.42149e-11  2.34732e-14  3.41914e-11
1.169286766e+01  3.4405926e-11  3.44059e-11  2.32710e-14  3.43827e-11
1.175133200e+01  3.4580113e-11  3.45801e-11  2.32125e-14  3.45569e-11
1.181008866e+01  3.4703287e-11  3.47033e-11  2.36178e-14  3.46797e-11
1.186913910e+01  3.4750182e-11  3.47502e-11  2.47038e-14  3.47255e-11
1.192848480e+01  3.4785110e-11  3.47851e-11  2.58432e-14  3.47593e-11
1.198812722e+01  3.4812806e-11  3.48128e-11  2.69898e-14  3.47858e-11
1.204806786e+01  3.4808395e-11  3.48084e-11  2.83668e-14  3.47800e-11
1.210830820e+01  3.4727588e-11  3.47276e-11  3.03568e-14  3.46972e-11
1.216884974e+01  3.4600470e-11  3.46005e-11  3.26694e-14  3.45678e-11
1.222969399e+01  3.4431039e-11  3.44310e-11  3.52553e-14  3.43958e-11
1.229084246e+01  3.4315494e-11  3.43155e-11  3.72837e-14  3.42782e-11
1.235229667e+01  3.4301765e-11  3.43018e-11  3.83750e-14  3.42634e-11
1.241405815e+01  3.4346448e-11  3.43464e-11  3.89267e-14  3.43075e-11
1.247612845e+01  3.4447301e-11  3.44473e-11  3.89790e-14  3.44083e-11
1.253850909e+01  3.4596137e-11  3.45961e-11  3.86182e-14  3.45575e-11
1.260120163e+01  3.4766137e-11  3.47661e-11  3.80738e-14  3.47281e-11
1.266420764e+01  3.4945364e-11  3.49454e-11  3.74468e-14  3.49079e-11
1.272752868e+01  3.5112958e-11  3.51130e-11  3.69014e-14  3.50761e-11
1.279116632e+01  3.5263611e-11  3.52636e-11  3.64748e-14  3.52271e-11
1.285512215e+01  3.5421070e-11  3.54211e-11  3.59839e-14  3.53851e-11
1.291939776e+01  3.5647534e-11  3.56475e-11  3.49704e-14  3.56126e-11
1.298399475e+01  3.5989664e-11  3.59897e-11  3.31139e-14  3.59566e-11
1.304891473e+01  3.6468942e-11  3.64689e-11  3.02928e-14  3.64386e-11
1.311415930e+01  3.6987144e-11  3.69871e-11  2.72448e-14  3.69599e-11
1.317973010e+01  3.7379484e-11  3.73795e-11  2.51378e-14  3.73543e-11
1.324562875e+01  3.7658821e-11  3.76588e-11  2.38470e-14  3.76350e-11
1.331185689e+01  3.8070468e-11  3.80705e-11  2.16609e-14  3.80488e-11
1.337841618e+01  3.8629283e-11  3.86293e-11  1.85137e-14  3.86108e-11
1.344530826e+01  3.9035711e-11  3.90357e-11  1.64423e-14  3.90193e-11
1.351253480e+01  3.9184810e-11  3.91848e-11  1.60987e-14  3.91687e-11
1.358009747e+01  3.9485631e-11  3.94856e-11  1.47556e-14  3.94709e-11
1.364799796e+01  3.9889210e-11  3.98892e-11  1.27649e-14  3.98764e-11
1.371623795e+01  4.0108905e-11  4.01089e-11  1.19711e-14  4.00969e-11
1.378481914e+01  4.0211295e-11  4.02113e-11  1.19129e-14  4.01994e-11
1.385374323e+01  4.0195812e-11  4.01958e-11  1.25671e-14  4.01832e-11
1.392301195e+01  4.0123800e-11  4.01238e-11  1.35322e-14  4.01103e-11
1.399262701e+01  4.0085987e-11  4.00860e-11  1.42483e-14  4.00717e-11
1.406259015e+01  4.0135566e-11  4.01356e-11  1.44064e-14  4.01212e-11
1.413290310e+01  4.0292738e-11  4.02927e-11  1.39070e-14  4.02788e-11
1.420356761e+01  4.0478401e-11  4.04784e-11  1.32348e-14  4.04652e-11
1.427458545e+01  4.0693181e-11  4.06932e-11  1.23923e-14  4.06808e-11
1.434595838e+01  4.0927022e-11  4.09270e-11  1.14430e-14  4.09156e-11
1.441768817e+01  4.1111578e-11  4.11116e-11  1.07756e-14  4.11008e-11
1.448977661e+01  4.1289400e-11  4.12894e-11  1.01436e-14  4.12793e-11
1.456222549e+01  4.1442827e-11  4.14428e-11  9.64318e-15  4.14332e-11
1.463503662e+01  4.1604425e-11  4.16044e-11  9.09279e-15  4.15953e-11
1.470821180e+01  4.1760012e-11  4.17600e-11  8.57051e-15  4.17514e-11
1.478175286e+01  4.1881041e-11  4.18810e-11  8.22728e-15  4.18728e-11
1.485566163e+01  4.1949593e-11  4.19496e-11  8.15141e-15  4.19414e-11
1.492993994e+01  4.2036502e-11  4.20365e-11  7.96579e-15  4.20285e-11
1.500458964e+01  4.2213064e-11  4.22131e-11  7.30754e-15  4.22058e-11
1.507961258e+01  4.2443611e-11  4.24436e-11  6.37367e-15  4.24372e-11
1.515501065e+01  4.2644772e-11  4.26448e-11  5.59264e-15  4.26392e-11
1.523078570e+01  4.2785892e-11  4.27859e-11  5.11218e-15  4.27808e-11
1.530693963e+01  4.2775057e-11  4.27751e-11  5.37505e-15  4.27697e-11
1.538347433e+01  4.2732778e-11  4.27328e-11  5.77077e-15  4.27270e-11
1.546039170e+01  4.2674293e-11  4.26743e-11  6.22168e-15  4.26681e-11
1.553769366e+01  4.2628058e-11  4.26281e-11  6.59041e-15  4.26215e-11
1.561538212e+01  4.2637996e-11  4.26380e-11  6.67241e-15  4.26313e-11
1.569345903e+01  4.2637593e-11  4.26376e-11  6.78705e-15  4.26308e-11
1.577192633e+01  4.2590826e-11  4.25908e-11  7.09970e-15  4.25837e-11
1.585078596e+01  4.2559153e-11  4.25592e-11  7.32340e-15  4.25518e-11
1.593003989e+01  4.2501290e-11  4.25013e-11  7.64764e-15  4.24936e-11
1.600969009e+01  4.2394320e-11  4.23943e-11  8.17198e-15  4.23861e-11
1.608973854e+01  4.2226738e-11  4.22267e-11  8.94137e-15  4.22178e-11
1.617018723e+01  4.1865389e-11  4.18654e-11  1.05326e-14  4.18549e-11
1.625103817e+01  4.1564030e-11  4.15640e-11  1.18188e-14  4.15522e-11
1.633229336e+01  4.1231516e-11  4.12315e-11  1.32008e-14  4.12183e-11
1.641395483e+01  4.0940259e-11  4.09403e-11  1.43675e-14  4.09259e-11
1.649602460e+01  4.0746876e-11  4.07469e-11  1.50864e-14  4.07318e-11
1.657850473e+01  4.0547314e-11  4.05473e-11  1.58050e-14  4.05315e-11
1.666139725e+01  4.0468790e-11  4.04688e-11  1.59974e-14  4.04528e-11
1.674470424e+01  4.0410710e-11  4.04107e-11  1.60905e-14  4.03946e-11
1.682842776e+01  4.0399603e-11  4.03996e-11  1.59798e-14  4.03836e-11
1.691256990e+01  4.0390889e-11  4.03909e-11  1.58503e-14  4.03750e-11
1.699713274e+01  4.0389884e-11  4.03899e-11  1.56813e-14  4.03742e-11
1.708211841e+01  4.0396159e-11  4.03962e-11  1.54757e-14  4.03807e-11
1.716752900e+01  4.0377060e-11  4.03771e-11  1.53623e-14  4.03617e-11
1.725336665e+01  4.0356008e-11  4.03560e-11  1.52479e-14  4.03408e-11
1.733963348e+01  4.0352431e-11  4.03524e-11  1.50581e-14  4.03374e-11
1.742633165e+01  4.0356623e-11  4.03566e-11  1.48321e-14  4.03418e-11
1.751346330e+01  4.0394151e-11  4.03942e-11  1.44746e-14  4.03797e-11
1.760103062e+01  4.0508146e-11  4.05081e-11  1.38286e-14  4.04943e-11
1.768903577e+01  4.0622754e-11  4.06228e-11  1.31822e-14  4.06096e-11
1.777748095e+01  4.0819804e-11  4.08198e-11  1.22359e-14  4.08076e-11
1.786636836e+01  4.0919722e-11  4.09197e-11  1.16496e-14  4.09081e-11
1.795570020e+01  4.0904243e-11  4.09042e-11  1.14796e-14  4.08928e-11
1.804547870e+01  4.0792077e-11  4.07921e-11  1.16483e-14  4.07804e-11
1.813570609e+01  4.0659367e-11  4.06594e-11  1.18778e-14  4.06475e-11
1.822638462e+01  4.0525920e-11  4.05259e-11  1.20972e-14  4.05138e-11
1.831751655e+01  4.0410593e-11  4.04106e-11  1.22414e-14  4.03984e-11
1.840910413e+01  4.0364099e-11  4.03641e-11  1.21377e-14  4.03520e-11
1.850114965e+01  4.0390172e-11  4.03902e-11  1.17796e-14  4.03784e-11
1.859365540e+01  4.0471562e-11  4.04716e-11  1.12323e-14  4.04603e-11
1.868662368e+01  4.0509125e-11  4.05091e-11  1.08334e-14  4.04983e-11
1.878005679e+01  4.0539586e-11  4.05396e-11  1.04570e-14  4.05291e-11
1.887395708e+01  4.0534275e-11  4.05343e-11  1.01974e-14  4.05241e-11
1.896832686e+01  4.0421259e-11  4.04213e-11  1.02872e-14  4.04110e-11
1.906316850e+01  4.0153297e-11  4.01533e-11  1.08714e-14  4.01424e-11
1.915848434e+01  3.9801229e-11  3.98012e-11  1.17098e-14  3.97895e-11
1.925427676e+01  3.9523280e-11  3.95233e-11  1.22907e-14  3.95110e-11
1.935054815e+01  3.9293697e-11  3.92937e-11  1.27021e-14  3.92810e-11
1.944730089e+01  3.9141601e-11  3.91416e-11  1.28565e-14  3.91287e-11
1.954453739e+01  3.9039971e-11  3.90400e-11  1.28444e-14  3.90271e-11
1.964226008e+01  3.8973973e-11  3.89740e-11  1.27157e-14  3.89613e-11
1.974047138e+01  3.8933147e-11  3.89331e-11  1.25054e-14  3.89206e-11
1.983917374e+01  3.8894258e-11  3.88943e-11  1.22862e-14  3.88820e-11
1.993836960e+01  3.8855166e-11  3.88552e-11  1.20648e-14  3.88431e-11
2.003806145e+01  3.8854255e-11  3.88543e-11  1.17264e-14  3.88425e-11
2.013825176e+01  3.8864498e-11  3.88645e-11  1.13541e-14  3.88531e-11
2.023894302e+01  3.8867567e-11  3.88676e-11  1.10029e-14  3.88566e-11
2.034013773e+01  3.8876219e-11  3.88762e-11  1.06350e-14  3.88656e-11
2.044183842e+01  3.8872234e-11  3.88722e-11  1.03040e-14  3.88619e-11
2.054404761e+01  3.8862865e-11  3.88629e-11  9.98801e-15  3.88529e-11
2.064676785e+01  3.8927733e-11  3.89277e-11  9.45879e-15  3.89183e-11
2.075000169e+01  3.8960883e-11  3.89609e-11  9.02246e-15  3.89519e-11
2.085375170e+01  3.8996895e-11  3.89969e-11  8.57943e-15  3.89883e-11
2.095802046e+01  3.9036578e-11  3.90366e-11  8.12768e-15  3.90284e-11
2.106281056e+01  3.9106182e-11  3.91062e-11  7.59444e-15  3.90986e-11
2.116812461e+01  3.9181758e-11  3.91818e-11  7.04771e-15  3.91747e-11
2.127396524e+01  3.9156140e-11  3.91561e-11  6.78175e-15  3.91494e-11
2.138033506e+01  3.9023038e-11  3.90230e-11  6.80776e-15  3.90162e-11
2.148723674e+01  3.8845652e-11  3.88457e-11  6.94876e-15  3.88387e-11
2.159467292e+01  3.8689024e-11  3.86890e-11  7.02778e-15  3.86820e-11
2.170264629e+01  3.8528771e-11  3.85288e-11  7.11120e-15  3.85217e-11
2.181115952e+01  3.8328066e-11  3.83281e-11  7.29648e-15  3.83208e-11
2.192021532e+01  3.8136707e-11  3.81367e-11  7.45066e-15  3.81293e-11
2.202981639e+01  3.7945271e-11  3.79453e-11  7.59904e-15  3.79377e-11
2.213996547e+01  3.7755815e-11  3.77558e-11  7.73649e-15  3.77481e-11
2.225066530e+01  3.7609675e-11  3.76097e-11  7.75684e-15  3.76019e-11
2.236191863e+01  3.7470137e-11  3.74701e-11  7.75643e-15  3.74624e-11
2.247372822e+01  3.7372606e-11  3.73726e-11  7.64579e-15  3.73650e-11
2.258609686e+01  3.7316720e-11  3.73167e-11  7.42811e-15  3.73093e-11
2.269902735e+01  3.7253665e-11  3.72537e-11  7.22795e-15  3.72464e-11
2.281252248e+01  3.7204264e-11  3.72043e-11  6.99319e-15  3.71973e-11
2.292658510e+01  3.7144521e-11  3.71445e-11  6.78393e-15  3.71377e-11
2.304121802e+01  3.7074933e-11  3.70749e-11  6.59852e-15  3.70683e-11
2.315642411e+01  3.6971086e-11  3.69711e-11  6.49620e-15  3.69646e-11
2.327220623e+01  3.6898338e-11  3.68983e-11  6.31681e-15  3.68920e-11
2.338856726e+01  3.6788445e-11  3.67884e-11  6.22645e-15  3.67822e-11
2.350551010e+01  3.6690322e-11  3.66903e-11  6.10629e-15  3.66842e-11
2.362303765e+01  3.6638973e-11  3.66390e-11  5.87362e-15  3.66331e-11
2.374115284e+01  3.6606321e-11  3.66063e-11  5.59704e-15  3.66007e-11
2.385985860e+01  3.6611936e-11  3.66119e-11  5.23142e-15  3.66067e-11
2.397915789e+01  3.6568538e-11  3.65685e-11  4.98240e-15  3.65636e-11
2.409905368e+01  3.6490106e-11  3.64901e-11  4.81542e-15  3.64853e-11
2.421954895e+01  3.6481290e-11  3.64813e-11  4.48752e-15  3.64768e-11
2.434064670e+01  3.6370210e-11  3.63702e-11  4.39594e-15  3.63658e-11
2.446234993e+01  3.6185762e-11  3.61858e-11  4.47058e-15  3.61813e-11
2.458466168e+01  3.6095990e-11  3.60960e-11  4.32766e-15  3.60917e-11
2.470758499e+01  3.5933254e-11  3.59333e-11  4.34878e-15  3.59289e-11
2.483112291e+01  3.5818820e-11  3.58188e-11  4.25952e-15  3.58146e-11
2.495527853e+01  3.5726284e-11  3.57263e-11  4.12066e-15  3.57222e-11
