# ------------------------------------------------------------------------
# Radiance spectrum
# NASA-GSFC Planetary Spectrum Generator (PSG) (Villanueva et al. 2018, 2022)
# Synthesized on Sat Jan 27 21:49:36 2024
# Doppler velocities [km/s] (vobs,vrot+vorb,vwidth,vrfl,vstr): 0.00000,-0.00000,0.00000,-119.41115,-0.00000
# Spectral unit: Wavelength [um]
# Radiance unit: Spectral irradiance [W/m2/um]
# Wave/freq Total Object Reflected Thermal
5.000000000e-01  7.3352036e-12  7.33520e-12  7.33520e-12  5.47220e-48
5.025000000e-01  7.4088352e-12  7.40884e-12  7.40884e-12  8.63347e-48
5.050125000e-01  7.4823097e-12  7.48231e-12  7.48231e-12  1.35891e-47
5.075375625e-01  7.5556128e-12  7.55561e-12  7.55561e-12  2.13395e-47
5.100752503e-01  7.6287302e-12  7.62873e-12  7.62873e-12  3.34325e-47
5.126256266e-01  7.7016480e-12  7.70165e-12  7.70165e-12  5.22580e-47
5.151887547e-01  7.7743519e-12  7.77435e-12  7.77435e-12  8.14964e-47
5.177646985e-01  7.8468279e-12  7.84683e-12  7.84683e-12  1.26804e-46
5.203535220e-01  7.9190622e-12  7.91906e-12  7.91906e-12  1.96851e-46
5.229552896e-01  7.9910407e-12  7.99104e-12  7.99104e-12  3.04902e-46
5.255700660e-01  8.0627497e-12  8.06275e-12  8.06275e-12  4.71201e-46
5.281979164e-01  8.1341755e-12  8.13418e-12  8.13418e-12  7.26572e-46
5.308389059e-01  8.2053044e-12  8.20530e-12  8.20530e-12  1.11785e-45
5.334931005e-01  8.2761230e-12  8.27612e-12  8.27612e-12  1.71603e-45
5.361605660e-01  8.3466177e-12  8.34662e-12  8.34662e-12  2.62850e-45
5.388413688e-01  8.4167753e-12  8.41678e-12  8.41678e-12  4.01732e-45
5.415355756e-01  8.4865825e-12  8.48658e-12  8.48658e-12  6.12657e-45
5.442432535e-01  8.5560263e-12  8.55603e-12  8.55603e-12  9.32295e-45
5.469644698e-01  8.6250936e-12  8.62509e-12  8.62509e-12  1.41563e-44
5.496992921e-01  8.6937716e-12  8.69377e-12  8.69377e-12  2.14493e-44
5.524477886e-01  8.7620476e-12  8.76205e-12  8.76205e-12  3.24298e-44
5.552100275e-01  8.8299089e-12  8.82991e-12  8.82991e-12  4.89272e-44
5.579860777e-01  8.8973432e-12  8.89734e-12  8.89734e-12  7.36607e-44
5.607760081e-01  8.9643381e-12  8.96434e-12  8.96434e-12  1.10664e-43
5.635798881e-01  9.0308815e-12  9.03088e-12  9.03088e-12  1.65906e-43
5.663977875e-01  9.0969612e-12  9.09696e-12  9.09696e-12  2.48206e-43
5.692297765e-01  9.1625655e-12  9.16257e-12  9.16257e-12  3.70561e-43
5.720759254e-01  9.2276827e-12  9.22768e-12  9.22768e-12  5.52089e-43
5.749363050e-01  9.2923012e-12  9.29230e-12  9.29230e-12  8.20851e-43
5.778109865e-01  9.3564097e-12  9.35641e-12  9.35641e-12  1.21795e-42
5.807000414e-01  9.4199969e-12  9.42000e-12  9.42000e-12  1.80348e-42
5.836035417e-01  9.4830517e-12  9.48305e-12  9.48305e-12  2.66509e-42
5.865215594e-01  9.5455634e-12  9.54556e-12  9.54556e-12  3.93040e-42
5.894541672e-01  9.6075213e-12  9.60752e-12  9.60752e-12  5.78481e-42
5.924014380e-01  9.6689148e-12  9.66891e-12  9.66891e-12  8.49717e-42
5.953634452e-01  9.7297337e-12  9.72973e-12  9.72973e-12  1.24565e-41
5.983402624e-01  9.7899677e-12  9.78997e-12  9.78997e-12  1.82247e-41
6.013319637e-01  9.8496070e-12  9.84961e-12  9.84961e-12  2.66115e-41
6.043386235e-01  9.9086418e-12  9.90864e-12  9.90864e-12  3.87818e-41
6.073603167e-01  9.9670626e-12  9.96706e-12  9.96706e-12  5.64079e-41
6.103971182e-01  1.0024860e-11  1.00249e-11  1.00249e-11  8.18862e-41
6.134491038e-01  1.0082025e-11  1.00820e-11  1.00820e-11  1.18644e-40
6.165163494e-01  1.0138548e-11  1.01385e-11  1.01385e-11  1.71571e-40
6.195989311e-01  1.0194421e-11  1.01944e-11  1.01944e-11  2.47636e-40
6.226969258e-01  1.0249635e-11  1.02496e-11  1.02496e-11  3.56746e-40
6.258104104e-01  1.0304183e-11  1.03042e-11  1.03042e-11  5.12959e-40
6.289394624e-01  1.0358054e-11  1.03581e-11  1.03581e-11  7.36189e-40
6.320841597e-01  1.0411243e-11  1.04112e-11  1.04112e-11  1.05459e-39
6.352445805e-01  1.0463741e-11  1.04637e-11  1.04637e-11  1.50789e-39
6.384208035e-01  1.0515540e-11  1.05155e-11  1.05155e-11  2.15203e-39
6.416129075e-01  1.0566633e-11  1.05666e-11  1.05666e-11  3.06569e-39
6.448209720e-01  1.0617014e-11  1.06170e-11  1.06170e-11  4.35923e-39
6.480450769e-01  1.0666675e-11  1.06667e-11  1.06667e-11  6.18727e-39
6.512853022e-01  1.0715609e-11  1.07156e-11  1.07156e-11  8.76597e-39
6.545417288e-01  1.0763811e-11  1.07638e-11  1.07638e-11  1.23970e-38
6.578144374e-01  1.0811274e-11  1.08113e-11  1.08113e-11  1.75005e-38
6.611035096e-01  1.0857992e-11  1.08580e-11  1.08580e-11  2.46607e-38
6.644090271e-01  1.0903960e-11  1.09040e-11  1.09040e-11  3.46888e-38
6.677310723e-01  1.0949171e-11  1.09492e-11  1.09492e-11  4.87084e-38
6.710697276e-01  1.0993620e-11  1.09936e-11  1.09936e-11  6.82734e-38
6.744250763e-01  1.1037302e-11  1.10373e-11  1.10373e-11  9.55296e-38
6.777972017e-01  1.1080213e-11  1.10802e-11  1.10802e-11  1.33434e-37
6.811861877e-01  1.1122348e-11  1.11223e-11  1.11223e-11  1.86054e-37
6.845921186e-01  1.1163702e-11  1.11637e-11  1.11637e-11  2.58978e-37
6.880150792e-01  1.1204270e-11  1.12043e-11  1.12043e-11  3.59865e-37
6.914551546e-01  1.1244050e-11  1.12440e-11  1.12440e-11  4.99197e-37
6.949124304e-01  1.1283036e-11  1.12830e-11  1.12830e-11  6.91299e-37
6.983869925e-01  1.1321226e-11  1.13212e-11  1.13212e-11  9.55705e-37
7.018789275e-01  1.1358616e-11  1.13586e-11  1.13586e-11  1.31901e-36
7.053883221e-01  1.1395203e-11  1.13952e-11  1.13952e-11  1.81739e-36
7.089152637e-01  1.1430984e-11  1.14310e-11  1.14310e-11  2.49988e-36
7.124598400e-01  1.1465956e-11  1.14660e-11  1.14660e-11  3.43297e-36
7.160221392e-01  1.1500117e-11  1.15001e-11  1.15001e-11  4.70657e-36
7.196022499e-01  1.1533464e-11  1.15335e-11  1.15335e-11  6.44204e-36
7.232002612e-01  1.1565995e-11  1.15660e-11  1.15660e-11  8.80304e-36
7.268162625e-01  1.1597708e-11  1.15977e-11  1.15977e-11  1.20098e-35
7.304503438e-01  1.1628602e-11  1.16286e-11  1.16286e-11  1.63581e-35
7.341025955e-01  1.1658675e-11  1.16587e-11  1.16587e-11  2.22449e-35
7.377731085e-01  1.1687925e-11  1.16879e-11  1.16879e-11  3.02018e-35
7.414619740e-01  1.1716352e-11  1.17164e-11  1.17164e-11  4.09395e-35
7.451692839e-01  1.1743955e-11  1.17440e-11  1.17440e-11  5.54066e-35
7.488951303e-01  1.1770733e-11  1.17707e-11  1.17707e-11  7.48677e-35
7.526396060e-01  1.1796685e-11  1.17967e-11  1.17967e-11  1.01005e-34
7.564028040e-01  1.1821811e-11  1.18218e-11  1.18218e-11  1.36055e-34
7.601848180e-01  1.1846112e-11  1.18461e-11  1.18461e-11  1.82983e-34
7.639857421e-01  1.1869586e-11  1.18696e-11  1.18696e-11  2.45716e-34
7.678056708e-01  1.1892235e-11  1.18922e-11  1.18922e-11  3.29448e-34
7.716446992e-01  1.1914059e-11  1.19141e-11  1.19141e-11  4.41036e-34
7.755029227e-01  1.1935057e-11  1.19351e-11  1.19351e-11  5.89520e-34
7.793804373e-01  1.1955233e-11  1.19552e-11  1.19552e-11  7.86800e-34
7.832773395e-01  1.1974585e-11  1.19746e-11  1.19746e-11  1.04851e-33
7.871937262e-01  1.1993115e-11  1.19931e-11  1.19931e-11  1.39518e-33
7.911296948e-01  1.2010825e-11  1.20108e-11  1.20108e-11  1.85369e-33
7.950853433e-01  1.2027717e-11  1.20277e-11  1.20277e-11  2.45922e-33
7.990607700e-01  1.2043791e-11  1.20438e-11  1.20438e-11  3.25773e-33
8.030560739e-01  1.2059050e-11  1.20590e-11  1.20590e-11  4.30917e-33
8.070713542e-01  1.2073495e-11  1.20735e-11  1.20735e-11  5.69160e-33
8.111067110e-01  1.2087130e-11  1.20871e-11  1.20871e-11  7.50658e-33
8.151622446e-01  1.2099955e-11  1.21000e-11  1.21000e-11  9.88597e-33
8.192380558e-01  1.2111974e-11  1.21120e-11  1.21120e-11  1.30008e-32
8.233342461e-01  1.2123189e-11  1.21232e-11  1.21232e-11  1.70724e-32
8.274509173e-01  1.2133604e-11  1.21336e-11  1.21336e-11  2.23872e-32
8.315881719e-01  1.2143220e-11  1.21432e-11  1.21432e-11  2.93148e-32
8.357461127e-01  1.2152042e-11  1.21520e-11  1.21520e-11  3.83318e-32
8.399248433e-01  1.2160072e-11  1.21601e-11  1.21601e-11  5.00517e-32
8.441244675e-01  1.2167313e-11  1.21673e-11  1.21673e-11  6.52635e-32
8.483450899e-01  1.2173770e-11  1.21738e-11  1.21738e-11  8.49799e-32
8.525868153e-01  1.2179446e-11  1.21794e-11  1.21794e-11  1.10499e-31
8.568497494e-01  1.2184344e-11  1.21843e-11  1.21843e-11  1.43484e-31
8.611339981e-01  1.2188469e-11  1.21885e-11  1.21885e-11  1.86058e-31
8.654396681e-01  1.2191825e-11  1.21918e-11  1.21918e-11  2.40936e-31
8.697668665e-01  1.2194415e-11  1.21944e-11  1.21944e-11  3.11576e-31
8.741157008e-01  1.2196244e-11  1.21962e-11  1.21962e-11  4.02382e-31
8.784862793e-01  1.2197317e-11  1.21973e-11  1.21973e-11  5.18953e-31
8.828787107e-01  1.2197638e-11  1.21976e-11  1.21976e-11  6.68398e-31
8.872931042e-01  1.2197211e-11  1.21972e-11  1.21972e-11  8.59732e-31
8.917295698e-01  1.2196042e-11  1.21960e-11  1.21960e-11  1.10437e-30
8.961882176e-01  1.2194135e-11  1.21941e-11  1.21941e-11  1.41675e-30
9.006691587e-01  1.2191495e-11  1.21915e-11  1.21915e-11  1.81510e-30
9.051725045e-01  1.2188127e-11  1.21881e-11  1.21881e-11  2.32243e-30
9.096983670e-01  1.2184037e-11  1.21840e-11  1.21840e-11  2.96768e-30
9.142468589e-01  1.2179229e-11  1.21792e-11  1.21792e-11  3.78731e-30
9.188180931e-01  1.2173710e-11  1.21737e-11  1.21737e-11  4.82708e-30
9.234121836e-01  1.2167484e-11  1.21675e-11  1.21675e-11  6.14444e-30
9.280292445e-01  1.2160557e-11  1.21606e-11  1.21606e-11  7.81135e-30
9.326693908e-01  1.2152934e-11  1.21529e-11  1.21529e-11  9.91789e-30
9.373327377e-01  1.2144622e-11  1.21446e-11  1.21446e-11  1.25766e-29
9.420194014e-01  1.2135626e-11  1.21356e-11  1.21356e-11  1.59281e-29
9.467294984e-01  1.2125952e-11  1.21260e-11  1.21260e-11  2.01474e-29
9.514631459e-01  1.2115606e-11  1.21156e-11  1.21156e-11  2.54528e-29
9.562204616e-01  1.2104594e-11  1.21046e-11  1.21046e-11  3.21155e-29
9.610015639e-01  1.2092922e-11  1.20929e-11  1.20929e-11  4.04724e-29
9.658065718e-01  1.2080596e-11  1.20806e-11  1.20806e-11  5.09415e-29
9.706356046e-01  1.2067622e-11  1.20676e-11  1.20676e-11  6.40404e-29
9.754887826e-01  1.2054007e-11  1.20540e-11  1.20540e-11  8.04101e-29
9.803662265e-01  1.2039757e-11  1.20398e-11  1.20398e-11  1.00842e-28
9.852680577e-01  1.2024879e-11  1.20249e-11  1.20249e-11  1.26314e-28
9.901943980e-01  1.2009378e-11  1.20094e-11  1.20094e-11  1.58032e-28
9.951453700e-01  1.1993262e-11  1.19933e-11  1.19933e-11  1.97478e-28
1.000121097e+00  1.1976536e-11  1.19765e-11  1.19765e-11  2.46479e-28
1.005121702e+00  1.1959208e-11  1.19592e-11  1.19592e-11  3.07277e-28
1.010147311e+00  1.1941284e-11  1.19413e-11  1.19413e-11  3.82624e-28
1.015198047e+00  1.1922771e-11  1.19228e-11  1.19228e-11  4.75890e-28
1.020274038e+00  1.1903676e-11  1.19037e-11  1.19037e-11  5.91205e-28
1.025375408e+00  1.1884004e-11  1.18840e-11  1.18840e-11  7.33616e-28
1.030502285e+00  1.1863764e-11  1.18638e-11  1.18638e-11  9.09286e-28
1.035654796e+00  1.1842962e-11  1.18430e-11  1.18430e-11  1.12573e-27
1.040833070e+00  1.1821604e-11  1.18216e-11  1.18216e-11  1.39212e-27
1.046037236e+00  1.1799698e-11  1.17997e-11  1.17997e-11  1.71960e-27
1.051267422e+00  1.1777251e-11  1.17773e-11  1.17773e-11  2.12173e-27
1.056523759e+00  1.1754269e-11  1.17543e-11  1.17543e-11  2.61496e-27
1.061806378e+00  1.1730759e-11  1.17308e-11  1.17308e-11  3.21927e-27
1.067115410e+00  1.1706729e-11  1.17067e-11  1.17067e-11  3.95883e-27
1.072450987e+00  1.1682186e-11  1.16822e-11  1.16822e-11  4.86293e-27
1.077813242e+00  1.1657136e-11  1.16571e-11  1.16571e-11  5.96694e-27
1.083202308e+00  1.1631586e-11  1.16316e-11  1.16316e-11  7.31361e-27
1.088618319e+00  1.1605544e-11  1.16055e-11  1.16055e-11  8.95445e-27
1.094061411e+00  1.1579016e-11  1.15790e-11  1.15790e-11  1.09516e-26
1.099531718e+00  1.1552010e-11  1.15520e-11  1.15520e-11  1.33797e-26
1.105029377e+00  1.1524533e-11  1.15245e-11  1.15245e-11  1.63288e-26
1.110554523e+00  1.1496591e-11  1.14966e-11  1.14966e-11  1.99066e-26
1.116107296e+00  1.1468192e-11  1.14682e-11  1.14682e-11  2.42426e-26
1.121687832e+00  1.1439343e-11  1.14393e-11  1.14393e-11  2.94919e-26
1.127296272e+00  1.1410051e-11  1.14101e-11  1.14101e-11  3.58403e-26
1.132932753e+00  1.1380323e-11  1.13803e-11  1.13803e-11  4.35097e-26
1.138597417e+00  1.1350165e-11  1.13502e-11  1.13502e-11  5.27655e-26
1.144290404e+00  1.1319586e-11  1.13196e-11  1.13196e-11  6.39241e-26
1.150011856e+00  1.1288592e-11  1.12886e-11  1.12886e-11  7.73628e-26
1.155761915e+00  1.1257190e-11  1.12572e-11  1.12572e-11  9.35310e-26
1.161540725e+00  1.1225387e-11  1.12254e-11  1.12254e-11  1.12963e-25
1.167348428e+00  1.1193190e-11  1.11932e-11  1.11932e-11  1.36294e-25
1.173185171e+00  1.1160607e-11  1.11606e-11  1.11606e-11  1.64278e-25
1.179051096e+00  1.1127643e-11  1.11276e-11  1.11276e-11  1.97809e-25
1.184946352e+00  1.1094307e-11  1.10943e-11  1.10943e-11  2.37946e-25
1.190871084e+00  1.1060604e-11  1.10606e-11  1.10606e-11  2.85944e-25
1.196825439e+00  1.1026543e-11  1.10265e-11  1.10265e-11  3.43284e-25
1.202809566e+00  1.0992129e-11  1.09921e-11  1.09921e-11  4.11716e-25
1.208823614e+00  1.0957370e-11  1.09574e-11  1.09574e-11  4.93308e-25
1.214867732e+00  1.0922272e-11  1.09223e-11  1.09223e-11  5.90493e-25
1.220942071e+00  1.0886843e-11  1.08868e-11  1.08868e-11  7.06140e-25
1.227046781e+00  1.0851088e-11  1.08511e-11  1.08511e-11  8.43623e-25
1.233182015e+00  1.0815016e-11  1.08150e-11  1.08150e-11  1.00691e-24
1.239347925e+00  1.0778632e-11  1.07786e-11  1.07786e-11  1.20065e-24
1.245544665e+00  1.0741944e-11  1.07419e-11  1.07419e-11  1.43030e-24
1.251772388e+00  1.0704957e-11  1.07050e-11  1.07050e-11  1.70228e-24
1.258031250e+00  1.0667679e-11  1.06677e-11  1.06677e-11  2.02407e-24
1.264321406e+00  1.0630116e-11  1.06301e-11  1.06301e-11  2.40444e-24
1.270643013e+00  1.0592275e-11  1.05923e-11  1.05923e-11  2.85363e-24
1.276996228e+00  1.0554162e-11  1.05542e-11  1.05542e-11  3.38359e-24
1.283381209e+00  1.0515784e-11  1.05158e-11  1.05158e-11  4.00829e-24
1.289798116e+00  1.0477148e-11  1.04771e-11  1.04771e-11  4.74397e-24
1.296247106e+00  1.0438259e-11  1.04383e-11  1.04383e-11  5.60954e-24
1.302728342e+00  1.0399124e-11  1.03991e-11  1.03991e-11  6.62703e-24
1.309241983e+00  1.0359749e-11  1.03597e-11  1.03597e-11  7.82201e-24
1.315788193e+00  1.0320141e-11  1.03201e-11  1.03201e-11  9.22416e-24
1.322367134e+00  1.0280306e-11  1.02803e-11  1.02803e-11  1.08679e-23
1.328978970e+00  1.0240250e-11  1.02403e-11  1.02403e-11  1.27932e-23
1.335623865e+00  1.0199980e-11  1.02000e-11  1.02000e-11  1.50463e-23
1.342301984e+00  1.0159501e-11  1.01595e-11  1.01595e-11  1.76805e-23
1.349013494e+00  1.0118819e-11  1.01188e-11  1.01188e-11  2.07577e-23
1.355758561e+00  1.0077941e-11  1.00779e-11  1.00779e-11  2.43492e-23
1.362537354e+00  1.0036873e-11  1.00369e-11  1.00369e-11  2.85373e-23
1.369350041e+00  9.9956196e-12  9.99562e-12  9.99562e-12  3.34170e-23
1.376196791e+00  9.9541881e-12  9.95419e-12  9.95419e-12  3.90973e-23
1.383077775e+00  9.9125837e-12  9.91258e-12  9.91258e-12  4.57041e-23
1.389993164e+00  9.8708124e-12  9.87081e-12  9.87081e-12  5.33819e-23
1.396943130e+00  9.8288799e-12  9.82888e-12  9.82888e-12  6.22967e-23
1.403927846e+00  9.7867918e-12  9.78679e-12  9.78679e-12  7.26390e-23
1.410947485e+00  9.7445539e-12  9.74455e-12  9.74455e-12  8.46273e-23
1.418002222e+00  9.7021717e-12  9.70217e-12  9.70217e-12  9.85120e-23
1.425092233e+00  9.6596508e-12  9.65965e-12  9.65965e-12  1.14579e-22
1.432217694e+00  9.6169966e-12  9.61700e-12  9.61700e-12  1.33158e-22
1.439378783e+00  9.5742147e-12  9.57421e-12  9.57421e-12  1.54621e-22
1.446575677e+00  9.5313104e-12  9.53131e-12  9.53131e-12  1.79397e-22
1.453808555e+00  9.4882890e-12  9.48829e-12  9.48829e-12  2.07973e-22
1.461077598e+00  9.4451559e-12  9.44516e-12  9.44516e-12  2.40907e-22
1.468382986e+00  9.4019162e-12  9.40192e-12  9.40192e-12  2.78831e-22
1.475724901e+00  9.3585753e-12  9.35858e-12  9.35858e-12  3.22466e-22
1.483103525e+00  9.3151381e-12  9.31514e-12  9.31514e-12  3.72633e-22
1.490519043e+00  9.2716098e-12  9.27161e-12  9.27161e-12  4.30263e-22
1.497971638e+00  9.2279954e-12  9.22800e-12  9.22800e-12  4.96413e-22
1.505461496e+00  9.1842998e-12  9.18430e-12  9.18430e-12  5.72283e-22
1.512988804e+00  9.1405281e-12  9.14053e-12  9.14053e-12  6.59233e-22
1.520553748e+00  9.0966850e-12  9.09668e-12  9.09668e-12  7.58803e-22
1.528156517e+00  9.0527753e-12  9.05278e-12  9.05278e-12  8.72737e-22
1.535797299e+00  9.0088039e-12  9.00880e-12  9.00880e-12  1.00300e-21
1.543476286e+00  8.9647753e-12  8.96478e-12  8.96478e-12  1.15183e-21
1.551193667e+00  8.9206944e-12  8.92069e-12  8.92069e-12  1.32174e-21
1.558949636e+00  8.8765655e-12  8.87657e-12  8.87657e-12  1.51555e-21
1.566744384e+00  8.8323933e-12  8.83239e-12  8.83239e-12  1.73647e-21
1.574578106e+00  8.7881823e-12  8.78818e-12  8.78818e-12  1.98810e-21
1.582450996e+00  8.7439368e-12  8.74394e-12  8.74394e-12  2.27450e-21
1.590363251e+00  8.6996613e-12  8.69966e-12  8.69966e-12  2.60021e-21
1.598315067e+00  8.6553601e-12  8.65536e-12  8.65536e-12  2.97037e-21
1.606306643e+00  8.6110374e-12  8.61104e-12  8.61104e-12  3.39073e-21
1.614338176e+00  8.5666974e-12  8.56670e-12  8.56670e-12  3.86774e-21
1.622409867e+00  8.5223443e-12  8.52234e-12  8.52234e-12  4.40863e-21
1.630521916e+00  8.4779822e-12  8.47798e-12  8.47798e-12  5.02152e-21
1.638674526e+00  8.4336151e-12  8.43362e-12  8.43362e-12  5.71550e-21
1.646867898e+00  8.3892471e-12  8.38925e-12  8.38925e-12  6.50070e-21
1.655102238e+00  8.3448819e-12  8.34488e-12  8.34488e-12  7.38849e-21
1.663377749e+00  8.3005236e-12  8.30052e-12  8.30052e-12  8.39156e-21
1.671694638e+00  8.2561760e-12  8.25618e-12  8.25618e-12  9.52406e-21
1.680053111e+00  8.2118428e-12  8.21184e-12  8.21184e-12  1.08018e-20
1.688453377e+00  8.1675277e-12  8.16753e-12  8.16753e-12  1.22424e-20
1.696895643e+00  8.1232345e-12  8.12323e-12  8.12323e-12  1.38654e-20
1.705380122e+00  8.0789667e-12  8.07897e-12  8.07897e-12  1.56927e-20
1.713907022e+00  8.0347279e-12  8.03473e-12  8.03473e-12  1.77485e-20
1.722476557e+00  7.9905215e-12  7.99052e-12  7.99052e-12  2.00599e-20
1.731088940e+00  7.9463511e-12  7.94635e-12  7.94635e-12  2.26568e-20
1.739744385e+00  7.9022201e-12  7.90222e-12  7.90222e-12  2.55726e-20
1.748443107e+00  7.8581317e-12  7.85813e-12  7.85813e-12  2.88440e-20
1.757185322e+00  7.8140894e-12  7.81409e-12  7.81409e-12  3.25120e-20
1.765971249e+00  7.7700962e-12  7.77010e-12  7.77010e-12  3.66219e-20
1.774801105e+00  7.7261555e-12  7.72616e-12  7.72616e-12  4.12239e-20
1.783675111e+00  7.6822704e-12  7.68227e-12  7.68227e-12  4.63734e-20
1.792593486e+00  7.6384440e-12  7.63844e-12  7.63844e-12  5.21317e-20
1.801556454e+00  7.5946792e-12  7.59468e-12  7.59468e-12  5.85666e-20
1.810564236e+00  7.5509792e-12  7.55098e-12  7.55098e-12  6.57528e-20
1.819617057e+00  7.5073467e-12  7.50735e-12  7.50735e-12  7.37727e-20
1.828715142e+00  7.4637848e-12  7.46378e-12  7.46378e-12  8.27174e-20
1.837858718e+00  7.4202963e-12  7.42030e-12  7.42030e-12  9.26868e-20
1.847048012e+00  7.3768839e-12  7.37688e-12  7.37688e-12  1.03791e-19
1.856283252e+00  7.3335504e-12  7.33355e-12  7.33355e-12  1.16152e-19
1.865564668e+00  7.2902985e-12  7.29030e-12  7.29030e-12  1.29903e-19
1.874892491e+00  7.2471309e-12  7.24713e-12  7.24713e-12  1.45189e-19
1.884266954e+00  7.2040500e-12  7.20405e-12  7.20405e-12  1.62173e-19
1.893688289e+00  7.1610586e-12  7.16106e-12  7.16106e-12  1.81030e-19
1.903156730e+00  7.1181590e-12  7.11816e-12  7.11816e-12  2.01954e-19
1.912672514e+00  7.0753538e-12  7.07535e-12  7.07535e-12  2.25158e-19
1.922235876e+00  7.0326453e-12  7.03265e-12  7.03265e-12  2.50873e-19
1.931847056e+00  6.9900359e-12  6.99004e-12  6.99004e-12  2.79354e-19
1.941506291e+00  6.9475280e-12  6.94753e-12  6.94753e-12  3.10878e-19
1.951213822e+00  6.9051237e-12  6.90512e-12  6.90512e-12  3.45751e-19
1.960969892e+00  6.8628254e-12  6.86283e-12  6.86283e-12  3.84303e-19
1.970774741e+00  6.8206352e-12  6.82064e-12  6.82063e-12  4.26897e-19
1.980628615e+00  6.7785552e-12  6.77856e-12  6.77855e-12  4.73929e-19
1.990531758e+00  6.7365876e-12  6.73659e-12  6.73659e-12  5.25830e-19
2.000484417e+00  6.6947343e-12  6.69473e-12  6.69473e-12  5.83070e-19
2.010486839e+00  6.6529974e-12  6.65300e-12  6.65300e-12  6.46161e-19
2.020539273e+00  6.6113788e-12  6.61138e-12  6.61138e-12  7.15659e-19
2.030641969e+00  6.5698806e-12  6.56988e-12  6.56988e-12  7.92170e-19
2.040795179e+00  6.5285044e-12  6.52850e-12  6.52850e-12  8.76353e-19
2.050999155e+00  6.4872523e-12  6.48725e-12  6.48725e-12  9.68923e-19
2.061254151e+00  6.4461259e-12  6.44613e-12  6.44612e-12  1.07066e-18
2.071560421e+00  6.4051271e-12  6.40513e-12  6.40513e-12  1.18239e-18
2.081918224e+00  6.3642575e-12  6.36426e-12  6.36426e-12  1.30505e-18
2.092327815e+00  6.3235188e-12  6.32352e-12  6.32352e-12  1.43962e-18
2.102789454e+00  6.2829127e-12  6.28291e-12  6.28291e-12  1.58717e-18
2.113303401e+00  6.2424407e-12  6.24244e-12  6.24244e-12  1.74887e-18
2.123869918e+00  6.2021044e-12  6.20210e-12  6.20210e-12  1.92596e-18
2.134489268e+00  6.1619053e-12  6.16191e-12  6.16190e-12  2.11982e-18
2.145161714e+00  6.1218450e-12  6.12184e-12  6.12184e-12  2.33189e-18
2.155887523e+00  6.0819247e-12  6.08192e-12  6.08192e-12  2.56378e-18
2.166666960e+00  6.0421460e-12  6.04215e-12  6.04214e-12  2.81719e-18
2.177500295e+00  6.0025102e-12  6.00251e-12  6.00251e-12  3.09396e-18
2.188387796e+00  5.9630187e-12  5.96302e-12  5.96302e-12  3.39609e-18
2.199329735e+00  5.9236726e-12  5.92367e-12  5.92367e-12  3.72571e-18
2.210326384e+00  5.8844734e-12  5.88447e-12  5.88447e-12  4.08515e-18
2.221378016e+00  5.8454222e-12  5.84542e-12  5.84542e-12  4.47687e-18
2.232484906e+00  5.8065202e-12  5.80652e-12  5.80652e-12  4.90355e-18
2.243647331e+00  5.7677685e-12  5.76777e-12  5.76776e-12  5.36807e-18
2.254865567e+00  5.7291683e-12  5.72917e-12  5.72916e-12  5.87351e-18
2.266139895e+00  5.6907207e-12  5.69072e-12  5.69071e-12  6.42319e-18
2.277470595e+00  5.6524266e-12  5.65243e-12  5.65242e-12  7.02066e-18
2.288857948e+00  5.6142873e-12  5.61429e-12  5.61428e-12  7.66974e-18
2.300302237e+00  5.5763035e-12  5.57630e-12  5.57630e-12  8.37453e-18
2.311803748e+00  5.5384763e-12  5.53848e-12  5.53847e-12  9.13939e-18
2.323362767e+00  5.5008067e-12  5.50081e-12  5.50080e-12  9.96904e-18
2.334979581e+00  5.4632954e-12  5.46330e-12  5.46328e-12  1.08685e-17
2.346654479e+00  5.4259434e-12  5.42594e-12  5.42593e-12  1.18431e-17
2.358387751e+00  5.3887515e-12  5.38875e-12  5.38874e-12  1.28987e-17
2.370179690e+00  5.3517205e-12  5.35172e-12  5.35171e-12  1.40413e-17
2.382030589e+00  5.3148511e-12  5.31485e-12  5.31484e-12  1.52775e-17
2.393940742e+00  5.2781442e-12  5.27814e-12  5.27813e-12  1.66144e-17
2.405910445e+00  5.2416004e-12  5.24160e-12  5.24158e-12  1.80594e-17
2.417939997e+00  5.2052205e-12  5.20522e-12  5.20520e-12  1.96205e-17
2.430029697e+00  5.1690050e-12  5.16900e-12  5.16898e-12  2.13061e-17
2.442179846e+00  5.1329546e-12  5.13295e-12  5.13293e-12  2.31253e-17
2.454390745e+00  5.0970700e-12  5.09707e-12  5.09704e-12  2.50878e-17
2.466662699e+00  5.0613516e-12  5.06135e-12  5.06132e-12  2.72037e-17
2.478996012e+00  5.0258002e-12  5.02580e-12  5.02577e-12  2.94840e-17
2.491390992e+00  4.9904160e-12  4.99042e-12  4.99038e-12  3.19404e-17
2.503847947e+00  4.9551998e-12  4.95520e-12  4.95517e-12  3.45849e-17
2.516367187e+00  4.9201520e-12  4.92015e-12  4.92011e-12  3.74309e-17
2.528949023e+00  4.8852729e-12  4.88527e-12  4.88523e-12  4.04921e-17
2.541593768e+00  4.8505631e-12  4.85056e-12  4.85052e-12  4.37833e-17
2.554301737e+00  4.8160229e-12  4.81602e-12  4.81598e-12  4.73200e-17
2.567073246e+00  4.7816528e-12  4.78165e-12  4.78160e-12  5.11189e-17
2.579908612e+00  4.7474530e-12  4.74745e-12  4.74740e-12  5.51974e-17
2.592808155e+00  4.7134240e-12  4.71342e-12  4.71336e-12  5.95741e-17
2.605772196e+00  4.6795660e-12  4.67957e-12  4.67950e-12  6.42687e-17
2.618801057e+00  4.6458794e-12  4.64588e-12  4.64581e-12  6.93019e-17
2.631895062e+00  4.6123643e-12  4.61236e-12  4.61229e-12  7.46957e-17
2.645054537e+00  4.5790211e-12  4.57902e-12  4.57894e-12  8.04733e-17
2.658279810e+00  4.5458500e-12  4.54585e-12  4.54576e-12  8.66592e-17
2.671571209e+00  4.5128512e-12  4.51285e-12  4.51276e-12  9.32793e-17
2.684929065e+00  4.4800249e-12  4.48002e-12  4.47992e-12  1.00361e-16
2.698353710e+00  4.4473712e-12  4.44737e-12  4.44726e-12  1.07933e-16
2.711845479e+00  4.4148903e-12  4.41489e-12  4.41477e-12  1.16025e-16
2.725404706e+00  4.3825824e-12  4.38258e-12  4.38246e-12  1.24670e-16
2.739031730e+00  4.3504476e-12  4.35045e-12  4.35031e-12  1.33902e-16
2.752726889e+00  4.3184859e-12  4.31849e-12  4.31834e-12  1.43755e-16
2.766490523e+00  4.2866974e-12  4.28670e-12  4.28654e-12  1.54267e-16
2.780322976e+00  4.2550822e-12  4.25508e-12  4.25492e-12  1.65477e-16
2.794224591e+00  4.2236404e-12  4.22364e-12  4.22346e-12  1.77427e-16
2.808195713e+00  4.1923720e-12  4.19237e-12  4.19218e-12  1.90160e-16
2.822236692e+00  4.1612770e-12  4.16128e-12  4.16107e-12  2.03721e-16
2.836347875e+00  4.1303554e-12  4.13036e-12  4.13014e-12  2.18159e-16
2.850529615e+00  4.0996072e-12  4.09961e-12  4.09937e-12  2.33522e-16
2.864782263e+00  4.0690323e-12  4.06903e-12  4.06878e-12  2.49864e-16
2.879106174e+00  4.0386307e-12  4.03863e-12  4.03836e-12  2.67240e-16
2.893501705e+00  4.0084025e-12  4.00840e-12  4.00812e-12  2.85707e-16
2.907969214e+00  3.9783474e-12  3.97835e-12  3.97804e-12  3.05327e-16
2.922509060e+00  3.9484654e-12  3.94847e-12  3.94814e-12  3.26161e-16
2.937121605e+00  3.9187564e-12  3.91876e-12  3.91841e-12  3.48277e-16
2.951807213e+00  3.8892204e-12  3.88922e-12  3.88885e-12  3.71743e-16
2.966566249e+00  3.8598571e-12  3.85986e-12  3.85946e-12  3.96632e-16
2.981399080e+00  3.8306665e-12  3.83067e-12  3.83024e-12  4.23020e-16
2.996306076e+00  3.8016485e-12  3.80165e-12  3.80120e-12  4.50985e-16
3.011287606e+00  3.7728028e-12  3.77280e-12  3.77232e-12  4.80610e-16
3.026344044e+00  3.7441293e-12  3.74413e-12  3.74362e-12  5.11981e-16
3.041475764e+00  3.7156279e-12  3.71563e-12  3.71508e-12  5.45188e-16
3.056683143e+00  3.6872983e-12  3.68730e-12  3.68672e-12  5.80323e-16
3.071966559e+00  3.6591404e-12  3.65914e-12  3.65852e-12  6.17485e-16
3.087326392e+00  3.6311540e-12  3.63115e-12  3.63050e-12  6.56775e-16
3.102763024e+00  3.6033388e-12  3.60334e-12  3.60264e-12  6.98298e-16
3.118276839e+00  3.5756947e-12  3.57569e-12  3.57495e-12  7.42165e-16
3.133868223e+00  3.5482215e-12  3.54822e-12  3.54743e-12  7.88491e-16
3.149537564e+00  3.5209188e-12  3.52092e-12  3.52008e-12  8.37393e-16
3.165285252e+00  3.4937865e-12  3.49379e-12  3.49290e-12  8.88995e-16
3.181111678e+00  3.4668244e-12  3.46682e-12  3.46588e-12  9.43427e-16
3.197017237e+00  3.4400321e-12  3.44003e-12  3.43903e-12  1.00082e-15
3.213002323e+00  3.4134095e-12  3.41341e-12  3.41235e-12  1.06131e-15
3.229067334e+00  3.3869562e-12  3.38696e-12  3.38583e-12  1.12505e-15
3.245212671e+00  3.3606721e-12  3.36067e-12  3.35948e-12  1.19219e-15
3.261438734e+00  3.3345567e-12  3.33456e-12  3.33329e-12  1.26286e-15
3.277745928e+00  3.3086100e-12  3.30861e-12  3.30727e-12  1.33725e-15
3.294134658e+00  3.2828315e-12  3.28283e-12  3.28142e-12  1.41551e-15
3.310605331e+00  3.2572211e-12  3.25722e-12  3.25572e-12  1.49782e-15
3.327158358e+00  3.2317784e-12  3.23178e-12  3.23019e-12  1.58434e-15
3.343794149e+00  3.2065032e-12  3.20650e-12  3.20483e-12  1.67527e-15
3.360513120e+00  3.1813951e-12  3.18140e-12  3.17962e-12  1.77080e-15
3.377315686e+00  3.1564539e-12  3.15645e-12  3.15458e-12  1.87112e-15
3.394202264e+00  3.1316792e-12  3.13168e-12  3.12970e-12  1.97643e-15
3.411173276e+00  3.1070709e-12  3.10707e-12  3.10498e-12  2.08695e-15
3.428229142e+00  3.0826286e-12  3.08263e-12  3.08043e-12  2.20289e-15
3.445370288e+00  3.0583519e-12  3.05835e-12  3.05603e-12  2.32447e-15
3.462597139e+00  3.0342407e-12  3.03424e-12  3.03179e-12  2.45192e-15
3.479910125e+00  3.0102946e-12  3.01029e-12  3.00771e-12  2.58547e-15
3.497309675e+00  2.9865133e-12  2.98651e-12  2.98379e-12  2.72539e-15
3.514796224e+00  2.9628965e-12  2.96290e-12  2.96002e-12  2.87190e-15
3.532370205e+00  2.9394440e-12  2.93944e-12  2.93642e-12  3.02528e-15
3.550032056e+00  2.9161554e-12  2.91616e-12  2.91297e-12  3.18579e-15
3.567782216e+00  2.8930304e-12  2.89303e-12  2.88968e-12  3.35370e-15
3.585621127e+00  2.8700688e-12  2.87007e-12  2.86654e-12  3.52930e-15
3.603549233e+00  2.8472703e-12  2.84727e-12  2.84356e-12  3.71287e-15
3.621566979e+00  2.8246346e-12  2.82463e-12  2.82073e-12  3.90472e-15
3.639674814e+00  2.8021614e-12  2.80216e-12  2.79806e-12  4.10514e-15
3.657873188e+00  2.7798504e-12  2.77985e-12  2.77554e-12  4.31446e-15
3.676162554e+00  2.7577013e-12  2.75770e-12  2.75317e-12  4.53299e-15
3.694543367e+00  2.7357139e-12  2.73571e-12  2.73095e-12  4.76106e-15
3.713016084e+00  2.7138880e-12  2.71389e-12  2.70889e-12  4.99901e-15
3.731581164e+00  2.6922231e-12  2.69222e-12  2.68698e-12  5.24720e-15
3.750239070e+00  2.6707192e-12  2.67072e-12  2.66521e-12  5.50596e-15
3.768990265e+00  2.6493758e-12  2.64938e-12  2.64360e-12  5.77568e-15
3.787835216e+00  2.6281929e-12  2.62819e-12  2.62214e-12  6.05671e-15
3.806774393e+00  2.6071700e-12  2.60717e-12  2.60082e-12  6.34945e-15
3.825808265e+00  2.5863070e-12  2.58631e-12  2.57965e-12  6.65427e-15
3.844937306e+00  2.5656036e-12  2.56560e-12  2.55863e-12  6.97159e-15
3.864161992e+00  2.5450597e-12  2.54506e-12  2.53776e-12  7.30180e-15
3.883482802e+00  2.5246749e-12  2.52467e-12  2.51703e-12  7.64532e-15
3.902900216e+00  2.5044490e-12  2.50445e-12  2.49645e-12  8.00258e-15
3.922414717e+00  2.4843818e-12  2.48438e-12  2.47601e-12  8.37400e-15
3.942026791e+00  2.4644731e-12  2.46447e-12  2.45571e-12  8.76003e-15
3.961736925e+00  2.4447228e-12  2.44472e-12  2.43556e-12  9.16112e-15
3.981545610e+00  2.4251305e-12  2.42513e-12  2.41555e-12  9.57774e-15
4.001453338e+00  2.4056961e-12  2.40570e-12  2.39569e-12  1.00103e-14
4.021460604e+00  2.3864194e-12  2.38642e-12  2.37596e-12  1.04594e-14
4.041567907e+00  2.3673003e-12  2.36730e-12  2.35637e-12  1.09254e-14
4.061775747e+00  2.3483385e-12  2.34834e-12  2.33693e-12  1.14088e-14
4.082084626e+00  2.3295338e-12  2.32953e-12  2.31762e-12  1.19102e-14
4.102495049e+00  2.3108861e-12  2.31089e-12  2.29846e-12  1.24300e-14
4.123007524e+00  2.2923953e-12  2.29240e-12  2.27943e-12  1.29688e-14
4.143622562e+00  2.2740612e-12  2.27406e-12  2.26053e-12  1.35271e-14
4.164340674e+00  2.2558836e-12  2.25588e-12  2.24178e-12  1.41054e-14
4.185162378e+00  2.2378624e-12  2.23786e-12  2.22316e-12  1.47043e-14
4.206088190e+00  2.2199975e-12  2.22000e-12  2.20467e-12  1.53243e-14
4.227118631e+00  2.2022887e-12  2.20229e-12  2.18632e-12  1.59660e-14
4.248254224e+00  2.1847359e-12  2.18474e-12  2.16811e-12  1.66299e-14
4.269495495e+00  2.1673390e-12  2.16734e-12  2.15002e-12  1.73166e-14
4.290842972e+00  2.1500978e-12  2.15010e-12  2.13207e-12  1.80267e-14
4.312297187e+00  2.1330124e-12  2.13301e-12  2.11425e-12  1.87608e-14
4.333858673e+00  2.1160825e-12  2.11608e-12  2.09656e-12  1.95194e-14
4.355527967e+00  2.0993081e-12  2.09931e-12  2.07900e-12  2.03032e-14
4.377305606e+00  2.0826891e-12  2.08269e-12  2.06158e-12  2.11128e-14
4.399192134e+00  2.0662254e-12  2.06623e-12  2.04428e-12  2.19487e-14
4.421188095e+00  2.0499169e-12  2.04992e-12  2.02711e-12  2.28117e-14
4.443294036e+00  2.0337635e-12  2.03376e-12  2.01006e-12  2.37022e-14
4.465510506e+00  2.0177653e-12  2.01777e-12  1.99314e-12  2.46210e-14
4.487838058e+00  2.0019221e-12  2.00192e-12  1.97635e-12  2.55687e-14
4.510277249e+00  1.9862338e-12  1.98623e-12  1.95969e-12  2.65459e-14
4.532828635e+00  1.9707005e-12  1.97070e-12  1.94315e-12  2.75532e-14
4.555492778e+00  1.9553220e-12  1.95532e-12  1.92673e-12  2.85914e-14
4.578270242e+00  1.9400983e-12  1.94010e-12  1.91044e-12  2.96610e-14
4.601161593e+00  1.9250294e-12  1.92503e-12  1.89427e-12  3.07627e-14
4.624167401e+00  1.9101153e-12  1.91012e-12  1.87822e-12  3.18971e-14
4.647288238e+00  1.8953558e-12  1.89536e-12  1.86229e-12  3.30650e-14
4.670524679e+00  1.8807510e-12  1.88075e-12  1.84648e-12  3.42670e-14
4.693877303e+00  1.8663008e-12  1.86630e-12  1.83080e-12  3.55037e-14
4.717346689e+00  1.8520053e-12  1.85201e-12  1.81523e-12  3.67758e-14
4.740933423e+00  1.8378643e-12  1.83786e-12  1.79978e-12  3.80840e-14
4.764638090e+00  1.8238778e-12  1.82388e-12  1.78445e-12  3.94289e-14
4.788461280e+00  1.8100459e-12  1.81005e-12  1.76923e-12  4.08113e-14
4.812403587e+00  1.7963685e-12  1.79637e-12  1.75414e-12  4.22317e-14
4.836465604e+00  1.7828456e-12  1.78285e-12  1.73915e-12  4.36909e-14
4.860647933e+00  1.7694771e-12  1.76948e-12  1.72429e-12  4.51895e-14
4.884951172e+00  1.7562631e-12  1.75626e-12  1.70953e-12  4.67282e-14
4.909375928e+00  1.7432035e-12  1.74320e-12  1.69490e-12  4.83077e-14
4.933922808e+00  1.7302984e-12  1.73030e-12  1.68037e-12  4.99286e-14
4.958592422e+00  1.7175475e-12  1.71755e-12  1.66596e-12  5.15915e-14
4.983385384e+00  1.7049511e-12  1.70495e-12  1.65165e-12  5.32972e-14
5.008302311e+00  1.6925089e-12  1.69251e-12  1.63746e-12  5.50463e-14
5.033343822e+00  1.6802211e-12  1.68022e-12  1.62338e-12  5.68395e-14
5.058510541e+00  1.6680875e-12  1.66809e-12  1.60941e-12  5.86773e-14
5.083803094e+00  1.6561081e-12  1.65611e-12  1.59555e-12  6.05605e-14
5.109222110e+00  1.6442829e-12  1.64428e-12  1.58179e-12  6.24896e-14
5.134768220e+00  1.6326119e-12  1.63261e-12  1.56815e-12  6.44654e-14
5.160442061e+00  1.6210949e-12  1.62109e-12  1.55461e-12  6.64884e-14
5.186244272e+00  1.6097320e-12  1.60973e-12  1.54117e-12  6.85592e-14
5.212175493e+00  1.5985230e-12  1.59852e-12  1.52784e-12  7.06785e-14
5.238236370e+00  1.5874680e-12  1.58747e-12  1.51462e-12  7.28469e-14
5.264427552e+00  1.5765668e-12  1.57657e-12  1.50150e-12  7.50650e-14
5.290749690e+00  1.5658194e-12  1.56582e-12  1.48849e-12  7.73333e-14
5.317203438e+00  1.5552256e-12  1.55523e-12  1.47557e-12  7.96524e-14
5.343789456e+00  1.5447854e-12  1.54479e-12  1.46276e-12  8.20230e-14
5.370508403e+00  1.5344988e-12  1.53450e-12  1.45005e-12  8.44455e-14
5.397360945e+00  1.5243655e-12  1.52437e-12  1.43744e-12  8.69205e-14
5.424347750e+00  1.5143854e-12  1.51439e-12  1.42494e-12  8.94486e-14
5.451469488e+00  1.5045585e-12  1.50456e-12  1.41253e-12  9.20303e-14
5.478726836e+00  1.4948846e-12  1.49488e-12  1.40022e-12  9.46660e-14
5.506120470e+00  1.4853635e-12  1.48536e-12  1.38801e-12  9.73564e-14
5.533651072e+00  1.4759951e-12  1.47600e-12  1.37589e-12  1.00102e-13
5.561319328e+00  1.4667792e-12  1.46678e-12  1.36388e-12  1.02903e-13
5.589125924e+00  1.4577156e-12  1.45772e-12  1.35196e-12  1.05760e-13
5.617071554e+00  1.4488042e-12  1.44880e-12  1.34013e-12  1.08673e-13
5.645156912e+00  1.4400447e-12  1.44004e-12  1.32840e-12  1.11644e-13
5.673382696e+00  1.4314368e-12  1.43144e-12  1.31677e-12  1.14671e-13
5.701749610e+00  1.4229805e-12  1.42298e-12  1.30522e-12  1.17757e-13
5.730258358e+00  1.4146753e-12  1.41468e-12  1.29378e-12  1.20900e-13
5.758909650e+00  1.4065212e-12  1.40652e-12  1.28242e-12  1.24102e-13
5.787704198e+00  1.3985177e-12  1.39852e-12  1.27115e-12  1.27363e-13
5.816642719e+00  1.3906645e-12  1.39066e-12  1.25998e-12  1.30683e-13
5.845725932e+00  1.3829615e-12  1.38296e-12  1.24890e-12  1.34062e-13
5.874954562e+00  1.3754082e-12  1.37541e-12  1.23791e-12  1.37501e-13
5.904329335e+00  1.3680042e-12  1.36800e-12  1.22700e-12  1.41000e-13
5.933850982e+00  1.3607494e-12  1.36075e-12  1.21619e-12  1.44560e-13
5.963520237e+00  1.3536432e-12  1.35364e-12  1.20546e-12  1.48180e-13
5.993337838e+00  1.3466853e-12  1.34669e-12  1.19482e-12  1.51860e-13
6.023304527e+00  1.3398752e-12  1.33988e-12  1.18427e-12  1.55602e-13
6.053421050e+00  1.3332126e-12  1.33321e-12  1.17381e-12  1.59405e-13
6.083688155e+00  1.3266969e-12  1.32670e-12  1.16343e-12  1.63269e-13
6.114106596e+00  1.3203278e-12  1.32033e-12  1.15313e-12  1.67194e-13
6.144677129e+00  1.3141047e-12  1.31410e-12  1.14292e-12  1.71181e-13
6.175400514e+00  1.3080271e-12  1.30803e-12  1.13280e-12  1.75229e-13
6.206277517e+00  1.3020945e-12  1.30209e-12  1.12275e-12  1.79339e-13
6.237308904e+00  1.2963063e-12  1.29631e-12  1.11279e-12  1.83511e-13
6.268495449e+00  1.2915520e-12  1.29155e-12  1.10275e-12  1.88805e-13
6.299837926e+00  1.2876640e-12  1.28766e-12  1.09266e-12  1.95004e-13
6.331337116e+00  1.2840723e-12  1.28407e-12  1.08265e-12  2.01424e-13
6.362993801e+00  1.2807832e-12  1.28078e-12  1.07271e-12  2.08071e-13
6.394808770e+00  1.2777370e-12  1.27774e-12  1.06286e-12  2.14877e-13
6.426782814e+00  1.2749348e-12  1.27493e-12  1.05309e-12  2.21842e-13
6.458916728e+00  1.2724478e-12  1.27245e-12  1.04340e-12  2.29049e-13
6.491211312e+00  1.2703545e-12  1.27035e-12  1.03377e-12  2.36587e-13
6.523667368e+00  1.2684463e-12  1.26845e-12  1.02423e-12  2.44217e-13
6.556285705e+00  1.2669454e-12  1.26695e-12  1.01475e-12  2.52192e-13
6.589067134e+00  1.2658647e-12  1.26586e-12  1.00534e-12  2.60526e-13
6.622012469e+00  1.2649786e-12  1.26498e-12  9.96016e-13  2.68962e-13
6.655122532e+00  1.2644455e-12  1.26445e-12  9.86765e-13  2.77681e-13
6.688398144e+00  1.2642726e-12  1.26427e-12  9.77584e-13  2.86689e-13
6.721840135e+00  1.2645526e-12  1.26455e-12  9.68463e-13  2.96089e-13
6.755449336e+00  1.2651241e-12  1.26512e-12  9.59423e-13  3.05701e-13
6.789226583e+00  1.2658991e-12  1.26590e-12  9.50471e-13  3.15428e-13
6.823172715e+00  1.2673304e-12  1.26733e-12  9.41559e-13  3.25771e-13
6.857288579e+00  1.2690697e-12  1.26907e-12  9.32726e-13  3.36343e-13
6.891575022e+00  1.2710228e-12  1.27102e-12  9.23981e-13  3.47042e-13
6.926032897e+00  1.2734783e-12  1.27348e-12  9.15294e-13  3.58185e-13
6.960663062e+00  1.2762503e-12  1.27625e-12  9.06683e-13  3.69567e-13
6.995466377e+00  1.2797489e-12  1.27975e-12  8.98112e-13  3.81637e-13
7.030443709e+00  1.2837929e-12  1.28379e-12  8.89599e-13  3.94194e-13
7.065595927e+00  1.2879707e-12  1.28797e-12  8.81180e-13  4.06790e-13
7.100923907e+00  1.2924879e-12  1.29249e-12  8.72837e-13  4.19651e-13
7.136428526e+00  1.2975680e-12  1.29757e-12  8.64550e-13  4.33018e-13
7.172110669e+00  1.3031127e-12  1.30311e-12  8.56329e-13  4.46784e-13
7.207971222e+00  1.3090142e-12  1.30901e-12  8.48181e-13  4.60833e-13
7.244011079e+00  1.3150380e-12  1.31504e-12  8.40124e-13  4.74914e-13
7.280231134e+00  1.3214119e-12  1.32141e-12  8.32140e-13  4.89272e-13
7.316632290e+00  1.3287499e-12  1.32875e-12  8.24185e-13  5.04565e-13
7.353215451e+00  1.3363384e-12  1.33634e-12  8.16310e-13  5.20029e-13
7.389981528e+00  1.3442987e-12  1.34430e-12  8.08506e-13  5.35793e-13
7.426931436e+00  1.3521128e-12  1.35211e-12  8.00806e-13  5.51307e-13
7.464066093e+00  1.3601489e-12  1.36015e-12  7.93184e-13  5.66965e-13
7.501386424e+00  1.3688043e-12  1.36880e-12  7.85615e-13  5.83190e-13
7.538893356e+00  1.3769974e-12  1.37700e-12  7.78162e-13  5.98835e-13
7.576587822e+00  1.3851029e-12  1.38510e-12  7.70801e-13  6.14302e-13
7.614470762e+00  1.3928145e-12  1.39281e-12  7.63546e-13  6.29269e-13
7.652543115e+00  1.3999502e-12  1.39995e-12  7.56402e-13  6.43548e-13
7.690805831e+00  1.4061701e-12  1.40617e-12  7.49385e-13  6.56785e-13
7.729259860e+00  1.4109644e-12  1.41096e-12  7.42515e-13  6.68449e-13
7.767906159e+00  1.4139439e-12  1.41394e-12  7.35805e-13  6.78139e-13
7.806745690e+00  1.4139248e-12  1.41392e-12  7.29304e-13  6.84621e-13
7.845779419e+00  1.4101223e-12  1.41012e-12  7.23038e-13  6.87084e-13
7.885008316e+00  1.4020280e-12  1.40203e-12  7.17018e-13  6.85010e-13
7.924433357e+00  1.3860263e-12  1.38603e-12  7.11392e-13  6.74634e-13
7.964055524e+00  1.3605904e-12  1.36059e-12  7.06202e-13  6.54388e-13
8.003875802e+00  1.3269660e-12  1.32697e-12  7.01366e-13  6.25600e-13
8.043895181e+00  1.2834367e-12  1.28344e-12  6.96930e-13  5.86507e-13
8.084114657e+00  1.2323469e-12  1.23235e-12  6.92771e-13  5.39576e-13
8.124535230e+00  1.1909486e-12  1.19095e-12  6.88174e-13  5.02774e-13
8.165157906e+00  1.1704296e-12  1.17043e-12  6.82732e-13  4.87698e-13
8.205983696e+00  1.1661683e-12  1.16617e-12  6.76682e-13  4.89487e-13
8.247013614e+00  1.1757873e-12  1.17579e-12  6.70159e-13  5.05628e-13
8.288248682e+00  1.1974763e-12  1.19748e-12  6.63267e-13  5.34209e-13
8.329689926e+00  1.2307996e-12  1.23080e-12  6.56050e-13  5.74749e-13
8.371338375e+00  1.2764198e-12  1.27642e-12  6.48512e-13  6.27907e-13
8.413195067e+00  1.3355954e-12  1.33560e-12  6.40637e-13  6.94959e-13
8.455261042e+00  1.4106156e-12  1.41062e-12  6.32375e-13  7.78241e-13
8.497537348e+00  1.5042686e-12  1.50427e-12  6.23667e-13  8.80601e-13
8.540025034e+00  1.6099502e-12  1.60995e-12  6.14760e-13  9.95190e-13
8.582725160e+00  1.7387196e-12  1.73872e-12  6.05329e-13  1.13339e-12
8.625638785e+00  1.9080278e-12  1.90803e-12  5.94882e-13  1.31315e-12
8.668766979e+00  2.1138756e-12  2.11388e-12  5.83613e-13  1.53026e-12
8.712110814e+00  2.3609436e-12  2.36094e-12  5.71446e-13  1.78950e-12
8.755671368e+00  2.6279357e-12  2.62794e-12  5.59058e-13  2.06888e-12
8.799449725e+00  2.9350874e-12  2.93509e-12  5.45906e-13  2.38918e-12
8.843446974e+00  3.3080574e-12  3.30806e-12  5.31349e-13  2.77671e-12
8.887664209e+00  3.6814818e-12  3.68148e-12  5.17234e-13  3.16425e-12
8.932102530e+00  4.0720930e-12  4.07209e-12  5.03105e-13  3.56899e-12
8.976763042e+00  4.4661766e-12  4.46618e-12  4.89327e-13  3.97685e-12
9.021646857e+00  4.8532977e-12  4.85330e-12  4.76148e-13  4.37715e-12
9.066755092e+00  5.2324216e-12  5.23242e-12  4.63568e-13  4.76885e-12
9.112088867e+00  5.6163046e-12  5.61630e-12  4.51251e-13  5.16505e-12
9.157649312e+00  6.0366315e-12  6.03663e-12  4.38446e-13  5.59819e-12
9.203437558e+00  6.5599286e-12  6.55993e-12  4.23657e-13  6.13627e-12
9.249454746e+00  7.2845172e-12  7.28452e-12  4.04792e-13  6.87973e-12
9.295702020e+00  8.2755712e-12  8.27557e-12  3.80667e-13  7.89490e-12
9.342180530e+00  9.8502887e-12  9.85029e-12  3.44730e-13  9.50556e-12
9.388891432e+00  1.1712185e-11  1.17122e-11  3.04010e-13  1.14082e-11
9.435835890e+00  1.3256647e-11  1.32566e-11  2.71414e-13  1.29852e-11
9.483015069e+00  1.4521931e-11  1.45219e-11  2.45715e-13  1.42762e-11
9.530430144e+00  1.5335714e-11  1.53357e-11  2.29982e-13  1.51057e-11
9.578082295e+00  1.5695087e-11  1.56951e-11  2.23711e-13  1.54714e-11
9.625972707e+00  1.5714964e-11  1.57150e-11  2.24152e-13  1.54908e-11
9.674102570e+00  1.5435856e-11  1.54359e-11  2.30158e-13  1.52057e-11
9.722473083e+00  1.4829731e-11  1.48297e-11  2.41927e-13  1.45878e-11
9.771085448e+00  1.4014380e-11  1.40144e-11  2.56987e-13  1.37574e-11
9.819940876e+00  1.3162279e-11  1.31623e-11  2.72064e-13  1.28902e-11
9.869040580e+00  1.2252126e-11  1.22521e-11  2.87520e-13  1.19646e-11
9.918385783e+00  1.1328411e-11  1.13284e-11  3.02557e-13  1.10259e-11
9.967977712e+00  1.0424414e-11  1.04244e-11  3.16626e-13  1.01078e-11
1.001781760e+01  9.5633402e-12  9.56334e-12  3.29384e-13  9.23396e-12
1.006790669e+01  8.7592504e-12  8.75925e-12  3.40665e-13  8.41859e-12
1.011824622e+01  8.0189675e-12  8.01897e-12  3.50431e-13  7.66854e-12
1.016883745e+01  7.3447073e-12  7.34471e-12  3.58720e-13  6.98599e-12
1.021968164e+01  6.7975207e-12  6.79752e-12  3.64666e-13  6.43285e-12
1.027078005e+01  6.3020734e-12  6.30207e-12  3.69525e-13  5.93255e-12
1.032213395e+01  5.7998586e-12  5.79986e-12  3.74221e-13  5.42564e-12
1.037374462e+01  5.3516803e-12  5.35168e-12  3.77870e-13  4.97381e-12
1.042561334e+01  4.9520368e-12  4.95204e-12  3.80603e-13  4.57143e-12
1.047774141e+01  4.6324314e-12  4.63243e-12  3.82020e-13  4.25041e-12
1.053013012e+01  4.3457981e-12  4.34580e-12  3.82839e-13  3.96296e-12
1.058278077e+01  4.0574826e-12  4.05748e-12  3.83561e-13  3.67392e-12
1.063569467e+01  3.8015863e-12  3.80159e-12  3.83733e-13  3.41785e-12
1.068887314e+01  3.5977527e-12  3.59775e-12  3.83124e-13  3.21463e-12
1.074231751e+01  3.4154124e-12  3.41541e-12  3.82168e-13  3.03324e-12
1.079602910e+01  3.2328624e-12  3.23286e-12  3.81157e-13  2.85171e-12
1.085000924e+01  3.0878511e-12  3.08785e-12  3.79623e-13  2.70823e-12
1.090425929e+01  2.9596666e-12  2.95967e-12  3.77846e-13  2.58182e-12
1.095878058e+01  2.8447253e-12  2.84473e-12  3.75881e-13  2.46884e-12
1.101357449e+01  2.7440485e-12  2.74405e-12  3.73726e-13  2.37032e-12
1.106864236e+01  2.6552740e-12  2.65527e-12  3.71418e-13  2.28386e-12
1.112398557e+01  2.5786971e-12  2.57870e-12  3.68962e-13  2.20974e-12
1.117960550e+01  2.5125423e-12  2.51254e-12  3.66385e-13  2.14616e-12
1.123550353e+01  2.4577484e-12  2.45775e-12  3.63684e-13  2.09406e-12
1.129168104e+01  2.4128259e-12  2.41283e-12  3.60882e-13  2.05194e-12
1.134813945e+01  2.3829084e-12  2.38291e-12  3.57929e-13  2.02498e-12
1.140488015e+01  2.3577014e-12  2.35770e-12  3.54941e-13  2.00276e-12
1.146190455e+01  2.3426419e-12  2.34264e-12  3.51866e-13  1.99078e-12
1.151921407e+01  2.3390026e-12  2.33900e-12  3.48694e-13  1.99031e-12
1.157681014e+01  2.3462785e-12  2.34628e-12  3.45436e-13  2.00084e-12
1.163469419e+01  2.3646672e-12  2.36467e-12  3.42096e-13  2.02257e-12
1.169286766e+01  2.3936339e-12  2.39363e-12  3.38683e-13  2.05495e-12
1.175133200e+01  2.4399460e-12  2.43995e-12  3.35135e-13  2.10481e-12
1.181008866e+01  2.5031501e-12  2.50315e-12  3.31466e-13  2.17168e-12
1.186913910e+01  2.5775865e-12  2.57759e-12  3.27733e-13  2.24985e-12
1.192848480e+01  2.6712332e-12  2.67123e-12  3.23868e-13  2.34737e-12
1.198812722e+01  2.7873653e-12  2.78737e-12  3.19847e-13  2.46752e-12
1.204806786e+01  2.9507543e-12  2.95075e-12  3.15455e-13  2.63530e-12
1.210830820e+01  3.1571715e-12  3.15717e-12  3.10747e-13  2.84642e-12
1.216884974e+01  3.3904904e-12  3.39049e-12  3.05880e-13  3.08461e-12
1.222969399e+01  3.6827346e-12  3.68273e-12  3.00585e-13  3.38215e-12
1.229084246e+01  4.0527165e-12  4.05272e-12  2.94721e-13  3.75800e-12
1.235229667e+01  4.5268917e-12  4.52689e-12  2.88094e-13  4.23880e-12
1.241405815e+01  5.1453266e-12  5.14533e-12  2.80405e-13  4.86492e-12
1.247612845e+01  5.9685953e-12  5.96860e-12  2.71206e-13  5.69739e-12
1.253850909e+01  7.0934383e-12  7.09344e-12  2.59786e-13  6.83365e-12
1.260120163e+01  8.6845026e-12  8.68450e-12  2.44932e-13  8.43957e-12
1.266420764e+01  1.1053362e-11  1.10534e-11  2.24351e-13  1.08290e-11
1.272752868e+01  1.4741800e-11  1.47418e-11  1.94099e-13  1.45477e-11
1.279116632e+01  1.9697787e-11  1.96978e-11  1.54972e-13  1.95428e-11
1.285512215e+01  2.3581459e-11  2.35815e-11  1.24907e-13  2.34566e-11
1.291939776e+01  2.4646027e-11  2.46460e-11  1.16498e-13  2.45295e-11
1.298399475e+01  2.3117200e-11  2.31172e-11  1.27244e-13  2.29900e-11
1.304891473e+01  1.8871318e-11  1.88713e-11  1.57282e-13  1.87140e-11
1.311415930e+01  1.3950061e-11  1.39501e-11  1.91314e-13  1.37587e-11
1.317973010e+01  9.9477815e-12  9.94778e-12  2.17967e-13  9.72981e-12
1.324562875e+01  7.4151606e-12  7.41516e-12  2.33698e-13  7.18146e-12
1.331185689e+01  5.6542691e-12  5.65427e-12  2.43700e-13  5.41057e-12
1.337841618e+01  4.2520052e-12  4.25201e-12  2.50983e-13  4.00102e-12
1.344530826e+01  3.2977128e-12  3.29771e-12  2.55051e-13  3.04266e-12
1.351253480e+01  2.7013578e-12  2.70136e-12  2.56618e-13  2.44474e-12
1.358009747e+01  2.2661724e-12  2.26617e-12  2.57056e-13  2.00912e-12
1.364799796e+01  1.8951700e-12  1.89517e-12  2.57031e-13  1.63814e-12
1.371623795e+01  1.6503765e-12  1.65038e-12  2.56168e-13  1.39421e-12
1.378481914e+01  1.4626671e-12  1.46267e-12  2.54930e-13  1.20774e-12
1.385374323e+01  1.3141179e-12  1.31412e-12  2.53442e-13  1.06068e-12
1.392301195e+01  1.1979416e-12  1.19794e-12  2.51755e-13  9.46187e-13
1.399262701e+01  1.0929152e-12  1.09292e-12  2.50006e-13  8.42910e-13
1.406259015e+01  1.0207237e-12  1.02072e-12  2.48066e-13  7.72657e-13
1.413290310e+01  9.6298032e-13  9.62980e-13  2.46054e-13  7.16927e-13
1.420356761e+01  9.1640642e-13  9.16406e-13  2.43989e-13  6.72417e-13
1.427458545e+01  8.7981542e-13  8.79815e-13  2.41882e-13  6.37933e-13
1.434595838e+01  8.5029679e-13  8.50297e-13  2.39751e-13  6.10546e-13
1.441768817e+01  8.2747698e-13  8.27477e-13  2.37600e-13  5.89877e-13
1.448977661e+01  8.0968963e-13  8.09690e-13  2.35439e-13  5.74251e-13
1.456222549e+01  7.9697010e-13  7.96970e-13  2.33268e-13  5.63702e-13
1.463503662e+01  7.8806033e-13  7.88060e-13  2.31096e-13  5.56964e-13
1.470821180e+01  7.8341538e-13  7.83415e-13  2.28920e-13  5.54495e-13
1.478175286e+01  7.8046786e-13  7.80468e-13  2.26756e-13  5.53712e-13
1.485566163e+01  7.8052538e-13  7.80525e-13  2.24595e-13  5.55931e-13
1.492993994e+01  7.8230274e-13  7.82303e-13  2.22445e-13  5.59858e-13
1.500458964e+01  7.8711003e-13  7.87110e-13  2.20300e-13  5.66810e-13
1.507961258e+01  7.9365584e-13  7.93656e-13  2.18166e-13  5.75490e-13
1.515501065e+01  8.0107546e-13  8.01075e-13  2.16048e-13  5.85027e-13
1.523078570e+01  8.1155056e-13  8.11551e-13  2.13935e-13  5.97616e-13
1.530693963e+01  8.2378141e-13  8.23781e-13  2.11833e-13  6.11948e-13
1.538347433e+01  8.3558664e-13  8.35587e-13  2.09754e-13  6.25832e-13
1.546039170e+01  8.4871212e-13  8.48712e-13  2.07689e-13  6.41023e-13
1.553769366e+01  8.6578752e-13  8.65788e-13  2.05624e-13  6.60163e-13
1.561538212e+01  8.8462946e-13  8.84629e-13  2.03571e-13  6.81058e-13
1.569345903e+01  9.0216705e-13  9.02167e-13  2.01545e-13  7.00622e-13
1.577192633e+01  9.2102833e-13  9.21028e-13  1.99532e-13  7.21496e-13
1.585078596e+01  9.4121273e-13  9.41213e-13  1.97533e-13  7.43680e-13
1.593003989e+01  9.6271917e-13  9.62719e-13  1.95547e-13  7.67172e-13
1.600969009e+01  9.8554610e-13  9.85546e-13  1.93575e-13  7.91971e-13
1.608973854e+01  1.0140964e-12  1.01410e-12  1.91597e-13  8.22499e-13
1.617018723e+01  1.0448488e-12  1.04485e-12  1.89629e-13  8.55220e-13
1.625103817e+01  1.0725095e-12  1.07251e-12  1.87694e-13  8.84815e-13
1.633229336e+01  1.1014797e-12  1.10148e-12  1.85773e-13  9.15707e-13
1.641395483e+01  1.1321968e-12  1.13220e-12  1.83864e-13  9.48333e-13
1.649602460e+01  1.1646564e-12  1.16466e-12  1.81966e-13  9.82691e-13
1.657850473e+01  1.1988537e-12  1.19885e-12  1.80080e-13  1.01877e-12
1.666139725e+01  1.2343420e-12  1.23434e-12  1.78207e-13  1.05613e-12
1.674470424e+01  1.2715565e-12  1.27156e-12  1.76347e-13  1.09521e-12
1.682842776e+01  1.3104909e-12  1.31049e-12  1.74498e-13  1.13599e-12
1.691256990e+01  1.3506964e-12  1.35070e-12  1.72662e-13  1.17803e-12
1.699713274e+01  1.3926070e-12  1.39261e-12  1.70839e-13  1.22177e-12
1.708211841e+01  1.4353316e-12  1.43533e-12  1.69031e-13  1.26630e-12
1.716752900e+01  1.4713584e-12  1.47136e-12  1.67267e-13  1.30409e-12
1.725336665e+01  1.5077455e-12  1.50775e-12  1.65519e-13  1.34223e-12
1.733963348e+01  1.5515441e-12  1.55154e-12  1.63761e-13  1.38778e-12
1.742633165e+01  1.5943609e-12  1.59436e-12  1.62024e-13  1.43234e-12
1.751346330e+01  1.6348672e-12  1.63487e-12  1.60313e-13  1.47455e-12
1.760103062e+01  1.6717373e-12  1.67174e-12  1.58634e-13  1.51310e-12
1.768903577e+01  1.7018886e-12  1.70189e-12  1.56995e-13  1.54489e-12
1.777748095e+01  1.7191672e-12  1.71917e-12  1.55420e-13  1.56375e-12
1.786636836e+01  1.7262324e-12  1.72623e-12  1.53897e-13  1.57234e-12
1.795570020e+01  1.7169529e-12  1.71695e-12  1.52448e-13  1.56451e-12
1.804547870e+01  1.6808299e-12  1.68083e-12  1.51107e-13  1.52972e-12
1.813570609e+01  1.6267069e-12  1.62671e-12  1.49841e-13  1.47687e-12
1.822638462e+01  1.5542007e-12  1.55420e-12  1.48650e-13  1.40555e-12
1.831751655e+01  1.4747574e-12  1.47476e-12  1.47492e-13  1.32727e-12
1.840910413e+01  1.4439573e-12  1.44396e-12  1.46175e-13  1.29778e-12
1.850114965e+01  1.4668998e-12  1.46690e-12  1.44685e-13  1.32221e-12
1.859365540e+01  1.5377342e-12  1.53773e-12  1.43049e-13  1.39469e-12
1.868662368e+01  1.6785171e-12  1.67852e-12  1.41194e-13  1.53732e-12
1.878005679e+01  1.8423937e-12  1.84239e-12  1.39284e-13  1.70311e-12
1.887395708e+01  2.0596867e-12  2.05969e-12  1.37218e-13  1.92247e-12
1.896832686e+01  2.3978902e-12  2.39789e-12  1.34782e-13  2.26311e-12
1.906316850e+01  2.7545649e-12  2.75456e-12  1.32316e-13  2.62225e-12
1.915848434e+01  3.2036136e-12  3.20361e-12  1.29583e-13  3.07403e-12
1.925427676e+01  3.7484528e-12  3.74845e-12  1.26580e-13  3.62187e-12
1.935054815e+01  4.4196420e-12  4.41964e-12  1.23216e-13  4.29643e-12
1.944730089e+01  5.3966254e-12  5.39663e-12  1.18935e-13  5.27769e-12
1.954453739e+01  6.3542305e-12  6.35423e-12  1.14776e-13  6.23945e-12
1.964226008e+01  7.4444463e-12  7.44445e-12  1.10264e-13  7.33418e-12
1.974047138e+01  8.6226870e-12  8.62269e-12  1.05544e-13  8.51714e-12
1.983917374e+01  9.8540624e-12  9.85406e-12  1.00729e-13  9.75333e-12
1.993836960e+01  1.1084690e-11  1.10847e-11  9.59841e-14  1.09887e-11
2.003806145e+01  1.2280270e-11  1.22803e-11  9.14102e-14  1.21889e-11
2.013825176e+01  1.3440386e-11  1.34404e-11  8.70051e-14  1.33534e-11
2.023894302e+01  1.4599037e-11  1.45990e-11  8.26648e-14  1.45164e-11
2.034013773e+01  1.5813263e-11  1.58133e-11  7.82209e-14  1.57350e-11
2.044183842e+01  1.7150622e-11  1.71506e-11  7.34796e-14  1.70771e-11
2.054404761e+01  1.8594092e-11  1.85941e-11  6.84969e-14  1.85256e-11
2.064676785e+01  1.9759155e-11  1.97592e-11  6.43801e-14  1.96948e-11
2.075000169e+01  2.1092807e-11  2.10928e-11  5.98391e-14  2.10330e-11
2.085375170e+01  2.2161117e-11  2.21611e-11  5.61083e-14  2.21050e-11
2.095802046e+01  2.2827732e-11  2.28277e-11  5.35524e-14  2.27742e-11
2.106281056e+01  2.3116218e-11  2.31162e-11  5.20805e-14  2.30641e-11
2.116812461e+01  2.3044627e-11  2.30446e-11  5.16192e-14  2.29930e-11
2.127396524e+01  2.2649631e-11  2.26496e-11  5.20466e-14  2.25976e-11
2.138033506e+01  2.1987933e-11  2.19879e-11  5.31892e-14  2.19347e-11
2.148723674e+01  2.1281386e-11  2.12814e-11  5.44321e-14  2.12270e-11
2.159467292e+01  2.0270081e-11  2.02701e-11  5.64711e-14  2.02136e-11
2.170264629e+01  1.9171438e-11  1.91714e-11  5.87099e-14  1.91127e-11
2.181115952e+01  1.8248567e-11  1.82486e-11  6.04479e-14  1.81881e-11
2.192021532e+01  1.7324066e-11  1.73241e-11  6.21618e-14  1.72619e-11
2.202981639e+01  1.6204935e-11  1.62049e-11  6.43562e-14  1.61406e-11
2.213996547e+01  1.5131083e-11  1.51311e-11  6.63992e-14  1.50647e-11
2.225066530e+01  1.4310552e-11  1.43106e-11  6.77581e-14  1.42428e-11
2.236191863e+01  1.3536866e-11  1.35369e-11  6.89750e-14  1.34679e-11
2.247372822e+01  1.2651434e-11  1.26514e-11  7.04557e-14  1.25810e-11
2.258609686e+01  1.1838905e-11  1.18389e-11  7.17290e-14  1.17672e-11
2.269902735e+01  1.1238474e-11  1.12385e-11  7.24502e-14  1.11660e-11
2.281252248e+01  1.0686254e-11  1.06863e-11  7.30383e-14  1.06132e-11
2.292658510e+01  1.0179893e-11  1.01799e-11  7.35019e-14  1.01064e-11
2.304121802e+01  9.6182975e-12  9.61830e-12  7.40920e-14  9.54421e-12
2.315642411e+01  9.1155387e-12  9.11554e-12  7.45276e-14  9.04101e-12
2.327220623e+01  8.7519093e-12  8.75191e-12  7.46170e-14  8.67729e-12
2.338856726e+01  8.4239927e-12  8.42399e-12  7.46161e-14  8.34938e-12
2.350551010e+01  8.1299204e-12  8.12992e-12  7.45313e-14  8.05539e-12
2.362303765e+01  7.8678379e-12  7.86784e-12  7.43686e-14  7.79347e-12
2.374115284e+01  7.6362951e-12  7.63630e-12  7.41330e-14  7.56216e-12
2.385985860e+01  7.4334644e-12  7.43346e-12  7.38302e-14  7.35963e-12
2.397915789e+01  7.2270323e-12  7.22703e-12  7.35371e-14  7.15350e-12
2.409905368e+01  7.0590035e-12  7.05900e-12  7.31560e-14  6.98585e-12
2.421954895e+01  6.9489327e-12  6.94893e-12  7.26435e-14  6.87629e-12
2.434064670e+01  6.8637477e-12  6.86375e-12  7.20779e-14  6.79167e-12
2.446234993e+01  6.8031920e-12  6.80319e-12  7.14607e-14  6.73173e-12
2.458466168e+01  6.7658673e-12  6.76587e-12  7.07963e-14  6.69507e-12
2.470758499e+01  6.7518999e-12  6.75190e-12  7.00852e-14  6.68181e-12
2.483112291e+01  6.7595251e-12  6.75953e-12  6.93323e-14  6.69019e-12
2.495527853e+01  6.7873728e-12  6.78737e-12  6.85413e-14  6.71883e-12
