# ------------------------------------------------------------------------
# Radiance spectrum
# NASA-GSFC Planetary Spectrum Generator (PSG) (Villanueva et al. 2018, 2022)
# Synthesized on Wed Feb 14 19:35:48 2024
# Doppler velocities [km/s] (vobs,vrot+vorb,vwidth,vrfl,vstr): 0.00000,-0.00000,0.00000,-119.41115,-0.00000
# Spectral unit: Wavelength [um]
# Radiance unit: Spectral irradiance [W/m2/um]
# Wave/freq Total Object Reflected Thermal
5.000000000e-01  1.6908728e-12  1.69087e-12  1.69087e-12  1.59740e-46
5.025000000e-01  1.7104338e-12  1.71043e-12  1.71043e-12  2.51911e-46
5.050125000e-01  1.7147136e-12  1.71471e-12  1.71471e-12  3.97352e-46
5.075375625e-01  1.7707873e-12  1.77079e-12  1.77079e-12  6.19913e-46
5.100752503e-01  1.8275003e-12  1.82750e-12  1.82750e-12  9.64863e-46
5.126256266e-01  1.8775650e-12  1.87756e-12  1.87756e-12  1.50006e-45
5.151887547e-01  1.9275550e-12  1.92755e-12  1.92755e-12  2.32696e-45
5.177646985e-01  1.9688208e-12  1.96882e-12  1.96882e-12  3.60681e-45
5.203535220e-01  2.0102929e-12  2.01029e-12  2.01029e-12  5.57798e-45
5.229552896e-01  2.0501551e-12  2.05016e-12  2.05016e-12  8.60955e-45
5.255700660e-01  2.0897566e-12  2.08976e-12  2.08976e-12  1.32599e-44
5.281979164e-01  2.1272378e-12  2.12724e-12  2.12724e-12  2.03842e-44
5.308389059e-01  2.1640465e-12  2.16405e-12  2.16405e-12  3.12707e-44
5.334931005e-01  2.1991329e-12  2.19913e-12  2.19913e-12  4.78796e-44
5.361605660e-01  2.2296975e-12  2.22970e-12  2.22970e-12  7.32022e-44
5.388413688e-01  2.2540595e-12  2.25406e-12  2.25406e-12  1.11782e-43
5.415355756e-01  2.2791186e-12  2.27912e-12  2.27912e-12  1.70303e-43
5.442432535e-01  2.3046239e-12  2.30462e-12  2.30462e-12  2.58881e-43
5.469644698e-01  2.3301389e-12  2.33014e-12  2.33014e-12  3.92679e-43
5.496992921e-01  2.3555697e-12  2.35557e-12  2.35557e-12  5.94355e-43
5.524477886e-01  2.3959420e-12  2.39594e-12  2.39594e-12  8.95658e-43
5.552100275e-01  2.4375385e-12  2.43754e-12  2.43754e-12  1.34661e-42
5.579860777e-01  2.4692246e-12  2.46922e-12  2.46922e-12  2.02338e-42
5.607760081e-01  2.5008941e-12  2.50089e-12  2.50089e-12  3.03390e-42
5.635798881e-01  2.5321685e-12  2.53217e-12  2.53217e-12  4.53985e-42
5.663977875e-01  2.5629389e-12  2.56294e-12  2.56294e-12  6.77966e-42
5.692297765e-01  2.5932819e-12  2.59328e-12  2.59328e-12  1.01042e-41
5.720759254e-01  2.6184425e-12  2.61844e-12  2.61844e-12  1.50392e-41
5.749363050e-01  2.6417425e-12  2.64174e-12  2.64174e-12  2.23443e-41
5.778109865e-01  2.6716946e-12  2.67169e-12  2.67169e-12  3.30979e-41
5.807000414e-01  2.7013675e-12  2.70137e-12  2.70137e-12  4.89288e-41
5.836035417e-01  2.7296787e-12  2.72968e-12  2.72968e-12  7.21992e-41
5.865215594e-01  2.7544388e-12  2.75444e-12  2.75444e-12  1.06375e-40
5.894541672e-01  2.7757715e-12  2.77577e-12  2.77577e-12  1.56488e-40
5.924014380e-01  2.7963897e-12  2.79639e-12  2.79639e-12  2.29769e-40
5.953634452e-01  2.8172778e-12  2.81728e-12  2.81728e-12  3.36678e-40
5.983402624e-01  2.8432674e-12  2.84327e-12  2.84327e-12  4.91998e-40
6.013319637e-01  2.8679747e-12  2.86797e-12  2.86797e-12  7.17679e-40
6.043386235e-01  2.8909663e-12  2.89097e-12  2.89097e-12  1.04506e-39
6.073603167e-01  2.9146667e-12  2.91467e-12  2.91467e-12  1.51866e-39
6.103971182e-01  2.9389833e-12  2.93898e-12  2.93898e-12  2.20239e-39
6.134491038e-01  2.9665138e-12  2.96651e-12  2.96651e-12  3.18636e-39
6.165163494e-01  2.9924147e-12  2.99241e-12  2.99241e-12  4.60206e-39
6.195989311e-01  3.0168650e-12  3.01687e-12  3.01687e-12  6.63528e-39
6.226969258e-01  3.0476300e-12  3.04763e-12  3.04763e-12  9.54043e-39
6.258104104e-01  3.0771867e-12  3.07719e-12  3.07719e-12  1.36937e-38
6.289394624e-01  3.1007233e-12  3.10072e-12  3.10072e-12  1.96336e-38
6.320841597e-01  3.1238114e-12  3.12381e-12  3.12381e-12  2.80984e-38
6.352445805e-01  3.1467649e-12  3.14676e-12  3.14676e-12  4.01380e-38
6.384208035e-01  3.1712006e-12  3.17120e-12  3.17120e-12  5.72179e-38
6.416129075e-01  3.1924708e-12  3.19247e-12  3.19247e-12  8.14478e-38
6.448209720e-01  3.2105279e-12  3.21053e-12  3.21053e-12  1.15772e-37
6.480450769e-01  3.2342018e-12  3.23420e-12  3.23420e-12  1.64136e-37
6.512853022e-01  3.2585061e-12  3.25851e-12  3.25851e-12  2.32260e-37
6.545417288e-01  3.2831156e-12  3.28312e-12  3.28312e-12  3.28046e-37
6.578144374e-01  3.3035899e-12  3.30359e-12  3.30359e-12  4.62738e-37
6.611035096e-01  3.3232196e-12  3.32322e-12  3.32322e-12  6.51621e-37
6.644090271e-01  3.3426652e-12  3.34267e-12  3.34267e-12  9.15970e-37
6.677310723e-01  3.3645110e-12  3.36451e-12  3.36451e-12  1.28486e-36
6.710697276e-01  3.3864139e-12  3.38641e-12  3.38641e-12  1.79908e-36
6.744250763e-01  3.4071264e-12  3.40713e-12  3.40713e-12  2.51501e-36
6.777972017e-01  3.4289096e-12  3.42891e-12  3.42891e-12  3.50915e-36
6.811861877e-01  3.4496040e-12  3.44960e-12  3.44960e-12  4.88832e-36
6.845921186e-01  3.4680495e-12  3.46805e-12  3.46805e-12  6.79951e-36
6.880150792e-01  3.4854865e-12  3.48549e-12  3.48549e-12  9.44262e-36
6.914551546e-01  3.5012111e-12  3.50121e-12  3.50121e-12  1.30932e-35
6.949124304e-01  3.5150895e-12  3.51509e-12  3.51509e-12  1.81278e-35
6.983869925e-01  3.5284991e-12  3.52850e-12  3.52850e-12  2.50566e-35
7.018789275e-01  3.5424862e-12  3.54249e-12  3.54249e-12  3.45719e-35
7.053883221e-01  3.5574087e-12  3.55741e-12  3.55741e-12  4.76138e-35
7.089152637e-01  3.5748027e-12  3.57480e-12  3.57480e-12  6.54448e-35
7.124598400e-01  3.5888020e-12  3.58880e-12  3.58880e-12  8.98388e-35
7.160221392e-01  3.5987853e-12  3.59879e-12  3.59879e-12  1.23178e-34
7.196022499e-01  3.6023487e-12  3.60235e-12  3.60235e-12  1.68739e-34
7.232002612e-01  3.6069251e-12  3.60693e-12  3.60693e-12  2.30738e-34
7.268162625e-01  3.6106196e-12  3.61062e-12  3.61062e-12  3.15025e-34
7.304503438e-01  3.6110391e-12  3.61104e-12  3.61104e-12  4.29559e-34
7.341025955e-01  3.5945075e-12  3.59451e-12  3.59451e-12  5.85954e-34
7.377731085e-01  3.5864759e-12  3.58648e-12  3.58648e-12  7.97160e-34
7.414619740e-01  3.5719691e-12  3.57197e-12  3.57197e-12  1.08355e-33
7.451692839e-01  3.5433463e-12  3.54335e-12  3.54335e-12  1.47285e-33
7.488951303e-01  3.5173261e-12  3.51733e-12  3.51733e-12  1.99813e-33
7.526396060e-01  3.4783031e-12  3.47830e-12  3.47830e-12  2.71038e-33
7.564028040e-01  3.4367694e-12  3.43677e-12  3.43677e-12  3.67155e-33
7.601848180e-01  3.3988069e-12  3.39881e-12  3.39881e-12  4.96341e-33
7.639857421e-01  3.3328683e-12  3.33287e-12  3.33287e-12  6.72016e-33
7.678056708e-01  3.2770442e-12  3.27704e-12  3.27704e-12  9.07327e-33
7.716446992e-01  3.2192914e-12  3.21929e-12  3.21929e-12  1.22330e-32
7.755029227e-01  3.1518910e-12  3.15189e-12  3.15189e-12  1.64837e-32
7.793804373e-01  3.0712481e-12  3.07125e-12  3.07125e-12  2.22072e-32
7.832773395e-01  2.9872802e-12  2.98728e-12  2.98728e-12  2.98793e-32
7.871937262e-01  2.9054133e-12  2.90541e-12  2.90541e-12  4.01268e-32
7.911296948e-01  2.8238266e-12  2.82383e-12  2.82383e-12  5.37996e-32
7.950853433e-01  2.7375989e-12  2.73760e-12  2.73760e-12  7.20496e-32
7.990607700e-01  2.6469789e-12  2.64698e-12  2.64698e-12  9.63784e-32
8.030560739e-01  2.5563060e-12  2.55631e-12  2.55631e-12  1.28716e-31
8.070713542e-01  2.4646089e-12  2.46461e-12  2.46461e-12  1.71646e-31
8.111067110e-01  2.3732709e-12  2.37327e-12  2.37327e-12  2.28523e-31
8.151622446e-01  2.2850485e-12  2.28505e-12  2.28505e-12  3.03675e-31
8.192380558e-01  2.2005935e-12  2.20059e-12  2.20059e-12  4.02765e-31
8.233342461e-01  2.1152035e-12  2.11520e-12  2.11520e-12  5.33415e-31
8.274509173e-01  2.0356254e-12  2.03563e-12  2.03563e-12  7.04974e-31
8.315881719e-01  1.9625155e-12  1.96252e-12  1.96252e-12  9.29732e-31
8.357461127e-01  1.8939074e-12  1.89391e-12  1.89391e-12  1.22380e-30
8.399248433e-01  1.8298258e-12  1.82983e-12  1.82983e-12  1.60783e-30
8.441244675e-01  1.7641686e-12  1.76417e-12  1.76417e-12  2.10961e-30
8.483450899e-01  1.7049506e-12  1.70495e-12  1.70495e-12  2.76231e-30
8.525868153e-01  1.6518193e-12  1.65182e-12  1.65182e-12  3.60975e-30
8.568497494e-01  1.6001629e-12  1.60016e-12  1.60016e-12  4.70985e-30
8.611339981e-01  1.5483662e-12  1.54837e-12  1.54837e-12  6.13664e-30
8.654396681e-01  1.5015747e-12  1.50157e-12  1.50157e-12  7.98082e-30
8.697668665e-01  1.4600527e-12  1.46005e-12  1.46005e-12  1.03599e-29
8.741157008e-01  1.4228095e-12  1.42281e-12  1.42281e-12  1.34244e-29
8.784862793e-01  1.3878500e-12  1.38785e-12  1.38785e-12  1.73682e-29
8.828787107e-01  1.3584396e-12  1.35844e-12  1.35844e-12  2.24289e-29
8.872931042e-01  1.3337078e-12  1.33371e-12  1.33371e-12  2.89132e-29
8.917295698e-01  1.3117796e-12  1.31178e-12  1.31178e-12  3.72128e-29
8.961882176e-01  1.2930345e-12  1.29303e-12  1.29303e-12  4.78176e-29
9.006691587e-01  1.2770992e-12  1.27710e-12  1.27710e-12  6.13481e-29
9.051725045e-01  1.2592173e-12  1.25922e-12  1.25922e-12  7.86172e-29
9.096983670e-01  1.2551650e-12  1.25516e-12  1.25516e-12  1.00492e-28
9.142468589e-01  1.2497901e-12  1.24979e-12  1.24979e-12  1.28302e-28
9.188180931e-01  1.2475980e-12  1.24760e-12  1.24760e-12  1.63550e-28
9.234121836e-01  1.2437100e-12  1.24371e-12  1.24371e-12  2.08245e-28
9.280292445e-01  1.2450007e-12  1.24500e-12  1.24500e-12  2.64692e-28
9.326693908e-01  1.2549572e-12  1.25496e-12  1.25496e-12  3.35752e-28
9.373327377e-01  1.2649530e-12  1.26495e-12  1.26495e-12  4.25347e-28
9.420194014e-01  1.2736155e-12  1.27362e-12  1.27362e-12  5.38233e-28
9.467294984e-01  1.2894171e-12  1.28942e-12  1.28942e-12  6.79788e-28
9.514631459e-01  1.3113426e-12  1.31134e-12  1.31134e-12  8.57023e-28
9.562204616e-01  1.3315389e-12  1.33154e-12  1.33154e-12  1.07928e-27
9.610015639e-01  1.3554736e-12  1.35547e-12  1.35547e-12  1.35704e-27
9.658065718e-01  1.3887169e-12  1.38872e-12  1.38872e-12  1.70271e-27
9.706356046e-01  1.4291274e-12  1.42913e-12  1.42913e-12  2.13240e-27
9.754887826e-01  1.4688743e-12  1.46887e-12  1.46887e-12  2.66736e-27
9.803662265e-01  1.5184667e-12  1.51847e-12  1.51847e-12  3.32939e-27
9.852680577e-01  1.5630378e-12  1.56304e-12  1.56304e-12  4.15249e-27
9.901943980e-01  1.6301112e-12  1.63011e-12  1.63011e-12  5.16187e-27
9.951453700e-01  1.6918676e-12  1.69187e-12  1.69187e-12  6.41176e-27
1.000121097e+00  1.7486877e-12  1.74869e-12  1.74869e-12  7.95812e-27
1.005121702e+00  1.8276114e-12  1.82761e-12  1.82761e-12  9.84444e-27
1.010147311e+00  1.9156498e-12  1.91565e-12  1.91565e-12  1.21518e-26
1.015198047e+00  1.9975599e-12  1.99756e-12  1.99756e-12  1.49897e-26
1.020274038e+00  2.0901105e-12  2.09011e-12  2.09011e-12  1.84477e-26
1.025375408e+00  2.1813935e-12  2.18139e-12  2.18139e-12  2.26772e-26
1.030502285e+00  2.2759102e-12  2.27591e-12  2.27591e-12  2.78316e-26
1.035654796e+00  2.3636528e-12  2.36365e-12  2.36365e-12  3.41373e-26
1.040833070e+00  2.4604306e-12  2.46043e-12  2.46043e-12  4.17794e-26
1.046037236e+00  2.5513909e-12  2.55139e-12  2.55139e-12  5.10975e-26
1.051267422e+00  2.6404232e-12  2.64042e-12  2.64042e-12  6.24269e-26
1.056523759e+00  2.7365809e-12  2.73658e-12  2.73658e-12  7.61134e-26
1.061806378e+00  2.8206461e-12  2.82065e-12  2.82065e-12  9.28026e-26
1.067115410e+00  2.9086730e-12  2.90867e-12  2.90867e-12  1.12960e-25
1.072450987e+00  2.9917427e-12  2.99174e-12  2.99174e-12  1.37397e-25
1.077813242e+00  3.0668794e-12  3.06688e-12  3.06688e-12  1.67061e-25
1.083202308e+00  3.1355562e-12  3.13556e-12  3.13556e-12  2.03028e-25
1.088618319e+00  3.1891013e-12  3.18910e-12  3.18910e-12  2.46866e-25
1.094061411e+00  3.2346259e-12  3.23463e-12  3.23463e-12  3.00095e-25
1.099531718e+00  3.2891478e-12  3.28915e-12  3.28915e-12  3.63997e-25
1.105029377e+00  3.3296278e-12  3.32963e-12  3.32963e-12  4.41719e-25
1.110554523e+00  3.3693871e-12  3.36939e-12  3.36939e-12  5.35469e-25
1.116107296e+00  3.4038298e-12  3.40383e-12  3.40383e-12  6.48792e-25
1.121687832e+00  3.4170076e-12  3.41701e-12  3.41701e-12  7.87224e-25
1.127296272e+00  3.4331074e-12  3.43311e-12  3.43311e-12  9.53821e-25
1.132932753e+00  3.4490644e-12  3.44906e-12  3.44906e-12  1.15444e-24
1.138597417e+00  3.4633611e-12  3.46336e-12  3.46336e-12  1.39603e-24
1.144290404e+00  3.4735662e-12  3.47357e-12  3.47357e-12  1.68722e-24
1.150011856e+00  3.4878285e-12  3.48783e-12  3.48783e-12  2.03595e-24
1.155761915e+00  3.4950104e-12  3.49501e-12  3.49501e-12  2.45631e-24
1.161540725e+00  3.4920557e-12  3.49206e-12  3.49206e-12  2.96408e-24
1.167348428e+00  3.4946883e-12  3.49469e-12  3.49469e-12  3.57063e-24
1.173185171e+00  3.4996493e-12  3.49965e-12  3.49965e-12  4.29559e-24
1.179051096e+00  3.5031449e-12  3.50314e-12  3.50314e-12  5.16336e-24
1.184946352e+00  3.5063266e-12  3.50633e-12  3.50633e-12  6.20031e-24
1.190871084e+00  3.5082874e-12  3.50829e-12  3.50829e-12  7.43906e-24
1.196825439e+00  3.5052995e-12  3.50530e-12  3.50530e-12  8.92188e-24
1.202809566e+00  3.5032802e-12  3.50328e-12  3.50328e-12  1.06882e-23
1.208823614e+00  3.5030084e-12  3.50301e-12  3.50301e-12  1.27885e-23
1.214867732e+00  3.5030083e-12  3.50301e-12  3.50301e-12  1.52857e-23
1.220942071e+00  3.5042832e-12  3.50428e-12  3.50428e-12  1.82494e-23
1.227046781e+00  3.5022497e-12  3.50225e-12  3.50225e-12  2.17754e-23
1.233182015e+00  3.5009396e-12  3.50094e-12  3.50094e-12  2.59548e-23
1.239347925e+00  3.4980201e-12  3.49802e-12  3.49802e-12  3.09127e-23
1.245544665e+00  3.4946105e-12  3.49461e-12  3.49461e-12  3.67842e-23
1.251772388e+00  3.4922553e-12  3.49226e-12  3.49226e-12  4.37224e-23
1.258031250e+00  3.4868887e-12  3.48689e-12  3.48689e-12  5.19402e-23
1.264321406e+00  3.4855310e-12  3.48553e-12  3.48553e-12  6.16104e-23
1.270643013e+00  3.4804138e-12  3.48041e-12  3.48041e-12  7.30483e-23
1.276996228e+00  3.4766729e-12  3.47667e-12  3.47667e-12  8.65115e-23
1.283381209e+00  3.4707284e-12  3.47073e-12  3.47073e-12  1.02390e-22
1.289798116e+00  3.4590527e-12  3.45905e-12  3.45905e-12  1.21165e-22
1.296247106e+00  3.4486798e-12  3.44868e-12  3.44868e-12  1.43224e-22
1.302728342e+00  3.4360705e-12  3.43607e-12  3.43607e-12  1.69195e-22
1.309241983e+00  3.4234861e-12  3.42349e-12  3.42349e-12  1.99692e-22
1.315788193e+00  3.4143199e-12  3.41432e-12  3.41432e-12  2.35360e-22
1.322367134e+00  3.3993455e-12  3.39935e-12  3.39935e-12  2.77371e-22
1.328978970e+00  3.3831549e-12  3.38315e-12  3.38315e-12  3.26644e-22
1.335623865e+00  3.3690121e-12  3.36901e-12  3.36901e-12  3.84215e-22
1.342301984e+00  3.3503193e-12  3.35032e-12  3.35032e-12  4.51821e-22
1.349013494e+00  3.3327456e-12  3.33275e-12  3.33275e-12  5.30770e-22
1.355758561e+00  3.3090325e-12  3.30903e-12  3.30903e-12  6.23512e-22
1.362537354e+00  3.2837936e-12  3.28379e-12  3.28379e-12  7.31982e-22
1.369350041e+00  3.2597202e-12  3.25972e-12  3.25972e-12  8.58440e-22
1.376196791e+00  3.2271886e-12  3.22719e-12  3.22719e-12  1.00710e-21
1.383077775e+00  3.1996476e-12  3.19965e-12  3.19965e-12  1.17965e-21
1.389993164e+00  3.1681147e-12  3.16811e-12  3.16811e-12  1.38140e-21
1.396943130e+00  3.1300191e-12  3.13002e-12  3.13002e-12  1.61782e-21
1.403927846e+00  3.0960055e-12  3.09601e-12  3.09601e-12  1.89200e-21
1.410947485e+00  3.0606206e-12  3.06062e-12  3.06062e-12  2.21127e-21
1.418002222e+00  3.0216938e-12  3.02169e-12  3.02169e-12  2.58359e-21
1.425092233e+00  2.9801694e-12  2.98017e-12  2.98017e-12  3.01727e-21
1.432217694e+00  2.9442870e-12  2.94429e-12  2.94429e-12  3.51803e-21
1.439378783e+00  2.8952894e-12  2.89529e-12  2.89529e-12  4.10632e-21
1.446575677e+00  2.8506885e-12  2.85069e-12  2.85069e-12  4.78612e-21
1.453808555e+00  2.8076048e-12  2.80760e-12  2.80760e-12  5.57278e-21
1.461077598e+00  2.7615605e-12  2.76156e-12  2.76156e-12  6.48636e-21
1.468382986e+00  2.7262206e-12  2.72622e-12  2.72622e-12  7.53211e-21
1.475724901e+00  2.6690442e-12  2.66904e-12  2.66904e-12  8.76716e-21
1.483103525e+00  2.6207708e-12  2.62077e-12  2.62077e-12  1.01837e-20
1.490519043e+00  2.5621391e-12  2.56214e-12  2.56214e-12  1.18375e-20
1.497971638e+00  2.5171914e-12  2.51719e-12  2.51719e-12  1.37223e-20
1.505461496e+00  2.4670605e-12  2.46706e-12  2.46706e-12  1.59067e-20
1.512988804e+00  2.4191511e-12  2.41915e-12  2.41915e-12  1.84191e-20
1.520553748e+00  2.3620375e-12  2.36204e-12  2.36204e-12  2.13402e-20
1.528156517e+00  2.3218063e-12  2.32181e-12  2.32181e-12  2.46462e-20
1.535797299e+00  2.2604608e-12  2.26046e-12  2.26046e-12  2.85292e-20
1.543476286e+00  2.2070498e-12  2.20705e-12  2.20705e-12  3.29618e-20
1.551193667e+00  2.1496433e-12  2.14964e-12  2.14964e-12  3.80766e-20
1.558949636e+00  2.1028076e-12  2.10281e-12  2.10281e-12  4.38865e-20
1.566744384e+00  2.0450707e-12  2.04507e-12  2.04507e-12  5.06243e-20
1.574578106e+00  1.9980898e-12  1.99809e-12  1.99809e-12  5.82648e-20
1.582450996e+00  1.9484168e-12  1.94842e-12  1.94842e-12  6.70356e-20
1.590363251e+00  1.8945803e-12  1.89458e-12  1.89458e-12  7.71168e-20
1.598315067e+00  1.8531895e-12  1.85319e-12  1.85319e-12  8.84941e-20
1.606306643e+00  1.7947808e-12  1.79478e-12  1.79478e-12  1.01723e-19
1.614338176e+00  1.7563214e-12  1.75632e-12  1.75632e-12  1.16517e-19
1.622409867e+00  1.7114204e-12  1.71142e-12  1.71142e-12  1.33490e-19
1.630521916e+00  1.6660195e-12  1.66602e-12  1.66602e-12  1.52840e-19
1.638674526e+00  1.6265444e-12  1.62654e-12  1.62654e-12  1.74726e-19
1.646867898e+00  1.5765337e-12  1.57653e-12  1.57653e-12  1.99907e-19
1.655102238e+00  1.5430786e-12  1.54308e-12  1.54308e-12  2.28023e-19
1.663377749e+00  1.5050314e-12  1.50503e-12  1.50503e-12  2.60085e-19
1.671694638e+00  1.4611983e-12  1.46120e-12  1.46120e-12  2.96698e-19
1.680053111e+00  1.4270319e-12  1.42703e-12  1.42703e-12  3.37771e-19
1.688453377e+00  1.3926493e-12  1.39265e-12  1.39265e-12  3.84282e-19
1.696895643e+00  1.3524681e-12  1.35247e-12  1.35247e-12  4.37268e-19
1.705380122e+00  1.3211124e-12  1.32111e-12  1.32111e-12  4.96602e-19
1.713907022e+00  1.2924178e-12  1.29242e-12  1.29242e-12  5.63397e-19
1.722476557e+00  1.2537860e-12  1.25379e-12  1.25379e-12  6.39668e-19
1.731088940e+00  1.2192635e-12  1.21926e-12  1.21926e-12  7.25360e-19
1.739744385e+00  1.1995036e-12  1.19950e-12  1.19950e-12  8.20247e-19
1.748443107e+00  1.1736793e-12  1.17368e-12  1.17368e-12  9.27751e-19
1.757185322e+00  1.1460696e-12  1.14607e-12  1.14607e-12  1.04894e-18
1.765971249e+00  1.1183050e-12  1.11830e-12  1.11830e-12  1.18522e-18
1.774801105e+00  1.0976943e-12  1.09769e-12  1.09769e-12  1.33694e-18
1.783675111e+00  1.0746497e-12  1.07465e-12  1.07465e-12  1.50767e-18
1.792593486e+00  1.0534530e-12  1.05345e-12  1.05345e-12  1.69865e-18
1.801556454e+00  1.0290048e-12  1.02900e-12  1.02900e-12  1.91352e-18
1.810564236e+00  1.0102849e-12  1.01028e-12  1.01028e-12  2.15240e-18
1.819617057e+00  9.8994830e-13  9.89948e-13  9.89946e-13  2.42015e-18
1.828715142e+00  9.7922048e-13  9.79220e-13  9.79218e-13  2.71560e-18
1.837858718e+00  9.6147122e-13  9.61471e-13  9.61468e-13  3.04841e-18
1.847048012e+00  9.4425182e-13  9.44252e-13  9.44248e-13  3.41960e-18
1.856283252e+00  9.3132246e-13  9.31322e-13  9.31319e-13  3.83114e-18
1.865564668e+00  9.1938938e-13  9.19389e-13  9.19385e-13  4.28889e-18
1.874892491e+00  9.0821338e-13  9.08213e-13  9.08209e-13  4.79780e-18
1.884266954e+00  8.9770859e-13  8.97709e-13  8.97703e-13  5.36324e-18
1.893688289e+00  8.8668749e-13  8.86687e-13  8.86681e-13  5.99212e-18
1.903156730e+00  8.7625765e-13  8.76258e-13  8.76251e-13  6.69003e-18
1.912672514e+00  8.6626455e-13  8.66265e-13  8.66257e-13  7.46419e-18
1.922235876e+00  8.5951931e-13  8.59519e-13  8.59511e-13  8.31865e-18
1.931847056e+00  8.5179936e-13  8.51799e-13  8.51790e-13  9.26672e-18
1.941506291e+00  8.4754831e-13  8.47548e-13  8.47538e-13  1.03109e-17
1.951213822e+00  8.4273119e-13  8.42731e-13  8.42720e-13  1.14669e-17
1.960969892e+00  8.4039032e-13  8.40390e-13  8.40378e-13  1.27397e-17
1.970774741e+00  8.3690701e-13  8.36907e-13  8.36893e-13  1.41479e-17
1.980628615e+00  8.3891781e-13  8.38918e-13  8.38902e-13  1.56882e-17
1.990531758e+00  8.3594022e-13  8.35940e-13  8.35923e-13  1.73999e-17
2.000484417e+00  8.3686958e-13  8.36870e-13  8.36850e-13  1.92745e-17
2.010486839e+00  8.4299988e-13  8.43000e-13  8.42979e-13  2.13197e-17
2.020539273e+00  8.4377353e-13  8.43774e-13  8.43750e-13  2.35887e-17
2.030641969e+00  8.4718643e-13  8.47186e-13  8.47160e-13  2.60721e-17
2.040795179e+00  8.4983484e-13  8.49835e-13  8.49806e-13  2.88035e-17
2.050999155e+00  8.5826321e-13  8.58263e-13  8.58231e-13  3.17706e-17
2.061254151e+00  8.6282498e-13  8.62825e-13  8.62790e-13  3.50455e-17
2.071560421e+00  8.6938232e-13  8.69382e-13  8.69344e-13  3.86216e-17
2.081918224e+00  8.7528059e-13  8.75281e-13  8.75238e-13  4.25422e-17
2.092327815e+00  8.8319423e-13  8.83194e-13  8.83147e-13  4.68162e-17
2.102789454e+00  8.9276018e-13  8.92760e-13  8.92709e-13  5.14735e-17
2.113303401e+00  9.0234143e-13  9.02341e-13  9.02285e-13  5.65601e-17
2.123869918e+00  9.1199921e-13  9.11999e-13  9.11937e-13  6.21114e-17
2.134489268e+00  9.2356553e-13  9.23566e-13  9.23497e-13  6.81429e-17
2.145161714e+00  9.3530294e-13  9.35303e-13  9.35228e-13  7.47127e-17
2.155887523e+00  9.5132909e-13  9.51329e-13  9.51247e-13  8.18007e-17
2.166666960e+00  9.6305363e-13  9.63054e-13  9.62964e-13  8.95796e-17
2.177500295e+00  9.7542913e-13  9.75429e-13  9.75331e-13  9.80274e-17
2.188387796e+00  9.8788877e-13  9.87889e-13  9.87782e-13  1.07206e-16
2.199329735e+00  9.9665530e-13  9.96655e-13  9.96538e-13  1.17260e-16
2.210326384e+00  1.0138891e-12  1.01389e-12  1.01376e-12  1.27966e-16
2.221378016e+00  1.0268094e-12  1.02681e-12  1.02667e-12  1.39686e-16
2.232484906e+00  1.0359161e-12  1.03592e-12  1.03576e-12  1.52507e-16
2.243647331e+00  1.0434156e-12  1.04342e-12  1.04325e-12  1.66463e-16
2.254865567e+00  1.0612266e-12  1.06123e-12  1.06105e-12  1.81206e-16
2.266139895e+00  1.0701404e-12  1.07014e-12  1.06994e-12  1.97502e-16
2.277470595e+00  1.0798555e-12  1.07986e-12  1.07964e-12  2.15104e-16
2.288857948e+00  1.0866625e-12  1.08666e-12  1.08643e-12  2.34287e-16
2.300302237e+00  1.0946852e-12  1.09469e-12  1.09443e-12  2.54971e-16
2.311803748e+00  1.1062864e-12  1.10629e-12  1.10601e-12  2.77109e-16
2.323362767e+00  1.1107116e-12  1.11071e-12  1.11041e-12  3.01472e-16
2.334979581e+00  1.1171404e-12  1.11714e-12  1.11681e-12  3.27654e-16
2.346654479e+00  1.1233008e-12  1.12330e-12  1.12294e-12  3.55935e-16
2.358387751e+00  1.1293627e-12  1.12936e-12  1.12898e-12  3.86455e-16
2.370179690e+00  1.1347219e-12  1.13472e-12  1.13430e-12  4.19432e-16
2.382030589e+00  1.1389000e-12  1.13890e-12  1.13844e-12  4.55101e-16
2.393940742e+00  1.1420827e-12  1.14208e-12  1.14159e-12  4.93656e-16
2.405910445e+00  1.1472506e-12  1.14725e-12  1.14672e-12  5.34945e-16
2.417939997e+00  1.1514207e-12  1.15142e-12  1.15084e-12  5.79517e-16
2.430029697e+00  1.1499935e-12  1.14999e-12  1.14937e-12  6.28317e-16
2.442179846e+00  1.1497807e-12  1.14978e-12  1.14910e-12  6.80687e-16
2.454390745e+00  1.1492910e-12  1.14929e-12  1.14855e-12  7.37101e-16
2.466662699e+00  1.1466064e-12  1.14661e-12  1.14581e-12  7.98225e-16
2.478996012e+00  1.1466770e-12  1.14668e-12  1.14581e-12  8.63404e-16
2.491390992e+00  1.1412951e-12  1.14130e-12  1.14036e-12  9.34721e-16
2.503847947e+00  1.1357674e-12  1.13577e-12  1.13476e-12  1.01149e-15
2.516367187e+00  1.1319673e-12  1.13197e-12  1.13087e-12  1.09357e-15
2.528949023e+00  1.1285044e-12  1.12850e-12  1.12732e-12  1.18165e-15
2.541593768e+00  1.1241267e-12  1.12413e-12  1.12285e-12  1.27652e-15
2.554301737e+00  1.1192995e-12  1.11930e-12  1.11792e-12  1.37853e-15
2.567073246e+00  1.1146227e-12  1.11462e-12  1.11313e-12  1.48795e-15
2.579908612e+00  1.1087776e-12  1.10878e-12  1.10717e-12  1.60581e-15
2.592808155e+00  1.1035329e-12  1.10353e-12  1.10180e-12  1.73195e-15
2.605772196e+00  1.0965704e-12  1.09657e-12  1.09470e-12  1.86803e-15
2.618801057e+00  1.0886442e-12  1.08864e-12  1.08663e-12  2.01442e-15
2.631895062e+00  1.0810555e-12  1.08106e-12  1.07888e-12  2.17115e-15
2.645054537e+00  1.0716832e-12  1.07168e-12  1.06934e-12  2.34021e-15
2.658279810e+00  1.0616418e-12  1.06164e-12  1.05912e-12  2.52182e-15
2.671571209e+00  1.0427487e-12  1.04275e-12  1.04003e-12  2.72311e-15
2.684929065e+00  1.0049010e-12  1.00490e-12  1.00195e-12  2.95488e-15
2.698353710e+00  9.7061417e-13  9.70614e-13  9.67412e-13  3.20203e-15
2.711845479e+00  9.2210256e-13  9.22103e-13  9.18620e-13  3.48228e-15
2.725404706e+00  8.6549179e-13  8.65492e-13  8.61698e-13  3.79407e-15
2.739031730e+00  8.1481225e-13  8.14812e-13  8.10687e-13  4.12540e-15
2.752726889e+00  7.6502709e-13  7.65027e-13  7.60544e-13  4.48286e-15
2.766490523e+00  7.2571598e-13  7.25716e-13  7.20860e-13  4.85561e-15
2.780322976e+00  6.9281538e-13  6.92815e-13  6.87567e-13  5.24832e-15
2.794224591e+00  6.6779428e-13  6.67794e-13  6.62136e-13  5.65865e-15
2.808195713e+00  6.4730228e-13  6.47302e-13  6.41211e-13  6.09135e-15
2.822236692e+00  6.3137231e-13  6.31372e-13  6.24826e-13  6.54661e-15
2.836347875e+00  6.1935678e-13  6.19357e-13  6.12331e-13  7.02574e-15
2.850529615e+00  6.0814635e-13  6.08146e-13  6.00611e-13  7.53545e-15
2.864782263e+00  5.9822796e-13  5.98228e-13  5.90152e-13  8.07624e-15
2.879106174e+00  5.8899742e-13  5.88997e-13  5.80346e-13  8.65095e-15
2.893501705e+00  5.8060788e-13  5.80608e-13  5.71347e-13  9.26092e-15
2.907969214e+00  5.7341139e-13  5.73411e-13  5.63505e-13  9.90685e-15
2.922509060e+00  5.6609098e-13  5.66091e-13  5.55497e-13  1.05943e-14
2.937121605e+00  5.5893495e-13  5.58935e-13  5.47610e-13  1.13247e-14
2.951807213e+00  5.5230253e-13  5.52303e-13  5.40203e-13  1.20992e-14
2.966566249e+00  5.4756882e-13  5.47569e-13  5.34654e-13  1.29148e-14
2.981399080e+00  5.4496841e-13  5.44968e-13  5.31197e-13  1.37716e-14
2.996306076e+00  5.4328914e-13  5.43289e-13  5.28613e-13  1.46758e-14
3.011287606e+00  5.4266768e-13  5.42668e-13  5.27039e-13  1.56284e-14
3.026344044e+00  5.4281513e-13  5.42815e-13  5.26182e-13  1.66327e-14
3.041475764e+00  5.4227469e-13  5.42275e-13  5.24576e-13  1.76986e-14
3.056683143e+00  5.4174477e-13  5.41745e-13  5.22919e-13  1.88257e-14
3.071966559e+00  5.4089343e-13  5.40893e-13  5.20874e-13  2.00191e-14
3.087326392e+00  5.4006661e-13  5.40067e-13  5.18786e-13  2.12803e-14
3.102763024e+00  5.3985669e-13  5.39857e-13  5.17248e-13  2.26084e-14
3.118276839e+00  5.4003510e-13  5.40035e-13  5.16027e-13  2.40077e-14
3.133868223e+00  5.4103131e-13  5.41031e-13  5.15554e-13  2.54777e-14
3.149537564e+00  5.4222104e-13  5.42221e-13  5.15195e-13  2.70263e-14
3.165285252e+00  5.4403142e-13  5.44031e-13  5.15378e-13  2.86529e-14
3.181111678e+00  5.4585320e-13  5.45853e-13  5.15487e-13  3.03665e-14
3.197017237e+00  5.4814611e-13  5.48146e-13  5.15980e-13  3.21660e-14
3.213002323e+00  5.5014162e-13  5.50142e-13  5.16078e-13  3.40635e-14
3.229067334e+00  5.5178466e-13  5.51785e-13  5.15720e-13  3.60648e-14
3.245212671e+00  5.5312482e-13  5.53125e-13  5.14950e-13  3.81746e-14
3.261438734e+00  5.5491975e-13  5.54920e-13  5.14532e-13  4.03879e-14
3.277745928e+00  5.5606026e-13  5.56060e-13  5.13335e-13  4.27251e-14
3.294134658e+00  5.5726785e-13  5.57268e-13  5.12086e-13  4.51818e-14
3.310605331e+00  5.5914075e-13  5.59141e-13  5.11388e-13  4.77531e-14
3.327158358e+00  5.6036605e-13  5.60366e-13  5.09900e-13  5.04664e-14
3.343794149e+00  5.5919379e-13  5.59194e-13  5.05830e-13  5.33641e-14
3.360513120e+00  5.5473900e-13  5.54739e-13  4.98259e-13  5.64804e-14
3.377315686e+00  5.4900560e-13  5.49006e-13  4.89214e-13  5.97914e-14
3.394202264e+00  5.3764550e-13  5.37646e-13  4.74231e-13  6.34140e-14
3.411173276e+00  5.3137906e-13  5.31379e-13  4.64266e-13  6.71131e-14
3.428229142e+00  5.4536418e-13  5.45364e-13  4.74898e-13  7.04667e-14
3.445370288e+00  5.5724193e-13  5.57242e-13  4.83223e-13  7.40189e-14
3.462597139e+00  5.6432826e-13  5.64328e-13  4.86460e-13  7.78679e-14
3.479910125e+00  5.6518496e-13  5.65185e-13  4.83091e-13  8.20939e-14
3.497309675e+00  5.6294112e-13  5.62941e-13  4.76306e-13  8.66349e-14
3.514796224e+00  5.7489096e-13  5.74891e-13  4.84007e-13  9.08838e-14
3.532370205e+00  5.8621851e-13  5.86219e-13  4.90886e-13  9.53322e-14
3.550032056e+00  5.9241215e-13  5.92412e-13  4.92233e-13  1.00179e-13
3.567782216e+00  5.9742285e-13  5.97423e-13  4.92126e-13  1.05296e-13
3.585621127e+00  6.0242632e-13  6.02426e-13  4.91779e-13  1.10648e-13
3.603549233e+00  6.0685332e-13  6.06853e-13  4.90582e-13  1.16272e-13
3.621566979e+00  6.1087584e-13  6.10876e-13  4.88701e-13  1.22175e-13
3.639674814e+00  6.1460577e-13  6.14606e-13  4.86239e-13  1.28367e-13
3.657873188e+00  6.1820551e-13  6.18206e-13  4.83351e-13  1.34854e-13
3.676162554e+00  6.2238978e-13  6.22390e-13  4.80786e-13  1.41604e-13
3.694543367e+00  6.2663295e-13  6.26633e-13  4.77972e-13  1.48661e-13
3.713016084e+00  6.3113536e-13  6.31135e-13  4.75112e-13  1.56023e-13
3.731581164e+00  6.3572997e-13  6.35730e-13  4.72014e-13  1.63716e-13
3.750239070e+00  6.4043618e-13  6.40436e-13  4.68684e-13  1.71752e-13
3.768990265e+00  6.4582341e-13  6.45823e-13  4.65725e-13  1.80098e-13
3.787835216e+00  6.5119986e-13  6.51200e-13  4.62375e-13  1.88825e-13
3.806774393e+00  6.5695679e-13  6.56957e-13  4.59044e-13  1.97913e-13
3.825808265e+00  6.6327406e-13  6.63274e-13  4.55917e-13  2.07357e-13
3.844937306e+00  6.6956524e-13  6.69565e-13  4.52333e-13  2.17232e-13
3.864161992e+00  6.7625745e-13  6.76257e-13  4.48747e-13  2.27510e-13
3.883482802e+00  6.8334150e-13  6.83341e-13  4.45134e-13  2.38208e-13
3.902900216e+00  6.9060619e-13  6.90606e-13  4.41237e-13  2.49369e-13
3.922414717e+00  6.9818888e-13  6.98189e-13  4.37192e-13  2.60996e-13
3.942026791e+00  7.0606691e-13  7.06067e-13  4.32953e-13  2.73114e-13
3.961736925e+00  7.1435034e-13  7.14350e-13  4.28625e-13  2.85726e-13
3.981545610e+00  7.2322882e-13  7.23229e-13  4.24409e-13  2.98820e-13
4.001453338e+00  7.3244296e-13  7.32443e-13  4.19983e-13  3.12460e-13
4.021460604e+00  7.4203951e-13  7.42040e-13  4.15377e-13  3.26662e-13
4.041567907e+00  7.5212456e-13  7.52125e-13  4.10695e-13  3.41430e-13
4.061775747e+00  7.6297611e-13  7.62976e-13  4.06249e-13  3.56727e-13
4.082084626e+00  7.7419537e-13  7.74195e-13  4.01536e-13  3.72659e-13
4.102495049e+00  7.8613607e-13  7.86136e-13  3.96964e-13  3.89172e-13
4.123007524e+00  7.9862509e-13  7.98625e-13  3.92296e-13  4.06329e-13
4.143622562e+00  8.1177766e-13  8.11778e-13  3.87651e-13  4.24127e-13
4.164340674e+00  8.2568354e-13  8.25684e-13  3.83122e-13  4.42562e-13
4.185162378e+00  8.4027047e-13  8.40270e-13  3.78592e-13  4.61678e-13
4.206088190e+00  8.5564361e-13  8.55644e-13  3.74176e-13  4.81468e-13
4.227118631e+00  8.7170246e-13  8.71702e-13  3.69714e-13  5.01989e-13
4.248254224e+00  8.8845504e-13  8.88455e-13  3.65186e-13  5.23269e-13
4.269495495e+00  9.0602056e-13  9.06021e-13  3.60726e-13  5.45294e-13
4.290842972e+00  9.2444741e-13  9.24447e-13  3.56378e-13  5.68069e-13
4.312297187e+00  9.4397111e-13  9.43971e-13  3.52466e-13  5.91505e-13
4.333858673e+00  9.6435935e-13  9.64359e-13  3.48634e-13  6.15725e-13
4.355527967e+00  9.8554675e-13  9.85547e-13  3.44753e-13  6.40794e-13
4.377305606e+00  1.0076914e-12  1.00769e-12  3.41037e-13  6.66654e-13
4.399192134e+00  1.0307411e-12  1.03074e-12  3.37377e-13  6.93364e-13
4.421188095e+00  1.0546046e-12  1.05460e-12  3.33585e-13  7.21019e-13
4.443294036e+00  1.0793498e-12  1.07935e-12  3.29727e-13  7.49622e-13
4.465510506e+00  1.1050840e-12  1.10508e-12  3.25949e-13  7.79135e-13
4.487838058e+00  1.1317079e-12  1.13171e-12  3.22026e-13  8.09682e-13
4.510277249e+00  1.1590243e-12  1.15902e-12  3.17498e-13  8.41526e-13
4.532828635e+00  1.1872133e-12  1.18721e-12  3.12603e-13  8.74611e-13
4.555492778e+00  1.2160171e-12  1.21602e-12  3.06656e-13  9.09361e-13
4.578270242e+00  1.2454203e-12  1.24542e-12  2.99372e-13  9.46048e-13
4.601161593e+00  1.2758263e-12  1.27583e-12  2.91409e-13  9.84417e-13
4.624167401e+00  1.3069486e-12  1.30695e-12  2.81763e-13  1.02519e-12
4.647288238e+00  1.3392066e-12  1.33921e-12  2.71109e-13  1.06810e-12
4.670524679e+00  1.3729453e-12  1.37295e-12  2.60101e-13  1.11284e-12
4.693877303e+00  1.4083064e-12  1.40831e-12  2.48939e-13  1.15937e-12
4.717346689e+00  1.4460192e-12  1.44602e-12  2.40183e-13  1.20584e-12
4.740933423e+00  1.4858885e-12  1.48589e-12  2.33776e-13  1.25211e-12
4.764638090e+00  1.5272356e-12  1.52724e-12  2.27165e-13  1.30007e-12
4.788461280e+00  1.5699072e-12  1.56991e-12  2.18957e-13  1.35095e-12
4.812403587e+00  1.6141616e-12  1.61416e-12  2.09484e-13  1.40468e-12
4.836465604e+00  1.6603536e-12  1.66035e-12  2.00745e-13  1.45961e-12
4.860647933e+00  1.7085396e-12  1.70854e-12  1.94937e-13  1.51360e-12
4.884951172e+00  1.7584137e-12  1.75841e-12  1.90670e-13  1.56774e-12
4.909375928e+00  1.8098584e-12  1.80986e-12  1.87087e-13  1.62277e-12
4.933922808e+00  1.8628969e-12  1.86290e-12  1.83309e-13  1.67959e-12
4.958592422e+00  1.9176070e-12  1.91761e-12  1.79204e-13  1.73840e-12
4.983385384e+00  1.9739789e-12  1.97398e-12  1.75273e-13  1.79871e-12
5.008302311e+00  2.0320284e-12  2.03203e-12  1.71496e-13  1.86053e-12
5.033343822e+00  2.0919530e-12  2.09195e-12  1.67219e-13  1.92473e-12
5.058510541e+00  2.1542743e-12  2.15427e-12  1.61234e-13  1.99304e-12
5.083803094e+00  2.2189111e-12  2.21891e-12  1.54567e-13  2.06434e-12
5.109222110e+00  2.2855989e-12  2.28560e-12  1.48181e-13  2.13742e-12
5.134768220e+00  2.3542890e-12  2.35429e-12  1.42182e-13  2.21211e-12
5.160442061e+00  2.4243356e-12  2.42434e-12  1.37681e-13  2.28665e-12
5.186244272e+00  2.4944258e-12  2.49443e-12  1.36396e-13  2.35803e-12
5.212175493e+00  2.5641097e-12  2.56411e-12  1.38136e-13  2.42597e-12
5.238236370e+00  2.6343894e-12  2.63439e-12  1.40815e-13  2.49357e-12
5.264427552e+00  2.7055158e-12  2.70552e-12  1.43898e-13  2.56162e-12
5.290749690e+00  2.7767711e-12  2.77677e-12  1.48079e-13  2.62869e-12
5.317203438e+00  2.8485089e-12  2.84851e-12  1.52737e-13  2.69577e-12
5.343789456e+00  2.9234988e-12  2.92350e-12  1.55123e-13  2.76838e-12
5.370508403e+00  3.0037451e-12  3.00375e-12  1.53924e-13  2.84982e-12
5.397360945e+00  3.0876555e-12  3.08766e-12  1.51168e-13  2.93649e-12
5.424347750e+00  3.1733651e-12  3.17337e-12  1.48608e-13  3.02476e-12
5.451469488e+00  3.2587272e-12  3.25873e-12  1.47778e-13  3.11095e-12
5.478726836e+00  3.3446675e-12  3.34467e-12  1.47756e-13  3.19691e-12
5.506120470e+00  3.4324870e-12  3.43249e-12  1.47580e-13  3.28491e-12
5.533651072e+00  3.5244211e-12  3.52442e-12  1.45939e-13  3.37848e-12
5.561319328e+00  3.6228222e-12  3.62282e-12  1.41750e-13  3.48107e-12
5.589125924e+00  3.7263695e-12  3.72637e-12  1.36150e-13  3.59022e-12
5.617071554e+00  3.8315707e-12  3.83157e-12  1.31159e-13  3.70041e-12
5.645156912e+00  3.9352257e-12  3.93523e-12  1.28251e-13  3.80697e-12
5.673382696e+00  4.0392107e-12  4.03921e-12  1.26275e-13  3.91294e-12
5.701749610e+00  4.1449012e-12  4.14490e-12  1.24511e-13  4.02039e-12
5.730258358e+00  4.2546432e-12  4.25464e-12  1.21971e-13  4.13267e-12
5.758909650e+00  4.3677846e-12  4.36778e-12  1.19029e-13  4.24876e-12
5.787704198e+00  4.4828382e-12  4.48284e-12  1.16312e-13  4.36653e-12
5.816642719e+00  4.5971215e-12  4.59712e-12  1.14759e-13  4.48236e-12
5.845725932e+00  4.7145809e-12  4.71458e-12  1.12877e-13  4.60170e-12
5.874954562e+00  4.8369047e-12  4.83690e-12  1.10167e-13  4.72674e-12
5.904329335e+00  4.9674690e-12  4.96747e-12  1.05693e-13  4.86178e-12
5.933850982e+00  5.1071652e-12  5.10717e-12  9.94261e-14  5.00774e-12
5.963520237e+00  5.2527732e-12  5.25277e-12  9.25308e-14  5.16024e-12
5.993337838e+00  5.3954823e-12  5.39548e-12  8.75163e-14  5.30797e-12
6.023304527e+00  5.5373673e-12  5.53737e-12  8.36290e-14  5.45374e-12
6.053421050e+00  5.6786832e-12  5.67868e-12  8.06832e-14  5.59800e-12
6.083688155e+00  5.8225256e-12  5.82253e-12  7.78304e-14  5.74470e-12
6.114106596e+00  5.9682796e-12  5.96828e-12  7.52108e-14  5.89307e-12
6.144677129e+00  6.1150934e-12  6.11509e-12  7.29951e-14  6.04210e-12
6.175400514e+00  6.2591909e-12  6.25919e-12  7.19527e-14  6.18724e-12
6.206277517e+00  6.4011052e-12  6.40111e-12  7.18453e-14  6.32926e-12
6.237308904e+00  6.5412458e-12  6.54125e-12  7.24883e-14  6.46876e-12
6.268495449e+00  6.6838429e-12  6.68384e-12  7.29892e-14  6.61085e-12
6.299837926e+00  6.8286404e-12  6.82864e-12  7.34078e-14  6.75523e-12
6.331337116e+00  6.9703878e-12  6.97039e-12  7.46808e-14  6.89571e-12
6.362993801e+00  7.1081479e-12  7.10815e-12  7.68736e-14  7.03127e-12
6.394808770e+00  7.2479471e-12  7.24795e-12  7.88899e-14  7.16906e-12
6.426782814e+00  7.3931681e-12  7.39317e-12  8.02028e-14  7.31297e-12
6.458916728e+00  7.5466439e-12  7.54664e-12  8.04440e-14  7.46620e-12
6.491211312e+00  7.7037243e-12  7.70372e-12  8.04080e-14  7.62332e-12
6.523667368e+00  7.8694016e-12  7.86940e-12  7.94060e-14  7.79000e-12
6.556285705e+00  8.0422925e-12  8.04229e-12  7.77250e-14  7.96457e-12
6.589067134e+00  8.2188176e-12  8.21882e-12  7.59120e-14  8.14291e-12
6.622012469e+00  8.3957251e-12  8.39573e-12  7.44019e-14  8.32132e-12
6.655122532e+00  8.5712254e-12  8.57123e-12  7.33907e-14  8.49783e-12
6.688398144e+00  8.7401970e-12  8.74020e-12  7.34502e-14  8.66675e-12
6.721840135e+00  8.9091727e-12  8.90917e-12  7.37122e-14  8.83546e-12
6.755449336e+00  9.0881486e-12  9.08815e-12  7.30223e-14  9.01513e-12
6.789226583e+00  9.2809101e-12  9.28091e-12  7.10524e-14  9.20986e-12
6.823172715e+00  9.4764482e-12  9.47645e-12  6.90923e-14  9.40736e-12
6.857288579e+00  9.6689642e-12  9.66896e-12  6.77396e-14  9.60122e-12
6.891575022e+00  9.8721441e-12  9.87214e-12  6.55741e-14  9.80657e-12
6.926032897e+00  1.0078605e-11  1.00786e-11  6.33849e-14  1.00152e-11
6.960663062e+00  1.0275475e-11  1.02755e-11  6.23836e-14  1.02131e-11
6.995466377e+00  1.0470530e-11  1.04705e-11  6.17576e-14  1.04088e-11
7.030443709e+00  1.0673515e-11  1.06735e-11  6.06122e-14  1.06129e-11
7.065595927e+00  1.0879888e-11  1.08799e-11  5.93816e-14  1.08205e-11
7.100923907e+00  1.1088289e-11  1.10883e-11  5.81861e-14  1.10301e-11
7.136428526e+00  1.1300241e-11  1.13002e-11  5.68994e-14  1.12433e-11
7.172110669e+00  1.1515355e-11  1.15154e-11  5.55598e-14  1.14598e-11
7.207971222e+00  1.1734939e-11  1.17349e-11  5.40721e-14  1.16809e-11
7.244011079e+00  1.1960991e-11  1.19610e-11  5.23010e-14  1.19087e-11
7.280231134e+00  1.2194579e-11  1.21946e-11  5.01939e-14  1.21444e-11
7.316632290e+00  1.2435244e-11  1.24352e-11  4.78119e-14  1.23874e-11
7.353215451e+00  1.2677099e-11  1.26771e-11  4.55789e-14  1.26315e-11
7.389981528e+00  1.2917998e-11  1.29180e-11  4.36264e-14  1.28744e-11
7.426931436e+00  1.3151486e-11  1.31515e-11  4.23474e-14  1.31091e-11
7.464066093e+00  1.3392051e-11  1.33921e-11  4.07821e-14  1.33513e-11
7.501386424e+00  1.3631189e-11  1.36312e-11  3.94708e-14  1.35917e-11
7.538893356e+00  1.3869903e-11  1.38699e-11  3.83339e-14  1.38316e-11
7.576587822e+00  1.4115420e-11  1.41154e-11  3.69407e-14  1.40785e-11
7.614470762e+00  1.4362569e-11  1.43626e-11  3.56014e-14  1.43270e-11
7.652543115e+00  1.4613602e-11  1.46136e-11  3.41884e-14  1.45794e-11
7.690805831e+00  1.4867847e-11  1.48678e-11  3.27432e-14  1.48351e-11
7.729259860e+00  1.5126821e-11  1.51268e-11  3.11895e-14  1.50956e-11
7.767906159e+00  1.5393513e-11  1.53935e-11  2.93845e-14  1.53641e-11
7.806745690e+00  1.5654872e-11  1.56549e-11  2.79904e-14  1.56269e-11
7.845779419e+00  1.5917083e-11  1.59171e-11  2.66794e-14  1.58904e-11
7.885008316e+00  1.6188680e-11  1.61887e-11  2.50460e-14  1.61636e-11
7.924433357e+00  1.6459594e-11  1.64596e-11  2.35733e-14  1.64360e-11
7.964055524e+00  1.6727179e-11  1.67272e-11  2.23675e-14  1.67048e-11
8.003875802e+00  1.6997507e-11  1.69975e-11  2.11453e-14  1.69764e-11
8.043895181e+00  1.7271773e-11  1.72718e-11  1.98569e-14  1.72519e-11
8.084114657e+00  1.7554700e-11  1.75547e-11  1.83116e-14  1.75364e-11
8.124535230e+00  1.7839015e-11  1.78390e-11  1.68212e-14  1.78222e-11
8.165157906e+00  1.8121975e-11  1.81220e-11  1.54895e-14  1.81065e-11
8.205983696e+00  1.8405017e-11  1.84050e-11  1.42502e-14  1.83908e-11
8.247013614e+00  1.8691324e-11  1.86913e-11  1.29772e-14  1.86783e-11
8.288248682e+00  1.8976636e-11  1.89766e-11  1.18285e-14  1.89648e-11
8.329689926e+00  1.9261924e-11  1.92619e-11  1.07605e-14  1.92512e-11
8.371338375e+00  1.9541900e-11  1.95419e-11  9.95207e-15  1.95319e-11
8.413195067e+00  1.9817004e-11  1.98170e-11  9.36989e-15  1.98076e-11
8.455261042e+00  2.0082203e-11  2.00822e-11  9.16571e-15  2.00730e-11
8.497537348e+00  2.0327207e-11  2.03272e-11  9.64850e-15  2.03176e-11
8.540025034e+00  2.0527017e-11  2.05270e-11  1.15676e-14  2.05154e-11
8.582725160e+00  2.0634609e-11  2.06346e-11  1.62904e-14  2.06183e-11
8.625638785e+00  2.0618421e-11  2.06184e-11  2.45884e-14  2.05938e-11
8.668766979e+00  2.0466054e-11  2.04661e-11  3.65880e-14  2.04295e-11
8.712110814e+00  2.0219549e-11  2.02195e-11  5.08100e-14  2.01687e-11
8.755671368e+00  2.0073158e-11  2.00732e-11  6.15559e-14  2.00116e-11
8.799449725e+00  2.0277382e-11  2.02774e-11  6.20467e-14  2.02153e-11
8.843446974e+00  2.0295607e-11  2.02956e-11  6.75820e-14  2.02280e-11
8.887664209e+00  2.0275494e-11  2.02755e-11  7.38914e-14  2.02016e-11
8.932102530e+00  2.0472257e-11  2.04723e-11  7.42450e-14  2.03980e-11
8.976763042e+00  2.0613684e-11  2.06137e-11  7.59805e-14  2.05377e-11
9.021646857e+00  2.0690324e-11  2.06903e-11  7.92462e-14  2.06111e-11
9.066755092e+00  2.0853888e-11  2.08539e-11  8.02205e-14  2.07737e-11
9.112088867e+00  2.1113713e-11  2.11137e-11  7.88170e-14  2.10349e-11
9.157649312e+00  2.1411465e-11  2.14115e-11  7.65531e-14  2.13349e-11
9.203437558e+00  2.1704267e-11  2.17043e-11  7.44701e-14  2.16298e-11
9.249454746e+00  2.1985449e-11  2.19854e-11  7.27082e-14  2.19127e-11
9.295702020e+00  2.2262261e-11  2.22623e-11  7.10881e-14  2.21912e-11
9.342180530e+00  2.2510544e-11  2.25105e-11  7.01255e-14  2.24404e-11
9.388891432e+00  2.2729806e-11  2.27298e-11  6.97916e-14  2.26600e-11
9.435835890e+00  2.2956137e-11  2.29561e-11  6.92967e-14  2.28868e-11
9.483015069e+00  2.3207171e-11  2.32072e-11  6.82892e-14  2.31389e-11
9.530430144e+00  2.3540447e-11  2.35404e-11  6.56459e-14  2.34748e-11
9.578082295e+00  2.3953957e-11  2.39540e-11  6.15011e-14  2.38925e-11
9.625972707e+00  2.4440133e-11  2.44401e-11  5.60885e-14  2.43840e-11
9.674102570e+00  2.4964425e-11  2.49644e-11  5.01356e-14  2.49143e-11
9.722473083e+00  2.5407591e-11  2.54076e-11  4.58861e-14  2.53617e-11
9.771085448e+00  2.5859352e-11  2.58594e-11  4.16155e-14  2.58177e-11
9.819940876e+00  2.6328447e-11  2.63284e-11  3.71710e-14  2.62913e-11
9.869040580e+00  2.6674586e-11  2.66746e-11  3.50204e-14  2.66396e-11
9.918385783e+00  2.6901789e-11  2.69018e-11  3.49693e-14  2.68668e-11
9.967977712e+00  2.6988831e-11  2.69888e-11  3.72598e-14  2.69516e-11
1.001781760e+01  2.7053827e-11  2.70538e-11  3.98069e-14  2.70140e-11
1.006790669e+01  2.7130170e-11  2.71302e-11  4.20514e-14  2.70881e-11
1.011824622e+01  2.7204385e-11  2.72044e-11  4.42224e-14  2.71602e-11
1.016883745e+01  2.7334239e-11  2.73342e-11  4.54162e-14  2.72888e-11
1.021968164e+01  2.7421883e-11  2.74219e-11  4.71893e-14  2.73747e-11
1.027078005e+01  2.7517149e-11  2.75171e-11  4.87560e-14  2.74684e-11
1.032213395e+01  2.7820647e-11  2.78206e-11  4.71456e-14  2.77735e-11
1.037374462e+01  2.8190463e-11  2.81905e-11  4.45946e-14  2.81459e-11
1.042561334e+01  2.8399335e-11  2.83993e-11  4.44109e-14  2.83549e-11
1.047774141e+01  2.8597572e-11  2.85976e-11  4.43545e-14  2.85532e-11
1.053013012e+01  2.8900093e-11  2.89001e-11  4.28270e-14  2.88573e-11
1.058278077e+01  2.9237182e-11  2.92372e-11  4.08521e-14  2.91963e-11
1.063569467e+01  2.9535231e-11  2.95352e-11  3.94377e-14  2.94958e-11
1.068887314e+01  2.9803933e-11  2.98039e-11  3.84284e-14  2.97655e-11
1.074231751e+01  3.0107990e-11  3.01080e-11  3.69671e-14  3.00710e-11
1.079602910e+01  3.0467182e-11  3.04672e-11  3.48250e-14  3.04324e-11
1.085000924e+01  3.0967567e-11  3.09676e-11  3.09599e-14  3.09366e-11
1.090425929e+01  3.1479731e-11  3.14797e-11  2.70492e-14  3.14527e-11
1.095878058e+01  3.1858367e-11  3.18584e-11  2.48547e-14  3.18335e-11
1.101357449e+01  3.2136617e-11  3.21366e-11  2.38995e-14  3.21127e-11
1.106864236e+01  3.2263394e-11  3.22634e-11  2.47225e-14  3.22387e-11
1.112398557e+01  3.2060761e-11  3.20608e-11  2.92879e-14  3.20315e-11
1.117960550e+01  3.1733919e-11  3.17339e-11  3.50892e-14  3.16988e-11
1.123550353e+01  3.1653598e-11  3.16536e-11  3.79288e-14  3.16157e-11
1.129168104e+01  3.1765186e-11  3.17652e-11  3.85432e-14  3.17266e-11
1.134813945e+01  3.2035975e-11  3.20360e-11  3.73890e-14  3.19986e-11
1.140488015e+01  3.2396223e-11  3.23962e-11  3.52903e-14  3.23609e-11
1.146190455e+01  3.2738055e-11  3.27381e-11  3.34213e-14  3.27046e-11
1.151921407e+01  3.3081104e-11  3.30811e-11  3.15693e-14  3.30495e-11
1.157681014e+01  3.3440448e-11  3.34404e-11  2.95808e-14  3.34109e-11
1.163469419e+01  3.3802567e-11  3.38026e-11  2.75978e-14  3.37750e-11
1.169286766e+01  3.4125940e-11  3.41259e-11  2.60296e-14  3.40999e-11
1.175133200e+01  3.4431084e-11  3.44311e-11  2.46589e-14  3.44064e-11
1.181008866e+01  3.4735321e-11  3.47353e-11  2.33115e-14  3.47120e-11
1.186913910e+01  3.5013054e-11  3.50131e-11  2.22278e-14  3.49908e-11
1.192848480e+01  3.5256743e-11  3.52567e-11  2.14664e-14  3.52353e-11
1.198812722e+01  3.5475551e-11  3.54756e-11  2.09294e-14  3.54546e-11
1.204806786e+01  3.5686756e-11  3.56868e-11  2.04513e-14  3.56663e-11
1.210830820e+01  3.5891373e-11  3.58914e-11  2.00207e-14  3.58714e-11
1.216884974e+01  3.6077522e-11  3.60775e-11  1.97393e-14  3.60578e-11
1.222969399e+01  3.6274334e-11  3.62743e-11  1.93494e-14  3.62550e-11
1.229084246e+01  3.6481589e-11  3.64816e-11  1.88573e-14  3.64627e-11
1.235229667e+01  3.6680161e-11  3.66802e-11  1.84276e-14  3.66617e-11
1.241405815e+01  3.6872254e-11  3.68723e-11  1.80396e-14  3.68542e-11
1.247612845e+01  3.7079960e-11  3.70800e-11  1.75112e-14  3.70624e-11
1.253850909e+01  3.7287077e-11  3.72871e-11  1.69786e-14  3.72701e-11
1.260120163e+01  3.7495560e-11  3.74956e-11  1.64263e-14  3.74791e-11
1.266420764e+01  3.7697933e-11  3.76979e-11  1.59138e-14  3.76820e-11
1.272752868e+01  3.7888180e-11  3.78882e-11  1.54858e-14  3.78727e-11
1.279116632e+01  3.8078871e-11  3.80789e-11  1.50432e-14  3.80638e-11
1.285512215e+01  3.8267222e-11  3.82672e-11  1.46076e-14  3.82526e-11
1.291939776e+01  3.8455210e-11  3.84552e-11  1.41640e-14  3.84410e-11
1.298399475e+01  3.8658925e-11  3.86589e-11  1.35950e-14  3.86453e-11
1.304891473e+01  3.8877335e-11  3.88773e-11  1.29131e-14  3.88644e-11
1.311415930e+01  3.9085477e-11  3.90855e-11  1.23006e-14  3.90732e-11
1.317973010e+01  3.9294212e-11  3.92942e-11  1.16784e-14  3.92825e-11
1.324562875e+01  3.9494566e-11  3.94946e-11  1.11093e-14  3.94835e-11
1.331185689e+01  3.9702827e-11  3.97028e-11  1.04798e-14  3.96923e-11
1.337841618e+01  3.9912910e-11  3.99129e-11  9.83339e-15  3.99031e-11
1.344530826e+01  4.0060107e-11  4.00601e-11  9.60282e-15  4.00505e-11
1.351253480e+01  4.0198400e-11  4.01984e-11  9.41661e-15  4.01890e-11
1.358009747e+01  4.0386623e-11  4.03866e-11  8.89007e-15  4.03777e-11
1.364799796e+01  4.0514566e-11  4.05146e-11  8.74444e-15  4.05058e-11
1.371623795e+01  4.0549566e-11  4.05496e-11  9.17308e-15  4.05404e-11
1.378481914e+01  4.0570772e-11  4.05708e-11  9.65841e-15  4.05611e-11
1.385374323e+01  4.0645251e-11  4.06453e-11  9.78275e-15  4.06355e-11
1.392301195e+01  4.0787361e-11  4.07874e-11  9.47123e-15  4.07779e-11
1.399262701e+01  4.0944081e-11  4.09441e-11  9.06013e-15  4.09350e-11
1.406259015e+01  4.1089731e-11  4.10897e-11  8.70648e-15  4.10810e-11
1.413290310e+01  4.1242466e-11  4.12425e-11  8.30114e-15  4.12342e-11
1.420356761e+01  4.1379817e-11  4.13798e-11  7.97704e-15  4.13718e-11
1.427458545e+01  4.1508072e-11  4.15081e-11  7.69516e-15  4.15004e-11
1.434595838e+01  4.1626752e-11  4.16268e-11  7.45680e-15  4.16193e-11
1.441768817e+01  4.1641677e-11  4.16417e-11  7.79079e-15  4.16339e-11
1.448977661e+01  4.1589942e-11  4.15899e-11  8.47090e-15  4.15815e-11
1.456222549e+01  4.1619819e-11  4.16198e-11  8.66941e-15  4.16111e-11
1.463503662e+01  4.1742590e-11  4.17426e-11  8.34130e-15  4.17342e-11
1.470821180e+01  4.1943711e-11  4.19437e-11  7.58268e-15  4.19361e-11
1.478175286e+01  4.2119930e-11  4.21199e-11  6.95713e-15  4.21130e-11
1.485566163e+01  4.2253367e-11  4.22534e-11  6.55434e-15  4.22468e-11
1.492993994e+01  4.2370246e-11  4.23702e-11  6.23067e-15  4.23640e-11
1.500458964e+01  4.2523454e-11  4.25235e-11  5.71167e-15  4.25177e-11
1.507961258e+01  4.2665773e-11  4.26658e-11  5.24396e-15  4.26605e-11
1.515501065e+01  4.2778868e-11  4.27789e-11  4.91820e-15  4.27739e-11
1.523078570e+01  4.2831232e-11  4.28312e-11  4.88661e-15  4.28263e-11
1.530693963e+01  4.2716562e-11  4.27166e-11  5.66293e-15  4.27109e-11
1.538347433e+01  4.2592047e-11  4.25920e-11  6.45594e-15  4.25856e-11
1.546039170e+01  4.2464268e-11  4.24643e-11  7.23334e-15  4.24570e-11
1.553769366e+01  4.2406419e-11  4.24064e-11  7.64671e-15  4.23988e-11
1.561538212e+01  4.2435865e-11  4.24359e-11  7.62561e-15  4.24282e-11
1.569345903e+01  4.2508125e-11  4.25081e-11  7.39120e-15  4.25007e-11
1.577192633e+01  4.2621134e-11  4.26211e-11  6.95974e-15  4.26142e-11
1.585078596e+01  4.2692794e-11  4.26928e-11  6.71261e-15  4.26861e-11
1.593003989e+01  4.2716415e-11  4.27164e-11  6.67452e-15  4.27097e-11
1.600969009e+01  4.2715684e-11  4.27157e-11  6.73311e-15  4.27090e-11
1.608973854e+01  4.2688811e-11  4.26888e-11  6.89344e-15  4.26819e-11
1.617018723e+01  4.2508409e-11  4.25084e-11  7.71139e-15  4.25007e-11
1.625103817e+01  4.2259385e-11  4.22594e-11  8.79847e-15  4.22506e-11
1.633229336e+01  4.1870251e-11  4.18703e-11  1.04540e-14  4.18598e-11
1.641395483e+01  4.1426536e-11  4.14265e-11  1.22970e-14  4.14142e-11
1.649602460e+01  4.1055409e-11  4.10554e-11  1.37857e-14  4.10416e-11
1.657850473e+01  4.0624574e-11  4.06246e-11  1.54825e-14  4.06091e-11
1.666139725e+01  4.0438765e-11  4.04388e-11  1.61215e-14  4.04226e-11
1.674470424e+01  4.0264100e-11  4.02641e-11  1.66908e-14  4.02474e-11
1.682842776e+01  4.0170408e-11  4.01704e-11  1.69093e-14  4.01535e-11
1.691256990e+01  4.0082655e-11  4.00827e-11  1.70883e-14  4.00656e-11
1.699713274e+01  4.0026926e-11  4.00269e-11  1.71254e-14  4.00098e-11
1.708211841e+01  3.9933039e-11  3.99330e-11  1.73010e-14  3.99157e-11
1.716752900e+01  3.9814284e-11  3.98143e-11  1.75596e-14  3.97967e-11
1.725336665e+01  3.9673801e-11  3.96738e-11  1.78868e-14  3.96559e-11
1.733963348e+01  3.9491797e-11  3.94918e-11  1.83565e-14  3.94734e-11
1.742633165e+01  3.9282466e-11  3.92825e-11  1.89110e-14  3.92636e-11
1.751346330e+01  3.9138890e-11  3.91389e-11  1.91978e-14  3.91197e-11
1.760103062e+01  3.9094055e-11  3.90941e-11  1.91011e-14  3.90750e-11
1.768903577e+01  3.9148268e-11  3.91483e-11  1.86304e-14  3.91296e-11
1.777748095e+01  3.9271003e-11  3.92710e-11  1.79075e-14  3.92531e-11
1.786636836e+01  3.9379454e-11  3.93795e-11  1.72398e-14  3.93622e-11
1.795570020e+01  3.9416964e-11  3.94170e-11  1.68297e-14  3.94001e-11
1.804547870e+01  3.9346374e-11  3.93464e-11  1.68032e-14  3.93296e-11
1.813570609e+01  3.9206565e-11  3.92066e-11  1.70128e-14  3.91896e-11
1.822638462e+01  3.9063045e-11  3.90630e-11  1.72230e-14  3.90458e-11
1.831751655e+01  3.8892652e-11  3.88927e-11  1.75142e-14  3.88751e-11
1.840910413e+01  3.8794784e-11  3.87948e-11  1.75422e-14  3.87772e-11
1.850114965e+01  3.8839585e-11  3.88396e-11  1.70742e-14  3.88225e-11
1.859365540e+01  3.8980771e-11  3.89808e-11  1.62796e-14  3.89645e-11
1.868662368e+01  3.9098125e-11  3.90981e-11  1.55704e-14  3.90826e-11
1.878005679e+01  3.9099858e-11  3.90999e-11  1.52500e-14  3.90846e-11
1.887395708e+01  3.8994231e-11  3.89942e-11  1.52817e-14  3.89789e-11
1.896832686e+01  3.8810338e-11  3.88103e-11  1.55616e-14  3.87948e-11
1.906316850e+01  3.8469181e-11  3.84692e-11  1.63402e-14  3.84528e-11
1.915848434e+01  3.7930346e-11  3.79303e-11  1.77355e-14  3.79126e-11
1.925427676e+01  3.7465849e-11  3.74658e-11  1.88635e-14  3.74470e-11
1.935054815e+01  3.7030112e-11  3.70301e-11  1.98752e-14  3.70102e-11
1.944730089e+01  3.6790287e-11  3.67903e-11  2.02480e-14  3.67700e-11
1.954453739e+01  3.6726542e-11  3.67265e-11  2.00589e-14  3.67065e-11
1.964226008e+01  3.6713888e-11  3.67139e-11  1.97081e-14  3.66942e-11
1.974047138e+01  3.6750352e-11  3.67504e-11  1.92055e-14  3.67311e-11
1.983917374e+01  3.6784741e-11  3.67847e-11  1.87108e-14  3.67660e-11
1.993836960e+01  3.6852521e-11  3.68525e-11  1.81166e-14  3.68344e-11
2.003806145e+01  3.6904888e-11  3.69049e-11  1.75717e-14  3.68873e-11
2.013825176e+01  3.6978094e-11  3.69781e-11  1.69672e-14  3.69611e-11
2.023894302e+01  3.7091541e-11  3.70915e-11  1.62473e-14  3.70753e-11
2.034013773e+01  3.7180551e-11  3.71806e-11  1.56042e-14  3.71649e-11
2.044183842e+01  3.7293896e-11  3.72939e-11  1.48944e-14  3.72790e-11
2.054404761e+01  3.7414101e-11  3.74141e-11  1.41701e-14  3.73999e-11
2.064676785e+01  3.7565527e-11  3.75655e-11  1.33618e-14  3.75522e-11
2.075000169e+01  3.7702988e-11  3.77030e-11  1.25999e-14  3.76904e-11
2.085375170e+01  3.7851706e-11  3.78517e-11  1.18124e-14  3.78399e-11
2.095802046e+01  3.7981052e-11  3.79811e-11  1.10858e-14  3.79700e-11
2.106281056e+01  3.8122428e-11  3.81224e-11  1.03314e-14  3.81121e-11
2.116812461e+01  3.8219540e-11  3.82195e-11  9.70541e-15  3.82098e-11
2.127396524e+01  3.8208344e-11  3.82083e-11  9.38084e-15  3.81990e-11
2.138033506e+01  3.8119457e-11  3.81195e-11  9.26794e-15  3.81102e-11
2.148723674e+01  3.8030304e-11  3.80303e-11  9.15297e-15  3.80212e-11
2.159467292e+01  3.7901347e-11  3.79013e-11  9.14220e-15  3.78922e-11
2.170264629e+01  3.7774414e-11  3.77744e-11  9.12201e-15  3.77653e-11
2.181115952e+01  3.7639259e-11  3.76393e-11  9.11978e-15  3.76301e-11
2.192021532e+01  3.7440801e-11  3.74408e-11  9.28002e-15  3.74315e-11
2.202981639e+01  3.7210963e-11  3.72110e-11  9.51609e-15  3.72014e-11
2.213996547e+01  3.6975638e-11  3.69756e-11  9.75938e-15  3.69659e-11
2.225066530e+01  3.6759620e-11  3.67596e-11  9.94595e-15  3.67497e-11
2.236191863e+01  3.6586607e-11  3.65866e-11  1.00164e-14  3.65766e-11
2.247372822e+01  3.6484845e-11  3.64848e-11  9.90136e-15  3.64749e-11
2.258609686e+01  3.6419979e-11  3.64200e-11  9.69130e-15  3.64103e-11
2.269902735e+01  3.6398089e-11  3.63981e-11  9.37295e-15  3.63887e-11
2.281252248e+01  3.6458695e-11  3.64587e-11  8.85009e-15  3.64498e-11
2.292658510e+01  3.6483247e-11  3.64832e-11  8.42011e-15  3.64748e-11
2.304121802e+01  3.6470091e-11  3.64701e-11  8.08534e-15  3.64620e-11
2.315642411e+01  3.6491929e-11  3.64919e-11  7.66644e-15  3.64843e-11
2.327220623e+01  3.6463298e-11  3.64633e-11  7.37248e-15  3.64559e-11
2.338856726e+01  3.6432211e-11  3.64322e-11  7.08537e-15  3.64251e-11
2.350551010e+01  3.6386164e-11  3.63862e-11  6.83499e-15  3.63793e-11
2.362303765e+01  3.6315553e-11  3.63156e-11  6.64358e-15  3.63089e-11
2.374115284e+01  3.6213243e-11  3.62132e-11  6.52697e-15  3.62067e-11
2.385985860e+01  3.6136522e-11  3.61365e-11  6.34912e-15  3.61302e-11
2.397915789e+01  3.6083586e-11  3.60836e-11  6.11546e-15  3.60775e-11
2.409905368e+01  3.5991091e-11  3.59911e-11  5.97416e-15  3.59851e-11
2.421954895e+01  3.5885145e-11  3.58851e-11  5.86333e-15  3.58793e-11
2.434064670e+01  3.5732668e-11  3.57327e-11  5.85834e-15  3.57268e-11
2.446234993e+01  3.5592790e-11  3.55928e-11  5.82252e-15  3.55870e-11
2.458466168e+01  3.5461593e-11  3.54616e-11  5.76535e-15  3.54558e-11
2.470758499e+01  3.5369975e-11  3.53700e-11  5.61768e-15  3.53644e-11
2.483112291e+01  3.5267066e-11  3.52671e-11  5.49507e-15  3.52616e-11
2.495527853e+01  3.5073140e-11  3.50731e-11  5.57462e-15  3.50676e-11
