# ------------------------------------------------------------------------
# Radiance spectrum
# NASA-GSFC Planetary Spectrum Generator (PSG) (Villanueva et al. 2018, 2022)
# Synthesized on Wed Feb 14 20:52:18 2024
# Doppler velocities [km/s] (vobs,vrot+vorb,vwidth,vrfl,vstr): 0.00000,-0.00000,0.00000,-119.41115,-0.00000
# Spectral unit: Wavelength [um]
# Radiance unit: Spectral irradiance [W/m2/um]
# Wave/freq Total Object Reflected Thermal
5.000000000e-01  4.9763911e-13  4.97639e-13  4.97639e-13  1.92353e-46
5.025000000e-01  5.0263447e-13  5.02634e-13  5.02634e-13  3.03474e-46
5.050125000e-01  5.0761917e-13  5.07619e-13  5.07619e-13  4.77669e-46
5.075375625e-01  5.1259224e-13  5.12592e-13  5.12592e-13  7.50102e-46
5.100752503e-01  5.1755272e-13  5.17553e-13  5.17553e-13  1.17518e-45
5.126256266e-01  5.2249965e-13  5.22500e-13  5.22500e-13  1.83692e-45
5.151887547e-01  5.2743207e-13  5.27432e-13  5.27432e-13  2.86467e-45
5.177646985e-01  5.3234903e-13  5.32349e-13  5.32349e-13  4.45726e-45
5.203535220e-01  5.3724959e-13  5.37250e-13  5.37250e-13  6.91949e-45
5.229552896e-01  5.4213280e-13  5.42133e-13  5.42133e-13  1.07176e-44
5.255700660e-01  5.4699772e-13  5.46998e-13  5.46998e-13  1.65631e-44
5.281979164e-01  5.5184343e-13  5.51843e-13  5.51843e-13  2.55397e-44
5.308389059e-01  5.5666900e-13  5.56669e-13  5.56669e-13  3.92934e-44
5.334931005e-01  5.6147351e-13  5.61474e-13  5.61474e-13  6.03200e-44
5.361605660e-01  5.6625606e-13  5.66256e-13  5.66256e-13  9.23941e-44
5.388413688e-01  5.7101573e-13  5.71016e-13  5.71016e-13  1.41213e-43
5.415355756e-01  5.7575163e-13  5.75752e-13  5.75752e-13  2.15355e-43
5.442432535e-01  5.8046287e-13  5.80463e-13  5.80463e-13  3.27710e-43
5.469644698e-01  5.8514858e-13  5.85149e-13  5.85149e-13  4.97608e-43
5.496992921e-01  5.8980787e-13  5.89808e-13  5.89808e-13  7.53961e-43
5.524477886e-01  5.9443989e-13  5.94440e-13  5.94440e-13  1.13994e-42
5.552100275e-01  5.9904378e-13  5.99044e-13  5.99044e-13  1.71984e-42
5.579860777e-01  6.0361870e-13  6.03619e-13  6.03619e-13  2.58924e-42
5.607760081e-01  6.0816380e-13  6.08164e-13  6.08164e-13  3.88993e-42
5.635798881e-01  6.1267827e-13  6.12678e-13  6.12678e-13  5.83175e-42
5.663977875e-01  6.1716129e-13  6.17161e-13  6.17161e-13  8.72467e-42
5.692297765e-01  6.2161206e-13  6.21612e-13  6.21612e-13  1.30256e-41
5.720759254e-01  6.2602978e-13  6.26030e-13  6.26030e-13  1.94064e-41
5.749363050e-01  6.3041366e-13  6.30414e-13  6.30414e-13  2.88537e-41
5.778109865e-01  6.3476295e-13  6.34763e-13  6.34763e-13  4.28121e-41
5.807000414e-01  6.3907686e-13  6.39077e-13  6.39077e-13  6.33940e-41
5.836035417e-01  6.4335467e-13  6.43355e-13  6.43355e-13  9.36804e-41
5.865215594e-01  6.4759563e-13  6.47596e-13  6.47596e-13  1.38157e-40
5.894541672e-01  6.5179901e-13  6.51799e-13  6.51799e-13  2.03341e-40
5.924014380e-01  6.5596410e-13  6.55964e-13  6.55964e-13  2.98684e-40
5.953634452e-01  6.6009021e-13  6.60090e-13  6.60090e-13  4.37858e-40
5.983402624e-01  6.6417664e-13  6.64177e-13  6.64177e-13  6.40615e-40
6.013319637e-01  6.6822273e-13  6.68223e-13  6.68223e-13  9.35418e-40
6.043386235e-01  6.7222780e-13  6.72228e-13  6.72228e-13  1.36322e-39
6.073603167e-01  6.7619122e-13  6.76191e-13  6.76191e-13  1.98279e-39
6.103971182e-01  6.8011234e-13  6.80112e-13  6.80112e-13  2.87838e-39
6.134491038e-01  6.8399055e-13  6.83991e-13  6.83991e-13  4.17043e-39
6.165163494e-01  6.8782524e-13  6.87825e-13  6.87825e-13  6.03087e-39
6.195989311e-01  6.9161581e-13  6.91616e-13  6.91616e-13  8.70463e-39
6.226969258e-01  6.9536169e-13  6.95362e-13  6.95362e-13  1.25399e-38
6.258104104e-01  6.9906230e-13  6.99062e-13  6.99062e-13  1.80310e-38
6.289394624e-01  7.0271710e-13  7.02717e-13  7.02717e-13  2.58777e-38
6.320841597e-01  7.0632555e-13  7.06326e-13  7.06326e-13  3.70698e-38
6.352445805e-01  7.0988713e-13  7.09887e-13  7.09887e-13  5.30036e-38
6.384208035e-01  7.1340132e-13  7.13401e-13  7.13401e-13  7.56459e-38
6.416129075e-01  7.1686763e-13  7.16868e-13  7.16868e-13  1.07762e-37
6.448209720e-01  7.2028558e-13  7.20286e-13  7.20286e-13  1.53231e-37
6.480450769e-01  7.2365471e-13  7.23655e-13  7.23655e-13  2.17488e-37
6.512853022e-01  7.2697456e-13  7.26975e-13  7.26975e-13  3.08132e-37
6.545417288e-01  7.3024470e-13  7.30245e-13  7.30245e-13  4.35764e-37
6.578144374e-01  7.3346471e-13  7.33465e-13  7.33465e-13  6.15157e-37
6.611035096e-01  7.3663418e-13  7.36634e-13  7.36634e-13  8.66848e-37
6.644090271e-01  7.3975272e-13  7.39753e-13  7.39753e-13  1.21934e-36
6.677310723e-01  7.4281995e-13  7.42820e-13  7.42820e-13  1.71214e-36
6.710697276e-01  7.4583551e-13  7.45836e-13  7.45836e-13  2.39987e-36
6.744250763e-01  7.4879905e-13  7.48799e-13  7.48799e-13  3.35795e-36
6.777972017e-01  7.5171023e-13  7.51710e-13  7.51710e-13  4.69032e-36
6.811861877e-01  7.5456875e-13  7.54569e-13  7.54569e-13  6.53998e-36
6.845921186e-01  7.5737429e-13  7.57374e-13  7.57374e-13  9.10332e-36
6.880150792e-01  7.6012657e-13  7.60127e-13  7.60127e-13  1.26496e-35
6.914551546e-01  7.6282532e-13  7.62825e-13  7.62825e-13  1.75473e-35
6.949124304e-01  7.6547027e-13  7.65470e-13  7.65470e-13  2.42998e-35
6.983869925e-01  7.6806118e-13  7.68061e-13  7.68061e-13  3.35939e-35
7.018789275e-01  7.7059782e-13  7.70598e-13  7.70598e-13  4.63646e-35
7.053883221e-01  7.7307997e-13  7.73080e-13  7.73080e-13  6.38828e-35
7.089152637e-01  7.7550743e-13  7.75507e-13  7.75507e-13  8.78731e-35
7.124598400e-01  7.7788003e-13  7.77880e-13  7.77880e-13  1.20672e-34
7.160221392e-01  7.8019757e-13  7.80198e-13  7.80198e-13  1.65440e-34
7.196022499e-01  7.8245991e-13  7.82460e-13  7.82460e-13  2.26444e-34
7.232002612e-01  7.8466690e-13  7.84667e-13  7.84667e-13  3.09435e-34
7.268162625e-01  7.8681841e-13  7.86818e-13  7.86818e-13  4.22154e-34
7.304503438e-01  7.8891433e-13  7.88914e-13  7.88914e-13  5.75002e-34
7.341025955e-01  7.9095454e-13  7.90955e-13  7.90955e-13  7.81930e-34
7.377731085e-01  7.9293897e-13  7.92939e-13  7.92939e-13  1.06162e-33
7.414619740e-01  7.9486754e-13  7.94868e-13  7.94868e-13  1.43906e-33
7.451692839e-01  7.9674018e-13  7.96740e-13  7.96740e-13  1.94759e-33
7.488951303e-01  7.9855685e-13  7.98557e-13  7.98557e-13  2.63167e-33
7.526396060e-01  8.0031752e-13  8.00318e-13  8.00318e-13  3.55044e-33
7.564028040e-01  8.0202216e-13  8.02022e-13  8.02022e-13  4.78248e-33
7.601848180e-01  8.0367076e-13  8.03671e-13  8.03671e-13  6.43203e-33
7.639857421e-01  8.0526332e-13  8.05263e-13  8.05263e-13  8.63715e-33
7.678056708e-01  8.0679987e-13  8.06800e-13  8.06800e-13  1.15804e-32
7.716446992e-01  8.0828044e-13  8.08280e-13  8.08280e-13  1.55028e-32
7.755029227e-01  8.0970506e-13  8.09705e-13  8.09705e-13  2.07222e-32
7.793804373e-01  8.1107379e-13  8.11074e-13  8.11074e-13  2.76567e-32
7.832773395e-01  8.1238669e-13  8.12387e-13  8.12387e-13  3.68562e-32
7.871937262e-01  8.1364385e-13  8.13644e-13  8.13644e-13  4.90419e-32
7.911296948e-01  8.1484536e-13  8.14845e-13  8.14845e-13  6.51589e-32
7.950853433e-01  8.1599131e-13  8.15991e-13  8.15991e-13  8.64440e-32
7.990607700e-01  8.1708182e-13  8.17082e-13  8.17082e-13  1.14512e-31
8.030560739e-01  8.1811702e-13  8.18117e-13  8.18117e-13  1.51471e-31
8.070713542e-01  8.1909703e-13  8.19097e-13  8.19097e-13  2.00065e-31
8.111067110e-01  8.2002202e-13  8.20022e-13  8.20022e-13  2.63863e-31
8.151622446e-01  8.2089213e-13  8.20892e-13  8.20892e-13  3.47501e-31
8.192380558e-01  8.2170754e-13  8.21708e-13  8.21708e-13  4.56989e-31
8.233342461e-01  8.2246842e-13  8.22468e-13  8.22468e-13  6.00111e-31
8.274509173e-01  8.2317496e-13  8.23175e-13  8.23175e-13  7.86931e-31
8.315881719e-01  8.2382737e-13  8.23827e-13  8.23827e-13  1.03044e-30
8.357461127e-01  8.2442584e-13  8.24426e-13  8.24426e-13  1.34740e-30
8.399248433e-01  8.2497061e-13  8.24971e-13  8.24971e-13  1.75936e-30
8.441244675e-01  8.2546190e-13  8.25462e-13  8.25462e-13  2.29407e-30
8.483450899e-01  8.2589995e-13  8.25900e-13  8.25900e-13  2.98712e-30
8.525868153e-01  8.2628500e-13  8.26285e-13  8.26285e-13  3.88415e-30
8.568497494e-01  8.2661732e-13  8.26617e-13  8.26617e-13  5.04359e-30
8.611339981e-01  8.2689716e-13  8.26897e-13  8.26897e-13  6.54013e-30
8.654396681e-01  8.2712480e-13  8.27125e-13  8.27125e-13  8.46913e-30
8.697668665e-01  8.2730053e-13  8.27301e-13  8.27301e-13  1.09522e-29
8.741157008e-01  8.2742464e-13  8.27425e-13  8.27425e-13  1.41441e-29
8.784862793e-01  8.2749742e-13  8.27497e-13  8.27497e-13  1.82417e-29
8.828787107e-01  8.2751918e-13  8.27519e-13  8.27519e-13  2.34948e-29
8.872931042e-01  8.2749023e-13  8.27490e-13  8.27490e-13  3.02204e-29
8.917295698e-01  8.2741090e-13  8.27411e-13  8.27411e-13  3.88197e-29
8.961882176e-01  8.2728152e-13  8.27282e-13  8.27282e-13  4.98001e-29
9.006691587e-01  8.2710243e-13  8.27102e-13  8.27102e-13  6.38026e-29
9.051725045e-01  8.2687396e-13  8.26874e-13  8.26874e-13  8.16354e-29
9.096983670e-01  8.2659646e-13  8.26596e-13  8.26596e-13  1.04317e-28
9.142468589e-01  8.2627031e-13  8.26270e-13  8.26270e-13  1.33127e-28
9.188180931e-01  8.2589585e-13  8.25896e-13  8.25896e-13  1.69676e-28
9.234121836e-01  8.2547345e-13  8.25473e-13  8.25473e-13  2.15983e-28
9.280292445e-01  8.2500350e-13  8.25004e-13  8.25004e-13  2.74576e-28
9.326693908e-01  8.2448638e-13  8.24486e-13  8.24486e-13  3.48623e-28
9.373327377e-01  8.2392246e-13  8.23922e-13  8.23922e-13  4.42080e-28
9.420194014e-01  8.2331215e-13  8.23312e-13  8.23312e-13  5.59886e-28
9.467294984e-01  8.2265584e-13  8.22656e-13  8.22656e-13  7.08201e-28
9.514631459e-01  8.2195394e-13  8.21954e-13  8.21954e-13  8.94690e-28
9.562204616e-01  8.2120684e-13  8.21207e-13  8.21207e-13  1.12889e-27
9.610015639e-01  8.2041498e-13  8.20415e-13  8.20415e-13  1.42264e-27
9.658065718e-01  8.1957875e-13  8.19579e-13  8.19579e-13  1.79064e-27
9.706356046e-01  8.1869859e-13  8.18699e-13  8.18699e-13  2.25108e-27
9.754887826e-01  8.1777492e-13  8.17775e-13  8.17775e-13  2.82649e-27
9.803662265e-01  8.1680817e-13  8.16808e-13  8.16808e-13  3.54470e-27
9.852680577e-01  8.1579877e-13  8.15799e-13  8.15799e-13  4.44007e-27
9.901943980e-01  8.1474716e-13  8.14747e-13  8.14747e-13  5.55496e-27
9.951453700e-01  8.1365378e-13  8.13654e-13  8.13654e-13  6.94154e-27
1.000121097e+00  8.1251908e-13  8.12519e-13  8.12519e-13  8.66397e-27
1.005121702e+00  8.1134350e-13  8.11344e-13  8.11344e-13  1.08011e-26
1.010147311e+00  8.1012750e-13  8.10127e-13  8.10127e-13  1.34496e-26
1.015198047e+00  8.0887152e-13  8.08872e-13  8.08872e-13  1.67280e-26
1.020274038e+00  8.0757603e-13  8.07576e-13  8.07576e-13  2.07814e-26
1.025375408e+00  8.0624147e-13  8.06241e-13  8.06241e-13  2.57873e-26
1.030502285e+00  8.0486832e-13  8.04868e-13  8.04868e-13  3.19622e-26
1.035654796e+00  8.0345704e-13  8.03457e-13  8.03457e-13  3.95706e-26
1.040833070e+00  8.0200808e-13  8.02008e-13  8.02008e-13  4.89344e-26
1.046037236e+00  8.0052193e-13  8.00522e-13  8.00522e-13  6.04457e-26
1.051267422e+00  7.9899904e-13  7.98999e-13  7.98999e-13  7.45808e-26
1.056523759e+00  7.9743989e-13  7.97440e-13  7.97440e-13  9.19184e-26
1.061806378e+00  7.9584495e-13  7.95845e-13  7.95845e-13  1.13160e-25
1.067115410e+00  7.9421469e-13  7.94215e-13  7.94215e-13  1.39157e-25
1.072450987e+00  7.9254959e-13  7.92550e-13  7.92550e-13  1.70936e-25
1.077813242e+00  7.9085013e-13  7.90850e-13  7.90850e-13  2.09744e-25
1.083202308e+00  7.8911677e-13  7.89117e-13  7.89117e-13  2.57080e-25
1.088618319e+00  7.8735000e-13  7.87350e-13  7.87350e-13  3.14757e-25
1.094061411e+00  7.8555030e-13  7.85550e-13  7.85550e-13  3.84958e-25
1.099531718e+00  7.8371814e-13  7.83718e-13  7.83718e-13  4.70310e-25
1.105029377e+00  7.8185400e-13  7.81854e-13  7.81854e-13  5.73971e-25
1.110554523e+00  7.7995836e-13  7.79958e-13  7.79958e-13  6.99734e-25
1.116107296e+00  7.7803171e-13  7.78032e-13  7.78032e-13  8.52149e-25
1.121687832e+00  7.7607451e-13  7.76075e-13  7.76075e-13  1.03667e-24
1.127296272e+00  7.7408725e-13  7.74087e-13  7.74087e-13  1.25982e-24
1.132932753e+00  7.7207041e-13  7.72070e-13  7.72070e-13  1.52941e-24
1.138597417e+00  7.7002447e-13  7.70024e-13  7.70024e-13  1.85476e-24
1.144290404e+00  7.6794990e-13  7.67950e-13  7.67950e-13  2.24699e-24
1.150011856e+00  7.6584718e-13  7.65847e-13  7.65847e-13  2.71938e-24
1.155761915e+00  7.6371678e-13  7.63717e-13  7.63717e-13  3.28770e-24
1.161540725e+00  7.6155920e-13  7.61559e-13  7.61559e-13  3.97075e-24
1.167348428e+00  7.5937489e-13  7.59375e-13  7.59375e-13  4.79086e-24
1.173185171e+00  7.5716433e-13  7.57164e-13  7.57164e-13  5.77452e-24
1.179051096e+00  7.5492800e-13  7.54928e-13  7.54928e-13  6.95317e-24
1.184946352e+00  7.5266637e-13  7.52666e-13  7.52666e-13  8.36404e-24
1.190871084e+00  7.5037991e-13  7.50380e-13  7.50380e-13  1.00512e-23
1.196825439e+00  7.4806908e-13  7.48069e-13  7.48069e-13  1.20667e-23
1.202809566e+00  7.4573436e-13  7.45734e-13  7.45734e-13  1.44722e-23
1.208823614e+00  7.4337621e-13  7.43376e-13  7.43376e-13  1.73402e-23
1.214867732e+00  7.4099509e-13  7.40995e-13  7.40995e-13  2.07564e-23
1.220942071e+00  7.3859147e-13  7.38591e-13  7.38591e-13  2.48215e-23
1.227046781e+00  7.3616580e-13  7.36166e-13  7.36166e-13  2.96541e-23
1.233182015e+00  7.3371856e-13  7.33719e-13  7.33719e-13  3.53937e-23
1.239347925e+00  7.3125018e-13  7.31250e-13  7.31250e-13  4.22038e-23
1.245544665e+00  7.2876113e-13  7.28761e-13  7.28761e-13  5.02765e-23
1.251772388e+00  7.2625187e-13  7.26252e-13  7.26252e-13  5.98367e-23
1.258031250e+00  7.2372283e-13  7.23723e-13  7.23723e-13  7.11479e-23
1.264321406e+00  7.2117447e-13  7.21174e-13  7.21174e-13  8.45182e-23
1.270643013e+00  7.1860724e-13  7.18607e-13  7.18607e-13  1.00308e-22
1.276996228e+00  7.1602157e-13  7.16022e-13  7.16022e-13  1.18936e-22
1.283381209e+00  7.1341791e-13  7.13418e-13  7.13418e-13  1.40895e-22
1.289798116e+00  7.1079670e-13  7.10797e-13  7.10797e-13  1.66755e-22
1.296247106e+00  7.0815836e-13  7.08158e-13  7.08158e-13  1.97181e-22
1.302728342e+00  7.0550334e-13  7.05503e-13  7.05503e-13  2.32946e-22
1.309241983e+00  7.0283207e-13  7.02832e-13  7.02832e-13  2.74951e-22
1.315788193e+00  7.0014496e-13  7.00145e-13  7.00145e-13  3.24238e-22
1.322367134e+00  6.9744246e-13  6.97442e-13  6.97442e-13  3.82018e-22
1.328978970e+00  6.9472496e-13  6.94725e-13  6.94725e-13  4.49694e-22
1.335623865e+00  6.9199291e-13  6.91993e-13  6.91993e-13  5.28890e-22
1.342301984e+00  6.8924670e-13  6.89247e-13  6.89247e-13  6.21485e-22
1.349013494e+00  6.8648676e-13  6.86487e-13  6.86487e-13  7.29652e-22
1.355758561e+00  6.8371349e-13  6.83713e-13  6.83713e-13  8.55897e-22
1.362537354e+00  6.8092730e-13  6.80927e-13  6.80927e-13  1.00311e-21
1.369350041e+00  6.7812860e-13  6.78129e-13  6.78129e-13  1.17464e-21
1.376196791e+00  6.7531777e-13  6.75318e-13  6.75318e-13  1.37431e-21
1.383077775e+00  6.7249523e-13  6.72495e-13  6.72495e-13  1.60654e-21
1.389993164e+00  6.6966136e-13  6.69661e-13  6.69661e-13  1.87642e-21
1.396943130e+00  6.6681655e-13  6.66817e-13  6.66817e-13  2.18979e-21
1.403927846e+00  6.6396118e-13  6.63961e-13  6.63961e-13  2.55333e-21
1.410947485e+00  6.6109565e-13  6.61096e-13  6.61096e-13  2.97473e-21
1.418002222e+00  6.5822034e-13  6.58220e-13  6.58220e-13  3.46279e-21
1.425092233e+00  6.5533561e-13  6.55336e-13  6.55336e-13  4.02757e-21
1.432217694e+00  6.5244184e-13  6.52442e-13  6.52442e-13  4.68061e-21
1.439378783e+00  6.4953940e-13  6.49539e-13  6.49539e-13  5.43506e-21
1.446575677e+00  6.4662867e-13  6.46629e-13  6.46629e-13  6.30596e-21
1.453808555e+00  6.4370999e-13  6.43710e-13  6.43710e-13  7.31046e-21
1.461077598e+00  6.4078373e-13  6.40784e-13  6.40784e-13  8.46810e-21
1.468382986e+00  6.3785024e-13  6.37850e-13  6.37850e-13  9.80117e-21
1.475724901e+00  6.3490988e-13  6.34910e-13  6.34910e-13  1.13350e-20
1.483103525e+00  6.3196299e-13  6.31963e-13  6.31963e-13  1.30984e-20
1.490519043e+00  6.2900992e-13  6.29010e-13  6.29010e-13  1.51241e-20
1.497971638e+00  6.2605101e-13  6.26051e-13  6.26051e-13  1.74494e-20
1.505461496e+00  6.2308659e-13  6.23087e-13  6.23087e-13  2.01163e-20
1.512988804e+00  6.2011701e-13  6.20117e-13  6.20117e-13  2.31726e-20
1.520553748e+00  6.1714258e-13  6.17143e-13  6.17143e-13  2.66726e-20
1.528156517e+00  6.1416364e-13  6.14164e-13  6.14164e-13  3.06775e-20
1.535797299e+00  6.1118051e-13  6.11181e-13  6.11180e-13  3.52565e-20
1.543476286e+00  6.0819350e-13  6.08194e-13  6.08193e-13  4.04880e-20
1.551193667e+00  6.0520294e-13  6.05203e-13  6.05203e-13  4.64602e-20
1.558949636e+00  6.0220913e-13  6.02209e-13  6.02209e-13  5.32730e-20
1.566744384e+00  5.9921239e-13  5.99212e-13  5.99212e-13  6.10386e-20
1.574578106e+00  5.9621301e-13  5.96213e-13  5.96213e-13  6.98837e-20
1.582450996e+00  5.9321129e-13  5.93211e-13  5.93211e-13  7.99507e-20
1.590363251e+00  5.9020754e-13  5.90208e-13  5.90207e-13  9.13999e-20
1.598315067e+00  5.8720204e-13  5.87202e-13  5.87202e-13  1.04411e-19
1.606306643e+00  5.8419509e-13  5.84195e-13  5.84195e-13  1.19187e-19
1.614338176e+00  5.8118697e-13  5.81187e-13  5.81187e-13  1.35954e-19
1.622409867e+00  5.7817796e-13  5.78178e-13  5.78178e-13  1.54967e-19
1.630521916e+00  5.7516834e-13  5.75168e-13  5.75168e-13  1.76511e-19
1.638674526e+00  5.7215839e-13  5.72158e-13  5.72158e-13  2.00905e-19
1.646867898e+00  5.6914837e-13  5.69148e-13  5.69148e-13  2.28506e-19
1.655102238e+00  5.6613856e-13  5.66139e-13  5.66138e-13  2.59712e-19
1.663377749e+00  5.6312921e-13  5.63129e-13  5.63129e-13  2.94971e-19
1.671694638e+00  5.6012059e-13  5.60121e-13  5.60120e-13  3.34780e-19
1.680053111e+00  5.5711296e-13  5.57113e-13  5.57113e-13  3.79693e-19
1.688453377e+00  5.5410656e-13  5.54107e-13  5.54106e-13  4.30330e-19
1.696895643e+00  5.5110165e-13  5.51102e-13  5.51101e-13  4.87381e-19
1.705380122e+00  5.4809847e-13  5.48098e-13  5.48098e-13  5.51612e-19
1.713907022e+00  5.4509727e-13  5.45097e-13  5.45097e-13  6.23877e-19
1.722476557e+00  5.4209828e-13  5.42098e-13  5.42098e-13  7.05125e-19
1.731088940e+00  5.3910173e-13  5.39102e-13  5.39101e-13  7.96409e-19
1.739744385e+00  5.3610787e-13  5.36108e-13  5.36107e-13  8.98899e-19
1.748443107e+00  5.3311692e-13  5.33117e-13  5.33116e-13  1.01389e-18
1.757185322e+00  5.3012910e-13  5.30129e-13  5.30128e-13  1.14283e-18
1.765971249e+00  5.2714464e-13  5.27145e-13  5.27143e-13  1.28729e-18
1.774801105e+00  5.2416375e-13  5.24164e-13  5.24162e-13  1.44906e-18
1.783675111e+00  5.2118665e-13  5.21187e-13  5.21185e-13  1.63007e-18
1.792593486e+00  5.1821355e-13  5.18214e-13  5.18212e-13  1.83248e-18
1.801556454e+00  5.1485457e-13  5.14855e-13  5.14853e-13  2.05878e-18
1.810564236e+00  5.1080635e-13  5.10806e-13  5.10804e-13  2.31174e-18
1.819617057e+00  5.0569558e-13  5.05696e-13  5.05693e-13  2.59448e-18
1.828715142e+00  5.0513850e-13  5.05139e-13  5.05136e-13  2.90809e-18
1.837858718e+00  5.0067106e-13  5.00671e-13  5.00668e-13  3.25928e-18
1.847048012e+00  4.9683291e-13  4.96833e-13  4.96829e-13  3.65023e-18
1.856283252e+00  4.9286013e-13  4.92860e-13  4.92856e-13  4.08556e-18
1.865564668e+00  4.9092745e-13  4.90927e-13  4.90923e-13  4.56859e-18
1.874892491e+00  4.8526648e-13  4.85266e-13  4.85261e-13  5.10823e-18
1.884266954e+00  4.8119832e-13  4.81198e-13  4.81193e-13  5.70675e-18
1.893688289e+00  4.7950442e-13  4.79504e-13  4.79498e-13  6.36923e-18
1.903156730e+00  4.7495078e-13  4.74951e-13  4.74944e-13  7.10717e-18
1.912672514e+00  4.7020570e-13  4.70206e-13  4.70198e-13  7.92595e-18
1.922235876e+00  4.6787411e-13  4.67874e-13  4.67865e-13  8.83050e-18
1.931847056e+00  4.6396328e-13  4.63963e-13  4.63953e-13  9.83458e-18
1.941506291e+00  4.5893047e-13  4.58930e-13  4.58920e-13  1.09480e-17
1.951213822e+00  4.5662723e-13  4.56627e-13  4.56615e-13  1.21752e-17
1.960969892e+00  4.5319701e-13  4.53197e-13  4.53183e-13  1.35341e-17
1.970774741e+00  4.4971182e-13  4.49712e-13  4.49697e-13  1.50357e-17
1.980628615e+00  4.4603380e-13  4.46034e-13  4.46017e-13  1.66945e-17
1.990531758e+00  4.4306661e-13  4.43067e-13  4.43048e-13  1.85234e-17
2.000484417e+00  4.3914688e-13  4.39147e-13  4.39126e-13  2.05435e-17
2.010486839e+00  4.3497620e-13  4.34976e-13  4.34953e-13  2.27715e-17
2.020539273e+00  4.3130689e-13  4.31307e-13  4.31282e-13  2.52245e-17
2.030641969e+00  4.2914245e-13  4.29142e-13  4.29115e-13  2.79189e-17
2.040795179e+00  4.2530278e-13  4.25303e-13  4.25272e-13  3.08914e-17
2.050999155e+00  4.2315198e-13  4.23152e-13  4.23118e-13  3.41515e-17
2.061254151e+00  4.1861900e-13  4.18619e-13  4.18581e-13  3.77486e-17
2.071560421e+00  4.1661865e-13  4.16619e-13  4.16577e-13  4.16838e-17
2.081918224e+00  4.1396489e-13  4.13965e-13  4.13919e-13  4.60079e-17
2.092327815e+00  4.1132006e-13  4.11320e-13  4.11269e-13  5.07520e-17
2.102789454e+00  4.0829705e-13  4.08297e-13  4.08241e-13  5.59573e-17
2.113303401e+00  4.0663493e-13  4.06635e-13  4.06573e-13  6.16481e-17
2.123869918e+00  4.0477859e-13  4.04779e-13  4.04711e-13  6.78821e-17
2.134489268e+00  4.0133937e-13  4.01339e-13  4.01265e-13  7.47249e-17
2.145161714e+00  3.9653699e-13  3.96537e-13  3.96455e-13  8.22315e-17
2.155887523e+00  3.9489707e-13  3.94897e-13  3.94807e-13  9.03942e-17
2.166666960e+00  3.9046167e-13  3.90462e-13  3.90362e-13  9.93607e-17
2.177500295e+00  3.8710907e-13  3.87109e-13  3.87000e-13  1.09137e-16
2.188387796e+00  3.8463483e-13  3.84635e-13  3.84515e-13  1.19794e-16
2.199329735e+00  3.8083137e-13  3.80831e-13  3.80700e-13  1.31450e-16
2.210326384e+00  3.7917108e-13  3.79171e-13  3.79027e-13  1.44110e-16
2.221378016e+00  3.7624920e-13  3.76249e-13  3.76091e-13  1.57941e-16
2.232484906e+00  3.7268762e-13  3.72688e-13  3.72515e-13  1.73027e-16
2.243647331e+00  3.7021788e-13  3.70218e-13  3.70028e-13  1.89418e-16
2.254865567e+00  3.6764160e-13  3.67642e-13  3.67434e-13  2.07257e-16
2.266139895e+00  3.6542899e-13  3.65429e-13  3.65202e-13  2.26644e-16
2.277470595e+00  3.6148283e-13  3.61483e-13  3.61235e-13  2.47795e-16
2.288857948e+00  3.5970269e-13  3.59703e-13  3.59432e-13  2.70672e-16
2.300302237e+00  3.5741032e-13  3.57410e-13  3.57115e-13  2.95539e-16
2.311803748e+00  3.5507164e-13  3.55072e-13  3.54749e-13  3.22527e-16
2.323362767e+00  3.5212300e-13  3.52123e-13  3.51771e-13  3.51843e-16
2.334979581e+00  3.5003647e-13  3.50036e-13  3.49653e-13  3.83567e-16
2.346654479e+00  3.4729011e-13  3.47290e-13  3.46872e-13  4.17995e-16
2.358387751e+00  3.4456220e-13  3.44562e-13  3.44107e-13  4.55284e-16
2.370179690e+00  3.4229275e-13  3.42293e-13  3.41797e-13  4.95610e-16
2.382030589e+00  3.4003617e-13  3.40036e-13  3.39497e-13  5.39239e-16
2.393940742e+00  3.3735902e-13  3.37359e-13  3.36773e-13  5.86470e-16
2.405910445e+00  3.3507825e-13  3.35078e-13  3.34441e-13  6.37476e-16
2.417939997e+00  3.3259816e-13  3.32598e-13  3.31906e-13  6.92609e-16
2.430029697e+00  3.3018902e-13  3.30189e-13  3.29437e-13  7.52136e-16
2.442179846e+00  3.2737558e-13  3.27376e-13  3.26559e-13  8.16453e-16
2.454390745e+00  3.2531880e-13  3.25319e-13  3.24433e-13  8.85711e-16
2.466662699e+00  3.2311985e-13  3.23120e-13  3.22159e-13  9.60413e-16
2.478996012e+00  3.2135026e-13  3.21350e-13  3.20309e-13  1.04083e-15
2.491390992e+00  3.1856662e-13  3.18567e-13  3.17439e-13  1.12769e-15
2.503847947e+00  3.1677595e-13  3.16776e-13  3.15555e-13  1.22096e-15
2.516367187e+00  3.1449273e-13  3.14493e-13  3.13171e-13  1.32148e-15
2.528949023e+00  3.1263137e-13  3.12631e-13  3.11202e-13  1.42948e-15
2.541593768e+00  3.1058606e-13  3.10586e-13  3.09040e-13  1.54565e-15
2.554301737e+00  3.0841112e-13  3.08411e-13  3.06741e-13  1.67054e-15
2.567073246e+00  3.0689600e-13  3.06896e-13  3.05092e-13  1.80444e-15
2.579908612e+00  3.0505258e-13  3.05053e-13  3.03104e-13  1.94832e-15
2.592808155e+00  3.0332454e-13  3.03325e-13  3.01222e-13  2.10267e-15
2.605772196e+00  3.0127809e-13  3.01278e-13  2.99010e-13  2.26839e-15
2.618801057e+00  2.9887361e-13  2.98874e-13  2.96427e-13  2.44628e-15
2.631895062e+00  2.9678317e-13  2.96783e-13  2.94146e-13  2.63676e-15
2.645054537e+00  2.9382610e-13  2.93826e-13  2.90985e-13  2.84137e-15
2.658279810e+00  2.9244947e-13  2.92449e-13  2.89390e-13  3.05943e-15
2.671571209e+00  2.9109158e-13  2.91092e-13  2.87799e-13  3.29275e-15
2.684929065e+00  2.8782211e-13  2.87822e-13  2.84278e-13  3.54390e-15
2.698353710e+00  2.8419110e-13  2.84191e-13  2.80378e-13  3.81290e-15
2.711845479e+00  2.7975547e-13  2.79755e-13  2.75654e-13  4.10136e-15
2.725404706e+00  2.7467021e-13  2.74670e-13  2.70260e-13  4.41047e-15
2.739031730e+00  2.6890762e-13  2.68908e-13  2.64166e-13  4.74169e-15
2.752726889e+00  2.6204246e-13  2.62042e-13  2.56945e-13  5.09705e-15
2.766490523e+00  2.5814834e-13  2.58148e-13  2.52675e-13  5.47291e-15
2.780322976e+00  2.5415020e-13  2.54150e-13  2.48276e-13  5.87423e-15
2.794224591e+00  2.5122284e-13  2.51223e-13  2.44922e-13  6.30078e-15
2.808195713e+00  2.4908709e-13  2.49087e-13  2.42333e-13  6.75423e-15
2.822236692e+00  2.4695977e-13  2.46960e-13  2.39722e-13  7.23736e-15
2.836347875e+00  2.4497053e-13  2.44971e-13  2.37219e-13  7.75165e-15
2.850529615e+00  2.4332923e-13  2.43329e-13  2.35031e-13  8.29842e-15
2.864782263e+00  2.4119687e-13  2.41197e-13  2.32316e-13  8.88132e-15
2.879106174e+00  2.3949826e-13  2.39498e-13  2.29998e-13  9.50034e-15
2.893501705e+00  2.3793931e-13  2.37939e-13  2.27781e-13  1.01581e-14
2.907969214e+00  2.3652020e-13  2.36520e-13  2.25663e-13  1.08568e-14
2.922509060e+00  2.3516037e-13  2.35160e-13  2.23561e-13  1.15989e-14
2.937121605e+00  2.3422322e-13  2.34223e-13  2.21838e-13  1.23855e-14
2.951807213e+00  2.3318520e-13  2.33185e-13  2.19964e-13  1.32207e-14
2.966566249e+00  2.3284257e-13  2.32843e-13  2.18738e-13  1.41043e-14
2.981399080e+00  2.3204664e-13  2.32047e-13  2.17004e-13  1.50429e-14
2.996306076e+00  2.3174541e-13  2.31745e-13  2.15710e-13  1.60359e-14
3.011287606e+00  2.3143020e-13  2.31430e-13  2.14342e-13  1.70880e-14
3.026344044e+00  2.3125897e-13  2.31259e-13  2.13057e-13  1.82016e-14
3.041475764e+00  2.3096737e-13  2.30967e-13  2.11586e-13  1.93813e-14
3.056683143e+00  2.3067628e-13  2.30676e-13  2.10046e-13  2.06300e-14
3.071966559e+00  2.3072714e-13  2.30727e-13  2.08778e-13  2.19489e-14
3.087326392e+00  2.3082079e-13  2.30821e-13  2.07477e-13  2.33436e-14
3.102763024e+00  2.3125589e-13  2.31256e-13  2.06440e-13  2.48155e-14
3.118276839e+00  2.3181134e-13  2.31811e-13  2.05441e-13  2.63699e-14
3.133868223e+00  2.3227346e-13  2.32273e-13  2.04261e-13  2.80126e-14
3.149537564e+00  2.3308114e-13  2.33081e-13  2.03337e-13  2.97443e-14
3.165285252e+00  2.3391256e-13  2.33913e-13  2.02341e-13  3.15719e-14
3.181111678e+00  2.3484459e-13  2.34845e-13  2.01345e-13  3.34993e-14
3.197017237e+00  2.3584702e-13  2.35847e-13  2.00315e-13  3.55316e-14
3.213002323e+00  2.3682170e-13  2.36822e-13  1.99147e-13  3.76749e-14
3.229067334e+00  2.3805215e-13  2.38052e-13  1.98121e-13  3.99311e-14
3.245212671e+00  2.3926760e-13  2.39268e-13  1.96959e-13  4.23089e-14
3.261438734e+00  2.4057835e-13  2.40578e-13  1.95766e-13  4.48124e-14
3.277745928e+00  2.4202444e-13  2.42024e-13  1.94577e-13  4.74470e-14
3.294134658e+00  2.4357854e-13  2.43579e-13  1.93360e-13  5.02189e-14
3.310605331e+00  2.4521472e-13  2.45215e-13  1.92080e-13  5.31350e-14
3.327158358e+00  2.4697360e-13  2.46974e-13  1.90773e-13  5.62009e-14
3.343794149e+00  2.4876569e-13  2.48766e-13  1.89340e-13  5.94253e-14
3.360513120e+00  2.5037724e-13  2.50377e-13  1.87557e-13  6.28198e-14
3.377315686e+00  2.5230045e-13  2.52300e-13  1.85918e-13  6.63822e-14
3.394202264e+00  2.5413064e-13  2.54131e-13  1.84002e-13  7.01288e-14
3.411173276e+00  2.5532319e-13  2.55323e-13  1.81241e-13  7.40824e-14
3.428229142e+00  2.6108679e-13  2.61087e-13  1.82972e-13  7.81150e-14
3.445370288e+00  2.6666502e-13  2.66665e-13  1.84317e-13  8.23484e-14
3.462597139e+00  2.6977872e-13  2.69779e-13  1.82917e-13  8.68617e-14
3.479910125e+00  2.7269828e-13  2.72698e-13  1.81093e-13  9.16048e-14
3.497309675e+00  2.7544486e-13  2.75445e-13  1.78856e-13  9.65886e-14
3.514796224e+00  2.8147122e-13  2.81471e-13  1.79773e-13  1.01698e-13
3.532370205e+00  2.8683319e-13  2.86833e-13  1.79757e-13  1.07076e-13
3.550032056e+00  2.9113618e-13  2.91136e-13  1.78382e-13  1.12754e-13
3.567782216e+00  2.9590852e-13  2.95909e-13  1.77223e-13  1.18686e-13
3.585621127e+00  3.0076010e-13  3.00760e-13  1.75862e-13  1.24898e-13
3.603549233e+00  3.0609689e-13  3.06097e-13  1.74715e-13  1.31382e-13
3.621566979e+00  3.1164788e-13  3.11648e-13  1.73487e-13  1.38161e-13
3.639674814e+00  3.1753536e-13  3.17535e-13  1.72293e-13  1.45242e-13
3.657873188e+00  3.2385010e-13  3.23850e-13  1.71220e-13  1.52630e-13
3.676162554e+00  3.3033389e-13  3.30334e-13  1.69982e-13  1.60352e-13
3.694543367e+00  3.3734539e-13  3.37345e-13  1.68947e-13  1.68398e-13
3.713016084e+00  3.4452660e-13  3.44527e-13  1.67721e-13  1.76806e-13
3.731581164e+00  3.5205011e-13  3.52050e-13  1.66475e-13  1.85575e-13
3.750239070e+00  3.6013186e-13  3.60132e-13  1.65428e-13  1.94704e-13
3.768990265e+00  3.6842806e-13  3.68428e-13  1.64195e-13  2.04233e-13
3.787835216e+00  3.7725449e-13  3.77254e-13  1.63104e-13  2.14150e-13
3.806774393e+00  3.8649797e-13  3.86498e-13  1.62019e-13  2.24479e-13
3.825808265e+00  3.9624414e-13  3.96244e-13  1.61018e-13  2.35226e-13
3.844937306e+00  4.0638563e-13  4.06386e-13  1.59969e-13  2.46417e-13
3.864161992e+00  4.1693869e-13  4.16939e-13  1.58872e-13  2.58066e-13
3.883482802e+00  4.2796588e-13  4.27966e-13  1.57781e-13  2.70184e-13
3.902900216e+00  4.3943679e-13  4.39437e-13  1.56645e-13  2.82792e-13
3.922414717e+00  4.5132412e-13  4.51324e-13  1.55413e-13  2.95911e-13
3.942026791e+00  4.6388883e-13  4.63889e-13  1.54367e-13  3.09522e-13
3.961736925e+00  4.7688039e-13  4.76880e-13  1.53200e-13  3.23680e-13
3.981545610e+00  4.9038390e-13  4.90384e-13  1.51991e-13  3.38393e-13
4.001453338e+00  5.0450135e-13  5.04501e-13  1.50839e-13  3.53662e-13
4.021460604e+00  5.1941104e-13  5.19411e-13  1.49939e-13  3.69472e-13
4.041567907e+00  5.3475696e-13  5.34757e-13  1.48848e-13  3.85909e-13
4.061775747e+00  5.5076256e-13  5.50763e-13  1.47812e-13  4.02950e-13
4.082084626e+00  5.6734646e-13  5.67346e-13  1.46710e-13  4.20636e-13
4.102495049e+00  5.8456786e-13  5.84568e-13  1.45591e-13  4.38977e-13
4.123007524e+00  6.0250171e-13  6.02502e-13  1.44526e-13  4.57975e-13
4.143622562e+00  6.2109153e-13  6.21092e-13  1.43421e-13  4.77670e-13
4.164340674e+00  6.4048250e-13  6.40482e-13  1.42439e-13  4.98044e-13
4.185162378e+00  6.6053163e-13  6.60532e-13  1.41370e-13  5.19162e-13
4.206088190e+00  6.8129693e-13  6.81297e-13  1.40262e-13  5.41035e-13
4.227118631e+00  7.0275115e-13  7.02751e-13  1.39050e-13  5.63701e-13
4.248254224e+00  7.2503273e-13  7.25033e-13  1.37891e-13  5.87142e-13
4.269495495e+00  7.4820590e-13  7.48206e-13  1.36852e-13  6.11354e-13
4.290842972e+00  7.7220866e-13  7.72209e-13  1.35818e-13  6.36390e-13
4.312297187e+00  7.9704686e-13  7.97047e-13  1.34770e-13  6.62277e-13
4.333858673e+00  8.2272845e-13  8.22728e-13  1.33686e-13  6.89043e-13
4.355527967e+00  8.4931840e-13  8.49318e-13  1.32630e-13  7.16688e-13
4.377305606e+00  8.7683653e-13  8.76837e-13  1.31603e-13  7.45233e-13
4.399192134e+00  9.0517539e-13  9.05175e-13  1.30394e-13  7.74782e-13
4.421188095e+00  9.3459042e-13  9.34590e-13  1.29382e-13  8.05209e-13
4.443294036e+00  9.6486706e-13  9.64867e-13  1.28170e-13  8.36697e-13
4.465510506e+00  9.9619981e-13  9.96200e-13  1.27050e-13  8.69149e-13
4.487838058e+00  1.0285193e-12  1.02852e-12  1.25858e-13  9.02661e-13
4.510277249e+00  1.0618850e-12  1.06189e-12  1.24656e-13  9.37229e-13
4.532828635e+00  1.0962926e-12  1.09629e-12  1.23384e-13  9.72908e-13
4.555492778e+00  1.1318258e-12  1.13183e-12  1.22164e-13  1.00966e-12
4.578270242e+00  1.1684284e-12  1.16843e-12  1.20817e-13  1.04761e-12
4.601161593e+00  1.2061832e-12  1.20618e-12  1.19463e-13  1.08672e-12
4.624167401e+00  1.2451521e-12  1.24515e-12  1.18200e-13  1.12695e-12
4.647288238e+00  1.2853182e-12  1.28532e-12  1.16930e-13  1.16839e-12
4.670524679e+00  1.3267314e-12  1.32673e-12  1.15729e-13  1.21100e-12
4.693877303e+00  1.3693828e-12  1.36938e-12  1.14501e-13  1.25488e-12
4.717346689e+00  1.4133098e-12  1.41331e-12  1.13285e-13  1.30002e-12
4.740933423e+00  1.4585487e-12  1.45855e-12  1.12136e-13  1.34641e-12
4.764638090e+00  1.5050898e-12  1.50509e-12  1.10906e-13  1.39418e-12
4.788461280e+00  1.5529897e-12  1.55299e-12  1.09742e-13  1.44325e-12
4.812403587e+00  1.6022601e-12  1.60226e-12  1.08590e-13  1.49367e-12
4.836465604e+00  1.6529278e-12  1.65293e-12  1.07483e-13  1.54544e-12
4.860647933e+00  1.7050106e-12  1.70501e-12  1.06370e-13  1.59864e-12
4.884951172e+00  1.7585346e-12  1.75853e-12  1.05231e-13  1.65330e-12
4.909375928e+00  1.8135176e-12  1.81352e-12  1.04313e-13  1.70920e-12
4.933922808e+00  1.8699928e-12  1.86999e-12  1.03194e-13  1.76680e-12
4.958592422e+00  1.9279909e-12  1.92799e-12  1.02035e-13  1.82596e-12
4.983385384e+00  1.9875489e-12  1.98755e-12  1.00803e-13  1.88675e-12
5.008302311e+00  2.0486678e-12  2.04867e-12  9.96510e-14  1.94902e-12
5.033343822e+00  2.1113711e-12  2.11137e-12  9.85439e-14  2.01283e-12
5.058510541e+00  2.1757164e-12  2.17572e-12  9.73652e-14  2.07835e-12
5.083803094e+00  2.2417335e-12  2.24173e-12  9.61331e-14  2.14560e-12
5.109222110e+00  2.3093837e-12  2.30938e-12  9.50119e-14  2.21437e-12
5.134768220e+00  2.3787234e-12  2.37872e-12  9.39022e-14  2.28482e-12
5.160442061e+00  2.4497577e-12  2.44976e-12  9.28359e-14  2.35692e-12
5.186244272e+00  2.5226035e-12  2.52260e-12  9.16537e-14  2.43095e-12
5.212175493e+00  2.5971095e-12  2.59711e-12  9.06414e-14  2.50647e-12
5.238236370e+00  2.6735661e-12  2.67357e-12  8.94056e-14  2.58416e-12
5.264427552e+00  2.7518466e-12  2.75185e-12  8.81839e-14  2.66366e-12
5.290749690e+00  2.8318904e-12  2.83189e-12  8.70678e-14  2.74482e-12
5.317203438e+00  2.9138348e-12  2.91383e-12  8.59183e-14  2.82792e-12
5.343789456e+00  2.9975203e-12  2.99752e-12  8.49169e-14  2.91260e-12
5.370508403e+00  3.0831090e-12  3.08311e-12  8.39110e-14  2.99920e-12
5.397360945e+00  3.1707501e-12  3.17075e-12  8.27975e-14  3.08795e-12
5.424347750e+00  3.2600899e-12  3.26009e-12  8.18867e-14  3.17820e-12
5.451469488e+00  3.3517499e-12  3.35175e-12  8.07093e-14  3.27104e-12
5.478726836e+00  3.4451116e-12  3.44511e-12  7.97470e-14  3.36536e-12
5.506120470e+00  3.5409528e-12  3.54095e-12  7.84812e-14  3.46247e-12
5.533651072e+00  3.6384972e-12  3.63850e-12  7.74429e-14  3.56105e-12
5.561319328e+00  3.7380323e-12  3.73803e-12  7.64442e-14  3.66159e-12
5.589125924e+00  3.8395949e-12  3.83959e-12  7.54705e-14  3.76412e-12
5.617071554e+00  3.9436054e-12  3.94361e-12  7.43148e-14  3.86929e-12
5.645156912e+00  4.0490261e-12  4.04903e-12  7.35142e-14  3.97551e-12
5.673382696e+00  4.1570536e-12  4.15705e-12  7.24780e-14  4.08458e-12
5.701749610e+00  4.2671538e-12  4.26715e-12  7.14807e-14  4.19567e-12
5.730258358e+00  4.3789477e-12  4.37895e-12  7.06810e-14  4.30827e-12
5.758909650e+00  4.4924281e-12  4.49243e-12  7.00606e-14  4.42237e-12
5.787704198e+00  4.6085324e-12  4.60853e-12  6.92493e-14  4.53928e-12
5.816642719e+00  4.7268989e-12  4.72690e-12  6.84076e-14  4.65849e-12
5.845725932e+00  4.8476275e-12  4.84763e-12  6.75109e-14  4.78012e-12
5.874954562e+00  4.9709069e-12  4.97091e-12  6.65097e-14  4.90440e-12
5.904329335e+00  5.0967063e-12  5.09671e-12  6.54323e-14  5.03127e-12
5.933850982e+00  5.2246480e-12  5.22465e-12  6.44058e-14  5.16024e-12
5.963520237e+00  5.3553807e-12  5.35538e-12  6.32434e-14  5.29214e-12
5.993337838e+00  5.4876667e-12  5.48767e-12  6.23048e-14  5.42536e-12
6.023304527e+00  5.6219027e-12  5.62190e-12  6.14625e-14  5.56044e-12
6.053421050e+00  5.7560035e-12  5.75600e-12  6.12329e-14  5.69477e-12
6.083688155e+00  5.8947412e-12  5.89474e-12  6.03927e-14  5.83435e-12
6.114106596e+00  6.0360624e-12  6.03606e-12  5.94911e-14  5.97657e-12
6.144677129e+00  6.1792113e-12  6.17921e-12  5.87060e-14  6.12051e-12
6.175400514e+00  6.3228999e-12  6.32290e-12  5.83023e-14  6.26460e-12
6.206277517e+00  6.4692681e-12  6.46927e-12  5.77969e-14  6.41147e-12
6.237308904e+00  6.6185349e-12  6.61853e-12  5.71584e-14  6.56138e-12
6.268495449e+00  6.7699311e-12  6.76993e-12  5.65491e-14  6.71338e-12
6.299837926e+00  6.9233862e-12  6.92339e-12  5.59794e-14  6.86741e-12
6.331337116e+00  7.0762468e-12  7.07625e-12  5.59160e-14  7.02033e-12
6.362993801e+00  7.2289839e-12  7.22898e-12  5.62240e-14  7.17276e-12
6.394808770e+00  7.3900333e-12  7.39003e-12  5.54722e-14  7.33456e-12
6.426782814e+00  7.5502992e-12  7.55030e-12  5.52166e-14  7.49508e-12
6.458916728e+00  7.7177882e-12  7.71779e-12  5.41770e-14  7.66361e-12
6.491211312e+00  7.8765956e-12  7.87660e-12  5.47903e-14  7.82181e-12
6.523667368e+00  8.0436132e-12  8.04361e-12  5.44703e-14  7.98914e-12
6.556285705e+00  8.2171299e-12  8.21713e-12  5.35451e-14  8.16358e-12
6.589067134e+00  8.3906495e-12  8.39065e-12  5.29426e-14  8.33771e-12
6.622012469e+00  8.5674872e-12  8.56749e-12  5.22025e-14  8.51528e-12
6.655122532e+00  8.7462507e-12  8.74625e-12  5.15119e-14  8.69474e-12
6.688398144e+00  8.9290757e-12  8.92908e-12  5.06073e-14  8.87847e-12
6.721840135e+00  9.1124121e-12  9.11241e-12  4.99244e-14  9.06249e-12
6.755449336e+00  9.3002314e-12  9.30023e-12  4.89919e-14  9.25124e-12
6.789226583e+00  9.4850766e-12  9.48508e-12  4.86510e-14  9.43643e-12
6.823172715e+00  9.6737102e-12  9.67371e-12  4.81272e-14  9.62558e-12
6.857288579e+00  9.8628648e-12  9.86286e-12  4.77725e-14  9.81509e-12
6.891575022e+00  1.0057778e-11  1.00578e-11  4.70475e-14  1.00107e-11
6.926032897e+00  1.0255453e-11  1.02555e-11  4.62746e-14  1.02092e-11
6.960663062e+00  1.0454412e-11  1.04544e-11  4.55960e-14  1.04088e-11
6.995466377e+00  1.0655498e-11  1.06555e-11  4.49256e-14  1.06106e-11
7.030443709e+00  1.0858694e-11  1.08587e-11  4.42634e-14  1.08144e-11
7.065595927e+00  1.1063235e-11  1.10632e-11  4.36732e-14  1.10196e-11
7.100923907e+00  1.1271774e-11  1.12718e-11  4.29268e-14  1.12288e-11
7.136428526e+00  1.1481858e-11  1.14819e-11  4.22351e-14  1.14396e-11
7.172110669e+00  1.1694110e-11  1.16941e-11  4.15432e-14  1.16526e-11
7.207971222e+00  1.1911175e-11  1.19112e-11  4.06488e-14  1.18705e-11
7.244011079e+00  1.2131073e-11  1.21311e-11  3.97146e-14  1.20914e-11
7.280231134e+00  1.2349494e-11  1.23495e-11  3.90532e-14  1.23104e-11
7.316632290e+00  1.2572211e-11  1.25722e-11  3.82375e-14  1.25340e-11
7.353215451e+00  1.2795709e-11  1.27957e-11  3.75181e-14  1.27582e-11
7.389981528e+00  1.3022819e-11  1.30228e-11  3.66990e-14  1.29861e-11
7.426931436e+00  1.3251273e-11  1.32513e-11  3.59332e-14  1.32153e-11
7.464066093e+00  1.3481402e-11  1.34814e-11  3.51946e-14  1.34462e-11
7.501386424e+00  1.3715319e-11  1.37153e-11  3.43516e-14  1.36810e-11
7.538893356e+00  1.3951863e-11  1.39519e-11  3.34802e-14  1.39184e-11
7.576587822e+00  1.4189087e-11  1.41891e-11  3.26941e-14  1.41564e-11
7.614470762e+00  1.4426894e-11  1.44269e-11  3.19911e-14  1.43949e-11
7.652543115e+00  1.4670388e-11  1.46704e-11  3.10847e-14  1.46393e-11
7.690805831e+00  1.4914888e-11  1.49149e-11  3.02390e-14  1.48846e-11
7.729259860e+00  1.5160016e-11  1.51600e-11  2.94680e-14  1.51305e-11
7.767906159e+00  1.5409784e-11  1.54098e-11  2.85623e-14  1.53812e-11
7.806745690e+00  1.5661830e-11  1.56618e-11  2.76478e-14  1.56342e-11
7.845779419e+00  1.5911739e-11  1.59117e-11  2.69360e-14  1.58848e-11
7.885008316e+00  1.6163118e-11  1.61631e-11  2.62422e-14  1.61369e-11
7.924433357e+00  1.6413161e-11  1.64132e-11  2.56921e-14  1.63875e-11
7.964055524e+00  1.6656577e-11  1.66566e-11  2.55094e-14  1.66311e-11
8.003875802e+00  1.6891937e-11  1.68919e-11  2.57278e-14  1.68662e-11
8.043895181e+00  1.7098680e-11  1.70987e-11  2.71870e-14  1.70715e-11
8.084114657e+00  1.7261742e-11  1.72617e-11  3.04170e-14  1.72313e-11
8.124535230e+00  1.7382403e-11  1.73824e-11  3.52346e-14  1.73472e-11
8.165157906e+00  1.7445744e-11  1.74457e-11  4.21071e-14  1.74036e-11
8.205983696e+00  1.7452868e-11  1.74529e-11  5.08381e-14  1.74020e-11
8.247013614e+00  1.7422874e-11  1.74229e-11  6.05693e-14  1.73623e-11
8.288248682e+00  1.7358792e-11  1.73588e-11  7.11072e-14  1.72877e-11
8.329689926e+00  1.7378921e-11  1.73789e-11  7.81485e-14  1.73008e-11
8.371338375e+00  1.7513764e-11  1.75138e-11  8.08556e-14  1.74329e-11
8.413195067e+00  1.7692582e-11  1.76926e-11  8.19335e-14  1.76106e-11
8.455261042e+00  1.7881988e-11  1.78820e-11  8.26032e-14  1.77994e-11
8.497537348e+00  1.8070827e-11  1.80708e-11  8.32533e-14  1.79876e-11
8.540025034e+00  1.8256621e-11  1.82566e-11  8.39618e-14  1.81727e-11
8.582725160e+00  1.8440867e-11  1.84409e-11  8.46755e-14  1.83562e-11
8.625638785e+00  1.8629723e-11  1.86297e-11  8.52040e-14  1.85445e-11
8.668766979e+00  1.8823777e-11  1.88238e-11  8.55395e-14  1.87382e-11
8.712110814e+00  1.9029829e-11  1.90298e-11  8.54942e-14  1.89443e-11
8.755671368e+00  1.9259344e-11  1.92593e-11  8.47642e-14  1.91746e-11
8.799449725e+00  1.9518877e-11  1.95189e-11  8.32094e-14  1.94357e-11
8.843446974e+00  1.9772491e-11  1.97725e-11  8.18633e-14  1.96906e-11
8.887664209e+00  1.9971186e-11  1.99712e-11  8.20216e-14  1.98892e-11
8.932102530e+00  2.0169661e-11  2.01697e-11  8.21578e-14  2.00875e-11
8.976763042e+00  2.0386510e-11  2.03865e-11  8.17958e-14  2.03047e-11
9.021646857e+00  2.0614699e-11  2.06147e-11  8.11415e-14  2.05336e-11
9.066755092e+00  2.0845176e-11  2.08452e-11  8.04343e-14  2.07647e-11
9.112088867e+00  2.1091559e-11  2.10916e-11  7.93494e-14  2.10122e-11
9.157649312e+00  2.1361103e-11  2.13611e-11  7.77385e-14  2.12834e-11
9.203437558e+00  2.1654548e-11  2.16545e-11  7.56165e-14  2.15789e-11
9.249454746e+00  2.1922599e-11  2.19226e-11  7.41280e-14  2.18485e-11
9.295702020e+00  2.2140640e-11  2.21406e-11  7.37801e-14  2.20669e-11
9.342180530e+00  2.2297629e-11  2.22976e-11  7.47437e-14  2.22229e-11
9.388891432e+00  2.2405046e-11  2.24050e-11  7.66955e-14  2.23284e-11
9.435835890e+00  2.2509716e-11  2.25097e-11  7.85992e-14  2.24311e-11
9.483015069e+00  2.2628780e-11  2.26288e-11  8.01048e-14  2.25487e-11
9.530430144e+00  2.2779050e-11  2.27791e-11  8.08962e-14  2.26982e-11
9.578082295e+00  2.2996873e-11  2.29969e-11  8.02989e-14  2.29166e-11
9.625972707e+00  2.3207864e-11  2.32079e-11  7.98244e-14  2.31280e-11
9.674102570e+00  2.3408541e-11  2.34085e-11  7.95307e-14  2.33290e-11
9.722473083e+00  2.3653329e-11  2.36533e-11  7.83981e-14  2.35749e-11
9.771085448e+00  2.3931911e-11  2.39319e-11  7.66612e-14  2.38552e-11
9.819940876e+00  2.4179632e-11  2.41796e-11  7.55072e-14  2.41041e-11
9.869040580e+00  2.4398928e-11  2.43989e-11  7.48612e-14  2.43241e-11
9.918385783e+00  2.4620246e-11  2.46202e-11  7.41716e-14  2.45461e-11
9.967977712e+00  2.4849653e-11  2.48497e-11  7.33379e-14  2.47763e-11
1.001781760e+01  2.5087933e-11  2.50879e-11  7.23547e-14  2.50156e-11
1.006790669e+01  2.5339689e-11  2.53397e-11  7.11551e-14  2.52685e-11
1.011824622e+01  2.5598765e-11  2.55988e-11  6.98489e-14  2.55289e-11
1.016883745e+01  2.5842398e-11  2.58424e-11  6.87984e-14  2.57736e-11
1.021968164e+01  2.6066542e-11  2.60665e-11  6.80525e-14  2.59985e-11
1.027078005e+01  2.6291257e-11  2.62913e-11  6.72913e-14  2.62240e-11
1.032213395e+01  2.6533948e-11  2.65339e-11  6.62570e-14  2.64677e-11
1.037374462e+01  2.6793816e-11  2.67938e-11  6.49752e-14  2.67288e-11
1.042561334e+01  2.7070642e-11  2.70706e-11  6.34620e-14  2.70072e-11
1.047774141e+01  2.7378262e-11  2.73783e-11  6.15344e-14  2.73167e-11
1.053013012e+01  2.7669727e-11  2.76697e-11  5.98643e-14  2.76099e-11
1.058278077e+01  2.7921376e-11  2.79214e-11  5.87609e-14  2.78626e-11
1.063569467e+01  2.8133507e-11  2.81335e-11  5.81917e-14  2.80753e-11
1.068887314e+01  2.8342974e-11  2.83430e-11  5.76447e-14  2.82853e-11
1.074231751e+01  2.8559472e-11  2.85595e-11  5.69933e-14  2.85025e-11
1.079602910e+01  2.8766431e-11  2.87664e-11  5.64531e-14  2.87100e-11
1.085000924e+01  2.8979485e-11  2.89795e-11  5.58228e-14  2.89237e-11
1.090425929e+01  2.9207415e-11  2.92074e-11  5.49986e-14  2.91524e-11
1.095878058e+01  2.9464270e-11  2.94643e-11  5.38200e-14  2.94104e-11
1.101357449e+01  2.9740185e-11  2.97402e-11  5.24215e-14  2.96878e-11
1.106864236e+01  3.0005631e-11  3.00056e-11  5.11597e-14  2.99545e-11
1.112398557e+01  3.0291489e-11  3.02915e-11  4.96723e-14  3.02418e-11
1.117960550e+01  3.0579886e-11  3.05799e-11  4.81730e-14  3.05317e-11
1.123550353e+01  3.0843796e-11  3.08438e-11  4.69642e-14  3.07968e-11
1.129168104e+01  3.1126317e-11  3.11263e-11  4.55591e-14  3.10808e-11
1.134813945e+01  3.1407061e-11  3.14071e-11  4.41873e-14  3.13629e-11
1.140488015e+01  3.1665110e-11  3.16651e-11  4.30704e-14  3.16220e-11
1.146190455e+01  3.1928455e-11  3.19285e-11  4.19032e-14  3.18866e-11
1.151921407e+01  3.2214696e-11  3.22147e-11  4.05068e-14  3.21742e-11
1.157681014e+01  3.2510545e-11  3.25105e-11  3.90268e-14  3.24715e-11
1.163469419e+01  3.2792609e-11  3.27926e-11  3.77012e-14  3.27549e-11
1.169286766e+01  3.3070442e-11  3.30704e-11  3.64292e-14  3.30340e-11
1.175133200e+01  3.3343207e-11  3.33432e-11  3.52168e-14  3.33080e-11
1.181008866e+01  3.3636196e-11  3.36362e-11  3.38196e-14  3.36024e-11
1.186913910e+01  3.3927873e-11  3.39279e-11  3.24490e-14  3.38954e-11
1.192848480e+01  3.4177607e-11  3.41776e-11  3.14810e-14  3.41461e-11
1.198812722e+01  3.4395924e-11  3.43959e-11  3.08020e-14  3.43651e-11
1.204806786e+01  3.4614666e-11  3.46147e-11  3.01126e-14  3.45846e-11
1.210830820e+01  3.4861435e-11  3.48614e-11  2.91680e-14  3.48323e-11
1.216884974e+01  3.5130567e-11  3.51306e-11  2.80289e-14  3.51025e-11
1.222969399e+01  3.5399084e-11  3.53991e-11  2.69020e-14  3.53722e-11
1.229084246e+01  3.5645081e-11  3.56451e-11  2.59732e-14  3.56191e-11
1.235229667e+01  3.5883250e-11  3.58832e-11  2.51112e-14  3.58581e-11
1.241405815e+01  3.6117340e-11  3.61173e-11  2.42823e-14  3.60931e-11
1.247612845e+01  3.6334053e-11  3.63341e-11  2.35936e-14  3.63105e-11
1.253850909e+01  3.6535490e-11  3.65355e-11  2.30226e-14  3.65125e-11
1.260120163e+01  3.6719089e-11  3.67191e-11  2.25846e-14  3.66965e-11
1.266420764e+01  3.6888168e-11  3.68882e-11  2.22485e-14  3.68659e-11
1.272752868e+01  3.7048487e-11  3.70485e-11  2.19655e-14  3.70265e-11
1.279116632e+01  3.7204717e-11  3.72047e-11  2.16978e-14  3.71830e-11
1.285512215e+01  3.7350434e-11  3.73504e-11  2.14932e-14  3.73289e-11
1.291939776e+01  3.7499951e-11  3.75000e-11  2.12430e-14  3.74787e-11
1.298399475e+01  3.7644879e-11  3.76449e-11  2.10102e-14  3.76239e-11
1.304891473e+01  3.7785584e-11  3.77856e-11  2.07915e-14  3.77648e-11
1.311415930e+01  3.7923654e-11  3.79237e-11  2.05750e-14  3.79031e-11
1.317973010e+01  3.8066395e-11  3.80664e-11  2.03092e-14  3.80461e-11
1.324562875e+01  3.8205708e-11  3.82057e-11  2.00523e-14  3.81857e-11
1.331185689e+01  3.8340753e-11  3.83408e-11  1.98095e-14  3.83209e-11
1.337841618e+01  3.8470268e-11  3.84703e-11  1.95890e-14  3.84507e-11
1.344530826e+01  3.8594211e-11  3.85942e-11  1.93901e-14  3.85748e-11
1.351253480e+01  3.8711305e-11  3.87113e-11  1.92203e-14  3.86921e-11
1.358009747e+01  3.8823161e-11  3.88232e-11  1.90683e-14  3.88041e-11
1.364799796e+01  3.8935573e-11  3.89356e-11  1.88959e-14  3.89167e-11
1.371623795e+01  3.9048147e-11  3.90481e-11  1.87065e-14  3.90294e-11
1.378481914e+01  3.9165923e-11  3.91659e-11  1.84691e-14  3.91475e-11
1.385374323e+01  3.9283087e-11  3.92831e-11  1.82215e-14  3.92649e-11
1.392301195e+01  3.9400909e-11  3.94009e-11  1.79562e-14  3.93830e-11
1.399262701e+01  3.9525737e-11  3.95257e-11  1.76356e-14  3.95081e-11
1.406259015e+01  3.9635645e-11  3.96356e-11  1.73927e-14  3.96183e-11
1.413290310e+01  3.9740709e-11  3.97407e-11  1.71654e-14  3.97235e-11
1.420356761e+01  3.9840482e-11  3.98405e-11  1.69556e-14  3.98235e-11
1.427458545e+01  3.9948576e-11  3.99486e-11  1.66843e-14  3.99319e-11
1.434595838e+01  4.0060791e-11  4.00608e-11  1.63777e-14  4.00444e-11
1.441768817e+01  4.0185723e-11  4.01857e-11  1.59887e-14  4.01697e-11
1.448977661e+01  4.0312745e-11  4.03127e-11  1.55793e-14  4.02972e-11
1.456222549e+01  4.0421257e-11  4.04213e-11  1.52636e-14  4.04060e-11
1.463503662e+01  4.0530956e-11  4.05310e-11  1.49315e-14  4.05160e-11
1.470821180e+01  4.0643585e-11  4.06436e-11  1.45740e-14  4.06290e-11
1.478175286e+01  4.0743186e-11  4.07432e-11  1.42772e-14  4.07289e-11
1.485566163e+01  4.0832729e-11  4.08327e-11  1.40232e-14  4.08187e-11
1.492993994e+01  4.0936448e-11  4.09364e-11  1.36849e-14  4.09228e-11
1.500458964e+01  4.1054855e-11  4.10549e-11  1.32625e-14  4.10416e-11
1.507961258e+01  4.1171070e-11  4.11711e-11  1.28446e-14  4.11582e-11
1.515501065e+01  4.1247210e-11  4.12472e-11  1.26218e-14  4.12346e-11
1.523078570e+01  4.1277450e-11  4.12775e-11  1.26167e-14  4.12648e-11
1.530693963e+01  4.1205753e-11  4.12058e-11  1.30982e-14  4.11927e-11
1.538347433e+01  4.1090333e-11  4.10903e-11  1.37673e-14  4.10766e-11
1.546039170e+01  4.0918835e-11  4.09188e-11  1.46774e-14  4.09042e-11
1.553769366e+01  4.0610093e-11  4.06101e-11  1.62078e-14  4.05939e-11
1.561538212e+01  4.0384304e-11  4.03843e-11  1.73003e-14  4.03670e-11
1.569345903e+01  4.0217213e-11  4.02172e-11  1.80817e-14  4.01991e-11
1.577192633e+01  4.0053696e-11  4.00537e-11  1.88162e-14  4.00349e-11
1.585078596e+01  3.9988337e-11  3.99883e-11  1.90730e-14  3.99693e-11
1.593003989e+01  3.9946180e-11  3.99462e-11  1.92057e-14  3.99270e-11
1.600969009e+01  3.9892528e-11  3.98925e-11  1.93735e-14  3.98732e-11
1.608973854e+01  3.9843690e-11  3.98437e-11  1.95031e-14  3.98242e-11
1.617018723e+01  3.9710235e-11  3.97102e-11  1.99881e-14  3.96902e-11
1.625103817e+01  3.9588199e-11  3.95882e-11  2.04008e-14  3.95678e-11
1.633229336e+01  3.9434852e-11  3.94349e-11  2.09271e-14  3.94139e-11
1.641395483e+01  3.9255500e-11  3.92555e-11  2.15409e-14  3.92340e-11
1.649602460e+01  3.9116376e-11  3.91164e-11  2.19607e-14  3.90944e-11
1.657850473e+01  3.8952219e-11  3.89522e-11  2.24644e-14  3.89298e-11
1.666139725e+01  3.8878748e-11  3.88787e-11  2.25712e-14  3.88562e-11
1.674470424e+01  3.8817430e-11  3.88174e-11  2.26143e-14  3.87948e-11
1.682842776e+01  3.8774037e-11  3.87740e-11  2.25720e-14  3.87515e-11
1.691256990e+01  3.8737112e-11  3.87371e-11  2.24930e-14  3.87146e-11
1.699713274e+01  3.8704909e-11  3.87049e-11  2.23852e-14  3.86825e-11
1.708211841e+01  3.8679214e-11  3.86792e-11  2.22427e-14  3.86570e-11
1.716752900e+01  3.8656069e-11  3.86561e-11  2.20818e-14  3.86340e-11
1.725336665e+01  3.8624898e-11  3.86249e-11  2.19441e-14  3.86030e-11
1.733963348e+01  3.8591020e-11  3.85910e-11  2.18087e-14  3.85692e-11
1.742633165e+01  3.8595905e-11  3.85959e-11  2.15180e-14  3.85744e-11
1.751346330e+01  3.8631584e-11  3.86316e-11  2.11066e-14  3.86105e-11
1.760103062e+01  3.8684805e-11  3.86848e-11  2.06271e-14  3.86642e-11
1.768903577e+01  3.8744535e-11  3.87445e-11  2.01222e-14  3.87244e-11
1.777748095e+01  3.8803723e-11  3.88037e-11  1.96187e-14  3.87841e-11
1.786636836e+01  3.8839064e-11  3.88391e-11  1.92011e-14  3.88199e-11
1.795570020e+01  3.8839187e-11  3.88392e-11  1.89082e-14  3.88203e-11
1.804547870e+01  3.8763351e-11  3.87634e-11  1.88821e-14  3.87445e-11
1.813570609e+01  3.8595528e-11  3.85955e-11  1.91726e-14  3.85764e-11
1.822638462e+01  3.8332484e-11  3.83325e-11  1.97828e-14  3.83127e-11
1.831751655e+01  3.8000801e-11  3.80008e-11  2.06122e-14  3.79802e-11
1.840910413e+01  3.7727143e-11  3.77271e-11  2.12190e-14  3.77059e-11
1.850114965e+01  3.7599640e-11  3.75996e-11  2.13081e-14  3.75783e-11
1.859365540e+01  3.7570280e-11  3.75703e-11  2.10550e-14  3.75492e-11
1.868662368e+01  3.7604741e-11  3.76047e-11  2.05839e-14  3.75842e-11
1.878005679e+01  3.7701054e-11  3.77011e-11  1.99068e-14  3.76811e-11
1.887395708e+01  3.7784631e-11  3.77846e-11  1.92751e-14  3.77654e-11
1.896832686e+01  3.7816431e-11  3.78164e-11  1.88158e-14  3.77976e-11
1.906316850e+01  3.7840456e-11  3.78405e-11  1.83819e-14  3.78221e-11
1.915848434e+01  3.7850245e-11  3.78502e-11  1.79935e-14  3.78323e-11
1.925427676e+01  3.7830298e-11  3.78303e-11  1.76992e-14  3.78126e-11
1.935054815e+01  3.7793705e-11  3.77937e-11  1.74555e-14  3.77762e-11
1.944730089e+01  3.7795715e-11  3.77957e-11  1.70874e-14  3.77786e-11
1.954453739e+01  3.7784515e-11  3.77845e-11  1.67596e-14  3.77678e-11
1.964226008e+01  3.7778645e-11  3.77786e-11  1.64139e-14  3.77622e-11
1.974047138e+01  3.7773792e-11  3.77738e-11  1.60641e-14  3.77577e-11
1.983917374e+01  3.7772949e-11  3.77729e-11  1.57012e-14  3.77572e-11
1.993836960e+01  3.7781222e-11  3.77812e-11  1.53102e-14  3.77659e-11
2.003806145e+01  3.7792165e-11  3.77922e-11  1.49111e-14  3.77773e-11
2.013825176e+01  3.7783209e-11  3.77832e-11  1.45715e-14  3.77686e-11
2.023894302e+01  3.7762541e-11  3.77625e-11  1.42659e-14  3.77483e-11
2.034013773e+01  3.7704805e-11  3.77048e-11  1.40679e-14  3.76907e-11
2.044183842e+01  3.7598398e-11  3.75984e-11  1.40088e-14  3.75844e-11
2.054404761e+01  3.7455880e-11  3.74559e-11  1.40495e-14  3.74418e-11
2.064676785e+01  3.7296033e-11  3.72960e-11  1.41339e-14  3.72819e-11
2.075000169e+01  3.7170672e-11  3.71707e-11  1.41138e-14  3.71566e-11
2.085375170e+01  3.7035152e-11  3.70352e-11  1.41176e-14  3.70210e-11
2.095802046e+01  3.6864051e-11  3.68641e-11  1.42161e-14  3.68498e-11
2.106281056e+01  3.6696026e-11  3.66960e-11  1.42998e-14  3.66817e-11
2.116812461e+01  3.6538155e-11  3.65382e-11  1.43495e-14  3.65238e-11
2.127396524e+01  3.6384574e-11  3.63846e-11  1.43821e-14  3.63702e-11
2.138033506e+01  3.6281652e-11  3.62817e-11  1.42717e-14  3.62674e-11
2.148723674e+01  3.6192673e-11  3.61927e-11  1.41208e-14  3.61786e-11
2.159467292e+01  3.6115480e-11  3.61155e-11  1.39361e-14  3.61015e-11
2.170264629e+01  3.6041773e-11  3.60418e-11  1.37405e-14  3.60280e-11
2.181115952e+01  3.5972353e-11  3.59724e-11  1.35322e-14  3.59588e-11
2.192021532e+01  3.5912503e-11  3.59125e-11  1.32975e-14  3.58992e-11
2.202981639e+01  3.5842998e-11  3.58430e-11  1.30874e-14  3.58299e-11
2.213996547e+01  3.5704193e-11  3.57042e-11  1.30561e-14  3.56911e-11
2.225066530e+01  3.5509659e-11  3.55097e-11  1.31649e-14  3.54965e-11
2.236191863e+01  3.5285350e-11  3.52854e-11  1.33449e-14  3.52720e-11
2.247372822e+01  3.5021086e-11  3.50211e-11  1.36204e-14  3.50075e-11
2.258609686e+01  3.4715247e-11  3.47152e-11  1.39937e-14  3.47013e-11
2.269902735e+01  3.4423899e-11  3.44239e-11  1.43224e-14  3.44096e-11
2.281252248e+01  3.4136173e-11  3.41362e-11  1.46345e-14  3.41215e-11
2.292658510e+01  3.3850485e-11  3.38505e-11  1.49343e-14  3.38356e-11
2.304121802e+01  3.3602547e-11  3.36025e-11  1.51343e-14  3.35874e-11
2.315642411e+01  3.3368711e-11  3.33687e-11  1.52943e-14  3.33534e-11
2.327220623e+01  3.3142171e-11  3.31422e-11  1.54315e-14  3.31267e-11
2.338856726e+01  3.2925636e-11  3.29256e-11  1.55401e-14  3.29101e-11
2.350551010e+01  3.2738214e-11  3.27382e-11  1.55747e-14  3.27226e-11
2.362303765e+01  3.2566765e-11  3.25668e-11  1.55683e-14  3.25512e-11
2.374115284e+01  3.2423201e-11  3.24232e-11  1.54933e-14  3.24077e-11
2.385985860e+01  3.2339024e-11  3.23390e-11  1.52771e-14  3.23237e-11
2.397915789e+01  3.2190073e-11  3.21901e-11  1.52124e-14  3.21749e-11
2.409905368e+01  3.2033599e-11  3.20336e-11  1.51637e-14  3.20184e-11
2.421954895e+01  3.1864715e-11  3.18647e-11  1.51418e-14  3.18496e-11
2.434064670e+01  3.1653393e-11  3.16534e-11  1.52154e-14  3.16382e-11
2.446234993e+01  3.1418387e-11  3.14184e-11  1.53399e-14  3.14030e-11
2.458466168e+01  3.1233927e-11  3.12339e-11  1.53462e-14  3.12186e-11
2.470758499e+01  3.1087010e-11  3.10870e-11  1.52659e-14  3.10717e-11
2.483112291e+01  3.0946749e-11  3.09467e-11  1.51696e-14  3.09316e-11
2.495527853e+01  3.0772591e-11  3.07726e-11  1.51480e-14  3.07574e-11
