# ------------------------------------------------------------------------
# Radiance spectrum
# NASA-GSFC Planetary Spectrum Generator (PSG) (Villanueva et al. 2018, 2022)
# Synthesized on Wed Feb 14 19:51:49 2024
# Doppler velocities [km/s] (vobs,vrot+vorb,vwidth,vrfl,vstr): 0.00000,-0.00000,0.00000,-119.41115,-0.00000
# Spectral unit: Wavelength [um]
# Radiance unit: Spectral irradiance [W/m2/um]
# Wave/freq Total Object Reflected Thermal
5.000000000e-01  1.5596812e-12  1.55968e-12  1.55968e-12  1.63326e-46
5.025000000e-01  1.5825679e-12  1.58257e-12  1.58257e-12  2.57370e-46
5.050125000e-01  1.5904991e-12  1.59050e-12  1.59050e-12  4.05617e-46
5.075375625e-01  1.6639067e-12  1.66391e-12  1.66391e-12  6.30972e-46
5.100752503e-01  1.7382373e-12  1.73824e-12  1.73824e-12  9.79194e-46
5.126256266e-01  1.7988419e-12  1.79884e-12  1.79884e-12  1.51963e-45
5.151887547e-01  1.8597491e-12  1.85975e-12  1.85975e-12  2.35300e-45
5.177646985e-01  1.9132805e-12  1.91328e-12  1.91328e-12  3.63970e-45
5.203535220e-01  1.9676644e-12  1.96766e-12  1.96766e-12  5.61681e-45
5.229552896e-01  2.0234754e-12  2.02348e-12  2.02348e-12  8.64685e-45
5.255700660e-01  2.0782435e-12  2.07824e-12  2.07824e-12  1.32846e-44
5.281979164e-01  2.1266528e-12  2.12665e-12  2.12665e-12  2.03861e-44
5.308389059e-01  2.1756789e-12  2.17568e-12  2.17568e-12  3.12127e-44
5.334931005e-01  2.2253192e-12  2.22532e-12  2.22532e-12  4.76807e-44
5.361605660e-01  2.2637381e-12  2.26374e-12  2.26374e-12  7.28095e-44
5.388413688e-01  2.2870892e-12  2.28709e-12  2.28709e-12  1.11204e-43
5.415355756e-01  2.3121607e-12  2.31216e-12  2.31216e-12  1.69429e-43
5.442432535e-01  2.3387275e-12  2.33873e-12  2.33873e-12  2.57520e-43
5.469644698e-01  2.3695682e-12  2.36957e-12  2.36957e-12  3.90308e-43
5.496992921e-01  2.4022792e-12  2.40228e-12  2.40228e-12  5.90133e-43
5.524477886e-01  2.4461688e-12  2.44617e-12  2.44617e-12  8.88847e-43
5.552100275e-01  2.4916919e-12  2.49169e-12  2.49169e-12  1.33562e-42
5.579860777e-01  2.5356738e-12  2.53567e-12  2.53567e-12  2.00323e-42
5.607760081e-01  2.5766843e-12  2.57668e-12  2.57668e-12  2.99962e-42
5.635798881e-01  2.6093563e-12  2.60936e-12  2.60936e-12  4.48789e-42
5.663977875e-01  2.6398504e-12  2.63985e-12  2.63985e-12  6.70278e-42
5.692297765e-01  2.6679243e-12  2.66792e-12  2.66792e-12  9.99357e-42
5.720759254e-01  2.6937102e-12  2.69371e-12  2.69371e-12  1.48742e-41
5.749363050e-01  2.7186828e-12  2.71868e-12  2.71868e-12  2.20953e-41
5.778109865e-01  2.7490695e-12  2.74907e-12  2.74907e-12  3.27289e-41
5.807000414e-01  2.7764619e-12  2.77646e-12  2.77646e-12  4.84021e-41
5.836035417e-01  2.7933906e-12  2.79339e-12  2.79339e-12  7.15432e-41
5.865215594e-01  2.8141580e-12  2.81416e-12  2.81416e-12  1.05474e-40
5.894541672e-01  2.8384445e-12  2.83844e-12  2.83844e-12  1.55106e-40
5.924014380e-01  2.8634363e-12  2.86344e-12  2.86344e-12  2.27610e-40
5.953634452e-01  2.8883444e-12  2.88834e-12  2.88834e-12  3.33344e-40
5.983402624e-01  2.9115557e-12  2.91156e-12  2.91156e-12  4.87341e-40
6.013319637e-01  2.9383991e-12  2.93840e-12  2.93840e-12  7.10708e-40
6.043386235e-01  2.9699562e-12  2.96996e-12  2.96996e-12  1.03374e-39
6.073603167e-01  3.0005729e-12  3.00057e-12  3.00057e-12  1.50085e-39
6.103971182e-01  3.0303310e-12  3.03033e-12  3.03033e-12  2.17506e-39
6.134491038e-01  3.0558966e-12  3.05590e-12  3.05590e-12  3.14783e-39
6.165163494e-01  3.0810488e-12  3.08105e-12  3.08105e-12  4.54711e-39
6.195989311e-01  3.1057781e-12  3.10578e-12  3.10578e-12  6.55616e-39
6.226969258e-01  3.1391305e-12  3.13913e-12  3.13913e-12  9.42375e-39
6.258104104e-01  3.1708678e-12  3.17087e-12  3.17087e-12  1.35228e-38
6.289394624e-01  3.1945749e-12  3.19457e-12  3.19457e-12  1.93892e-38
6.320841597e-01  3.2252040e-12  3.22520e-12  3.22520e-12  2.77222e-38
6.352445805e-01  3.2592032e-12  3.25920e-12  3.25920e-12  3.95444e-38
6.384208035e-01  3.2900288e-12  3.29003e-12  3.29003e-12  5.63270e-38
6.416129075e-01  3.3187150e-12  3.31872e-12  3.31872e-12  8.01059e-38
6.448209720e-01  3.3454451e-12  3.34545e-12  3.34545e-12  1.13742e-37
6.480450769e-01  3.3616413e-12  3.36164e-12  3.36164e-12  1.61428e-37
6.512853022e-01  3.3823471e-12  3.38235e-12  3.38235e-12  2.28549e-37
6.545417288e-01  3.4111628e-12  3.41116e-12  3.41116e-12  3.22643e-37
6.578144374e-01  3.4320906e-12  3.43209e-12  3.43209e-12  4.55117e-37
6.611035096e-01  3.4527218e-12  3.45272e-12  3.45272e-12  6.40845e-37
6.644090271e-01  3.4751800e-12  3.47518e-12  3.47518e-12  9.00526e-37
6.677310723e-01  3.4899265e-12  3.48993e-12  3.48993e-12  1.26442e-36
6.710697276e-01  3.5074823e-12  3.50748e-12  3.50748e-12  1.77154e-36
6.744250763e-01  3.5349120e-12  3.53491e-12  3.53491e-12  2.47449e-36
6.777972017e-01  3.5725587e-12  3.57256e-12  3.57256e-12  3.44578e-36
6.811861877e-01  3.6081960e-12  3.60820e-12  3.60820e-12  4.79113e-36
6.845921186e-01  3.6361765e-12  3.63618e-12  3.63618e-12  6.65662e-36
6.880150792e-01  3.6572171e-12  3.65722e-12  3.65722e-12  9.24054e-36
6.914551546e-01  3.6782873e-12  3.67829e-12  3.67829e-12  1.28052e-35
6.949124304e-01  3.7006616e-12  3.70066e-12  3.70066e-12  1.77113e-35
6.983869925e-01  3.7237709e-12  3.72377e-12  3.72377e-12  2.44527e-35
7.018789275e-01  3.7464543e-12  3.74645e-12  3.74645e-12  3.37041e-35
7.053883221e-01  3.7682381e-12  3.76824e-12  3.76824e-12  4.63820e-35
7.089152637e-01  3.7864115e-12  3.78641e-12  3.78641e-12  6.37493e-35
7.124598400e-01  3.8054164e-12  3.80542e-12  3.80542e-12  8.74627e-35
7.160221392e-01  3.8218339e-12  3.82183e-12  3.82183e-12  1.19834e-34
7.196022499e-01  3.8309019e-12  3.83090e-12  3.83090e-12  1.64062e-34
7.232002612e-01  3.8476481e-12  3.84765e-12  3.84765e-12  2.24025e-34
7.268162625e-01  3.8459265e-12  3.84593e-12  3.84593e-12  3.06097e-34
7.304503438e-01  3.8261867e-12  3.82619e-12  3.82619e-12  4.18471e-34
7.341025955e-01  3.8190744e-12  3.81907e-12  3.81907e-12  5.70256e-34
7.377731085e-01  3.7916747e-12  3.79167e-12  3.79167e-12  7.77734e-34
7.414619740e-01  3.7534743e-12  3.75347e-12  3.75347e-12  1.06031e-33
7.451692839e-01  3.7077856e-12  3.70779e-12  3.70779e-12  1.44443e-33
7.488951303e-01  3.6407856e-12  3.64079e-12  3.64079e-12  1.96936e-33
7.526396060e-01  3.5683448e-12  3.56834e-12  3.56834e-12  2.68214e-33
7.564028040e-01  3.4800038e-12  3.48000e-12  3.48000e-12  3.65332e-33
7.601848180e-01  3.3694785e-12  3.36948e-12  3.36948e-12  4.98001e-33
7.639857421e-01  3.2754366e-12  3.27544e-12  3.27544e-12  6.76371e-33
7.678056708e-01  3.1651380e-12  3.16514e-12  3.16514e-12  9.18685e-33
7.716446992e-01  3.0533271e-12  3.05333e-12  3.05333e-12  1.24581e-32
7.755029227e-01  2.9483612e-12  2.94836e-12  2.94836e-12  1.68520e-32
7.793804373e-01  2.8477238e-12  2.84772e-12  2.84772e-12  2.27461e-32
7.832773395e-01  2.7373151e-12  2.73732e-12  2.73732e-12  3.06811e-32
7.871937262e-01  2.6197016e-12  2.61970e-12  2.61970e-12  4.13445e-32
7.911296948e-01  2.5015407e-12  2.50154e-12  2.50154e-12  5.56219e-32
7.950853433e-01  2.3920012e-12  2.39200e-12  2.39200e-12  7.46384e-32
7.990607700e-01  2.2650389e-12  2.26504e-12  2.26504e-12  1.00163e-31
8.030560739e-01  2.1525744e-12  2.15257e-12  2.15257e-12  1.34001e-31
8.070713542e-01  2.0513395e-12  2.05134e-12  2.05134e-12  1.78783e-31
8.111067110e-01  1.9582930e-12  1.95829e-12  1.95829e-12  2.37965e-31
8.151622446e-01  1.8713705e-12  1.87137e-12  1.87137e-12  3.16057e-31
8.192380558e-01  1.8042975e-12  1.80430e-12  1.80430e-12  4.18349e-31
8.233342461e-01  1.7226504e-12  1.72265e-12  1.72265e-12  5.53668e-31
8.274509173e-01  1.6459760e-12  1.64598e-12  1.64598e-12  7.31313e-31
8.315881719e-01  1.5781708e-12  1.57817e-12  1.57817e-12  9.63725e-31
8.357461127e-01  1.5155254e-12  1.51553e-12  1.51553e-12  1.26753e-30
8.399248433e-01  1.4528177e-12  1.45282e-12  1.45282e-12  1.66469e-30
8.441244675e-01  1.3998104e-12  1.39981e-12  1.39981e-12  2.18121e-30
8.483450899e-01  1.3442760e-12  1.34428e-12  1.34428e-12  2.85455e-30
8.525868153e-01  1.2987338e-12  1.29873e-12  1.29873e-12  3.72712e-30
8.568497494e-01  1.2580755e-12  1.25808e-12  1.25808e-12  4.85744e-30
8.611339981e-01  1.2180581e-12  1.21806e-12  1.21806e-12  6.32137e-30
8.654396681e-01  1.1872072e-12  1.18721e-12  1.18721e-12  8.20843e-30
8.697668665e-01  1.1518820e-12  1.15188e-12  1.15188e-12  1.06484e-29
8.741157008e-01  1.1115856e-12  1.11159e-12  1.11159e-12  1.38006e-29
8.784862793e-01  1.0917603e-12  1.09176e-12  1.09176e-12  1.78298e-29
8.828787107e-01  1.0717401e-12  1.07174e-12  1.07174e-12  2.30045e-29
8.872931042e-01  1.0501508e-12  1.05015e-12  1.05015e-12  2.96454e-29
8.917295698e-01  1.0350154e-12  1.03502e-12  1.03502e-12  3.81309e-29
8.961882176e-01  1.0247067e-12  1.02471e-12  1.02471e-12  4.89598e-29
9.006691587e-01  1.0068256e-12  1.00683e-12  1.00683e-12  6.28223e-29
9.051725045e-01  1.0021652e-12  1.00217e-12  1.00217e-12  8.04117e-29
9.096983670e-01  9.9607127e-13  9.96071e-13  9.96071e-13  1.02804e-28
9.142468589e-01  9.8629449e-13  9.86294e-13  9.86294e-13  1.31304e-28
9.188180931e-01  9.8997449e-13  9.89974e-13  9.89974e-13  1.67293e-28
9.234121836e-01  9.9096813e-13  9.90968e-13  9.90968e-13  2.12921e-28
9.280292445e-01  9.9302738e-13  9.93027e-13  9.93027e-13  2.70622e-28
9.326693908e-01  9.9739880e-13  9.97399e-13  9.97399e-13  3.43453e-28
9.373327377e-01  1.0015823e-12  1.00158e-12  1.00158e-12  4.35339e-28
9.420194014e-01  1.0098165e-12  1.00982e-12  1.00982e-12  5.50918e-28
9.467294984e-01  1.0252056e-12  1.02521e-12  1.02521e-12  6.95871e-28
9.514631459e-01  1.0427514e-12  1.04275e-12  1.04275e-12  8.77696e-28
9.562204616e-01  1.0619483e-12  1.06195e-12  1.06195e-12  1.10549e-27
9.610015639e-01  1.0863914e-12  1.08639e-12  1.08639e-12  1.39003e-27
9.658065718e-01  1.1099807e-12  1.10998e-12  1.10998e-12  1.74578e-27
9.706356046e-01  1.1377976e-12  1.13780e-12  1.13780e-12  2.18904e-27
9.754887826e-01  1.1751490e-12  1.17515e-12  1.17515e-12  2.73915e-27
9.803662265e-01  1.2139570e-12  1.21396e-12  1.21396e-12  3.42283e-27
9.852680577e-01  1.2659458e-12  1.26595e-12  1.26595e-12  4.26683e-27
9.901943980e-01  1.3040396e-12  1.30404e-12  1.30404e-12  5.31907e-27
9.951453700e-01  1.3645087e-12  1.36451e-12  1.36451e-12  6.60924e-27
1.000121097e+00  1.4196938e-12  1.41969e-12  1.41969e-12  8.20617e-27
1.005121702e+00  1.4930735e-12  1.49307e-12  1.49307e-12  1.01593e-26
1.010147311e+00  1.5665246e-12  1.56652e-12  1.56652e-12  1.25616e-26
1.015198047e+00  1.6416270e-12  1.64163e-12  1.64163e-12  1.55102e-26
1.020274038e+00  1.7356037e-12  1.73560e-12  1.73560e-12  1.90928e-26
1.025375408e+00  1.8279609e-12  1.82796e-12  1.82796e-12  2.34765e-26
1.030502285e+00  1.9324640e-12  1.93246e-12  1.93246e-12  2.87960e-26
1.035654796e+00  2.0427080e-12  2.04271e-12  2.04271e-12  3.52549e-26
1.040833070e+00  2.1506301e-12  2.15063e-12  2.15063e-12  4.31160e-26
1.046037236e+00  2.2681051e-12  2.26811e-12  2.26811e-12  5.26100e-26
1.051267422e+00  2.3884070e-12  2.38841e-12  2.38841e-12  6.40903e-26
1.056523759e+00  2.5063087e-12  2.50631e-12  2.50631e-12  7.79903e-26
1.061806378e+00  2.6268668e-12  2.62687e-12  2.62687e-12  9.47509e-26
1.067115410e+00  2.7556989e-12  2.75570e-12  2.75570e-12  1.14855e-25
1.072450987e+00  2.8744924e-12  2.87449e-12  2.87449e-12  1.39186e-25
1.077813242e+00  2.9951473e-12  2.99515e-12  2.99515e-12  1.68406e-25
1.083202308e+00  3.1156013e-12  3.11560e-12  3.11560e-12  2.03487e-25
1.088618319e+00  3.2261797e-12  3.22618e-12  3.22618e-12  2.45818e-25
1.094061411e+00  3.3302622e-12  3.33026e-12  3.33026e-12  2.96781e-25
1.099531718e+00  3.4194510e-12  3.41945e-12  3.41945e-12  3.58468e-25
1.105029377e+00  3.5209476e-12  3.52095e-12  3.52095e-12  4.31787e-25
1.110554523e+00  3.6106734e-12  3.61067e-12  3.61067e-12  5.20163e-25
1.116107296e+00  3.6819844e-12  3.68198e-12  3.68198e-12  6.27250e-25
1.121687832e+00  3.7499300e-12  3.74993e-12  3.74993e-12  7.55779e-25
1.127296272e+00  3.8215576e-12  3.82156e-12  3.82156e-12  9.09118e-25
1.132932753e+00  3.8770701e-12  3.87707e-12  3.87707e-12  1.09449e-24
1.138597417e+00  3.9217145e-12  3.92171e-12  3.92171e-12  1.31797e-24
1.144290404e+00  3.9560350e-12  3.95604e-12  3.95604e-12  1.58740e-24
1.150011856e+00  3.9977362e-12  3.99774e-12  3.99774e-12  1.90792e-24
1.155761915e+00  4.0343767e-12  4.03438e-12  4.03438e-12  2.29213e-24
1.161540725e+00  4.0521545e-12  4.05215e-12  4.05215e-12  2.75758e-24
1.167348428e+00  4.0823874e-12  4.08239e-12  4.08239e-12  3.30845e-24
1.173185171e+00  4.1014597e-12  4.10146e-12  4.10146e-12  3.97105e-24
1.179051096e+00  4.1271836e-12  4.12718e-12  4.12718e-12  4.75695e-24
1.184946352e+00  4.1537975e-12  4.15380e-12  4.15380e-12  5.69155e-24
1.190871084e+00  4.1696989e-12  4.16970e-12  4.16970e-12  6.81261e-24
1.196825439e+00  4.1831380e-12  4.18314e-12  4.18314e-12  8.14875e-24
1.202809566e+00  4.1897308e-12  4.18973e-12  4.18973e-12  9.74622e-24
1.208823614e+00  4.2078875e-12  4.20789e-12  4.20789e-12  1.16259e-23
1.214867732e+00  4.2152791e-12  4.21528e-12  4.21528e-12  1.38749e-23
1.220942071e+00  4.2239737e-12  4.22397e-12  4.22397e-12  1.65391e-23
1.227046781e+00  4.2403106e-12  4.24031e-12  4.24031e-12  1.96732e-23
1.233182015e+00  4.2469905e-12  4.24699e-12  4.24699e-12  2.34101e-23
1.239347925e+00  4.2571738e-12  4.25717e-12  4.25717e-12  2.78146e-23
1.245544665e+00  4.2627671e-12  4.26277e-12  4.26277e-12  3.30369e-23
1.251772388e+00  4.2572172e-12  4.25722e-12  4.25722e-12  3.92658e-23
1.258031250e+00  4.2705565e-12  4.27056e-12  4.27056e-12  4.64927e-23
1.264321406e+00  4.2779056e-12  4.27791e-12  4.27791e-12  5.50442e-23
1.270643013e+00  4.2847664e-12  4.28477e-12  4.28477e-12  6.51093e-23
1.276996228e+00  4.2820345e-12  4.28203e-12  4.28203e-12  7.70522e-23
1.283381209e+00  4.2743499e-12  4.27435e-12  4.27435e-12  9.11679e-23
1.289798116e+00  4.2663946e-12  4.26639e-12  4.26639e-12  1.07772e-22
1.296247106e+00  4.2543118e-12  4.25431e-12  4.25431e-12  1.27362e-22
1.302728342e+00  4.2360113e-12  4.23601e-12  4.23601e-12  1.50519e-22
1.309241983e+00  4.2160346e-12  4.21603e-12  4.21603e-12  1.77769e-22
1.315788193e+00  4.1940846e-12  4.19408e-12  4.19408e-12  2.09826e-22
1.322367134e+00  4.1659619e-12  4.16596e-12  4.16596e-12  2.47680e-22
1.328978970e+00  4.1332138e-12  4.13321e-12  4.13321e-12  2.92313e-22
1.335623865e+00  4.1033377e-12  4.10334e-12  4.10334e-12  3.44529e-22
1.342301984e+00  4.0615876e-12  4.06159e-12  4.06159e-12  4.06472e-22
1.349013494e+00  4.0130993e-12  4.01310e-12  4.01310e-12  4.79638e-22
1.355758561e+00  3.9526798e-12  3.95268e-12  3.95268e-12  5.66538e-22
1.362537354e+00  3.8971849e-12  3.89718e-12  3.89718e-12  6.68087e-22
1.369350041e+00  3.8375260e-12  3.83753e-12  3.83753e-12  7.87669e-22
1.376196791e+00  3.7803070e-12  3.78031e-12  3.78031e-12  9.27505e-22
1.383077775e+00  3.7190901e-12  3.71909e-12  3.71909e-12  1.09191e-21
1.389993164e+00  3.6449087e-12  3.64491e-12  3.64491e-12  1.28693e-21
1.396943130e+00  3.5581387e-12  3.55814e-12  3.55814e-12  1.51840e-21
1.403927846e+00  3.4832827e-12  3.48328e-12  3.48328e-12  1.78670e-21
1.410947485e+00  3.4042822e-12  3.40428e-12  3.40428e-12  2.10192e-21
1.418002222e+00  3.3246904e-12  3.32469e-12  3.32469e-12  2.47088e-21
1.425092233e+00  3.2392671e-12  3.23927e-12  3.23927e-12  2.90468e-21
1.432217694e+00  3.1550167e-12  3.15502e-12  3.15502e-12  3.41113e-21
1.439378783e+00  3.0644608e-12  3.06446e-12  3.06446e-12  4.00623e-21
1.446575677e+00  2.9740610e-12  2.97406e-12  2.97406e-12  4.70105e-21
1.453808555e+00  2.9021534e-12  2.90215e-12  2.90215e-12  5.49685e-21
1.461077598e+00  2.8179347e-12  2.81793e-12  2.81793e-12  6.43368e-21
1.468382986e+00  2.7453445e-12  2.74534e-12  2.74534e-12  7.51133e-21
1.475724901e+00  2.6544309e-12  2.65443e-12  2.65443e-12  8.78560e-21
1.483103525e+00  2.5828759e-12  2.58288e-12  2.58288e-12  1.02392e-20
1.490519043e+00  2.4850844e-12  2.48508e-12  2.48508e-12  1.19685e-20
1.497971638e+00  2.4119648e-12  2.41196e-12  2.41196e-12  1.39296e-20
1.505461496e+00  2.3268566e-12  2.32686e-12  2.32686e-12  1.62268e-20
1.512988804e+00  2.2599903e-12  2.25999e-12  2.25999e-12  1.88396e-20
1.520553748e+00  2.1800907e-12  2.18009e-12  2.18009e-12  2.18962e-20
1.528156517e+00  2.1119082e-12  2.11191e-12  2.11191e-12  2.53875e-20
1.535797299e+00  2.0364045e-12  2.03640e-12  2.03640e-12  2.94431e-20
1.543476286e+00  1.9791154e-12  1.97912e-12  1.97912e-12  3.40348e-20
1.551193667e+00  1.8931377e-12  1.89314e-12  1.89314e-12  3.94690e-20
1.558949636e+00  1.8275095e-12  1.82751e-12  1.82751e-12  4.56085e-20
1.566744384e+00  1.7638837e-12  1.76388e-12  1.76388e-12  5.26497e-20
1.574578106e+00  1.7091920e-12  1.70919e-12  1.70919e-12  6.06592e-20
1.582450996e+00  1.6548653e-12  1.65487e-12  1.65487e-12  6.98332e-20
1.590363251e+00  1.5914332e-12  1.59143e-12  1.59143e-12  8.04363e-20
1.598315067e+00  1.5418053e-12  1.54181e-12  1.54181e-12  9.24091e-20
1.606306643e+00  1.4808335e-12  1.48083e-12  1.48083e-12  1.06252e-19
1.614338176e+00  1.4427586e-12  1.44276e-12  1.44276e-12  1.21703e-19
1.622409867e+00  1.3909012e-12  1.39090e-12  1.39090e-12  1.39565e-19
1.630521916e+00  1.3455139e-12  1.34551e-12  1.34551e-12  1.59795e-19
1.638674526e+00  1.3105751e-12  1.31058e-12  1.31057e-12  1.82571e-19
1.646867898e+00  1.2577452e-12  1.25775e-12  1.25774e-12  2.08957e-19
1.655102238e+00  1.2178320e-12  1.21783e-12  1.21783e-12  2.38573e-19
1.663377749e+00  1.1821958e-12  1.18220e-12  1.18220e-12  2.72042e-19
1.671694638e+00  1.1412750e-12  1.14128e-12  1.14127e-12  3.10219e-19
1.680053111e+00  1.1053677e-12  1.10537e-12  1.10537e-12  3.53272e-19
1.688453377e+00  1.0726371e-12  1.07264e-12  1.07264e-12  4.01855e-19
1.696895643e+00  1.0316879e-12  1.03169e-12  1.03169e-12  4.57328e-19
1.705380122e+00  1.0015822e-12  1.00158e-12  1.00158e-12  5.19341e-19
1.713907022e+00  9.7571038e-13  9.75710e-13  9.75710e-13  5.89028e-19
1.722476557e+00  9.4497754e-13  9.44978e-13  9.44977e-13  6.68070e-19
1.731088940e+00  9.1722337e-13  9.17223e-13  9.17223e-13  7.56911e-19
1.739744385e+00  8.9711142e-13  8.97111e-13  8.97111e-13  8.56098e-19
1.748443107e+00  8.7919015e-13  8.79190e-13  8.79189e-13  9.67353e-19
1.757185322e+00  8.5860931e-13  8.58609e-13  8.58608e-13  1.09276e-18
1.765971249e+00  8.3757167e-13  8.37572e-13  8.37570e-13  1.23369e-18
1.774801105e+00  8.2100909e-13  8.21009e-13  8.21008e-13  1.39103e-18
1.783675111e+00  8.0332415e-13  8.03324e-13  8.03323e-13  1.56767e-18
1.792593486e+00  7.8328302e-13  7.83283e-13  7.83281e-13  1.76620e-18
1.801556454e+00  7.6490788e-13  7.64908e-13  7.64906e-13  1.98813e-18
1.810564236e+00  7.4840578e-13  7.48406e-13  7.48404e-13  2.23594e-18
1.819617057e+00  7.3567513e-13  7.35675e-13  7.35673e-13  2.51169e-18
1.828715142e+00  7.2151556e-13  7.21516e-13  7.21513e-13  2.82024e-18
1.837858718e+00  7.0892681e-13  7.08927e-13  7.08924e-13  3.16398e-18
1.847048012e+00  6.9833814e-13  6.98338e-13  6.98335e-13  3.54636e-18
1.856283252e+00  6.8888745e-13  6.88887e-13  6.88883e-13  3.97182e-18
1.865564668e+00  6.8182930e-13  6.81829e-13  6.81825e-13  4.44397e-18
1.874892491e+00  6.7548463e-13  6.75485e-13  6.75480e-13  4.96862e-18
1.884266954e+00  6.6917559e-13  6.69176e-13  6.69170e-13  5.55172e-18
1.893688289e+00  6.5804702e-13  6.58047e-13  6.58041e-13  6.20388e-18
1.903156730e+00  6.4979129e-13  6.49791e-13  6.49784e-13  6.92543e-18
1.912672514e+00  6.4821050e-13  6.48210e-13  6.48203e-13  7.71842e-18
1.922235876e+00  6.5015059e-13  6.50151e-13  6.50142e-13  8.59228e-18
1.931847056e+00  6.4894120e-13  6.48941e-13  6.48932e-13  9.56374e-18
1.941506291e+00  6.4727987e-13  6.47280e-13  6.47269e-13  1.06392e-17
1.951213822e+00  6.4560040e-13  6.45600e-13  6.45589e-13  1.18285e-17
1.960969892e+00  6.4615915e-13  6.46159e-13  6.46146e-13  1.31382e-17
1.970774741e+00  6.4681281e-13  6.46813e-13  6.46798e-13  1.45837e-17
1.980628615e+00  6.4665394e-13  6.46654e-13  6.46638e-13  1.61807e-17
1.990531758e+00  6.4811937e-13  6.48119e-13  6.48101e-13  1.79370e-17
2.000484417e+00  6.5234770e-13  6.52348e-13  6.52328e-13  1.98632e-17
2.010486839e+00  6.5737302e-13  6.57373e-13  6.57351e-13  2.19802e-17
2.020539273e+00  6.6283970e-13  6.62840e-13  6.62815e-13  2.43063e-17
2.030641969e+00  6.6806329e-13  6.68063e-13  6.68036e-13  2.68634e-17
2.040795179e+00  6.7519321e-13  6.75193e-13  6.75164e-13  2.96624e-17
2.050999155e+00  6.8265927e-13  6.82659e-13  6.82627e-13  3.27315e-17
2.061254151e+00  6.9058590e-13  6.90586e-13  6.90550e-13  3.60936e-17
2.071560421e+00  7.0041021e-13  7.00410e-13  7.00370e-13  3.97644e-17
2.081918224e+00  7.1176719e-13  7.11767e-13  7.11723e-13  4.37706e-17
2.092327815e+00  7.2293630e-13  7.22936e-13  7.22888e-13  4.81529e-17
2.102789454e+00  7.3579051e-13  7.35791e-13  7.35738e-13  5.29263e-17
2.113303401e+00  7.4946118e-13  7.49461e-13  7.49403e-13  5.81293e-17
2.123869918e+00  7.6246438e-13  7.62464e-13  7.62401e-13  6.38127e-17
2.134489268e+00  7.7613950e-13  7.76140e-13  7.76069e-13  7.00010e-17
2.145161714e+00  7.9449555e-13  7.94496e-13  7.94419e-13  7.66778e-17
2.155887523e+00  8.1368932e-13  8.13689e-13  8.13605e-13  8.39264e-17
2.166666960e+00  8.2916953e-13  8.29170e-13  8.29078e-13  9.18666e-17
2.177500295e+00  8.4495169e-13  8.44952e-13  8.44851e-13  1.00491e-16
2.188387796e+00  8.6102658e-13  8.61027e-13  8.60917e-13  1.09853e-16
2.199329735e+00  8.7933232e-13  8.79332e-13  8.79212e-13  1.19963e-16
2.210326384e+00  9.0151379e-13  9.01514e-13  9.01383e-13  1.30825e-16
2.221378016e+00  9.2316649e-13  9.23166e-13  9.23024e-13  1.42594e-16
2.232484906e+00  9.4155259e-13  9.41553e-13  9.41397e-13  1.55426e-16
2.243647331e+00  9.6224323e-13  9.62243e-13  9.62074e-13  1.69231e-16
2.254865567e+00  9.8424659e-13  9.84247e-13  9.84062e-13  1.84097e-16
2.266139895e+00  1.0047843e-12  1.00478e-12  1.00458e-12  2.00204e-16
2.277470595e+00  1.0228363e-12  1.02284e-12  1.02262e-12  2.17699e-16
2.288857948e+00  1.0404093e-12  1.04041e-12  1.04017e-12  2.36602e-16
2.300302237e+00  1.0604879e-12  1.06049e-12  1.06023e-12  2.56852e-16
2.311803748e+00  1.0793191e-12  1.07932e-12  1.07904e-12  2.78739e-16
2.323362767e+00  1.0961897e-12  1.09619e-12  1.09589e-12  3.02437e-16
2.334979581e+00  1.1171404e-12  1.11714e-12  1.11681e-12  3.27654e-16
2.346654479e+00  1.1353954e-12  1.13540e-12  1.13504e-12  3.54968e-16
2.358387751e+00  1.1470758e-12  1.14708e-12  1.14669e-12  3.84902e-16
2.370179690e+00  1.1598444e-12  1.15984e-12  1.15943e-12  4.17016e-16
2.382030589e+00  1.1758051e-12  1.17581e-12  1.17535e-12  4.51214e-16
2.393940742e+00  1.1893045e-12  1.18930e-12  1.18882e-12  4.88209e-16
2.405910445e+00  1.2027055e-12  1.20271e-12  1.20218e-12  5.27944e-16
2.417939997e+00  1.2146168e-12  1.21462e-12  1.21405e-12  5.70788e-16
2.430029697e+00  1.2253851e-12  1.22539e-12  1.22477e-12  6.16930e-16
2.442179846e+00  1.2338190e-12  1.23382e-12  1.23315e-12  6.66813e-16
2.454390745e+00  1.2355151e-12  1.23552e-12  1.23479e-12  7.21550e-16
2.466662699e+00  1.2387230e-12  1.23872e-12  1.23794e-12  7.80082e-16
2.478996012e+00  1.2460424e-12  1.24604e-12  1.24520e-12  8.42043e-16
2.491390992e+00  1.2482109e-12  1.24821e-12  1.24730e-12  9.09645e-16
2.503847947e+00  1.2434531e-12  1.24345e-12  1.24247e-12  9.83946e-16
2.516367187e+00  1.2437902e-12  1.24379e-12  1.24273e-12  1.06239e-15
2.528949023e+00  1.2441976e-12  1.24420e-12  1.24305e-12  1.14650e-15
2.541593768e+00  1.2431291e-12  1.24313e-12  1.24189e-12  1.23715e-15
2.554301737e+00  1.2411603e-12  1.24116e-12  1.23983e-12  1.33465e-15
2.567073246e+00  1.2389979e-12  1.23900e-12  1.23756e-12  1.43922e-15
2.579908612e+00  1.2341601e-12  1.23416e-12  1.23261e-12  1.55238e-15
2.592808155e+00  1.2288346e-12  1.22883e-12  1.22716e-12  1.67390e-15
2.605772196e+00  1.2212553e-12  1.22126e-12  1.21945e-12  1.80526e-15
2.618801057e+00  1.2127599e-12  1.21276e-12  1.21081e-12  1.94656e-15
2.631895062e+00  1.2039857e-12  1.20399e-12  1.20189e-12  2.09817e-15
2.645054537e+00  1.1925903e-12  1.19259e-12  1.19033e-12  2.26231e-15
2.658279810e+00  1.1802662e-12  1.18027e-12  1.17783e-12  2.43892e-15
2.671571209e+00  1.1623116e-12  1.16231e-12  1.15968e-12  2.63250e-15
2.684929065e+00  1.1395889e-12  1.13959e-12  1.13674e-12  2.84425e-15
2.698353710e+00  1.1144900e-12  1.11449e-12  1.11142e-12  3.07399e-15
2.711845479e+00  1.0818624e-12  1.08186e-12  1.07853e-12  3.32831e-15
2.725404706e+00  1.0382364e-12  1.03824e-12  1.03462e-12  3.61384e-15
2.739031730e+00  9.8511449e-13  9.85114e-13  9.81181e-13  3.93314e-15
2.752726889e+00  9.2816921e-13  9.28169e-13  9.23886e-13  4.28364e-15
2.766490523e+00  8.7057751e-13  8.70578e-13  8.65913e-13  4.66436e-15
2.780322976e+00  8.1778040e-13  8.17780e-13  8.12710e-13  5.07001e-15
2.794224591e+00  7.7514287e-13  7.75143e-13  7.69650e-13  5.49317e-15
2.808195713e+00  7.3832167e-13  7.38322e-13  7.32382e-13  5.93984e-15
2.822236692e+00  7.0557515e-13  7.05575e-13  6.99162e-13  6.41327e-15
2.836347875e+00  6.7707519e-13  6.77075e-13  6.70161e-13  6.91383e-15
2.850529615e+00  6.5050733e-13  6.50507e-13  6.43060e-13  7.44686e-15
2.864782263e+00  6.2571114e-13  6.25711e-13  6.17697e-13  8.01427e-15
2.879106174e+00  6.0253043e-13  6.02530e-13  5.93912e-13  8.61806e-15
2.893501705e+00  5.8159351e-13  5.81594e-13  5.72335e-13  9.25833e-15
2.907969214e+00  5.6297905e-13  5.62979e-13  5.53043e-13  9.93627e-15
2.922509060e+00  5.4619632e-13  5.46196e-13  5.35542e-13  1.06547e-14
2.937121605e+00  5.3117015e-13  5.31170e-13  5.19755e-13  1.14154e-14
2.951807213e+00  5.1830475e-13  5.18305e-13  5.06086e-13  1.22187e-14
2.966566249e+00  5.0783305e-13  5.07833e-13  4.94768e-13  1.30650e-14
2.981399080e+00  5.0272299e-13  5.02723e-13  4.88780e-13  1.39433e-14
2.996306076e+00  5.0219321e-13  5.02193e-13  4.87338e-13  1.48552e-14
3.011287606e+00  5.0228279e-13  5.02283e-13  4.86465e-13  1.58178e-14
3.026344044e+00  5.0221563e-13  5.02216e-13  4.85378e-13  1.68372e-14
3.041475764e+00  5.0105048e-13  5.01050e-13  4.83129e-13  1.79214e-14
3.056683143e+00  4.9949579e-13  4.99496e-13  4.80425e-13  1.90707e-14
3.071966559e+00  4.9775253e-13  4.97753e-13  4.77465e-13  2.02875e-14
3.087326392e+00  4.9623795e-13  4.96238e-13  4.74665e-13  2.15727e-14
3.102763024e+00  4.9491518e-13  4.94915e-13  4.71985e-13  2.29298e-14
3.118276839e+00  4.9469629e-13  4.94696e-13  4.70341e-13  2.43551e-14
3.133868223e+00  4.9469233e-13  4.94692e-13  4.68834e-13  2.58582e-14
3.149537564e+00  4.9565649e-13  4.95656e-13  4.68221e-13  2.74357e-14
3.165285252e+00  4.9700171e-13  4.97002e-13  4.67906e-13  2.90956e-14
3.181111678e+00  4.9830128e-13  4.98301e-13  4.67456e-13  3.08455e-14
3.197017237e+00  4.9987694e-13  4.99877e-13  4.67191e-13  3.26862e-14
3.213002323e+00  5.0138140e-13  5.01381e-13  4.66756e-13  3.46255e-14
3.229067334e+00  5.0247942e-13  5.02479e-13  4.65807e-13  3.66724e-14
3.245212671e+00  5.0373335e-13  5.03733e-13  4.64908e-13  3.88252e-14
3.261438734e+00  5.0484259e-13  5.04843e-13  4.63750e-13  4.10928e-14
3.277745928e+00  5.0601937e-13  5.06019e-13  4.62542e-13  4.34775e-14
3.294134658e+00  5.0743587e-13  5.07436e-13  4.61454e-13  4.59820e-14
3.310605331e+00  5.0906122e-13  5.09061e-13  4.60450e-13  4.86116e-14
3.327158358e+00  5.1054001e-13  5.10540e-13  4.59162e-13  5.13781e-14
3.343794149e+00  5.1153002e-13  5.11530e-13  4.57235e-13  5.42948e-14
3.360513120e+00  5.1183014e-13  5.11830e-13  4.54456e-13  5.73741e-14
3.377315686e+00  5.1140625e-13  5.11406e-13  4.50780e-13  6.06266e-14
3.394202264e+00  5.1010119e-13  5.10101e-13  4.46035e-13  6.40664e-14
3.411173276e+00  5.0866738e-13  5.08667e-13  4.40981e-13  6.76865e-14
3.428229142e+00  5.1276088e-13  5.12761e-13  4.41417e-13  7.13439e-14
3.445370288e+00  5.1619309e-13  5.16193e-13  4.40997e-13  7.51956e-14
3.462597139e+00  5.1817833e-13  5.18178e-13  4.38901e-13  7.92771e-14
3.479910125e+00  5.1853193e-13  5.18532e-13  4.34921e-13  8.36109e-14
3.497309675e+00  5.1853089e-13  5.18531e-13  4.30358e-13  8.81724e-14
3.514796224e+00  5.2189651e-13  5.21897e-13  4.29060e-13  9.28369e-14
3.532370205e+00  5.2485526e-13  5.24855e-13  4.27116e-13  9.77393e-14
3.550032056e+00  5.2720463e-13  5.27205e-13  4.24304e-13  1.02901e-13
3.567782216e+00  5.2909325e-13  5.29093e-13  4.20762e-13  1.08331e-13
3.585621127e+00  5.3134017e-13  5.31340e-13  4.17335e-13  1.14006e-13
3.603549233e+00  5.3347910e-13  5.33479e-13  4.13521e-13  1.19958e-13
3.621566979e+00  5.3613762e-13  5.36138e-13  4.09970e-13  1.26168e-13
3.639674814e+00  5.3861102e-13  5.38611e-13  4.05927e-13  1.32684e-13
3.657873188e+00  5.4127569e-13  5.41276e-13  4.01776e-13  1.39500e-13
3.676162554e+00  5.4422650e-13  5.44226e-13  3.97605e-13  1.46622e-13
3.694543367e+00  5.4739731e-13  5.47397e-13  3.93330e-13  1.54067e-13
3.713016084e+00  5.5093368e-13  5.50934e-13  3.89095e-13  1.61839e-13
3.731581164e+00  5.5448820e-13  5.54488e-13  3.84512e-13  1.69976e-13
3.750239070e+00  5.5841503e-13  5.58415e-13  3.79947e-13  1.78468e-13
3.768990265e+00  5.6287713e-13  5.62877e-13  3.75562e-13  1.87315e-13
3.787835216e+00  5.6748748e-13  5.67487e-13  3.70924e-13  1.96564e-13
3.806774393e+00  5.7239127e-13  5.72391e-13  3.66172e-13  2.06220e-13
3.825808265e+00  5.7770354e-13  5.77704e-13  3.61416e-13  2.16288e-13
3.844937306e+00  5.8351074e-13  5.83511e-13  3.56736e-13  2.26775e-13
3.864161992e+00  5.8968570e-13  5.89686e-13  3.51975e-13  2.37711e-13
3.883482802e+00  5.9617874e-13  5.96179e-13  3.47057e-13  2.49122e-13
3.902900216e+00  6.0308055e-13  6.03081e-13  3.42065e-13  2.61016e-13
3.922414717e+00  6.1058955e-13  6.10590e-13  3.37204e-13  2.73386e-13
3.942026791e+00  6.1860823e-13  6.18608e-13  3.32346e-13  2.86262e-13
3.961736925e+00  6.2711120e-13  6.27111e-13  3.27442e-13  2.99669e-13
3.981545610e+00  6.3599151e-13  6.35992e-13  3.22345e-13  3.13647e-13
4.001453338e+00  6.4544330e-13  6.45443e-13  3.17257e-13  3.28186e-13
4.021460604e+00  6.5566990e-13  6.55670e-13  3.12400e-13  3.43270e-13
4.041567907e+00  6.6647968e-13  6.66480e-13  3.07525e-13  3.58955e-13
4.061775747e+00  6.7801184e-13  6.78012e-13  3.02778e-13  3.75233e-13
4.082084626e+00  6.9026144e-13  6.90261e-13  2.98134e-13  3.92127e-13
4.102495049e+00  7.0318751e-13  7.03188e-13  2.93520e-13  4.09668e-13
4.123007524e+00  7.1675410e-13  7.16754e-13  2.88865e-13  4.27889e-13
4.143622562e+00  7.3123874e-13  7.31239e-13  2.84497e-13  4.46742e-13
4.164340674e+00  7.4632939e-13  7.46329e-13  2.79995e-13  4.66335e-13
4.185162378e+00  7.6224578e-13  7.62246e-13  2.75614e-13  4.86632e-13
4.206088190e+00  7.7895335e-13  7.78953e-13  2.71284e-13  5.07670e-13
4.227118631e+00  7.9676836e-13  7.96768e-13  2.67409e-13  5.29360e-13
4.248254224e+00  8.1499908e-13  8.14999e-13  2.63020e-13  5.51979e-13
4.269495495e+00  8.3424416e-13  8.34244e-13  2.58905e-13  5.75339e-13
4.290842972e+00  8.5439037e-13  8.54390e-13  2.54881e-13  5.99509e-13
4.312297187e+00  8.7545630e-13  8.75456e-13  2.50948e-13  6.24508e-13
4.333858673e+00  8.9741817e-13  8.97418e-13  2.47040e-13  6.50379e-13
4.355527967e+00  9.2040897e-13  9.20409e-13  2.43326e-13  6.77083e-13
4.377305606e+00  9.4444070e-13  9.44441e-13  2.39804e-13  7.04637e-13
4.399192134e+00  9.6941062e-13  9.69411e-13  2.36280e-13  7.33131e-13
4.421188095e+00  9.9530736e-13  9.95307e-13  2.32691e-13  7.62616e-13
4.443294036e+00  1.0222198e-12  1.02222e-12  2.29145e-13  7.93075e-13
4.465510506e+00  1.0501711e-12  1.05017e-12  2.25640e-13  8.24531e-13
4.487838058e+00  1.0789922e-12  1.07899e-12  2.21810e-13  8.57182e-13
4.510277249e+00  1.1087155e-12  1.10872e-12  2.17625e-13  8.91091e-13
4.532828635e+00  1.1394269e-12  1.13943e-12  2.13153e-13  9.26274e-13
4.555492778e+00  1.1707014e-12  1.17070e-12  2.07354e-13  9.63348e-13
4.578270242e+00  1.2027862e-12  1.20279e-12  2.00497e-13  1.00229e-12
4.601161593e+00  1.2360156e-12  1.23602e-12  1.93118e-13  1.04290e-12
4.624167401e+00  1.2701565e-12  1.27016e-12  1.84382e-13  1.08577e-12
4.647288238e+00  1.3056459e-12  1.30565e-12  1.75089e-13  1.13056e-12
4.670524679e+00  1.3427736e-12  1.34277e-12  1.65845e-13  1.17693e-12
4.693877303e+00  1.3815424e-12  1.38154e-12  1.56499e-13  1.22504e-12
4.717346689e+00  1.4227068e-12  1.42271e-12  1.49742e-13  1.27297e-12
4.740933423e+00  1.4659623e-12  1.46596e-12  1.45121e-13  1.32084e-12
4.764638090e+00  1.5107048e-12  1.51070e-12  1.40383e-13  1.37032e-12
4.788461280e+00  1.5567905e-12  1.55679e-12  1.34279e-13  1.42251e-12
4.812403587e+00  1.6044729e-12  1.60447e-12  1.27348e-13  1.47712e-12
4.836465604e+00  1.6540275e-12  1.65403e-12  1.21294e-13  1.53273e-12
4.860647933e+00  1.7054524e-12  1.70545e-12  1.17458e-13  1.58799e-12
4.884951172e+00  1.7585211e-12  1.75852e-12  1.14820e-13  1.64370e-12
4.909375928e+00  1.8131566e-12  1.81316e-12  1.12479e-13  1.70068e-12
4.933922808e+00  1.8693858e-12  1.86939e-12  1.10048e-13  1.75934e-12
4.958592422e+00  1.9272747e-12  1.92727e-12  1.07358e-13  1.81992e-12
4.983385384e+00  1.9868594e-12  1.98686e-12  1.04587e-13  1.88227e-12
5.008302311e+00  2.0481068e-12  2.04811e-12  1.02073e-13  1.94603e-12
5.033343822e+00  2.1111495e-12  2.11115e-12  9.93277e-14  2.01182e-12
5.058510541e+00  2.1762326e-12  2.17623e-12  9.58276e-14  2.08041e-12
5.083803094e+00  2.2433532e-12  2.24335e-12  9.19862e-14  2.15137e-12
5.109222110e+00  2.3122841e-12  2.31228e-12  8.85283e-14  2.22376e-12
5.134768220e+00  2.3830282e-12  2.38303e-12  8.53964e-14  2.29763e-12
5.160442061e+00  2.4552712e-12  2.45527e-12  8.31100e-14  2.37216e-12
5.186244272e+00  2.5281473e-12  2.52815e-12  8.28509e-14  2.44530e-12
5.212175493e+00  2.6018206e-12  2.60182e-12  8.38609e-14  2.51796e-12
5.238236370e+00  2.6770166e-12  2.67702e-12  8.48778e-14  2.59214e-12
5.264427552e+00  2.7534885e-12  2.75349e-12  8.62095e-14  2.66728e-12
5.290749690e+00  2.8308819e-12  2.83088e-12  8.81840e-14  2.74270e-12
5.317203438e+00  2.9093147e-12  2.90931e-12  9.05417e-14  2.81877e-12
5.343789456e+00  2.9905650e-12  2.99056e-12  9.15138e-14  2.89905e-12
5.370508403e+00  3.0758143e-12  3.07581e-12  9.03462e-14  2.98547e-12
5.397360945e+00  3.1640738e-12  3.16407e-12  8.82907e-14  3.07578e-12
5.424347750e+00  3.2539442e-12  3.25394e-12  8.66149e-14  3.16733e-12
5.451469488e+00  3.3446051e-12  3.34461e-12  8.58606e-14  3.25874e-12
5.478726836e+00  3.4360402e-12  3.43604e-12  8.58891e-14  3.35015e-12
5.506120470e+00  3.5297391e-12  3.52974e-12  8.56249e-14  3.44411e-12
5.533651072e+00  3.6269153e-12  3.62692e-12  8.43970e-14  3.54252e-12
5.561319328e+00  3.7290597e-12  3.72906e-12  8.15302e-14  3.64753e-12
5.589125924e+00  3.8342562e-12  3.83426e-12  7.83316e-14  3.75592e-12
5.617071554e+00  3.9404579e-12  3.94046e-12  7.59118e-14  3.86455e-12
5.645156912e+00  4.0457066e-12  4.04571e-12  7.51109e-14  3.97060e-12
5.673382696e+00  4.1522534e-12  4.15225e-12  7.46694e-14  4.07758e-12
5.701749610e+00  4.2608789e-12  4.26088e-12  7.42027e-14  4.18668e-12
5.730258358e+00  4.3732463e-12  4.37325e-12  7.30334e-14  4.30021e-12
5.758909650e+00  4.4887059e-12  4.48871e-12  7.15229e-14  4.41718e-12
5.787704198e+00  4.6052541e-12  4.60525e-12  7.04768e-14  4.53478e-12
5.816642719e+00  4.7222601e-12  4.72226e-12  7.00644e-14  4.65220e-12
5.845725932e+00  4.8421340e-12  4.84213e-12  6.93840e-14  4.77275e-12
5.874954562e+00  4.9654813e-12  4.96548e-12  6.82774e-14  4.89720e-12
5.904329335e+00  5.0941976e-12  5.09420e-12  6.62138e-14  5.02798e-12
5.933850982e+00  5.2291327e-12  5.22913e-12  6.30690e-14  5.16606e-12
5.963520237e+00  5.3672251e-12  5.36723e-12  5.98627e-14  5.30736e-12
5.993337838e+00  5.5042724e-12  5.50427e-12  5.77632e-14  5.44651e-12
6.023304527e+00  5.6406007e-12  5.64060e-12  5.65597e-14  5.58404e-12
6.053421050e+00  5.7777664e-12  5.77777e-12  5.57584e-14  5.72201e-12
6.083688155e+00  5.9188956e-12  5.91890e-12  5.45602e-14  5.86434e-12
6.114106596e+00  6.0634922e-12  6.06349e-12  5.31297e-14  6.01036e-12
6.144677129e+00  6.2114019e-12  6.21140e-12  5.15321e-14  6.15987e-12
6.175400514e+00  6.3608646e-12  6.36086e-12  5.01679e-14  6.31070e-12
6.206277517e+00  6.5109046e-12  6.51090e-12  4.92156e-14  6.46169e-12
6.237308904e+00  6.6608969e-12  6.66090e-12  4.87562e-14  6.61214e-12
6.268495449e+00  6.8124116e-12  6.81241e-12  4.84367e-14  6.76397e-12
6.299837926e+00  6.9658752e-12  6.96588e-12  4.81637e-14  6.91771e-12
6.331337116e+00  7.1193816e-12  7.11938e-12  4.82698e-14  7.07111e-12
6.362993801e+00  7.2719090e-12  7.27191e-12  4.88885e-14  7.22302e-12
6.394808770e+00  7.4259197e-12  7.42592e-12  4.95576e-14  7.37636e-12
6.426782814e+00  7.5832791e-12  7.58328e-12  4.99724e-14  7.53331e-12
6.458916728e+00  7.7469653e-12  7.74697e-12  4.96990e-14  7.69727e-12
6.491211312e+00  7.9126493e-12  7.91265e-12  4.94475e-14  7.86320e-12
6.523667368e+00  8.0854712e-12  8.08547e-12  4.84790e-14  8.03699e-12
6.556285705e+00  8.2624077e-12  8.26241e-12  4.72832e-14  8.21512e-12
6.589067134e+00  8.4423464e-12  8.44235e-12  4.60321e-14  8.39631e-12
6.622012469e+00  8.6221459e-12  8.62215e-12  4.51381e-14  8.57701e-12
6.655122532e+00  8.8016076e-12  8.80161e-12  4.45921e-14  8.75702e-12
6.688398144e+00  8.9841132e-12  8.98411e-12  4.39511e-14  8.94016e-12
6.721840135e+00  9.1706513e-12  9.17065e-12  4.31079e-14  9.12754e-12
6.755449336e+00  9.3618631e-12  9.36186e-12  4.20086e-14  9.31985e-12
6.789226583e+00  9.5558460e-12  9.55585e-12  4.08861e-14  9.51496e-12
6.823172715e+00  9.7524319e-12  9.75243e-12  3.97606e-14  9.71267e-12
6.857288579e+00  9.9504992e-12  9.95050e-12  3.87483e-14  9.91175e-12
6.891575022e+00  1.0153611e-11  1.01536e-11  3.74832e-14  1.01161e-11
6.926032897e+00  1.0357824e-11  1.03578e-11  3.63701e-14  1.03215e-11
6.960663062e+00  1.0561533e-11  1.05615e-11  3.55459e-14  1.05260e-11
6.995466377e+00  1.0767603e-11  1.07676e-11  3.47241e-14  1.07329e-11
7.030443709e+00  1.0977066e-11  1.09771e-11  3.38127e-14  1.09433e-11
7.065595927e+00  1.1187740e-11  1.11877e-11  3.30060e-14  1.11547e-11
7.100923907e+00  1.1401716e-11  1.14017e-11  3.21205e-14  1.13696e-11
7.136428526e+00  1.1619486e-11  1.16195e-11  3.11225e-14  1.15884e-11
7.172110669e+00  1.1838406e-11  1.18384e-11  3.02286e-14  1.18082e-11
7.207971222e+00  1.2062086e-11  1.20621e-11  2.91544e-14  1.20329e-11
7.244011079e+00  1.2287238e-11  1.22872e-11  2.81581e-14  1.22591e-11
7.280231134e+00  1.2516918e-11  1.25169e-11  2.70129e-14  1.24899e-11
7.316632290e+00  1.2751360e-11  1.27514e-11  2.57145e-14  1.27256e-11
7.353215451e+00  1.2987184e-11  1.29872e-11  2.45053e-14  1.29627e-11
7.389981528e+00  1.3223417e-11  1.32234e-11  2.34419e-14  1.32000e-11
7.426931436e+00  1.3460968e-11  1.34610e-11  2.24541e-14  1.34385e-11
7.464066093e+00  1.3699626e-11  1.36996e-11  2.15482e-14  1.36781e-11
7.501386424e+00  1.3941057e-11  1.39411e-11  2.06159e-14  1.39204e-11
7.538893356e+00  1.4181157e-11  1.41812e-11  1.99015e-14  1.41613e-11
7.576587822e+00  1.4425991e-11  1.44260e-11  1.90374e-14  1.44070e-11
7.614470762e+00  1.4673688e-11  1.46737e-11  1.81394e-14  1.46555e-11
7.652543115e+00  1.4923397e-11  1.49234e-11  1.72561e-14  1.49061e-11
7.690805831e+00  1.5174643e-11  1.51746e-11  1.64108e-14  1.51582e-11
7.729259860e+00  1.5428866e-11  1.54289e-11  1.55250e-14  1.54133e-11
7.767906159e+00  1.5687000e-11  1.56870e-11  1.45540e-14  1.56724e-11
7.806745690e+00  1.5945708e-11  1.59457e-11  1.36678e-14  1.59320e-11
7.845779419e+00  1.6204572e-11  1.62046e-11  1.28795e-14  1.61917e-11
7.885008316e+00  1.6466666e-11  1.64667e-11  1.20370e-14  1.64546e-11
7.924433357e+00  1.6731537e-11  1.67315e-11  1.11643e-14  1.67204e-11
7.964055524e+00  1.6996719e-11  1.69967e-11  1.03726e-14  1.69863e-11
8.003875802e+00  1.7265288e-11  1.72653e-11  9.52156e-15  1.72558e-11
8.043895181e+00  1.7534390e-11  1.75344e-11  8.73559e-15  1.75257e-11
8.084114657e+00  1.7808252e-11  1.78083e-11  7.83458e-15  1.78004e-11
8.124535230e+00  1.8084167e-11  1.80842e-11  6.93510e-15  1.80772e-11
8.165157906e+00  1.8358549e-11  1.83585e-11  6.17758e-15  1.83524e-11
8.205983696e+00  1.8632838e-11  1.86328e-11  5.49583e-15  1.86273e-11
8.247013614e+00  1.8908389e-11  1.89084e-11  4.83288e-15  1.89036e-11
8.288248682e+00  1.9185522e-11  1.91855e-11  4.17475e-15  1.91813e-11
8.329689926e+00  1.9464767e-11  1.94648e-11  3.50121e-15  1.94613e-11
8.371338375e+00  1.9742855e-11  1.97429e-11  2.92669e-15  1.97399e-11
8.413195067e+00  2.0014973e-11  2.00150e-11  2.60791e-15  2.00124e-11
8.455261042e+00  2.0277029e-11  2.02770e-11  2.66292e-15  2.02744e-11
8.497537348e+00  2.0508149e-11  2.05081e-11  3.74604e-15  2.05044e-11
8.540025034e+00  2.0661034e-11  2.06610e-11  7.29429e-15  2.06537e-11
8.582725160e+00  2.0681389e-11  2.06814e-11  1.48321e-14  2.06666e-11
8.625638785e+00  2.0547730e-11  2.05477e-11  2.67431e-14  2.05210e-11
8.668766979e+00  2.0274146e-11  2.02741e-11  4.23082e-14  2.02318e-11
8.712110814e+00  1.9916304e-11  1.99163e-11  5.96506e-14  1.98567e-11
8.755671368e+00  1.9725369e-11  1.97254e-11  7.14742e-14  1.96539e-11
8.799449725e+00  2.0080806e-11  2.00808e-11  6.75313e-14  2.00133e-11
8.843446974e+00  2.0153302e-11  2.01533e-11  7.14670e-14  2.00818e-11
8.887664209e+00  2.0048161e-11  2.00482e-11  7.99651e-14  1.99682e-11
8.932102530e+00  2.0178293e-11  2.01783e-11  8.19321e-14  2.00964e-11
8.976763042e+00  2.0251310e-11  2.02513e-11  8.52566e-14  2.01661e-11
9.021646857e+00  2.0265661e-11  2.02657e-11  8.98890e-14  2.01758e-11
9.066755092e+00  2.0355674e-11  2.03557e-11  9.24466e-14  2.02632e-11
9.112088867e+00  2.0529862e-11  2.05299e-11  9.28481e-14  2.04370e-11
9.157649312e+00  2.0744471e-11  2.07445e-11  9.22528e-14  2.06522e-11
9.203437558e+00  2.0963355e-11  2.09634e-11  9.15535e-14  2.08718e-11
9.249454746e+00  2.1161980e-11  2.11620e-11  9.13098e-14  2.10707e-11
9.295702020e+00  2.1331161e-11  2.13312e-11  9.16969e-14  2.12395e-11
9.342180530e+00  2.1456803e-11  2.14568e-11  9.29815e-14  2.13638e-11
9.388891432e+00  2.1520937e-11  2.15209e-11  9.54904e-14  2.14254e-11
9.435835890e+00  2.1591386e-11  2.15914e-11  9.77354e-14  2.14937e-11
9.483015069e+00  2.1667136e-11  2.16671e-11  9.97497e-14  2.15674e-11
9.530430144e+00  2.1857802e-11  2.18578e-11  9.93483e-14  2.17585e-11
9.578082295e+00  2.2280985e-11  2.22810e-11  9.43595e-14  2.21866e-11
9.625972707e+00  2.2920997e-11  2.29210e-11  8.53500e-14  2.28356e-11
9.674102570e+00  2.3697220e-11  2.36972e-11  7.40767e-14  2.36231e-11
9.722473083e+00  2.4348957e-11  2.43490e-11  6.55060e-14  2.42835e-11
9.771085448e+00  2.4981609e-11  2.49816e-11  5.75751e-14  2.49240e-11
9.819940876e+00  2.5579237e-11  2.55792e-11  5.05374e-14  2.55287e-11
9.869040580e+00  2.5933976e-11  2.59340e-11  4.79866e-14  2.58860e-11
9.918385783e+00  2.6054318e-11  2.60543e-11  4.95308e-14  2.60048e-11
9.967977712e+00  2.5883063e-11  2.58831e-11  5.59090e-14  2.58272e-11
1.001781760e+01  2.5746322e-11  2.57463e-11  6.14543e-14  2.56849e-11
1.006790669e+01  2.5682112e-11  2.56821e-11  6.55891e-14  2.56165e-11
1.011824622e+01  2.5609091e-11  2.56091e-11  6.96840e-14  2.55394e-11
1.016883745e+01  2.5575700e-11  2.55757e-11  7.29785e-14  2.55027e-11
1.021968164e+01  2.5363951e-11  2.53640e-11  7.88677e-14  2.52851e-11
1.027078005e+01  2.5243132e-11  2.52431e-11  8.31388e-14  2.51600e-11
1.032213395e+01  2.5637259e-11  2.56373e-11  7.95755e-14  2.55577e-11
1.037374462e+01  2.6092876e-11  2.60929e-11  7.52036e-14  2.60177e-11
1.042561334e+01  2.6195610e-11  2.61956e-11  7.60083e-14  2.61196e-11
1.047774141e+01  2.6434745e-11  2.64347e-11  7.48284e-14  2.63599e-11
1.053013012e+01  2.6974551e-11  2.69746e-11  6.94907e-14  2.69051e-11
1.058278077e+01  2.7563878e-11  2.75639e-11  6.36267e-14  2.75003e-11
1.063569467e+01  2.8040871e-11  2.80409e-11  5.94311e-14  2.79814e-11
1.068887314e+01  2.8378181e-11  2.83782e-11  5.71816e-14  2.83210e-11
1.074231751e+01  2.8733590e-11  2.87336e-11  5.47415e-14  2.86788e-11
1.079602910e+01  2.9169404e-11  2.91694e-11  5.13285e-14  2.91181e-11
1.085000924e+01  2.9833974e-11  2.98340e-11  4.51366e-14  2.97888e-11
1.090425929e+01  3.0522564e-11  3.05226e-11  3.88223e-14  3.04837e-11
1.095878058e+01  3.1053856e-11  3.10539e-11  3.45882e-14  3.10193e-11
1.101357449e+01  3.1462093e-11  3.14621e-11  3.19276e-14  3.14302e-11
1.106864236e+01  3.1630405e-11  3.16304e-11  3.21344e-14  3.15983e-11
1.112398557e+01  3.1348537e-11  3.13485e-11  3.74937e-14  3.13110e-11
1.117960550e+01  3.0783417e-11  3.07834e-11  4.58655e-14  3.07376e-11
1.123550353e+01  3.0465935e-11  3.04659e-11  5.11802e-14  3.04148e-11
1.129168104e+01  3.0420107e-11  3.04201e-11  5.33144e-14  3.03668e-11
1.134813945e+01  3.0642602e-11  3.06426e-11  5.24509e-14  3.05902e-11
1.140488015e+01  3.1028699e-11  3.10287e-11  4.98426e-14  3.09789e-11
1.146190455e+01  3.1423921e-11  3.14239e-11  4.71891e-14  3.13767e-11
1.151921407e+01  3.1832646e-11  3.18326e-11  4.44479e-14  3.17882e-11
1.157681014e+01  3.2311177e-11  3.23112e-11  4.10520e-14  3.22701e-11
1.163469419e+01  3.2783198e-11  3.27832e-11  3.77954e-14  3.27454e-11
1.169286766e+01  3.3207340e-11  3.32073e-11  3.50804e-14  3.31723e-11
1.175133200e+01  3.3613071e-11  3.36131e-11  3.25978e-14  3.35805e-11
1.181008866e+01  3.4008094e-11  3.40081e-11  3.02641e-14  3.39778e-11
1.186913910e+01  3.4353282e-11  3.43533e-11  2.84421e-14  3.43248e-11
1.192848480e+01  3.4642912e-11  3.46429e-11  2.71629e-14  3.46157e-11
1.198812722e+01  3.4917214e-11  3.49172e-11  2.60351e-14  3.48912e-11
1.204806786e+01  3.5177796e-11  3.51778e-11  2.50379e-14  3.51528e-11
1.210830820e+01  3.5410055e-11  3.54101e-11  2.42955e-14  3.53858e-11
1.216884974e+01  3.5647744e-11  3.56477e-11  2.35016e-14  3.56242e-11
1.222969399e+01  3.5902773e-11  3.59028e-11  2.25556e-14  3.58802e-11
1.229084246e+01  3.6156578e-11  3.61566e-11  2.16221e-14  3.61350e-11
1.235229667e+01  3.6391006e-11  3.63910e-11  2.08527e-14  3.63702e-11
1.241405815e+01  3.6613902e-11  3.66139e-11  2.01760e-14  3.65937e-11
1.247612845e+01  3.6839885e-11  3.68399e-11  1.94689e-14  3.68204e-11
1.253850909e+01  3.7068597e-11  3.70686e-11  1.87355e-14  3.70499e-11
1.260120163e+01  3.7290254e-11  3.72903e-11  1.80546e-14  3.72722e-11
1.266420764e+01  3.7513824e-11  3.75138e-11  1.73541e-14  3.74965e-11
1.272752868e+01  3.7721904e-11  3.77219e-11  1.67689e-14  3.77051e-11
1.279116632e+01  3.7931390e-11  3.79314e-11  1.61660e-14  3.79152e-11
1.285512215e+01  3.8134713e-11  3.81347e-11  1.56028e-14  3.81191e-11
1.291939776e+01  3.8337806e-11  3.83378e-11  1.50340e-14  3.83228e-11
1.298399475e+01  3.8554745e-11  3.85547e-11  1.43568e-14  3.85404e-11
1.304891473e+01  3.8772359e-11  3.87724e-11  1.36706e-14  3.87587e-11
1.311415930e+01  3.8962689e-11  3.89627e-11  1.31750e-14  3.89495e-11
1.317973010e+01  3.9136414e-11  3.91364e-11  1.27876e-14  3.91236e-11
1.324562875e+01  3.9314175e-11  3.93142e-11  1.23610e-14  3.93018e-11
1.331185689e+01  3.9505027e-11  3.95050e-11  1.18347e-14  3.94932e-11
1.337841618e+01  3.9707464e-11  3.97075e-11  1.12227e-14  3.96962e-11
1.344530826e+01  3.9845746e-11  3.98457e-11  1.10340e-14  3.98347e-11
1.351253480e+01  4.0004449e-11  4.00044e-11  1.06952e-14  3.99938e-11
1.358009747e+01  4.0199954e-11  4.02000e-11  1.01053e-14  4.01898e-11
1.364799796e+01  4.0333575e-11  4.03336e-11  9.90805e-15  4.03237e-11
1.371623795e+01  4.0376389e-11  4.03764e-11  1.02727e-14  4.03661e-11
1.378481914e+01  4.0408400e-11  4.04084e-11  1.06767e-14  4.03977e-11
1.385374323e+01  4.0516840e-11  4.05168e-11  1.05783e-14  4.05063e-11
1.392301195e+01  4.0691425e-11  4.06914e-11  1.00584e-14  4.06814e-11
1.399262701e+01  4.0873628e-11  4.08736e-11  9.48610e-15  4.08641e-11
1.406259015e+01  4.1033903e-11  4.10339e-11  9.03999e-15  4.10249e-11
1.413290310e+01  4.1193707e-11  4.11937e-11  8.58894e-15  4.11851e-11
1.420356761e+01  4.1330942e-11  4.13309e-11  8.26212e-15  4.13227e-11
1.427458545e+01  4.1439916e-11  4.14399e-11  8.08802e-15  4.14318e-11
1.434595838e+01  4.1479889e-11  4.14799e-11  8.29344e-15  4.14716e-11
1.441768817e+01  4.1378981e-11  4.13790e-11  9.26993e-15  4.13697e-11
1.448977661e+01  4.1227233e-11  4.12272e-11  1.04896e-14  4.12167e-11
1.456222549e+01  4.1268412e-11  4.12684e-11  1.06028e-14  4.12578e-11
1.463503662e+01  4.1473577e-11  4.14736e-11  9.80448e-15  4.14638e-11
1.470821180e+01  4.1788472e-11  4.17885e-11  8.41747e-15  4.17801e-11
1.478175286e+01  4.2040012e-11  4.20400e-11  7.38204e-15  4.20326e-11
1.485566163e+01  4.2195814e-11  4.21958e-11  6.85692e-15  4.21890e-11
1.492993994e+01  4.2345973e-11  4.23460e-11  6.35686e-15  4.23396e-11
1.500458964e+01  4.2550803e-11  4.25508e-11  5.57105e-15  4.25452e-11
1.507961258e+01  4.2728378e-11  4.27284e-11  4.92561e-15  4.27235e-11
1.515501065e+01  4.2850705e-11  4.28507e-11  4.55689e-15  4.28461e-11
1.523078570e+01  4.2843003e-11  4.28430e-11  4.82805e-15  4.28382e-11
1.530693963e+01  4.2541516e-11  4.25415e-11  6.52440e-15  4.25350e-11
1.538347433e+01  4.2231478e-11  4.22315e-11  8.21143e-15  4.22233e-11
1.546039170e+01  4.1926079e-11  4.19261e-11  9.82570e-15  4.19163e-11
1.553769366e+01  4.1701205e-11  4.17012e-11  1.10077e-14  4.16902e-11
1.561538212e+01  4.1734765e-11  4.17348e-11  1.09318e-14  4.17238e-11
1.569345903e+01  4.1904676e-11  4.19047e-11  1.02072e-14  4.18945e-11
1.577192633e+01  4.2140591e-11  4.21406e-11  9.17890e-15  4.21314e-11
1.585078596e+01  4.2248352e-11  4.22484e-11  8.74387e-15  4.22396e-11
1.593003989e+01  4.2329277e-11  4.23293e-11  8.42574e-15  4.23209e-11
1.600969009e+01  4.2382874e-11  4.23829e-11  8.22323e-15  4.23747e-11
1.608973854e+01  4.2382671e-11  4.23827e-11  8.25026e-15  4.23744e-11
1.617018723e+01  4.2177864e-11  4.21779e-11  9.16163e-15  4.21687e-11
1.625103817e+01  4.1855929e-11  4.18559e-11  1.05509e-14  4.18454e-11
1.633229336e+01  4.1250042e-11  4.12500e-11  1.31211e-14  4.12369e-11
1.641395483e+01  4.0480459e-11  4.04805e-11  1.63253e-14  4.04641e-11
1.649602460e+01  3.9805830e-11  3.98058e-11  1.90539e-14  3.97868e-11
1.657850473e+01  3.9058176e-11  3.90582e-11  2.20220e-14  3.90362e-11
1.666139725e+01  3.8740982e-11  3.87410e-11  2.31408e-14  3.87178e-11
1.674470424e+01  3.8493739e-11  3.84937e-11  2.39396e-14  3.84698e-11
1.682842776e+01  3.8394694e-11  3.83947e-11  2.41103e-14  3.83706e-11
1.691256990e+01  3.8345416e-11  3.83454e-11  2.40663e-14  3.83213e-11
1.699713274e+01  3.8335769e-11  3.83358e-11  2.38539e-14  3.83119e-11
1.708211841e+01  3.8280551e-11  3.82806e-11  2.38139e-14  3.82567e-11
1.716752900e+01  3.8229683e-11  3.82297e-11  2.37466e-14  3.82059e-11
1.725336665e+01  3.8160239e-11  3.81602e-11  2.37415e-14  3.81365e-11
1.733963348e+01  3.8059465e-11  3.80595e-11  2.38458e-14  3.80356e-11
1.742633165e+01  3.7969313e-11  3.79693e-11  2.38974e-14  3.79454e-11
1.751346330e+01  3.7869084e-11  3.78691e-11  2.39756e-14  3.78451e-11
1.760103062e+01  3.7805073e-11  3.78051e-11  2.39072e-14  3.77812e-11
1.768903577e+01  3.7852976e-11  3.78530e-11  2.34165e-14  3.78296e-11
1.777748095e+01  3.7983122e-11  3.79831e-11  2.26237e-14  3.79605e-11
1.786636836e+01  3.7983409e-11  3.79834e-11  2.23066e-14  3.79611e-11
1.795570020e+01  3.7741193e-11  3.77412e-11  2.28580e-14  3.77183e-11
1.804547870e+01  3.7360672e-11  3.73607e-11  2.38836e-14  3.73368e-11
1.813570609e+01  3.6961564e-11  3.69616e-11  2.49479e-14  3.69366e-11
1.822638462e+01  3.6750844e-11  3.67508e-11  2.53247e-14  3.67255e-11
1.831751655e+01  3.6585748e-11  3.65857e-11  2.55276e-14  3.65602e-11
1.840910413e+01  3.6583398e-11  3.65834e-11  2.51580e-14  3.65582e-11
1.850114965e+01  3.6743300e-11  3.67433e-11  2.42321e-14  3.67191e-11
1.859365540e+01  3.7018652e-11  3.70187e-11  2.29227e-14  3.69957e-11
1.868662368e+01  3.7242510e-11  3.72425e-11  2.18000e-14  3.72207e-11
1.878005679e+01  3.7381937e-11  3.73819e-11  2.09691e-14  3.73610e-11
1.887395708e+01  3.7533754e-11  3.75338e-11  2.01034e-14  3.75137e-11
1.896832686e+01  3.7536799e-11  3.75368e-11  1.97314e-14  3.75171e-11
1.906316850e+01  3.7132815e-11  3.71328e-11  2.06798e-14  3.71121e-11
1.915848434e+01  3.6250837e-11  3.62508e-11  2.31448e-14  3.62277e-11
1.925427676e+01  3.5530334e-11  3.55303e-11  2.50469e-14  3.55053e-11
1.935054815e+01  3.4924080e-11  3.49241e-11  2.65491e-14  3.48975e-11
1.944730089e+01  3.4684189e-11  3.46842e-11  2.68686e-14  3.46573e-11
1.954453739e+01  3.4653620e-11  3.46536e-11  2.65233e-14  3.46271e-11
1.964226008e+01  3.4685308e-11  3.46853e-11  2.59842e-14  3.46593e-11
1.974047138e+01  3.4783649e-11  3.47836e-11  2.52424e-14  3.47584e-11
1.983917374e+01  3.4903339e-11  3.49033e-11  2.44407e-14  3.48789e-11
1.993836960e+01  3.5072011e-11  3.50720e-11  2.34971e-14  3.50485e-11
2.003806145e+01  3.5237352e-11  3.52374e-11  2.25719e-14  3.52148e-11
2.013825176e+01  3.5443609e-11  3.54436e-11  2.15332e-14  3.54221e-11
2.023894302e+01  3.5662482e-11  3.56625e-11  2.04671e-14  3.56420e-11
2.034013773e+01  3.5920984e-11  3.59210e-11  1.92953e-14  3.59017e-11
2.044183842e+01  3.6265353e-11  3.62654e-11  1.78859e-14  3.62475e-11
2.054404761e+01  3.6568813e-11  3.65688e-11  1.66101e-14  3.65522e-11
2.064676785e+01  3.6897688e-11  3.68977e-11  1.52752e-14  3.68824e-11
2.075000169e+01  3.7196301e-11  3.71963e-11  1.40409e-14  3.71823e-11
2.085375170e+01  3.7496245e-11  3.74962e-11  1.28159e-14  3.74834e-11
2.095802046e+01  3.7728880e-11  3.77289e-11  1.17925e-14  3.77171e-11
2.106281056e+01  3.7956383e-11  3.79564e-11  1.07933e-14  3.79456e-11
2.116812461e+01  3.8105505e-11  3.81055e-11  1.00204e-14  3.80955e-11
2.127396524e+01  3.8025676e-11  3.80257e-11  9.88176e-15  3.80158e-11
2.138033506e+01  3.7778234e-11  3.77782e-11  1.01970e-14  3.77680e-11
2.148723674e+01  3.7524325e-11  3.75243e-11  1.05208e-14  3.75138e-11
2.159467292e+01  3.7276397e-11  3.72764e-11  1.08198e-14  3.72656e-11
2.170264629e+01  3.7002388e-11  3.70024e-11  1.11799e-14  3.69912e-11
2.181115952e+01  3.6656653e-11  3.66567e-11  1.17208e-14  3.66449e-11
2.192021532e+01  3.6254939e-11  3.62549e-11  1.23973e-14  3.62425e-11
2.202981639e+01  3.5882117e-11  3.58821e-11  1.29853e-14  3.58691e-11
2.213996547e+01  3.5534748e-11  3.55347e-11  1.34954e-14  3.55213e-11
2.225066530e+01  3.5287218e-11  3.52872e-11  1.37378e-14  3.52735e-11
2.236191863e+01  3.5100726e-11  3.51007e-11  1.38171e-14  3.50869e-11
2.247372822e+01  3.5011419e-11  3.50114e-11  1.36449e-14  3.49978e-11
2.258609686e+01  3.5057800e-11  3.50578e-11  1.31292e-14  3.50447e-11
2.269902735e+01  3.5171777e-11  3.51718e-11  1.24474e-14  3.51593e-11
2.281252248e+01  3.5329963e-11  3.53300e-11  1.16613e-14  3.53183e-11
2.292658510e+01  3.5447967e-11  3.54480e-11  1.09817e-14  3.54370e-11
2.304121802e+01  3.5610225e-11  3.56102e-11  1.01990e-14  3.56000e-11
2.315642411e+01  3.5759752e-11  3.57598e-11  9.45463e-15  3.57503e-11
2.327220623e+01  3.5853689e-11  3.58537e-11  8.85176e-15  3.58448e-11
2.338856726e+01  3.5879202e-11  3.58792e-11  8.41873e-15  3.58708e-11
2.350551010e+01  3.5812294e-11  3.58123e-11  8.20987e-15  3.58041e-11
2.362303765e+01  3.5740107e-11  3.57401e-11  8.01354e-15  3.57321e-11
2.374115284e+01  3.5701968e-11  3.57020e-11  7.73652e-15  3.56942e-11
2.385985860e+01  3.5664983e-11  3.56650e-11  7.45772e-15  3.56575e-11
2.397915789e+01  3.5602496e-11  3.56025e-11  7.23950e-15  3.55953e-11
2.409905368e+01  3.5536707e-11  3.55367e-11  7.02927e-15  3.55297e-11
2.421954895e+01  3.5449634e-11  3.54496e-11  6.86842e-15  3.54428e-11
2.434064670e+01  3.5303693e-11  3.53037e-11  6.84232e-15  3.52969e-11
2.446234993e+01  3.5060333e-11  3.50603e-11  7.03648e-15  3.50533e-11
2.458466168e+01  3.4894315e-11  3.48943e-11  7.05093e-15  3.48873e-11
2.470758499e+01  3.4870541e-11  3.48705e-11  6.74274e-15  3.48638e-11
2.483112291e+01  3.4814297e-11  3.48143e-11  6.50896e-15  3.48078e-11
2.495527853e+01  3.4608591e-11  3.46086e-11  6.60875e-15  3.46020e-11
