# ------------------------------------------------------------------------
# Radiance spectrum
# NASA-GSFC Planetary Spectrum Generator (PSG) (Villanueva et al. 2018, 2022)
# Synthesized on Wed Feb 14 20:28:46 2024
# Doppler velocities [km/s] (vobs,vrot+vorb,vwidth,vrfl,vstr): 0.00000,-0.00000,0.00000,-119.41115,-0.00000
# Spectral unit: Wavelength [um]
# Radiance unit: Spectral irradiance [W/m2/um]
# Wave/freq Total Object Reflected Thermal
5.000000000e-01  6.4035996e-13  6.40360e-13  6.40360e-13  1.88452e-46
5.025000000e-01  6.4678797e-13  6.46788e-13  6.46788e-13  2.97320e-46
5.050125000e-01  6.5320226e-13  6.53202e-13  6.53202e-13  4.67983e-46
5.075375625e-01  6.5960159e-13  6.59602e-13  6.59602e-13  7.34891e-46
5.100752503e-01  6.6598471e-13  6.65985e-13  6.65985e-13  1.15135e-45
5.126256266e-01  6.7235040e-13  6.72350e-13  6.72350e-13  1.79966e-45
5.151887547e-01  6.7869741e-13  6.78697e-13  6.78697e-13  2.80658e-45
5.177646985e-01  6.8502454e-13  6.85025e-13  6.85025e-13  4.36687e-45
5.203535220e-01  6.9133056e-13  6.91331e-13  6.91331e-13  6.77917e-45
5.229552896e-01  6.9761425e-13  6.97614e-13  6.97614e-13  1.05002e-44
5.255700660e-01  7.0387441e-13  7.03874e-13  7.03874e-13  1.62272e-44
5.281979164e-01  7.1010985e-13  7.10110e-13  7.10110e-13  2.50217e-44
5.308389059e-01  7.1631938e-13  7.16319e-13  7.16319e-13  3.84966e-44
5.334931005e-01  7.2250180e-13  7.22502e-13  7.22502e-13  5.90967e-44
5.361605660e-01  7.2865596e-13  7.28656e-13  7.28656e-13  9.05204e-44
5.388413688e-01  7.3478069e-13  7.34781e-13  7.34781e-13  1.38349e-43
5.415355756e-01  7.4087483e-13  7.40875e-13  7.40875e-13  2.10987e-43
5.442432535e-01  7.4693723e-13  7.46937e-13  7.46937e-13  3.21065e-43
5.469644698e-01  7.5296678e-13  7.52967e-13  7.52967e-13  4.87517e-43
5.496992921e-01  7.5896234e-13  7.58962e-13  7.58962e-13  7.38672e-43
5.524477886e-01  7.6492280e-13  7.64923e-13  7.64923e-13  1.11682e-42
5.552100275e-01  7.7084707e-13  7.70847e-13  7.70847e-13  1.68496e-42
5.579860777e-01  7.7673405e-13  7.76734e-13  7.76734e-13  2.53673e-42
5.607760081e-01  7.8258267e-13  7.82583e-13  7.82583e-13  3.81105e-42
5.635798881e-01  7.8839188e-13  7.88392e-13  7.88392e-13  5.71349e-42
5.663977875e-01  7.9416061e-13  7.94161e-13  7.94161e-13  8.54774e-42
5.692297765e-01  7.9988784e-13  7.99888e-13  7.99888e-13  1.27614e-41
5.720759254e-01  8.0557254e-13  8.05573e-13  8.05573e-13  1.90129e-41
5.749363050e-01  8.1121371e-13  8.11214e-13  8.11214e-13  2.82685e-41
5.778109865e-01  8.1681035e-13  8.16810e-13  8.16810e-13  4.19439e-41
5.807000414e-01  8.2236148e-13  8.22361e-13  8.22361e-13  6.21084e-41
5.836035417e-01  8.2786614e-13  8.27866e-13  8.27866e-13  9.17806e-41
5.865215594e-01  8.3332338e-13  8.33323e-13  8.33323e-13  1.35355e-40
5.894541672e-01  8.3873228e-13  8.38732e-13  8.38732e-13  1.99218e-40
5.924014380e-01  8.4409190e-13  8.44092e-13  8.44092e-13  2.92626e-40
5.953634452e-01  8.4940136e-13  8.49401e-13  8.49401e-13  4.28979e-40
5.983402624e-01  8.5465977e-13  8.54660e-13  8.54660e-13  6.27624e-40
6.013319637e-01  8.5986625e-13  8.59866e-13  8.59866e-13  9.16449e-40
6.043386235e-01  8.6501996e-13  8.65020e-13  8.65020e-13  1.33557e-39
6.073603167e-01  8.7012007e-13  8.70120e-13  8.70120e-13  1.94258e-39
6.103971182e-01  8.7516576e-13  8.75166e-13  8.75166e-13  2.82001e-39
6.134491038e-01  8.8015622e-13  8.80156e-13  8.80156e-13  4.08586e-39
6.165163494e-01  8.8509068e-13  8.85091e-13  8.85091e-13  5.90857e-39
6.195989311e-01  8.8996838e-13  8.89968e-13  8.89968e-13  8.52811e-39
6.226969258e-01  8.9478855e-13  8.94789e-13  8.94789e-13  1.22856e-38
6.258104104e-01  8.9955049e-13  8.99550e-13  8.99550e-13  1.76653e-38
6.289394624e-01  9.0425347e-13  9.04253e-13  9.04253e-13  2.53530e-38
6.320841597e-01  9.0889681e-13  9.08897e-13  9.08897e-13  3.63180e-38
6.352445805e-01  9.1347983e-13  9.13480e-13  9.13480e-13  5.19287e-38
6.384208035e-01  9.1800187e-13  9.18002e-13  9.18002e-13  7.41118e-38
6.416129075e-01  9.2246231e-13  9.22462e-13  9.22462e-13  1.05576e-37
6.448209720e-01  9.2686052e-13  9.26861e-13  9.26861e-13  1.50124e-37
6.480450769e-01  9.3119590e-13  9.31196e-13  9.31196e-13  2.13078e-37
6.512853022e-01  9.3546787e-13  9.35468e-13  9.35468e-13  3.01883e-37
6.545417288e-01  9.3967588e-13  9.39676e-13  9.39676e-13  4.26927e-37
6.578144374e-01  9.4381937e-13  9.43819e-13  9.43819e-13  6.02682e-37
6.611035096e-01  9.4789783e-13  9.47898e-13  9.47898e-13  8.49269e-37
6.644090271e-01  9.5191076e-13  9.51911e-13  9.51911e-13  1.19462e-36
6.677310723e-01  9.5585765e-13  9.55858e-13  9.55858e-13  1.67742e-36
6.710697276e-01  9.5973806e-13  9.59738e-13  9.59738e-13  2.35121e-36
6.744250763e-01  9.6355153e-13  9.63552e-13  9.63552e-13  3.28986e-36
6.777972017e-01  9.6729763e-13  9.67298e-13  9.67298e-13  4.59521e-36
6.811861877e-01  9.7097596e-13  9.70976e-13  9.70976e-13  6.40736e-36
6.845921186e-01  9.7458612e-13  9.74586e-13  9.74586e-13  8.91871e-36
6.880150792e-01  9.7812774e-13  9.78128e-13  9.78128e-13  1.23931e-35
6.914551546e-01  9.8160048e-13  9.81600e-13  9.81600e-13  1.71914e-35
6.949124304e-01  9.8500399e-13  9.85004e-13  9.85004e-13  2.38070e-35
6.983869925e-01  9.8833796e-13  9.88338e-13  9.88338e-13  3.29127e-35
7.018789275e-01  9.9160210e-13  9.91602e-13  9.91602e-13  4.54243e-35
7.053883221e-01  9.9479612e-13  9.94796e-13  9.94796e-13  6.25873e-35
7.089152637e-01  9.9791977e-13  9.97920e-13  9.97920e-13  8.60911e-35
7.124598400e-01  1.0009728e-12  1.00097e-12  1.00097e-12  1.18225e-34
7.160221392e-01  1.0039550e-12  1.00396e-12  1.00396e-12  1.62085e-34
7.196022499e-01  1.0068662e-12  1.00687e-12  1.00687e-12  2.21852e-34
7.232002612e-01  1.0097061e-12  1.00971e-12  1.00971e-12  3.03160e-34
7.268162625e-01  1.0124747e-12  1.01247e-12  1.01247e-12  4.13593e-34
7.304503438e-01  1.0151717e-12  1.01517e-12  1.01517e-12  5.63342e-34
7.341025955e-01  1.0177970e-12  1.01780e-12  1.01780e-12  7.66073e-34
7.377731085e-01  1.0203506e-12  1.02035e-12  1.02035e-12  1.04009e-33
7.414619740e-01  1.0228323e-12  1.02283e-12  1.02283e-12  1.40988e-33
7.451692839e-01  1.0252420e-12  1.02524e-12  1.02524e-12  1.90810e-33
7.488951303e-01  1.0275797e-12  1.02758e-12  1.02758e-12  2.57830e-33
7.526396060e-01  1.0298453e-12  1.02985e-12  1.02985e-12  3.47844e-33
7.564028040e-01  1.0320388e-12  1.03204e-12  1.03204e-12  4.68549e-33
7.601848180e-01  1.0341602e-12  1.03416e-12  1.03416e-12  6.30159e-33
7.639857421e-01  1.0362095e-12  1.03621e-12  1.03621e-12  8.46199e-33
7.678056708e-01  1.0381868e-12  1.03819e-12  1.03819e-12  1.13456e-32
7.716446992e-01  1.0400919e-12  1.04009e-12  1.04009e-12  1.51884e-32
7.755029227e-01  1.0419251e-12  1.04193e-12  1.04193e-12  2.03020e-32
7.793804373e-01  1.0436864e-12  1.04369e-12  1.04369e-12  2.70959e-32
7.832773395e-01  1.0453758e-12  1.04538e-12  1.04538e-12  3.61088e-32
7.871937262e-01  1.0469936e-12  1.04699e-12  1.04699e-12  4.80473e-32
7.911296948e-01  1.0485396e-12  1.04854e-12  1.04854e-12  6.38376e-32
7.950853433e-01  1.0500143e-12  1.05001e-12  1.05001e-12  8.46910e-32
7.990607700e-01  1.0514175e-12  1.05142e-12  1.05142e-12  1.12190e-31
8.030560739e-01  1.0527496e-12  1.05275e-12  1.05275e-12  1.48400e-31
8.070713542e-01  1.0540107e-12  1.05401e-12  1.05401e-12  1.96008e-31
8.111067110e-01  1.0552010e-12  1.05520e-12  1.05520e-12  2.58512e-31
8.151622446e-01  1.0563206e-12  1.05632e-12  1.05632e-12  3.40454e-31
8.192380558e-01  1.0573699e-12  1.05737e-12  1.05737e-12  4.47722e-31
8.233342461e-01  1.0583490e-12  1.05835e-12  1.05835e-12  5.87942e-31
8.274509173e-01  1.0592581e-12  1.05926e-12  1.05926e-12  7.70973e-31
8.315881719e-01  1.0600977e-12  1.06010e-12  1.06010e-12  1.00955e-30
8.357461127e-01  1.0608678e-12  1.06087e-12  1.06087e-12  1.32007e-30
8.399248433e-01  1.0615688e-12  1.06157e-12  1.06157e-12  1.72369e-30
8.441244675e-01  1.0622010e-12  1.06220e-12  1.06220e-12  2.24755e-30
8.483450899e-01  1.0627647e-12  1.06276e-12  1.06276e-12  2.92655e-30
8.525868153e-01  1.0632601e-12  1.06326e-12  1.06326e-12  3.80538e-30
8.568497494e-01  1.0636878e-12  1.06369e-12  1.06369e-12  4.94131e-30
8.611339981e-01  1.0640479e-12  1.06405e-12  1.06405e-12  6.40750e-30
8.654396681e-01  1.0643408e-12  1.06434e-12  1.06434e-12  8.29739e-30
8.697668665e-01  1.0645669e-12  1.06457e-12  1.06457e-12  1.07301e-29
8.741157008e-01  1.0647266e-12  1.06473e-12  1.06473e-12  1.38573e-29
8.784862793e-01  1.0648203e-12  1.06482e-12  1.06482e-12  1.78717e-29
8.828787107e-01  1.0648483e-12  1.06485e-12  1.06485e-12  2.30183e-29
8.872931042e-01  1.0648110e-12  1.06481e-12  1.06481e-12  2.96075e-29
8.917295698e-01  1.0647089e-12  1.06471e-12  1.06471e-12  3.80324e-29
8.961882176e-01  1.0645425e-12  1.06454e-12  1.06454e-12  4.87902e-29
9.006691587e-01  1.0643120e-12  1.06431e-12  1.06431e-12  6.25087e-29
9.051725045e-01  1.0640180e-12  1.06402e-12  1.06402e-12  7.99799e-29
9.096983670e-01  1.0636609e-12  1.06366e-12  1.06366e-12  1.02201e-28
9.142468589e-01  1.0632412e-12  1.06324e-12  1.06324e-12  1.30428e-28
9.188180931e-01  1.0627594e-12  1.06276e-12  1.06276e-12  1.66235e-28
9.234121836e-01  1.0622158e-12  1.06222e-12  1.06222e-12  2.11603e-28
9.280292445e-01  1.0616111e-12  1.06161e-12  1.06161e-12  2.69008e-28
9.326693908e-01  1.0609457e-12  1.06095e-12  1.06095e-12  3.41553e-28
9.373327377e-01  1.0602200e-12  1.06022e-12  1.06022e-12  4.33115e-28
9.420194014e-01  1.0594347e-12  1.05943e-12  1.05943e-12  5.48532e-28
9.467294984e-01  1.0585901e-12  1.05859e-12  1.05859e-12  6.93839e-28
9.514631459e-01  1.0576869e-12  1.05769e-12  1.05769e-12  8.76546e-28
9.562204616e-01  1.0567256e-12  1.05673e-12  1.05673e-12  1.10600e-27
9.610015639e-01  1.0557066e-12  1.05571e-12  1.05571e-12  1.39379e-27
9.658065718e-01  1.0546306e-12  1.05463e-12  1.05463e-12  1.75433e-27
9.706356046e-01  1.0534980e-12  1.05350e-12  1.05350e-12  2.20543e-27
9.754887826e-01  1.0523094e-12  1.05231e-12  1.05231e-12  2.76917e-27
9.803662265e-01  1.0510654e-12  1.05107e-12  1.05107e-12  3.47281e-27
9.852680577e-01  1.0497665e-12  1.04977e-12  1.04977e-12  4.35002e-27
9.901943980e-01  1.0484133e-12  1.04841e-12  1.04841e-12  5.44231e-27
9.951453700e-01  1.0470063e-12  1.04701e-12  1.04701e-12  6.80077e-27
1.000121097e+00  1.0455462e-12  1.04555e-12  1.04555e-12  8.48827e-27
1.005121702e+00  1.0440335e-12  1.04403e-12  1.04403e-12  1.05820e-26
1.010147311e+00  1.0424687e-12  1.04247e-12  1.04247e-12  1.31768e-26
1.015198047e+00  1.0408525e-12  1.04085e-12  1.04085e-12  1.63888e-26
1.020274038e+00  1.0391855e-12  1.03919e-12  1.03919e-12  2.03600e-26
1.025375408e+00  1.0374682e-12  1.03747e-12  1.03747e-12  2.52643e-26
1.030502285e+00  1.0357012e-12  1.03570e-12  1.03570e-12  3.13141e-26
1.035654796e+00  1.0338852e-12  1.03389e-12  1.03389e-12  3.87681e-26
1.040833070e+00  1.0320207e-12  1.03202e-12  1.03202e-12  4.79421e-26
1.046037236e+00  1.0301083e-12  1.03011e-12  1.03011e-12  5.92199e-26
1.051267422e+00  1.0281487e-12  1.02815e-12  1.02815e-12  7.30683e-26
1.056523759e+00  1.0261424e-12  1.02614e-12  1.02614e-12  9.00543e-26
1.061806378e+00  1.0240900e-12  1.02409e-12  1.02409e-12  1.10865e-25
1.067115410e+00  1.0219922e-12  1.02199e-12  1.02199e-12  1.36335e-25
1.072450987e+00  1.0198496e-12  1.01985e-12  1.01985e-12  1.67470e-25
1.077813242e+00  1.0176627e-12  1.01766e-12  1.01766e-12  2.05490e-25
1.083202308e+00  1.0154322e-12  1.01543e-12  1.01543e-12  2.51867e-25
1.088618319e+00  1.0131587e-12  1.01316e-12  1.01316e-12  3.08374e-25
1.094061411e+00  1.0108429e-12  1.01084e-12  1.01084e-12  3.77152e-25
1.099531718e+00  1.0084853e-12  1.00849e-12  1.00849e-12  4.60773e-25
1.105029377e+00  1.0060865e-12  1.00609e-12  1.00609e-12  5.62331e-25
1.110554523e+00  1.0036472e-12  1.00365e-12  1.00365e-12  6.85544e-25
1.116107296e+00  1.0011680e-12  1.00117e-12  1.00117e-12  8.34868e-25
1.121687832e+00  9.9864948e-13  9.98649e-13  9.98649e-13  1.01565e-24
1.127296272e+00  9.9609229e-13  9.96092e-13  9.96092e-13  1.23427e-24
1.132932753e+00  9.9349702e-13  9.93497e-13  9.93497e-13  1.49839e-24
1.138597417e+00  9.9086431e-13  9.90864e-13  9.90864e-13  1.81714e-24
1.144290404e+00  9.8819476e-13  9.88195e-13  9.88195e-13  2.20142e-24
1.150011856e+00  9.8548899e-13  9.85489e-13  9.85489e-13  2.66423e-24
1.155761915e+00  9.8274761e-13  9.82748e-13  9.82748e-13  3.22103e-24
1.161540725e+00  9.7997124e-13  9.79971e-13  9.79971e-13  3.89023e-24
1.167348428e+00  9.7716048e-13  9.77160e-13  9.77160e-13  4.69371e-24
1.173185171e+00  9.7431595e-13  9.74316e-13  9.74316e-13  5.65742e-24
1.179051096e+00  9.7143825e-13  9.71438e-13  9.71438e-13  6.81216e-24
1.184946352e+00  9.6852799e-13  9.68528e-13  9.68528e-13  8.19442e-24
1.190871084e+00  9.6558578e-13  9.65586e-13  9.65586e-13  9.84736e-24
1.196825439e+00  9.6261221e-13  9.62612e-13  9.62612e-13  1.18220e-23
1.202809566e+00  9.5960790e-13  9.59608e-13  9.59608e-13  1.41787e-23
1.208823614e+00  9.5657344e-13  9.56573e-13  9.56573e-13  1.69886e-23
1.214867732e+00  9.5350943e-13  9.53509e-13  9.53509e-13  2.03355e-23
1.220942071e+00  9.5041646e-13  9.50416e-13  9.50416e-13  2.43181e-23
1.227046781e+00  9.4729512e-13  9.47295e-13  9.47295e-13  2.90527e-23
1.233182015e+00  9.4414602e-13  9.44146e-13  9.44146e-13  3.46759e-23
1.239347925e+00  9.4096972e-13  9.40970e-13  9.40970e-13  4.13479e-23
1.245544665e+00  9.3776683e-13  9.37767e-13  9.37767e-13  4.92569e-23
1.251772388e+00  9.3453791e-13  9.34538e-13  9.34538e-13  5.86233e-23
1.258031250e+00  9.3128356e-13  9.31284e-13  9.31284e-13  6.97051e-23
1.264321406e+00  9.2800434e-13  9.28004e-13  9.28004e-13  8.28042e-23
1.270643013e+00  9.2470083e-13  9.24701e-13  9.24701e-13  9.82734e-23
1.276996228e+00  9.2137361e-13  9.21374e-13  9.21374e-13  1.16525e-22
1.283381209e+00  9.1802323e-13  9.18023e-13  9.18023e-13  1.38038e-22
1.289798116e+00  9.1465026e-13  9.14650e-13  9.14650e-13  1.63373e-22
1.296247106e+00  9.1125526e-13  9.11255e-13  9.11255e-13  1.93182e-22
1.302728342e+00  9.0783880e-13  9.07839e-13  9.07839e-13  2.28222e-22
1.309241983e+00  9.0440141e-13  9.04401e-13  9.04401e-13  2.69375e-22
1.315788193e+00  9.0094366e-13  9.00944e-13  9.00944e-13  3.17662e-22
1.322367134e+00  8.9746608e-13  8.97466e-13  8.97466e-13  3.74271e-22
1.328978970e+00  8.9396922e-13  8.93969e-13  8.93969e-13  4.40574e-22
1.335623865e+00  8.9045362e-13  8.90454e-13  8.90454e-13  5.18164e-22
1.342301984e+00  8.8691982e-13  8.86920e-13  8.86920e-13  6.08882e-22
1.349013494e+00  8.8336834e-13  8.83368e-13  8.83368e-13  7.14855e-22
1.355758561e+00  8.7979971e-13  8.79800e-13  8.79800e-13  8.38540e-22
1.362537354e+00  8.7621445e-13  8.76214e-13  8.76214e-13  9.82771e-22
1.369350041e+00  8.7261309e-13  8.72613e-13  8.72613e-13  1.15082e-21
1.376196791e+00  8.6899613e-13  8.68996e-13  8.68996e-13  1.34644e-21
1.383077775e+00  8.6536409e-13  8.65364e-13  8.65364e-13  1.57396e-21
1.389993164e+00  8.6171747e-13  8.61717e-13  8.61717e-13  1.83837e-21
1.396943130e+00  8.5805678e-13  8.58057e-13  8.58057e-13  2.14538e-21
1.403927846e+00  8.5438252e-13  8.54383e-13  8.54383e-13  2.50155e-21
1.410947485e+00  8.5069516e-13  8.50695e-13  8.50695e-13  2.91440e-21
1.418002222e+00  8.4699522e-13  8.46995e-13  8.46995e-13  3.39256e-21
1.425092233e+00  8.4328316e-13  8.43283e-13  8.43283e-13  3.94590e-21
1.432217694e+00  8.2948239e-13  8.29482e-13  8.29482e-13  4.59080e-21
1.439378783e+00  8.1802229e-13  8.18022e-13  8.18022e-13  5.33538e-21
1.446575677e+00  8.0123597e-13  8.01236e-13  8.01236e-13  6.19935e-21
1.453808555e+00  7.8952921e-13  7.89529e-13  7.89529e-13  7.19336e-21
1.461077598e+00  7.8157373e-13  7.81574e-13  7.81574e-13  8.33654e-21
1.468382986e+00  7.6862692e-13  7.68627e-13  7.68627e-13  9.65908e-21
1.475724901e+00  7.5768091e-13  7.57681e-13  7.57681e-13  1.11800e-20
1.483103525e+00  7.4842255e-13  7.48423e-13  7.48423e-13  1.29277e-20
1.490519043e+00  7.3778177e-13  7.37782e-13  7.37782e-13  1.49392e-20
1.497971638e+00  7.2758048e-13  7.27580e-13  7.27580e-13  1.72493e-20
1.505461496e+00  7.2224831e-13  7.22248e-13  7.22248e-13  1.98899e-20
1.512988804e+00  7.1317211e-13  7.13172e-13  7.13172e-13  2.29268e-20
1.520553748e+00  7.0582645e-13  7.05826e-13  7.05826e-13  2.64016e-20
1.528156517e+00  6.9925748e-13  6.99257e-13  6.99257e-13  3.03770e-20
1.535797299e+00  6.9160386e-13  6.91604e-13  6.91604e-13  3.49285e-20
1.543476286e+00  6.8619772e-13  6.86198e-13  6.86198e-13  4.01208e-20
1.551193667e+00  6.7989106e-13  6.79891e-13  6.79891e-13  4.60548e-20
1.558949636e+00  6.7588947e-13  6.75889e-13  6.75889e-13  5.28121e-20
1.566744384e+00  6.6744492e-13  6.67445e-13  6.67445e-13  6.05471e-20
1.574578106e+00  6.6302063e-13  6.63021e-13  6.63021e-13  6.93300e-20
1.582450996e+00  6.5950291e-13  6.59503e-13  6.59503e-13  7.93189e-20
1.590363251e+00  6.5392921e-13  6.53929e-13  6.53929e-13  9.07021e-20
1.598315067e+00  6.4775391e-13  6.47754e-13  6.47754e-13  1.03650e-19
1.606306643e+00  6.4240228e-13  6.42402e-13  6.42402e-13  1.18348e-19
1.614338176e+00  6.3812638e-13  6.38126e-13  6.38126e-13  1.35013e-19
1.622409867e+00  6.3403463e-13  6.34035e-13  6.34034e-13  1.53909e-19
1.630521916e+00  6.2899237e-13  6.28992e-13  6.28992e-13  1.75343e-19
1.638674526e+00  6.2630721e-13  6.26307e-13  6.26307e-13  1.99561e-19
1.646867898e+00  6.2240905e-13  6.22409e-13  6.22409e-13  2.26994e-19
1.655102238e+00  6.1646005e-13  6.16460e-13  6.16460e-13  2.58080e-19
1.663377749e+00  6.1352430e-13  6.13524e-13  6.13524e-13  2.93105e-19
1.671694638e+00  6.0846531e-13  6.08465e-13  6.08465e-13  3.32736e-19
1.680053111e+00  6.0561988e-13  6.05620e-13  6.05620e-13  3.77355e-19
1.688453377e+00  6.0260343e-13  6.02603e-13  6.02603e-13  4.27667e-19
1.696895643e+00  5.9933552e-13  5.99336e-13  5.99335e-13  4.84365e-19
1.705380122e+00  5.9640147e-13  5.96401e-13  5.96401e-13  5.48174e-19
1.713907022e+00  5.9272306e-13  5.92723e-13  5.92722e-13  6.20023e-19
1.722476557e+00  5.8954412e-13  5.89544e-13  5.89543e-13  7.00761e-19
1.731088940e+00  5.8734653e-13  5.87347e-13  5.87346e-13  7.91369e-19
1.739744385e+00  5.8343530e-13  5.83435e-13  5.83434e-13  8.93288e-19
1.748443107e+00  5.8066465e-13  5.80665e-13  5.80664e-13  1.00750e-18
1.757185322e+00  5.7797226e-13  5.77972e-13  5.77971e-13  1.13553e-18
1.765971249e+00  5.7471844e-13  5.74718e-13  5.74717e-13  1.27908e-18
1.774801105e+00  5.7273844e-13  5.72738e-13  5.72737e-13  1.43956e-18
1.783675111e+00  5.6901192e-13  5.69012e-13  5.69010e-13  1.61949e-18
1.792593486e+00  5.6647220e-13  5.66472e-13  5.66470e-13  1.82041e-18
1.801556454e+00  5.6408503e-13  5.64085e-13  5.64083e-13  2.04487e-18
1.810564236e+00  5.6107224e-13  5.61072e-13  5.61070e-13  2.29571e-18
1.819617057e+00  5.5937290e-13  5.59373e-13  5.59370e-13  2.57516e-18
1.828715142e+00  5.5628077e-13  5.56281e-13  5.56278e-13  2.88732e-18
1.837858718e+00  5.5395465e-13  5.53955e-13  5.53951e-13  3.23490e-18
1.847048012e+00  5.5154775e-13  5.51548e-13  5.51544e-13  3.62203e-18
1.856283252e+00  5.4966436e-13  5.49664e-13  5.49660e-13  4.05260e-18
1.865564668e+00  5.4664772e-13  5.46648e-13  5.46643e-13  4.53222e-18
1.874892491e+00  5.4400704e-13  5.44007e-13  5.44002e-13  5.06512e-18
1.884266954e+00  5.4136585e-13  5.41366e-13  5.41360e-13  5.65713e-18
1.893688289e+00  5.4026923e-13  5.40269e-13  5.40263e-13  6.31296e-18
1.903156730e+00  5.3710654e-13  5.37107e-13  5.37099e-13  7.04256e-18
1.912672514e+00  5.3489507e-13  5.34895e-13  5.34887e-13  7.85053e-18
1.922235876e+00  5.3340117e-13  5.33401e-13  5.33392e-13  8.74486e-18
1.931847056e+00  5.3081671e-13  5.30817e-13  5.30807e-13  9.73669e-18
1.941506291e+00  5.2866043e-13  5.28660e-13  5.28650e-13  1.08337e-17
1.951213822e+00  5.2600252e-13  5.26003e-13  5.25990e-13  1.20479e-17
1.960969892e+00  5.2419185e-13  5.24192e-13  5.24178e-13  1.33884e-17
1.970774741e+00  5.2174162e-13  5.21742e-13  5.21727e-13  1.48705e-17
1.980628615e+00  5.1998680e-13  5.19987e-13  5.19970e-13  1.65051e-17
1.990531758e+00  5.1753059e-13  5.17531e-13  5.17512e-13  1.83105e-17
2.000484417e+00  5.1514266e-13  5.15143e-13  5.15122e-13  2.03010e-17
2.010486839e+00  5.1357372e-13  5.13574e-13  5.13551e-13  2.24919e-17
2.020539273e+00  5.1111066e-13  5.11111e-13  5.11086e-13  2.49080e-17
2.030641969e+00  5.0912019e-13  5.09120e-13  5.09093e-13  2.75656e-17
2.040795179e+00  5.0759359e-13  5.07594e-13  5.07563e-13  3.04867e-17
2.050999155e+00  5.0525598e-13  5.05256e-13  5.05222e-13  3.37022e-17
2.061254151e+00  5.0351347e-13  5.03513e-13  5.03476e-13  3.72320e-17
2.071560421e+00  5.0057832e-13  5.00578e-13  5.00537e-13  4.11159e-17
2.081918224e+00  4.9882710e-13  4.98827e-13  4.98782e-13  4.53704e-17
2.092327815e+00  4.9661340e-13  4.96613e-13  4.96563e-13  5.00406e-17
2.102789454e+00  4.9446255e-13  4.94463e-13  4.94407e-13  5.51598e-17
2.113303401e+00  4.9218117e-13  4.92181e-13  4.92120e-13  6.07701e-17
2.123869918e+00  4.9021797e-13  4.90218e-13  4.90151e-13  6.69100e-17
2.134489268e+00  4.8793396e-13  4.87934e-13  4.87860e-13  7.36335e-17
2.145161714e+00  4.8539847e-13  4.85398e-13  4.85317e-13  8.09914e-17
2.155887523e+00  4.8367878e-13  4.83679e-13  4.83590e-13  8.90231e-17
2.166666960e+00  4.8114534e-13  4.81145e-13  4.81048e-13  9.78116e-17
2.177500295e+00  4.7892425e-13  4.78924e-13  4.78817e-13  1.07404e-16
2.188387796e+00  4.7688711e-13  4.76887e-13  4.76769e-13  1.17869e-16
2.199329735e+00  4.7442201e-13  4.74422e-13  4.74293e-13  1.29294e-16
2.210326384e+00  4.7232351e-13  4.72324e-13  4.72182e-13  1.41741e-16
2.221378016e+00  4.6962386e-13  4.69624e-13  4.69469e-13  1.55321e-16
2.232484906e+00  4.6740897e-13  4.67409e-13  4.67239e-13  1.70096e-16
2.243647331e+00  4.6489928e-13  4.64899e-13  4.64713e-13  1.86189e-16
2.254865567e+00  4.6204213e-13  4.62042e-13  4.61838e-13  2.03712e-16
2.266139895e+00  4.5966331e-13  4.59663e-13  4.59441e-13  2.22747e-16
2.277470595e+00  4.5688264e-13  4.56883e-13  4.56639e-13  2.43453e-16
2.288857948e+00  4.5440067e-13  4.54401e-13  4.54135e-13  2.65933e-16
2.300302237e+00  4.5192539e-13  4.51925e-13  4.51635e-13  2.90338e-16
2.311803748e+00  4.4922951e-13  4.49230e-13  4.48913e-13  3.16835e-16
2.323362767e+00  4.4648747e-13  4.46487e-13  4.46142e-13  3.45577e-16
2.334979581e+00  4.4386906e-13  4.43869e-13  4.43492e-13  3.76728e-16
2.346654479e+00  4.4131654e-13  4.41317e-13  4.40906e-13  4.10475e-16
2.358387751e+00  4.3860762e-13  4.38608e-13  4.38161e-13  4.47036e-16
2.370179690e+00  4.3624082e-13  4.36241e-13  4.35754e-13  4.86578e-16
2.382030589e+00  4.3377287e-13  4.33773e-13  4.33244e-13  5.29367e-16
2.393940742e+00  4.3131483e-13  4.31315e-13  4.30739e-13  5.75633e-16
2.405910445e+00  4.2865170e-13  4.28652e-13  4.28026e-13  6.25663e-16
2.417939997e+00  4.2600220e-13  4.26002e-13  4.25322e-13  6.79709e-16
2.430029697e+00  4.2363218e-13  4.23632e-13  4.22894e-13  7.38023e-16
2.442179846e+00  4.2095652e-13  4.20957e-13  4.20156e-13  8.01004e-16
2.454390745e+00  4.1819170e-13  4.18192e-13  4.17323e-13  8.68960e-16
2.466662699e+00  4.1591220e-13  4.15912e-13  4.14970e-13  9.42137e-16
2.478996012e+00  4.1317941e-13  4.13179e-13  4.12158e-13  1.02109e-15
2.491390992e+00  4.1077249e-13  4.10772e-13  4.09666e-13  1.10606e-15
2.503847947e+00  4.0822737e-13  4.08227e-13  4.07030e-13  1.19757e-15
2.516367187e+00  4.0585100e-13  4.05851e-13  4.04555e-13  1.29601e-15
2.528949023e+00  4.0328950e-13  4.03290e-13  4.01888e-13  1.40194e-15
2.541593768e+00  4.0089644e-13  4.00896e-13  3.99381e-13  1.51577e-15
2.554301737e+00  3.9832300e-13  3.98323e-13  3.96685e-13  1.63816e-15
2.567073246e+00  3.9591779e-13  3.95918e-13  3.94148e-13  1.76956e-15
2.579908612e+00  3.9323955e-13  3.93240e-13  3.91329e-13  1.91074e-15
2.592808155e+00  3.9087606e-13  3.90876e-13  3.88814e-13  2.06211e-15
2.605772196e+00  3.8805298e-13  3.88053e-13  3.85828e-13  2.22471e-15
2.618801057e+00  3.8549700e-13  3.85497e-13  3.83098e-13  2.39891e-15
2.631895062e+00  3.8301429e-13  3.83014e-13  3.80429e-13  2.58556e-15
2.645054537e+00  3.8060463e-13  3.80605e-13  3.77819e-13  2.78546e-15
2.658279810e+00  3.7836120e-13  3.78361e-13  3.75362e-13  2.99938e-15
2.671571209e+00  3.7757894e-13  3.77579e-13  3.74352e-13  3.22721e-15
2.684929065e+00  3.7546815e-13  3.75468e-13  3.71996e-13  3.47191e-15
2.698353710e+00  3.7269850e-13  3.72699e-13  3.68964e-13  3.73414e-15
2.711845479e+00  3.6992058e-13  3.69921e-13  3.65906e-13  4.01446e-15
2.725404706e+00  3.6691160e-13  3.66912e-13  3.62597e-13  4.31424e-15
2.739031730e+00  3.6394654e-13  3.63947e-13  3.59312e-13  4.63440e-15
2.752726889e+00  3.6076073e-13  3.60761e-13  3.55784e-13  4.97650e-15
2.766490523e+00  3.5788906e-13  3.57889e-13  3.52548e-13  5.34123e-15
2.780322976e+00  3.5484677e-13  3.54847e-13  3.49116e-13  5.73055e-15
2.794224591e+00  3.5211665e-13  3.52117e-13  3.45971e-13  6.14525e-15
2.808195713e+00  3.4965126e-13  3.49651e-13  3.43064e-13  6.58683e-15
2.822236692e+00  3.4714854e-13  3.47149e-13  3.40091e-13  7.05733e-15
2.836347875e+00  3.4465441e-13  3.44654e-13  3.37096e-13  7.55837e-15
2.850529615e+00  3.4233962e-13  3.42340e-13  3.34248e-13  8.09135e-15
2.864782263e+00  3.4020304e-13  3.40203e-13  3.31545e-13  8.65807e-15
2.879106174e+00  3.3799536e-13  3.37995e-13  3.28734e-13  9.26096e-15
2.893501705e+00  3.3580355e-13  3.35804e-13  3.25902e-13  9.90190e-15
2.907969214e+00  3.3363060e-13  3.33631e-13  3.23048e-13  1.05830e-14
2.922509060e+00  3.3160092e-13  3.31601e-13  3.20295e-13  1.13061e-14
2.937121605e+00  3.2959450e-13  3.29595e-13  3.17521e-13  1.20739e-14
2.951807213e+00  3.2777387e-13  3.27774e-13  3.14886e-13  1.28883e-14
2.966566249e+00  3.2586219e-13  3.25862e-13  3.12109e-13  1.37527e-14
2.981399080e+00  3.2414009e-13  3.24140e-13  3.09471e-13  1.46688e-14
2.996306076e+00  3.2249083e-13  3.22491e-13  3.06851e-13  1.56397e-14
3.011287606e+00  3.2103296e-13  3.21033e-13  3.04365e-13  1.66678e-14
3.026344044e+00  3.1953704e-13  3.19537e-13  3.01780e-13  1.77571e-14
3.041475764e+00  3.1812279e-13  3.18123e-13  2.99213e-13  1.89102e-14
3.056683143e+00  3.1671810e-13  3.16718e-13  2.96587e-13  2.01309e-14
3.071966559e+00  3.1544018e-13  3.15440e-13  2.94018e-13  2.14219e-14
3.087326392e+00  3.1425455e-13  3.14255e-13  2.91468e-13  2.27869e-14
3.102763024e+00  3.1323831e-13  3.13238e-13  2.89009e-13  2.42291e-14
3.118276839e+00  3.1217476e-13  3.12175e-13  2.86421e-13  2.57540e-14
3.133868223e+00  3.1132444e-13  3.11324e-13  2.83961e-13  2.73636e-14
3.149537564e+00  3.1050950e-13  3.10509e-13  2.81446e-13  2.90635e-14
3.165285252e+00  3.0984262e-13  3.09843e-13  2.78985e-13  3.08572e-14
3.181111678e+00  3.0939783e-13  3.09398e-13  2.76650e-13  3.27483e-14
3.197017237e+00  3.0889740e-13  3.08897e-13  2.74153e-13  3.47443e-14
3.213002323e+00  3.0862779e-13  3.08628e-13  2.71781e-13  3.68472e-14
3.229067334e+00  3.0835078e-13  3.08351e-13  2.69286e-13  3.90648e-14
3.245212671e+00  3.0838159e-13  3.08382e-13  2.66983e-13  4.13985e-14
3.261438734e+00  3.0855227e-13  3.08552e-13  2.64697e-13  4.38557e-14
3.277745928e+00  3.0880140e-13  3.08801e-13  2.62358e-13  4.64429e-14
3.294134658e+00  3.0923598e-13  3.09236e-13  2.60071e-13  4.91646e-14
3.310605331e+00  3.0976241e-13  3.09762e-13  2.57734e-13  5.20284e-14
3.327158358e+00  3.1048633e-13  3.10486e-13  2.55448e-13  5.50387e-14
3.343794149e+00  3.1138091e-13  3.11381e-13  2.53178e-13  5.82027e-14
3.360513120e+00  3.1264469e-13  3.12645e-13  2.51122e-13  6.15229e-14
3.377315686e+00  3.1383530e-13  3.13835e-13  2.48820e-13  6.50153e-14
3.394202264e+00  3.1521809e-13  3.15218e-13  2.46536e-13  6.86820e-14
3.411173276e+00  3.1673808e-13  3.16738e-13  2.44206e-13  7.25319e-14
3.428229142e+00  3.1865103e-13  3.18651e-13  2.42085e-13  7.65663e-14
3.445370288e+00  3.2083727e-13  3.20837e-13  2.40042e-13  8.07955e-14
3.462597139e+00  3.2318207e-13  3.23182e-13  2.37951e-13  8.52310e-14
3.479910125e+00  3.2566548e-13  3.25665e-13  2.35783e-13  8.98824e-14
3.497309675e+00  3.2838755e-13  3.28388e-13  2.33632e-13  9.47556e-14
3.514796224e+00  3.3144495e-13  3.31445e-13  2.31589e-13  9.98562e-14
3.532370205e+00  3.3481496e-13  3.34815e-13  2.29621e-13  1.05194e-13
3.550032056e+00  3.3844754e-13  3.38448e-13  2.27668e-13  1.10780e-13
3.567782216e+00  3.4223849e-13  3.42238e-13  2.25610e-13  1.16629e-13
3.585621127e+00  3.4634184e-13  3.46342e-13  2.23597e-13  1.22745e-13
3.603549233e+00  3.5073891e-13  3.50739e-13  2.21600e-13  1.29139e-13
3.621566979e+00  3.5552255e-13  3.55523e-13  2.19705e-13  1.35817e-13
3.639674814e+00  3.6051021e-13  3.60510e-13  2.17709e-13  1.42801e-13
3.657873188e+00  3.6585094e-13  3.65851e-13  2.15757e-13  1.50093e-13
3.676162554e+00  3.7155500e-13  3.71555e-13  2.13849e-13  1.57706e-13
3.694543367e+00  3.7760666e-13  3.77607e-13  2.11955e-13  1.65652e-13
3.713016084e+00  3.8404363e-13  3.84044e-13  2.10104e-13  1.73940e-13
3.731581164e+00  3.9080013e-13  3.90800e-13  2.08211e-13  1.82589e-13
3.750239070e+00  3.9794105e-13  3.97941e-13  2.06333e-13  1.91608e-13
3.768990265e+00  4.0545408e-13  4.05454e-13  2.04442e-13  2.01012e-13
3.787835216e+00  4.1335314e-13  4.13353e-13  2.02540e-13  2.10813e-13
3.806774393e+00  4.2170116e-13  4.21701e-13  2.00680e-13  2.21021e-13
3.825808265e+00  4.3053474e-13  4.30535e-13  1.98887e-13  2.31647e-13
3.844937306e+00  4.3984207e-13  4.39842e-13  1.97135e-13  2.42707e-13
3.864161992e+00  4.4954303e-13  4.49543e-13  1.95318e-13  2.54225e-13
3.883482802e+00  4.5974708e-13  4.59747e-13  1.93542e-13  2.66205e-13
3.902900216e+00  4.7044536e-13  4.70445e-13  1.91780e-13  2.78666e-13
3.922414717e+00  4.8163068e-13  4.81631e-13  1.90006e-13  2.91624e-13
3.942026791e+00  4.9334144e-13  4.93341e-13  1.88247e-13  3.05094e-13
3.961736925e+00  5.0563651e-13  5.05637e-13  1.86552e-13  3.19084e-13
3.981545610e+00  5.1850854e-13  5.18509e-13  1.84896e-13  3.33613e-13
4.001453338e+00  5.3193105e-13  5.31931e-13  1.83227e-13  3.48704e-13
4.021460604e+00  5.4592174e-13  5.45922e-13  1.81548e-13  3.64374e-13
4.041567907e+00  5.6053884e-13  5.60539e-13  1.79906e-13  3.80633e-13
4.061775747e+00  5.7577873e-13  5.75779e-13  1.78277e-13  3.97502e-13
4.082084626e+00  5.9167821e-13  5.91678e-13  1.76685e-13  4.14993e-13
4.102495049e+00  6.0821605e-13  6.08216e-13  1.75082e-13  4.33134e-13
4.123007524e+00  6.2543004e-13  6.25430e-13  1.73492e-13  4.51938e-13
4.143622562e+00  6.4335668e-13  6.43357e-13  1.71938e-13  4.71418e-13
4.164340674e+00  6.6197794e-13  6.61978e-13  1.70374e-13  4.91604e-13
4.185162378e+00  6.8136590e-13  6.81366e-13  1.68867e-13  5.12499e-13
4.206088190e+00  7.0158786e-13  7.01588e-13  1.67486e-13  5.34102e-13
4.227118631e+00  7.2257455e-13  7.22575e-13  1.66114e-13  5.56460e-13
4.248254224e+00  7.4421744e-13  7.44217e-13  1.64574e-13  5.79643e-13
4.269495495e+00  7.6664045e-13  7.66640e-13  1.63003e-13  6.03638e-13
4.290842972e+00  7.8989678e-13  7.89897e-13  1.61445e-13  6.28452e-13
4.312297187e+00  8.1397767e-13  8.13978e-13  1.59856e-13  6.54121e-13
4.333858673e+00  8.3894930e-13  8.38949e-13  1.58304e-13  6.80646e-13
4.355527967e+00  8.6476274e-13  8.64763e-13  1.56679e-13  7.08084e-13
4.377305606e+00  8.9151123e-13  8.91511e-13  1.55090e-13  7.36421e-13
4.399192134e+00  9.1918942e-13  9.19189e-13  1.53495e-13  7.65695e-13
4.421188095e+00  9.4784509e-13  9.47845e-13  1.51934e-13  7.95911e-13
4.443294036e+00  9.7747529e-13  9.77475e-13  1.50368e-13  8.27107e-13
4.465510506e+00  1.0081598e-12  1.00816e-12  1.48898e-13  8.59262e-13
4.487838058e+00  1.0398186e-12  1.03982e-12  1.47339e-13  8.92480e-13
4.510277249e+00  1.0725126e-12  1.07251e-12  1.45754e-13  9.26759e-13
4.532828635e+00  1.1063256e-12  1.10633e-12  1.44264e-13  9.62061e-13
4.555492778e+00  1.1412195e-12  1.14122e-12  1.42749e-13  9.98471e-13
4.578270242e+00  1.1772125e-12  1.17721e-12  1.41188e-13  1.03602e-12
4.601161593e+00  1.2143645e-12  1.21436e-12  1.39662e-13  1.07470e-12
4.624167401e+00  1.2526753e-12  1.25268e-12  1.38113e-13  1.11456e-12
4.647288238e+00  1.2921922e-12  1.29219e-12  1.36597e-13  1.15560e-12
4.670524679e+00  1.3329248e-12  1.33292e-12  1.35077e-13  1.19785e-12
4.693877303e+00  1.3748827e-12  1.37488e-12  1.33497e-13  1.24139e-12
4.717346689e+00  1.4181357e-12  1.41814e-12  1.32008e-13  1.28613e-12
4.740933423e+00  1.4626877e-12  1.46269e-12  1.30551e-13  1.33214e-12
4.764638090e+00  1.5085503e-12  1.50855e-12  1.29073e-13  1.37948e-12
4.788461280e+00  1.5557600e-12  1.55576e-12  1.27627e-13  1.42813e-12
4.812403587e+00  1.6043390e-12  1.60434e-12  1.26213e-13  1.47813e-12
4.836465604e+00  1.6543006e-12  1.65430e-12  1.24724e-13  1.52958e-12
4.860647933e+00  1.7056875e-12  1.70569e-12  1.23357e-13  1.58233e-12
4.884951172e+00  1.7585109e-12  1.75851e-12  1.21985e-13  1.63653e-12
4.909375928e+00  1.8127979e-12  1.81280e-12  1.20593e-13  1.69221e-12
4.933922808e+00  1.8685709e-12  1.86857e-12  1.19248e-13  1.74932e-12
4.958592422e+00  1.9258676e-12  1.92587e-12  1.17815e-13  1.80805e-12
4.983385384e+00  1.9847230e-12  1.98472e-12  1.16311e-13  1.86841e-12
5.008302311e+00  2.0451537e-12  2.04515e-12  1.14824e-13  1.93033e-12
5.033343822e+00  2.1071885e-12  2.10719e-12  1.13336e-13  1.99385e-12
5.058510541e+00  2.1708652e-12  2.17087e-12  1.11815e-13  2.05905e-12
5.083803094e+00  2.2362024e-12  2.23620e-12  1.10295e-13  2.12591e-12
5.109222110e+00  2.3032340e-12  2.30323e-12  1.08759e-13  2.19447e-12
5.134768220e+00  2.3719646e-12  2.37196e-12  1.07257e-13  2.26471e-12
5.160442061e+00  2.4424606e-12  2.44246e-12  1.05708e-13  2.33675e-12
5.186244272e+00  2.5146667e-12  2.51467e-12  1.04256e-13  2.41041e-12
5.212175493e+00  2.5886687e-12  2.58867e-12  1.02790e-13  2.48588e-12
5.238236370e+00  2.6644953e-12  2.66450e-12  1.01309e-13  2.56319e-12
5.264427552e+00  2.7420981e-12  2.74210e-12  9.99068e-14  2.64219e-12
5.290749690e+00  2.8215710e-12  2.82157e-12  9.84903e-14  2.72308e-12
5.317203438e+00  2.9028533e-12  2.90285e-12  9.71508e-14  2.80570e-12
5.343789456e+00  2.9860812e-12  2.98608e-12  9.57664e-14  2.89031e-12
5.370508403e+00  3.0711031e-12  3.07110e-12  9.45023e-14  2.97660e-12
5.397360945e+00  3.1580616e-12  3.15806e-12  9.32376e-14  3.06482e-12
5.424347750e+00  3.2470374e-12  3.24704e-12  9.19286e-14  3.15511e-12
5.451469488e+00  3.3379837e-12  3.33798e-12  9.06347e-14  3.24735e-12
5.478726836e+00  3.4308990e-12  3.43090e-12  8.93701e-14  3.34153e-12
5.506120470e+00  3.5257774e-12  3.52578e-12  8.81487e-14  3.43763e-12
5.533651072e+00  3.6227723e-12  3.62277e-12  8.68847e-14  3.53589e-12
5.561319328e+00  3.7217927e-12  3.72179e-12  8.56495e-14  3.63614e-12
5.589125924e+00  3.8227756e-12  3.82278e-12  8.44842e-14  3.73829e-12
5.617071554e+00  3.9259414e-12  3.92594e-12  8.32772e-14  3.84266e-12
5.645156912e+00  4.0311233e-12  4.03112e-12  8.21252e-14  3.94900e-12
5.673382696e+00  4.1384157e-12  4.13842e-12  8.09866e-14  4.05743e-12
5.701749610e+00  4.2477418e-12  4.24774e-12  7.99013e-14  4.16784e-12
5.730258358e+00  4.3593308e-12  4.35933e-12  7.87751e-14  4.28056e-12
5.758909650e+00  4.4729788e-12  4.47298e-12  7.77016e-14  4.39528e-12
5.787704198e+00  4.5890366e-12  4.58904e-12  7.65490e-14  4.51249e-12
5.816642719e+00  4.7071478e-12  4.70715e-12  7.54620e-14  4.63169e-12
5.845725932e+00  4.8273469e-12  4.82735e-12  7.44262e-14  4.75292e-12
5.874954562e+00  4.9496336e-12  4.94963e-12  7.34404e-14  4.87619e-12
5.904329335e+00  5.0738045e-12  5.07380e-12  7.25667e-14  5.00124e-12
5.933850982e+00  5.2004641e-12  5.20046e-12  7.16148e-14  5.12885e-12
5.963520237e+00  5.3293492e-12  5.32935e-12  7.06736e-14  5.25868e-12
5.993337838e+00  5.4603345e-12  5.46033e-12  6.97798e-14  5.39055e-12
6.023304527e+00  5.5939717e-12  5.59397e-12  6.87865e-14  5.52519e-12
6.053421050e+00  5.7299744e-12  5.72997e-12  6.77807e-14  5.66219e-12
6.083688155e+00  5.8682605e-12  5.86826e-12  6.67869e-14  5.80147e-12
6.114106596e+00  6.0092966e-12  6.00930e-12  6.56984e-14  5.94360e-12
6.144677129e+00  6.1526053e-12  6.15261e-12  6.46353e-14  6.08797e-12
6.175400514e+00  6.2981332e-12  6.29813e-12  6.36088e-14  6.23452e-12
6.206277517e+00  6.4457077e-12  6.44571e-12  6.26527e-14  6.38305e-12
6.237308904e+00  6.5958265e-12  6.59583e-12  6.16625e-14  6.53416e-12
6.268495449e+00  6.7481569e-12  6.74816e-12  6.07073e-14  6.68745e-12
6.299837926e+00  6.9029963e-12  6.90300e-12  5.97301e-14  6.84327e-12
6.331337116e+00  7.0603617e-12  7.06036e-12  5.87318e-14  7.00163e-12
6.362993801e+00  7.2203343e-12  7.22033e-12  5.77021e-14  7.16263e-12
6.394808770e+00  7.3822060e-12  7.38221e-12  5.67622e-14  7.32544e-12
6.426782814e+00  7.5463471e-12  7.54635e-12  5.58451e-14  7.49050e-12
6.458916728e+00  7.7126804e-12  7.71268e-12  5.49610e-14  7.65772e-12
6.491211312e+00  7.8815512e-12  7.88155e-12  5.40559e-14  7.82750e-12
6.523667368e+00  8.0534145e-12  8.05341e-12  5.30674e-14  8.00035e-12
6.556285705e+00  8.2274856e-12  8.22749e-12  5.21129e-14  8.17537e-12
6.589067134e+00  8.4035156e-12  8.40352e-12  5.12227e-14  8.35229e-12
6.622012469e+00  8.5818669e-12  8.58187e-12  5.03440e-14  8.53152e-12
6.655122532e+00  8.7631834e-12  8.76318e-12  4.93952e-14  8.71379e-12
6.688398144e+00  8.9469212e-12  8.94692e-12  4.84491e-14  8.89847e-12
6.721840135e+00  9.1333338e-12  9.13333e-12  4.74757e-14  9.08586e-12
6.755449336e+00  9.3219992e-12  9.32200e-12  4.65254e-14  9.27547e-12
6.789226583e+00  9.5132591e-12  9.51326e-12  4.55588e-14  9.46770e-12
6.823172715e+00  9.7064804e-12  9.70648e-12  4.46444e-14  9.66184e-12
6.857288579e+00  9.9022816e-12  9.90228e-12  4.37136e-14  9.85857e-12
6.891575022e+00  1.0101339e-11  1.01013e-11  4.27001e-14  1.00586e-11
6.926032897e+00  1.0302919e-11  1.03029e-11  4.16822e-14  1.02612e-11
6.960663062e+00  1.0506222e-11  1.05062e-11  4.07352e-14  1.04655e-11
6.995466377e+00  1.0711704e-11  1.07117e-11  3.98109e-14  1.06719e-11
7.030443709e+00  1.0921221e-11  1.09212e-11  3.87431e-14  1.08825e-11
7.065595927e+00  1.1132310e-11  1.11323e-11  3.77551e-14  1.10946e-11
7.100923907e+00  1.1345234e-11  1.13452e-11  3.68177e-14  1.13084e-11
7.136428526e+00  1.1562169e-11  1.15622e-11  3.57505e-14  1.15264e-11
7.172110669e+00  1.1780710e-11  1.17807e-11  3.47527e-14  1.17460e-11
7.207971222e+00  1.2001606e-11  1.20016e-11  3.37610e-14  1.19678e-11
7.244011079e+00  1.2225433e-11  1.22254e-11  3.27318e-14  1.21927e-11
7.280231134e+00  1.2452210e-11  1.24522e-11  3.16664e-14  1.24205e-11
7.316632290e+00  1.2682938e-11  1.26829e-11  3.04974e-14  1.26524e-11
7.353215451e+00  1.2915318e-11  1.29153e-11  2.93893e-14  1.28859e-11
7.389981528e+00  1.3149928e-11  1.31499e-11  2.82986e-14  1.31216e-11
7.426931436e+00  1.3387912e-11  1.33879e-11  2.71501e-14  1.33608e-11
7.464066093e+00  1.3628647e-11  1.36286e-11  2.59868e-14  1.36027e-11
7.501386424e+00  1.3872407e-11  1.38724e-11  2.47931e-14  1.38476e-11
7.538893356e+00  1.4117152e-11  1.41172e-11  2.36918e-14  1.40935e-11
7.576587822e+00  1.4367253e-11  1.43673e-11  2.24234e-14  1.43448e-11
7.614470762e+00  1.4620581e-11  1.46206e-11  2.11202e-14  1.45995e-11
7.652543115e+00  1.4877159e-11  1.48772e-11  1.97833e-14  1.48574e-11
7.690805831e+00  1.5137598e-11  1.51376e-11  1.83829e-14  1.51192e-11
7.729259860e+00  1.5398662e-11  1.53987e-11  1.70914e-14  1.53816e-11
7.767906159e+00  1.5665407e-11  1.56654e-11  1.56451e-14  1.56498e-11
7.806745690e+00  1.5936741e-11  1.59367e-11  1.41094e-14  1.59226e-11
7.845779419e+00  1.6207401e-11  1.62074e-11  1.27437e-14  1.61947e-11
7.885008316e+00  1.6486796e-11  1.64868e-11  1.10950e-14  1.64757e-11
7.924433357e+00  1.6770177e-11  1.67702e-11  9.40117e-15  1.67608e-11
7.964055524e+00  1.7052475e-11  1.70525e-11  7.89139e-15  1.70446e-11
8.003875802e+00  1.7337847e-11  1.73378e-11  6.37195e-15  1.73315e-11
8.043895181e+00  1.7624596e-11  1.76246e-11  4.91557e-15  1.76197e-11
8.084114657e+00  1.7911781e-11  1.79118e-11  3.55663e-15  1.79082e-11
8.124535230e+00  1.8179806e-11  1.81798e-11  3.07834e-15  1.81767e-11
8.165157906e+00  1.8397740e-11  1.83977e-11  4.63494e-15  1.83931e-11
8.205983696e+00  1.8527607e-11  1.85276e-11  9.53954e-15  1.85181e-11
8.247013614e+00  1.8552974e-11  1.85530e-11  1.81680e-14  1.85348e-11
8.288248682e+00  1.8513251e-11  1.85133e-11  2.88072e-14  1.84844e-11
8.329689926e+00  1.8416556e-11  1.84166e-11  4.10141e-14  1.83755e-11
8.371338375e+00  1.8355516e-11  1.83555e-11  5.14280e-14  1.83041e-11
8.413195067e+00  1.8379741e-11  1.83797e-11  5.84623e-14  1.83213e-11
8.455261042e+00  1.8436918e-11  1.84369e-11  6.40811e-14  1.83728e-11
8.497537348e+00  1.8518388e-11  1.85184e-11  6.86536e-14  1.84497e-11
8.540025034e+00  1.8618184e-11  1.86182e-11  7.24330e-14  1.85458e-11
8.582725160e+00  1.8732832e-11  1.87328e-11  7.55742e-14  1.86573e-11
8.625638785e+00  1.8856765e-11  1.88568e-11  7.82838e-14  1.87785e-11
8.668766979e+00  1.8985140e-11  1.89851e-11  8.07297e-14  1.89044e-11
8.712110814e+00  1.9118818e-11  1.91188e-11  8.28999e-14  1.90359e-11
8.755671368e+00  1.9253940e-11  1.92539e-11  8.49183e-14  1.91690e-11
8.799449725e+00  1.9389286e-11  1.93893e-11  8.68251e-14  1.93025e-11
8.843446974e+00  1.9524010e-11  1.95240e-11  8.86470e-14  1.94354e-11
8.887664209e+00  1.9657452e-11  1.96575e-11  9.04036e-14  1.95670e-11
8.932102530e+00  1.9803456e-11  1.98035e-11  9.17340e-14  1.97117e-11
8.976763042e+00  1.9947798e-11  1.99478e-11  9.30260e-14  1.98548e-11
9.021646857e+00  2.0071130e-11  2.00711e-11  9.47642e-14  1.99764e-11
9.066755092e+00  2.0191800e-11  2.01918e-11  9.64680e-14  2.00953e-11
9.112088867e+00  2.0309519e-11  2.03095e-11  9.81434e-14  2.02114e-11
9.157649312e+00  2.0425191e-11  2.04252e-11  9.97680e-14  2.03254e-11
9.203437558e+00  2.0553904e-11  2.05539e-11  1.00994e-13  2.04529e-11
9.249454746e+00  2.0681356e-11  2.06814e-11  1.02167e-13  2.05792e-11
9.295702020e+00  2.0787603e-11  2.07876e-11  1.03728e-13  2.06839e-11
9.342180530e+00  2.0892390e-11  2.08924e-11  1.05224e-13  2.07872e-11
9.388891432e+00  2.0995463e-11  2.09955e-11  1.06661e-13  2.08888e-11
9.435835890e+00  2.1119477e-11  2.11195e-11  1.07569e-13  2.10119e-11
9.483015069e+00  2.1243034e-11  2.12430e-11  1.08413e-13  2.11346e-11
9.530430144e+00  2.1355375e-11  2.13554e-11  1.09412e-13  2.12460e-11
9.578082295e+00  2.1494970e-11  2.14950e-11  1.09797e-13  2.13852e-11
9.625972707e+00  2.1647134e-11  2.16471e-11  1.09887e-13  2.15372e-11
9.674102570e+00  2.1801156e-11  2.18012e-11  1.09899e-13  2.16913e-11
9.722473083e+00  2.1975994e-11  2.19760e-11  1.09484e-13  2.18665e-11
9.771085448e+00  2.2165919e-11  2.21659e-11  1.08771e-13  2.20571e-11
9.819940876e+00  2.2367459e-11  2.23675e-11  1.07838e-13  2.22596e-11
9.869040580e+00  2.2584038e-11  2.25840e-11  1.06635e-13  2.24774e-11
9.918385783e+00  2.2809805e-11  2.28098e-11  1.05279e-13  2.27045e-11
9.967977712e+00  2.3054753e-11  2.30548e-11  1.03610e-13  2.29511e-11
1.001781760e+01  2.3301995e-11  2.33020e-11  1.01923e-13  2.32001e-11
1.006790669e+01  2.3558859e-11  2.35589e-11  1.00102e-13  2.34588e-11
1.011824622e+01  2.3819955e-11  2.38200e-11  9.82395e-14  2.37217e-11
1.016883745e+01  2.4086241e-11  2.40862e-11  9.63234e-14  2.39899e-11
1.021968164e+01  2.4360206e-11  2.43602e-11  9.43186e-14  2.42659e-11
1.027078005e+01  2.4636545e-11  2.46365e-11  9.23103e-14  2.45442e-11
1.032213395e+01  2.4919236e-11  2.49192e-11  9.02403e-14  2.48290e-11
1.037374462e+01  2.5205613e-11  2.52056e-11  8.81510e-14  2.51175e-11
1.042561334e+01  2.5497883e-11  2.54979e-11  8.60125e-14  2.54119e-11
1.047774141e+01  2.5792065e-11  2.57921e-11  8.38837e-14  2.57082e-11
1.053013012e+01  2.6092247e-11  2.60922e-11  8.17083e-14  2.60105e-11
1.058278077e+01  2.6395651e-11  2.63957e-11  7.95268e-14  2.63161e-11
1.063569467e+01  2.6702293e-11  2.67023e-11  7.73402e-14  2.66250e-11
1.068887314e+01  2.7010894e-11  2.70109e-11  7.51658e-14  2.69357e-11
1.074231751e+01  2.7323391e-11  2.73234e-11  7.29788e-14  2.72504e-11
1.079602910e+01  2.7612595e-11  2.76126e-11  7.11261e-14  2.75415e-11
1.085000924e+01  2.7927477e-11  2.79275e-11  6.89792e-14  2.78585e-11
1.090425929e+01  2.8241930e-11  2.82419e-11  6.68741e-14  2.81751e-11
1.095878058e+01  2.8557562e-11  2.85576e-11  6.47900e-14  2.84928e-11
1.101357449e+01  2.8877375e-11  2.88774e-11  6.26906e-14  2.88147e-11
1.106864236e+01  2.9172858e-11  2.91729e-11  6.09110e-14  2.91119e-11
1.112398557e+01  2.9494426e-11  2.94944e-11  5.88556e-14  2.94356e-11
1.117960550e+01  2.9813286e-11  2.98133e-11  5.68643e-14  2.97564e-11
1.123550353e+01  3.0109567e-11  3.01096e-11  5.51564e-14  3.00544e-11
1.129168104e+01  3.0403359e-11  3.04034e-11  5.34984e-14  3.03499e-11
1.134813945e+01  3.0720909e-11  3.07209e-11  5.16044e-14  3.06693e-11
1.140488015e+01  3.1040007e-11  3.10400e-11  4.97223e-14  3.09903e-11
1.146190455e+01  3.1328632e-11  3.13286e-11  4.81874e-14  3.12804e-11
1.151921407e+01  3.1615865e-11  3.16159e-11  4.66841e-14  3.15692e-11
1.157681014e+01  3.1928996e-11  3.19290e-11  4.49342e-14  3.18841e-11
1.163469419e+01  3.2236590e-11  3.22366e-11  4.32635e-14  3.21933e-11
1.169286766e+01  3.2518117e-11  3.25181e-11  4.18712e-14  3.24762e-11
1.175133200e+01  3.2798719e-11  3.27987e-11  4.05011e-14  3.27582e-11
1.181008866e+01  3.3100810e-11  3.31008e-11  3.89382e-14  3.30619e-11
1.186913910e+01  3.3399907e-11  3.33999e-11  3.74218e-14  3.33625e-11
1.192848480e+01  3.3675822e-11  3.36758e-11  3.61377e-14  3.36397e-11
1.198812722e+01  3.3946111e-11  3.39461e-11  3.49153e-14  3.39112e-11
1.204806786e+01  3.4214795e-11  3.42148e-11  3.37161e-14  3.41811e-11
1.210830820e+01  3.4478800e-11  3.44788e-11  3.25664e-14  3.44462e-11
1.216884974e+01  3.4733469e-11  3.47335e-11  3.15051e-14  3.47020e-11
1.222969399e+01  3.5000410e-11  3.50004e-11  3.03422e-14  3.49701e-11
1.229084246e+01  3.5249466e-11  3.52495e-11  2.93386e-14  3.52201e-11
1.235229667e+01  3.5470722e-11  3.54707e-11  2.85711e-14  3.54422e-11
1.241405815e+01  3.5678490e-11  3.56785e-11  2.79114e-14  3.56506e-11
1.247612845e+01  3.5869855e-11  3.58699e-11  2.73789e-14  3.58425e-11
1.253850909e+01  3.6050847e-11  3.60508e-11  2.69199e-14  3.60239e-11
1.260120163e+01  3.6221724e-11  3.62217e-11  2.65293e-14  3.61952e-11
1.266420764e+01  3.6382755e-11  3.63828e-11  2.62023e-14  3.63566e-11
1.272752868e+01  3.6535804e-11  3.65358e-11  2.59217e-14  3.65099e-11
1.279116632e+01  3.6679191e-11  3.66792e-11  2.56985e-14  3.66535e-11
1.285512215e+01  3.6816806e-11  3.68168e-11  2.55011e-14  3.67913e-11
1.291939776e+01  3.6943385e-11  3.69434e-11  2.53674e-14  3.69180e-11
1.298399475e+01  3.7059219e-11  3.70592e-11  2.52928e-14  3.70339e-11
1.304891473e+01  3.7175916e-11  3.71759e-11  2.51910e-14  3.71507e-11
1.311415930e+01  3.7284590e-11  3.72846e-11  2.51264e-14  3.72595e-11
1.317973010e+01  3.7383551e-11  3.73836e-11  2.51092e-14  3.73584e-11
1.324562875e+01  3.7480471e-11  3.74805e-11  2.50845e-14  3.74554e-11
1.331185689e+01  3.7569212e-11  3.75692e-11  2.50943e-14  3.75441e-11
1.337841618e+01  3.7653825e-11  3.76538e-11  2.51100e-14  3.76287e-11
1.344530826e+01  3.7738006e-11  3.77380e-11  2.51066e-14  3.77129e-11
1.351253480e+01  3.7809785e-11  3.78098e-11  2.51637e-14  3.77846e-11
1.358009747e+01  3.7880686e-11  3.78807e-11  2.52038e-14  3.78555e-11
1.364799796e+01  3.7950314e-11  3.79503e-11  2.52302e-14  3.79251e-11
1.371623795e+01  3.8030787e-11  3.80308e-11  2.51664e-14  3.80056e-11
1.378481914e+01  3.8101302e-11  3.81013e-11  2.51460e-14  3.80762e-11
1.385374323e+01  3.8163896e-11  3.81639e-11  2.51549e-14  3.81387e-11
1.392301195e+01  3.8229472e-11  3.82295e-11  2.51253e-14  3.82043e-11
1.399262701e+01  3.8291752e-11  3.82918e-11  2.50965e-14  3.82667e-11
1.406259015e+01  3.8354120e-11  3.83541e-11  2.50482e-14  3.83291e-11
1.413290310e+01  3.8415329e-11  3.84153e-11  2.49885e-14  3.83903e-11
1.420356761e+01  3.8486021e-11  3.84860e-11  2.48558e-14  3.84612e-11
1.427458545e+01  3.8556914e-11  3.85569e-11  2.47060e-14  3.85322e-11
1.434595838e+01  3.8623335e-11  3.86233e-11  2.45666e-14  3.85988e-11
1.441768817e+01  3.8697253e-11  3.86973e-11  2.43697e-14  3.86729e-11
1.448977661e+01  3.8769734e-11  3.87697e-11  2.41671e-14  3.87456e-11
1.456222549e+01  3.8844654e-11  3.88447e-11  2.39378e-14  3.88207e-11
1.463503662e+01  3.8920322e-11  3.89203e-11  2.36918e-14  3.88966e-11
1.470821180e+01  3.8998484e-11  3.89985e-11  2.34205e-14  3.89751e-11
1.478175286e+01  3.9076147e-11  3.90761e-11  2.31407e-14  3.90530e-11
1.485566163e+01  3.9150725e-11  3.91507e-11  2.28662e-14  3.91279e-11
1.492993994e+01  3.9220484e-11  3.92205e-11  2.26062e-14  3.91979e-11
1.500458964e+01  3.9304952e-11  3.93050e-11  2.22597e-14  3.92827e-11
1.507961258e+01  3.9381165e-11  3.93812e-11  2.19464e-14  3.93592e-11
1.515501065e+01  3.9455632e-11  3.94556e-11  2.16326e-14  3.94340e-11
1.523078570e+01  3.9539255e-11  3.95393e-11  2.12642e-14  3.95180e-11
1.530693963e+01  3.9616368e-11  3.96164e-11  2.09202e-14  3.95954e-11
1.538347433e+01  3.9687394e-11  3.96874e-11  2.05977e-14  3.96668e-11
1.546039170e+01  3.9758885e-11  3.97589e-11  2.02647e-14  3.97386e-11
1.553769366e+01  3.9836548e-11  3.98365e-11  1.98944e-14  3.98167e-11
1.561538212e+01  3.9896297e-11  3.98963e-11  1.96016e-14  3.98767e-11
1.569345903e+01  3.9962228e-11  3.99622e-11  1.92716e-14  3.99430e-11
1.577192633e+01  4.0026463e-11  4.00265e-11  1.89420e-14  4.00075e-11
1.585078596e+01  4.0078017e-11  4.00780e-11  1.86631e-14  4.00594e-11
1.593003989e+01  4.0128311e-11  4.01283e-11  1.83818e-14  4.01099e-11
1.600969009e+01  4.0177793e-11  4.01778e-11  1.80962e-14  4.01597e-11
1.608973854e+01  4.0218987e-11  4.02190e-11  1.78398e-14  4.02011e-11
1.617018723e+01  4.0269077e-11  4.02691e-11  1.75363e-14  4.02515e-11
1.625103817e+01  4.0301632e-11  4.03016e-11  1.73020e-14  4.02843e-11
1.633229336e+01  4.0324141e-11  4.03241e-11  1.71028e-14  4.03070e-11
1.641395483e+01  4.0343666e-11  4.03437e-11  1.69077e-14  4.03268e-11
1.649602460e+01  4.0359335e-11  4.03593e-11  1.67203e-14  4.03426e-11
1.657850473e+01  4.0374692e-11  4.03747e-11  1.65257e-14  4.03582e-11
1.666139725e+01  4.0380921e-11  4.03809e-11  1.63607e-14  4.03646e-11
1.674470424e+01  4.0388189e-11  4.03882e-11  1.61827e-14  4.03720e-11
1.682842776e+01  4.0391213e-11  4.03912e-11  1.60139e-14  4.03752e-11
1.691256990e+01  4.0392214e-11  4.03922e-11  1.58449e-14  4.03764e-11
1.699713274e+01  4.0388118e-11  4.03881e-11  1.56883e-14  4.03724e-11
1.708211841e+01  4.0372760e-11  4.03728e-11  1.55680e-14  4.03572e-11
1.716752900e+01  4.0361611e-11  4.03616e-11  1.54226e-14  4.03462e-11
1.725336665e+01  4.0341887e-11  4.03419e-11  1.53025e-14  4.03266e-11
1.733963348e+01  4.0331257e-11  4.03313e-11  1.51393e-14  4.03161e-11
1.742633165e+01  4.0314292e-11  4.03143e-11  1.49928e-14  4.02993e-11
1.751346330e+01  4.0291015e-11  4.02910e-11  1.48627e-14  4.02762e-11
1.760103062e+01  4.0275548e-11  4.02755e-11  1.46958e-14  4.02609e-11
1.768903577e+01  4.0264369e-11  4.02644e-11  1.45064e-14  4.02499e-11
1.777748095e+01  4.0248244e-11  4.02482e-11  1.43289e-14  4.02339e-11
1.786636836e+01  4.0228074e-11  4.02281e-11  1.41598e-14  4.02139e-11
1.795570020e+01  4.0208275e-11  4.02083e-11  1.39832e-14  4.01943e-11
1.804547870e+01  4.0191054e-11  4.01911e-11  1.37913e-14  4.01773e-11
1.813570609e+01  4.0172906e-11  4.01729e-11  1.35972e-14  4.01593e-11
1.822638462e+01  4.0149902e-11  4.01499e-11  1.34148e-14  4.01365e-11
1.831751655e+01  4.0127320e-11  4.01273e-11  1.32254e-14  4.01141e-11
1.840910413e+01  4.0107795e-11  4.01078e-11  1.30203e-14  4.00948e-11
1.850114965e+01  4.0076909e-11  4.00769e-11  1.28493e-14  4.00641e-11
1.859365540e+01  4.0045622e-11  4.00456e-11  1.26744e-14  4.00329e-11
1.868662368e+01  4.0013945e-11  4.00139e-11  1.24958e-14  4.00014e-11
1.878005679e+01  3.9976233e-11  3.99762e-11  1.23325e-14  3.99639e-11
1.887395708e+01  3.9928171e-11  3.99282e-11  1.21984e-14  3.99160e-11
1.896832686e+01  3.9873719e-11  3.98737e-11  1.20800e-14  3.98616e-11
1.906316850e+01  3.9816387e-11  3.98164e-11  1.19655e-14  3.98044e-11
1.915848434e+01  3.9726757e-11  3.97268e-11  1.19496e-14  3.97148e-11
1.925427676e+01  3.9634819e-11  3.96348e-11  1.19344e-14  3.96229e-11
1.935054815e+01  3.9522904e-11  3.95229e-11  1.19758e-14  3.95109e-11
1.944730089e+01  3.9367855e-11  3.93679e-11  1.21453e-14  3.93557e-11
1.954453739e+01  3.9227128e-11  3.92271e-11  1.22607e-14  3.92149e-11
1.964226008e+01  3.9043984e-11  3.90440e-11  1.24991e-14  3.90315e-11
1.974047138e+01  3.8822528e-11  3.88225e-11  1.28449e-14  3.88097e-11
1.983917374e+01  3.8608795e-11  3.86088e-11  1.31556e-14  3.85956e-11
1.993836960e+01  3.8328874e-11  3.83289e-11  1.36552e-14  3.83152e-11
2.003806145e+01  3.8061632e-11  3.80616e-11  1.41031e-14  3.80475e-11
2.013825176e+01  3.7789167e-11  3.77892e-11  1.45538e-14  3.77746e-11
2.023894302e+01  3.7500936e-11  3.75009e-11  1.50384e-14  3.74859e-11
2.034013773e+01  3.7202589e-11  3.72026e-11  1.55396e-14  3.71870e-11
2.044183842e+01  3.6904386e-11  3.69044e-11  1.60273e-14  3.68884e-11
2.054404761e+01  3.6631692e-11  3.66317e-11  1.64286e-14  3.66153e-11
2.064676785e+01  3.6331751e-11  3.63318e-11  1.68967e-14  3.63149e-11
2.075000169e+01  3.6058985e-11  3.60590e-11  1.72754e-14  3.60417e-11
2.085375170e+01  3.5816188e-11  3.58162e-11  1.75588e-14  3.57986e-11
2.095802046e+01  3.5598173e-11  3.55982e-11  1.77637e-14  3.55804e-11
2.106281056e+01  3.5368918e-11  3.53689e-11  1.79920e-14  3.53509e-11
2.116812461e+01  3.5158920e-11  3.51589e-11  1.81590e-14  3.51408e-11
2.127396524e+01  3.4974297e-11  3.49743e-11  1.82494e-14  3.49560e-11
2.138033506e+01  3.4821098e-11  3.48211e-11  1.82484e-14  3.48028e-11
2.148723674e+01  3.4679281e-11  3.46793e-11  1.82122e-14  3.46611e-11
2.159467292e+01  3.4553310e-11  3.45533e-11  1.81296e-14  3.45352e-11
2.170264629e+01  3.4443077e-11  3.44431e-11  1.80020e-14  3.44251e-11
2.181115952e+01  3.4343554e-11  3.43436e-11  1.78437e-14  3.43257e-11
2.192021532e+01  3.4264065e-11  3.42641e-11  1.76309e-14  3.42464e-11
2.202981639e+01  3.4198342e-11  3.41983e-11  1.73811e-14  3.41810e-11
2.213996547e+01  3.4136525e-11  3.41365e-11  1.71208e-14  3.41194e-11
2.225066530e+01  3.4086688e-11  3.40867e-11  1.68294e-14  3.40699e-11
2.236191863e+01  3.4042672e-11  3.40427e-11  1.65235e-14  3.40261e-11
2.247372822e+01  3.4008458e-11  3.40085e-11  1.61932e-14  3.39923e-11
2.258609686e+01  3.3959462e-11  3.39595e-11  1.59012e-14  3.39436e-11
2.269902735e+01  3.3900224e-11  3.39002e-11  1.56353e-14  3.38846e-11
2.281252248e+01  3.3871951e-11  3.38720e-11  1.52926e-14  3.38567e-11
2.292658510e+01  3.3858044e-11  3.38580e-11  1.49156e-14  3.38431e-11
2.304121802e+01  3.3840914e-11  3.38409e-11  1.45483e-14  3.38264e-11
2.315642411e+01  3.3808333e-11  3.38083e-11  1.42206e-14  3.37941e-11
2.327220623e+01  3.3784881e-11  3.37849e-11  1.38719e-14  3.37710e-11
2.338856726e+01  3.3774000e-11  3.37740e-11  1.34946e-14  3.37605e-11
2.350551010e+01  3.3777130e-11  3.37771e-11  1.30857e-14  3.37640e-11
2.362303765e+01  3.3774227e-11  3.37742e-11  1.26937e-14  3.37615e-11
2.374115284e+01  3.3759513e-11  3.37595e-11  1.23319e-14  3.37472e-11
2.385985860e+01  3.3766427e-11  3.37664e-11  1.19212e-14  3.37545e-11
2.397915789e+01  3.3777363e-11  3.37774e-11  1.15038e-14  3.37659e-11
2.409905368e+01  3.3779189e-11  3.37792e-11  1.11103e-14  3.37681e-11
2.421954895e+01  3.3775061e-11  3.37751e-11  1.07331e-14  3.37643e-11
2.434064670e+01  3.3794067e-11  3.37941e-11  1.03051e-14  3.37838e-11
2.446234993e+01  3.3816918e-11  3.38169e-11  9.87138e-15  3.38070e-11
2.458466168e+01  3.3833322e-11  3.38333e-11  9.45538e-15  3.38239e-11
2.470758499e+01  3.3872051e-11  3.38721e-11  8.99203e-15  3.38631e-11
2.483112291e+01  3.3900477e-11  3.39005e-11  8.55528e-15  3.38919e-11
2.495527853e+01  3.3927327e-11  3.39273e-11  8.12530e-15  3.39192e-11
