# ------------------------------------------------------------------------
# Radiance spectrum
# NASA-GSFC Planetary Spectrum Generator (PSG) (Villanueva et al. 2018, 2022)
# Synthesized on Tue Dec 19 09:05:45 2023
# Doppler velocities [km/s] (vobs,vrot+vorb,vwidth,vrfl,vstr): 0.00000,-0.00000,0.00000,-119.41115,-0.00000
# Spectral unit: Wavelength [um]
# Radiance unit: Spectral irradiance [W/m2/um]
# Wave/freq Total Object Reflected Thermal
5.000000000e-01  5.2747938e-12  5.27479e-12  5.27479e-12  2.66759e-50
5.025000000e-01  5.3277428e-12  5.32774e-12  5.32774e-12  4.37403e-50
5.050125000e-01  5.3805788e-12  5.38058e-12  5.38058e-12  7.15392e-50
5.075375625e-01  5.4332915e-12  5.43329e-12  5.43329e-12  1.16711e-49
5.100752503e-01  5.4858708e-12  5.48587e-12  5.48587e-12  1.89928e-49
5.126256266e-01  5.5383064e-12  5.53831e-12  5.53831e-12  3.08305e-49
5.151887547e-01  5.5905883e-12  5.59059e-12  5.59059e-12  4.99223e-49
5.177646985e-01  5.6427063e-12  5.64271e-12  5.64271e-12  8.06370e-49
5.203535220e-01  5.6946504e-12  5.69465e-12  5.69465e-12  1.29929e-48
5.229552896e-01  5.7464106e-12  5.74641e-12  5.74641e-12  2.08840e-48
5.255700660e-01  5.7979770e-12  5.79798e-12  5.79798e-12  3.34862e-48
5.281979164e-01  5.8493398e-12  5.84934e-12  5.84934e-12  5.35628e-48
5.308389059e-01  5.9004891e-12  5.90049e-12  5.90049e-12  8.54702e-48
5.334931005e-01  5.9514152e-12  5.95142e-12  5.95142e-12  1.36058e-47
5.361605660e-01  6.0021084e-12  6.00211e-12  6.00211e-12  2.16071e-47
5.388413688e-01  6.0525592e-12  6.05256e-12  6.05256e-12  3.42323e-47
5.415355756e-01  6.1027580e-12  6.10276e-12  6.10276e-12  5.41066e-47
5.442432535e-01  6.1526955e-12  6.15270e-12  6.15270e-12  8.53184e-47
5.469644698e-01  6.2023623e-12  6.20236e-12  6.20236e-12  1.34221e-46
5.496992921e-01  6.2517491e-12  6.25175e-12  6.25175e-12  2.10661e-46
5.524477886e-01  6.3008468e-12  6.30085e-12  6.30085e-12  3.29870e-46
5.552100275e-01  6.3496464e-12  6.34965e-12  6.34965e-12  5.15347e-46
5.579860777e-01  6.3981388e-12  6.39814e-12  6.39814e-12  8.03268e-46
5.607760081e-01  6.4463153e-12  6.44632e-12  6.44632e-12  1.24919e-45
5.635798881e-01  6.4941670e-12  6.49417e-12  6.49417e-12  1.93827e-45
5.663977875e-01  6.5416854e-12  6.54169e-12  6.54169e-12  3.00065e-45
5.692297765e-01  6.5888619e-12  6.58886e-12  6.58886e-12  4.63490e-45
5.720759254e-01  6.6356881e-12  6.63569e-12  6.63569e-12  7.14321e-45
5.749363050e-01  6.6821557e-12  6.68216e-12  6.68216e-12  1.09845e-44
5.778109865e-01  6.7282566e-12  6.72826e-12  6.72826e-12  1.68540e-44
5.807000414e-01  6.7739825e-12  6.77398e-12  6.77398e-12  2.58030e-44
5.836035417e-01  6.8193257e-12  6.81933e-12  6.81933e-12  3.94172e-44
5.865215594e-01  6.8642783e-12  6.86428e-12  6.86428e-12  6.00831e-44
5.894541672e-01  6.9088326e-12  6.90883e-12  6.90883e-12  9.13851e-44
5.924014380e-01  6.9529811e-12  6.95298e-12  6.95298e-12  1.38695e-43
5.953634452e-01  6.9967163e-12  6.99672e-12  6.99672e-12  2.10045e-43
5.983402624e-01  7.0400310e-12  7.04003e-12  7.04003e-12  3.17420e-43
6.013319637e-01  7.0829180e-12  7.08292e-12  7.08292e-12  4.78665e-43
6.043386235e-01  7.1253704e-12  7.12537e-12  7.12537e-12  7.20294e-43
6.073603167e-01  7.1673812e-12  7.16738e-12  7.16738e-12  1.08161e-42
6.103971182e-01  7.2089436e-12  7.20894e-12  7.20894e-12  1.62078e-42
6.134491038e-01  7.2500513e-12  7.25005e-12  7.25005e-12  2.42365e-42
6.165163494e-01  7.2906976e-12  7.29070e-12  7.29070e-12  3.61671e-42
6.195989311e-01  7.3308762e-12  7.33088e-12  7.33088e-12  5.38592e-42
6.226969258e-01  7.3705812e-12  7.37058e-12  7.37058e-12  8.00412e-42
6.258104104e-01  7.4098063e-12  7.40981e-12  7.40981e-12  1.18708e-41
6.289394624e-01  7.4485459e-12  7.44855e-12  7.44855e-12  1.75696e-41
6.320841597e-01  7.4867942e-12  7.48679e-12  7.48679e-12  2.59515e-41
6.352445805e-01  7.5245455e-12  7.52455e-12  7.52455e-12  3.82552e-41
6.384208035e-01  7.5617947e-12  7.56179e-12  7.56179e-12  5.62790e-41
6.416129075e-01  7.5985363e-12  7.59854e-12  7.59854e-12  8.26297e-41
6.448209720e-01  7.6347654e-12  7.63477e-12  7.63477e-12  1.21078e-40
6.480450769e-01  7.6704769e-12  7.67048e-12  7.67048e-12  1.77065e-40
6.512853022e-01  7.7056662e-12  7.70567e-12  7.70567e-12  2.58434e-40
6.545417288e-01  7.7403285e-12  7.74033e-12  7.74033e-12  3.76458e-40
6.578144374e-01  7.7744594e-12  7.77446e-12  7.77446e-12  5.47317e-40
6.611035096e-01  7.8080546e-12  7.80805e-12  7.80805e-12  7.94182e-40
6.644090271e-01  7.8411100e-12  7.84111e-12  7.84111e-12  1.15018e-39
6.677310723e-01  7.8736215e-12  7.87362e-12  7.87362e-12  1.66255e-39
6.710697276e-01  7.9055853e-12  7.90559e-12  7.90559e-12  2.39861e-39
6.744250763e-01  7.9369978e-12  7.93700e-12  7.93700e-12  3.45397e-39
6.777972017e-01  7.9678553e-12  7.96786e-12  7.96786e-12  4.96429e-39
6.811861877e-01  7.9981545e-12  7.99815e-12  7.99815e-12  7.12163e-39
6.845921186e-01  8.0278923e-12  8.02789e-12  8.02789e-12  1.01974e-38
6.880150792e-01  8.0570654e-12  8.05707e-12  8.05707e-12  1.45745e-38
6.914551546e-01  8.0856712e-12  8.08567e-12  8.08567e-12  2.07918e-38
6.949124304e-01  8.1137067e-12  8.11371e-12  8.11371e-12  2.96067e-38
6.983869925e-01  8.1411694e-12  8.14117e-12  8.14117e-12  4.20817e-38
7.018789275e-01  8.1680568e-12  8.16806e-12  8.16806e-12  5.97040e-38
7.053883221e-01  8.1943667e-12  8.19437e-12  8.19437e-12  8.45525e-38
7.089152637e-01  8.2200970e-12  8.22010e-12  8.22010e-12  1.19527e-37
7.124598400e-01  8.2452456e-12  8.24525e-12  8.24525e-12  1.68664e-37
7.160221392e-01  8.2698107e-12  8.26981e-12  8.26981e-12  2.37577e-37
7.196022499e-01  8.2937907e-12  8.29379e-12  8.29379e-12  3.34052e-37
7.232002612e-01  8.3171840e-12  8.31718e-12  8.31718e-12  4.68872e-37
7.268162625e-01  8.3399892e-12  8.33999e-12  8.33999e-12  6.56946e-37
7.304503438e-01  8.3622051e-12  8.36221e-12  8.36221e-12  9.18849e-37
7.341025955e-01  8.3838307e-12  8.38383e-12  8.38383e-12  1.28292e-36
7.377731085e-01  8.4048649e-12  8.40486e-12  8.40486e-12  1.78815e-36
7.414619740e-01  8.4253070e-12  8.42531e-12  8.42531e-12  2.48805e-36
7.451692839e-01  8.4451564e-12  8.44516e-12  8.44516e-12  3.45595e-36
7.488951303e-01  8.4644124e-12  8.46441e-12  8.46441e-12  4.79217e-36
7.526396060e-01  8.4830749e-12  8.48307e-12  8.48307e-12  6.63376e-36
7.564028040e-01  8.5011434e-12  8.50114e-12  8.50114e-12  9.16751e-36
7.601848180e-01  8.5186179e-12  8.51862e-12  8.51862e-12  1.26477e-35
7.639857421e-01  8.5354986e-12  8.53550e-12  8.53550e-12  1.74199e-35
7.678056708e-01  8.5517854e-12  8.55179e-12  8.55179e-12  2.39527e-35
7.716446992e-01  8.5674789e-12  8.56748e-12  8.56748e-12  3.28808e-35
7.755029227e-01  8.5825793e-12  8.58258e-12  8.58258e-12  4.50625e-35
7.793804373e-01  8.5970874e-12  8.59709e-12  8.59709e-12  6.16557e-35
7.832773395e-01  8.6110037e-12  8.61100e-12  8.61100e-12  8.42213e-35
7.871937262e-01  8.6243291e-12  8.62433e-12  8.62433e-12  1.14859e-34
7.911296948e-01  8.6370646e-12  8.63706e-12  8.63706e-12  1.56388e-34
7.950853433e-01  8.6492113e-12  8.64921e-12  8.64921e-12  2.12591e-34
7.990607700e-01  8.6607703e-12  8.66077e-12  8.66077e-12  2.88529e-34
8.030560739e-01  8.6717430e-12  8.67174e-12  8.67174e-12  3.90969e-34
8.070713542e-01  8.6821309e-12  8.68213e-12  8.68213e-12  5.28940e-34
8.111067110e-01  8.6919354e-12  8.69194e-12  8.69194e-12  7.14472e-34
8.151622446e-01  8.7011583e-12  8.70116e-12  8.70116e-12  9.63566e-34
8.192380558e-01  8.7098013e-12  8.70980e-12  8.70980e-12  1.29748e-33
8.233342461e-01  8.7178663e-12  8.71787e-12  8.71787e-12  1.74439e-33
8.274509173e-01  8.7253554e-12  8.72536e-12  8.72536e-12  2.34160e-33
8.315881719e-01  8.7322707e-12  8.73227e-12  8.73227e-12  3.13845e-33
8.357461127e-01  8.7386143e-12  8.73861e-12  8.73861e-12  4.20003e-33
8.399248433e-01  8.7443887e-12  8.74439e-12  8.74439e-12  5.61214e-33
8.441244675e-01  8.7495962e-12  8.74960e-12  8.74960e-12  7.48764e-33
8.483450899e-01  8.7542393e-12  8.75424e-12  8.75424e-12  9.97485e-33
8.525868153e-01  8.7583207e-12  8.75832e-12  8.75832e-12  1.32683e-32
8.568497494e-01  8.7618431e-12  8.76184e-12  8.76184e-12  1.76229e-32
8.611339981e-01  8.7648094e-12  8.76481e-12  8.76481e-12  2.33718e-32
8.654396681e-01  8.7672223e-12  8.76722e-12  8.76722e-12  3.09503e-32
8.697668665e-01  8.7690850e-12  8.76909e-12  8.76909e-12  4.09259e-32
8.741157008e-01  8.7704005e-12  8.77040e-12  8.77040e-12  5.40375e-32
8.784862793e-01  8.7711719e-12  8.77117e-12  8.77117e-12  7.12460e-32
8.828787107e-01  8.7714025e-12  8.77140e-12  8.77140e-12  9.37984e-32
8.872931042e-01  8.7710957e-12  8.77110e-12  8.77110e-12  1.23312e-31
8.917295698e-01  8.7702549e-12  8.77025e-12  8.77025e-12  1.61878e-31
8.961882176e-01  8.7688835e-12  8.76888e-12  8.76888e-12  2.12204e-31
9.006691587e-01  8.7669851e-12  8.76699e-12  8.76699e-12  2.77780e-31
9.051725045e-01  8.7645634e-12  8.76456e-12  8.76456e-12  3.63107e-31
9.096983670e-01  8.7616221e-12  8.76162e-12  8.76162e-12  4.73977e-31
9.142468589e-01  8.7581650e-12  8.75816e-12  8.75816e-12  6.17834e-31
9.188180931e-01  8.7541958e-12  8.75420e-12  8.75420e-12  8.04231e-31
9.234121836e-01  8.7497186e-12  8.74972e-12  8.74972e-12  1.04541e-30
9.280292445e-01  8.7447373e-12  8.74474e-12  8.74474e-12  1.35705e-30
9.326693908e-01  8.7392560e-12  8.73926e-12  8.73926e-12  1.75917e-30
9.373327377e-01  8.7332787e-12  8.73328e-12  8.73328e-12  2.27734e-30
9.420194014e-01  8.7268096e-12  8.72681e-12  8.72681e-12  2.94413e-30
9.467294984e-01  8.7198530e-12  8.71985e-12  8.71985e-12  3.80100e-30
9.514631459e-01  8.7124130e-12  8.71241e-12  8.71241e-12  4.90067e-30
9.562204616e-01  8.7044941e-12  8.70449e-12  8.70449e-12  6.31003e-30
9.610015639e-01  8.6961006e-12  8.69610e-12  8.69610e-12  8.11389e-30
9.658065718e-01  8.6872369e-12  8.68724e-12  8.68724e-12  1.04196e-29
9.706356046e-01  8.6779075e-12  8.67791e-12  8.67791e-12  1.33629e-29
9.754887826e-01  8.6681170e-12  8.66812e-12  8.66812e-12  1.71151e-29
9.803662265e-01  8.6578697e-12  8.65787e-12  8.65787e-12  2.18923e-29
9.852680577e-01  8.6471705e-12  8.64717e-12  8.64717e-12  2.79666e-29
9.901943980e-01  8.6360238e-12  8.63602e-12  8.63602e-12  3.56802e-29
9.951453700e-01  8.6244344e-12  8.62443e-12  8.62443e-12  4.54627e-29
1.000121097e+00  8.6124070e-12  8.61241e-12  8.61241e-12  5.78532e-29
1.005121702e+00  8.5999463e-12  8.59995e-12  8.59995e-12  7.35269e-29
1.010147311e+00  8.5870571e-12  8.58706e-12  8.58706e-12  9.33286e-29
1.015198047e+00  8.5737442e-12  8.57374e-12  8.57374e-12  1.18314e-28
1.020274038e+00  8.5600124e-12  8.56001e-12  8.56001e-12  1.49800e-28
1.025375408e+00  8.5458666e-12  8.54587e-12  8.54587e-12  1.89429e-28
1.030502285e+00  8.5313117e-12  8.53131e-12  8.53131e-12  2.39244e-28
1.035654796e+00  8.5163526e-12  8.51635e-12  8.51635e-12  3.01786e-28
1.040833070e+00  8.5009942e-12  8.50099e-12  8.50099e-12  3.80209e-28
1.046037236e+00  8.4852415e-12  8.48524e-12  8.48524e-12  4.78426e-28
1.051267422e+00  8.4690995e-12  8.46910e-12  8.46910e-12  6.01282e-28
1.056523759e+00  8.4525730e-12  8.45257e-12  8.45257e-12  7.54772e-28
1.061806378e+00  8.4356673e-12  8.43567e-12  8.43567e-12  9.46302e-28
1.067115410e+00  8.4183871e-12  8.41839e-12  8.41839e-12  1.18501e-27
1.072450987e+00  8.4007377e-12  8.40074e-12  8.40074e-12  1.48217e-27
1.077813242e+00  8.3827239e-12  8.38272e-12  8.38272e-12  1.85164e-27
1.083202308e+00  8.3643510e-12  8.36435e-12  8.36435e-12  2.31047e-27
1.088618319e+00  8.3456239e-12  8.34562e-12  8.34562e-12  2.87962e-27
1.094061411e+00  8.3265477e-12  8.32655e-12  8.32655e-12  3.58478e-27
1.099531718e+00  8.3071274e-12  8.30713e-12  8.30713e-12  4.45742e-27
1.105029377e+00  8.2873683e-12  8.28737e-12  8.28737e-12  5.53607e-27
1.110554523e+00  8.2672752e-12  8.26728e-12  8.26728e-12  6.86782e-27
1.116107296e+00  8.2468533e-12  8.24685e-12  8.24685e-12  8.51017e-27
1.121687832e+00  8.2261078e-12  8.22611e-12  8.22611e-12  1.05332e-26
1.127296272e+00  8.2050435e-12  8.20504e-12  8.20504e-12  1.30224e-26
1.132932753e+00  8.1836658e-12  8.18367e-12  8.18367e-12  1.60817e-26
1.138597417e+00  8.1619795e-12  8.16198e-12  8.16198e-12  1.98374e-26
1.144290404e+00  8.1399898e-12  8.13999e-12  8.13999e-12  2.44427e-26
1.150011856e+00  8.1177017e-12  8.11770e-12  8.11770e-12  3.00838e-26
1.155761915e+00  8.0951204e-12  8.09512e-12  8.09512e-12  3.69857e-26
1.161540725e+00  8.0722507e-12  8.07225e-12  8.07225e-12  4.54210e-26
1.167348428e+00  8.0490979e-12  8.04910e-12  8.04910e-12  5.57190e-26
1.173185171e+00  8.0256668e-12  8.02567e-12  8.02567e-12  6.82772e-26
1.179051096e+00  8.0019625e-12  8.00196e-12  8.00196e-12  8.35751e-26
1.184946352e+00  7.9779900e-12  7.97799e-12  7.97799e-12  1.02190e-25
1.190871084e+00  7.9537543e-12  7.95375e-12  7.95375e-12  1.24817e-25
1.196825439e+00  7.9292604e-12  7.92926e-12  7.92926e-12  1.52291e-25
1.202809566e+00  7.9045132e-12  7.90451e-12  7.90451e-12  1.85615e-25
1.208823614e+00  7.8795176e-12  7.87952e-12  7.87952e-12  2.25992e-25
1.214867732e+00  7.8542786e-12  7.85428e-12  7.85428e-12  2.74861e-25
1.220942071e+00  7.8288011e-12  7.82880e-12  7.82880e-12  3.33948e-25
1.227046781e+00  7.8030900e-12  7.80309e-12  7.80309e-12  4.05314e-25
1.233182015e+00  7.7771500e-12  7.77715e-12  7.77715e-12  4.91421e-25
1.239347925e+00  7.7509862e-12  7.75099e-12  7.75099e-12  5.95206e-25
1.245544665e+00  7.7246032e-12  7.72460e-12  7.72460e-12  7.20169e-25
1.251772388e+00  7.6980059e-12  7.69801e-12  7.69801e-12  8.70477e-25
1.258031250e+00  7.6711990e-12  7.67120e-12  7.67120e-12  1.05109e-24
1.264321406e+00  7.6441873e-12  7.64419e-12  7.64419e-12  1.26788e-24
1.270643013e+00  7.6169756e-12  7.61698e-12  7.61698e-12  1.52786e-24
1.276996228e+00  7.5895684e-12  7.58957e-12  7.58957e-12  1.83930e-24
1.283381209e+00  7.5619706e-12  7.56197e-12  7.56197e-12  2.21201e-24
1.289798116e+00  7.5341867e-12  7.53419e-12  7.53419e-12  2.65761e-24
1.296247106e+00  7.5062213e-12  7.50622e-12  7.50622e-12  3.18982e-24
1.302728342e+00  7.4780790e-12  7.47808e-12  7.47808e-12  3.82486e-24
1.309241983e+00  7.4497645e-12  7.44976e-12  7.44976e-12  4.58184e-24
1.315788193e+00  7.4212822e-12  7.42128e-12  7.42128e-12  5.48329e-24
1.322367134e+00  7.3926366e-12  7.39264e-12  7.39264e-12  6.55575e-24
1.328978970e+00  7.3638321e-12  7.36383e-12  7.36383e-12  7.83043e-24
1.335623865e+00  7.3348733e-12  7.33487e-12  7.33487e-12  9.34398e-24
1.342301984e+00  7.3057646e-12  7.30576e-12  7.30576e-12  1.11395e-23
1.349013494e+00  7.2765102e-12  7.27651e-12  7.27651e-12  1.32674e-23
1.355758561e+00  7.2471146e-12  7.24711e-12  7.24711e-12  1.57868e-23
1.362537354e+00  7.2175820e-12  7.21758e-12  7.21758e-12  1.87671e-23
1.369350041e+00  7.1879167e-12  7.18792e-12  7.18792e-12  2.22892e-23
1.376196791e+00  7.1581230e-12  7.15812e-12  7.15812e-12  2.64476e-23
1.383077775e+00  7.1282050e-12  7.12821e-12  7.12821e-12  3.13529e-23
1.389993164e+00  7.0981670e-12  7.09817e-12  7.09817e-12  3.71337e-23
1.396943130e+00  7.0680130e-12  7.06801e-12  7.06801e-12  4.39400e-23
1.403927846e+00  7.0377472e-12  7.03775e-12  7.03775e-12  5.19466e-23
1.410947485e+00  7.0073736e-12  7.00737e-12  7.00737e-12  6.13564e-23
1.418002222e+00  6.9768963e-12  6.97690e-12  6.97690e-12  7.24053e-23
1.425092233e+00  6.9463192e-12  6.94632e-12  6.94632e-12  8.53671e-23
1.432217694e+00  6.9156464e-12  6.91565e-12  6.91565e-12  1.00559e-22
1.439378783e+00  6.8848816e-12  6.88488e-12  6.88488e-12  1.18350e-22
1.446575677e+00  6.8540288e-12  6.85403e-12  6.85403e-12  1.39165e-22
1.453808555e+00  6.8230918e-12  6.82309e-12  6.82309e-12  1.63497e-22
1.461077598e+00  6.7920745e-12  6.79207e-12  6.79207e-12  1.91915e-22
1.468382986e+00  6.7609806e-12  6.76098e-12  6.76098e-12  2.25076e-22
1.475724901e+00  6.7298138e-12  6.72981e-12  6.72981e-12  2.63738e-22
1.483103525e+00  6.6985779e-12  6.69858e-12  6.69858e-12  3.08775e-22
1.490519043e+00  6.6672764e-12  6.66728e-12  6.66728e-12  3.61192e-22
1.497971638e+00  6.6359130e-12  6.63591e-12  6.63591e-12  4.22146e-22
1.505461496e+00  6.6044912e-12  6.60449e-12  6.60449e-12  4.92967e-22
1.512988804e+00  6.5730147e-12  6.57301e-12  6.57301e-12  5.75183e-22
1.520553748e+00  6.5414868e-12  6.54149e-12  6.54149e-12  6.70546e-22
1.528156517e+00  6.5099111e-12  6.50991e-12  6.50991e-12  7.81065e-22
1.535797299e+00  6.4782909e-12  6.47829e-12  6.47829e-12  9.09042e-22
1.543476286e+00  6.4466297e-12  6.44663e-12  6.44663e-12  1.05711e-21
1.551193667e+00  6.4149308e-12  6.41493e-12  6.41493e-12  1.22828e-21
1.558949636e+00  6.3831974e-12  6.38320e-12  6.38320e-12  1.42600e-21
1.566744384e+00  6.3514329e-12  6.35143e-12  6.35143e-12  1.65420e-21
1.574578106e+00  6.3196404e-12  6.31964e-12  6.31964e-12  1.91735e-21
1.582450996e+00  6.2878233e-12  6.28782e-12  6.28782e-12  2.22056e-21
1.590363251e+00  6.2559844e-12  6.25598e-12  6.25598e-12  2.56966e-21
1.598315067e+00  6.2241271e-12  6.22413e-12  6.22413e-12  2.97126e-21
1.606306643e+00  6.1922544e-12  6.19225e-12  6.19225e-12  3.43289e-21
1.614338176e+00  6.1603692e-12  6.16037e-12  6.16037e-12  3.96309e-21
1.622409867e+00  6.1284746e-12  6.12847e-12  6.12847e-12  4.57157e-21
1.630521916e+00  6.0965735e-12  6.09657e-12  6.09657e-12  5.26934e-21
1.638674526e+00  6.0646688e-12  6.06467e-12  6.06467e-12  6.06888e-21
1.646867898e+00  6.0327635e-12  6.03276e-12  6.03276e-12  6.98429e-21
1.655102238e+00  6.0008602e-12  6.00086e-12  6.00086e-12  8.03157e-21
1.663377749e+00  5.9689619e-12  5.96896e-12  5.96896e-12  9.22879e-21
1.671694638e+00  5.9370712e-12  5.93707e-12  5.93707e-12  1.05963e-20
1.680053111e+00  5.9051909e-12  5.90519e-12  5.90519e-12  1.21573e-20
1.688453377e+00  5.8733236e-12  5.87332e-12  5.87332e-12  1.39376e-20
1.696895643e+00  5.8414721e-12  5.84147e-12  5.84147e-12  1.59666e-20
1.705380122e+00  5.8096388e-12  5.80964e-12  5.80964e-12  1.82772e-20
1.713907022e+00  5.7778264e-12  5.77783e-12  5.77783e-12  2.09066e-20
1.722476557e+00  5.7460373e-12  5.74604e-12  5.74604e-12  2.38964e-20
1.731088940e+00  5.7142741e-12  5.71427e-12  5.71427e-12  2.72937e-20
1.739744385e+00  5.6825391e-12  5.68254e-12  5.68254e-12  3.11511e-20
1.748443107e+00  5.6508349e-12  5.65083e-12  5.65083e-12  3.55275e-20
1.757185322e+00  5.6191637e-12  5.61916e-12  5.61916e-12  4.04893e-20
1.765971249e+00  5.5875280e-12  5.58753e-12  5.58753e-12  4.61107e-20
1.774801105e+00  5.5559300e-12  5.55593e-12  5.55593e-12  5.24746e-20
1.783675111e+00  5.5243719e-12  5.52437e-12  5.52437e-12  5.96740e-20
1.792593486e+00  5.4928560e-12  5.49286e-12  5.49286e-12  6.78126e-20
1.801556454e+00  5.4613845e-12  5.46138e-12  5.46138e-12  7.70066e-20
1.810564236e+00  5.4299595e-12  5.42996e-12  5.42996e-12  8.73852e-20
1.819617057e+00  5.3985831e-12  5.39858e-12  5.39858e-12  9.90930e-20
1.828715142e+00  5.3672575e-12  5.36726e-12  5.36726e-12  1.12291e-19
1.837858718e+00  5.3359846e-12  5.33598e-12  5.33598e-12  1.27157e-19
1.847048012e+00  5.3047665e-12  5.30477e-12  5.30477e-12  1.43893e-19
1.856283252e+00  5.2736051e-12  5.27361e-12  5.27360e-12  1.62718e-19
1.865564668e+00  5.2425023e-12  5.24250e-12  5.24250e-12  1.83881e-19
1.874892491e+00  5.2114602e-12  5.21146e-12  5.21146e-12  2.07654e-19
1.884266954e+00  5.1804805e-12  5.18048e-12  5.18048e-12  2.34341e-19
1.893688289e+00  5.1495651e-12  5.14957e-12  5.14956e-12  2.64279e-19
1.903156730e+00  5.1187157e-12  5.11872e-12  5.11872e-12  2.97841e-19
1.912672514e+00  5.0879342e-12  5.08793e-12  5.08793e-12  3.35442e-19
1.922235876e+00  5.0572223e-12  5.05722e-12  5.05722e-12  3.77537e-19
1.931847056e+00  5.0265817e-12  5.02658e-12  5.02658e-12  4.24634e-19
1.941506291e+00  4.9960139e-12  4.99601e-12  4.99601e-12  4.77291e-19
1.951213822e+00  4.9655208e-12  4.96552e-12  4.96552e-12  5.36126e-19
1.960969892e+00  4.9351038e-12  4.93510e-12  4.93510e-12  6.01821e-19
1.970774741e+00  4.9047646e-12  4.90476e-12  4.90476e-12  6.75127e-19
1.980628615e+00  4.8745046e-12  4.87450e-12  4.87450e-12  7.56872e-19
1.990531758e+00  4.8443255e-12  4.84433e-12  4.84432e-12  8.47971e-19
2.000484417e+00  4.8142286e-12  4.81423e-12  4.81423e-12  9.49426e-19
2.010486839e+00  4.7842154e-12  4.78422e-12  4.78421e-12  1.06234e-18
2.020539273e+00  4.7542873e-12  4.75429e-12  4.75429e-12  1.18794e-18
2.030641969e+00  4.7244457e-12  4.72445e-12  4.72444e-12  1.32754e-18
2.040795179e+00  4.6946919e-12  4.69469e-12  4.69469e-12  1.48262e-18
2.050999155e+00  4.6650273e-12  4.66503e-12  4.66503e-12  1.65479e-18
2.061254151e+00  4.6354532e-12  4.63545e-12  4.63545e-12  1.84580e-18
2.071560421e+00  4.6059708e-12  4.60597e-12  4.60597e-12  2.05758e-18
2.081918224e+00  4.5765813e-12  4.57658e-12  4.57658e-12  2.29226e-18
2.092327815e+00  4.5472860e-12  4.54729e-12  4.54728e-12  2.55214e-18
2.102789454e+00  4.5180861e-12  4.51809e-12  4.51808e-12  2.83975e-18
2.113303401e+00  4.4889826e-12  4.48898e-12  4.48898e-12  3.15787e-18
2.123869918e+00  4.4599767e-12  4.45998e-12  4.45997e-12  3.50950e-18
2.134489268e+00  4.4310696e-12  4.43107e-12  4.43107e-12  3.89795e-18
2.145161714e+00  4.4022622e-12  4.40226e-12  4.40226e-12  4.32681e-18
2.155887523e+00  4.3735555e-12  4.37356e-12  4.37355e-12  4.80001e-18
2.166666960e+00  4.3449508e-12  4.34495e-12  4.34495e-12  5.32181e-18
2.177500295e+00  4.3164488e-12  4.31645e-12  4.31644e-12  5.89687e-18
2.188387796e+00  4.2880505e-12  4.28805e-12  4.28804e-12  6.53025e-18
2.199329735e+00  4.2597570e-12  4.25976e-12  4.25975e-12  7.22745e-18
2.210326384e+00  4.2315691e-12  4.23157e-12  4.23156e-12  7.99445e-18
2.221378016e+00  4.2034877e-12  4.20349e-12  4.20348e-12  8.83776e-18
2.232484906e+00  4.1755136e-12  4.17551e-12  4.17550e-12  9.76443e-18
2.243647331e+00  4.1476477e-12  4.14765e-12  4.14764e-12  1.07821e-17
2.254865567e+00  4.1198908e-12  4.11989e-12  4.11988e-12  1.18991e-17
2.266139895e+00  4.0922437e-12  4.09224e-12  4.09223e-12  1.31244e-17
2.277470595e+00  4.0647071e-12  4.06471e-12  4.06469e-12  1.44677e-17
2.288857948e+00  4.0372818e-12  4.03728e-12  4.03727e-12  1.59396e-17
2.300302237e+00  4.0099685e-12  4.00997e-12  4.00995e-12  1.75515e-17
2.311803748e+00  3.9827680e-12  3.98277e-12  3.98275e-12  1.93157e-17
2.323362767e+00  3.9556808e-12  3.95568e-12  3.95566e-12  2.12454e-17
2.334979581e+00  3.9287077e-12  3.92871e-12  3.92868e-12  2.33552e-17
2.346654479e+00  3.9018492e-12  3.90185e-12  3.90182e-12  2.56605e-17
2.358387751e+00  3.8751060e-12  3.87511e-12  3.87508e-12  2.81781e-17
2.370179690e+00  3.8484787e-12  3.84848e-12  3.84845e-12  3.09259e-17
2.382030589e+00  3.8219678e-12  3.82197e-12  3.82193e-12  3.39235e-17
2.393940742e+00  3.7955739e-12  3.79557e-12  3.79554e-12  3.71917e-17
2.405910445e+00  3.7692976e-12  3.76930e-12  3.76926e-12  4.07531e-17
2.417939997e+00  3.7431393e-12  3.74314e-12  3.74309e-12  4.46319e-17
2.430029697e+00  3.7170995e-12  3.71710e-12  3.71705e-12  4.88542e-17
2.442179846e+00  3.6911787e-12  3.69118e-12  3.69113e-12  5.34478e-17
2.454390745e+00  3.6653774e-12  3.66538e-12  3.66532e-12  5.84429e-17
2.466662699e+00  3.6396960e-12  3.63970e-12  3.63963e-12  6.38716e-17
2.478996012e+00  3.6141349e-12  3.61413e-12  3.61407e-12  6.97686e-17
2.491390992e+00  3.5886946e-12  3.58869e-12  3.58862e-12  7.61709e-17
2.503847947e+00  3.5633755e-12  3.56338e-12  3.56329e-12  8.31182e-17
2.516367187e+00  3.5381778e-12  3.53818e-12  3.53809e-12  9.06530e-17
2.528949023e+00  3.5131020e-12  3.51310e-12  3.51300e-12  9.88209e-17
2.541593768e+00  3.4881484e-12  3.48815e-12  3.48804e-12  1.07670e-16
2.554301737e+00  3.4633174e-12  3.46332e-12  3.46320e-12  1.17254e-16
2.567073246e+00  3.4386092e-12  3.43861e-12  3.43848e-12  1.27626e-16
2.579908612e+00  3.4140243e-12  3.41402e-12  3.41389e-12  1.38847e-16
2.592808155e+00  3.3895628e-12  3.38956e-12  3.38941e-12  1.50980e-16
2.605772196e+00  3.3652250e-12  3.36522e-12  3.36506e-12  1.64093e-16
2.618801057e+00  3.3410112e-12  3.34101e-12  3.34083e-12  1.78258e-16
2.631895062e+00  3.3169218e-12  3.31692e-12  3.31673e-12  1.93551e-16
2.645054537e+00  3.2929568e-12  3.29296e-12  3.29275e-12  2.10054e-16
2.658279810e+00  3.2691166e-12  3.26912e-12  3.26889e-12  2.27855e-16
2.671571209e+00  3.2454013e-12  3.24540e-12  3.24515e-12  2.47046e-16
2.684929065e+00  3.2218113e-12  3.22181e-12  3.22154e-12  2.67726e-16
2.698353710e+00  3.1983467e-12  3.19835e-12  3.19806e-12  2.89999e-16
2.711845479e+00  3.1750076e-12  3.17501e-12  3.17469e-12  3.13977e-16
2.725404706e+00  3.1517943e-12  3.15179e-12  3.15145e-12  3.39778e-16
2.739031730e+00  3.1287071e-12  3.12871e-12  3.12834e-12  3.67527e-16
2.752726889e+00  3.1057459e-12  3.10575e-12  3.10535e-12  3.97357e-16
2.766490523e+00  3.0829111e-12  3.08291e-12  3.08248e-12  4.29410e-16
2.780322976e+00  3.0602028e-12  3.06020e-12  3.05974e-12  4.63835e-16
2.794224591e+00  3.0376212e-12  3.03762e-12  3.03712e-12  5.00791e-16
2.808195713e+00  3.0151664e-12  3.01517e-12  3.01463e-12  5.40444e-16
2.822236692e+00  2.9928385e-12  2.99284e-12  2.99226e-12  5.82972e-16
2.836347875e+00  2.9706378e-12  2.97064e-12  2.97001e-12  6.28564e-16
2.850529615e+00  2.9485643e-12  2.94856e-12  2.94789e-12  6.77417e-16
2.864782263e+00  2.9266183e-12  2.92662e-12  2.92589e-12  7.29740e-16
2.879106174e+00  2.9047999e-12  2.90480e-12  2.90401e-12  7.85756e-16
2.893501705e+00  2.8831092e-12  2.88311e-12  2.88226e-12  8.45697e-16
2.907969214e+00  2.8615464e-12  2.86155e-12  2.86064e-12  9.09810e-16
2.922509060e+00  2.8401116e-12  2.84011e-12  2.83913e-12  9.78355e-16
2.937121605e+00  2.8188050e-12  2.81881e-12  2.81775e-12  1.05161e-15
2.951807213e+00  2.7976268e-12  2.79763e-12  2.79650e-12  1.12985e-15
2.966566249e+00  2.7765772e-12  2.77658e-12  2.77536e-12  1.21339e-15
2.981399080e+00  2.7556562e-12  2.75566e-12  2.75435e-12  1.30256e-15
2.996306076e+00  2.7348641e-12  2.73486e-12  2.73347e-12  1.39767e-15
3.011287606e+00  2.7142011e-12  2.71420e-12  2.71270e-12  1.49910e-15
3.026344044e+00  2.6936674e-12  2.69367e-12  2.69206e-12  1.60720e-15
3.041475764e+00  2.6732631e-12  2.67326e-12  2.67154e-12  1.72237e-15
3.056683143e+00  2.6529885e-12  2.65299e-12  2.65114e-12  1.84503e-15
3.071966559e+00  2.6328438e-12  2.63284e-12  2.63087e-12  1.97560e-15
3.087326392e+00  2.6128293e-12  2.61283e-12  2.61071e-12  2.11453e-15
3.102763024e+00  2.5929451e-12  2.59295e-12  2.59068e-12  2.26229e-15
3.118276839e+00  2.5731916e-12  2.57319e-12  2.57077e-12  2.41939e-15
3.133868223e+00  2.5535690e-12  2.55357e-12  2.55098e-12  2.58634e-15
3.149537564e+00  2.5340777e-12  2.53408e-12  2.53131e-12  2.76369e-15
3.165285252e+00  2.5147179e-12  2.51472e-12  2.51177e-12  2.95200e-15
3.181111678e+00  2.4954900e-12  2.49549e-12  2.49234e-12  3.15188e-15
3.197017237e+00  2.4763943e-12  2.47639e-12  2.47303e-12  3.36395e-15
3.213002323e+00  2.4574312e-12  2.45743e-12  2.45384e-12  3.58885e-15
3.229067334e+00  2.4386010e-12  2.43860e-12  2.43477e-12  3.82727e-15
3.245212671e+00  2.4199043e-12  2.41990e-12  2.41582e-12  4.07992e-15
3.261438734e+00  2.4013414e-12  2.40134e-12  2.39699e-12  4.34755e-15
3.277745928e+00  2.3829128e-12  2.38291e-12  2.37828e-12  4.63092e-15
3.294134658e+00  2.3646190e-12  2.36462e-12  2.35969e-12  4.93084e-15
3.310605331e+00  2.3464605e-12  2.34646e-12  2.34121e-12  5.24816e-15
3.327158358e+00  2.3284378e-12  2.32844e-12  2.32285e-12  5.58375e-15
3.343794149e+00  2.3105516e-12  2.31055e-12  2.30461e-12  5.93852e-15
3.360513120e+00  2.2928024e-12  2.29280e-12  2.28649e-12  6.31343e-15
3.377315686e+00  2.2751909e-12  2.27519e-12  2.26848e-12  6.70947e-15
3.394202264e+00  2.2577178e-12  2.25772e-12  2.25059e-12  7.12766e-15
3.411173276e+00  2.2403837e-12  2.24038e-12  2.23281e-12  7.56907e-15
3.428229142e+00  2.2231895e-12  2.22319e-12  2.21515e-12  8.03483e-15
3.445370288e+00  2.2061358e-12  2.20614e-12  2.19761e-12  8.52607e-15
3.462597139e+00  2.1892235e-12  2.18922e-12  2.18018e-12  9.04400e-15
3.479910125e+00  2.1724535e-12  2.17245e-12  2.16286e-12  9.58987e-15
3.497309675e+00  2.1558267e-12  2.15583e-12  2.14566e-12  1.01650e-14
3.514796224e+00  2.1393440e-12  2.13934e-12  2.12857e-12  1.07706e-14
3.532370205e+00  2.1230065e-12  2.12301e-12  2.11160e-12  1.14082e-14
3.550032056e+00  2.1068151e-12  2.10682e-12  2.09474e-12  1.20792e-14
3.567782216e+00  2.0907709e-12  2.09077e-12  2.07799e-12  1.27851e-14
3.585621127e+00  2.0748751e-12  2.07488e-12  2.06135e-12  1.35274e-14
3.603549233e+00  2.0591288e-12  2.05913e-12  2.04482e-12  1.43077e-14
3.621566979e+00  2.0435333e-12  2.04353e-12  2.02841e-12  1.51277e-14
3.639674814e+00  2.0280899e-12  2.02809e-12  2.01210e-12  1.59890e-14
3.657873188e+00  2.0127999e-12  2.01280e-12  1.99591e-12  1.68935e-14
3.676162554e+00  1.9976646e-12  1.99766e-12  1.97982e-12  1.78429e-14
3.694543367e+00  1.9826856e-12  1.98269e-12  1.96385e-12  1.88392e-14
3.713016084e+00  1.9678643e-12  1.96786e-12  1.94798e-12  1.98842e-14
3.731581164e+00  1.9532023e-12  1.95320e-12  1.93222e-12  2.09800e-14
3.750239070e+00  1.9387012e-12  1.93870e-12  1.91657e-12  2.21286e-14
3.768990265e+00  1.9243627e-12  1.92436e-12  1.90103e-12  2.33322e-14
3.787835216e+00  1.9101885e-12  1.91019e-12  1.88560e-12  2.45929e-14
3.806774393e+00  1.8961805e-12  1.89618e-12  1.87027e-12  2.59131e-14
3.825808265e+00  1.8823404e-12  1.88234e-12  1.85505e-12  2.72950e-14
3.844937306e+00  1.8686703e-12  1.86867e-12  1.83993e-12  2.87410e-14
3.864161992e+00  1.8551721e-12  1.85517e-12  1.82492e-12  3.02535e-14
3.883482802e+00  1.8418479e-12  1.84185e-12  1.81001e-12  3.18352e-14
3.902900216e+00  1.8286999e-12  1.82870e-12  1.79521e-12  3.34886e-14
3.922414717e+00  1.8157301e-12  1.81573e-12  1.78051e-12  3.52164e-14
3.942026791e+00  1.8029410e-12  1.80294e-12  1.76592e-12  3.70213e-14
3.961736925e+00  1.7903347e-12  1.79033e-12  1.75143e-12  3.89061e-14
3.981545610e+00  1.7779138e-12  1.77791e-12  1.73704e-12  4.08738e-14
4.001453338e+00  1.7656808e-12  1.76568e-12  1.72275e-12  4.29272e-14
4.021460604e+00  1.7536381e-12  1.75364e-12  1.70857e-12  4.50694e-14
4.041567907e+00  1.7417884e-12  1.74179e-12  1.69448e-12  4.73036e-14
4.061775747e+00  1.7301345e-12  1.73013e-12  1.68050e-12  4.96328e-14
4.082084626e+00  1.7186790e-12  1.71868e-12  1.66662e-12  5.20604e-14
4.102495049e+00  1.7074249e-12  1.70742e-12  1.65284e-12  5.45898e-14
4.123007524e+00  1.6963750e-12  1.69637e-12  1.63915e-12  5.72242e-14
4.143622562e+00  1.6855324e-12  1.68553e-12  1.62557e-12  5.99673e-14
4.164340674e+00  1.6749001e-12  1.67490e-12  1.61208e-12  6.28225e-14
4.185162378e+00  1.6644814e-12  1.66448e-12  1.59869e-12  6.57936e-14
4.206088190e+00  1.6542793e-12  1.65428e-12  1.58540e-12  6.88842e-14
4.227118631e+00  1.6442973e-12  1.64430e-12  1.57220e-12  7.20981e-14
4.248254224e+00  1.6345387e-12  1.63454e-12  1.55910e-12  7.54393e-14
4.269495495e+00  1.6250070e-12  1.62501e-12  1.54610e-12  7.89116e-14
4.290842972e+00  1.6157057e-12  1.61571e-12  1.53319e-12  8.25191e-14
4.312297187e+00  1.6066384e-12  1.60664e-12  1.52037e-12  8.62660e-14
4.333858673e+00  1.5978088e-12  1.59781e-12  1.50765e-12  9.01564e-14
4.355527967e+00  1.5892207e-12  1.58922e-12  1.49503e-12  9.41945e-14
4.377305606e+00  1.5808779e-12  1.58088e-12  1.48249e-12  9.83847e-14
4.399192134e+00  1.5727843e-12  1.57278e-12  1.47005e-12  1.02731e-13
4.421188095e+00  1.5649440e-12  1.56494e-12  1.45770e-12  1.07239e-13
4.443294036e+00  1.5573608e-12  1.55736e-12  1.44545e-12  1.11912e-13
4.465510506e+00  1.5500391e-12  1.55004e-12  1.43328e-12  1.16756e-13
4.487838058e+00  1.5429830e-12  1.54298e-12  1.42121e-12  1.21774e-13
4.510277249e+00  1.5361968e-12  1.53620e-12  1.40922e-12  1.26972e-13
4.532828635e+00  1.5296847e-12  1.52968e-12  1.39733e-12  1.32355e-13
4.555492778e+00  1.5234513e-12  1.52345e-12  1.38552e-12  1.37926e-13
4.578270242e+00  1.5175010e-12  1.51750e-12  1.37381e-12  1.43693e-13
4.601161593e+00  1.5118384e-12  1.51184e-12  1.36218e-12  1.49659e-13
4.624167401e+00  1.5064680e-12  1.50647e-12  1.35064e-12  1.55829e-13
4.647288238e+00  1.5013945e-12  1.50139e-12  1.33919e-12  1.62209e-13
4.670524679e+00  1.4966227e-12  1.49662e-12  1.32782e-12  1.68804e-13
4.693877303e+00  1.4921573e-12  1.49216e-12  1.31654e-12  1.75619e-13
4.717346689e+00  1.4880032e-12  1.48800e-12  1.30534e-12  1.82660e-13
4.740933423e+00  1.4841654e-12  1.48417e-12  1.29423e-12  1.89931e-13
4.764638090e+00  1.4806487e-12  1.48065e-12  1.28321e-12  1.97440e-13
4.788461280e+00  1.4774582e-12  1.47746e-12  1.27227e-12  2.05190e-13
4.812403587e+00  1.4745989e-12  1.47460e-12  1.26141e-12  2.13187e-13
4.836465604e+00  1.4720760e-12  1.47208e-12  1.25064e-12  2.21438e-13
4.860647933e+00  1.4698946e-12  1.46989e-12  1.23995e-12  2.29948e-13
4.884951172e+00  1.4680599e-12  1.46806e-12  1.22934e-12  2.38722e-13
4.909375928e+00  1.4665771e-12  1.46658e-12  1.21881e-12  2.47766e-13
4.933922808e+00  1.4654515e-12  1.46545e-12  1.20837e-12  2.57086e-13
4.958592422e+00  1.4646884e-12  1.46469e-12  1.19800e-12  2.66688e-13
4.983385384e+00  1.4642932e-12  1.46429e-12  1.18772e-12  2.76578e-13
5.008302311e+00  1.4642712e-12  1.46427e-12  1.17751e-12  2.86761e-13
5.033343822e+00  1.4646279e-12  1.46463e-12  1.16738e-12  2.97243e-13
5.058510541e+00  1.4653685e-12  1.46537e-12  1.15734e-12  3.08031e-13
5.083803094e+00  1.4664987e-12  1.46650e-12  1.14737e-12  3.19130e-13
5.109222110e+00  1.4680237e-12  1.46802e-12  1.13748e-12  3.30546e-13
5.134768220e+00  1.4699492e-12  1.46995e-12  1.12766e-12  3.42285e-13
5.160442061e+00  1.4722805e-12  1.47228e-12  1.11793e-12  3.54353e-13
5.186244272e+00  1.4750231e-12  1.47502e-12  1.10827e-12  3.66756e-13
5.212175493e+00  1.4781826e-12  1.47818e-12  1.09868e-12  3.79499e-13
5.238236370e+00  1.4817645e-12  1.48176e-12  1.08917e-12  3.92590e-13
5.264427552e+00  1.4857741e-12  1.48577e-12  1.07974e-12  4.06034e-13
5.290749690e+00  1.4902169e-12  1.49022e-12  1.07038e-12  4.19837e-13
5.317203438e+00  1.4950985e-12  1.49510e-12  1.06109e-12  4.34004e-13
5.343789456e+00  1.5004242e-12  1.50042e-12  1.05188e-12  4.48542e-13
5.370508403e+00  1.5061996e-12  1.50620e-12  1.04274e-12  4.63457e-13
5.397360945e+00  1.5124298e-12  1.51243e-12  1.03368e-12  4.78754e-13
5.424347750e+00  1.5191205e-12  1.51912e-12  1.02468e-12  4.94439e-13
5.451469488e+00  1.5262768e-12  1.52628e-12  1.01576e-12  5.10518e-13
5.478726836e+00  1.5339041e-12  1.53390e-12  1.00691e-12  5.26998e-13
5.506120470e+00  1.5420076e-12  1.54201e-12  9.98125e-13  5.43882e-13
5.533651072e+00  1.5505925e-12  1.55059e-12  9.89414e-13  5.61178e-13
5.561319328e+00  1.5596640e-12  1.55966e-12  9.80773e-13  5.78891e-13
5.589125924e+00  1.5692273e-12  1.56923e-12  9.72200e-13  5.97027e-13
5.617071554e+00  1.5792873e-12  1.57929e-12  9.63697e-13  6.15590e-13
5.645156912e+00  1.5898491e-12  1.58985e-12  9.55262e-13  6.34587e-13
5.673382696e+00  1.6009175e-12  1.60092e-12  9.46895e-13  6.54023e-13
5.701749610e+00  1.6124974e-12  1.61250e-12  9.38595e-13  6.73902e-13
5.730258358e+00  1.6245936e-12  1.62459e-12  9.30362e-13  6.94231e-13
5.758909650e+00  1.6372108e-12  1.63721e-12  9.22196e-13  7.15015e-13
5.787704198e+00  1.6503536e-12  1.65035e-12  9.14096e-13  7.36258e-13
5.816642719e+00  1.6640265e-12  1.66403e-12  9.06061e-13  7.57965e-13
5.845725932e+00  1.6782339e-12  1.67823e-12  8.98092e-13  7.80142e-13
5.874954562e+00  1.6929802e-12  1.69298e-12  8.90187e-13  8.02793e-13
5.904329335e+00  1.7082695e-12  1.70827e-12  8.82347e-13  8.25923e-13
5.933850982e+00  1.7241060e-12  1.72411e-12  8.74570e-13  8.49536e-13
5.963520237e+00  1.7404937e-12  1.74049e-12  8.66857e-13  8.73637e-13
5.993337838e+00  1.7574366e-12  1.75744e-12  8.59207e-13  8.98230e-13
6.023304527e+00  1.7749382e-12  1.77494e-12  8.51619e-13  9.23319e-13
6.053421050e+00  1.7930024e-12  1.79300e-12  8.44093e-13  9.48909e-13
6.083688155e+00  1.8116326e-12  1.81163e-12  8.36629e-13  9.75004e-13
6.114106596e+00  1.8308322e-12  1.83083e-12  8.29226e-13  1.00161e-12
6.144677129e+00  1.8506045e-12  1.85060e-12  8.21884e-13  1.02872e-12
6.175400514e+00  1.8709525e-12  1.87095e-12  8.14602e-13  1.05635e-12
6.206277517e+00  1.8918793e-12  1.89188e-12  8.07381e-13  1.08450e-12
6.237308904e+00  1.9133875e-12  1.91339e-12  8.00218e-13  1.11317e-12
6.268495449e+00  1.9354800e-12  1.93548e-12  7.93115e-13  1.14236e-12
6.299837926e+00  1.9581592e-12  1.95816e-12  7.86070e-13  1.17209e-12
6.331337116e+00  1.9814274e-12  1.98143e-12  7.79084e-13  1.20234e-12
6.362993801e+00  2.0052868e-12  2.00529e-12  7.72156e-13  1.23313e-12
6.394808770e+00  2.0297394e-12  2.02974e-12  7.65285e-13  1.26445e-12
6.426782814e+00  2.0547871e-12  2.05479e-12  7.58470e-13  1.29632e-12
6.458916728e+00  2.0804315e-12  2.08043e-12  7.51713e-13  1.32872e-12
6.491211312e+00  2.1066741e-12  2.10667e-12  7.45012e-13  1.36166e-12
6.523667368e+00  2.1335163e-12  2.13352e-12  7.38366e-13  1.39515e-12
6.556285705e+00  2.1609590e-12  2.16096e-12  7.31776e-13  1.42918e-12
6.589067134e+00  2.1890033e-12  2.18900e-12  7.25241e-13  1.46376e-12
6.622012469e+00  2.2176499e-12  2.21765e-12  7.18760e-13  1.49889e-12
6.655122532e+00  2.2468993e-12  2.24690e-12  7.12333e-13  1.53457e-12
6.688398144e+00  2.2767519e-12  2.27675e-12  7.05961e-13  1.57079e-12
6.721840135e+00  2.3072078e-12  2.30721e-12  6.99641e-13  1.60757e-12
6.755449336e+00  2.3382669e-12  2.33827e-12  6.93375e-13  1.64489e-12
6.789226583e+00  2.3699291e-12  2.36993e-12  6.87161e-13  1.68277e-12
6.823172715e+00  2.4021938e-12  2.40219e-12  6.80999e-13  1.72119e-12
6.857288579e+00  2.4350604e-12  2.43506e-12  6.74890e-13  1.76017e-12
6.891575022e+00  2.4685280e-12  2.46853e-12  6.68831e-13  1.79970e-12
6.926032897e+00  2.5025954e-12  2.50260e-12  6.62824e-13  1.83977e-12
6.960663062e+00  2.5372614e-12  2.53726e-12  6.56867e-13  1.88039e-12
6.995466377e+00  2.5725245e-12  2.57252e-12  6.50961e-13  1.92156e-12
7.030443709e+00  2.6083828e-12  2.60838e-12  6.45104e-13  1.96328e-12
7.065595927e+00  2.6448344e-12  2.64483e-12  6.39298e-13  2.00554e-12
7.100923907e+00  2.6818772e-12  2.68188e-12  6.33540e-13  2.04834e-12
7.136428526e+00  2.7195087e-12  2.71951e-12  6.27831e-13  2.09168e-12
7.172110669e+00  2.7577263e-12  2.75773e-12  6.22170e-13  2.13556e-12
7.207971222e+00  2.7965271e-12  2.79653e-12  6.16558e-13  2.17997e-12
7.244011079e+00  2.8359081e-12  2.83591e-12  6.10993e-13  2.22491e-12
7.280231134e+00  2.8758659e-12  2.87587e-12  6.05476e-13  2.27039e-12
7.316632290e+00  2.9163970e-12  2.91640e-12  6.00005e-13  2.31639e-12
7.353215451e+00  2.9574977e-12  2.95750e-12  5.94582e-13  2.36292e-12
7.389981528e+00  2.9991641e-12  2.99916e-12  5.89204e-13  2.40996e-12
7.426931436e+00  3.0413918e-12  3.04139e-12  5.83873e-13  2.45752e-12
7.464066093e+00  3.0841764e-12  3.08418e-12  5.78586e-13  2.50559e-12
7.501386424e+00  3.1275134e-12  3.12751e-12  5.73346e-13  2.55417e-12
7.538893356e+00  3.1713978e-12  3.17140e-12  5.68150e-13  2.60325e-12
7.576587822e+00  3.2158246e-12  3.21582e-12  5.62998e-13  2.65283e-12
7.614470762e+00  3.2607883e-12  3.26079e-12  5.57891e-13  2.70290e-12
7.652543115e+00  3.3062835e-12  3.30628e-12  5.52828e-13  2.75346e-12
7.690805831e+00  3.3523045e-12  3.35230e-12  5.47808e-13  2.80450e-12
7.729259860e+00  3.3988451e-12  3.39885e-12  5.42831e-13  2.85601e-12
7.767906159e+00  3.4458993e-12  3.44590e-12  5.37897e-13  2.90800e-12
7.806745690e+00  3.4934606e-12  3.49346e-12  5.33005e-13  2.96046e-12
7.845779419e+00  3.5415224e-12  3.54152e-12  5.28156e-13  3.01337e-12
7.885008316e+00  3.5900779e-12  3.59008e-12  5.23349e-13  3.06673e-12
7.924433357e+00  3.6391199e-12  3.63912e-12  5.18583e-13  3.12054e-12
7.964055524e+00  3.6886413e-12  3.68864e-12  5.13858e-13  3.17478e-12
8.003875802e+00  3.7386345e-12  3.73863e-12  5.09174e-13  3.22946e-12
8.043895181e+00  3.7890920e-12  3.78909e-12  5.04531e-13  3.28456e-12
8.084114657e+00  3.8400057e-12  3.84001e-12  4.99928e-13  3.34008e-12
8.124535230e+00  3.8913678e-12  3.89137e-12  4.95364e-13  3.39600e-12
8.165157906e+00  3.9431698e-12  3.94317e-12  4.90841e-13  3.45233e-12
8.205983696e+00  3.9954034e-12  3.99540e-12  4.86356e-13  3.50905e-12
8.247013614e+00  4.0480599e-12  4.04806e-12  4.81911e-13  3.56615e-12
8.288248682e+00  4.1011304e-12  4.10113e-12  4.77504e-13  3.62363e-12
8.329689926e+00  4.1546061e-12  4.15461e-12  4.73136e-13  3.68147e-12
8.371338375e+00  4.2084776e-12  4.20848e-12  4.68806e-13  3.73967e-12
8.413195067e+00  4.2627356e-12  4.26274e-12  4.64513e-13  3.79822e-12
8.455261042e+00  4.3173705e-12  4.31737e-12  4.60258e-13  3.85711e-12
8.497537348e+00  4.3723727e-12  4.37237e-12  4.56040e-13  3.91633e-12
8.540025034e+00  4.4277323e-12  4.42773e-12  4.51859e-13  3.97587e-12
8.582725160e+00  4.4834392e-12  4.48344e-12  4.47714e-13  4.03573e-12
8.625638785e+00  4.5394833e-12  4.53948e-12  4.43606e-13  4.09588e-12
8.668766979e+00  4.5958542e-12  4.59585e-12  4.39533e-13  4.15632e-12
8.712110814e+00  4.6525415e-12  4.65254e-12  4.35497e-13  4.21704e-12
8.755671368e+00  4.7095344e-12  4.70953e-12  4.31496e-13  4.27804e-12
8.799449725e+00  4.7668223e-12  4.76682e-12  4.27529e-13  4.33929e-12
8.843446974e+00  4.8243941e-12  4.82439e-12  4.23598e-13  4.40080e-12
8.887664209e+00  4.8822390e-12  4.88224e-12  4.19701e-13  4.46254e-12
8.932102530e+00  4.9403456e-12  4.94035e-12  4.15839e-13  4.52451e-12
8.976763042e+00  4.9987028e-12  4.99870e-12  4.12010e-13  4.58669e-12
9.021646857e+00  5.0572992e-12  5.05730e-12  4.08215e-13  4.64908e-12
9.066755092e+00  5.1161231e-12  5.11612e-12  4.04454e-13  4.71167e-12
9.112088867e+00  5.1751631e-12  5.17516e-12  4.00726e-13  4.77444e-12
9.157649312e+00  5.2344073e-12  5.23441e-12  3.97030e-13  4.83738e-12
9.203437558e+00  5.2938441e-12  5.29384e-12  3.93367e-13  4.90048e-12
9.249454746e+00  5.3534614e-12  5.35346e-12  3.89737e-13  4.96372e-12
9.295702020e+00  5.4132473e-12  5.41325e-12  3.86139e-13  5.02711e-12
9.342180530e+00  5.4731898e-12  5.47319e-12  3.82572e-13  5.09062e-12
9.388891432e+00  5.5332766e-12  5.53328e-12  3.79037e-13  5.15424e-12
9.435835890e+00  5.5934956e-12  5.59350e-12  3.75534e-13  5.21796e-12
9.483015069e+00  5.6538345e-12  5.65383e-12  3.72061e-13  5.28177e-12
9.530430144e+00  5.7142809e-12  5.71428e-12  3.68620e-13  5.34566e-12
9.578082295e+00  5.7748225e-12  5.77482e-12  3.65209e-13  5.40961e-12
9.625972707e+00  5.8354468e-12  5.83545e-12  3.61828e-13  5.47362e-12
9.674102570e+00  5.8961413e-12  5.89614e-12  3.58477e-13  5.53766e-12
9.722473083e+00  5.9568936e-12  5.95689e-12  3.55156e-13  5.60174e-12
9.771085448e+00  6.0176910e-12  6.01769e-12  3.51864e-13  5.66583e-12
9.819940876e+00  6.0785209e-12  6.07852e-12  3.48602e-13  5.72992e-12
9.869040580e+00  6.1393708e-12  6.13937e-12  3.45369e-13  5.79400e-12
9.918385783e+00  6.2002281e-12  6.20023e-12  3.42165e-13  5.85806e-12
9.967977712e+00  6.2610801e-12  6.26108e-12  3.38989e-13  5.92209e-12
1.001781760e+01  6.3219141e-12  6.32191e-12  3.35842e-13  5.98607e-12
1.006790669e+01  6.3827176e-12  6.38272e-12  3.32723e-13  6.05000e-12
1.011824622e+01  6.4434779e-12  6.44348e-12  3.29631e-13  6.11385e-12
1.016883745e+01  6.5041823e-12  6.50418e-12  3.26567e-13  6.17761e-12
1.021968164e+01  6.5648183e-12  6.56482e-12  3.23531e-13  6.24129e-12
1.027078005e+01  6.6253732e-12  6.62537e-12  3.20522e-13  6.30485e-12
1.032213395e+01  6.6858345e-12  6.68583e-12  3.17540e-13  6.36829e-12
1.037374462e+01  6.7461897e-12  6.74619e-12  3.14584e-13  6.43161e-12
1.042561334e+01  6.8064263e-12  6.80643e-12  3.11655e-13  6.49477e-12
1.047774141e+01  6.8665317e-12  6.86653e-12  3.08753e-13  6.55778e-12
1.053013012e+01  6.9264936e-12  6.92649e-12  3.05876e-13  6.62062e-12
1.058278077e+01  6.9862997e-12  6.98630e-12  3.03025e-13  6.68327e-12
1.063569467e+01  7.0459375e-12  7.04594e-12  3.00200e-13  6.74574e-12
1.068887314e+01  7.1053949e-12  7.10539e-12  2.97400e-13  6.80799e-12
1.074231751e+01  7.1646597e-12  7.16466e-12  2.94626e-13  6.87003e-12
1.079602910e+01  7.2237197e-12  7.22372e-12  2.91876e-13  6.93184e-12
1.085000924e+01  7.2825630e-12  7.28256e-12  2.89152e-13  6.99341e-12
1.090425929e+01  7.3411775e-12  7.34118e-12  2.86451e-13  7.05473e-12
1.095878058e+01  7.3995513e-12  7.39955e-12  2.83775e-13  7.11578e-12
1.101357449e+01  7.4576728e-12  7.45767e-12  2.81124e-13  7.17655e-12
1.106864236e+01  7.5155301e-12  7.51553e-12  2.78496e-13  7.23703e-12
1.112398557e+01  7.5731116e-12  7.57311e-12  2.75892e-13  7.29722e-12
1.117960550e+01  7.6304060e-12  7.63041e-12  2.73311e-13  7.35709e-12
1.123550353e+01  7.6874016e-12  7.68740e-12  2.70754e-13  7.41665e-12
1.129168104e+01  7.7440874e-12  7.74409e-12  2.68220e-13  7.47587e-12
1.134813945e+01  7.8004520e-12  7.80045e-12  2.65709e-13  7.53474e-12
1.140488015e+01  7.8564845e-12  7.85648e-12  2.63220e-13  7.59326e-12
1.146190455e+01  7.9121738e-12  7.91217e-12  2.60754e-13  7.65142e-12
1.151921407e+01  7.9675091e-12  7.96751e-12  2.58311e-13  7.70920e-12
1.157681014e+01  8.0224798e-12  8.02248e-12  2.55889e-13  7.76659e-12
1.163469419e+01  8.0770753e-12  8.07708e-12  2.53490e-13  7.82359e-12
1.169286766e+01  8.1312852e-12  8.13129e-12  2.51112e-13  7.88017e-12
1.175133200e+01  8.1850991e-12  8.18510e-12  2.48756e-13  7.93634e-12
1.181008866e+01  8.2385069e-12  8.23851e-12  2.46422e-13  7.99209e-12
1.186913910e+01  8.2914986e-12  8.29150e-12  2.44108e-13  8.04739e-12
1.192848480e+01  8.3440643e-12  8.34406e-12  2.41816e-13  8.10225e-12
1.198812722e+01  8.3961943e-12  8.39619e-12  2.39545e-13  8.15665e-12
1.204806786e+01  8.4478791e-12  8.44788e-12  2.37294e-13  8.21059e-12
1.210830820e+01  8.4991092e-12  8.49911e-12  2.35064e-13  8.26405e-12
1.216884974e+01  8.5498753e-12  8.54988e-12  2.32854e-13  8.31702e-12
1.222969399e+01  8.6001685e-12  8.60017e-12  2.30664e-13  8.36950e-12
1.229084246e+01  8.6499797e-12  8.64998e-12  2.28494e-13  8.42149e-12
1.235229667e+01  8.6993002e-12  8.69930e-12  2.26344e-13  8.47296e-12
1.241405815e+01  8.7481214e-12  8.74812e-12  2.24214e-13  8.52391e-12
1.247612845e+01  8.7964348e-12  8.79643e-12  2.22103e-13  8.57433e-12
1.253850909e+01  8.8442322e-12  8.84423e-12  2.20011e-13  8.62422e-12
1.260120163e+01  8.8915055e-12  8.89151e-12  2.17938e-13  8.67357e-12
1.266420764e+01  8.9382468e-12  8.93825e-12  2.15885e-13  8.72236e-12
1.272752868e+01  8.9844483e-12  8.98445e-12  2.13850e-13  8.77060e-12
1.279116632e+01  9.0301025e-12  9.03010e-12  2.11834e-13  8.81827e-12
1.285512215e+01  9.0752019e-12  9.07520e-12  2.09836e-13  8.86537e-12
1.291939776e+01  9.1197395e-12  9.11974e-12  2.07857e-13  8.91188e-12
1.298399475e+01  9.1637082e-12  9.16371e-12  2.05896e-13  8.95781e-12
1.304891473e+01  9.2071010e-12  9.20710e-12  2.03952e-13  9.00315e-12
1.311415930e+01  9.2499114e-12  9.24991e-12  2.02027e-13  9.04788e-12
1.317973010e+01  9.2921330e-12  9.29213e-12  2.00119e-13  9.09201e-12
1.324562875e+01  9.3337593e-12  9.33376e-12  1.98229e-13  9.13553e-12
1.331185689e+01  9.3747843e-12  9.37478e-12  1.96356e-13  9.17843e-12
1.337841618e+01  9.4152022e-12  9.41520e-12  1.94501e-13  9.22070e-12
1.344530826e+01  9.4550071e-12  9.45501e-12  1.92662e-13  9.26235e-12
1.351253480e+01  9.4941935e-12  9.49419e-12  1.90840e-13  9.30335e-12
1.358009747e+01  9.5327561e-12  9.53276e-12  1.89035e-13  9.34372e-12
1.364799796e+01  9.5706897e-12  9.57069e-12  1.87247e-13  9.38344e-12
1.371623795e+01  9.6079894e-12  9.60799e-12  1.85475e-13  9.42251e-12
1.378481914e+01  9.6446503e-12  9.64465e-12  1.83720e-13  9.46093e-12
1.385374323e+01  9.6806678e-12  9.68067e-12  1.81981e-13  9.49869e-12
1.392301195e+01  9.7160377e-12  9.71604e-12  1.80257e-13  9.53578e-12
1.399262701e+01  9.7507555e-12  9.75076e-12  1.78550e-13  9.57221e-12
1.406259015e+01  9.7848174e-12  9.78482e-12  1.76858e-13  9.60796e-12
1.413290310e+01  9.8182194e-12  9.81822e-12  1.75182e-13  9.64304e-12
1.420356761e+01  9.8509579e-12  9.85096e-12  1.73522e-13  9.67744e-12
1.427458545e+01  9.8830295e-12  9.88303e-12  1.71877e-13  9.71115e-12
1.434595838e+01  9.9144309e-12  9.91443e-12  1.70247e-13  9.74418e-12
1.441768817e+01  9.9451589e-12  9.94516e-12  1.68632e-13  9.77653e-12
1.448977661e+01  9.9752107e-12  9.97521e-12  1.67032e-13  9.80818e-12
1.456222549e+01  1.0004583e-11  1.00046e-11  1.65447e-13  9.83914e-12
1.463503662e+01  1.0033275e-11  1.00333e-11  1.63876e-13  9.86940e-12
1.470821180e+01  1.0061282e-11  1.00613e-11  1.62320e-13  9.89896e-12
1.478175286e+01  1.0088604e-11  1.00886e-11  1.60779e-13  9.92782e-12
1.485566163e+01  1.0115237e-11  1.01152e-11  1.59252e-13  9.95599e-12
1.492993994e+01  1.0141181e-11  1.01412e-11  1.57739e-13  9.98344e-12
1.500458964e+01  1.0166433e-11  1.01664e-11  1.56239e-13  1.00102e-11
1.507961258e+01  1.0190992e-11  1.01910e-11  1.54754e-13  1.00362e-11
1.515501065e+01  1.0214856e-11  1.02149e-11  1.53283e-13  1.00616e-11
1.523078570e+01  1.0238026e-11  1.02380e-11  1.51825e-13  1.00862e-11
1.530693963e+01  1.0260499e-11  1.02605e-11  1.50381e-13  1.01101e-11
1.538347433e+01  1.0282275e-11  1.02823e-11  1.48950e-13  1.01333e-11
1.546039170e+01  1.0303354e-11  1.03034e-11  1.47533e-13  1.01558e-11
1.553769366e+01  1.0323734e-11  1.03237e-11  1.46129e-13  1.01776e-11
1.561538212e+01  1.0343416e-11  1.03434e-11  1.44738e-13  1.01987e-11
1.569345903e+01  1.0362400e-11  1.03624e-11  1.43359e-13  1.02190e-11
1.577192633e+01  1.0380685e-11  1.03807e-11  1.41994e-13  1.02387e-11
1.585078596e+01  1.0398273e-11  1.03983e-11  1.40641e-13  1.02576e-11
1.593003989e+01  1.0415162e-11  1.04152e-11  1.39301e-13  1.02759e-11
1.600969009e+01  1.0431354e-11  1.04314e-11  1.37974e-13  1.02934e-11
1.608973854e+01  1.0446850e-11  1.04468e-11  1.36658e-13  1.03102e-11
1.617018723e+01  1.0461650e-11  1.04616e-11  1.35355e-13  1.03263e-11
1.625103817e+01  1.0475755e-11  1.04758e-11  1.34065e-13  1.03417e-11
1.633229336e+01  1.0489167e-11  1.04892e-11  1.32786e-13  1.03564e-11
1.641395483e+01  1.0501887e-11  1.05019e-11  1.31519e-13  1.03704e-11
1.649602460e+01  1.0513916e-11  1.05139e-11  1.30264e-13  1.03837e-11
1.657850473e+01  1.0525255e-11  1.05253e-11  1.29021e-13  1.03962e-11
1.666139725e+01  1.0535908e-11  1.05359e-11  1.27789e-13  1.04081e-11
1.674470424e+01  1.0545875e-11  1.05459e-11  1.26569e-13  1.04193e-11
1.682842776e+01  1.0555158e-11  1.05552e-11  1.25360e-13  1.04298e-11
1.691256990e+01  1.0563760e-11  1.05638e-11  1.24163e-13  1.04396e-11
1.699713274e+01  1.0571683e-11  1.05717e-11  1.22977e-13  1.04487e-11
1.708211841e+01  1.0578929e-11  1.05789e-11  1.21801e-13  1.04571e-11
1.716752900e+01  1.0585500e-11  1.05855e-11  1.20637e-13  1.04649e-11
1.725336665e+01  1.0591401e-11  1.05914e-11  1.19484e-13  1.04719e-11
1.733963348e+01  1.0596632e-11  1.05966e-11  1.18342e-13  1.04783e-11
1.742633165e+01  1.0601198e-11  1.06012e-11  1.17210e-13  1.04840e-11
1.751346330e+01  1.0605101e-11  1.06051e-11  1.16089e-13  1.04890e-11
1.760103062e+01  1.0608344e-11  1.06083e-11  1.14978e-13  1.04934e-11
1.768903577e+01  1.0610931e-11  1.06109e-11  1.13878e-13  1.04971e-11
1.777748095e+01  1.0612865e-11  1.06129e-11  1.12788e-13  1.05001e-11
1.786636836e+01  1.0614149e-11  1.06141e-11  1.11708e-13  1.05024e-11
1.795570020e+01  1.0614788e-11  1.06148e-11  1.10639e-13  1.05041e-11
1.804547870e+01  1.0614783e-11  1.06148e-11  1.09579e-13  1.05052e-11
1.813570609e+01  1.0614141e-11  1.06141e-11  1.08530e-13  1.05056e-11
1.822638462e+01  1.0612863e-11  1.06129e-11  1.07490e-13  1.05054e-11
1.831751655e+01  1.0610955e-11  1.06110e-11  1.06460e-13  1.05045e-11
1.840910413e+01  1.0608421e-11  1.06084e-11  1.05440e-13  1.05030e-11
1.850114965e+01  1.0605264e-11  1.06053e-11  1.04429e-13  1.05008e-11
1.859365540e+01  1.0601488e-11  1.06015e-11  1.03428e-13  1.04981e-11
1.868662368e+01  1.0597099e-11  1.05971e-11  1.02437e-13  1.04947e-11
1.878005679e+01  1.0592101e-11  1.05921e-11  1.01454e-13  1.04906e-11
1.887395708e+01  1.0586497e-11  1.05865e-11  1.00481e-13  1.04860e-11
1.896832686e+01  1.0580293e-11  1.05803e-11  9.95171e-14  1.04808e-11
1.906316850e+01  1.0573494e-11  1.05735e-11  9.85623e-14  1.04749e-11
1.915848434e+01  1.0566104e-11  1.05661e-11  9.76164e-14  1.04685e-11
1.925427676e+01  1.0558127e-11  1.05581e-11  9.66794e-14  1.04614e-11
1.935054815e+01  1.0549570e-11  1.05496e-11  9.57513e-14  1.04538e-11
1.944730089e+01  1.0540436e-11  1.05404e-11  9.48319e-14  1.04456e-11
1.954453739e+01  1.0530731e-11  1.05307e-11  9.39212e-14  1.04368e-11
1.964226008e+01  1.0520460e-11  1.05205e-11  9.30191e-14  1.04274e-11
1.974047138e+01  1.0509628e-11  1.05096e-11  9.21255e-14  1.04175e-11
1.983917374e+01  1.0498240e-11  1.04982e-11  9.12403e-14  1.04070e-11
1.993836960e+01  1.0486301e-11  1.04863e-11  9.03635e-14  1.03959e-11
2.003806145e+01  1.0473818e-11  1.04738e-11  8.94950e-14  1.03843e-11
2.013825176e+01  1.0460794e-11  1.04608e-11  8.86347e-14  1.03722e-11
2.023894302e+01  1.0447236e-11  1.04472e-11  8.77825e-14  1.03595e-11
2.034013773e+01  1.0433150e-11  1.04331e-11  8.69383e-14  1.03462e-11
2.044183842e+01  1.0418539e-11  1.04185e-11  8.61022e-14  1.03324e-11
2.054404761e+01  1.0403411e-11  1.04034e-11  8.52739e-14  1.03181e-11
2.064676785e+01  1.0387771e-11  1.03878e-11  8.44535e-14  1.03033e-11
2.075000169e+01  1.0371624e-11  1.03716e-11  8.36409e-14  1.02880e-11
2.085375170e+01  1.0354976e-11  1.03550e-11  8.28359e-14  1.02721e-11
2.095802046e+01  1.0337833e-11  1.03378e-11  8.20386e-14  1.02558e-11
2.106281056e+01  1.0320200e-11  1.03202e-11  8.12488e-14  1.02390e-11
2.116812461e+01  1.0302084e-11  1.03021e-11  8.04665e-14  1.02216e-11
2.127396524e+01  1.0283490e-11  1.02835e-11  7.96916e-14  1.02038e-11
2.138033506e+01  1.0264424e-11  1.02644e-11  7.89240e-14  1.01855e-11
2.148723674e+01  1.0244891e-11  1.02449e-11  7.81637e-14  1.01667e-11
2.159467292e+01  1.0224898e-11  1.02249e-11  7.74107e-14  1.01475e-11
2.170264629e+01  1.0204451e-11  1.02045e-11  7.66647e-14  1.01278e-11
2.181115952e+01  1.0183555e-11  1.01836e-11  7.59259e-14  1.01076e-11
2.192021532e+01  1.0162217e-11  1.01622e-11  7.51940e-14  1.00870e-11
2.202981639e+01  1.0140442e-11  1.01404e-11  7.44691e-14  1.00660e-11
2.213996547e+01  1.0118236e-11  1.01182e-11  7.37511e-14  1.00445e-11
2.225066530e+01  1.0095606e-11  1.00956e-11  7.30399e-14  1.00226e-11
2.236191863e+01  1.0072557e-11  1.00726e-11  7.23355e-14  1.00002e-11
2.247372822e+01  1.0049096e-11  1.00491e-11  7.16377e-14  9.97746e-12
2.258609686e+01  1.0025227e-11  1.00252e-11  7.09466e-14  9.95428e-12
2.269902735e+01  1.0000959e-11  1.00010e-11  7.02620e-14  9.93070e-12
2.281252248e+01  9.9762952e-12  9.97630e-12  6.95840e-14  9.90671e-12
2.292658510e+01  9.9512432e-12  9.95124e-12  6.89124e-14  9.88233e-12
2.304121802e+01  9.9258086e-12  9.92581e-12  6.82471e-14  9.85756e-12
2.315642411e+01  9.8999975e-12  9.90000e-12  6.75883e-14  9.83241e-12
2.327220623e+01  9.8738159e-12  9.87382e-12  6.69356e-14  9.80688e-12
2.338856726e+01  9.8472698e-12  9.84727e-12  6.62892e-14  9.78098e-12
2.350551010e+01  9.8203652e-12  9.82037e-12  6.56490e-14  9.75472e-12
2.362303765e+01  9.7931080e-12  9.79311e-12  6.50148e-14  9.72809e-12
2.374115284e+01  9.7655045e-12  9.76550e-12  6.43867e-14  9.70112e-12
2.385985860e+01  9.7375604e-12  9.73756e-12  6.37645e-14  9.67380e-12
2.397915789e+01  9.7092817e-12  9.70928e-12  6.31483e-14  9.64613e-12
2.409905368e+01  9.6806746e-12  9.68067e-12  6.25379e-14  9.61814e-12
2.421954895e+01  9.6517448e-12  9.65174e-12  6.19334e-14  9.58981e-12
2.434064670e+01  9.6224983e-12  9.62250e-12  6.13347e-14  9.56116e-12
2.446234993e+01  9.5929411e-12  9.59294e-12  6.07416e-14  9.53220e-12
2.458466168e+01  9.5630791e-12  9.56308e-12  6.01542e-14  9.50292e-12
2.470758499e+01  9.5329181e-12  9.53292e-12  5.95724e-14  9.47335e-12
2.483112291e+01  9.5024640e-12  9.50246e-12  5.89961e-14  9.44347e-12
2.495527853e+01  9.4717227e-12  9.47172e-12  5.84254e-14  9.41330e-12
