# ------------------------------------------------------------------------
# Radiance spectrum
# NASA-GSFC Planetary Spectrum Generator (PSG) (Villanueva et al. 2018, 2022)
# Synthesized on Sat Dec 23 00:17:59 2023
# Doppler velocities [km/s] (vobs,vrot+vorb,vwidth,vrfl,vstr): 0.00000,-0.00000,0.00000,-119.41115,-0.00000
# Spectral unit: Wavelength [um]
# Radiance unit: Spectral irradiance [W/m2/um]
# Wave/freq Total Object Reflected Thermal
5.000000000e-01  7.5354197e-12  7.53542e-12  7.53542e-12  0.00000e+00
5.025000000e-01  7.6110611e-12  7.61106e-12  7.61106e-12  0.00000e+00
5.050125000e-01  7.6865411e-12  7.68654e-12  7.68654e-12  0.00000e+00
5.075375625e-01  7.7618450e-12  7.76184e-12  7.76184e-12  0.00000e+00
5.100752503e-01  7.8369582e-12  7.83696e-12  7.83696e-12  0.00000e+00
5.126256266e-01  7.9118663e-12  7.91187e-12  7.91187e-12  0.00000e+00
5.151887547e-01  7.9865546e-12  7.98655e-12  7.98655e-12  0.00000e+00
5.177646985e-01  8.0610089e-12  8.06101e-12  8.06101e-12  0.00000e+00
5.203535220e-01  8.1352148e-12  8.13521e-12  8.13521e-12  0.00000e+00
5.229552896e-01  8.2091580e-12  8.20916e-12  8.20916e-12  0.00000e+00
5.255700660e-01  8.2828243e-12  8.28282e-12  8.28282e-12  0.00000e+00
5.281979164e-01  8.3561997e-12  8.35620e-12  8.35620e-12  0.00000e+00
5.308389059e-01  8.4292701e-12  8.42927e-12  8.42927e-12  0.00000e+00
5.334931005e-01  8.5020217e-12  8.50202e-12  8.50202e-12  0.00000e+00
5.361605660e-01  8.5744406e-12  8.57444e-12  8.57444e-12  0.00000e+00
5.388413688e-01  8.6465131e-12  8.64651e-12  8.64651e-12  0.00000e+00
5.415355756e-01  8.7182258e-12  8.71823e-12  8.71823e-12  0.00000e+00
5.442432535e-01  8.7895650e-12  8.78957e-12  8.78957e-12  0.00000e+00
5.469644698e-01  8.8605175e-12  8.86052e-12  8.86052e-12  0.00000e+00
5.496992921e-01  8.9310701e-12  8.93107e-12  8.93107e-12  0.00000e+00
5.524477886e-01  9.0012097e-12  9.00121e-12  9.00121e-12  0.00000e+00
5.552100275e-01  9.0709234e-12  9.07092e-12  9.07092e-12  0.00000e+00
5.579860777e-01  9.1401983e-12  9.14020e-12  9.14020e-12  0.00000e+00
5.607760081e-01  9.2090218e-12  9.20902e-12  9.20902e-12  0.00000e+00
5.635798881e-01  9.2773815e-12  9.27738e-12  9.27738e-12  0.00000e+00
5.663977875e-01  9.3452649e-12  9.34526e-12  9.34526e-12  0.00000e+00
5.692297765e-01  9.4126599e-12  9.41266e-12  9.41266e-12  0.00000e+00
5.720759254e-01  9.4795545e-12  9.47955e-12  9.47955e-12  0.00000e+00
5.749363050e-01  9.5459368e-12  9.54594e-12  9.54594e-12  0.00000e+00
5.778109865e-01  9.6117951e-12  9.61180e-12  9.61180e-12  0.00000e+00
5.807000414e-01  9.6771179e-12  9.67712e-12  9.67712e-12  0.00000e+00
5.836035417e-01  9.7418939e-12  9.74189e-12  9.74189e-12  0.00000e+00
5.865215594e-01  9.8061118e-12  9.80611e-12  9.80611e-12  0.00000e+00
5.894541672e-01  9.8697608e-12  9.86976e-12  9.86976e-12  0.00000e+00
5.924014380e-01  9.9328301e-12  9.93283e-12  9.93283e-12  0.00000e+00
5.953634452e-01  9.9953090e-12  9.99531e-12  9.99531e-12  0.00000e+00
5.983402624e-01  1.0057187e-11  1.00572e-11  1.00572e-11  0.00000e+00
6.013319637e-01  1.0118454e-11  1.01185e-11  1.01185e-11  0.00000e+00
6.043386235e-01  1.0179101e-11  1.01791e-11  1.01791e-11  0.00000e+00
6.073603167e-01  1.0239116e-11  1.02391e-11  1.02391e-11  0.00000e+00
6.103971182e-01  1.0298491e-11  1.02985e-11  1.02985e-11  0.00000e+00
6.134491038e-01  1.0357216e-11  1.03572e-11  1.03572e-11  0.00000e+00
6.165163494e-01  1.0415282e-11  1.04153e-11  1.04153e-11  0.00000e+00
6.195989311e-01  1.0472680e-11  1.04727e-11  1.04727e-11  0.00000e+00
6.226969258e-01  1.0529402e-11  1.05294e-11  1.05294e-11  0.00000e+00
6.258104104e-01  1.0585438e-11  1.05854e-11  1.05854e-11  0.00000e+00
6.289394624e-01  1.0640780e-11  1.06408e-11  1.06408e-11  0.00000e+00
6.320841597e-01  1.0695420e-11  1.06954e-11  1.06954e-11  0.00000e+00
6.352445805e-01  1.0749351e-11  1.07494e-11  1.07494e-11  0.00000e+00
6.384208035e-01  1.0802564e-11  1.08026e-11  1.08026e-11  0.00000e+00
6.416129075e-01  1.0855052e-11  1.08551e-11  1.08551e-11  0.00000e+00
6.448209720e-01  1.0906808e-11  1.09068e-11  1.09068e-11  0.00000e+00
6.480450769e-01  1.0957824e-11  1.09578e-11  1.09578e-11  0.00000e+00
6.512853022e-01  1.1008095e-11  1.10081e-11  1.10081e-11  0.00000e+00
6.545417288e-01  1.1057612e-11  1.10576e-11  1.10576e-11  0.00000e+00
6.578144374e-01  1.1106371e-11  1.11064e-11  1.11064e-11  0.00000e+00
6.611035096e-01  1.1154364e-11  1.11544e-11  1.11544e-11  0.00000e+00
6.644090271e-01  1.1201586e-11  1.12016e-11  1.12016e-11  0.00000e+00
6.677310723e-01  1.1248031e-11  1.12480e-11  1.12480e-11  0.00000e+00
6.710697276e-01  1.1293693e-11  1.12937e-11  1.12937e-11  0.00000e+00
6.744250763e-01  1.1338568e-11  1.13386e-11  1.13386e-11  0.00000e+00
6.777972017e-01  1.1382650e-11  1.13827e-11  1.13827e-11  0.00000e+00
6.811861877e-01  1.1425935e-11  1.14259e-11  1.14259e-11  0.00000e+00
6.845921186e-01  1.1468418e-11  1.14684e-11  1.14684e-11  0.00000e+00
6.880150792e-01  1.1510093e-11  1.15101e-11  1.15101e-11  0.00000e+00
6.914551546e-01  1.1550959e-11  1.15510e-11  1.15510e-11  0.00000e+00
6.949124304e-01  1.1591010e-11  1.15910e-11  1.15910e-11  0.00000e+00
6.983869925e-01  1.1630242e-11  1.16302e-11  1.16302e-11  0.00000e+00
7.018789275e-01  1.1668653e-11  1.16687e-11  1.16687e-11  0.00000e+00
7.053883221e-01  1.1706238e-11  1.17062e-11  1.17062e-11  0.00000e+00
7.089152637e-01  1.1742996e-11  1.17430e-11  1.17430e-11  0.00000e+00
7.124598400e-01  1.1778922e-11  1.17789e-11  1.17789e-11  0.00000e+00
7.160221392e-01  1.1814015e-11  1.18140e-11  1.18140e-11  0.00000e+00
7.196022499e-01  1.1848272e-11  1.18483e-11  1.18483e-11  0.00000e+00
7.232002612e-01  1.1881691e-11  1.18817e-11  1.18817e-11  0.00000e+00
7.268162625e-01  1.1914270e-11  1.19143e-11  1.19143e-11  0.00000e+00
7.304503438e-01  1.1946007e-11  1.19460e-11  1.19460e-11  0.00000e+00
7.341025955e-01  1.1976901e-11  1.19769e-11  1.19769e-11  0.00000e+00
7.377731085e-01  1.2006950e-11  1.20069e-11  1.20069e-11  0.00000e+00
7.414619740e-01  1.2036153e-11  1.20362e-11  1.20362e-11  0.00000e+00
7.451692839e-01  1.2064509e-11  1.20645e-11  1.20645e-11  0.00000e+00
7.488951303e-01  1.2092018e-11  1.20920e-11  1.20920e-11  0.00000e+00
7.526396060e-01  1.2118678e-11  1.21187e-11  1.21187e-11  0.00000e+00
7.564028040e-01  1.2144491e-11  1.21445e-11  1.21445e-11  0.00000e+00
7.601848180e-01  1.2169454e-11  1.21695e-11  1.21695e-11  0.00000e+00
7.639857421e-01  1.2193569e-11  1.21936e-11  1.21936e-11  0.00000e+00
7.678056708e-01  1.2216836e-11  1.22168e-11  1.22168e-11  0.00000e+00
7.716446992e-01  1.2239256e-11  1.22393e-11  1.22393e-11  0.00000e+00
7.755029227e-01  1.2260828e-11  1.22608e-11  1.22608e-11  0.00000e+00
7.793804373e-01  1.2281553e-11  1.22816e-11  1.22816e-11  0.00000e+00
7.832773395e-01  1.2301434e-11  1.23014e-11  1.23014e-11  0.00000e+00
7.871937262e-01  1.2320470e-11  1.23205e-11  1.23205e-11  0.00000e+00
7.911296948e-01  1.2338664e-11  1.23387e-11  1.23387e-11  0.00000e+00
7.950853433e-01  1.2356016e-11  1.23560e-11  1.23560e-11  0.00000e+00
7.990607700e-01  1.2372529e-11  1.23725e-11  1.23725e-11  0.00000e+00
8.030560739e-01  1.2388204e-11  1.23882e-11  1.23882e-11  0.00000e+00
8.070713542e-01  1.2403044e-11  1.24030e-11  1.24030e-11  0.00000e+00
8.111067110e-01  1.2417051e-11  1.24171e-11  1.24171e-11  0.00000e+00
8.151622446e-01  1.2430226e-11  1.24302e-11  1.24302e-11  0.00000e+00
8.192380558e-01  1.2442573e-11  1.24426e-11  1.24426e-11  0.00000e+00
8.233342461e-01  1.2454095e-11  1.24541e-11  1.24541e-11  0.00000e+00
8.274509173e-01  1.2464793e-11  1.24648e-11  1.24648e-11  0.00000e+00
8.315881719e-01  1.2474672e-11  1.24747e-11  1.24747e-11  0.00000e+00
8.357461127e-01  1.2483735e-11  1.24837e-11  1.24837e-11  0.00000e+00
8.399248433e-01  1.2491984e-11  1.24920e-11  1.24920e-11  0.00000e+00
8.441244675e-01  1.2499423e-11  1.24994e-11  1.24994e-11  0.00000e+00
8.483450899e-01  1.2506056e-11  1.25061e-11  1.25061e-11  0.00000e+00
8.525868153e-01  1.2511887e-11  1.25119e-11  1.25119e-11  0.00000e+00
8.568497494e-01  1.2516919e-11  1.25169e-11  1.25169e-11  0.00000e+00
8.611339981e-01  1.2521156e-11  1.25212e-11  1.25212e-11  0.00000e+00
8.654396681e-01  1.2524603e-11  1.25246e-11  1.25246e-11  0.00000e+00
8.697668665e-01  1.2527264e-11  1.25273e-11  1.25273e-11  0.00000e+00
8.741157008e-01  1.2529144e-11  1.25291e-11  1.25291e-11  0.00000e+00
8.784862793e-01  1.2530246e-11  1.25302e-11  1.25302e-11  0.00000e+00
8.828787107e-01  1.2530575e-11  1.25306e-11  1.25306e-11  0.00000e+00
8.872931042e-01  1.2530137e-11  1.25301e-11  1.25301e-11  0.00000e+00
8.917295698e-01  1.2528810e-11  1.25288e-11  1.25288e-11  6.48479e-37
8.961882176e-01  1.2526851e-11  1.25269e-11  1.25269e-11  8.59089e-37
9.006691587e-01  1.2524139e-11  1.25241e-11  1.25241e-11  1.13643e-36
9.051725045e-01  1.2520680e-11  1.25207e-11  1.25207e-11  1.50109e-36
9.096983670e-01  1.2516478e-11  1.25165e-11  1.25165e-11  1.97988e-36
9.142468589e-01  1.2511539e-11  1.25115e-11  1.25115e-11  2.60760e-36
9.188180931e-01  1.2505869e-11  1.25059e-11  1.25059e-11  3.42938e-36
9.234121836e-01  1.2499473e-11  1.24995e-11  1.24995e-11  4.50366e-36
9.280292445e-01  1.2492357e-11  1.24924e-11  1.24924e-11  5.90602e-36
9.326693908e-01  1.2484527e-11  1.24845e-11  1.24845e-11  7.73404e-36
9.373327377e-01  1.2475988e-11  1.24760e-11  1.24760e-11  1.01135e-35
9.420194014e-01  1.2466746e-11  1.24667e-11  1.24667e-11  1.32065e-35
9.467294984e-01  1.2456808e-11  1.24568e-11  1.24568e-11  1.72211e-35
9.514631459e-01  1.2446180e-11  1.24462e-11  1.24462e-11  2.24249e-35
9.562204616e-01  1.2434867e-11  1.24349e-11  1.24349e-11  2.91607e-35
9.610015639e-01  1.2422877e-11  1.24229e-11  1.24229e-11  3.78673e-35
9.658065718e-01  1.2410214e-11  1.24102e-11  1.24102e-11  4.91060e-35
9.706356046e-01  1.2396887e-11  1.23969e-11  1.23969e-11  6.35932e-35
9.754887826e-01  1.2382900e-11  1.23829e-11  1.23829e-11  8.22424e-35
9.803662265e-01  1.2368262e-11  1.23683e-11  1.23683e-11  1.06217e-34
9.852680577e-01  1.2352977e-11  1.23530e-11  1.23530e-11  1.36995e-34
9.901943980e-01  1.2337053e-11  1.23371e-11  1.23371e-11  1.76455e-34
9.951453700e-01  1.2320497e-11  1.23205e-11  1.23205e-11  2.26979e-34
1.000121097e+00  1.2303316e-11  1.23033e-11  1.23033e-11  2.91582e-34
1.005121702e+00  1.2285515e-11  1.22855e-11  1.22855e-11  3.74077e-34
1.010147311e+00  1.2266979e-11  1.22670e-11  1.22670e-11  9.58565e-34
1.015198047e+00  1.2247961e-11  1.22480e-11  1.22480e-11  1.22655e-33
1.020274038e+00  1.2228345e-11  1.22283e-11  1.22283e-11  1.56741e-33
1.025375408e+00  1.2208137e-11  1.22081e-11  1.22081e-11  2.00040e-33
1.030502285e+00  1.2187344e-11  1.21873e-11  1.21873e-11  2.54972e-33
1.035654796e+00  1.2165975e-11  1.21660e-11  1.21660e-11  3.24573e-33
1.040833070e+00  1.2144035e-11  1.21440e-11  1.21440e-11  4.12646e-33
1.046037236e+00  1.2121531e-11  1.21215e-11  1.21215e-11  5.23953e-33
1.051267422e+00  1.2098472e-11  1.20985e-11  1.20985e-11  6.64444e-33
1.056523759e+00  1.2074863e-11  1.20749e-11  1.20749e-11  8.41548e-33
1.061806378e+00  1.2050712e-11  1.20507e-11  1.20507e-11  1.06453e-32
1.067115410e+00  1.2026027e-11  1.20260e-11  1.20260e-11  1.34491e-32
1.072450987e+00  1.2000814e-11  1.20008e-11  1.20008e-11  1.69705e-32
1.077813242e+00  1.1974961e-11  1.19750e-11  1.19750e-11  3.20812e-32
1.083202308e+00  1.1948714e-11  1.19487e-11  1.19487e-11  4.03816e-32
1.088618319e+00  1.1921962e-11  1.19220e-11  1.19220e-11  5.07676e-32
1.094061411e+00  1.1894711e-11  1.18947e-11  1.18947e-11  6.37476e-32
1.099531718e+00  1.1866969e-11  1.18670e-11  1.18670e-11  7.99495e-32
1.105029377e+00  1.1838624e-11  1.18386e-11  1.18386e-11  1.33532e-31
1.110554523e+00  1.1809921e-11  1.18099e-11  1.18099e-11  1.67070e-31
1.116107296e+00  1.1780748e-11  1.17807e-11  1.17807e-11  2.08782e-31
1.121687832e+00  1.1751112e-11  1.17511e-11  1.17511e-11  2.60600e-31
1.127296272e+00  1.1721022e-11  1.17210e-11  1.17210e-11  3.24896e-31
1.132932753e+00  1.1690367e-11  1.16904e-11  1.16904e-11  5.05726e-31
1.138597417e+00  1.1659388e-11  1.16594e-11  1.16594e-11  6.29028e-31
1.144290404e+00  1.1627975e-11  1.16280e-11  1.16280e-11  7.81486e-31
1.150011856e+00  1.1596137e-11  1.15961e-11  1.15961e-11  9.69775e-31
1.155761915e+00  1.1563879e-11  1.15639e-11  1.15639e-11  1.20205e-30
1.161540725e+00  1.1531095e-11  1.15311e-11  1.15311e-11  1.78591e-30
1.167348428e+00  1.1498021e-11  1.14980e-11  1.14980e-11  2.20861e-30
1.173185171e+00  1.1464550e-11  1.14646e-11  1.14646e-11  2.72828e-30
1.179051096e+00  1.1430689e-11  1.14307e-11  1.14307e-11  3.36644e-30
1.184946352e+00  1.1396331e-11  1.13963e-11  1.13963e-11  4.84074e-30
1.190871084e+00  1.1361711e-11  1.13617e-11  1.13617e-11  5.95967e-30
1.196825439e+00  1.1326722e-11  1.13267e-11  1.13267e-11  7.32910e-30
1.202809566e+00  1.1291371e-11  1.12914e-11  1.12914e-11  9.00327e-30
1.208823614e+00  1.1255666e-11  1.12557e-11  1.12557e-11  1.10477e-29
1.214867732e+00  1.1219500e-11  1.12195e-11  1.12195e-11  1.54762e-29
1.220942071e+00  1.1183107e-11  1.11831e-11  1.11831e-11  1.89491e-29
1.227046781e+00  1.1146380e-11  1.11464e-11  1.11464e-11  2.31764e-29
1.233182015e+00  1.1109326e-11  1.11093e-11  1.11093e-11  2.83162e-29
1.239347925e+00  1.1071952e-11  1.10720e-11  1.10720e-11  3.45587e-29
1.245544665e+00  1.1034154e-11  1.10342e-11  1.10342e-11  4.73993e-29
1.251772388e+00  1.0996161e-11  1.09962e-11  1.09962e-11  5.77261e-29
1.258031250e+00  1.0957869e-11  1.09579e-11  1.09579e-11  7.02286e-29
1.264321406e+00  1.0919285e-11  1.09193e-11  1.09193e-11  8.53494e-29
1.270643013e+00  1.0880306e-11  1.08803e-11  1.08803e-11  1.15131e-28
1.276996228e+00  1.0841156e-11  1.08412e-11  1.08412e-11  1.39628e-28
1.283381209e+00  1.0801735e-11  1.08017e-11  1.08017e-11  1.69163e-28
1.289798116e+00  1.0762047e-11  1.07620e-11  1.07620e-11  2.04734e-28
1.296247106e+00  1.0721994e-11  1.07220e-11  1.07220e-11  2.72284e-28
1.302728342e+00  1.0681368e-11  1.06814e-11  1.06814e-11  4.48455e-28
1.309241983e+00  1.0639754e-11  1.06398e-11  1.06398e-11  9.37905e-28
1.315788193e+00  1.0597803e-11  1.05978e-11  1.05978e-11  1.65230e-27
1.322367134e+00  1.0555735e-11  1.05557e-11  1.05557e-11  2.56558e-27
1.328978970e+00  1.0513448e-11  1.05134e-11  1.05134e-11  3.77912e-27
1.335623865e+00  1.0470846e-11  1.04708e-11  1.04708e-11  5.44992e-27
1.342301984e+00  1.0428144e-11  1.04281e-11  1.04281e-11  7.54266e-27
1.349013494e+00  1.0385243e-11  1.03852e-11  1.03852e-11  1.02456e-26
1.355758561e+00  1.0342047e-11  1.03420e-11  1.03420e-11  1.38437e-26
1.362537354e+00  1.0298665e-11  1.02987e-11  1.02987e-11  1.84476e-26
1.369350041e+00  1.0255206e-11  1.02552e-11  1.02552e-11  2.41180e-26
1.376196791e+00  1.0211471e-11  1.02115e-11  1.02115e-11  3.14951e-26
1.383077775e+00  1.0167570e-11  1.01676e-11  1.01676e-11  4.07918e-26
1.389993164e+00  1.0123609e-11  1.01236e-11  1.01236e-11  5.21396e-26
1.396943130e+00  1.0079390e-11  1.00794e-11  1.00794e-11  6.66601e-26
1.403927846e+00  1.0035023e-11  1.00350e-11  1.00350e-11  8.47481e-26
1.410947485e+00  9.9905127e-12  9.99051e-12  9.99051e-12  1.07204e-25
1.418002222e+00  9.9458647e-12  9.94586e-12  9.94586e-12  1.34996e-25
1.425092233e+00  9.9010850e-12  9.90108e-12  9.90108e-12  1.69291e-25
1.432217694e+00  9.8560804e-12  9.85608e-12  9.85608e-12  2.12389e-25
1.439378783e+00  9.8110546e-12  9.81105e-12  9.81105e-12  2.64350e-25
1.446575677e+00  9.7659140e-12  9.76591e-12  9.76591e-12  3.27958e-25
1.453808555e+00  9.7206640e-12  9.72066e-12  9.72066e-12  4.05640e-25
1.461077598e+00  9.6752131e-12  9.67521e-12  9.67521e-12  5.02055e-25
1.468382986e+00  9.6297613e-12  9.62976e-12  9.62976e-12  6.17471e-25
1.475724901e+00  9.5841202e-12  9.58412e-12  9.58412e-12  7.59949e-25
1.483103525e+00  9.5383921e-12  9.53839e-12  9.53839e-12  9.32833e-25
1.490519043e+00  9.4926776e-12  9.49268e-12  9.49268e-12  1.13880e-24
1.497971638e+00  9.4467909e-12  9.44679e-12  9.44679e-12  1.39122e-24
1.505461496e+00  9.4008328e-12  9.40083e-12  9.40083e-12  1.69574e-24
1.512988804e+00  9.3548084e-12  9.35481e-12  9.35481e-12  2.06245e-24
1.520553748e+00  9.3087226e-12  9.30872e-12  9.30872e-12  2.50325e-24
1.528156517e+00  9.2625805e-12  9.26258e-12  9.26258e-12  3.03221e-24
1.535797299e+00  9.2163868e-12  9.21639e-12  9.21639e-12  3.66593e-24
1.543476286e+00  9.1722647e-12  9.17226e-12  9.17226e-12  4.18562e-24
1.551193667e+00  9.1280799e-12  9.12808e-12  9.12808e-12  4.77196e-24
1.558949636e+00  9.0838370e-12  9.08384e-12  9.08384e-12  5.43232e-24
1.566744384e+00  9.0396315e-12  9.03963e-12  9.03963e-12  6.15812e-24
1.574578106e+00  8.9952859e-12  8.99529e-12  8.99529e-12  6.98820e-24
1.582450996e+00  8.9509859e-12  8.95099e-12  8.95099e-12  7.89508e-24
1.590363251e+00  8.9065557e-12  8.90656e-12  8.90656e-12  8.92961e-24
1.598315067e+00  8.8621789e-12  8.86218e-12  8.86218e-12  1.00523e-23
1.606306643e+00  8.8176818e-12  8.81768e-12  8.81768e-12  1.13296e-23
1.614338176e+00  8.7732458e-12  8.77325e-12  8.77325e-12  1.27054e-23
1.622409867e+00  8.7286988e-12  8.72870e-12  8.72870e-12  1.42662e-23
1.630521916e+00  8.6842206e-12  8.68422e-12  8.68422e-12  1.59328e-23
1.638674526e+00  8.6397272e-12  8.63973e-12  8.63973e-12  1.77539e-23
1.646867898e+00  8.5952228e-12  8.59522e-12  8.59522e-12  1.97363e-23
1.655102238e+00  8.5507114e-12  8.55071e-12  8.55071e-12  2.18853e-23
1.663377749e+00  8.5061970e-12  8.50620e-12  8.50620e-12  2.42041e-23
1.671694638e+00  8.4616835e-12  8.46168e-12  8.46168e-12  2.66934e-23
1.680053111e+00  8.4171747e-12  8.41717e-12  8.41717e-12  2.93505e-23
1.688453377e+00  8.3726745e-12  8.37267e-12  8.37267e-12  3.21683e-23
1.696895643e+00  8.3281867e-12  8.32819e-12  8.32819e-12  3.51342e-23
1.705380122e+00  8.2837149e-12  8.28371e-12  8.28371e-12  3.82288e-23
1.713907022e+00  8.2392629e-12  8.23926e-12  8.23926e-12  4.14245e-23
1.722476557e+00  8.1949162e-12  8.19492e-12  8.19492e-12  4.44174e-23
1.731088940e+00  8.1505139e-12  8.15051e-12  8.15051e-12  4.76498e-23
1.739744385e+00  8.1062232e-12  8.10622e-12  8.10622e-12  5.04740e-23
1.748443107e+00  8.0618847e-12  8.06188e-12  8.06188e-12  5.34558e-23
1.757185322e+00  8.0176636e-12  8.01766e-12  8.01766e-12  5.57236e-23
1.765971249e+00  7.9734024e-12  7.97340e-12  7.97340e-12  5.80003e-23
1.774801105e+00  7.9292644e-12  7.92926e-12  7.92926e-12  5.91185e-23
1.783675111e+00  7.8851727e-12  7.88517e-12  7.88517e-12  5.93105e-23
1.792593486e+00  7.8410518e-12  7.84105e-12  7.84105e-12  5.90893e-23
1.801556454e+00  7.7964383e-12  7.79644e-12  7.79644e-12  6.38558e-23
1.810564236e+00  7.7490175e-12  7.74902e-12  7.74902e-12  1.06697e-22
1.819617057e+00  7.7016185e-12  7.70162e-12  7.70162e-12  1.61383e-22
1.828715142e+00  7.6543224e-12  7.65432e-12  7.65432e-12  2.29113e-22
1.837858718e+00  7.6070557e-12  7.60706e-12  7.60706e-12  3.13851e-22
1.847048012e+00  7.5599740e-12  7.55997e-12  7.55997e-12  4.15612e-22
1.856283252e+00  7.5129282e-12  7.51293e-12  7.51293e-12  5.40989e-22
1.865564668e+00  7.4659971e-12  7.46600e-12  7.46600e-12  6.92370e-22
1.874892491e+00  7.4191834e-12  7.41918e-12  7.41918e-12  8.74270e-22
1.884266954e+00  7.3724895e-12  7.37249e-12  7.37249e-12  1.09189e-21
1.893688289e+00  7.3259181e-12  7.32592e-12  7.32592e-12  1.35123e-21
1.903156730e+00  7.2794715e-12  7.27947e-12  7.27947e-12  1.65917e-21
1.912672514e+00  7.2330795e-12  7.23308e-12  7.23308e-12  2.02778e-21
1.922235876e+00  7.1868181e-12  7.18682e-12  7.18682e-12  2.46303e-21
1.931847056e+00  7.1406895e-12  7.14069e-12  7.14069e-12  2.97549e-21
1.941506291e+00  7.0946960e-12  7.09470e-12  7.09470e-12  3.57722e-21
1.951213822e+00  7.0487688e-12  7.04877e-12  7.04877e-12  4.28877e-21
1.960969892e+00  7.0030525e-12  7.00305e-12  7.00305e-12  5.11310e-21
1.970774741e+00  6.9574076e-12  6.95741e-12  6.95741e-12  6.08270e-21
1.980628615e+00  6.9119072e-12  6.91191e-12  6.91191e-12  7.21141e-21
1.990531758e+00  6.8665533e-12  6.86655e-12  6.86655e-12  8.52262e-21
2.000484417e+00  6.8215542e-12  6.82155e-12  6.82155e-12  1.00059e-20
2.010486839e+00  6.7810087e-12  6.78101e-12  6.78101e-12  1.08474e-20
2.020539273e+00  6.7405589e-12  6.74056e-12  6.74056e-12  1.17359e-20
2.030641969e+00  6.7002070e-12  6.70021e-12  6.70021e-12  1.26702e-20
2.040795179e+00  6.6599549e-12  6.65995e-12  6.65995e-12  1.36481e-20
2.050999155e+00  6.6198714e-12  6.61987e-12  6.61987e-12  1.46445e-20
2.061254151e+00  6.5798245e-12  6.57982e-12  6.57982e-12  1.56965e-20
2.071560421e+00  6.5399492e-12  6.53995e-12  6.53995e-12  1.67510e-20
2.081918224e+00  6.5001806e-12  6.50018e-12  6.50018e-12  1.78214e-20
2.092327815e+00  6.4605205e-12  6.46052e-12  6.46052e-12  1.88971e-20
2.102789454e+00  6.4209708e-12  6.42097e-12  6.42097e-12  1.99651e-20
2.113303401e+00  6.3815332e-12  6.38153e-12  6.38153e-12  2.10095e-20
2.123869918e+00  6.3422731e-12  6.34227e-12  6.34227e-12  2.19632e-20
2.134489268e+00  6.3030643e-12  6.30306e-12  6.30306e-12  2.28939e-20
2.145161714e+00  6.2640356e-12  6.26404e-12  6.26404e-12  2.36719e-20
2.155887523e+00  6.2251247e-12  6.22512e-12  6.22512e-12  2.43112e-20
2.166666960e+00  6.1863333e-12  6.18633e-12  6.18633e-12  2.47726e-20
2.177500295e+00  6.1476630e-12  6.14766e-12  6.14766e-12  2.50100e-20
2.188387796e+00  6.1091763e-12  6.10918e-12  6.10918e-12  2.48785e-20
2.199329735e+00  6.0707520e-12  6.07075e-12  6.07075e-12  2.44899e-20
2.210326384e+00  6.0325135e-12  6.03251e-12  6.03251e-12  2.35775e-20
2.221378016e+00  5.9944010e-12  5.99440e-12  5.99440e-12  2.21487e-20
2.232484906e+00  5.9564159e-12  5.95642e-12  5.95642e-12  2.01067e-20
2.243647331e+00  5.9185594e-12  5.91856e-12  5.91856e-12  1.73413e-20
2.254865567e+00  5.8797734e-12  5.87977e-12  5.87977e-12  1.68159e-20
2.266139895e+00  5.8397884e-12  5.83979e-12  5.83979e-12  2.03354e-20
2.277470595e+00  5.7999680e-12  5.79997e-12  5.79997e-12  2.44033e-20
2.288857948e+00  5.7602556e-12  5.76026e-12  5.76026e-12  2.93245e-20
2.300302237e+00  5.7207680e-12  5.72077e-12  5.72077e-12  3.47388e-20
2.311803748e+00  5.6813910e-12  5.68139e-12  5.68139e-12  4.12305e-20
2.323362767e+00  5.6422398e-12  5.64224e-12  5.64224e-12  4.83609e-20
2.334979581e+00  5.6032019e-12  5.60320e-12  5.60320e-12  5.68451e-20
2.346654479e+00  5.5643906e-12  5.56439e-12  5.56439e-12  6.61492e-20
2.358387751e+00  5.5256950e-12  5.52569e-12  5.52569e-12  7.71463e-20
2.370179690e+00  5.4871719e-12  5.48717e-12  5.48717e-12  8.96528e-20
2.382030589e+00  5.4488767e-12  5.44888e-12  5.44888e-12  1.03338e-19
2.393940742e+00  5.4107004e-12  5.41070e-12  5.41070e-12  1.19372e-19
2.405910445e+00  5.3726988e-12  5.37270e-12  5.37270e-12  1.37512e-19
2.417939997e+00  5.3348725e-12  5.33487e-12  5.33487e-12  1.57999e-19
2.430029697e+00  5.2972221e-12  5.29722e-12  5.29722e-12  1.81104e-19
2.442179846e+00  5.2597482e-12  5.25975e-12  5.25975e-12  2.07119e-19
2.454390745e+00  5.2224514e-12  5.22245e-12  5.22245e-12  2.36371e-19
2.466662699e+00  5.1853322e-12  5.18533e-12  5.18533e-12  2.69217e-19
2.478996012e+00  5.1483910e-12  5.14839e-12  5.14839e-12  3.06048e-19
2.491390992e+00  5.1116285e-12  5.11163e-12  5.11163e-12  3.47295e-19
2.503847947e+00  5.0745868e-12  5.07459e-12  5.07459e-12  4.05156e-19
2.516367187e+00  5.0367203e-12  5.03672e-12  5.03672e-12  4.99167e-19
2.528949023e+00  4.9990543e-12  4.99905e-12  4.99905e-12  6.07038e-19
2.541593768e+00  4.9615892e-12  4.96159e-12  4.96159e-12  7.30419e-19
2.554301737e+00  4.9243252e-12  4.92433e-12  4.92432e-12  8.71127e-19
2.567073246e+00  4.8872623e-12  4.88726e-12  4.88726e-12  1.03116e-18
2.579908612e+00  4.8503521e-12  4.85035e-12  4.85035e-12  1.21495e-18
2.592808155e+00  4.8136440e-12  4.81364e-12  4.81364e-12  1.42307e-18
2.605772196e+00  4.7771383e-12  4.77714e-12  4.77714e-12  1.65825e-18
2.618801057e+00  4.7408348e-12  4.74083e-12  4.74083e-12  1.92342e-18
2.631895062e+00  4.7047338e-12  4.70473e-12  4.70473e-12  2.22182e-18
2.645054537e+00  4.6687882e-12  4.66879e-12  4.66879e-12  2.56043e-18
2.658279810e+00  4.6330456e-12  4.63305e-12  4.63304e-12  2.94028e-18
2.671571209e+00  4.5975062e-12  4.59751e-12  4.59750e-12  3.36567e-18
2.684929065e+00  4.5621698e-12  4.56217e-12  4.56217e-12  3.84129e-18
2.698353710e+00  4.5270363e-12  4.52704e-12  4.52703e-12  4.37223e-18
2.711845479e+00  4.3921144e-12  4.39211e-12  4.39210e-12  1.64616e-17
2.725404706e+00  4.2445015e-12  4.24450e-12  4.24447e-12  3.24003e-17
2.739031730e+00  4.0982205e-12  4.09822e-12  4.09817e-12  5.10057e-17
2.752726889e+00  3.9531814e-12  3.95318e-12  3.95311e-12  7.26112e-17
2.766490523e+00  3.8094725e-12  3.80947e-12  3.80937e-12  9.75570e-17
2.780322976e+00  3.6670486e-12  3.66705e-12  3.66692e-12  1.26237e-16
2.794224591e+00  3.5258654e-12  3.52587e-12  3.52571e-12  1.59083e-16
2.808195713e+00  3.3860090e-12  3.38601e-12  3.38581e-12  1.96544e-16
2.822236692e+00  3.2473921e-12  3.24739e-12  3.24715e-12  2.39147e-16
2.836347875e+00  3.1100568e-12  3.11006e-12  3.10977e-12  2.87436e-16
2.850529615e+00  2.9739598e-12  2.97396e-12  2.97362e-12  3.42029e-16
2.864782263e+00  2.8391424e-12  2.83914e-12  2.83874e-12  4.03575e-16
2.879106174e+00  2.7056034e-12  2.70560e-12  2.70513e-12  4.72793e-16
2.893501705e+00  2.5733000e-12  2.57330e-12  2.57275e-12  5.50478e-16
2.907969214e+00  2.4422316e-12  2.44223e-12  2.44159e-12  6.37481e-16
2.922509060e+00  2.3124381e-12  2.31244e-12  2.31170e-12  7.34712e-16
2.937121605e+00  2.1838775e-12  2.18388e-12  2.18303e-12  8.43186e-16
2.951807213e+00  2.0565890e-12  2.05659e-12  2.05563e-12  9.63971e-16
2.966566249e+00  1.9304915e-12  1.93049e-12  1.92939e-12  1.09828e-15
2.981399080e+00  1.8056244e-12  1.80562e-12  1.80438e-12  1.24737e-15
2.996306076e+00  1.6820259e-12  1.68203e-12  1.68061e-12  1.41259e-15
3.011287606e+00  1.6341645e-12  1.63416e-12  1.63262e-12  1.54411e-15
3.026344044e+00  1.6110976e-12  1.61110e-12  1.60943e-12  1.66867e-15
3.041475764e+00  1.5882397e-12  1.58824e-12  1.58644e-12  1.80249e-15
3.056683143e+00  1.5655528e-12  1.56555e-12  1.56361e-12  1.94620e-15
3.071966559e+00  1.5430751e-12  1.54308e-12  1.54097e-12  2.10046e-15
3.087326392e+00  1.5207696e-12  1.52077e-12  1.51850e-12  2.26599e-15
3.102763024e+00  1.4986739e-12  1.49867e-12  1.49623e-12  2.44351e-15
3.118276839e+00  1.4767880e-12  1.47679e-12  1.47415e-12  2.63379e-15
3.133868223e+00  1.4550757e-12  1.45508e-12  1.45224e-12  2.83772e-15
3.149537564e+00  1.4335740e-12  1.43357e-12  1.43052e-12  3.05612e-15
3.165285252e+00  1.4122471e-12  1.41225e-12  1.40896e-12  3.28999e-15
3.181111678e+00  1.3911317e-12  1.39113e-12  1.38759e-12  3.54026e-15
3.197017237e+00  1.3701926e-12  1.37019e-12  1.36638e-12  3.80802e-15
3.213002323e+00  1.4684616e-12  1.46846e-12  1.46459e-12  3.86833e-15
3.229067334e+00  1.5928629e-12  1.59286e-12  1.58900e-12  3.85997e-15
3.245212671e+00  1.7158544e-12  1.71585e-12  1.71203e-12  3.82872e-15
3.261438734e+00  1.8374718e-12  1.83747e-12  1.83370e-12  3.77154e-15
3.277745928e+00  1.9577156e-12  1.95772e-12  1.95403e-12  3.68522e-15
3.294134658e+00  2.0765524e-12  2.07655e-12  2.07299e-12  3.56635e-15
3.310605331e+00  2.1940499e-12  2.19405e-12  2.19064e-12  3.41096e-15
3.327158358e+00  2.3101411e-12  2.31014e-12  2.30693e-12  3.21513e-15
3.343794149e+00  2.4248921e-12  2.42489e-12  2.42192e-12  2.97424e-15
3.360513120e+00  2.5382367e-12  2.53824e-12  2.53555e-12  2.68371e-15
3.377315686e+00  2.6502716e-12  2.65027e-12  2.64793e-12  2.33801e-15
3.394202264e+00  2.7495969e-12  2.74960e-12  2.74762e-12  1.98003e-15
3.411173276e+00  2.7725411e-12  2.77254e-12  2.77064e-12  1.90519e-15
3.428229142e+00  2.7951520e-12  2.79515e-12  2.79334e-12  1.81037e-15
3.445370288e+00  2.8173967e-12  2.81740e-12  2.81570e-12  1.69360e-15
3.462597139e+00  2.8392433e-12  2.83924e-12  2.83769e-12  1.55281e-15
3.479910125e+00  2.8607528e-12  2.86075e-12  2.85937e-12  1.38522e-15
3.497309675e+00  2.8818926e-12  2.88189e-12  2.88070e-12  1.18839e-15
3.514796224e+00  2.8721306e-12  2.87213e-12  2.87096e-12  1.17156e-15
3.532370205e+00  2.8568233e-12  2.85682e-12  2.85563e-12  1.18833e-15
3.550032056e+00  2.8415740e-12  2.84157e-12  2.84037e-12  1.20199e-15
3.567782216e+00  2.8264116e-12  2.82641e-12  2.82520e-12  1.21186e-15
3.585621127e+00  2.8112766e-12  2.81128e-12  2.81006e-12  1.21798e-15
3.603549233e+00  2.7962269e-12  2.79623e-12  2.79501e-12  1.21935e-15
3.621566979e+00  2.7812612e-12  2.78126e-12  2.78005e-12  1.21538e-15
3.639674814e+00  2.7663213e-12  2.76632e-12  2.76512e-12  1.20610e-15
3.657873188e+00  2.7514637e-12  2.75146e-12  2.75027e-12  1.19027e-15
3.676162554e+00  2.7366589e-12  2.73666e-12  2.73549e-12  1.16755e-15
3.694543367e+00  2.7219339e-12  2.72193e-12  2.72080e-12  1.13686e-15
3.713016084e+00  2.7072596e-12  2.70726e-12  2.70616e-12  1.09778e-15
3.731581164e+00  2.6926352e-12  2.69264e-12  2.69159e-12  1.04952e-15
3.750239070e+00  2.6779521e-12  2.67795e-12  2.67696e-12  9.93001e-16
3.768990265e+00  2.6550728e-12  2.65507e-12  2.65400e-12  1.07131e-15
3.787835216e+00  2.6323689e-12  2.63237e-12  2.63121e-12  1.15492e-15
3.806774393e+00  2.6098135e-12  2.60981e-12  2.60857e-12  1.24465e-15
3.825808265e+00  2.5874328e-12  2.58743e-12  2.58609e-12  1.34036e-15
3.844937306e+00  2.5652262e-12  2.56523e-12  2.56378e-12  1.44239e-15
3.864161992e+00  2.5431934e-12  2.54319e-12  2.54164e-12  1.55108e-15
3.883482802e+00  2.5213086e-12  2.52131e-12  2.51964e-12  1.66746e-15
3.902900216e+00  2.4996219e-12  2.49962e-12  2.49783e-12  1.79065e-15
3.922414717e+00  2.4780828e-12  2.47808e-12  2.47616e-12  1.92238e-15
3.942026791e+00  2.4566915e-12  2.45669e-12  2.45463e-12  2.06320e-15
3.961736925e+00  2.4354968e-12  2.43550e-12  2.43328e-12  2.21205e-15
3.981545610e+00  2.4144497e-12  2.41445e-12  2.41208e-12  2.37098e-15
4.001453338e+00  2.3933843e-12  2.39338e-12  2.39084e-12  2.54685e-15
4.021460604e+00  2.3701238e-12  2.37012e-12  2.36730e-12  2.82861e-15
4.041567907e+00  2.3470654e-12  2.34707e-12  2.34393e-12  3.13287e-15
4.061775747e+00  2.3242098e-12  2.32421e-12  2.32075e-12  3.46103e-15
4.082084626e+00  2.3015578e-12  2.30156e-12  2.29774e-12  3.81460e-15
4.102495049e+00  2.2791101e-12  2.27911e-12  2.27492e-12  4.19514e-15
4.123007524e+00  2.2568899e-12  2.25689e-12  2.25229e-12  4.60310e-15
4.143622562e+00  2.2348754e-12  2.23488e-12  2.22983e-12  5.04127e-15
4.164340674e+00  2.2130675e-12  2.21307e-12  2.20756e-12  5.51147e-15
4.185162378e+00  2.1914675e-12  2.19147e-12  2.18545e-12  6.01557e-15
4.206088190e+00  2.1700764e-12  2.17008e-12  2.16352e-12  6.55554e-15
4.227118631e+00  2.1489164e-12  2.14892e-12  2.14178e-12  7.13190e-15
4.248254224e+00  2.1279469e-12  2.12795e-12  2.12020e-12  7.74981e-15
4.269495495e+00  2.1072108e-12  2.10721e-12  2.09880e-12  8.40836e-15
4.290842972e+00  2.0866887e-12  2.08669e-12  2.07758e-12  9.11142e-15
4.312297187e+00  2.0663823e-12  2.06638e-12  2.05652e-12  9.86144e-15
4.333858673e+00  2.0463129e-12  2.04631e-12  2.03565e-12  1.06590e-14
4.355527967e+00  2.0264429e-12  2.02644e-12  2.01493e-12  1.15106e-14
4.377305606e+00  2.0068131e-12  2.00681e-12  1.99440e-12  1.24149e-14
4.399192134e+00  1.9873872e-12  1.98739e-12  1.97401e-12  1.33791e-14
4.421188095e+00  1.9682052e-12  1.96821e-12  1.95380e-12  1.44017e-14
4.443294036e+00  1.9492503e-12  1.94925e-12  1.93376e-12  1.54880e-14
4.465510506e+00  1.9305249e-12  1.93052e-12  1.91388e-12  1.66412e-14
4.487838058e+00  1.9120491e-12  1.91205e-12  1.89419e-12  1.78619e-14
4.510277249e+00  1.8967046e-12  1.89670e-12  1.87801e-12  1.86913e-14
4.532828635e+00  1.8849094e-12  1.88491e-12  1.86593e-12  1.89747e-14
4.555492778e+00  1.8731687e-12  1.87317e-12  1.85393e-12  1.92375e-14
4.578270242e+00  1.8614962e-12  1.86150e-12  1.84202e-12  1.94745e-14
4.601161593e+00  1.8498559e-12  1.84986e-12  1.83017e-12  1.96895e-14
4.624167401e+00  1.8382617e-12  1.83826e-12  1.81838e-12  1.98769e-14
4.647288238e+00  1.8267261e-12  1.82673e-12  1.80670e-12  2.00307e-14
4.670524679e+00  1.8152146e-12  1.81521e-12  1.79506e-12  2.01551e-14
4.693877303e+00  1.8037397e-12  1.80374e-12  1.78350e-12  2.02439e-14
4.717346689e+00  1.7922980e-12  1.79230e-12  1.77200e-12  2.02941e-14
4.740933423e+00  1.7808861e-12  1.78089e-12  1.76058e-12  2.03026e-14
4.764638090e+00  1.7695001e-12  1.76950e-12  1.74923e-12  2.02661e-14
4.788461280e+00  1.7581498e-12  1.75815e-12  1.73797e-12  2.01766e-14
4.812403587e+00  1.7468039e-12  1.74680e-12  1.72676e-12  2.00397e-14
4.836465604e+00  1.7354720e-12  1.73547e-12  1.71562e-12  1.98471e-14
4.860647933e+00  1.7241498e-12  1.72415e-12  1.70455e-12  1.95951e-14
4.884951172e+00  1.7128330e-12  1.71283e-12  1.69355e-12  1.92795e-14
4.909375928e+00  1.7015170e-12  1.70152e-12  1.68262e-12  1.88963e-14
4.933922808e+00  1.6902083e-12  1.69021e-12  1.67177e-12  1.84351e-14
4.958592422e+00  1.6788788e-12  1.67888e-12  1.66098e-12  1.79030e-14
4.983385384e+00  1.6675352e-12  1.66754e-12  1.65025e-12  1.72896e-14
5.008302311e+00  1.6552174e-12  1.65522e-12  1.63802e-12  1.71997e-14
5.033343822e+00  1.6410734e-12  1.64107e-12  1.62271e-12  1.83588e-14
5.058510541e+00  1.6271185e-12  1.62712e-12  1.60754e-12  1.95766e-14
5.083803094e+00  1.6133541e-12  1.61335e-12  1.59250e-12  2.08552e-14
5.109222110e+00  1.5997728e-12  1.59977e-12  1.57757e-12  2.22044e-14
5.134768220e+00  1.5863856e-12  1.58639e-12  1.56277e-12  2.36197e-14
5.160442061e+00  1.5731862e-12  1.57319e-12  1.54807e-12  2.51115e-14
5.186244272e+00  1.5601920e-12  1.56019e-12  1.53353e-12  2.66663e-14
5.212175493e+00  1.5473827e-12  1.54738e-12  1.51907e-12  2.83120e-14
5.238236370e+00  1.5347820e-12  1.53478e-12  1.50476e-12  3.00257e-14
5.264427552e+00  1.5223783e-12  1.52238e-12  1.49055e-12  3.18281e-14
5.290749690e+00  1.5101802e-12  1.51018e-12  1.47647e-12  3.37130e-14
5.317203438e+00  1.4981848e-12  1.49818e-12  1.46249e-12  3.56934e-14
5.343789456e+00  1.4863998e-12  1.48640e-12  1.44864e-12  3.77626e-14
5.370508403e+00  1.4748233e-12  1.47482e-12  1.43489e-12  3.99345e-14
5.397360945e+00  1.4634625e-12  1.46346e-12  1.42126e-12  4.22020e-14
5.424347750e+00  1.4523194e-12  1.45232e-12  1.40775e-12  4.45680e-14
5.451469488e+00  1.4413938e-12  1.44139e-12  1.39435e-12  4.70477e-14
5.478726836e+00  1.4306916e-12  1.43069e-12  1.38106e-12  4.96331e-14
5.506120470e+00  1.4201300e-12  1.42013e-12  1.36702e-12  5.31120e-14
5.533651072e+00  1.4096864e-12  1.40969e-12  1.35011e-12  5.95744e-14
5.561319328e+00  1.3997828e-12  1.39978e-12  1.33336e-12  6.64224e-14
5.589125924e+00  1.3904334e-12  1.39043e-12  1.31678e-12  7.36573e-14
5.617071554e+00  1.3816531e-12  1.38165e-12  1.30033e-12  8.13229e-14
5.645156912e+00  1.3734561e-12  1.37346e-12  1.28405e-12  8.94065e-14
5.673382696e+00  1.3658582e-12  1.36586e-12  1.26792e-12  9.79389e-14
5.701749610e+00  1.3588755e-12  1.35888e-12  1.25194e-12  1.06937e-13
5.730258358e+00  1.3525244e-12  1.35252e-12  1.23611e-12  1.16418e-13
5.758909650e+00  1.3468178e-12  1.34682e-12  1.22043e-12  1.26383e-13
5.787704198e+00  1.3417801e-12  1.34178e-12  1.20490e-12  1.36884e-13
5.816642719e+00  1.3374202e-12  1.33742e-12  1.18952e-12  1.47904e-13
5.845725932e+00  1.3337601e-12  1.33376e-12  1.17428e-12  1.59479e-13
5.874954562e+00  1.3308179e-12  1.33082e-12  1.15919e-12  1.71629e-13
5.904329335e+00  1.3286125e-12  1.32861e-12  1.14424e-12  1.84373e-13
5.933850982e+00  1.3271548e-12  1.32715e-12  1.12944e-12  1.97710e-13
5.963520237e+00  1.3264796e-12  1.32648e-12  1.11478e-12  2.11702e-13
5.993337838e+00  1.3265897e-12  1.32659e-12  1.10026e-12  2.26327e-13
6.023304527e+00  1.3249843e-12  1.32498e-12  1.08887e-12  2.36117e-13
6.053421050e+00  1.3230497e-12  1.32305e-12  1.07841e-12  2.44636e-13
6.083688155e+00  1.3214382e-12  1.32144e-12  1.06806e-12  2.53374e-13
6.114106596e+00  1.3201763e-12  1.32018e-12  1.05780e-12  2.62380e-13
6.144677129e+00  1.3192568e-12  1.31926e-12  1.04762e-12  2.71636e-13
6.175400514e+00  1.3186976e-12  1.31870e-12  1.03752e-12  2.81173e-13
6.206277517e+00  1.3175973e-12  1.31760e-12  1.02820e-12  2.89398e-13
6.237308904e+00  1.3130299e-12  1.31303e-12  1.02162e-12  2.91414e-13
6.268495449e+00  1.3083000e-12  1.30830e-12  1.01507e-12  2.93226e-13
6.299837926e+00  1.3034139e-12  1.30341e-12  1.00856e-12  2.94852e-13
6.331337116e+00  1.2983255e-12  1.29833e-12  1.00210e-12  2.96223e-13
6.362993801e+00  1.2930399e-12  1.29304e-12  9.95684e-13  2.97356e-13
6.394808770e+00  1.2875451e-12  1.28755e-12  9.89305e-13  2.98240e-13
6.426782814e+00  1.2818073e-12  1.28181e-12  9.82978e-13  2.98830e-13
6.458916728e+00  1.2758559e-12  1.27586e-12  9.76679e-13  2.99177e-13
6.491211312e+00  1.2696346e-12  1.26963e-12  9.70431e-13  2.99204e-13
6.523667368e+00  1.2664266e-12  1.26643e-12  9.62798e-13  3.03629e-13
6.556285705e+00  1.2645004e-12  1.26450e-12  9.54696e-13  3.09805e-13
6.589067134e+00  1.2626636e-12  1.26266e-12  9.46667e-13  3.15997e-13
6.622012469e+00  1.2609384e-12  1.26094e-12  9.38700e-13  3.22238e-13
6.655122532e+00  1.2593227e-12  1.25932e-12  9.30796e-13  3.28527e-13
6.688398144e+00  1.2577850e-12  1.25778e-12  9.22963e-13  3.34822e-13
6.721840135e+00  1.2563806e-12  1.25638e-12  9.15181e-13  3.41200e-13
6.755449336e+00  1.2550475e-12  1.25505e-12  9.07469e-13  3.47578e-13
6.789226583e+00  1.2538126e-12  1.25381e-12  8.99818e-13  3.53995e-13
6.823172715e+00  1.2526396e-12  1.25264e-12  8.92236e-13  3.60404e-13
6.857288579e+00  1.2515926e-12  1.25159e-12  8.84703e-13  3.66890e-13
6.891575022e+00  1.2506002e-12  1.25060e-12  8.77239e-13  3.73361e-13
6.926032897e+00  1.2496936e-12  1.24969e-12  8.69833e-13  3.79860e-13
6.960663062e+00  1.2488316e-12  1.24883e-12  8.62495e-13  3.86337e-13
6.995466377e+00  1.2480474e-12  1.24805e-12  8.55214e-13  3.92834e-13
7.030443709e+00  1.2473791e-12  1.24738e-12  8.47981e-13  3.99399e-13
7.065595927e+00  1.2467013e-12  1.24670e-12  8.40822e-13  4.05879e-13
7.100923907e+00  1.2461335e-12  1.24613e-12  8.33711e-13  4.12422e-13
7.136428526e+00  1.2455874e-12  1.24559e-12  8.26665e-13  4.18922e-13
7.172110669e+00  1.2451018e-12  1.24510e-12  8.19674e-13  4.25428e-13
7.207971222e+00  1.2444381e-12  1.24444e-12  8.12782e-13  4.31656e-13
7.244011079e+00  1.2428477e-12  1.24285e-12  8.06118e-13  4.36729e-13
7.280231134e+00  1.2411925e-12  1.24119e-12  7.99514e-13  4.41679e-13
7.316632290e+00  1.2395150e-12  1.23951e-12  7.92959e-13  4.46556e-13
7.353215451e+00  1.2378107e-12  1.23781e-12  7.86453e-13  4.51358e-13
7.389981528e+00  1.2360752e-12  1.23608e-12  7.79997e-13  4.56078e-13
7.426931436e+00  1.2342486e-12  1.23425e-12  7.73598e-13  4.60651e-13
7.464066093e+00  1.2323222e-12  1.23232e-12  7.67255e-13  4.65067e-13
7.501386424e+00  1.2304029e-12  1.23040e-12  7.60953e-13  4.69450e-13
7.538893356e+00  1.2283717e-12  1.22837e-12  7.54706e-13  4.73666e-13
7.576587822e+00  1.2262193e-12  1.22622e-12  7.48514e-13  4.77705e-13
7.614470762e+00  1.2239990e-12  1.22400e-12  7.42370e-13  4.81629e-13
7.652543115e+00  1.2217059e-12  1.22171e-12  7.36272e-13  4.85434e-13
7.690805831e+00  1.2192700e-12  1.21927e-12  7.30228e-13  4.89042e-13
7.729259860e+00  1.2167486e-12  1.21675e-12  7.24229e-13  4.92519e-13
7.767906159e+00  1.2140685e-12  1.21407e-12  7.18284e-13  4.95784e-13
7.806745690e+00  1.2112902e-12  1.21129e-12  7.12385e-13  4.98905e-13
7.845779419e+00  1.2084085e-12  1.20841e-12  7.06530e-13  5.01879e-13
7.885008316e+00  1.2053458e-12  1.20535e-12  7.00727e-13  5.04619e-13
7.924433357e+00  1.1978449e-12  1.19784e-12  6.95397e-13  5.02448e-13
7.964055524e+00  1.1873746e-12  1.18737e-12  6.90361e-13  4.97014e-13
8.003875802e+00  1.1764014e-12  1.17640e-12  6.85363e-13  4.91038e-13
8.043895181e+00  1.1649117e-12  1.16491e-12  6.80403e-13  4.84509e-13
8.084114657e+00  1.1528922e-12  1.15289e-12  6.75481e-13  4.77411e-13
8.124535230e+00  1.1403291e-12  1.14033e-12  6.70596e-13  4.69733e-13
8.165157906e+00  1.1272091e-12  1.12721e-12  6.65748e-13  4.61461e-13
8.205983696e+00  1.1154090e-12  1.11541e-12  6.60785e-13  4.54624e-13
8.247013614e+00  1.1142255e-12  1.11423e-12  6.54986e-13  4.59239e-13
8.288248682e+00  1.1129500e-12  1.11295e-12  6.49242e-13  4.63708e-13
8.329689926e+00  1.1117566e-12  1.11176e-12  6.43539e-13  4.68217e-13
8.371338375e+00  1.1104622e-12  1.11046e-12  6.37890e-13  4.72572e-13
8.413195067e+00  1.1091533e-12  1.10915e-12  6.32289e-13  4.76865e-13
8.455261042e+00  1.1078272e-12  1.10783e-12  6.26733e-13  4.81094e-13
8.497537348e+00  1.1064810e-12  1.10648e-12  6.21224e-13  4.85257e-13
8.540025034e+00  1.1072062e-12  1.10721e-12  6.15625e-13  4.91581e-13
8.582725160e+00  1.1081833e-12  1.10818e-12  6.10062e-13  4.98122e-13
8.625638785e+00  1.1091112e-12  1.10911e-12  6.04552e-13  5.04559e-13
8.668766979e+00  1.1100876e-12  1.11009e-12  5.99090e-13  5.10997e-13
8.712110814e+00  1.1118585e-12  1.11186e-12  5.93632e-13  5.18227e-13
8.755671368e+00  1.1156557e-12  1.11566e-12  5.88110e-13  5.27546e-13
8.799449725e+00  1.1194760e-12  1.11948e-12  5.82643e-13  5.36833e-13
8.843446974e+00  1.1235371e-12  1.12354e-12  5.77219e-13  5.46318e-13
8.887664209e+00  1.1276147e-12  1.12761e-12  5.71849e-13  5.55766e-13
8.932102530e+00  1.1319340e-12  1.13193e-12  5.66521e-13  5.65413e-13
8.976763042e+00  1.1362632e-12  1.13626e-12  5.61246e-13  5.75017e-13
9.021646857e+00  1.1404754e-12  1.14048e-12  5.56030e-13  5.84446e-13
9.066755092e+00  1.1444362e-12  1.14444e-12  5.50878e-13  5.93559e-13
9.112088867e+00  1.1483739e-12  1.14837e-12  5.45777e-13  6.02597e-13
9.157649312e+00  1.1525320e-12  1.15253e-12  5.40715e-13  6.11817e-13
9.203437558e+00  1.1564053e-12  1.15641e-12  5.35716e-13  6.20689e-13
9.249454746e+00  1.1576487e-12  1.15765e-12  5.30878e-13  6.26771e-13
9.295702020e+00  1.1588940e-12  1.15889e-12  5.26081e-13  6.32813e-13
9.342180530e+00  1.1600057e-12  1.16001e-12  5.21331e-13  6.38674e-13
9.388891432e+00  1.1611110e-12  1.16111e-12  5.16623e-13  6.44488e-13
9.435835890e+00  1.1622076e-12  1.16221e-12  5.11955e-13  6.50253e-13
9.483015069e+00  1.1634320e-12  1.16343e-12  5.07322e-13  6.56110e-13
9.530430144e+00  1.1632396e-12  1.16324e-12  5.02781e-13  6.60458e-13
9.578082295e+00  1.1624263e-12  1.16243e-12  4.98301e-13  6.64125e-13
9.625972707e+00  1.1614003e-12  1.16140e-12  4.93864e-13  6.67536e-13
9.674102570e+00  1.1604467e-12  1.16045e-12  4.89459e-13  6.70987e-13
9.722473083e+00  1.1592721e-12  1.15927e-12  4.85097e-13  6.74175e-13
9.771085448e+00  1.1580189e-12  1.15802e-12  4.80772e-13  6.77246e-13
9.819940876e+00  1.1603434e-12  1.16034e-12  4.76365e-13  6.83978e-13
9.869040580e+00  1.1683915e-12  1.16839e-12  4.71814e-13  6.96578e-13
9.918385783e+00  1.1765935e-12  1.17659e-12  4.67304e-13  7.09289e-13
9.967977712e+00  1.1849476e-12  1.18495e-12  4.62836e-13  7.22111e-13
1.001781760e+01  1.2131650e-12  1.21317e-12  4.57820e-13  7.55345e-13
1.006790669e+01  1.2778656e-12  1.27787e-12  4.51804e-13  8.26062e-13
1.011824622e+01  1.3443897e-12  1.34439e-12  4.45850e-13  8.98540e-13
1.016883745e+01  1.4127469e-12  1.41275e-12  4.39956e-13  9.72790e-13
1.021968164e+01  1.4829461e-12  1.48295e-12  4.34123e-13  1.04882e-12
1.027078005e+01  1.5549957e-12  1.55500e-12  4.28350e-13  1.12665e-12
1.032213395e+01  1.6289037e-12  1.62890e-12  4.22636e-13  1.20627e-12
1.037374462e+01  1.7045032e-12  1.70450e-12  4.16986e-13  1.28752e-12
1.042561334e+01  1.7821471e-12  1.78215e-12  4.11390e-13  1.37076e-12
1.047774141e+01  1.8614916e-12  1.86149e-12  4.05856e-13  1.45564e-12
1.053013012e+01  1.9428959e-12  1.94290e-12  4.00374e-13  1.54252e-12
1.058278077e+01  2.0260073e-12  2.02601e-12  3.94955e-13  1.63105e-12
1.063569467e+01  2.1683290e-12  2.16833e-12  3.88253e-13  1.78008e-12
1.068887314e+01  2.3245212e-12  2.32452e-12  3.81386e-13  1.94313e-12
1.074231751e+01  2.4846020e-12  2.48460e-12  3.74592e-13  2.11001e-12
1.079602910e+01  2.6483964e-12  2.64840e-12  3.67873e-13  2.28052e-12
1.085000924e+01  2.8157207e-12  2.81572e-12  3.61233e-13  2.45449e-12
1.090425929e+01  2.9867689e-12  2.98677e-12  3.54668e-13  2.63210e-12
1.095878058e+01  3.1615460e-12  3.16155e-12  3.48176e-13  2.81337e-12
1.101357449e+01  3.3439999e-12  3.34400e-12  3.41678e-13  3.00232e-12
1.106864236e+01  3.5420114e-12  3.54201e-12  3.35018e-13  3.20699e-12
1.112398557e+01  3.7440592e-12  3.74406e-12  3.28437e-13  3.41562e-12
1.117960550e+01  3.9503446e-12  3.95034e-12  3.21929e-13  3.62842e-12
1.123550353e+01  4.1606655e-12  4.16067e-12  3.15498e-13  3.84517e-12
1.129168104e+01  4.3750178e-12  4.37502e-12  3.09142e-13  4.06588e-12
1.134813945e+01  4.5936043e-12  4.59360e-12  3.02859e-13  4.29075e-12
1.140488015e+01  4.8164234e-12  4.81642e-12  2.96645e-13  4.51978e-12
1.146190455e+01  5.0432602e-12  5.04326e-12  2.90506e-13  4.75275e-12
1.151921407e+01  5.2400759e-12  5.24008e-12  2.85028e-13  4.95505e-12
1.157681014e+01  5.3714523e-12  5.37145e-12  2.80777e-13  5.09068e-12
1.163469419e+01  5.5048591e-12  5.50486e-12  2.76569e-13  5.22829e-12
1.169286766e+01  5.6400723e-12  5.64007e-12  2.72407e-13  5.36767e-12
1.175133200e+01  5.7770808e-12  5.77708e-12  2.68291e-13  5.50879e-12
1.181008866e+01  5.9160966e-12  5.91610e-12  2.64217e-13  5.65188e-12
1.186913910e+01  6.0566632e-12  6.05666e-12  2.60192e-13  5.79647e-12
1.192848480e+01  6.1992158e-12  6.19922e-12  2.56208e-13  5.94301e-12
1.198812722e+01  6.3435182e-12  6.34352e-12  2.52268e-13  6.09125e-12
1.204806786e+01  6.4897867e-12  6.48979e-12  2.48369e-13  6.24142e-12
1.210830820e+01  6.6375484e-12  6.63755e-12  2.44517e-13  6.39303e-12
1.216884974e+01  6.7872501e-12  6.78725e-12  2.40704e-13  6.54655e-12
1.222969399e+01  6.9386461e-12  6.93865e-12  2.36935e-13  6.70171e-12
1.229084246e+01  7.0917202e-12  7.09172e-12  2.33207e-13  6.85851e-12
1.235229667e+01  7.2466943e-12  7.24669e-12  2.29519e-13  7.01718e-12
1.241405815e+01  7.4033157e-12  7.40332e-12  2.25873e-13  7.17744e-12
1.247612845e+01  7.5615665e-12  7.56157e-12  2.22268e-13  7.33930e-12
1.253850909e+01  7.6452041e-12  7.64520e-12  2.19687e-13  7.42552e-12
1.260120163e+01  7.6811276e-12  7.68113e-12  2.17742e-13  7.46339e-12
1.266420764e+01  7.7165001e-12  7.71650e-12  2.15814e-13  7.50069e-12
1.272752868e+01  7.7510669e-12  7.75107e-12  2.13905e-13  7.53716e-12
1.279116632e+01  7.7850672e-12  7.78507e-12  2.12012e-13  7.57305e-12
1.285512215e+01  7.8187466e-12  7.81875e-12  2.10133e-13  7.60861e-12
1.291939776e+01  7.8513451e-12  7.85135e-12  2.08276e-13  7.64307e-12
1.298399475e+01  7.8836116e-12  7.88361e-12  2.06431e-13  7.67718e-12
1.304891473e+01  7.8535851e-12  7.85359e-12  2.05304e-13  7.64828e-12
1.311415930e+01  7.8013868e-12  7.80139e-12  2.04414e-13  7.59697e-12
1.317973010e+01  7.7473856e-12  7.74739e-12  2.03524e-13  7.54386e-12
1.324562875e+01  7.6910683e-12  7.69107e-12  2.02641e-13  7.48843e-12
1.331185689e+01  7.6329580e-12  7.63296e-12  2.01759e-13  7.43120e-12
1.337841618e+01  7.5728003e-12  7.57280e-12  2.00880e-13  7.37192e-12
1.344530826e+01  7.5106002e-12  7.51060e-12  2.00005e-13  7.31060e-12
1.351253480e+01  7.4466297e-12  7.44663e-12  1.99131e-13  7.24750e-12
1.358009747e+01  7.3803644e-12  7.38036e-12  1.98263e-13  7.18210e-12
1.364799796e+01  7.3123449e-12  7.31234e-12  1.97396e-13  7.11495e-12
1.371623795e+01  7.2420427e-12  7.24204e-12  1.96535e-13  7.04551e-12
1.378481914e+01  7.1700051e-12  7.17001e-12  1.95675e-13  6.97433e-12
1.385374323e+01  7.0959723e-12  7.09597e-12  1.94818e-13  6.90115e-12
1.392301195e+01  7.0199538e-12  7.01995e-12  1.93965e-13  6.82599e-12
1.399262701e+01  6.9419598e-12  6.94196e-12  1.93114e-13  6.74885e-12
1.406259015e+01  6.8022708e-12  6.80227e-12  1.92813e-13  6.60946e-12
1.413290310e+01  6.6528815e-12  6.65288e-12  1.92570e-13  6.46031e-12
1.420356761e+01  6.5004181e-12  6.50042e-12  1.92324e-13  6.30809e-12
1.427458545e+01  6.3451805e-12  6.34518e-12  1.92072e-13  6.15311e-12
1.434595838e+01  6.1874745e-12  6.18747e-12  1.91812e-13  5.99566e-12
1.441768817e+01  6.0264813e-12  6.02648e-12  1.91551e-13  5.83493e-12
1.448977661e+01  5.8630708e-12  5.86307e-12  1.91282e-13  5.67179e-12
1.456222549e+01  5.6967039e-12  5.69670e-12  1.91011e-13  5.50569e-12
1.463503662e+01  5.5279762e-12  5.52798e-12  1.90731e-13  5.33725e-12
1.470821180e+01  5.3560591e-12  5.35606e-12  1.90450e-13  5.16561e-12
1.478175286e+01  5.1818386e-12  5.18184e-12  1.90162e-13  4.99168e-12
1.485566163e+01  5.0405830e-12  5.04058e-12  1.89589e-13  4.85099e-12
1.492993994e+01  4.9089255e-12  4.90893e-12  1.88923e-13  4.72000e-12
1.500458964e+01  4.7788674e-12  4.77887e-12  1.88231e-13  4.59064e-12
1.507961258e+01  4.7058968e-12  4.70590e-12  1.87091e-13  4.51881e-12
1.515501065e+01  4.6314840e-12  4.63148e-12  1.85961e-13  4.44552e-12
1.523078570e+01  4.5559345e-12  4.55593e-12  1.84837e-13  4.37110e-12
1.530693963e+01  4.4792632e-12  4.47926e-12  1.83719e-13  4.29554e-12
1.538347433e+01  4.4011901e-12  4.40119e-12  1.82609e-13  4.21858e-12
1.546039170e+01  4.3217282e-12  4.32173e-12  1.81508e-13  4.14022e-12
1.553769366e+01  4.2414848e-12  4.24148e-12  1.80411e-13  4.06107e-12
1.561538212e+01  4.1595851e-12  4.15959e-12  1.79324e-13  3.98026e-12
1.569345903e+01  4.0766380e-12  4.07664e-12  1.78243e-13  3.89840e-12
1.577192633e+01  3.9923607e-12  3.99236e-12  1.77170e-13  3.81519e-12
1.585078596e+01  3.9070681e-12  3.90707e-12  1.76103e-13  3.73097e-12
1.593003989e+01  3.8207775e-12  3.82078e-12  1.75042e-13  3.64574e-12
1.600969009e+01  3.7332047e-12  3.73320e-12  1.73989e-13  3.55922e-12
1.608973854e+01  3.6443654e-12  3.64437e-12  1.72943e-13  3.47142e-12
1.617018723e+01  3.5542754e-12  3.55428e-12  1.71905e-13  3.38237e-12
1.625103817e+01  3.4635581e-12  3.46356e-12  1.70871e-13  3.29269e-12
1.633229336e+01  3.3713214e-12  3.37132e-12  1.69846e-13  3.20147e-12
1.641395483e+01  3.2858064e-12  3.28581e-12  1.68780e-13  3.11703e-12
1.649602460e+01  3.2363778e-12  3.23638e-12  1.67495e-13  3.06888e-12
1.657850473e+01  3.1865570e-12  3.18656e-12  1.66219e-13  3.02034e-12
1.666139725e+01  3.1360488e-12  3.13605e-12  1.64954e-13  2.97109e-12
1.674470424e+01  3.0848632e-12  3.08486e-12  1.63699e-13  2.92116e-12
1.682842776e+01  3.0327027e-12  3.03270e-12  1.62456e-13  2.87025e-12
1.691256990e+01  2.9804995e-12  2.98050e-12  1.61220e-13  2.81928e-12
1.699713274e+01  2.9273419e-12  2.92734e-12  1.59996e-13  2.76735e-12
1.708211841e+01  2.8735476e-12  2.87355e-12  1.58782e-13  2.71477e-12
1.716752900e+01  2.8191272e-12  2.81913e-12  1.57578e-13  2.66155e-12
1.725336665e+01  2.7560468e-12  2.75605e-12  1.56428e-13  2.59962e-12
1.733963348e+01  2.6873871e-12  2.68739e-12  1.55315e-13  2.53207e-12
1.742633165e+01  2.6177958e-12  2.61780e-12  1.54211e-13  2.46358e-12
1.751346330e+01  2.5479066e-12  2.54791e-12  1.53114e-13  2.39479e-12
1.760103062e+01  2.4771125e-12  2.47711e-12  1.52027e-13  2.32509e-12
1.768903577e+01  2.4057377e-12  2.40574e-12  1.50948e-13  2.25479e-12
1.777748095e+01  2.3337961e-12  2.33380e-12  1.49877e-13  2.18392e-12
1.786636836e+01  2.2613017e-12  2.26130e-12  1.48815e-13  2.11249e-12
1.795570020e+01  2.1879570e-12  2.18796e-12  1.47761e-13  2.04020e-12
1.804547870e+01  2.1287449e-12  2.12874e-12  1.46642e-13  1.98210e-12
1.813570609e+01  2.0830797e-12  2.08308e-12  1.45462e-13  1.93762e-12
1.822638462e+01  2.0369450e-12  2.03694e-12  1.44293e-13  1.89265e-12
1.831751655e+01  1.9906620e-12  1.99066e-12  1.43133e-13  1.84753e-12
1.840910413e+01  1.9439275e-12  1.94393e-12  1.41983e-13  1.80194e-12
1.850114965e+01  1.8970631e-12  1.89706e-12  1.40841e-13  1.75622e-12
1.859365540e+01  1.8763348e-12  1.87633e-12  1.39584e-13  1.73675e-12
1.868662368e+01  1.8551910e-12  1.85519e-12  1.38339e-13  1.71685e-12
1.878005679e+01  1.8339483e-12  1.83395e-12  1.37105e-13  1.69684e-12
1.887395708e+01  1.8126111e-12  1.81261e-12  1.35882e-13  1.67673e-12
1.896832686e+01  1.7911836e-12  1.79118e-12  1.34669e-13  1.65651e-12
1.906316850e+01  1.7693575e-12  1.76936e-12  1.33469e-13  1.63589e-12
1.915848434e+01  1.7474496e-12  1.74745e-12  1.32279e-13  1.61517e-12
1.925427676e+01  1.7251516e-12  1.72515e-12  1.31100e-13  1.59405e-12
1.935054815e+01  1.7030931e-12  1.70309e-12  1.29930e-13  1.57316e-12
1.944730089e+01  1.6806532e-12  1.68065e-12  1.28772e-13  1.55188e-12
1.954453739e+01  1.6578366e-12  1.65784e-12  1.27626e-13  1.53021e-12
1.964226008e+01  1.6349599e-12  1.63496e-12  1.26489e-13  1.50847e-12
1.974047138e+01  1.6120274e-12  1.61203e-12  1.25362e-13  1.48667e-12
1.983917374e+01  1.5890433e-12  1.58904e-12  1.24245e-13  1.46480e-12
1.993836960e+01  1.5657004e-12  1.56570e-12  1.23138e-13  1.44256e-12
2.003806145e+01  1.5311060e-12  1.53111e-12  1.22088e-13  1.40902e-12
2.013825176e+01  1.4775112e-12  1.47751e-12  1.21123e-13  1.35639e-12
2.023894302e+01  1.4239304e-12  1.42393e-12  1.20165e-13  1.30376e-12
2.034013773e+01  1.3700621e-12  1.37006e-12  1.19216e-13  1.25085e-12
2.044183842e+01  1.3162267e-12  1.31623e-12  1.18274e-13  1.19795e-12
2.054404761e+01  1.2618131e-12  1.26181e-12  1.17341e-13  1.14447e-12
2.064676785e+01  1.2074515e-12  1.20745e-12  1.16414e-13  1.09104e-12
2.075000169e+01  1.1528415e-12  1.15284e-12  1.15496e-13  1.03735e-12
2.085375170e+01  1.0979930e-12  1.09799e-12  1.14586e-13  9.83407e-13
2.095802046e+01  1.0429158e-12  1.04292e-12  1.13683e-13  9.29233e-13
2.106281056e+01  9.8761992e-13  9.87620e-13  1.12788e-13  8.74832e-13
2.116812461e+01  9.3211507e-13  9.32115e-13  1.11901e-13  8.20214e-13
2.127396524e+01  8.7671860e-13  8.76719e-13  1.11021e-13  7.65698e-13
2.138033506e+01  8.4600371e-13  8.46004e-13  1.10056e-13  7.35948e-13
2.148723674e+01  8.2362179e-13  8.23622e-13  1.09070e-13  7.14552e-13
2.159467292e+01  8.0127407e-13  8.01274e-13  1.08092e-13  6.93182e-13
2.170264629e+01  7.7865820e-13  7.78658e-13  1.07124e-13  6.71535e-13
2.181115952e+01  7.5608412e-13  7.56084e-13  1.06164e-13  6.49920e-13
2.192021532e+01  7.3325042e-13  7.33250e-13  1.05214e-13  6.28037e-13
2.202981639e+01  7.1046608e-13  7.10466e-13  1.04272e-13  6.06194e-13
2.213996547e+01  6.8773432e-13  6.87734e-13  1.03338e-13  5.84396e-13
2.225066530e+01  6.6505834e-13  6.65058e-13  1.02412e-13  5.62646e-13
2.236191863e+01  6.4213876e-13  6.42139e-13  1.01496e-13  5.40643e-13
2.247372822e+01  6.1928235e-13  6.19282e-13  1.00588e-13  5.18695e-13
2.258609686e+01  6.1005357e-13  6.10054e-13  9.96414e-14  5.10412e-13
2.269902735e+01  6.0505049e-13  6.05050e-13  9.86900e-14  5.06360e-13
2.281252248e+01  6.0034655e-13  6.00347e-13  9.77466e-14  5.02600e-13
2.292658510e+01  5.9534145e-13  5.95341e-13  9.68130e-14  4.98528e-13
2.304121802e+01  5.9033656e-13  5.90337e-13  9.58882e-14  4.94448e-13
2.315642411e+01  5.8563070e-13  5.85631e-13  9.49711e-14  4.90660e-13
2.327220623e+01  5.8062737e-13  5.80627e-13  9.40637e-14  4.86564e-13
2.338856726e+01  5.7562603e-13  5.75626e-13  9.31648e-14  4.82461e-13
2.350551010e+01  5.7062727e-13  5.70627e-13  9.22743e-14  4.78353e-13
2.362303765e+01  5.6563167e-13  5.65632e-13  9.13922e-14  4.74239e-13
2.374115284e+01  5.6063980e-13  5.60640e-13  9.05184e-14  4.70121e-13
2.385985860e+01  5.5565222e-13  5.55652e-13  8.96529e-14  4.65999e-13
2.397915789e+01  5.5066951e-13  5.50670e-13  8.87955e-14  4.61874e-13
2.409905368e+01  5.4569220e-13  5.45692e-13  8.79462e-14  4.57746e-13
2.421954895e+01  5.4072086e-13  5.40721e-13  8.71049e-14  4.53616e-13
2.434064670e+01  5.3575601e-13  5.35756e-13  8.62716e-14  4.49484e-13
2.446234993e+01  5.3050798e-13  5.30508e-13  8.54469e-14  4.45061e-13
2.458466168e+01  5.2555851e-13  5.25559e-13  8.46292e-14  4.40929e-13
2.470758499e+01  5.2032852e-13  5.20329e-13  8.38201e-14  4.36508e-13
2.483112291e+01  5.1539656e-13  5.15397e-13  8.30177e-14  4.32379e-13
2.495527853e+01  5.1018674e-13  5.10187e-13  8.22237e-14  4.27963e-13
