# ------------------------------------------------------------------------
# Radiance spectrum
# NASA-GSFC Planetary Spectrum Generator (PSG) (Villanueva et al. 2018, 2022)
# Synthesized on Sat Dec 23 00:17:24 2023
# Doppler velocities [km/s] (vobs,vrot+vorb,vwidth,vrfl,vstr): 0.00000,-0.00000,0.00000,-119.41115,-0.00000
# Spectral unit: Wavelength [um]
# Radiance unit: Spectral irradiance [W/m2/um]
# Wave/freq Total Object Reflected Thermal
5.000000000e-01  7.5354197e-12  7.53542e-12  7.53542e-12  0.00000e+00
5.025000000e-01  7.6110611e-12  7.61106e-12  7.61106e-12  0.00000e+00
5.050125000e-01  7.6865411e-12  7.68654e-12  7.68654e-12  0.00000e+00
5.075375625e-01  7.7618450e-12  7.76184e-12  7.76184e-12  0.00000e+00
5.100752503e-01  7.8369582e-12  7.83696e-12  7.83696e-12  0.00000e+00
5.126256266e-01  7.9118663e-12  7.91187e-12  7.91187e-12  0.00000e+00
5.151887547e-01  7.9865546e-12  7.98655e-12  7.98655e-12  0.00000e+00
5.177646985e-01  8.0610089e-12  8.06101e-12  8.06101e-12  0.00000e+00
5.203535220e-01  8.1352148e-12  8.13521e-12  8.13521e-12  0.00000e+00
5.229552896e-01  8.2091580e-12  8.20916e-12  8.20916e-12  0.00000e+00
5.255700660e-01  8.2828243e-12  8.28282e-12  8.28282e-12  0.00000e+00
5.281979164e-01  8.3561997e-12  8.35620e-12  8.35620e-12  0.00000e+00
5.308389059e-01  8.4292701e-12  8.42927e-12  8.42927e-12  0.00000e+00
5.334931005e-01  8.5020217e-12  8.50202e-12  8.50202e-12  0.00000e+00
5.361605660e-01  8.5744406e-12  8.57444e-12  8.57444e-12  0.00000e+00
5.388413688e-01  8.6465131e-12  8.64651e-12  8.64651e-12  0.00000e+00
5.415355756e-01  8.7182258e-12  8.71823e-12  8.71823e-12  0.00000e+00
5.442432535e-01  8.7895650e-12  8.78957e-12  8.78957e-12  0.00000e+00
5.469644698e-01  8.8605175e-12  8.86052e-12  8.86052e-12  0.00000e+00
5.496992921e-01  8.9310701e-12  8.93107e-12  8.93107e-12  0.00000e+00
5.524477886e-01  9.0012097e-12  9.00121e-12  9.00121e-12  0.00000e+00
5.552100275e-01  9.0709234e-12  9.07092e-12  9.07092e-12  0.00000e+00
5.579860777e-01  9.1401983e-12  9.14020e-12  9.14020e-12  0.00000e+00
5.607760081e-01  9.2090218e-12  9.20902e-12  9.20902e-12  0.00000e+00
5.635798881e-01  9.2773815e-12  9.27738e-12  9.27738e-12  0.00000e+00
5.663977875e-01  9.3452649e-12  9.34526e-12  9.34526e-12  0.00000e+00
5.692297765e-01  9.4126599e-12  9.41266e-12  9.41266e-12  0.00000e+00
5.720759254e-01  9.4795545e-12  9.47955e-12  9.47955e-12  0.00000e+00
5.749363050e-01  9.5459368e-12  9.54594e-12  9.54594e-12  0.00000e+00
5.778109865e-01  9.6117951e-12  9.61180e-12  9.61180e-12  0.00000e+00
5.807000414e-01  9.6771179e-12  9.67712e-12  9.67712e-12  0.00000e+00
5.836035417e-01  9.7418939e-12  9.74189e-12  9.74189e-12  0.00000e+00
5.865215594e-01  9.8061118e-12  9.80611e-12  9.80611e-12  0.00000e+00
5.894541672e-01  9.8697608e-12  9.86976e-12  9.86976e-12  0.00000e+00
5.924014380e-01  9.9328301e-12  9.93283e-12  9.93283e-12  0.00000e+00
5.953634452e-01  9.9953090e-12  9.99531e-12  9.99531e-12  0.00000e+00
5.983402624e-01  1.0057187e-11  1.00572e-11  1.00572e-11  0.00000e+00
6.013319637e-01  1.0118454e-11  1.01185e-11  1.01185e-11  0.00000e+00
6.043386235e-01  1.0179101e-11  1.01791e-11  1.01791e-11  0.00000e+00
6.073603167e-01  1.0239116e-11  1.02391e-11  1.02391e-11  0.00000e+00
6.103971182e-01  1.0298491e-11  1.02985e-11  1.02985e-11  0.00000e+00
6.134491038e-01  1.0357216e-11  1.03572e-11  1.03572e-11  0.00000e+00
6.165163494e-01  1.0415282e-11  1.04153e-11  1.04153e-11  0.00000e+00
6.195989311e-01  1.0472680e-11  1.04727e-11  1.04727e-11  0.00000e+00
6.226969258e-01  1.0529402e-11  1.05294e-11  1.05294e-11  0.00000e+00
6.258104104e-01  1.0585438e-11  1.05854e-11  1.05854e-11  0.00000e+00
6.289394624e-01  1.0640780e-11  1.06408e-11  1.06408e-11  0.00000e+00
6.320841597e-01  1.0695420e-11  1.06954e-11  1.06954e-11  0.00000e+00
6.352445805e-01  1.0749351e-11  1.07494e-11  1.07494e-11  0.00000e+00
6.384208035e-01  1.0802564e-11  1.08026e-11  1.08026e-11  0.00000e+00
6.416129075e-01  1.0855052e-11  1.08551e-11  1.08551e-11  0.00000e+00
6.448209720e-01  1.0906808e-11  1.09068e-11  1.09068e-11  0.00000e+00
6.480450769e-01  1.0957824e-11  1.09578e-11  1.09578e-11  0.00000e+00
6.512853022e-01  1.1008095e-11  1.10081e-11  1.10081e-11  0.00000e+00
6.545417288e-01  1.1057612e-11  1.10576e-11  1.10576e-11  0.00000e+00
6.578144374e-01  1.1106371e-11  1.11064e-11  1.11064e-11  0.00000e+00
6.611035096e-01  1.1154364e-11  1.11544e-11  1.11544e-11  0.00000e+00
6.644090271e-01  1.1201586e-11  1.12016e-11  1.12016e-11  0.00000e+00
6.677310723e-01  1.1248031e-11  1.12480e-11  1.12480e-11  0.00000e+00
6.710697276e-01  1.1293693e-11  1.12937e-11  1.12937e-11  0.00000e+00
6.744250763e-01  1.1338568e-11  1.13386e-11  1.13386e-11  0.00000e+00
6.777972017e-01  1.1382650e-11  1.13827e-11  1.13827e-11  0.00000e+00
6.811861877e-01  1.1425935e-11  1.14259e-11  1.14259e-11  0.00000e+00
6.845921186e-01  1.1468418e-11  1.14684e-11  1.14684e-11  0.00000e+00
6.880150792e-01  1.1510093e-11  1.15101e-11  1.15101e-11  0.00000e+00
6.914551546e-01  1.1550959e-11  1.15510e-11  1.15510e-11  0.00000e+00
6.949124304e-01  1.1591010e-11  1.15910e-11  1.15910e-11  0.00000e+00
6.983869925e-01  1.1630242e-11  1.16302e-11  1.16302e-11  0.00000e+00
7.018789275e-01  1.1668653e-11  1.16687e-11  1.16687e-11  0.00000e+00
7.053883221e-01  1.1706238e-11  1.17062e-11  1.17062e-11  0.00000e+00
7.089152637e-01  1.1742996e-11  1.17430e-11  1.17430e-11  0.00000e+00
7.124598400e-01  1.1778922e-11  1.17789e-11  1.17789e-11  0.00000e+00
7.160221392e-01  1.1814015e-11  1.18140e-11  1.18140e-11  0.00000e+00
7.196022499e-01  1.1848272e-11  1.18483e-11  1.18483e-11  0.00000e+00
7.232002612e-01  1.1881691e-11  1.18817e-11  1.18817e-11  0.00000e+00
7.268162625e-01  1.1914270e-11  1.19143e-11  1.19143e-11  0.00000e+00
7.304503438e-01  1.1946007e-11  1.19460e-11  1.19460e-11  0.00000e+00
7.341025955e-01  1.1976901e-11  1.19769e-11  1.19769e-11  0.00000e+00
7.377731085e-01  1.2006950e-11  1.20069e-11  1.20069e-11  0.00000e+00
7.414619740e-01  1.2036153e-11  1.20362e-11  1.20362e-11  0.00000e+00
7.451692839e-01  1.2064509e-11  1.20645e-11  1.20645e-11  0.00000e+00
7.488951303e-01  1.2092018e-11  1.20920e-11  1.20920e-11  0.00000e+00
7.526396060e-01  1.2118678e-11  1.21187e-11  1.21187e-11  0.00000e+00
7.564028040e-01  1.2144491e-11  1.21445e-11  1.21445e-11  0.00000e+00
7.601848180e-01  1.2169454e-11  1.21695e-11  1.21695e-11  0.00000e+00
7.639857421e-01  1.2193569e-11  1.21936e-11  1.21936e-11  0.00000e+00
7.678056708e-01  1.2216836e-11  1.22168e-11  1.22168e-11  0.00000e+00
7.716446992e-01  1.2239256e-11  1.22393e-11  1.22393e-11  0.00000e+00
7.755029227e-01  1.2260828e-11  1.22608e-11  1.22608e-11  0.00000e+00
7.793804373e-01  1.2281553e-11  1.22816e-11  1.22816e-11  0.00000e+00
7.832773395e-01  1.2301434e-11  1.23014e-11  1.23014e-11  0.00000e+00
7.871937262e-01  1.2320470e-11  1.23205e-11  1.23205e-11  0.00000e+00
7.911296948e-01  1.2338664e-11  1.23387e-11  1.23387e-11  0.00000e+00
7.950853433e-01  1.2356016e-11  1.23560e-11  1.23560e-11  0.00000e+00
7.990607700e-01  1.2372529e-11  1.23725e-11  1.23725e-11  0.00000e+00
8.030560739e-01  1.2388204e-11  1.23882e-11  1.23882e-11  0.00000e+00
8.070713542e-01  1.2403044e-11  1.24030e-11  1.24030e-11  0.00000e+00
8.111067110e-01  1.2417051e-11  1.24171e-11  1.24171e-11  0.00000e+00
8.151622446e-01  1.2430226e-11  1.24302e-11  1.24302e-11  0.00000e+00
8.192380558e-01  1.2442573e-11  1.24426e-11  1.24426e-11  0.00000e+00
8.233342461e-01  1.2454095e-11  1.24541e-11  1.24541e-11  0.00000e+00
8.274509173e-01  1.2464793e-11  1.24648e-11  1.24648e-11  0.00000e+00
8.315881719e-01  1.2474672e-11  1.24747e-11  1.24747e-11  0.00000e+00
8.357461127e-01  1.2483735e-11  1.24837e-11  1.24837e-11  0.00000e+00
8.399248433e-01  1.2491984e-11  1.24920e-11  1.24920e-11  0.00000e+00
8.441244675e-01  1.2499423e-11  1.24994e-11  1.24994e-11  0.00000e+00
8.483450899e-01  1.2506056e-11  1.25061e-11  1.25061e-11  0.00000e+00
8.525868153e-01  1.2511887e-11  1.25119e-11  1.25119e-11  0.00000e+00
8.568497494e-01  1.2516919e-11  1.25169e-11  1.25169e-11  0.00000e+00
8.611339981e-01  1.2521156e-11  1.25212e-11  1.25212e-11  0.00000e+00
8.654396681e-01  1.2524603e-11  1.25246e-11  1.25246e-11  0.00000e+00
8.697668665e-01  1.2527264e-11  1.25273e-11  1.25273e-11  0.00000e+00
8.741157008e-01  1.2529144e-11  1.25291e-11  1.25291e-11  0.00000e+00
8.784862793e-01  1.2530246e-11  1.25302e-11  1.25302e-11  0.00000e+00
8.828787107e-01  1.2530575e-11  1.25306e-11  1.25306e-11  0.00000e+00
8.872931042e-01  1.2530137e-11  1.25301e-11  1.25301e-11  0.00000e+00
8.917295698e-01  1.2528810e-11  1.25288e-11  1.25288e-11  5.39595e-36
8.961882176e-01  1.2526851e-11  1.25269e-11  1.25269e-11  7.07347e-36
9.006691587e-01  1.2524139e-11  1.25241e-11  1.25241e-11  9.25935e-36
9.051725045e-01  1.2520680e-11  1.25207e-11  1.25207e-11  1.21036e-35
9.096983670e-01  1.2516478e-11  1.25165e-11  1.25165e-11  1.57992e-35
9.142468589e-01  1.2511539e-11  1.25115e-11  1.25115e-11  2.05945e-35
9.188180931e-01  1.2505869e-11  1.25059e-11  1.25059e-11  2.68077e-35
9.234121836e-01  1.2499473e-11  1.24995e-11  1.24995e-11  3.48471e-35
9.280292445e-01  1.2492357e-11  1.24924e-11  1.24924e-11  4.52350e-35
9.326693908e-01  1.2484527e-11  1.24845e-11  1.24845e-11  5.86391e-35
9.373327377e-01  1.2475988e-11  1.24760e-11  1.24760e-11  7.59113e-35
9.420194014e-01  1.2466746e-11  1.24667e-11  1.24667e-11  9.81375e-35
9.467294984e-01  1.2456808e-11  1.24568e-11  1.24568e-11  1.26700e-34
9.514631459e-01  1.2446180e-11  1.24462e-11  1.24462e-11  1.63356e-34
9.562204616e-01  1.2434867e-11  1.24349e-11  1.24349e-11  2.10334e-34
9.610015639e-01  1.2422877e-11  1.24229e-11  1.24229e-11  2.70463e-34
9.658065718e-01  1.2410214e-11  1.24102e-11  1.24102e-11  3.47320e-34
9.706356046e-01  1.2396887e-11  1.23969e-11  1.23969e-11  4.45430e-34
9.754887826e-01  1.2382900e-11  1.23829e-11  1.23829e-11  5.70504e-34
9.803662265e-01  1.2368262e-11  1.23683e-11  1.23683e-11  7.29745e-34
9.852680577e-01  1.2352977e-11  1.23530e-11  1.23530e-11  9.32221e-34
9.901943980e-01  1.2337053e-11  1.23371e-11  1.23371e-11  1.18934e-33
9.951453700e-01  1.2320497e-11  1.23205e-11  1.23205e-11  1.51542e-33
1.000121097e+00  1.2303316e-11  1.23033e-11  1.23033e-11  1.92844e-33
1.005121702e+00  1.2285515e-11  1.22855e-11  1.22855e-11  2.45090e-33
1.010147311e+00  1.2266979e-11  1.22670e-11  1.22670e-11  6.22191e-33
1.015198047e+00  1.2247961e-11  1.22480e-11  1.22480e-11  7.88760e-33
1.020274038e+00  1.2228345e-11  1.22283e-11  1.22283e-11  9.98668e-33
1.025375408e+00  1.2208137e-11  1.22081e-11  1.22081e-11  1.26286e-32
1.030502285e+00  1.2187344e-11  1.21873e-11  1.21873e-11  1.59496e-32
1.035654796e+00  1.2165975e-11  1.21660e-11  1.21660e-11  2.01191e-32
1.040833070e+00  1.2144035e-11  1.21440e-11  1.21440e-11  2.53473e-32
1.046037236e+00  1.2121531e-11  1.21215e-11  1.21215e-11  3.18951e-32
1.051267422e+00  1.2098472e-11  1.20985e-11  1.20985e-11  4.00855e-32
1.056523759e+00  1.2074863e-11  1.20749e-11  1.20749e-11  5.03181e-32
1.061806378e+00  1.2050712e-11  1.20507e-11  1.20507e-11  6.30868e-32
1.067115410e+00  1.2026027e-11  1.20260e-11  1.20260e-11  7.90007e-32
1.072450987e+00  1.2000814e-11  1.20008e-11  1.20008e-11  9.88111e-32
1.077813242e+00  1.1974961e-11  1.19750e-11  1.19750e-11  1.85164e-31
1.083202308e+00  1.1948714e-11  1.19487e-11  1.19487e-11  2.31047e-31
1.088618319e+00  1.1921962e-11  1.19220e-11  1.19220e-11  2.87962e-31
1.094061411e+00  1.1894711e-11  1.18947e-11  1.18947e-11  3.58478e-31
1.099531718e+00  1.1866969e-11  1.18670e-11  1.18670e-11  4.45742e-31
1.105029377e+00  1.1838624e-11  1.18386e-11  1.18386e-11  7.38143e-31
1.110554523e+00  1.1809921e-11  1.18099e-11  1.18099e-11  9.15709e-31
1.116107296e+00  1.1780748e-11  1.17807e-11  1.17807e-11  1.13469e-30
1.121687832e+00  1.1751112e-11  1.17511e-11  1.17511e-11  1.40443e-30
1.127296272e+00  1.1721022e-11  1.17210e-11  1.17210e-11  1.73633e-30
1.132932753e+00  1.1690367e-11  1.16904e-11  1.16904e-11  2.68029e-30
1.138597417e+00  1.1659388e-11  1.16594e-11  1.16594e-11  3.30623e-30
1.144290404e+00  1.1627975e-11  1.16280e-11  1.16280e-11  4.07379e-30
1.150011856e+00  1.1596137e-11  1.15961e-11  1.15961e-11  5.01396e-30
1.155761915e+00  1.1563879e-11  1.15639e-11  1.15639e-11  6.16428e-30
1.161540725e+00  1.1531095e-11  1.15311e-11  1.15311e-11  9.08419e-30
1.167348428e+00  1.1498021e-11  1.14980e-11  1.14980e-11  1.11438e-29
1.173185171e+00  1.1464550e-11  1.14646e-11  1.14646e-11  1.36554e-29
1.179051096e+00  1.1430689e-11  1.14307e-11  1.14307e-11  1.67150e-29
1.184946352e+00  1.1396331e-11  1.13963e-11  1.13963e-11  2.38444e-29
1.190871084e+00  1.1361711e-11  1.13617e-11  1.13617e-11  2.91240e-29
1.196825439e+00  1.1326722e-11  1.13267e-11  1.13267e-11  3.55346e-29
1.202809566e+00  1.1291371e-11  1.12914e-11  1.12914e-11  4.33102e-29
1.208823614e+00  1.1255666e-11  1.12557e-11  1.12557e-11  5.27314e-29
1.214867732e+00  1.1219500e-11  1.12195e-11  1.12195e-11  7.32963e-29
1.220942071e+00  1.1183107e-11  1.11831e-11  1.11831e-11  8.90529e-29
1.227046781e+00  1.1146380e-11  1.11464e-11  1.11464e-11  1.08084e-28
1.233182015e+00  1.1109326e-11  1.11093e-11  1.11093e-11  1.31046e-28
1.239347925e+00  1.1071952e-11  1.10720e-11  1.10720e-11  1.58722e-28
1.245544665e+00  1.1034154e-11  1.10342e-11  1.10342e-11  2.16051e-28
1.251772388e+00  1.0996161e-11  1.09962e-11  1.09962e-11  2.61143e-28
1.258031250e+00  1.0957869e-11  1.09579e-11  1.09579e-11  3.15326e-28
1.264321406e+00  1.0919285e-11  1.09193e-11  1.09193e-11  3.80365e-28
1.270643013e+00  1.0880306e-11  1.08803e-11  1.08803e-11  5.09286e-28
1.276996228e+00  1.0841156e-11  1.08412e-11  1.08412e-11  6.13099e-28
1.283381209e+00  1.0801735e-11  1.08017e-11  1.08017e-11  7.37337e-28
1.289798116e+00  1.0762047e-11  1.07620e-11  1.07620e-11  8.85870e-28
1.296247106e+00  1.0721994e-11  1.07220e-11  1.07220e-11  1.16960e-27
1.302728342e+00  1.0681368e-11  1.06814e-11  1.06814e-11  1.91243e-27
1.309241983e+00  1.0639754e-11  1.06398e-11  1.06398e-11  3.97093e-27
1.315788193e+00  1.0597803e-11  1.05978e-11  1.05978e-11  6.94550e-27
1.322367134e+00  1.0555735e-11  1.05557e-11  1.05557e-11  1.07077e-26
1.328978970e+00  1.0513448e-11  1.05134e-11  1.05134e-11  1.56609e-26
1.335623865e+00  1.0470846e-11  1.04708e-11  1.04708e-11  2.24256e-26
1.342301984e+00  1.0428144e-11  1.04281e-11  1.04281e-11  3.08192e-26
1.349013494e+00  1.0385243e-11  1.03852e-11  1.03852e-11  4.15711e-26
1.355758561e+00  1.0342047e-11  1.03420e-11  1.03420e-11  5.57802e-26
1.362537354e+00  1.0298665e-11  1.02987e-11  1.02987e-11  7.38174e-26
1.369350041e+00  1.0255206e-11  1.02552e-11  1.02552e-11  9.58435e-26
1.376196791e+00  1.0211471e-11  1.02115e-11  1.02115e-11  1.24304e-25
1.383077775e+00  1.0167570e-11  1.01676e-11  1.01676e-11  1.59900e-25
1.389993164e+00  1.0123609e-11  1.01236e-11  1.01236e-11  2.02997e-25
1.396943130e+00  1.0079390e-11  1.00794e-11  1.00794e-11  2.57781e-25
1.403927846e+00  1.0035023e-11  1.00350e-11  1.00350e-11  3.25532e-25
1.410947485e+00  9.9905127e-12  9.99051e-12  9.99051e-12  4.09042e-25
1.418002222e+00  9.9458647e-12  9.94586e-12  9.94586e-12  5.11664e-25
1.425092233e+00  9.9010850e-12  9.90108e-12  9.90108e-12  6.37408e-25
1.432217694e+00  9.8560804e-12  9.85608e-12  9.85608e-12  7.94420e-25
1.439378783e+00  9.8110546e-12  9.81105e-12  9.81105e-12  9.82307e-25
1.446575677e+00  9.7659140e-12  9.76591e-12  9.76591e-12  1.21074e-24
1.453808555e+00  9.7206640e-12  9.72066e-12  9.72066e-12  1.48782e-24
1.461077598e+00  9.6752131e-12  9.67521e-12  9.67521e-12  1.82959e-24
1.468382986e+00  9.6297613e-12  9.62976e-12  9.62976e-12  2.23576e-24
1.475724901e+00  9.5841202e-12  9.58412e-12  9.58412e-12  2.73409e-24
1.483103525e+00  9.5383921e-12  9.53839e-12  9.53839e-12  3.33477e-24
1.490519043e+00  9.4926776e-12  9.49268e-12  9.49268e-12  4.04535e-24
1.497971638e+00  9.4467909e-12  9.44679e-12  9.44679e-12  4.91097e-24
1.505461496e+00  9.4008328e-12  9.40083e-12  9.40083e-12  5.94847e-24
1.512988804e+00  9.3548084e-12  9.35481e-12  9.35481e-12  7.18979e-24
1.520553748e+00  9.3087226e-12  9.30872e-12  9.30872e-12  8.67240e-24
1.528156517e+00  9.2625805e-12  9.26258e-12  9.26258e-12  1.04402e-23
1.535797299e+00  9.2163868e-12  9.21639e-12  9.21639e-12  1.25448e-23
1.543476286e+00  9.1722647e-12  9.17226e-12  9.17226e-12  1.42358e-23
1.551193667e+00  9.1280799e-12  9.12808e-12  9.12808e-12  1.61315e-23
1.558949636e+00  9.0838370e-12  9.08384e-12  9.08384e-12  1.82528e-23
1.566744384e+00  9.0396315e-12  9.03963e-12  9.03963e-12  2.05672e-23
1.574578106e+00  8.9952859e-12  8.99529e-12  8.99529e-12  2.31999e-23
1.582450996e+00  8.9509859e-12  8.95099e-12  8.95099e-12  2.60546e-23
1.590363251e+00  8.9065557e-12  8.90656e-12  8.90656e-12  2.92941e-23
1.598315067e+00  8.8621789e-12  8.86218e-12  8.86218e-12  3.27829e-23
1.606306643e+00  8.8176818e-12  8.81768e-12  8.81768e-12  3.67319e-23
1.614338176e+00  8.7732458e-12  8.77325e-12  8.77325e-12  4.09519e-23
1.622409867e+00  8.7286988e-12  8.72870e-12  8.72870e-12  4.57157e-23
1.630521916e+00  8.6842206e-12  8.68422e-12  8.68422e-12  5.07614e-23
1.638674526e+00  8.6397272e-12  8.63973e-12  8.63973e-12  5.62383e-23
1.646867898e+00  8.5952228e-12  8.59522e-12  8.59522e-12  6.21602e-23
1.655102238e+00  8.5507114e-12  8.55071e-12  8.55071e-12  6.85361e-23
1.663377749e+00  8.5061970e-12  8.50620e-12  8.50620e-12  7.53684e-23
1.671694638e+00  8.4616835e-12  8.46168e-12  8.46168e-12  8.26515e-23
1.680053111e+00  8.4171747e-12  8.41717e-12  8.41717e-12  9.03692e-23
1.688453377e+00  8.3726745e-12  8.37267e-12  8.37267e-12  9.84924e-23
1.696895643e+00  8.3281867e-12  8.32819e-12  8.32819e-12  1.06976e-22
1.705380122e+00  8.2837149e-12  8.28371e-12  8.28371e-12  1.15756e-22
1.713907022e+00  8.2392629e-12  8.23926e-12  8.23926e-12  1.24743e-22
1.722476557e+00  8.1949162e-12  8.19492e-12  8.19492e-12  1.33024e-22
1.731088940e+00  8.1505139e-12  8.15051e-12  8.15051e-12  1.41927e-22
1.739744385e+00  8.1062232e-12  8.10622e-12  8.10622e-12  1.49525e-22
1.748443107e+00  8.0618847e-12  8.06188e-12  8.06188e-12  1.57505e-22
1.757185322e+00  8.0176636e-12  8.01766e-12  8.01766e-12  1.63307e-22
1.765971249e+00  7.9734024e-12  7.97340e-12  7.97340e-12  1.69072e-22
1.774801105e+00  7.9292644e-12  7.92926e-12  7.92926e-12  1.71417e-22
1.783675111e+00  7.8851727e-12  7.88517e-12  7.88517e-12  1.71065e-22
1.792593486e+00  7.8410518e-12  7.84105e-12  7.84105e-12  1.69532e-22
1.801556454e+00  7.7964383e-12  7.79644e-12  7.79644e-12  1.82249e-22
1.810564236e+00  7.7490175e-12  7.74902e-12  7.74902e-12  3.02935e-22
1.819617057e+00  7.7016185e-12  7.70162e-12  7.70162e-12  4.55828e-22
1.828715142e+00  7.6543224e-12  7.65432e-12  7.65432e-12  6.43800e-22
1.837858718e+00  7.6070557e-12  7.60706e-12  7.60706e-12  8.77386e-22
1.847048012e+00  7.5599740e-12  7.55997e-12  7.55997e-12  1.15594e-21
1.856283252e+00  7.5129282e-12  7.51293e-12  7.51293e-12  1.49701e-21
1.865564668e+00  7.4659971e-12  7.46600e-12  7.46600e-12  1.90623e-21
1.874892491e+00  7.4191834e-12  7.41918e-12  7.41918e-12  2.39494e-21
1.884266954e+00  7.3724895e-12  7.37249e-12  7.37249e-12  2.97613e-21
1.893688289e+00  7.3259181e-12  7.32592e-12  7.32592e-12  3.66467e-21
1.903156730e+00  7.2794715e-12  7.27947e-12  7.27947e-12  4.47755e-21
1.912672514e+00  7.2330795e-12  7.23308e-12  7.23308e-12  5.44534e-21
1.922235876e+00  7.1868181e-12  7.18682e-12  7.18682e-12  6.58173e-21
1.931847056e+00  7.1406895e-12  7.14069e-12  7.14069e-12  7.91234e-21
1.941506291e+00  7.0946960e-12  7.09470e-12  7.09470e-12  9.46627e-21
1.951213822e+00  7.0487688e-12  7.04877e-12  7.04877e-12  1.12944e-20
1.960969892e+00  7.0030525e-12  7.00305e-12  7.00305e-12  1.34005e-20
1.970774741e+00  6.9574076e-12  6.95741e-12  6.95741e-12  1.58655e-20
1.980628615e+00  6.9119073e-12  6.91191e-12  6.91191e-12  1.87200e-20
1.990531758e+00  6.8665534e-12  6.86655e-12  6.86655e-12  2.20190e-20
2.000484417e+00  6.8215542e-12  6.82155e-12  6.82155e-12  2.57294e-20
2.010486839e+00  6.7810087e-12  6.78101e-12  6.78101e-12  2.77626e-20
2.020539273e+00  6.7405589e-12  6.74056e-12  6.74056e-12  2.98964e-20
2.030641969e+00  6.7002070e-12  6.70021e-12  6.70021e-12  3.21265e-20
2.040795179e+00  6.6599549e-12  6.65995e-12  6.65995e-12  3.44463e-20
2.050999155e+00  6.6198714e-12  6.61987e-12  6.61987e-12  3.67914e-20
2.061254151e+00  6.5798245e-12  6.57982e-12  6.57982e-12  3.92539e-20
2.071560421e+00  6.5399492e-12  6.53995e-12  6.53995e-12  4.17003e-20
2.081918224e+00  6.5001806e-12  6.50018e-12  6.50018e-12  4.41642e-20
2.092327815e+00  6.4605206e-12  6.46052e-12  6.46052e-12  4.66191e-20
2.102789454e+00  6.4209708e-12  6.42097e-12  6.42097e-12  4.90330e-20
2.113303401e+00  6.3815332e-12  6.38153e-12  6.38153e-12  5.13679e-20
2.123869918e+00  6.3422731e-12  6.34227e-12  6.34227e-12  5.34614e-20
2.134489268e+00  6.3030644e-12  6.30306e-12  6.30306e-12  5.54808e-20
2.145161714e+00  6.2640356e-12  6.26404e-12  6.26404e-12  5.71139e-20
2.155887523e+00  6.2251248e-12  6.22512e-12  6.22512e-12  5.84001e-20
2.166666960e+00  6.1863334e-12  6.18633e-12  6.18633e-12  5.92495e-20
2.177500295e+00  6.1476630e-12  6.14766e-12  6.14766e-12  5.95584e-20
2.188387796e+00  6.1091764e-12  6.10918e-12  6.10918e-12  5.89899e-20
2.199329735e+00  6.0707520e-12  6.07075e-12  6.07075e-12  5.78196e-20
2.210326384e+00  6.0325136e-12  6.03251e-12  6.03251e-12  5.54282e-20
2.221378016e+00  5.9944010e-12  5.99440e-12  5.99440e-12  5.18482e-20
2.232484906e+00  5.9564159e-12  5.95642e-12  5.95642e-12  4.68692e-20
2.243647331e+00  5.9185594e-12  5.91856e-12  5.91856e-12  4.02532e-20
2.254865567e+00  5.8797735e-12  5.87977e-12  5.87977e-12  3.88704e-20
2.266139895e+00  5.8397884e-12  5.83979e-12  5.83979e-12  4.68103e-20
2.277470595e+00  5.7999680e-12  5.79997e-12  5.79997e-12  5.59418e-20
2.288857948e+00  5.7602557e-12  5.76026e-12  5.76026e-12  6.69463e-20
2.300302237e+00  5.7207680e-12  5.72077e-12  5.72077e-12  7.89816e-20
2.311803748e+00  5.6813911e-12  5.68139e-12  5.68139e-12  9.33590e-20
2.323362767e+00  5.6422399e-12  5.64224e-12  5.64224e-12  1.09060e-19
2.334979581e+00  5.6032019e-12  5.60320e-12  5.60320e-12  1.27675e-19
2.346654479e+00  5.5643907e-12  5.56439e-12  5.56439e-12  1.47976e-19
2.358387751e+00  5.5256951e-12  5.52570e-12  5.52569e-12  1.71886e-19
2.370179690e+00  5.4871720e-12  5.48717e-12  5.48717e-12  1.98957e-19
2.382030589e+00  5.4488768e-12  5.44888e-12  5.44888e-12  2.28418e-19
2.393940742e+00  5.4107006e-12  5.41070e-12  5.41070e-12  2.62822e-19
2.405910445e+00  5.3726990e-12  5.37270e-12  5.37270e-12  3.01573e-19
2.417939997e+00  5.3348727e-12  5.33487e-12  5.33487e-12  3.45154e-19
2.430029697e+00  5.2972223e-12  5.29722e-12  5.29722e-12  3.94090e-19
2.442179846e+00  5.2597485e-12  5.25975e-12  5.25975e-12  4.48962e-19
2.454390745e+00  5.2224517e-12  5.22245e-12  5.22245e-12  5.10401e-19
2.466662699e+00  5.1853325e-12  5.18533e-12  5.18533e-12  5.79103e-19
2.478996012e+00  5.1483914e-12  5.14839e-12  5.14839e-12  6.55825e-19
2.491390992e+00  5.1116289e-12  5.11163e-12  5.11163e-12  7.41397e-19
2.503847947e+00  5.0745873e-12  5.07459e-12  5.07459e-12  8.61659e-19
2.516367187e+00  5.0367208e-12  5.03672e-12  5.03672e-12  1.05762e-18
2.528949023e+00  4.9990550e-12  4.99905e-12  4.99905e-12  1.28138e-18
2.541593768e+00  4.9615900e-12  4.96159e-12  4.96159e-12  1.53610e-18
2.554301737e+00  4.9243261e-12  4.92433e-12  4.92432e-12  1.82525e-18
2.567073246e+00  4.8872634e-12  4.88726e-12  4.88726e-12  2.15263e-18
2.579908612e+00  4.8503534e-12  4.85035e-12  4.85035e-12  2.52702e-18
2.592808155e+00  4.8136456e-12  4.81365e-12  4.81364e-12  2.94915e-18
2.605772196e+00  4.7771400e-12  4.77714e-12  4.77714e-12  3.42408e-18
2.618801057e+00  4.7408369e-12  4.74084e-12  4.74083e-12  3.95732e-18
2.631895062e+00  4.7047361e-12  4.70474e-12  4.70473e-12  4.55490e-18
2.645054537e+00  4.6687908e-12  4.66879e-12  4.66879e-12  5.23035e-18
2.658279810e+00  4.6330487e-12  4.63305e-12  4.63304e-12  5.98500e-18
2.671571209e+00  4.5975096e-12  4.59751e-12  4.59750e-12  6.82671e-18
2.684929065e+00  4.5621737e-12  4.56217e-12  4.56217e-12  7.76405e-18
2.698353710e+00  4.5270407e-12  4.52704e-12  4.52703e-12  8.80630e-18
2.711845479e+00  4.3921310e-12  4.39213e-12  4.39210e-12  3.30408e-17
2.725404706e+00  4.2445339e-12  4.24453e-12  4.24447e-12  6.48069e-17
2.739031730e+00  4.0982712e-12  4.09827e-12  4.09817e-12  1.01670e-16
2.752726889e+00  3.9532530e-12  3.95325e-12  3.95311e-12  1.44241e-16
2.766490523e+00  3.8095681e-12  3.80957e-12  3.80937e-12  1.93134e-16
2.780322976e+00  3.6671714e-12  3.66717e-12  3.66692e-12  2.49064e-16
2.794224591e+00  3.5260191e-12  3.52602e-12  3.52571e-12  3.12810e-16
2.808195713e+00  3.3861977e-12  3.38620e-12  3.38581e-12  3.85174e-16
2.822236692e+00  3.2476200e-12  3.24762e-12  3.24715e-12  4.67097e-16
2.836347875e+00  3.1103289e-12  3.11033e-12  3.10977e-12  5.59548e-16
2.850529615e+00  2.9742814e-12  2.97428e-12  2.97362e-12  6.63620e-16
2.864782263e+00  2.8395193e-12  2.83952e-12  2.83874e-12  7.80457e-16
2.879106174e+00  2.7060419e-12  2.70604e-12  2.70513e-12  9.11320e-16
2.893501705e+00  2.5738071e-12  2.57381e-12  2.57275e-12  1.05760e-15
2.907969214e+00  2.4428149e-12  2.44281e-12  2.44159e-12  1.22078e-15
2.922509060e+00  2.3131058e-12  2.31311e-12  2.31170e-12  1.40244e-15
2.937121605e+00  2.1846387e-12  2.18464e-12  2.18303e-12  1.60433e-15
2.951807213e+00  2.0574533e-12  2.05745e-12  2.05563e-12  1.82829e-15
2.966566249e+00  1.9314696e-12  1.93147e-12  1.92939e-12  2.07640e-15
2.981399080e+00  1.8067279e-12  1.80673e-12  1.80438e-12  2.35081e-15
2.996306076e+00  1.6832671e-12  1.68327e-12  1.68061e-12  2.65381e-15
3.011287606e+00  1.6355121e-12  1.63551e-12  1.63262e-12  2.89180e-15
3.026344044e+00  1.6125443e-12  1.61254e-12  1.60943e-12  3.11534e-15
3.041475764e+00  1.5897919e-12  1.58979e-12  1.58644e-12  3.35472e-15
3.056683143e+00  1.5672176e-12  1.56722e-12  1.56361e-12  3.61103e-15
3.071966559e+00  1.5448600e-12  1.54486e-12  1.54097e-12  3.88527e-15
3.087326392e+00  1.5226822e-12  1.52268e-12  1.51850e-12  4.17865e-15
3.102763024e+00  1.5007227e-12  1.50072e-12  1.49623e-12  4.49231e-15
3.118276839e+00  1.4789817e-12  1.47898e-12  1.47415e-12  4.82749e-15
3.133868223e+00  1.4574236e-12  1.45742e-12  1.45224e-12  5.18561e-15
3.149537564e+00  1.4360859e-12  1.43609e-12  1.43052e-12  5.56801e-15
3.165285252e+00  1.4149334e-12  1.41493e-12  1.40896e-12  5.97624e-15
3.181111678e+00  1.3940032e-12  1.39400e-12  1.38759e-12  6.41177e-15
3.197017237e+00  1.3732609e-12  1.37326e-12  1.36638e-12  6.87636e-15
3.213002323e+00  1.4715581e-12  1.47156e-12  1.46459e-12  6.96476e-15
3.229067334e+00  1.5959323e-12  1.59593e-12  1.58900e-12  6.92941e-15
3.245212671e+00  1.7188790e-12  1.71888e-12  1.71203e-12  6.85332e-15
3.261438734e+00  1.8404317e-12  1.84043e-12  1.83370e-12  6.73145e-15
3.277745928e+00  1.9605888e-12  1.96059e-12  1.95403e-12  6.55846e-15
3.294134658e+00  2.0793148e-12  2.07931e-12  2.07299e-12  6.32873e-15
3.310605331e+00  2.1966747e-12  2.19667e-12  2.19064e-12  6.03573e-15
3.327158358e+00  2.3125990e-12  2.31260e-12  2.30693e-12  5.67309e-15
3.343794149e+00  2.4271511e-12  2.42715e-12  2.42192e-12  5.23322e-15
3.360513120e+00  2.5402618e-12  2.54026e-12  2.53555e-12  4.70877e-15
3.377315686e+00  2.6520244e-12  2.65202e-12  2.64793e-12  4.09076e-15
3.394202264e+00  2.7510717e-12  2.75107e-12  2.74762e-12  3.45478e-15
3.411173276e+00  2.7739509e-12  2.77395e-12  2.77064e-12  3.31500e-15
3.428229142e+00  2.7964830e-12  2.79648e-12  2.79334e-12  3.14135e-15
3.445370288e+00  2.8186338e-12  2.81863e-12  2.81570e-12  2.93069e-15
3.462597139e+00  2.8403702e-12  2.84037e-12  2.83769e-12  2.67974e-15
3.479910125e+00  2.8617516e-12  2.86175e-12  2.85937e-12  2.38404e-15
3.497309675e+00  2.8827439e-12  2.88274e-12  2.88070e-12  2.03977e-15
3.514796224e+00  2.8729645e-12  2.87296e-12  2.87096e-12  2.00549e-15
3.532370205e+00  2.8576637e-12  2.85766e-12  2.85563e-12  2.02876e-15
3.550032056e+00  2.8424186e-12  2.84242e-12  2.84037e-12  2.04662e-15
3.567782216e+00  2.8272578e-12  2.82726e-12  2.82520e-12  2.05798e-15
3.585621127e+00  2.8121215e-12  2.81212e-12  2.81006e-12  2.06293e-15
3.603549233e+00  2.7970674e-12  2.79707e-12  2.79501e-12  2.05983e-15
3.621566979e+00  2.7820936e-12  2.78209e-12  2.78005e-12  2.04778e-15
3.639674814e+00  2.7671421e-12  2.76714e-12  2.76512e-12  2.02688e-15
3.657873188e+00  2.7522686e-12  2.75227e-12  2.75027e-12  1.99512e-15
3.676162554e+00  2.7374434e-12  2.73744e-12  2.73549e-12  1.95202e-15
3.694543367e+00  2.7226928e-12  2.72269e-12  2.72080e-12  1.89585e-15
3.713016084e+00  2.7079878e-12  2.70799e-12  2.70616e-12  1.82603e-15
3.731581164e+00  2.6933270e-12  2.69333e-12  2.69159e-12  1.74134e-15
3.750239070e+00  2.6786025e-12  2.67860e-12  2.67696e-12  1.64342e-15
3.768990265e+00  2.6557701e-12  2.65577e-12  2.65400e-12  1.76858e-15
3.787835216e+00  2.6331158e-12  2.63312e-12  2.63121e-12  1.90185e-15
3.806774393e+00  2.6106134e-12  2.61061e-12  2.60857e-12  2.04454e-15
3.825808265e+00  2.5882887e-12  2.58829e-12  2.58609e-12  2.19633e-15
3.844937306e+00  2.5661416e-12  2.56614e-12  2.56378e-12  2.35772e-15
3.864161992e+00  2.5441715e-12  2.54417e-12  2.54164e-12  2.52920e-15
3.883482802e+00  2.5223535e-12  2.52235e-12  2.51964e-12  2.71236e-15
3.902900216e+00  2.5007370e-12  2.50074e-12  2.49783e-12  2.90570e-15
3.922414717e+00  2.4792724e-12  2.47927e-12  2.47616e-12  3.11196e-15
3.942026791e+00  2.4579602e-12  2.45796e-12  2.45463e-12  3.33192e-15
3.961736925e+00  2.4368486e-12  2.43685e-12  2.43328e-12  3.56380e-15
3.981545610e+00  2.4158895e-12  2.41589e-12  2.41208e-12  3.81080e-15
4.001453338e+00  2.3949213e-12  2.39492e-12  2.39084e-12  4.08380e-15
4.021460604e+00  2.3718201e-12  2.37182e-12  2.36730e-12  4.52497e-15
4.041567907e+00  2.3489325e-12  2.34893e-12  2.34393e-12  4.99999e-15
4.061775747e+00  2.3262597e-12  2.32626e-12  2.32075e-12  5.51090e-15
4.082084626e+00  2.3038030e-12  2.30380e-12  2.29774e-12  6.05983e-15
4.102495049e+00  2.2815640e-12  2.28156e-12  2.27492e-12  6.64903e-15
4.123007524e+00  2.2595658e-12  2.25957e-12  2.25229e-12  7.27892e-15
4.143622562e+00  2.2377878e-12  2.23779e-12  2.22983e-12  7.95366e-15
4.164340674e+00  2.2162318e-12  2.21623e-12  2.20756e-12  8.67579e-15
4.185162378e+00  2.1948998e-12  2.19490e-12  2.18545e-12  9.44795e-15
4.206088190e+00  2.1737937e-12  2.17379e-12  2.16352e-12  1.02729e-14
4.227118631e+00  2.1529357e-12  2.15294e-12  2.14178e-12  1.11512e-14
4.248254224e+00  2.1322875e-12  2.13229e-12  2.12020e-12  1.20904e-14
4.269495495e+00  2.1118912e-12  2.11189e-12  2.09880e-12  1.30888e-14
4.290842972e+00  2.0917293e-12  2.09173e-12  2.07758e-12  1.41520e-14
4.312297187e+00  2.0718043e-12  2.07180e-12  2.05652e-12  1.52835e-14
4.333858673e+00  2.0521375e-12  2.05214e-12  2.03565e-12  1.64836e-14
4.355527967e+00  2.0326942e-12  2.03269e-12  2.01493e-12  1.77619e-14
4.377305606e+00  2.0135143e-12  2.01351e-12  1.99440e-12  1.91161e-14
4.399192134e+00  1.9945646e-12  1.99456e-12  1.97401e-12  2.05566e-14
4.421188095e+00  1.9758840e-12  1.97588e-12  1.95380e-12  2.20805e-14
4.443294036e+00  1.9574579e-12  1.95746e-12  1.93376e-12  2.36956e-14
4.465510506e+00  1.9392898e-12  1.93929e-12  1.91388e-12  2.54061e-14
4.487838058e+00  1.9213997e-12  1.92140e-12  1.89419e-12  2.72125e-14
4.510277249e+00  1.9064297e-12  1.90643e-12  1.87801e-12  2.84164e-14
4.532828635e+00  1.8947219e-12  1.89472e-12  1.86593e-12  2.87871e-14
4.555492778e+00  1.8830567e-12  1.88306e-12  1.85393e-12  2.91255e-14
4.578270242e+00  1.8714452e-12  1.87145e-12  1.84202e-12  2.94235e-14
4.601161593e+00  1.8598537e-12  1.85985e-12  1.83017e-12  2.96873e-14
4.624167401e+00  1.8482936e-12  1.84829e-12  1.81838e-12  2.99087e-14
4.647288238e+00  1.8367744e-12  1.83677e-12  1.80670e-12  3.00789e-14
4.670524679e+00  1.8252641e-12  1.82526e-12  1.79506e-12  3.02046e-14
4.693877303e+00  1.8137725e-12  1.81377e-12  1.78350e-12  3.02767e-14
4.717346689e+00  1.8022950e-12  1.80230e-12  1.77200e-12  3.02911e-14
4.740933423e+00  1.7908269e-12  1.79083e-12  1.76058e-12  3.02434e-14
4.764638090e+00  1.7793633e-12  1.77936e-12  1.74923e-12  3.01293e-14
4.788461280e+00  1.7679104e-12  1.76791e-12  1.73797e-12  2.99372e-14
4.812403587e+00  1.7564399e-12  1.75644e-12  1.72676e-12  2.96757e-14
4.836465604e+00  1.7449580e-12  1.74496e-12  1.71562e-12  2.93332e-14
4.860647933e+00  1.7334592e-12  1.73346e-12  1.70455e-12  2.89044e-14
4.884951172e+00  1.7219376e-12  1.72194e-12  1.69355e-12  2.83840e-14
4.909375928e+00  1.7103870e-12  1.71039e-12  1.68262e-12  2.77663e-14
4.933922808e+00  1.6988101e-12  1.69881e-12  1.67177e-12  2.70369e-14
4.958592422e+00  1.6871823e-12  1.68718e-12  1.66098e-12  2.62066e-14
4.983385384e+00  1.6755063e-12  1.67551e-12  1.65025e-12  2.52608e-14
5.008302311e+00  1.6630997e-12  1.66310e-12  1.63802e-12  2.50820e-14
5.033343822e+00  1.6494367e-12  1.64944e-12  1.62271e-12  2.67222e-14
5.058510541e+00  1.6359834e-12  1.63598e-12  1.60754e-12  2.84415e-14
5.083803094e+00  1.6227418e-12  1.62274e-12  1.59250e-12  3.02429e-14
5.109222110e+00  1.6097084e-12  1.60971e-12  1.57757e-12  3.21401e-14
5.134768220e+00  1.5968917e-12  1.59689e-12  1.56277e-12  3.41258e-14
5.160442061e+00  1.5842894e-12  1.58429e-12  1.54807e-12  3.62148e-14
5.186244272e+00  1.5719128e-12  1.57191e-12  1.53353e-12  3.83871e-14
5.212175493e+00  1.5597530e-12  1.55975e-12  1.51907e-12  4.06823e-14
5.238236370e+00  1.5478234e-12  1.54782e-12  1.50476e-12  4.30672e-14
5.264427552e+00  1.5361207e-12  1.53612e-12  1.49055e-12  4.55706e-14
5.290749690e+00  1.5246505e-12  1.52465e-12  1.47647e-12  4.81833e-14
5.317203438e+00  1.5134145e-12  1.51341e-12  1.46249e-12  5.09231e-14
5.343789456e+00  1.5024174e-12  1.50242e-12  1.44864e-12  5.37802e-14
5.370508403e+00  1.4916622e-12  1.49166e-12  1.43489e-12  5.67734e-14
5.397360945e+00  1.4811526e-12  1.48115e-12  1.42126e-12  5.98921e-14
5.424347750e+00  1.4708913e-12  1.47089e-12  1.40775e-12  6.31399e-14
5.451469488e+00  1.4608837e-12  1.46088e-12  1.39435e-12  6.65376e-14
5.478726836e+00  1.4511317e-12  1.45113e-12  1.38106e-12  7.00731e-14
5.506120470e+00  1.4418743e-12  1.44187e-12  1.36702e-12  7.48563e-14
5.533651072e+00  1.4339333e-12  1.43393e-12  1.35011e-12  8.38214e-14
5.561319328e+00  1.4266584e-12  1.42666e-12  1.33336e-12  9.32980e-14
5.589125924e+00  1.4200617e-12  1.42006e-12  1.31678e-12  1.03286e-13
5.617071554e+00  1.4141734e-12  1.41417e-12  1.30033e-12  1.13843e-13
5.645156912e+00  1.4089998e-12  1.40900e-12  1.28405e-12  1.24950e-13
5.673382696e+00  1.4045664e-12  1.40457e-12  1.26792e-12  1.36647e-13
5.701749610e+00  1.4008933e-12  1.40089e-12  1.25194e-12  1.48955e-13
5.730258358e+00  1.3980008e-12  1.39800e-12  1.23611e-12  1.61895e-13
5.758909650e+00  1.3958990e-12  1.39590e-12  1.22043e-12  1.75465e-13
5.787704198e+00  1.3946296e-12  1.39463e-12  1.20490e-12  1.89734e-13
5.816642719e+00  1.3941920e-12  1.39419e-12  1.18952e-12  2.04676e-13
5.845725932e+00  1.3946189e-12  1.39462e-12  1.17428e-12  2.20338e-13
5.874954562e+00  1.3959327e-12  1.39593e-12  1.15919e-12  2.36744e-13
5.904329335e+00  1.3981560e-12  1.39816e-12  1.14424e-12  2.53916e-13
5.933850982e+00  1.4012963e-12  1.40130e-12  1.12944e-12  2.71851e-13
5.963520237e+00  1.4054078e-12  1.40541e-12  1.11478e-12  2.90630e-13
5.993337838e+00  1.4104818e-12  1.41048e-12  1.10026e-12  3.10219e-13
6.023304527e+00  1.4119987e-12  1.41200e-12  1.08887e-12  3.23131e-13
6.053421050e+00  1.4126825e-12  1.41268e-12  1.07841e-12  3.34269e-13
6.083688155e+00  1.4137358e-12  1.41374e-12  1.06806e-12  3.45671e-13
6.114106596e+00  1.4152029e-12  1.41520e-12  1.05780e-12  3.57406e-13
6.144677129e+00  1.4170682e-12  1.41707e-12  1.04762e-12  3.69448e-13
6.175400514e+00  1.4193595e-12  1.41936e-12  1.03752e-12  3.81835e-13
6.206277517e+00  1.4206069e-12  1.42061e-12  1.02820e-12  3.92408e-13
6.237308904e+00  1.4161601e-12  1.41616e-12  1.02162e-12  3.94544e-13
6.268495449e+00  1.4114746e-12  1.41147e-12  1.01507e-12  3.96401e-13
6.299837926e+00  1.4065644e-12  1.40656e-12  1.00856e-12  3.98002e-13
6.331337116e+00  1.4013607e-12  1.40136e-12  1.00210e-12  3.99258e-13
6.362993801e+00  1.3958758e-12  1.39588e-12  9.95684e-13  4.00192e-13
6.394808770e+00  1.3900952e-12  1.39010e-12  9.89305e-13  4.00790e-13
6.426782814e+00  1.3839716e-12  1.38397e-12  9.82978e-13  4.00994e-13
6.458916728e+00  1.3775535e-12  1.37755e-12  9.76679e-13  4.00874e-13
6.491211312e+00  1.3707596e-12  1.37076e-12  9.70431e-13  4.00329e-13
6.523667368e+00  1.3684608e-12  1.36846e-12  9.62798e-13  4.05663e-13
6.556285705e+00  1.3680154e-12  1.36802e-12  9.54696e-13  4.13320e-13
6.589067134e+00  1.3676450e-12  1.36765e-12  9.46667e-13  4.20978e-13
6.622012469e+00  1.3673829e-12  1.36738e-12  9.38700e-13  4.28683e-13
6.655122532e+00  1.3672263e-12  1.36723e-12  9.30796e-13  4.36431e-13
6.688398144e+00  1.3671302e-12  1.36713e-12  9.22963e-13  4.44167e-13
6.721840135e+00  1.3671748e-12  1.36717e-12  9.15181e-13  4.51994e-13
6.755449336e+00  1.3672713e-12  1.36727e-12  9.07469e-13  4.59802e-13
6.789226583e+00  1.3674589e-12  1.36746e-12  8.99818e-13  4.67641e-13
6.823172715e+00  1.3676869e-12  1.36769e-12  8.92236e-13  4.75451e-13
6.857288579e+00  1.3680460e-12  1.36805e-12  8.84703e-13  4.83343e-13
6.891575022e+00  1.3684363e-12  1.36844e-12  8.77239e-13  4.91197e-13
6.926032897e+00  1.3689020e-12  1.36890e-12  8.69833e-13  4.99069e-13
6.960663062e+00  1.3693864e-12  1.36939e-12  8.62495e-13  5.06892e-13
6.995466377e+00  1.3699367e-12  1.36994e-12  8.55214e-13  5.14723e-13
7.030443709e+00  1.3706053e-12  1.37061e-12  8.47981e-13  5.22625e-13
7.065595927e+00  1.3712201e-12  1.37122e-12  8.40822e-13  5.30398e-13
7.100923907e+00  1.3719460e-12  1.37195e-12  8.33711e-13  5.38235e-13
7.136428526e+00  1.3726626e-12  1.37266e-12  8.26665e-13  5.45998e-13
7.172110669e+00  1.3734236e-12  1.37342e-12  8.19674e-13  5.53750e-13
7.207971222e+00  1.3739060e-12  1.37391e-12  8.12782e-13  5.61124e-13
7.244011079e+00  1.3731007e-12  1.37310e-12  8.06118e-13  5.66982e-13
7.280231134e+00  1.3721816e-12  1.37218e-12  7.99514e-13  5.72668e-13
7.316632290e+00  1.3712071e-12  1.37121e-12  7.92959e-13  5.78249e-13
7.353215451e+00  1.3701722e-12  1.37017e-12  7.86453e-13  5.83719e-13
7.389981528e+00  1.3690714e-12  1.36907e-12  7.79997e-13  5.89075e-13
7.426931436e+00  1.3678259e-12  1.36783e-12  7.73598e-13  5.94228e-13
7.464066093e+00  1.3664253e-12  1.36643e-12  7.67255e-13  5.99170e-13
7.501386424e+00  1.3650132e-12  1.36501e-12  7.60953e-13  6.04061e-13
7.538893356e+00  1.3634319e-12  1.36343e-12  7.54706e-13  6.08726e-13
7.576587822e+00  1.3616708e-12  1.36167e-12  7.48514e-13  6.13157e-13
7.614470762e+00  1.3598014e-12  1.35980e-12  7.42370e-13  6.17432e-13
7.652543115e+00  1.3578183e-12  1.35782e-12  7.36272e-13  6.21547e-13
7.690805831e+00  1.3556304e-12  1.35563e-12  7.30228e-13  6.25403e-13
7.729259860e+00  1.3533142e-12  1.35331e-12  7.24229e-13  6.29085e-13
7.767906159e+00  1.3507750e-12  1.35078e-12  7.18284e-13  6.32491e-13
7.806745690e+00  1.3480931e-12  1.34809e-12  7.12385e-13  6.35708e-13
7.845779419e+00  1.3452628e-12  1.34526e-12  7.06530e-13  6.38733e-13
7.885008316e+00  1.3421841e-12  1.34218e-12  7.00727e-13  6.41458e-13
7.924433357e+00  1.3333391e-12  1.33334e-12  6.95397e-13  6.37942e-13
7.964055524e+00  1.3206613e-12  1.32066e-12  6.90361e-13  6.30300e-13
8.003875802e+00  1.3073571e-12  1.30736e-12  6.85363e-13  6.21994e-13
8.043895181e+00  1.2934117e-12  1.29341e-12  6.80403e-13  6.13009e-13
8.084114657e+00  1.2788103e-12  1.27881e-12  6.75481e-13  6.03329e-13
8.124535230e+00  1.2635383e-12  1.26354e-12  6.70596e-13  5.92942e-13
8.165157906e+00  1.2475810e-12  1.24758e-12  6.65748e-13  5.81833e-13
8.205983696e+00  1.2333443e-12  1.23334e-12  6.60785e-13  5.72559e-13
8.247013614e+00  1.2327021e-12  1.23270e-12  6.54986e-13  5.77716e-13
8.288248682e+00  1.2319213e-12  1.23192e-12  6.49242e-13  5.82679e-13
8.329689926e+00  1.2312246e-12  1.23122e-12  6.43539e-13  5.87685e-13
8.371338375e+00  1.2303792e-12  1.23038e-12  6.37890e-13  5.92489e-13
8.413195067e+00  1.2294958e-12  1.22950e-12  6.32289e-13  5.97207e-13
8.455261042e+00  1.2285714e-12  1.22857e-12  6.26733e-13  6.01838e-13
8.497537348e+00  1.2276030e-12  1.22760e-12  6.21224e-13  6.06379e-13
8.540025034e+00  1.2292351e-12  1.22924e-12  6.15625e-13  6.13610e-13
8.582725160e+00  1.2311598e-12  1.23116e-12  6.10062e-13  6.21098e-13
8.625638785e+00  1.2329965e-12  1.23300e-12  6.04552e-13  6.28444e-13
8.668766979e+00  1.2348690e-12  1.23487e-12  5.99090e-13  6.35779e-13
8.712110814e+00  1.2377152e-12  1.23772e-12  5.93632e-13  6.44083e-13
8.755671368e+00  1.2430777e-12  1.24308e-12  5.88110e-13  6.54968e-13
8.799449725e+00  1.2484353e-12  1.24844e-12  5.82643e-13  6.65792e-13
8.843446974e+00  1.2540613e-12  1.25406e-12  5.77219e-13  6.76842e-13
8.887664209e+00  1.2596747e-12  1.25967e-12  5.71849e-13  6.87826e-13
8.932102530e+00  1.2655570e-12  1.26556e-12  5.66521e-13  6.99036e-13
8.976763042e+00  1.2714189e-12  1.27142e-12  5.61246e-13  7.10173e-13
9.021646857e+00  1.2771028e-12  1.27710e-12  5.56030e-13  7.21073e-13
9.066755092e+00  1.2824428e-12  1.28244e-12  5.50878e-13  7.31565e-13
9.112088867e+00  1.2877243e-12  1.28772e-12  5.45777e-13  7.41948e-13
9.157649312e+00  1.2932500e-12  1.29325e-12  5.40715e-13  7.52535e-13
9.203437558e+00  1.2983934e-12  1.29839e-12  5.35716e-13  7.62678e-13
9.249454746e+00  1.3002548e-12  1.30025e-12  5.30878e-13  7.69377e-13
9.295702020e+00  1.3020990e-12  1.30210e-12  5.26081e-13  7.76018e-13
9.342180530e+00  1.3037592e-12  1.30376e-12  5.21331e-13  7.82428e-13
9.388891432e+00  1.3053931e-12  1.30539e-12  5.16623e-13  7.88770e-13
9.435835890e+00  1.3069981e-12  1.30700e-12  5.11955e-13  7.95043e-13
9.483015069e+00  1.3087427e-12  1.30874e-12  5.07322e-13  8.01421e-13
9.530430144e+00  1.3087290e-12  1.30873e-12  5.02781e-13  8.05948e-13
9.578082295e+00  1.3079399e-12  1.30794e-12  4.98301e-13  8.09639e-13
9.625972707e+00  1.3068787e-12  1.30688e-12  4.93864e-13  8.13015e-13
9.674102570e+00  1.3058956e-12  1.30590e-12  4.89459e-13  8.16436e-13
9.722473083e+00  1.3046315e-12  1.30463e-12  4.85097e-13  8.19534e-13
9.771085448e+00  1.3032616e-12  1.30326e-12  4.80772e-13  8.22489e-13
9.819940876e+00  1.3062482e-12  1.30625e-12  4.76365e-13  8.29883e-13
9.869040580e+00  1.3161929e-12  1.31619e-12  4.71814e-13  8.44379e-13
9.918385783e+00  1.3262917e-12  1.32629e-12  4.67304e-13  8.58987e-13
9.967977712e+00  1.3365423e-12  1.33654e-12  4.62836e-13  8.73706e-13
1.001781760e+01  1.3708951e-12  1.37090e-12  4.57820e-13  9.13076e-13
1.006790669e+01  1.4494482e-12  1.44945e-12  4.51804e-13  9.97644e-13
1.011824622e+01  1.5300386e-12  1.53004e-12  4.45850e-13  1.08419e-12
1.016883745e+01  1.6126736e-12  1.61267e-12  4.39956e-13  1.17272e-12
1.021968164e+01  1.6973599e-12  1.69736e-12  4.34123e-13  1.26324e-12
1.027078005e+01  1.7841034e-12  1.78410e-12  4.28350e-13  1.35575e-12
1.032213395e+01  1.8729094e-12  1.87291e-12  4.22636e-13  1.45027e-12
1.037374462e+01  1.9635728e-12  1.96357e-12  4.16986e-13  1.54659e-12
1.042561334e+01  2.0565151e-12  2.05652e-12  4.11390e-13  1.64513e-12
1.047774141e+01  2.1513177e-12  2.15132e-12  4.05856e-13  1.74546e-12
1.053013012e+01  2.2484094e-12  2.24841e-12  4.00374e-13  1.84804e-12
1.058278077e+01  2.3473618e-12  2.34736e-12  3.94955e-13  1.95241e-12
1.063569467e+01  2.5172079e-12  2.51721e-12  3.88253e-13  2.12895e-12
1.068887314e+01  2.7033663e-12  2.70337e-12  3.81386e-13  2.32198e-12
1.074231751e+01  2.8938330e-12  2.89383e-12  3.74592e-13  2.51924e-12
1.079602910e+01  3.0883901e-12  3.08839e-12  3.67873e-13  2.72052e-12
1.085000924e+01  3.2868100e-12  3.28681e-12  3.61233e-13  2.92558e-12
1.090425929e+01  3.4893176e-12  3.48932e-12  3.54668e-13  3.13465e-12
1.095878058e+01  3.6959116e-12  3.69591e-12  3.48176e-13  3.34774e-12
1.101357449e+01  3.9112932e-12  3.91129e-12  3.41678e-13  3.56962e-12
1.106864236e+01  4.1448346e-12  4.14483e-12  3.35018e-13  3.80982e-12
1.112398557e+01  4.3827726e-12  4.38277e-12  3.28437e-13  4.05434e-12
1.117960550e+01  4.6253393e-12  4.62534e-12  3.21929e-13  4.30341e-12
1.123550353e+01  4.8722863e-12  4.87229e-12  3.15498e-13  4.55679e-12
1.129168104e+01  5.1236012e-12  5.12360e-12  3.09142e-13  4.81446e-12
1.134813945e+01  5.3795174e-12  5.37952e-12  3.02859e-13  5.07666e-12
1.140488015e+01  5.6400255e-12  5.64003e-12  2.96645e-13  5.34338e-12
1.146190455e+01  5.9048630e-12  5.90486e-12  2.90506e-13  5.61436e-12
1.151921407e+01  6.1337393e-12  6.13374e-12  2.85028e-13  5.84871e-12
1.157681014e+01  6.2848687e-12  6.28487e-12  2.80777e-13  6.00409e-12
1.163469419e+01  6.4381635e-12  6.43816e-12  2.76569e-13  6.16159e-12
1.169286766e+01  6.5933560e-12  6.59336e-12  2.72407e-13  6.32095e-12
1.175133200e+01  6.7504311e-12  6.75043e-12  2.68291e-13  6.48214e-12
1.181008866e+01  6.9096357e-12  6.90964e-12  2.64217e-13  6.64542e-12
1.186913910e+01  7.0704297e-12  7.07043e-12  2.60192e-13  6.81024e-12
1.192848480e+01  7.2333236e-12  7.23332e-12  2.56208e-13  6.97712e-12
1.198812722e+01  7.3980368e-12  7.39804e-12  2.52268e-13  7.14577e-12
1.204806786e+01  7.5648212e-12  7.56482e-12  2.48369e-13  7.31645e-12
1.210830820e+01  7.7331191e-12  7.73312e-12  2.44517e-13  7.48860e-12
1.216884974e+01  7.9034535e-12  7.90345e-12  2.40704e-13  7.66275e-12
1.222969399e+01  8.0755337e-12  8.07553e-12  2.36935e-13  7.83860e-12
1.229084246e+01  8.2493390e-12  8.24934e-12  2.33207e-13  8.01613e-12
1.235229667e+01  8.4251274e-12  8.42513e-12  2.29519e-13  8.19561e-12
1.241405815e+01  8.6026011e-12  8.60260e-12  2.25873e-13  8.37673e-12
1.247612845e+01  8.7817376e-12  8.78174e-12  2.22268e-13  8.55947e-12
1.253850909e+01  8.8735183e-12  8.87352e-12  2.19687e-13  8.65383e-12
1.260120163e+01  8.9095238e-12  8.90952e-12  2.17742e-13  8.69178e-12
1.266420764e+01  8.9448630e-12  8.94486e-12  2.15814e-13  8.72905e-12
1.272752868e+01  8.9792409e-12  8.97924e-12  2.13905e-13  8.76534e-12
1.279116632e+01  9.0129384e-12  9.01294e-12  2.12012e-13  8.80093e-12
1.285512215e+01  9.0462430e-12  9.04624e-12  2.10133e-13  8.83611e-12
1.291939776e+01  9.0782724e-12  9.07827e-12  2.08276e-13  8.87000e-12
1.298399475e+01  9.1098994e-12  9.10990e-12  2.06431e-13  8.90347e-12
1.304891473e+01  9.0692042e-12  9.06920e-12  2.05304e-13  8.86390e-12
1.311415930e+01  9.0028782e-12  9.00288e-12  2.04414e-13  8.79846e-12
1.317973010e+01  8.9345849e-12  8.93458e-12  2.03524e-13  8.73106e-12
1.324562875e+01  8.8637328e-12  8.86373e-12  2.02641e-13  8.66109e-12
1.331185689e+01  8.7909319e-12  8.79093e-12  2.01759e-13  8.58917e-12
1.337841618e+01  8.7158908e-12  8.71589e-12  2.00880e-13  8.51501e-12
1.344530826e+01  8.6386190e-12  8.63862e-12  2.00005e-13  8.43861e-12
1.351253480e+01  8.5594342e-12  8.55943e-12  1.99131e-13  8.36030e-12
1.358009747e+01  8.4777339e-12  8.47773e-12  1.98263e-13  8.27947e-12
1.364799796e+01  8.3941458e-12  8.39415e-12  1.97396e-13  8.19675e-12
1.371623795e+01  8.3080632e-12  8.30806e-12  1.96535e-13  8.11153e-12
1.378481914e+01  8.2201206e-12  8.22012e-12  1.95675e-13  8.02445e-12
1.385374323e+01  8.1300213e-12  8.13002e-12  1.94818e-13  7.93520e-12
1.392301195e+01  8.0377796e-12  8.03778e-12  1.93965e-13  7.84382e-12
1.399262701e+01  7.9434103e-12  7.94341e-12  1.93114e-13  7.75030e-12
1.406259015e+01  7.7782971e-12  7.77830e-12  1.92813e-13  7.58548e-12
1.413290310e+01  7.6022801e-12  7.60228e-12  1.92570e-13  7.40971e-12
1.420356761e+01  7.4229818e-12  7.42298e-12  1.92324e-13  7.23066e-12
1.427458545e+01  7.2407506e-12  7.24075e-12  1.92072e-13  7.04868e-12
1.434595838e+01  7.0559402e-12  7.05594e-12  1.91812e-13  6.86413e-12
1.441768817e+01  6.8676157e-12  6.86762e-12  1.91551e-13  6.67606e-12
1.448977661e+01  6.6767773e-12  6.67678e-12  1.91282e-13  6.48549e-12
1.456222549e+01  6.4828106e-12  6.48281e-12  1.91011e-13  6.29180e-12
1.463503662e+01  6.2864004e-12  6.28640e-12  1.90731e-13  6.09567e-12
1.470821180e+01  6.0866021e-12  6.08660e-12  1.90450e-13  5.89615e-12
1.478175286e+01  5.8844317e-12  5.88443e-12  1.90162e-13  5.69427e-12
1.485566163e+01  5.7201389e-12  5.72014e-12  1.89589e-13  5.53055e-12
1.492993994e+01  5.5670036e-12  5.56700e-12  1.88923e-13  5.37808e-12
1.500458964e+01  5.4158871e-12  5.41589e-12  1.88231e-13  5.22766e-12
1.507961258e+01  5.3299939e-12  5.32999e-12  1.87091e-13  5.14290e-12
1.515501065e+01  5.2425722e-12  5.24257e-12  1.85961e-13  5.05661e-12
1.523078570e+01  5.1539713e-12  5.15397e-12  1.84837e-13  4.96913e-12
1.530693963e+01  5.0642095e-12  5.06421e-12  1.83719e-13  4.88049e-12
1.538347433e+01  4.9729695e-12  4.97297e-12  1.82609e-13  4.79036e-12
1.546039170e+01  4.8802676e-12  4.88027e-12  1.81508e-13  4.69876e-12
1.553769366e+01  4.7867949e-12  4.78679e-12  1.80411e-13  4.60638e-12
1.561538212e+01  4.6915592e-12  4.69156e-12  1.79324e-13  4.51224e-12
1.569345903e+01  4.5952529e-12  4.59525e-12  1.78243e-13  4.41701e-12
1.577192633e+01  4.4975565e-12  4.49756e-12  1.77170e-13  4.32039e-12
1.585078596e+01  4.3988279e-12  4.39883e-12  1.76103e-13  4.22272e-12
1.593003989e+01  4.2990874e-12  4.29909e-12  1.75042e-13  4.12405e-12
1.600969009e+01  4.1980142e-12  4.19801e-12  1.73989e-13  4.02403e-12
1.608973854e+01  4.0956273e-12  4.09563e-12  1.72943e-13  3.92268e-12
1.617018723e+01  3.9919458e-12  3.99195e-12  1.71905e-13  3.82004e-12
1.625103817e+01  3.8876747e-12  3.88767e-12  1.70871e-13  3.71680e-12
1.633229336e+01  3.7818070e-12  3.78181e-12  1.69846e-13  3.61196e-12
1.641395483e+01  3.6836436e-12  3.68364e-12  1.68780e-13  3.51486e-12
1.649602460e+01  3.6262897e-12  3.62629e-12  1.67495e-13  3.45879e-12
1.657850473e+01  3.5685604e-12  3.56856e-12  1.66219e-13  3.40234e-12
1.666139725e+01  3.5101232e-12  3.51012e-12  1.64954e-13  3.34517e-12
1.674470424e+01  3.4509898e-12  3.45099e-12  1.63699e-13  3.28729e-12
1.682842776e+01  3.3908261e-12  3.39083e-12  1.62456e-13  3.22837e-12
1.691256990e+01  3.3306817e-12  3.33068e-12  1.61220e-13  3.16946e-12
1.699713274e+01  3.2695309e-12  3.26953e-12  1.59996e-13  3.10953e-12
1.708211841e+01  3.2077317e-12  3.20773e-12  1.58782e-13  3.04895e-12
1.716752900e+01  3.1452965e-12  3.14530e-12  1.57578e-13  2.98772e-12
1.725336665e+01  3.0732063e-12  3.07321e-12  1.56428e-13  2.91678e-12
1.733963348e+01  2.9949317e-12  2.99493e-12  1.55315e-13  2.83962e-12
1.742633165e+01  2.9156938e-12  2.91569e-12  1.54211e-13  2.76148e-12
1.751346330e+01  2.8362037e-12  2.83620e-12  1.53114e-13  2.68309e-12
1.760103062e+01  2.7557813e-12  2.75578e-12  1.52027e-13  2.60375e-12
1.768903577e+01  2.6747899e-12  2.67479e-12  1.50948e-13  2.52384e-12
1.777748095e+01  2.5932454e-12  2.59325e-12  1.49877e-13  2.44337e-12
1.786636836e+01  2.5111637e-12  2.51116e-12  1.48815e-13  2.36235e-12
1.795570020e+01  2.4282120e-12  2.42821e-12  1.47761e-13  2.28045e-12
1.804547870e+01  2.3611392e-12  2.36114e-12  1.46642e-13  2.21450e-12
1.813570609e+01  2.3092681e-12  2.30927e-12  1.45462e-13  2.16381e-12
1.822638462e+01  2.2569238e-12  2.25692e-12  1.44293e-13  2.11263e-12
1.831751655e+01  2.2044648e-12  2.20446e-12  1.43133e-13  2.06133e-12
1.840910413e+01  2.1515528e-12  2.15155e-12  1.41983e-13  2.00957e-12
1.850114965e+01  2.0985464e-12  2.09855e-12  1.40841e-13  1.95771e-12
1.859365540e+01  2.0747262e-12  2.07473e-12  1.39584e-13  1.93514e-12
1.868662368e+01  2.0504666e-12  2.05047e-12  1.38339e-13  1.91213e-12
1.878005679e+01  2.0261209e-12  2.02612e-12  1.37105e-13  1.88902e-12
1.887395708e+01  2.0016938e-12  2.00169e-12  1.35882e-13  1.86581e-12
1.896832686e+01  1.9771899e-12  1.97719e-12  1.34669e-13  1.84252e-12
1.906316850e+01  1.9522661e-12  1.95227e-12  1.33469e-13  1.81880e-12
1.915848434e+01  1.9272752e-12  1.92728e-12  1.32279e-13  1.79500e-12
1.925427676e+01  1.9018745e-12  1.90187e-12  1.31100e-13  1.77077e-12
1.935054815e+01  1.8767635e-12  1.87676e-12  1.29930e-13  1.74683e-12
1.944730089e+01  1.8512524e-12  1.85125e-12  1.28772e-13  1.72248e-12
1.954453739e+01  1.8253465e-12  1.82535e-12  1.27626e-13  1.69772e-12
1.964226008e+01  1.7993978e-12  1.79940e-12  1.26489e-13  1.67291e-12
1.974047138e+01  1.7734106e-12  1.77341e-12  1.25362e-13  1.64805e-12
1.983917374e+01  1.7473896e-12  1.74739e-12  1.24245e-13  1.62314e-12
1.993836960e+01  1.7209940e-12  1.72099e-12  1.23138e-13  1.59786e-12
2.003806145e+01  1.6821592e-12  1.68216e-12  1.22088e-13  1.56007e-12
2.013825176e+01  1.6223203e-12  1.62232e-12  1.21123e-13  1.50120e-12
2.023894302e+01  1.5625467e-12  1.56255e-12  1.20165e-13  1.44238e-12
2.034013773e+01  1.5025045e-12  1.50250e-12  1.19216e-13  1.38329e-12
2.044183842e+01  1.4425477e-12  1.44255e-12  1.18274e-13  1.32427e-12
2.054404761e+01  1.3820003e-12  1.38200e-12  1.17341e-13  1.26466e-12
2.064676785e+01  1.3215591e-12  1.32156e-12  1.16414e-13  1.20514e-12
2.075000169e+01  1.2608916e-12  1.26089e-12  1.15496e-13  1.14540e-12
2.085375170e+01  1.2000086e-12  1.20001e-12  1.14586e-13  1.08542e-12
2.095802046e+01  1.1389208e-12  1.13892e-12  1.13683e-13  1.02524e-12
2.106281056e+01  1.0776389e-12  1.07764e-12  1.12788e-13  9.64851e-13
2.116812461e+01  1.0161737e-12  1.01617e-12  1.11901e-13  9.04272e-13
2.127396524e+01  9.5487473e-13  9.54875e-13  1.11021e-13  8.43854e-13
2.138033506e+01  9.2082193e-13  9.20822e-13  1.10056e-13  8.10766e-13
2.148723674e+01  8.9597438e-13  8.95974e-13  1.09070e-13  7.86905e-13
2.159467292e+01  8.7118290e-13  8.71183e-13  1.08092e-13  7.63091e-13
2.170264629e+01  8.4611445e-13  8.46114e-13  1.07124e-13  7.38991e-13
2.181115952e+01  8.2111023e-13  8.21110e-13  1.06164e-13  7.14946e-13
2.192021532e+01  7.9583848e-13  7.95838e-13  1.05214e-13  6.90625e-13
2.202981639e+01  7.7063909e-13  7.70639e-13  1.04272e-13  6.66367e-13
2.213996547e+01  7.4551539e-13  7.45515e-13  1.03338e-13  6.42177e-13
2.225066530e+01  7.2047065e-13  7.20471e-13  1.02412e-13  6.18058e-13
2.236191863e+01  6.9517580e-13  6.95176e-13  1.01496e-13  5.93680e-13
2.247372822e+01  6.6996780e-13  6.69968e-13  1.00588e-13  5.69380e-13
2.258609686e+01  6.5973564e-13  6.59736e-13  9.96414e-14  5.60094e-13
2.269902735e+01  6.5414700e-13  6.54147e-13  9.86900e-14  5.55457e-13
2.281252248e+01  6.4888996e-13  6.48890e-13  9.77466e-14  5.51143e-13
2.292658510e+01  6.4330591e-13  6.43306e-13  9.68130e-14  5.46493e-13
2.304121802e+01  6.3772551e-13  6.37726e-13  9.58882e-14  5.41837e-13
2.315642411e+01  6.3247619e-13  6.32476e-13  9.49711e-14  5.37505e-13
2.327220623e+01  6.2690418e-13  6.26904e-13  9.40637e-14  5.32840e-13
2.338856726e+01  6.2133770e-13  6.21338e-13  9.31648e-14  5.28173e-13
2.350551010e+01  6.1577739e-13  6.15777e-13  9.22743e-14  5.23503e-13
2.362303765e+01  6.1022385e-13  6.10224e-13  9.13922e-14  5.18832e-13
2.374115284e+01  6.0467769e-13  6.04678e-13  9.05184e-14  5.14159e-13
2.385985860e+01  5.9913949e-13  5.99139e-13  8.96529e-14  5.09487e-13
2.397915789e+01  5.9360984e-13  5.93610e-13  8.87955e-14  5.04814e-13
2.409905368e+01  5.8808933e-13  5.88089e-13  8.79462e-14  5.00143e-13
2.421954895e+01  5.8257852e-13  5.82579e-13  8.71049e-14  4.95474e-13
2.434064670e+01  5.7707797e-13  5.77078e-13  8.62716e-14  4.90806e-13
2.446234993e+01  5.7127137e-13  5.71271e-13  8.54469e-14  4.85824e-13
2.458466168e+01  5.6579397e-13  5.65794e-13  8.46292e-14  4.81165e-13
2.470758499e+01  5.6001356e-13  5.60014e-13  8.38201e-14  4.76194e-13
2.483112291e+01  5.5456151e-13  5.54562e-13  8.30177e-14  4.71544e-13
2.495527853e+01  5.4880949e-13  5.48809e-13  8.22237e-14  4.66586e-13
