# ------------------------------------------------------------------------
# Radiance spectrum
# NASA-GSFC Planetary Spectrum Generator (PSG) (Villanueva et al. 2018, 2022)
# Synthesized on Sat Dec 23 00:14:22 2023
# Doppler velocities [km/s] (vobs,vrot+vorb,vwidth,vrfl,vstr): 0.00000,-0.00000,0.00000,-119.41115,-0.00000
# Spectral unit: Wavelength [um]
# Radiance unit: Spectral irradiance [W/m2/um]
# Wave/freq Total Object Reflected Thermal
5.000000000e-01  7.5354197e-12  7.53542e-12  7.53542e-12  0.00000e+00
5.025000000e-01  7.6110611e-12  7.61106e-12  7.61106e-12  0.00000e+00
5.050125000e-01  7.6865411e-12  7.68654e-12  7.68654e-12  0.00000e+00
5.075375625e-01  7.7618450e-12  7.76184e-12  7.76184e-12  0.00000e+00
5.100752503e-01  7.8369582e-12  7.83696e-12  7.83696e-12  0.00000e+00
5.126256266e-01  7.9118663e-12  7.91187e-12  7.91187e-12  0.00000e+00
5.151887547e-01  7.9865546e-12  7.98655e-12  7.98655e-12  0.00000e+00
5.177646985e-01  8.0610089e-12  8.06101e-12  8.06101e-12  0.00000e+00
5.203535220e-01  8.1352148e-12  8.13521e-12  8.13521e-12  0.00000e+00
5.229552896e-01  8.2091580e-12  8.20916e-12  8.20916e-12  0.00000e+00
5.255700660e-01  8.2828243e-12  8.28282e-12  8.28282e-12  0.00000e+00
5.281979164e-01  8.3561997e-12  8.35620e-12  8.35620e-12  0.00000e+00
5.308389059e-01  8.4292701e-12  8.42927e-12  8.42927e-12  0.00000e+00
5.334931005e-01  8.5020217e-12  8.50202e-12  8.50202e-12  0.00000e+00
5.361605660e-01  8.5744406e-12  8.57444e-12  8.57444e-12  0.00000e+00
5.388413688e-01  8.6465131e-12  8.64651e-12  8.64651e-12  0.00000e+00
5.415355756e-01  8.7182258e-12  8.71823e-12  8.71823e-12  0.00000e+00
5.442432535e-01  8.7895650e-12  8.78957e-12  8.78957e-12  0.00000e+00
5.469644698e-01  8.8605175e-12  8.86052e-12  8.86052e-12  0.00000e+00
5.496992921e-01  8.9310701e-12  8.93107e-12  8.93107e-12  0.00000e+00
5.524477886e-01  9.0012097e-12  9.00121e-12  9.00121e-12  0.00000e+00
5.552100275e-01  9.0709234e-12  9.07092e-12  9.07092e-12  0.00000e+00
5.579860777e-01  9.1401983e-12  9.14020e-12  9.14020e-12  0.00000e+00
5.607760081e-01  9.2090218e-12  9.20902e-12  9.20902e-12  0.00000e+00
5.635798881e-01  9.2773815e-12  9.27738e-12  9.27738e-12  0.00000e+00
5.663977875e-01  9.3452649e-12  9.34526e-12  9.34526e-12  0.00000e+00
5.692297765e-01  9.4126599e-12  9.41266e-12  9.41266e-12  0.00000e+00
5.720759254e-01  9.4795545e-12  9.47955e-12  9.47955e-12  0.00000e+00
5.749363050e-01  9.5459368e-12  9.54594e-12  9.54594e-12  0.00000e+00
5.778109865e-01  9.6117951e-12  9.61180e-12  9.61180e-12  0.00000e+00
5.807000414e-01  9.6771179e-12  9.67712e-12  9.67712e-12  0.00000e+00
5.836035417e-01  9.7418939e-12  9.74189e-12  9.74189e-12  0.00000e+00
5.865215594e-01  9.8061118e-12  9.80611e-12  9.80611e-12  0.00000e+00
5.894541672e-01  9.8697608e-12  9.86976e-12  9.86976e-12  0.00000e+00
5.924014380e-01  9.9328301e-12  9.93283e-12  9.93283e-12  0.00000e+00
5.953634452e-01  9.9953090e-12  9.99531e-12  9.99531e-12  0.00000e+00
5.983402624e-01  1.0057187e-11  1.00572e-11  1.00572e-11  0.00000e+00
6.013319637e-01  1.0118454e-11  1.01185e-11  1.01185e-11  0.00000e+00
6.043386235e-01  1.0179101e-11  1.01791e-11  1.01791e-11  0.00000e+00
6.073603167e-01  1.0239116e-11  1.02391e-11  1.02391e-11  0.00000e+00
6.103971182e-01  1.0298491e-11  1.02985e-11  1.02985e-11  0.00000e+00
6.134491038e-01  1.0357216e-11  1.03572e-11  1.03572e-11  0.00000e+00
6.165163494e-01  1.0415282e-11  1.04153e-11  1.04153e-11  0.00000e+00
6.195989311e-01  1.0472680e-11  1.04727e-11  1.04727e-11  0.00000e+00
6.226969258e-01  1.0529402e-11  1.05294e-11  1.05294e-11  0.00000e+00
6.258104104e-01  1.0585438e-11  1.05854e-11  1.05854e-11  0.00000e+00
6.289394624e-01  1.0640780e-11  1.06408e-11  1.06408e-11  0.00000e+00
6.320841597e-01  1.0695420e-11  1.06954e-11  1.06954e-11  0.00000e+00
6.352445805e-01  1.0749351e-11  1.07494e-11  1.07494e-11  0.00000e+00
6.384208035e-01  1.0802564e-11  1.08026e-11  1.08026e-11  0.00000e+00
6.416129075e-01  1.0855052e-11  1.08551e-11  1.08551e-11  0.00000e+00
6.448209720e-01  1.0906808e-11  1.09068e-11  1.09068e-11  0.00000e+00
6.480450769e-01  1.0957824e-11  1.09578e-11  1.09578e-11  0.00000e+00
6.512853022e-01  1.1008095e-11  1.10081e-11  1.10081e-11  0.00000e+00
6.545417288e-01  1.1057612e-11  1.10576e-11  1.10576e-11  0.00000e+00
6.578144374e-01  1.1106371e-11  1.11064e-11  1.11064e-11  0.00000e+00
6.611035096e-01  1.1154364e-11  1.11544e-11  1.11544e-11  0.00000e+00
6.644090271e-01  1.1201586e-11  1.12016e-11  1.12016e-11  0.00000e+00
6.677310723e-01  1.1248031e-11  1.12480e-11  1.12480e-11  0.00000e+00
6.710697276e-01  1.1293693e-11  1.12937e-11  1.12937e-11  0.00000e+00
6.744250763e-01  1.1338568e-11  1.13386e-11  1.13386e-11  0.00000e+00
6.777972017e-01  1.1382650e-11  1.13827e-11  1.13827e-11  0.00000e+00
6.811861877e-01  1.1425935e-11  1.14259e-11  1.14259e-11  0.00000e+00
6.845921186e-01  1.1468418e-11  1.14684e-11  1.14684e-11  0.00000e+00
6.880150792e-01  1.1510093e-11  1.15101e-11  1.15101e-11  0.00000e+00
6.914551546e-01  1.1550959e-11  1.15510e-11  1.15510e-11  0.00000e+00
6.949124304e-01  1.1591010e-11  1.15910e-11  1.15910e-11  0.00000e+00
6.983869925e-01  1.1630242e-11  1.16302e-11  1.16302e-11  0.00000e+00
7.018789275e-01  1.1668653e-11  1.16687e-11  1.16687e-11  0.00000e+00
7.053883221e-01  1.1706238e-11  1.17062e-11  1.17062e-11  0.00000e+00
7.089152637e-01  1.1742996e-11  1.17430e-11  1.17430e-11  0.00000e+00
7.124598400e-01  1.1778922e-11  1.17789e-11  1.17789e-11  0.00000e+00
7.160221392e-01  1.1814015e-11  1.18140e-11  1.18140e-11  0.00000e+00
7.196022499e-01  1.1848272e-11  1.18483e-11  1.18483e-11  0.00000e+00
7.232002612e-01  1.1881691e-11  1.18817e-11  1.18817e-11  0.00000e+00
7.268162625e-01  1.1914270e-11  1.19143e-11  1.19143e-11  0.00000e+00
7.304503438e-01  1.1946007e-11  1.19460e-11  1.19460e-11  0.00000e+00
7.341025955e-01  1.1976901e-11  1.19769e-11  1.19769e-11  0.00000e+00
7.377731085e-01  1.2006950e-11  1.20069e-11  1.20069e-11  0.00000e+00
7.414619740e-01  1.2036153e-11  1.20362e-11  1.20362e-11  0.00000e+00
7.451692839e-01  1.2064509e-11  1.20645e-11  1.20645e-11  0.00000e+00
7.488951303e-01  1.2092018e-11  1.20920e-11  1.20920e-11  0.00000e+00
7.526396060e-01  1.2118678e-11  1.21187e-11  1.21187e-11  0.00000e+00
7.564028040e-01  1.2144491e-11  1.21445e-11  1.21445e-11  0.00000e+00
7.601848180e-01  1.2169454e-11  1.21695e-11  1.21695e-11  0.00000e+00
7.639857421e-01  1.2193569e-11  1.21936e-11  1.21936e-11  0.00000e+00
7.678056708e-01  1.2216836e-11  1.22168e-11  1.22168e-11  0.00000e+00
7.716446992e-01  1.2239256e-11  1.22393e-11  1.22393e-11  0.00000e+00
7.755029227e-01  1.2260828e-11  1.22608e-11  1.22608e-11  0.00000e+00
7.793804373e-01  1.2281553e-11  1.22816e-11  1.22816e-11  0.00000e+00
7.832773395e-01  1.2301434e-11  1.23014e-11  1.23014e-11  0.00000e+00
7.871937262e-01  1.2320470e-11  1.23205e-11  1.23205e-11  0.00000e+00
7.911296948e-01  1.2338664e-11  1.23387e-11  1.23387e-11  0.00000e+00
7.950853433e-01  1.2356016e-11  1.23560e-11  1.23560e-11  0.00000e+00
7.990607700e-01  1.2372529e-11  1.23725e-11  1.23725e-11  0.00000e+00
8.030560739e-01  1.2388204e-11  1.23882e-11  1.23882e-11  0.00000e+00
8.070713542e-01  1.2403044e-11  1.24030e-11  1.24030e-11  0.00000e+00
8.111067110e-01  1.2417051e-11  1.24171e-11  1.24171e-11  0.00000e+00
8.151622446e-01  1.2430226e-11  1.24302e-11  1.24302e-11  0.00000e+00
8.192380558e-01  1.2442573e-11  1.24426e-11  1.24426e-11  0.00000e+00
8.233342461e-01  1.2454095e-11  1.24541e-11  1.24541e-11  0.00000e+00
8.274509173e-01  1.2464793e-11  1.24648e-11  1.24648e-11  0.00000e+00
8.315881719e-01  1.2474672e-11  1.24747e-11  1.24747e-11  0.00000e+00
8.357461127e-01  1.2483735e-11  1.24837e-11  1.24837e-11  0.00000e+00
8.399248433e-01  1.2491984e-11  1.24920e-11  1.24920e-11  0.00000e+00
8.441244675e-01  1.2499423e-11  1.24994e-11  1.24994e-11  0.00000e+00
8.483450899e-01  1.2506056e-11  1.25061e-11  1.25061e-11  0.00000e+00
8.525868153e-01  1.2511887e-11  1.25119e-11  1.25119e-11  0.00000e+00
8.568497494e-01  1.2516919e-11  1.25169e-11  1.25169e-11  0.00000e+00
8.611339981e-01  1.2521156e-11  1.25212e-11  1.25212e-11  0.00000e+00
8.654396681e-01  1.2524603e-11  1.25246e-11  1.25246e-11  0.00000e+00
8.697668665e-01  1.2527264e-11  1.25273e-11  1.25273e-11  0.00000e+00
8.741157008e-01  1.2529144e-11  1.25291e-11  1.25291e-11  0.00000e+00
8.784862793e-01  1.2530246e-11  1.25302e-11  1.25302e-11  0.00000e+00
8.828787107e-01  1.2530575e-11  1.25306e-11  1.25306e-11  0.00000e+00
8.872931042e-01  1.2530137e-11  1.25301e-11  1.25301e-11  0.00000e+00
8.917295698e-01  1.2528810e-11  1.25288e-11  1.25288e-11  3.66431e-33
8.961882176e-01  1.2526851e-11  1.25269e-11  1.25269e-11  4.65016e-33
9.006691587e-01  1.2524139e-11  1.25241e-11  1.25241e-11  5.89381e-33
9.051725045e-01  1.2520680e-11  1.25207e-11  1.25207e-11  7.46072e-33
9.096983670e-01  1.2516478e-11  1.25165e-11  1.25165e-11  9.43242e-33
9.142468589e-01  1.2511539e-11  1.25115e-11  1.25115e-11  1.19104e-32
9.188180931e-01  1.2505869e-11  1.25059e-11  1.25059e-11  1.50208e-32
9.234121836e-01  1.2499473e-11  1.24995e-11  1.24995e-11  1.89202e-32
9.280292445e-01  1.2492357e-11  1.24924e-11  1.24924e-11  2.38029e-32
9.326693908e-01  1.2484527e-11  1.24845e-11  1.24845e-11  2.99091e-32
9.373327377e-01  1.2475988e-11  1.24760e-11  1.24760e-11  3.75363e-32
9.420194014e-01  1.2466746e-11  1.24667e-11  1.24667e-11  4.70519e-32
9.467294984e-01  1.2456808e-11  1.24568e-11  1.24568e-11  5.89090e-32
9.514631459e-01  1.2446180e-11  1.24462e-11  1.24462e-11  7.36662e-32
9.562204616e-01  1.2434867e-11  1.24349e-11  1.24349e-11  9.20110e-32
9.610015639e-01  1.2422877e-11  1.24229e-11  1.24229e-11  1.14788e-31
9.658065718e-01  1.2410214e-11  1.24102e-11  1.24102e-11  1.43036e-31
9.706356046e-01  1.2396887e-11  1.23969e-11  1.23969e-11  1.78028e-31
9.754887826e-01  1.2382900e-11  1.23829e-11  1.23829e-11  2.21321e-31
9.803662265e-01  1.2368262e-11  1.23683e-11  1.23683e-11  2.74825e-31
9.852680577e-01  1.2352977e-11  1.23530e-11  1.23530e-11  3.40870e-31
9.901943980e-01  1.2337053e-11  1.23371e-11  1.23371e-11  4.22303e-31
9.951453700e-01  1.2320497e-11  1.23205e-11  1.23205e-11  5.22593e-31
1.000121097e+00  1.2303316e-11  1.23033e-11  1.23033e-11  6.45968e-31
1.005121702e+00  1.2285515e-11  1.22855e-11  1.22855e-11  7.97568e-31
1.010147311e+00  1.2266979e-11  1.22670e-11  1.22670e-11  1.96728e-30
1.015198047e+00  1.2247961e-11  1.22480e-11  1.22480e-11  2.42354e-30
1.020274038e+00  1.2228345e-11  1.22283e-11  1.22283e-11  2.98230e-30
1.025375408e+00  1.2208137e-11  1.22081e-11  1.22081e-11  3.66582e-30
1.030502285e+00  1.2187344e-11  1.21873e-11  1.21873e-11  4.50104e-30
1.035654796e+00  1.2165975e-11  1.21660e-11  1.21660e-11  5.52050e-30
1.040833070e+00  1.2144035e-11  1.21440e-11  1.21440e-11  6.76350e-30
1.046037236e+00  1.2121531e-11  1.21215e-11  1.21215e-11  8.27738e-30
1.051267422e+00  1.2098472e-11  1.20985e-11  1.20985e-11  1.01192e-29
1.056523759e+00  1.2074863e-11  1.20749e-11  1.20749e-11  1.23575e-29
1.061806378e+00  1.2050712e-11  1.20507e-11  1.20507e-11  1.50749e-29
1.067115410e+00  1.2026027e-11  1.20260e-11  1.20260e-11  1.83702e-29
1.072450987e+00  1.2000814e-11  1.20008e-11  1.20008e-11  2.23622e-29
1.077813242e+00  1.1974961e-11  1.19750e-11  1.19750e-11  4.07897e-29
1.083202308e+00  1.1948714e-11  1.19487e-11  1.19487e-11  4.95495e-29
1.088618319e+00  1.1921962e-11  1.19220e-11  1.19220e-11  6.01278e-29
1.094061411e+00  1.1894711e-11  1.18947e-11  1.18947e-11  7.28888e-29
1.099531718e+00  1.1866969e-11  1.18670e-11  1.18670e-11  8.82670e-29
1.105029377e+00  1.1838624e-11  1.18386e-11  1.18386e-11  1.42373e-28
1.110554523e+00  1.1809921e-11  1.18099e-11  1.18099e-11  1.72059e-28
1.116107296e+00  1.1780748e-11  1.17807e-11  1.17807e-11  2.07722e-28
1.121687832e+00  1.1751112e-11  1.17511e-11  1.17511e-11  2.50524e-28
1.127296272e+00  1.1721022e-11  1.17210e-11  1.17210e-11  3.01842e-28
1.132932753e+00  1.1690367e-11  1.16904e-11  1.16904e-11  4.54134e-28
1.138597417e+00  1.1659388e-11  1.16594e-11  1.16594e-11  5.46068e-28
1.144290404e+00  1.1627975e-11  1.16280e-11  1.16280e-11  6.55961e-28
1.150011856e+00  1.1596137e-11  1.15961e-11  1.15961e-11  7.87192e-28
1.155761915e+00  1.1563879e-11  1.15639e-11  1.15639e-11  9.43750e-28
1.161540725e+00  1.1531095e-11  1.15311e-11  1.15311e-11  1.35641e-27
1.167348428e+00  1.1498021e-11  1.14980e-11  1.14980e-11  1.62301e-27
1.173185171e+00  1.1464550e-11  1.14646e-11  1.14646e-11  1.94013e-27
1.179051096e+00  1.1430689e-11  1.14307e-11  1.14307e-11  2.31698e-27
1.184946352e+00  1.1396331e-11  1.13963e-11  1.13963e-11  3.22512e-27
1.190871084e+00  1.1361711e-11  1.13617e-11  1.13617e-11  3.84422e-27
1.196825439e+00  1.1326722e-11  1.13267e-11  1.13267e-11  4.57783e-27
1.202809566e+00  1.1291371e-11  1.12914e-11  1.12914e-11  5.44628e-27
1.208823614e+00  1.1255666e-11  1.12557e-11  1.12557e-11  6.47342e-27
1.214867732e+00  1.1219500e-11  1.12195e-11  1.12195e-11  8.78524e-27
1.220942071e+00  1.1183107e-11  1.11831e-11  1.11831e-11  1.04226e-26
1.227046781e+00  1.1146380e-11  1.11464e-11  1.11464e-11  1.23538e-26
1.233182015e+00  1.1109326e-11  1.11093e-11  1.11093e-11  1.46293e-26
1.239347925e+00  1.1071952e-11  1.10720e-11  1.10720e-11  1.73081e-26
1.245544665e+00  1.1034154e-11  1.10342e-11  1.10342e-11  2.30160e-26
1.251772388e+00  1.0996161e-11  1.09962e-11  1.09962e-11  2.71811e-26
1.258031250e+00  1.0957869e-11  1.09579e-11  1.09579e-11  3.20709e-26
1.264321406e+00  1.0919285e-11  1.09193e-11  1.09193e-11  3.78064e-26
1.270643013e+00  1.0880306e-11  1.08803e-11  1.08803e-11  4.94754e-26
1.276996228e+00  1.0841156e-11  1.08412e-11  1.08412e-11  5.82197e-26
1.283381209e+00  1.0801735e-11  1.08017e-11  1.08017e-11  6.84490e-26
1.289798116e+00  1.0762047e-11  1.07620e-11  1.07620e-11  8.04048e-26
1.296247106e+00  1.0721994e-11  1.07220e-11  1.07220e-11  1.03803e-25
1.302728342e+00  1.0681368e-11  1.06814e-11  1.06814e-11  1.65983e-25
1.309241983e+00  1.0639754e-11  1.06398e-11  1.06398e-11  3.37075e-25
1.315788193e+00  1.0597803e-11  1.05978e-11  1.05978e-11  5.76689e-25
1.322367134e+00  1.0555735e-11  1.05557e-11  1.05557e-11  8.69735e-25
1.328978970e+00  1.0513448e-11  1.05134e-11  1.05134e-11  1.24453e-24
1.335623865e+00  1.0470846e-11  1.04708e-11  1.04708e-11  1.74373e-24
1.342301984e+00  1.0428144e-11  1.04281e-11  1.04281e-11  2.34504e-24
1.349013494e+00  1.0385243e-11  1.03852e-11  1.03852e-11  3.09571e-24
1.355758561e+00  1.0342047e-11  1.03420e-11  1.03420e-11  4.06570e-24
1.362537354e+00  1.0298665e-11  1.02987e-11  1.02987e-11  5.26680e-24
1.369350041e+00  1.0255206e-11  1.02552e-11  1.02552e-11  6.69468e-24
1.376196791e+00  1.0211471e-11  1.02115e-11  1.02115e-11  8.50113e-24
1.383077775e+00  1.0167570e-11  1.01676e-11  1.01676e-11  1.07081e-23
1.389993164e+00  1.0123609e-11  1.01236e-11  1.01236e-11  1.33128e-23
1.396943130e+00  1.0079390e-11  1.00794e-11  1.00794e-11  1.65574e-23
1.403927846e+00  1.0035023e-11  1.00350e-11  1.00350e-11  2.04805e-23
1.410947485e+00  9.9905127e-12  9.99051e-12  9.99051e-12  2.52096e-23
1.418002222e+00  9.9458647e-12  9.94586e-12  9.94586e-12  3.08943e-23
1.425092233e+00  9.9010850e-12  9.90108e-12  9.90108e-12  3.77095e-23
1.432217694e+00  9.8560804e-12  9.85608e-12  9.85608e-12  4.60540e-23
1.439378783e+00  9.8110546e-12  9.81105e-12  9.81105e-12  5.58074e-23
1.446575677e+00  9.7659140e-12  9.76591e-12  9.76591e-12  6.74165e-23
1.453808555e+00  9.7206640e-12  9.72066e-12  9.72066e-12  8.12050e-23
1.461077598e+00  9.6752131e-12  9.67521e-12  9.67521e-12  9.78911e-23
1.468382986e+00  9.6297613e-12  9.62976e-12  9.62976e-12  1.17278e-22
1.475724901e+00  9.5841202e-12  9.58412e-12  9.58412e-12  1.40620e-22
1.483103525e+00  9.5383921e-12  9.53839e-12  9.53839e-12  1.68185e-22
1.490519043e+00  9.4926776e-12  9.49268e-12  9.49268e-12  2.00081e-22
1.497971638e+00  9.4467909e-12  9.44679e-12  9.44679e-12  2.38225e-22
1.505461496e+00  9.4008328e-12  9.40083e-12  9.40083e-12  2.83034e-22
1.512988804e+00  9.3548084e-12  9.35481e-12  9.35481e-12  3.35586e-22
1.520553748e+00  9.3087226e-12  9.30872e-12  9.30872e-12  3.97121e-22
1.528156517e+00  9.2625805e-12  9.26258e-12  9.26258e-12  4.69063e-22
1.535797299e+00  9.2163868e-12  9.21639e-12  9.21639e-12  5.53048e-22
1.543476286e+00  9.1722647e-12  9.17226e-12  9.17226e-12  6.15885e-22
1.551193667e+00  9.1280799e-12  9.12808e-12  9.12808e-12  6.84940e-22
1.558949636e+00  9.0838370e-12  9.08384e-12  9.08384e-12  7.60693e-22
1.566744384e+00  9.0396315e-12  9.03963e-12  9.03963e-12  8.41385e-22
1.574578106e+00  8.9952859e-12  8.99529e-12  8.99529e-12  9.31724e-22
1.582450996e+00  8.9509859e-12  8.95099e-12  8.95099e-12  1.02732e-21
1.590363251e+00  8.9065557e-12  8.90656e-12  8.90656e-12  1.13413e-21
1.598315067e+00  8.8621790e-12  8.86218e-12  8.86218e-12  1.24632e-21
1.606306643e+00  8.8176818e-12  8.81768e-12  8.81768e-12  1.37140e-21
1.614338176e+00  8.7732458e-12  8.77325e-12  8.77325e-12  1.50167e-21
1.622409867e+00  8.7286988e-12  8.72870e-12  8.72870e-12  1.64658e-21
1.630521916e+00  8.6842206e-12  8.68422e-12  8.68422e-12  1.79601e-21
1.638674526e+00  8.6397272e-12  8.63973e-12  8.63973e-12  1.95479e-21
1.646867898e+00  8.5952228e-12  8.59522e-12  8.59522e-12  2.12283e-21
1.655102238e+00  8.5507114e-12  8.55071e-12  8.55071e-12  2.29981e-21
1.663377749e+00  8.5061970e-12  8.50620e-12  8.50620e-12  2.48526e-21
1.671694638e+00  8.4616835e-12  8.46168e-12  8.46168e-12  2.67843e-21
1.680053111e+00  8.4171747e-12  8.41717e-12  8.41717e-12  2.87829e-21
1.688453377e+00  8.3726745e-12  8.37267e-12  8.37267e-12  3.08346e-21
1.696895643e+00  8.3281867e-12  8.32819e-12  8.32819e-12  3.29216e-21
1.705380122e+00  8.2837149e-12  8.28371e-12  8.28371e-12  3.50213e-21
1.713907022e+00  8.2392629e-12  8.23926e-12  8.23926e-12  3.71055e-21
1.722476557e+00  8.1949162e-12  8.19492e-12  8.19492e-12  3.89064e-21
1.731088940e+00  8.1505139e-12  8.15051e-12  8.15051e-12  4.08193e-21
1.739744385e+00  8.1062232e-12  8.10622e-12  8.10622e-12  4.22917e-21
1.748443107e+00  8.0618847e-12  8.06188e-12  8.06188e-12  4.38142e-21
1.757185322e+00  8.0176636e-12  8.01766e-12  8.01766e-12  4.46826e-21
1.765971249e+00  7.9734024e-12  7.97340e-12  7.97340e-12  4.55048e-21
1.774801105e+00  7.9292644e-12  7.92926e-12  7.92926e-12  4.53862e-21
1.783675111e+00  7.8851727e-12  7.88517e-12  7.88517e-12  4.45608e-21
1.792593486e+00  7.8410518e-12  7.84105e-12  7.84105e-12  4.34508e-21
1.801556454e+00  7.7964383e-12  7.79644e-12  7.79644e-12  4.59625e-21
1.810564236e+00  7.7490175e-12  7.74902e-12  7.74902e-12  7.51821e-21
1.819617057e+00  7.7016185e-12  7.70162e-12  7.70162e-12  1.11334e-20
1.828715142e+00  7.6543224e-12  7.65432e-12  7.65432e-12  1.54765e-20
1.837858718e+00  7.6070557e-12  7.60706e-12  7.60706e-12  2.07607e-20
1.847048012e+00  7.5599741e-12  7.55997e-12  7.55997e-12  2.69246e-20
1.856283252e+00  7.5129282e-12  7.51293e-12  7.51293e-12  3.43271e-20
1.865564668e+00  7.4659972e-12  7.46600e-12  7.46600e-12  4.30348e-20
1.874892491e+00  7.4191834e-12  7.41918e-12  7.41918e-12  5.32358e-20
1.884266954e+00  7.3724896e-12  7.37249e-12  7.37249e-12  6.51419e-20
1.893688289e+00  7.3259181e-12  7.32592e-12  7.32592e-12  7.89906e-20
1.903156730e+00  7.2794716e-12  7.27947e-12  7.27947e-12  9.50488e-20
1.912672514e+00  7.2330796e-12  7.23308e-12  7.23308e-12  1.13849e-19
1.922235876e+00  7.1868182e-12  7.18682e-12  7.18682e-12  1.35543e-19
1.931847056e+00  7.1406896e-12  7.14069e-12  7.14069e-12  1.60511e-19
1.941506291e+00  7.0946962e-12  7.09470e-12  7.09470e-12  1.89180e-19
1.951213822e+00  7.0487690e-12  7.04877e-12  7.04877e-12  2.22376e-19
1.960969892e+00  7.0030527e-12  7.00305e-12  7.00305e-12  2.59961e-19
1.970774741e+00  6.9574079e-12  6.95741e-12  6.95741e-12  3.03272e-19
1.980628615e+00  6.9119076e-12  6.91191e-12  6.91191e-12  3.52622e-19
1.990531758e+00  6.8665537e-12  6.86655e-12  6.86655e-12  4.08751e-19
2.000484417e+00  6.8215547e-12  6.82155e-12  6.82155e-12  4.70739e-19
2.010486839e+00  6.7810091e-12  6.78101e-12  6.78101e-12  5.00644e-19
2.020539273e+00  6.7405594e-12  6.74056e-12  6.74056e-12  5.31422e-19
2.030641969e+00  6.7002075e-12  6.70021e-12  6.70021e-12  5.62945e-19
2.040795179e+00  6.6599555e-12  6.65996e-12  6.65995e-12  5.95055e-19
2.050999155e+00  6.6198720e-12  6.61987e-12  6.61987e-12  6.26622e-19
2.061254151e+00  6.5798252e-12  6.57983e-12  6.57982e-12  6.59199e-19
2.071560421e+00  6.5399499e-12  6.53995e-12  6.53995e-12  6.90522e-19
2.081918224e+00  6.5001813e-12  6.50018e-12  6.50018e-12  7.21179e-19
2.092327815e+00  6.4605213e-12  6.46052e-12  6.46052e-12  7.50761e-19
2.102789454e+00  6.4209716e-12  6.42097e-12  6.42097e-12  7.78794e-19
2.113303401e+00  6.3815340e-12  6.38153e-12  6.38153e-12  8.04732e-19
2.123869918e+00  6.3422739e-12  6.34227e-12  6.34227e-12  8.26140e-19
2.134489268e+00  6.3030651e-12  6.30307e-12  6.30306e-12  8.45748e-19
2.145161714e+00  6.2640364e-12  6.26404e-12  6.26404e-12  8.58923e-19
2.155887523e+00  6.2251256e-12  6.22513e-12  6.22512e-12  8.66501e-19
2.166666960e+00  6.1863342e-12  6.18633e-12  6.18633e-12  8.67386e-19
2.177500295e+00  6.1476638e-12  6.14766e-12  6.14766e-12  8.60344e-19
2.188387796e+00  6.1091772e-12  6.10918e-12  6.10918e-12  8.40886e-19
2.199329735e+00  6.0707528e-12  6.07075e-12  6.07075e-12  8.13379e-19
2.210326384e+00  6.0325143e-12  6.03251e-12  6.03251e-12  7.69549e-19
2.221378016e+00  5.9944017e-12  5.99440e-12  5.99440e-12  7.10486e-19
2.232484906e+00  5.9564165e-12  5.95642e-12  5.95642e-12  6.33948e-19
2.243647331e+00  5.9185599e-12  5.91856e-12  5.91856e-12  5.37450e-19
2.254865567e+00  5.8797739e-12  5.87977e-12  5.87977e-12  5.12339e-19
2.266139895e+00  5.8397890e-12  5.83979e-12  5.83979e-12  6.09127e-19
2.277470595e+00  5.7999687e-12  5.79997e-12  5.79997e-12  7.18718e-19
2.288857948e+00  5.7602564e-12  5.76026e-12  5.76026e-12  8.49244e-19
2.300302237e+00  5.7207689e-12  5.72077e-12  5.72077e-12  9.89334e-19
2.311803748e+00  5.6813921e-12  5.68139e-12  5.68139e-12  1.15481e-18
2.323362767e+00  5.6422411e-12  5.64224e-12  5.64224e-12  1.33225e-18
2.334979581e+00  5.6032034e-12  5.60320e-12  5.60320e-12  1.54035e-18
2.346654479e+00  5.5643923e-12  5.56439e-12  5.56439e-12  1.76329e-18
2.358387751e+00  5.5256969e-12  5.52570e-12  5.52569e-12  2.02311e-18
2.370179690e+00  5.4871741e-12  5.48717e-12  5.48717e-12  2.31318e-18
2.382030589e+00  5.4488792e-12  5.44888e-12  5.44888e-12  2.62350e-18
2.393940742e+00  5.4107033e-12  5.41070e-12  5.41070e-12  2.98220e-18
2.405910445e+00  5.3727021e-12  5.37270e-12  5.37270e-12  3.38081e-18
2.417939997e+00  5.3348762e-12  5.33488e-12  5.33487e-12  3.82312e-18
2.430029697e+00  5.2972263e-12  5.29723e-12  5.29722e-12  4.31326e-18
2.442179846e+00  5.2597529e-12  5.25975e-12  5.25975e-12  4.85567e-18
2.454390745e+00  5.2224566e-12  5.22246e-12  5.22245e-12  5.45515e-18
2.466662699e+00  5.1853380e-12  5.18534e-12  5.18533e-12  6.11691e-18
2.478996012e+00  5.1483976e-12  5.14840e-12  5.14839e-12  6.84654e-18
2.491390992e+00  5.1116358e-12  5.11164e-12  5.11163e-12  7.65007e-18
2.503847947e+00  5.0745952e-12  5.07460e-12  5.07459e-12  8.78835e-18
2.516367187e+00  5.0367304e-12  5.03673e-12  5.03672e-12  1.06631e-17
2.528949023e+00  4.9990665e-12  4.99907e-12  4.99905e-12  1.27714e-17
2.541593768e+00  4.9616036e-12  4.96160e-12  4.96159e-12  1.51360e-17
2.554301737e+00  4.9243421e-12  4.92434e-12  4.92432e-12  1.77816e-17
2.567073246e+00  4.8872820e-12  4.88728e-12  4.88726e-12  2.07348e-17
2.579908612e+00  4.8503749e-12  4.85037e-12  4.85035e-12  2.40683e-17
2.592808155e+00  4.8136704e-12  4.81367e-12  4.81364e-12  2.77757e-17
2.605772196e+00  4.7771685e-12  4.77717e-12  4.77714e-12  3.18908e-17
2.618801057e+00  4.7408694e-12  4.74087e-12  4.74083e-12  3.64504e-17
2.631895062e+00  4.7047731e-12  4.70477e-12  4.70473e-12  4.14936e-17
2.645054537e+00  4.6688327e-12  4.66883e-12  4.66879e-12  4.71259e-17
2.658279810e+00  4.6330960e-12  4.63310e-12  4.63304e-12  5.33388e-17
2.671571209e+00  4.5975630e-12  4.59756e-12  4.59750e-12  6.01817e-17
2.684929065e+00  4.5622336e-12  4.56223e-12  4.56217e-12  6.77078e-17
2.698353710e+00  4.5271079e-12  4.52711e-12  4.52703e-12  7.59739e-17
2.711845479e+00  4.3923799e-12  4.39238e-12  4.39210e-12  2.82011e-16
2.725404706e+00  4.2450163e-12  4.24502e-12  4.24447e-12  5.47272e-16
2.739031730e+00  4.0990190e-12  4.09902e-12  4.09817e-12  8.49504e-16
2.752726889e+00  3.9543013e-12  3.95430e-12  3.95311e-12  1.19254e-15
2.766490523e+00  3.8109550e-12  3.81096e-12  3.80937e-12  1.58009e-15
2.780322976e+00  3.6689388e-12  3.66894e-12  3.66692e-12  2.01647e-15
2.794224591e+00  3.5282126e-12  3.52821e-12  3.52571e-12  2.50635e-15
2.808195713e+00  3.3888669e-12  3.38887e-12  3.38581e-12  3.05437e-15
2.822236692e+00  3.2508190e-12  3.25082e-12  3.24715e-12  3.66604e-15
2.836347875e+00  3.1141162e-12  3.11412e-12  3.10977e-12  4.34686e-15
2.850529615e+00  2.9787208e-12  2.97872e-12  2.97362e-12  5.10304e-15
2.864782263e+00  2.8446798e-12  2.84468e-12  2.83874e-12  5.94088e-15
2.879106174e+00  2.7119979e-12  2.71200e-12  2.70513e-12  6.86731e-15
2.893501705e+00  2.5806395e-12  2.58064e-12  2.57275e-12  7.88995e-15
2.907969214e+00  2.4506109e-12  2.45061e-12  2.44159e-12  9.01673e-15
2.922509060e+00  2.3219593e-12  2.32196e-12  2.31170e-12  1.02559e-14
2.937121605e+00  2.1946511e-12  2.19465e-12  2.18303e-12  1.16168e-14
2.951807213e+00  2.0687337e-12  2.06873e-12  2.05563e-12  1.31086e-14
2.966566249e+00  1.9441357e-12  1.94414e-12  1.92939e-12  1.47424e-14
2.981399080e+00  1.8209058e-12  1.82091e-12  1.80438e-12  1.65287e-14
2.996306076e+00  1.6990922e-12  1.69909e-12  1.68061e-12  1.84789e-14
3.011287606e+00  1.6525630e-12  1.65256e-12  1.63262e-12  1.99427e-14
3.026344044e+00  1.6307078e-12  1.63071e-12  1.60943e-12  2.12789e-14
3.041475764e+00  1.6091332e-12  1.60913e-12  1.58644e-12  2.26959e-14
3.056683143e+00  1.5878052e-12  1.58781e-12  1.56361e-12  2.41987e-14
3.071966559e+00  1.5667659e-12  1.56677e-12  1.54097e-12  2.57912e-14
3.087326392e+00  1.5459823e-12  1.54598e-12  1.51850e-12  2.74788e-14
3.102763024e+00  1.5254962e-12  1.52550e-12  1.49623e-12  2.92658e-14
3.118276839e+00  1.5053118e-12  1.50531e-12  1.47415e-12  3.11575e-14
3.133868223e+00  1.4853979e-12  1.48540e-12  1.45224e-12  3.31599e-14
3.149537564e+00  1.4657958e-12  1.46580e-12  1.43052e-12  3.52780e-14
3.165285252e+00  1.4464754e-12  1.44648e-12  1.40896e-12  3.75182e-14
3.181111678e+00  1.4274777e-12  1.42748e-12  1.38759e-12  3.98863e-14
3.197017237e+00  1.4087737e-12  1.40877e-12  1.36638e-12  4.23891e-14
3.213002323e+00  1.5071407e-12  1.50714e-12  1.46459e-12  4.25474e-14
3.229067334e+00  1.6309549e-12  1.63095e-12  1.58900e-12  4.19519e-14
3.245212671e+00  1.7531470e-12  1.75315e-12  1.71203e-12  4.11213e-14
3.261438734e+00  1.8737319e-12  1.87373e-12  1.83370e-12  4.00316e-14
3.277745928e+00  1.9926887e-12  1.99269e-12  1.95403e-12  3.86584e-14
3.294134658e+00  2.1099625e-12  2.10996e-12  2.07299e-12  3.69765e-14
3.310605331e+00  2.2255951e-12  2.22560e-12  2.19064e-12  3.49562e-14
3.327158358e+00  2.3394960e-12  2.33950e-12  2.30693e-12  3.25701e-14
3.343794149e+00  2.4517026e-12  2.45170e-12  2.42192e-12  2.97847e-14
3.360513120e+00  2.5621219e-12  2.56212e-12  2.53555e-12  2.65689e-14
3.377315686e+00  2.6708176e-12  2.67082e-12  2.64793e-12  2.28840e-14
3.394202264e+00  2.7667783e-12  2.76678e-12  2.74762e-12  1.91614e-14
3.411173276e+00  2.7888660e-12  2.78887e-12  2.77064e-12  1.82301e-14
3.428229142e+00  2.8104709e-12  2.81047e-12  2.79334e-12  1.71293e-14
3.445370288e+00  2.8315495e-12  2.83155e-12  2.81570e-12  1.58463e-14
3.462597139e+00  2.8520588e-12  2.85206e-12  2.83769e-12  1.43683e-14
3.479910125e+00  2.8720440e-12  2.87204e-12  2.85937e-12  1.26764e-14
3.497309675e+00  2.8914603e-12  2.89146e-12  2.88070e-12  1.07561e-14
3.514796224e+00  2.8814472e-12  2.88145e-12  2.87096e-12  1.04882e-14
3.532370205e+00  2.8661579e-12  2.86616e-12  2.85563e-12  1.05230e-14
3.550032056e+00  2.8509010e-12  2.85090e-12  2.84037e-12  1.05290e-14
3.567782216e+00  2.8357013e-12  2.83570e-12  2.82520e-12  1.05015e-14
3.585621127e+00  2.8205004e-12  2.82050e-12  2.81006e-12  1.04418e-14
3.603549233e+00  2.8053499e-12  2.80535e-12  2.79501e-12  1.03423e-14
3.621566979e+00  2.7902454e-12  2.79025e-12  2.78005e-12  1.01996e-14
3.639674814e+00  2.7751304e-12  2.77513e-12  2.76512e-12  1.00151e-14
3.657873188e+00  2.7600536e-12  2.76005e-12  2.75027e-12  9.78020e-15
3.676162554e+00  2.7449849e-12  2.74498e-12  2.73549e-12  9.49351e-15
3.694543367e+00  2.7299451e-12  2.72995e-12  2.72080e-12  9.14807e-15
3.713016084e+00  2.7149043e-12  2.71490e-12  2.70616e-12  8.74246e-15
3.731581164e+00  2.6998580e-12  2.69986e-12  2.69159e-12  8.27228e-15
3.750239070e+00  2.6847059e-12  2.68471e-12  2.67696e-12  7.74682e-15
3.768990265e+00  2.6622743e-12  2.66227e-12  2.65400e-12  8.27275e-15
3.787835216e+00  2.6400421e-12  2.64004e-12  2.63121e-12  8.82813e-15
3.806774393e+00  2.6179871e-12  2.61799e-12  2.60857e-12  9.41827e-15
3.825808265e+00  2.5961333e-12  2.59613e-12  2.58609e-12  1.00409e-14
3.844937306e+00  2.5744814e-12  2.57448e-12  2.56378e-12  1.06975e-14
3.864161992e+00  2.5530319e-12  2.55303e-12  2.54164e-12  1.13895e-14
3.883482802e+00  2.5317644e-12  2.53176e-12  2.51964e-12  1.21233e-14
3.902900216e+00  2.5107223e-12  2.51072e-12  2.49783e-12  1.28910e-14
3.922414717e+00  2.4898646e-12  2.48986e-12  2.47616e-12  1.37041e-14
3.942026791e+00  2.4691933e-12  2.46919e-12  2.45463e-12  1.45650e-14
3.961736925e+00  2.4487495e-12  2.44875e-12  2.43328e-12  1.54647e-14
3.981545610e+00  2.4284949e-12  2.42849e-12  2.41208e-12  1.64162e-14
4.001453338e+00  2.4083024e-12  2.40830e-12  2.39084e-12  1.74649e-14
4.021460604e+00  2.3865074e-12  2.38651e-12  2.36730e-12  1.92123e-14
4.041567907e+00  2.3650095e-12  2.36501e-12  2.34393e-12  2.10769e-14
4.061775747e+00  2.3438137e-12  2.34381e-12  2.32075e-12  2.30650e-14
4.082084626e+00  2.3229257e-12  2.32293e-12  2.29774e-12  2.51825e-14
4.102495049e+00  2.3023509e-12  2.30235e-12  2.27492e-12  2.74359e-14
4.123007524e+00  2.2821108e-12  2.28211e-12  2.25229e-12  2.98239e-14
4.143622562e+00  2.2621948e-12  2.26219e-12  2.22983e-12  3.23607e-14
4.164340674e+00  2.2426093e-12  2.24261e-12  2.20756e-12  3.50532e-14
4.185162378e+00  2.2233607e-12  2.22336e-12  2.18545e-12  3.79088e-14
4.206088190e+00  2.2044558e-12  2.20446e-12  2.16352e-12  4.09350e-14
4.227118631e+00  2.1859146e-12  2.18591e-12  2.14178e-12  4.41301e-14
4.248254224e+00  2.1677178e-12  2.16772e-12  2.12020e-12  4.75207e-14
4.269495495e+00  2.1498982e-12  2.14990e-12  2.09880e-12  5.10958e-14
4.290842972e+00  2.1324507e-12  2.13245e-12  2.07758e-12  5.48734e-14
4.312297187e+00  2.1153832e-12  2.11538e-12  2.05652e-12  5.88623e-14
4.333858673e+00  2.0987139e-12  2.09871e-12  2.03565e-12  6.30600e-14
4.355527967e+00  2.0824308e-12  2.08243e-12  2.01493e-12  6.74985e-14
4.377305606e+00  2.0665621e-12  2.06656e-12  1.99440e-12  7.21639e-14
4.399192134e+00  2.0510985e-12  2.05110e-12  1.97401e-12  7.70904e-14
4.421188095e+00  2.0360664e-12  2.03607e-12  1.95380e-12  8.22630e-14
4.443294036e+00  2.0214666e-12  2.02147e-12  1.93376e-12  8.77043e-14
4.465510506e+00  2.0073089e-12  2.00731e-12  1.91388e-12  9.34252e-14
4.487838058e+00  1.9936090e-12  1.99361e-12  1.89419e-12  9.94218e-14
4.510277249e+00  1.9811666e-12  1.98117e-12  1.87801e-12  1.03153e-13
4.532828635e+00  1.9697661e-12  1.96977e-12  1.86593e-12  1.03831e-13
4.555492778e+00  1.9583147e-12  1.95831e-12  1.85393e-12  1.04384e-13
4.578270242e+00  1.9468059e-12  1.94681e-12  1.84202e-12  1.04784e-13
4.601161593e+00  1.9352243e-12  1.93522e-12  1.83017e-12  1.05058e-13
4.624167401e+00  1.9235632e-12  1.92356e-12  1.81838e-12  1.05178e-13
4.647288238e+00  1.9118128e-12  1.91181e-12  1.80670e-12  1.05117e-13
4.670524679e+00  1.8999613e-12  1.89996e-12  1.79506e-12  1.04902e-13
4.693877303e+00  1.8879989e-12  1.88800e-12  1.78350e-12  1.04503e-13
4.717346689e+00  1.8759144e-12  1.87591e-12  1.77200e-12  1.03910e-13
4.740933423e+00  1.8636964e-12  1.86370e-12  1.76058e-12  1.03113e-13
4.764638090e+00  1.8513331e-12  1.85133e-12  1.74923e-12  1.02099e-13
4.788461280e+00  1.8388075e-12  1.83881e-12  1.73797e-12  1.00834e-13
4.812403587e+00  1.8261160e-12  1.82612e-12  1.72676e-12  9.93518e-14
4.836465604e+00  1.8132416e-12  1.81324e-12  1.71562e-12  9.76168e-14
4.860647933e+00  1.8001714e-12  1.80017e-12  1.70455e-12  9.56166e-14
4.884951172e+00  1.7868917e-12  1.78689e-12  1.69355e-12  9.33382e-14
4.909375928e+00  1.7733887e-12  1.77339e-12  1.68262e-12  9.07680e-14
4.933922808e+00  1.7596377e-12  1.75964e-12  1.67177e-12  8.78646e-14
4.958592422e+00  1.7456442e-12  1.74564e-12  1.66098e-12  8.46685e-14
4.983385384e+00  1.7313839e-12  1.73138e-12  1.65025e-12  8.11383e-14
5.008302311e+00  1.7181158e-12  1.71812e-12  1.63802e-12  8.00981e-14
5.033343822e+00  1.7075591e-12  1.70756e-12  1.62271e-12  8.48446e-14
5.058510541e+00  1.6973283e-12  1.69733e-12  1.60754e-12  8.97864e-14
5.083803094e+00  1.6874278e-12  1.68743e-12  1.59250e-12  9.49289e-14
5.109222110e+00  1.6778803e-12  1.67788e-12  1.57757e-12  1.00312e-13
5.134768220e+00  1.6686745e-12  1.66867e-12  1.56277e-12  1.05909e-13
5.160442061e+00  1.6598356e-12  1.65984e-12  1.54807e-12  1.11761e-13
5.186244272e+00  1.6513286e-12  1.65133e-12  1.53353e-12  1.17803e-13
5.212175493e+00  1.6432235e-12  1.64322e-12  1.51907e-12  1.24153e-13
5.238236370e+00  1.6354601e-12  1.63546e-12  1.50476e-12  1.30704e-13
5.264427552e+00  1.6280905e-12  1.62809e-12  1.49055e-12  1.37540e-13
5.290749690e+00  1.6210969e-12  1.62110e-12  1.47647e-12  1.44630e-13
5.317203438e+00  1.6145125e-12  1.61451e-12  1.46249e-12  1.52021e-13
5.343789456e+00  1.6083172e-12  1.60832e-12  1.44864e-12  1.59680e-13
5.370508403e+00  1.6025470e-12  1.60255e-12  1.43489e-12  1.67658e-13
5.397360945e+00  1.5971792e-12  1.59718e-12  1.42126e-12  1.75919e-13
5.424347750e+00  1.5922194e-12  1.59222e-12  1.40775e-12  1.84468e-13
5.451469488e+00  1.5877080e-12  1.58771e-12  1.39435e-12  1.93362e-13
5.478726836e+00  1.5836184e-12  1.58362e-12  1.38106e-12  2.02560e-13
5.506120470e+00  1.5822665e-12  1.58227e-12  1.36702e-12  2.15249e-13
5.533651072e+00  1.5898779e-12  1.58988e-12  1.35011e-12  2.39766e-13
5.561319328e+00  1.5988439e-12  1.59884e-12  1.33336e-12  2.65484e-13
5.589125924e+00  1.6091571e-12  1.60916e-12  1.31678e-12  2.92381e-13
5.617071554e+00  1.6209361e-12  1.62094e-12  1.30033e-12  3.20606e-13
5.645156912e+00  1.6341302e-12  1.63413e-12  1.28405e-12  3.50081e-13
5.673382696e+00  1.6488180e-12  1.64882e-12  1.26792e-12  3.80899e-13
5.701749610e+00  1.6650360e-12  1.66504e-12  1.25194e-12  4.13098e-13
5.730258358e+00  1.6828213e-12  1.68282e-12  1.23611e-12  4.46715e-13
5.758909650e+00  1.7021590e-12  1.70216e-12  1.22043e-12  4.81725e-13
5.787704198e+00  1.7231895e-12  1.72319e-12  1.20490e-12  5.18294e-13
5.816642719e+00  1.7458448e-12  1.74584e-12  1.18952e-12  5.56329e-13
5.845725932e+00  1.7702153e-12  1.77022e-12  1.17428e-12  5.95935e-13
5.874954562e+00  1.7963399e-12  1.79634e-12  1.15919e-12  6.37151e-13
5.904329335e+00  1.8242575e-12  1.82426e-12  1.14424e-12  6.80018e-13
5.933850982e+00  1.8539443e-12  1.85394e-12  1.12944e-12  7.24499e-13
5.963520237e+00  1.8855642e-12  1.88556e-12  1.11478e-12  7.70786e-13
5.993337838e+00  1.9190289e-12  1.91903e-12  1.10026e-12  8.18766e-13
6.023304527e+00  1.9376160e-12  1.93762e-12  1.08887e-12  8.48748e-13
6.053421050e+00  1.9522208e-12  1.95222e-12  1.07841e-12  8.73807e-13
6.083688155e+00  1.9673809e-12  1.96738e-12  1.06806e-12  8.99316e-13
6.114106596e+00  1.9832439e-12  1.98324e-12  1.05780e-12  9.25447e-13
6.144677129e+00  1.9997435e-12  1.99974e-12  1.04762e-12  9.52123e-13
6.175400514e+00  2.0169627e-12  2.01696e-12  1.03752e-12  9.79439e-13
6.206277517e+00  2.0300660e-12  2.03007e-12  1.02820e-12  1.00187e-12
6.237308904e+00  2.0242667e-12  2.02427e-12  1.02162e-12  1.00265e-12
6.268495449e+00  2.0177952e-12  2.01780e-12  1.01507e-12  1.00272e-12
6.299837926e+00  2.0107138e-12  2.01071e-12  1.00856e-12  1.00215e-12
6.331337116e+00  2.0028255e-12  2.00283e-12  1.00210e-12  1.00072e-12
6.362993801e+00  1.9941904e-12  1.99419e-12  9.95684e-13  9.98507e-13
6.394808770e+00  1.9847833e-12  1.98478e-12  9.89305e-13  9.95478e-13
6.426782814e+00  1.9744828e-12  1.97448e-12  9.82978e-13  9.91505e-13
6.458916728e+00  1.9634533e-12  1.96345e-12  9.76679e-13  9.86774e-13
6.491211312e+00  1.9514749e-12  1.95147e-12  9.70431e-13  9.81044e-13
6.523667368e+00  1.9525109e-12  1.95251e-12  9.62798e-13  9.89713e-13
6.556285705e+00  1.9586453e-12  1.95865e-12  9.54696e-13  1.00395e-12
6.589067134e+00  1.9647355e-12  1.96474e-12  9.46667e-13  1.01807e-12
6.622012469e+00  1.9708788e-12  1.97088e-12  9.38700e-13  1.03218e-12
6.655122532e+00  1.9770695e-12  1.97707e-12  9.30796e-13  1.04627e-12
6.688398144e+00  1.9831869e-12  1.98319e-12  9.22963e-13  1.06022e-12
6.721840135e+00  1.9894526e-12  1.98945e-12  9.15181e-13  1.07427e-12
6.755449336e+00  1.9956284e-12  1.99563e-12  9.07469e-13  1.08816e-12
6.789226583e+00  2.0018232e-12  2.00182e-12  8.99818e-13  1.10201e-12
6.823172715e+00  2.0079063e-12  2.00791e-12  8.92236e-13  1.11567e-12
6.857288579e+00  2.0141187e-12  2.01412e-12  8.84703e-13  1.12942e-12
6.891575022e+00  2.0202021e-12  2.02020e-12  8.77239e-13  1.14296e-12
6.926032897e+00  2.0262752e-12  2.02628e-12  8.69833e-13  1.15644e-12
6.960663062e+00  2.0321966e-12  2.03220e-12  8.62495e-13  1.16970e-12
6.995466377e+00  2.0380900e-12  2.03809e-12  8.55214e-13  1.18288e-12
7.030443709e+00  2.0440898e-12  2.04409e-12  8.47981e-13  1.19611e-12
7.065595927e+00  2.0497680e-12  2.04977e-12  8.40822e-13  1.20895e-12
7.100923907e+00  2.0555399e-12  2.05554e-12  8.33711e-13  1.22183e-12
7.136428526e+00  2.0611102e-12  2.06111e-12  8.26665e-13  1.23445e-12
7.172110669e+00  2.0666155e-12  2.06662e-12  8.19674e-13  1.24694e-12
7.207971222e+00  2.0712789e-12  2.07128e-12  8.12782e-13  1.25850e-12
7.244011079e+00  2.0726980e-12  2.07270e-12  8.06118e-13  1.26658e-12
7.280231134e+00  2.0737336e-12  2.07373e-12  7.99514e-13  1.27422e-12
7.316632290e+00  2.0745321e-12  2.07453e-12  7.92959e-13  1.28157e-12
7.353215451e+00  2.0750860e-12  2.07509e-12  7.86453e-13  1.28863e-12
7.389981528e+00  2.0753876e-12  2.07539e-12  7.79997e-13  1.29539e-12
7.426931436e+00  2.0752584e-12  2.07526e-12  7.73598e-13  1.30166e-12
7.464066093e+00  2.0746823e-12  2.07468e-12  7.67255e-13  1.30743e-12
7.501386424e+00  2.0739969e-12  2.07400e-12  7.60953e-13  1.31304e-12
7.538893356e+00  2.0728441e-12  2.07284e-12  7.54706e-13  1.31814e-12
7.576587822e+00  2.0712079e-12  2.07121e-12  7.48514e-13  1.32269e-12
7.614470762e+00  2.0692579e-12  2.06926e-12  7.42370e-13  1.32689e-12
7.652543115e+00  2.0669870e-12  2.06699e-12  7.36272e-13  1.33072e-12
7.690805831e+00  2.0641967e-12  2.06420e-12  7.30228e-13  1.33397e-12
7.729259860e+00  2.0610656e-12  2.06107e-12  7.24229e-13  1.33684e-12
7.767906159e+00  2.0573895e-12  2.05739e-12  7.18284e-13  1.33910e-12
7.806745690e+00  2.0533530e-12  2.05335e-12  7.12385e-13  1.34097e-12
7.845779419e+00  2.0489497e-12  2.04895e-12  7.06530e-13  1.34242e-12
7.885008316e+00  2.0439665e-12  2.04397e-12  7.00727e-13  1.34324e-12
7.924433357e+00  2.0264395e-12  2.02644e-12  6.95397e-13  1.33104e-12
7.964055524e+00  2.0007239e-12  2.00072e-12  6.90361e-13  1.31036e-12
8.003875802e+00  1.9738259e-12  1.97383e-12  6.85363e-13  1.28846e-12
8.043895181e+00  1.9457280e-12  1.94573e-12  6.80403e-13  1.26532e-12
8.084114657e+00  1.9164130e-12  1.91641e-12  6.75481e-13  1.24093e-12
8.124535230e+00  1.8858640e-12  1.88586e-12  6.70596e-13  1.21527e-12
8.165157906e+00  1.8540644e-12  1.85406e-12  6.65748e-13  1.18832e-12
8.205983696e+00  1.8260825e-12  1.82608e-12  6.60785e-13  1.16530e-12
8.247013614e+00  1.8266988e-12  1.82670e-12  6.54986e-13  1.17171e-12
8.288248682e+00  1.8269417e-12  1.82694e-12  6.49242e-13  1.17770e-12
8.329689926e+00  1.8272793e-12  1.82728e-12  6.43539e-13  1.18374e-12
8.371338375e+00  1.8272300e-12  1.82723e-12  6.37890e-13  1.18934e-12
8.413195067e+00  1.8270276e-12  1.82703e-12  6.32289e-13  1.19474e-12
8.455261042e+00  1.8266685e-12  1.82667e-12  6.26733e-13  1.19994e-12
8.497537348e+00  1.8261494e-12  1.82615e-12  6.21224e-13  1.20493e-12
8.540025034e+00  1.8308432e-12  1.83084e-12  6.15625e-13  1.21522e-12
8.582725160e+00  1.8360197e-12  1.83602e-12  6.10062e-13  1.22596e-12
8.625638785e+00  1.8409079e-12  1.84091e-12  6.04552e-13  1.23636e-12
8.668766979e+00  1.8457605e-12  1.84576e-12  5.99090e-13  1.24667e-12
8.712110814e+00  1.8524541e-12  1.85245e-12  5.93632e-13  1.25882e-12
8.755671368e+00  1.8640392e-12  1.86404e-12  5.88110e-13  1.27593e-12
8.799449725e+00  1.8754609e-12  1.87546e-12  5.82643e-13  1.29282e-12
8.843446974e+00  1.8872624e-12  1.88726e-12  5.77219e-13  1.31004e-12
8.887664209e+00  1.8988879e-12  1.89889e-12  5.71849e-13  1.32704e-12
8.932102530e+00  1.9108931e-12  1.91089e-12  5.66521e-13  1.34437e-12
8.976763042e+00  1.9227096e-12  1.92271e-12  5.61246e-13  1.36146e-12
9.021646857e+00  1.9340345e-12  1.93403e-12  5.56030e-13  1.37800e-12
9.066755092e+00  1.9445525e-12  1.94455e-12  5.50878e-13  1.39367e-12
9.112088867e+00  1.9548255e-12  1.95483e-12  5.45777e-13  1.40905e-12
9.157649312e+00  1.9654403e-12  1.96544e-12  5.40715e-13  1.42472e-12
9.203437558e+00  1.9751922e-12  1.97519e-12  5.35716e-13  1.43948e-12
9.249454746e+00  1.9785466e-12  1.97855e-12  5.30878e-13  1.44767e-12
9.295702020e+00  1.9817926e-12  1.98179e-12  5.26081e-13  1.45571e-12
9.342180530e+00  1.9846158e-12  1.98462e-12  5.21331e-13  1.46328e-12
9.388891432e+00  1.9873193e-12  1.98732e-12  5.16623e-13  1.47070e-12
9.435835890e+00  1.9899008e-12  1.98990e-12  5.11955e-13  1.47795e-12
9.483015069e+00  1.9926788e-12  1.99268e-12  5.07322e-13  1.48536e-12
9.530430144e+00  1.9920960e-12  1.99210e-12  5.02781e-13  1.48931e-12
9.578082295e+00  1.9900221e-12  1.99002e-12  4.98301e-13  1.49172e-12
9.625972707e+00  1.9874092e-12  1.98741e-12  4.93864e-13  1.49355e-12
9.674102570e+00  1.9849128e-12  1.98491e-12  4.89459e-13  1.49545e-12
9.722473083e+00  1.9818684e-12  1.98187e-12  4.85097e-13  1.49677e-12
9.771085448e+00  1.9786046e-12  1.97860e-12  4.80772e-13  1.49783e-12
9.819940876e+00  1.9833244e-12  1.98332e-12  4.76365e-13  1.50696e-12
9.869040580e+00  2.0007190e-12  2.00072e-12  4.71814e-13  1.52891e-12
9.918385783e+00  2.0182451e-12  2.01825e-12  4.67304e-13  1.55094e-12
9.967977712e+00  2.0358987e-12  2.03590e-12  4.62836e-13  1.57306e-12
1.001781760e+01  2.0971498e-12  2.09715e-12  4.57820e-13  1.63933e-12
1.006790669e+01  2.2379677e-12  2.23797e-12  4.51804e-13  1.78616e-12
1.011824622e+01  2.3815723e-12  2.38157e-12  4.45850e-13  1.93572e-12
1.016883745e+01  2.5279580e-12  2.52796e-12  4.39956e-13  2.08800e-12
1.021968164e+01  2.6771180e-12  2.67712e-12  4.34123e-13  2.24299e-12
1.027078005e+01  2.8290449e-12  2.82904e-12  4.28350e-13  2.40069e-12
1.032213395e+01  2.9837299e-12  2.98373e-12  4.22636e-13  2.56109e-12
1.037374462e+01  3.1407905e-12  3.14079e-12  4.16986e-13  2.72380e-12
1.042561334e+01  3.3009599e-12  3.30096e-12  4.11390e-13  2.88957e-12
1.047774141e+01  3.4634776e-12  3.46348e-12  4.05856e-13  3.05762e-12
1.053013012e+01  3.6290859e-12  3.62909e-12  4.00374e-13  3.22871e-12
1.058278077e+01  3.7970119e-12  3.79701e-12  3.94955e-13  3.40206e-12
1.063569467e+01  4.0882070e-12  4.08821e-12  3.88253e-13  3.69995e-12
1.068887314e+01  4.4062711e-12  4.40627e-12  3.81386e-13  4.02488e-12
1.074231751e+01  4.7300742e-12  4.73007e-12  3.74592e-13  4.35548e-12
1.079602910e+01  5.0592020e-12  5.05920e-12  3.67873e-13  4.69133e-12
1.085000924e+01  5.3932283e-12  5.39323e-12  3.61233e-13  5.03200e-12
1.090425929e+01  5.7325136e-12  5.73251e-12  3.54668e-13  5.37785e-12
1.095878058e+01  6.0770248e-12  6.07702e-12  3.48176e-13  5.72885e-12
1.101357449e+01  6.4348137e-12  6.43481e-12  3.41678e-13  6.09314e-12
1.106864236e+01  6.8218542e-12  6.82185e-12  3.35018e-13  6.48684e-12
1.112398557e+01  7.2143932e-12  7.21439e-12  3.28437e-13  6.88596e-12
1.117960550e+01  7.6127962e-12  7.61280e-12  3.21929e-13  7.29087e-12
1.123550353e+01  8.0166084e-12  8.01661e-12  3.15498e-13  7.70111e-12
1.129168104e+01  8.4257800e-12  8.42578e-12  3.09142e-13  8.11664e-12
1.134813945e+01  8.8406782e-12  8.84068e-12  3.02859e-13  8.53782e-12
1.140488015e+01  9.2612565e-12  9.26126e-12  2.96645e-13  8.96461e-12
1.146190455e+01  9.6870435e-12  9.68704e-12  2.90506e-13  9.39654e-12
1.151921407e+01  1.0050349e-11  1.00503e-11  2.85028e-13  9.76532e-12
1.157681014e+01  1.0281656e-11  1.02817e-11  2.80777e-13  1.00009e-11
1.163469419e+01  1.0515496e-11  1.05155e-11  2.76569e-13  1.02389e-11
1.169286766e+01  1.0751411e-11  1.07514e-11  2.72407e-13  1.04790e-11
1.175133200e+01  1.0989370e-11  1.09894e-11  2.68291e-13  1.07211e-11
1.181008866e+01  1.1229774e-11  1.12298e-11  2.64217e-13  1.09656e-11
1.186913910e+01  1.1471718e-11  1.14717e-11  2.60192e-13  1.12115e-11
1.192848480e+01  1.1716042e-11  1.17160e-11  2.56208e-13  1.14598e-11
1.198812722e+01  1.1962275e-11  1.19623e-11  2.52268e-13  1.17100e-11
1.204806786e+01  1.2210824e-11  1.22108e-11  2.48369e-13  1.19625e-11
1.210830820e+01  1.2460766e-11  1.24608e-11  2.44517e-13  1.22162e-11
1.216884974e+01  1.2712954e-11  1.27130e-11  2.40704e-13  1.24723e-11
1.222969399e+01  1.2966906e-11  1.29669e-11  2.36935e-13  1.27300e-11
1.229084246e+01  1.3222584e-11  1.32226e-11  2.33207e-13  1.29894e-11
1.235229667e+01  1.3480401e-11  1.34804e-11  2.29519e-13  1.32509e-11
1.241405815e+01  1.3739869e-11  1.37399e-11  2.25873e-13  1.35140e-11
1.247612845e+01  1.4000947e-11  1.40009e-11  2.22268e-13  1.37787e-11
1.253850909e+01  1.4120048e-11  1.41200e-11  2.19687e-13  1.39004e-11
1.260120163e+01  1.4148957e-11  1.41490e-11  2.17742e-13  1.39312e-11
1.266420764e+01  1.4176769e-11  1.41768e-11  2.15814e-13  1.39610e-11
1.272752868e+01  1.4203022e-11  1.42030e-11  2.13905e-13  1.39891e-11
1.279116632e+01  1.4228174e-11  1.42282e-11  2.12012e-13  1.40162e-11
1.285512215e+01  1.4252694e-11  1.42527e-11  2.10133e-13  1.40426e-11
1.291939776e+01  1.4275180e-11  1.42752e-11  2.08276e-13  1.40669e-11
1.298399475e+01  1.4297034e-11  1.42970e-11  2.06431e-13  1.40906e-11
1.304891473e+01  1.4204266e-11  1.42043e-11  2.05304e-13  1.39990e-11
1.311415930e+01  1.4071457e-11  1.40715e-11  2.04414e-13  1.38670e-11
1.317973010e+01  1.3936204e-11  1.39362e-11  2.03524e-13  1.37327e-11
1.324562875e+01  1.3797589e-11  1.37976e-11  2.02641e-13  1.35949e-11
1.331185689e+01  1.3656586e-11  1.36566e-11  2.01759e-13  1.34548e-11
1.337841618e+01  1.3512751e-11  1.35128e-11  2.00880e-13  1.33119e-11
1.344530826e+01  1.3366111e-11  1.33661e-11  2.00005e-13  1.31661e-11
1.351253480e+01  1.3217176e-11  1.32172e-11  1.99131e-13  1.30180e-11
1.358009747e+01  1.3065018e-11  1.30650e-11  1.98263e-13  1.28668e-11
1.364799796e+01  1.2910627e-11  1.29106e-11  1.97396e-13  1.27132e-11
1.371623795e+01  1.2753072e-11  1.27531e-11  1.96535e-13  1.25565e-11
1.378481914e+01  1.2593351e-11  1.25934e-11  1.95675e-13  1.23977e-11
1.385374323e+01  1.2431014e-11  1.24310e-11  1.94818e-13  1.22362e-11
1.392301195e+01  1.2266093e-11  1.22661e-11  1.93965e-13  1.20721e-11
1.399262701e+01  1.2098622e-11  1.20986e-11  1.93114e-13  1.19055e-11
1.406259015e+01  1.1823118e-11  1.18231e-11  1.92813e-13  1.16303e-11
1.413290310e+01  1.1532023e-11  1.15320e-11  1.92570e-13  1.13395e-11
1.420356761e+01  1.1237096e-11  1.12371e-11  1.92324e-13  1.10448e-11
1.427458545e+01  1.0938883e-11  1.09389e-11  1.92072e-13  1.07468e-11
1.434595838e+01  1.0637935e-11  1.06379e-11  1.91812e-13  1.04461e-11
1.441768817e+01  1.0332837e-11  1.03328e-11  1.91551e-13  1.01413e-11
1.448977661e+01  1.0025123e-11  1.00251e-11  1.91282e-13  9.83384e-12
1.456222549e+01  9.7138690e-12  9.71387e-12  1.91011e-13  9.52286e-12
1.463503662e+01  9.4001236e-12  9.40012e-12  1.90731e-13  9.20939e-12
1.470821180e+01  9.0824649e-12  9.08246e-12  1.90450e-13  8.89201e-12
1.478175286e+01  8.7624393e-12  8.76244e-12  1.90162e-13  8.57228e-12
1.485566163e+01  8.5006772e-12  8.50068e-12  1.89589e-13  8.31109e-12
1.492993994e+01  8.2566827e-12  8.25668e-12  1.88923e-13  8.06776e-12
1.500458964e+01  8.0166386e-12  8.01664e-12  1.88231e-13  7.82841e-12
1.507961258e+01  7.8752104e-12  7.87521e-12  1.87091e-13  7.68812e-12
1.515501065e+01  7.7320407e-12  7.73204e-12  1.85961e-13  7.54608e-12
1.523078570e+01  7.5876569e-12  7.58766e-12  1.84837e-13  7.40282e-12
1.530693963e+01  7.4420889e-12  7.44209e-12  1.83719e-13  7.25837e-12
1.538347433e+01  7.2948676e-12  7.29487e-12  1.82609e-13  7.11226e-12
1.546039170e+01  7.1460222e-12  7.14602e-12  1.81508e-13  6.96451e-12
1.553769366e+01  6.9965822e-12  6.99658e-12  1.80411e-13  6.81617e-12
1.561538212e+01  6.8450785e-12  6.84508e-12  1.79324e-13  6.66575e-12
1.569345903e+01  6.6925412e-12  6.69254e-12  1.78243e-13  6.51430e-12
1.577192633e+01  6.5385006e-12  6.53850e-12  1.77170e-13  6.36133e-12
1.585078596e+01  6.3834878e-12  6.38349e-12  1.76103e-13  6.20738e-12
1.593003989e+01  6.2275339e-12  6.22753e-12  1.75042e-13  6.05249e-12
1.600969009e+01  6.0701691e-12  6.07017e-12  1.73989e-13  5.89618e-12
1.608973854e+01  5.9114243e-12  5.91142e-12  1.72943e-13  5.73848e-12
1.617018723e+01  5.7513308e-12  5.75133e-12  1.71905e-13  5.57943e-12
1.625103817e+01  5.5909213e-12  5.59092e-12  1.70871e-13  5.42005e-12
1.633229336e+01  5.4287250e-12  5.42872e-12  1.69846e-13  5.25888e-12
1.641395483e+01  5.2782904e-12  5.27829e-12  1.68780e-13  5.10951e-12
1.649602460e+01  5.1876891e-12  5.18769e-12  1.67495e-13  5.02019e-12
1.657850473e+01  5.0968523e-12  5.09685e-12  1.66219e-13  4.93063e-12
1.666139725e+01  5.0052977e-12  5.00530e-12  1.64954e-13  4.84034e-12
1.674470424e+01  4.9130433e-12  4.91304e-12  1.63699e-13  4.74934e-12
1.682842776e+01  4.8196077e-12  4.81961e-12  1.62456e-13  4.65715e-12
1.691256990e+01  4.7265083e-12  4.72651e-12  1.61220e-13  4.56529e-12
1.699713274e+01  4.6322645e-12  4.63226e-12  1.59996e-13  4.47227e-12
1.708211841e+01  4.5373942e-12  4.53739e-12  1.58782e-13  4.37861e-12
1.716752900e+01  4.4419158e-12  4.44192e-12  1.57578e-13  4.28434e-12
1.725336665e+01  4.3328970e-12  4.33290e-12  1.56428e-13  4.17647e-12
1.733963348e+01  4.2153651e-12  4.21537e-12  1.55315e-13  4.06005e-12
1.742633165e+01  4.0968207e-12  4.09682e-12  1.54211e-13  3.94261e-12
1.751346330e+01  3.9782807e-12  3.97828e-12  1.53114e-13  3.82517e-12
1.760103062e+01  3.8587729e-12  3.85877e-12  1.52027e-13  3.70675e-12
1.768903577e+01  3.7388165e-12  3.73882e-12  1.50948e-13  3.58787e-12
1.777748095e+01  3.6184333e-12  3.61843e-12  1.49877e-13  3.46856e-12
1.786636836e+01  3.4976451e-12  3.49765e-12  1.48815e-13  3.34883e-12
1.795570020e+01  3.3759796e-12  3.37598e-12  1.47761e-13  3.22822e-12
1.804547870e+01  3.2771460e-12  3.27715e-12  1.46642e-13  3.13050e-12
1.813570609e+01  3.2000890e-12  3.20009e-12  1.45462e-13  3.05463e-12
1.822638462e+01  3.1225895e-12  3.12259e-12  1.44293e-13  2.97830e-12
1.831751655e+01  3.0451537e-12  3.04515e-12  1.43133e-13  2.90202e-12
1.840910413e+01  2.9673032e-12  2.96730e-12  1.41983e-13  2.82532e-12
1.850114965e+01  2.8895424e-12  2.88954e-12  1.40841e-13  2.74870e-12
1.859365540e+01  2.8529754e-12  2.85298e-12  1.39584e-13  2.71339e-12
1.868662368e+01  2.8159003e-12  2.81590e-12  1.38339e-13  2.67756e-12
1.878005679e+01  2.7788130e-12  2.77881e-12  1.37105e-13  2.64171e-12
1.887395708e+01  2.7417193e-12  2.74172e-12  1.35882e-13  2.60584e-12
1.896832686e+01  2.7046251e-12  2.70463e-12  1.34669e-13  2.56996e-12
1.906316850e+01  2.6670513e-12  2.66705e-12  1.33469e-13  2.53358e-12
1.915848434e+01  2.6294904e-12  2.62949e-12  1.32279e-13  2.49721e-12
1.925427676e+01  2.5914649e-12  2.59146e-12  1.31100e-13  2.46036e-12
1.935054815e+01  2.5539477e-12  2.55395e-12  1.29930e-13  2.42402e-12
1.944730089e+01  2.5159791e-12  2.51598e-12  1.28772e-13  2.38721e-12
1.954453739e+01  2.4775676e-12  2.47757e-12  1.27626e-13  2.34994e-12
1.964226008e+01  2.4392010e-12  2.43920e-12  1.26489e-13  2.31271e-12
1.974047138e+01  2.4008848e-12  2.40088e-12  1.25362e-13  2.27552e-12
1.983917374e+01  2.3626244e-12  2.36262e-12  1.24245e-13  2.23838e-12
1.993836960e+01  2.3239490e-12  2.32395e-12  1.23138e-13  2.20081e-12
2.003806145e+01  2.2682457e-12  2.26825e-12  1.22088e-13  2.14616e-12
2.013825176e+01  2.1837959e-12  2.18380e-12  1.21123e-13  2.06267e-12
2.023894302e+01  2.0996468e-12  2.09965e-12  1.20165e-13  1.97948e-12
2.034013773e+01  2.0153374e-12  2.01534e-12  1.19216e-13  1.89612e-12
2.044183842e+01  1.9313520e-12  1.93135e-12  1.18274e-13  1.81308e-12
2.054404761e+01  1.8467626e-12  1.84676e-12  1.17341e-13  1.72942e-12
2.064676785e+01  1.7625224e-12  1.76252e-12  1.16414e-13  1.64611e-12
2.075000169e+01  1.6781748e-12  1.67817e-12  1.15496e-13  1.56268e-12
2.085375170e+01  1.5937332e-12  1.59373e-12  1.14586e-13  1.47915e-12
2.095802046e+01  1.5092111e-12  1.50921e-12  1.13683e-13  1.39553e-12
2.106281056e+01  1.4246218e-12  1.42462e-12  1.12788e-13  1.31183e-12
2.116812461e+01  1.3399787e-12  1.33998e-12  1.11901e-13  1.22808e-12
2.127396524e+01  1.2557551e-12  1.25576e-12  1.11021e-13  1.14473e-12
2.138033506e+01  1.2086745e-12  1.20867e-12  1.10056e-13  1.09862e-12
2.148723674e+01  1.1741705e-12  1.17417e-12  1.09070e-13  1.06510e-12
2.159467292e+01  1.1398198e-12  1.13982e-12  1.08092e-13  1.03173e-12
2.170264629e+01  1.1051709e-12  1.10517e-12  1.07124e-13  9.98047e-13
2.181115952e+01  1.0706852e-12  1.07069e-12  1.06164e-13  9.64521e-13
2.192021532e+01  1.0359141e-12  1.03591e-12  1.05214e-13  9.30700e-13
2.202981639e+01  1.0013158e-12  1.00132e-12  1.04272e-13  8.97044e-13
2.213996547e+01  9.6689381e-13  9.66894e-13  1.03338e-13  8.63556e-13
2.225066530e+01  9.3265131e-13  9.32651e-13  1.02412e-13  8.30239e-13
2.236191863e+01  8.9814530e-13  8.98145e-13  1.01496e-13  7.96649e-13
2.247372822e+01  8.6382814e-13  8.63828e-13  1.00588e-13  7.63241e-13
2.258609686e+01  8.4965168e-13  8.49652e-13  9.96414e-14  7.50010e-13
2.269902735e+01  8.4172027e-13  8.41720e-13  9.86900e-14  7.43030e-13
2.281252248e+01  8.3424783e-13  8.34248e-13  9.77466e-14  7.36501e-13
2.292658510e+01  8.2635298e-13  8.26353e-13  9.68130e-14  7.29540e-13
2.304121802e+01  8.1847827e-13  8.18478e-13  9.58882e-14  7.22590e-13
2.315642411e+01  8.1106008e-13  8.11060e-13  9.49711e-14  7.16089e-13
2.327220623e+01  8.0322620e-13  8.03226e-13  9.40637e-14  7.09163e-13
2.338856726e+01  7.9541456e-13  7.95415e-13  9.31648e-14  7.02250e-13
2.350551010e+01  7.8762582e-13  7.87626e-13  9.22743e-14  6.95352e-13
2.362303765e+01  7.7986066e-13  7.79861e-13  9.13922e-14  6.88468e-13
2.374115284e+01  7.7211972e-13  7.72120e-13  9.05184e-14  6.81601e-13
2.385985860e+01  7.6440366e-13  7.64404e-13  8.96529e-14  6.74751e-13
2.397915789e+01  7.5671309e-13  7.56713e-13  8.87955e-14  6.67918e-13
2.409905368e+01  7.4904863e-13  7.49049e-13  8.79462e-14  6.61102e-13
2.421954895e+01  7.4141089e-13  7.41411e-13  8.71049e-14  6.54306e-13
2.434064670e+01  7.3380046e-13  7.33800e-13  8.62716e-14  6.47529e-13
2.446234993e+01  7.2579997e-13  7.25800e-13  8.54469e-14  6.40353e-13
2.458466168e+01  7.1824755e-13  7.18248e-13  8.46292e-14  6.33618e-13
2.470758499e+01  7.1030955e-13  7.10310e-13  8.38201e-14  6.26489e-13
2.483112291e+01  7.0281738e-13  7.02817e-13  8.30177e-14  6.19800e-13
2.495527853e+01  6.9494409e-13  6.94944e-13  8.22237e-14  6.12720e-13
