# ------------------------------------------------------------------------
# Radiance spectrum
# NASA-GSFC Planetary Spectrum Generator (PSG) (Villanueva et al. 2018, 2022)
# Synthesized on Tue Dec 19 09:03:05 2023
# Doppler velocities [km/s] (vobs,vrot+vorb,vwidth,vrfl,vstr): 0.00000,-0.00000,0.00000,-119.41115,-0.00000
# Spectral unit: Wavelength [um]
# Radiance unit: Spectral irradiance [W/m2/um]
# Wave/freq Total Object Reflected Thermal
5.000000000e-01  3.7677098e-12  3.76771e-12  3.76771e-12  1.10624e-47
5.025000000e-01  3.8055305e-12  3.80553e-12  3.80553e-12  1.76478e-47
5.050125000e-01  3.8432705e-12  3.84327e-12  3.84327e-12  2.80862e-47
5.075375625e-01  3.8809225e-12  3.88092e-12  3.88092e-12  4.45921e-47
5.100752503e-01  3.9184791e-12  3.91848e-12  3.91848e-12  7.06305e-47
5.126256266e-01  3.9559331e-12  3.95593e-12  3.95593e-12  1.11609e-46
5.151887547e-01  3.9932773e-12  3.99328e-12  3.99328e-12  1.75950e-46
5.177646985e-01  4.0305045e-12  4.03050e-12  4.03050e-12  2.76732e-46
5.203535220e-01  4.0676074e-12  4.06761e-12  4.06761e-12  4.34231e-46
5.229552896e-01  4.1045790e-12  4.10458e-12  4.10458e-12  6.79791e-46
5.255700660e-01  4.1414122e-12  4.14141e-12  4.14141e-12  1.06177e-45
5.281979164e-01  4.1780999e-12  4.17810e-12  4.17810e-12  1.65458e-45
5.308389059e-01  4.2146351e-12  4.21464e-12  4.21464e-12  2.57250e-45
5.334931005e-01  4.2510108e-12  4.25101e-12  4.25101e-12  3.99059e-45
5.361605660e-01  4.2872203e-12  4.28722e-12  4.28722e-12  6.17644e-45
5.388413688e-01  4.3232566e-12  4.32326e-12  4.32326e-12  9.53812e-45
5.415355756e-01  4.3591129e-12  4.35911e-12  4.35911e-12  1.46966e-44
5.442432535e-01  4.3947825e-12  4.39478e-12  4.39478e-12  2.25945e-44
5.469644698e-01  4.4302588e-12  4.43026e-12  4.43026e-12  3.46600e-44
5.496992921e-01  4.4655351e-12  4.46554e-12  4.46554e-12  5.30514e-44
5.524477886e-01  4.5006049e-12  4.50060e-12  4.50060e-12  8.10239e-44
5.552100275e-01  4.5354617e-12  4.53546e-12  4.53546e-12  1.23476e-43
5.579860777e-01  4.5700991e-12  4.57010e-12  4.57010e-12  1.87763e-43
5.607760081e-01  4.6045109e-12  4.60451e-12  4.60451e-12  2.84903e-43
5.635798881e-01  4.6386907e-12  4.63869e-12  4.63869e-12  4.31373e-43
5.663977875e-01  4.6726325e-12  4.67263e-12  4.67263e-12  6.51747e-43
5.692297765e-01  4.7063300e-12  4.70633e-12  4.70633e-12  9.82612e-43
5.720759254e-01  4.7397772e-12  4.73978e-12  4.73978e-12  1.47831e-42
5.749363050e-01  4.7729684e-12  4.77297e-12  4.77297e-12  2.21939e-42
5.778109865e-01  4.8058975e-12  4.80590e-12  4.80590e-12  3.32500e-42
5.807000414e-01  4.8385589e-12  4.83856e-12  4.83856e-12  4.97100e-42
5.836035417e-01  4.8709469e-12  4.87095e-12  4.87095e-12  7.41643e-42
5.865215594e-01  4.9030559e-12  4.90306e-12  4.90306e-12  1.10420e-41
5.894541672e-01  4.9348804e-12  4.93488e-12  4.93488e-12  1.64063e-41
5.924014380e-01  4.9664151e-12  4.96642e-12  4.96642e-12  2.43268e-41
5.953634452e-01  4.9976545e-12  4.99765e-12  4.99765e-12  3.59978e-41
5.983402624e-01  5.0285936e-12  5.02859e-12  5.02859e-12  5.31604e-41
6.013319637e-01  5.0592272e-12  5.05923e-12  5.05923e-12  7.83475e-41
6.043386235e-01  5.0895503e-12  5.08955e-12  5.08955e-12  1.15237e-40
6.073603167e-01  5.1195580e-12  5.11956e-12  5.11956e-12  1.69158e-40
6.103971182e-01  5.1492455e-12  5.14925e-12  5.14925e-12  2.47817e-40
6.134491038e-01  5.1786080e-12  5.17861e-12  5.17861e-12  3.62337e-40
6.165163494e-01  5.2076411e-12  5.20764e-12  5.20764e-12  5.28739e-40
6.195989311e-01  5.2363402e-12  5.23634e-12  5.23634e-12  7.70054e-40
6.226969258e-01  5.2647008e-12  5.26470e-12  5.26470e-12  1.11932e-39
6.258104104e-01  5.2927188e-12  5.29272e-12  5.29272e-12  1.62387e-39
6.289394624e-01  5.3203899e-12  5.32039e-12  5.32039e-12  2.35130e-39
6.320841597e-01  5.3477101e-12  5.34771e-12  5.34771e-12  3.39809e-39
6.352445805e-01  5.3746754e-12  5.37468e-12  5.37468e-12  4.90154e-39
6.384208035e-01  5.4012819e-12  5.40128e-12  5.40128e-12  7.05678e-39
6.416129075e-01  5.4275260e-12  5.42753e-12  5.42753e-12  1.01405e-38
6.448209720e-01  5.4534038e-12  5.45340e-12  5.45340e-12  1.45445e-38
6.480450769e-01  5.4789121e-12  5.47891e-12  5.47891e-12  2.08222e-38
6.512853022e-01  5.5040473e-12  5.50405e-12  5.50405e-12  2.97541e-38
6.545417288e-01  5.5288061e-12  5.52881e-12  5.52881e-12  4.24387e-38
6.578144374e-01  5.5531853e-12  5.55319e-12  5.55319e-12  6.04198e-38
6.611035096e-01  5.5771819e-12  5.57718e-12  5.57718e-12  8.58618e-38
6.644090271e-01  5.6007929e-12  5.60079e-12  5.60079e-12  1.21795e-37
6.677310723e-01  5.6240154e-12  5.62402e-12  5.62402e-12  1.72453e-37
6.710697276e-01  5.6468467e-12  5.64685e-12  5.64685e-12  2.43741e-37
6.744250763e-01  5.6692841e-12  5.66928e-12  5.66928e-12  3.43879e-37
6.777972017e-01  5.6913252e-12  5.69133e-12  5.69133e-12  4.84292e-37
6.811861877e-01  5.7129675e-12  5.71297e-12  5.71297e-12  6.80828e-37
6.845921186e-01  5.7342088e-12  5.73421e-12  5.73421e-12  9.55430e-37
6.880150792e-01  5.7550467e-12  5.75505e-12  5.75505e-12  1.33843e-36
6.914551546e-01  5.7754794e-12  5.77548e-12  5.77548e-12  1.87168e-36
6.949124304e-01  5.7955048e-12  5.79550e-12  5.79550e-12  2.61283e-36
6.983869925e-01  5.8151210e-12  5.81512e-12  5.81512e-12  3.64114e-36
7.018789275e-01  5.8343263e-12  5.83433e-12  5.83433e-12  5.06541e-36
7.053883221e-01  5.8531191e-12  5.85312e-12  5.85312e-12  7.03470e-36
7.089152637e-01  5.8714978e-12  5.87150e-12  5.87150e-12  9.75292e-36
7.124598400e-01  5.8894611e-12  5.88946e-12  5.88946e-12  1.34985e-35
7.160221392e-01  5.9070077e-12  5.90701e-12  5.90701e-12  1.86510e-35
7.196022499e-01  5.9241362e-12  5.92414e-12  5.92414e-12  2.57269e-35
7.232002612e-01  5.9408457e-12  5.94085e-12  5.94085e-12  3.54279e-35
7.268162625e-01  5.9571351e-12  5.95714e-12  5.95714e-12  4.87058e-35
7.304503438e-01  5.9730037e-12  5.97300e-12  5.97300e-12  6.68490e-35
7.341025955e-01  5.9884505e-12  5.98845e-12  5.98845e-12  9.15995e-35
7.377731085e-01  6.0034749e-12  6.00347e-12  6.00347e-12  1.25308e-34
7.414619740e-01  6.0180765e-12  6.01808e-12  6.01808e-12  1.71141e-34
7.451692839e-01  6.0322546e-12  6.03225e-12  6.03225e-12  2.33359e-34
7.488951303e-01  6.0460089e-12  6.04601e-12  6.04601e-12  3.17681e-34
7.526396060e-01  6.0593392e-12  6.05934e-12  6.05934e-12  4.31777e-34
7.564028040e-01  6.0722453e-12  6.07225e-12  6.07225e-12  5.85913e-34
7.601848180e-01  6.0847271e-12  6.08473e-12  6.08473e-12  7.93807e-34
7.639857421e-01  6.0967847e-12  6.09678e-12  6.09678e-12  1.07376e-33
7.678056708e-01  6.1084182e-12  6.10842e-12  6.10842e-12  1.45016e-33
7.716446992e-01  6.1196278e-12  6.11963e-12  6.11963e-12  1.95543e-33
7.755029227e-01  6.1304138e-12  6.13041e-12  6.13041e-12  2.63263e-33
7.793804373e-01  6.1407767e-12  6.14078e-12  6.14078e-12  3.53886e-33
7.832773395e-01  6.1507169e-12  6.15072e-12  6.15072e-12  4.74969e-33
7.871937262e-01  6.1602351e-12  6.16024e-12  6.16024e-12  6.36501e-33
7.911296948e-01  6.1693319e-12  6.16933e-12  6.16933e-12  8.51663e-33
7.950853433e-01  6.1780081e-12  6.17801e-12  6.17801e-12  1.13782e-32
7.990607700e-01  6.1862645e-12  6.18626e-12  6.18626e-12  1.51783e-32
8.030560739e-01  6.1941022e-12  6.19410e-12  6.19410e-12  2.02171e-32
8.070713542e-01  6.2015221e-12  6.20152e-12  6.20152e-12  2.68881e-32
8.111067110e-01  6.2085253e-12  6.20853e-12  6.20853e-12  3.57071e-32
8.151622446e-01  6.2151130e-12  6.21511e-12  6.21511e-12  4.73482e-32
8.192380558e-01  6.2212866e-12  6.22129e-12  6.22129e-12  6.26917e-32
8.233342461e-01  6.2270474e-12  6.22705e-12  6.22705e-12  8.28853e-32
8.274509173e-01  6.2323967e-12  6.23240e-12  6.23240e-12  1.09423e-31
8.315881719e-01  6.2373362e-12  6.23734e-12  6.23734e-12  1.44248e-31
8.357461127e-01  6.2418674e-12  6.24187e-12  6.24187e-12  1.89880e-31
8.399248433e-01  6.2459919e-12  6.24599e-12  6.24599e-12  2.49588e-31
8.441244675e-01  6.2497115e-12  6.24971e-12  6.24971e-12  3.27601e-31
8.483450899e-01  6.2530281e-12  6.25303e-12  6.25303e-12  4.29384e-31
8.525868153e-01  6.2559434e-12  6.25594e-12  6.25594e-12  5.61992e-31
8.568497494e-01  6.2584594e-12  6.25846e-12  6.25846e-12  7.34514e-31
8.611339981e-01  6.2605781e-12  6.26058e-12  6.26058e-12  9.58649e-31
8.654396681e-01  6.2623017e-12  6.26230e-12  6.26230e-12  1.24943e-30
8.697668665e-01  6.2636321e-12  6.26363e-12  6.26363e-12  1.62614e-30
8.741157008e-01  6.2645718e-12  6.26457e-12  6.26457e-12  2.11351e-30
8.784862793e-01  6.2651228e-12  6.26512e-12  6.26512e-12  2.74315e-30
8.828787107e-01  6.2652875e-12  6.26529e-12  6.26529e-12  3.55550e-30
8.872931042e-01  6.2650684e-12  6.26507e-12  6.26507e-12  4.60213e-30
8.917295698e-01  6.2644678e-12  6.26447e-12  6.26447e-12  5.94877e-30
8.961882176e-01  6.2634882e-12  6.26349e-12  6.26349e-12  7.67907e-30
9.006691587e-01  6.2621322e-12  6.26213e-12  6.26213e-12  9.89933e-30
9.051725045e-01  6.2604025e-12  6.26040e-12  6.26040e-12  1.27445e-29
9.096983670e-01  6.2583015e-12  6.25830e-12  6.25830e-12  1.63855e-29
9.142468589e-01  6.2558321e-12  6.25583e-12  6.25583e-12  2.10389e-29
9.188180931e-01  6.2529970e-12  6.25300e-12  6.25300e-12  2.69782e-29
9.234121836e-01  6.2497990e-12  6.24980e-12  6.24980e-12  3.45489e-29
9.280292445e-01  6.2462409e-12  6.24624e-12  6.24624e-12  4.41863e-29
9.326693908e-01  6.2423257e-12  6.24233e-12  6.24233e-12  5.64388e-29
9.373327377e-01  6.2380562e-12  6.23806e-12  6.23806e-12  7.19958e-29
9.420194014e-01  6.2334354e-12  6.23344e-12  6.23344e-12  9.17229e-29
9.467294984e-01  6.2284664e-12  6.22847e-12  6.22847e-12  1.16706e-28
9.514631459e-01  6.2231522e-12  6.22315e-12  6.22315e-12  1.48305e-28
9.562204616e-01  6.2174958e-12  6.21750e-12  6.21750e-12  1.88220e-28
9.610015639e-01  6.2115004e-12  6.21150e-12  6.21150e-12  2.38579e-28
9.658065718e-01  6.2051692e-12  6.20517e-12  6.20517e-12  3.02031e-28
9.706356046e-01  6.1985054e-12  6.19851e-12  6.19851e-12  3.81883e-28
9.754887826e-01  6.1915121e-12  6.19151e-12  6.19151e-12  4.82247e-28
9.803662265e-01  6.1841927e-12  6.18419e-12  6.18419e-12  6.08236e-28
9.852680577e-01  6.1765503e-12  6.17655e-12  6.17655e-12  7.66198e-28
9.901943980e-01  6.1685884e-12  6.16859e-12  6.16859e-12  9.64003e-28
9.951453700e-01  6.1603103e-12  6.16031e-12  6.16031e-12  1.21140e-27
1.000121097e+00  6.1517193e-12  6.15172e-12  6.15172e-12  1.52045e-27
1.005121702e+00  6.1428188e-12  6.14282e-12  6.14282e-12  1.90603e-27
1.010147311e+00  6.1336122e-12  6.13361e-12  6.13361e-12  2.38655e-27
1.015198047e+00  6.1241030e-12  6.12410e-12  6.12410e-12  2.98463e-27
1.020274038e+00  6.1142946e-12  6.11429e-12  6.11429e-12  3.72818e-27
1.025375408e+00  6.1041904e-12  6.10419e-12  6.10419e-12  4.65146e-27
1.030502285e+00  6.0937941e-12  6.09379e-12  6.09379e-12  5.79658e-27
1.035654796e+00  6.0831090e-12  6.08311e-12  6.08311e-12  7.21516e-27
1.040833070e+00  6.0721387e-12  6.07214e-12  6.07214e-12  8.97047e-27
1.046037236e+00  6.0608868e-12  6.06089e-12  6.06089e-12  1.11399e-26
1.051267422e+00  6.0493568e-12  6.04936e-12  6.04936e-12  1.38181e-26
1.056523759e+00  6.0375522e-12  6.03755e-12  6.03755e-12  1.71205e-26
1.061806378e+00  6.0254766e-12  6.02548e-12  6.02548e-12  2.11879e-26
1.067115410e+00  6.0131337e-12  6.01313e-12  6.01313e-12  2.61919e-26
1.072450987e+00  6.0005269e-12  6.00053e-12  6.00053e-12  3.23413e-26
1.077813242e+00  5.9876600e-12  5.98766e-12  5.98766e-12  3.98895e-26
1.083202308e+00  5.9745364e-12  5.97454e-12  5.97454e-12  4.91444e-26
1.088618319e+00  5.9611599e-12  5.96116e-12  5.96116e-12  6.04793e-26
1.094061411e+00  5.9475341e-12  5.94753e-12  5.94753e-12  7.43462e-26
1.099531718e+00  5.9336625e-12  5.93366e-12  5.93366e-12  9.12920e-26
1.105029377e+00  5.9195488e-12  5.91955e-12  5.91955e-12  1.11977e-25
1.110554523e+00  5.9051966e-12  5.90520e-12  5.90520e-12  1.37200e-25
1.116107296e+00  5.8906095e-12  5.89061e-12  5.89061e-12  1.67922e-25
1.121687832e+00  5.8757913e-12  5.87579e-12  5.87579e-12  2.05301e-25
1.127296272e+00  5.8607454e-12  5.86075e-12  5.86075e-12  2.50731e-25
1.132932753e+00  5.8454755e-12  5.84548e-12  5.84548e-12  3.05887e-25
1.138597417e+00  5.8299854e-12  5.82999e-12  5.82999e-12  3.72779e-25
1.144290404e+00  5.8142784e-12  5.81428e-12  5.81428e-12  4.53820e-25
1.150011856e+00  5.7983584e-12  5.79836e-12  5.79836e-12  5.51896e-25
1.155761915e+00  5.7822288e-12  5.78223e-12  5.78223e-12  6.70465e-25
1.161540725e+00  5.7658934e-12  5.76589e-12  5.76589e-12  8.13659e-25
1.167348428e+00  5.7493556e-12  5.74936e-12  5.74936e-12  9.86411e-25
1.173185171e+00  5.7326191e-12  5.73262e-12  5.73262e-12  1.19461e-24
1.179051096e+00  5.7156875e-12  5.71569e-12  5.71569e-12  1.44526e-24
1.184946352e+00  5.6985643e-12  5.69856e-12  5.69856e-12  1.74672e-24
1.190871084e+00  5.6812531e-12  5.68125e-12  5.68125e-12  2.10891e-24
1.196825439e+00  5.6637574e-12  5.66376e-12  5.66376e-12  2.54364e-24
1.202809566e+00  5.6460808e-12  5.64608e-12  5.64608e-12  3.06488e-24
1.208823614e+00  5.6282269e-12  5.62823e-12  5.62823e-12  3.68925e-24
1.214867732e+00  5.6101990e-12  5.61020e-12  5.61020e-12  4.43638e-24
1.220942071e+00  5.5920008e-12  5.59200e-12  5.59200e-12  5.32952e-24
1.227046781e+00  5.5736357e-12  5.57364e-12  5.57364e-12  6.39617e-24
1.233182015e+00  5.5551072e-12  5.55511e-12  5.55511e-12  7.66875e-24
1.239347925e+00  5.5364187e-12  5.53642e-12  5.53642e-12  9.18554e-24
1.245544665e+00  5.5175737e-12  5.51757e-12  5.51757e-12  1.09917e-23
1.251772388e+00  5.4985756e-12  5.49858e-12  5.49858e-12  1.31402e-23
1.258031250e+00  5.4794279e-12  5.47943e-12  5.47943e-12  1.56935e-23
1.264321406e+00  5.4601338e-12  5.46013e-12  5.46013e-12  1.87251e-23
1.270643013e+00  5.4406968e-12  5.44070e-12  5.44070e-12  2.23211e-23
1.276996228e+00  5.4211203e-12  5.42112e-12  5.42112e-12  2.65823e-23
1.283381209e+00  5.4014076e-12  5.40141e-12  5.40141e-12  3.16272e-23
1.289798116e+00  5.3815619e-12  5.38156e-12  5.38156e-12  3.75942e-23
1.296247106e+00  5.3615866e-12  5.36159e-12  5.36159e-12  4.46453e-23
1.302728342e+00  5.3414850e-12  5.34149e-12  5.34149e-12  5.29696e-23
1.309241983e+00  5.3212604e-12  5.32126e-12  5.32126e-12  6.27879e-23
1.315788193e+00  5.3009158e-12  5.30092e-12  5.30092e-12  7.43576e-23
1.322367134e+00  5.2804547e-12  5.28045e-12  5.28045e-12  8.79786e-23
1.328978970e+00  5.2598801e-12  5.25988e-12  5.25988e-12  1.04000e-22
1.335623865e+00  5.2391952e-12  5.23920e-12  5.23920e-12  1.22827e-22
1.342301984e+00  5.2184033e-12  5.21840e-12  5.21840e-12  1.44932e-22
1.349013494e+00  5.1975073e-12  5.19751e-12  5.19751e-12  1.70862e-22
1.355758561e+00  5.1765104e-12  5.17651e-12  5.17651e-12  2.01251e-22
1.362537354e+00  5.1554157e-12  5.15542e-12  5.15542e-12  2.36834e-22
1.369350041e+00  5.1342262e-12  5.13423e-12  5.13423e-12  2.78463e-22
1.376196791e+00  5.1129450e-12  5.11294e-12  5.11294e-12  3.27120e-22
1.383077775e+00  5.0915750e-12  5.09158e-12  5.09158e-12  3.83943e-22
1.389993164e+00  5.0701193e-12  5.07012e-12  5.07012e-12  4.50244e-22
1.396943130e+00  5.0485807e-12  5.04858e-12  5.04858e-12  5.27537e-22
1.403927846e+00  5.0269623e-12  5.02696e-12  5.02696e-12  6.17566e-22
1.410947485e+00  5.0052669e-12  5.00527e-12  5.00527e-12  7.22338e-22
1.418002222e+00  4.9834974e-12  4.98350e-12  4.98350e-12  8.44165e-22
1.425092233e+00  4.9616566e-12  4.96166e-12  4.96166e-12  9.85700e-22
1.432217694e+00  4.9397474e-12  4.93975e-12  4.93975e-12  1.14999e-21
1.439378783e+00  4.9177726e-12  4.91777e-12  4.91777e-12  1.34054e-21
1.446575677e+00  4.8957349e-12  4.89573e-12  4.89573e-12  1.56135e-21
1.453808555e+00  4.8736370e-12  4.87364e-12  4.87364e-12  1.81702e-21
1.461077598e+00  4.8514818e-12  4.85148e-12  4.85148e-12  2.11281e-21
1.468382986e+00  4.8292719e-12  4.82927e-12  4.82927e-12  2.45472e-21
1.475724901e+00  4.8070099e-12  4.80701e-12  4.80701e-12  2.84961e-21
1.483103525e+00  4.7846985e-12  4.78470e-12  4.78470e-12  3.30534e-21
1.490519043e+00  4.7623403e-12  4.76234e-12  4.76234e-12  3.83083e-21
1.497971638e+00  4.7399378e-12  4.73994e-12  4.73994e-12  4.43629e-21
1.505461496e+00  4.7174937e-12  4.71749e-12  4.71749e-12  5.13330e-21
1.512988804e+00  4.6950105e-12  4.69501e-12  4.69501e-12  5.93507e-21
1.520553748e+00  4.6724906e-12  4.67249e-12  4.67249e-12  6.85660e-21
1.528156517e+00  4.6499365e-12  4.64994e-12  4.64994e-12  7.91495e-21
1.535797299e+00  4.6273507e-12  4.62735e-12  4.62735e-12  9.12945e-21
1.543476286e+00  4.6047355e-12  4.60474e-12  4.60474e-12  1.05221e-20
1.551193667e+00  4.5820934e-12  4.58209e-12  4.58209e-12  1.21176e-20
1.558949636e+00  4.5594267e-12  4.55943e-12  4.55943e-12  1.39443e-20
1.566744384e+00  4.5367378e-12  4.53674e-12  4.53674e-12  1.60339e-20
1.574578106e+00  4.5140289e-12  4.51403e-12  4.51403e-12  1.84226e-20
1.582450996e+00  4.4913023e-12  4.49130e-12  4.49130e-12  2.11508e-20
1.590363251e+00  4.4685603e-12  4.46856e-12  4.46856e-12  2.42646e-20
1.598315067e+00  4.4458051e-12  4.44581e-12  4.44581e-12  2.78158e-20
1.606306643e+00  4.4230389e-12  4.42304e-12  4.42304e-12  3.18626e-20
1.614338176e+00  4.4002637e-12  4.40026e-12  4.40026e-12  3.64708e-20
1.622409867e+00  4.3774819e-12  4.37748e-12  4.37748e-12  4.17143e-20
1.630521916e+00  4.3546954e-12  4.35470e-12  4.35470e-12  4.76763e-20
1.638674526e+00  4.3319064e-12  4.33191e-12  4.33191e-12  5.44502e-20
1.646867898e+00  4.3091168e-12  4.30912e-12  4.30912e-12  6.21407e-20
1.655102238e+00  4.2863288e-12  4.28633e-12  4.28633e-12  7.08656e-20
1.663377749e+00  4.2635443e-12  4.26354e-12  4.26354e-12  8.07567e-20
1.671694638e+00  4.2407652e-12  4.24077e-12  4.24077e-12  9.19617e-20
1.680053111e+00  4.2179936e-12  4.21799e-12  4.21799e-12  1.04646e-19
1.688453377e+00  4.1952313e-12  4.19523e-12  4.19523e-12  1.18994e-19
1.696895643e+00  4.1724802e-12  4.17248e-12  4.17248e-12  1.35214e-19
1.705380122e+00  4.1497421e-12  4.14974e-12  4.14974e-12  1.53534e-19
1.713907022e+00  4.1270190e-12  4.12702e-12  4.12702e-12  1.74215e-19
1.722476557e+00  4.1043125e-12  4.10431e-12  4.10431e-12  1.97541e-19
1.731088940e+00  4.0816245e-12  4.08162e-12  4.08162e-12  2.23834e-19
1.739744385e+00  4.0589568e-12  4.05896e-12  4.05896e-12  2.53451e-19
1.748443107e+00  4.0363109e-12  4.03631e-12  4.03631e-12  2.86788e-19
1.757185322e+00  4.0136887e-12  4.01369e-12  4.01369e-12  3.24285e-19
1.765971249e+00  3.9910918e-12  3.99109e-12  3.99109e-12  3.66435e-19
1.774801105e+00  3.9685218e-12  3.96852e-12  3.96852e-12  4.13780e-19
1.783675111e+00  3.9459803e-12  3.94598e-12  3.94598e-12  4.66925e-19
1.792593486e+00  3.9234690e-12  3.92347e-12  3.92347e-12  5.26540e-19
1.801556454e+00  3.9009894e-12  3.90099e-12  3.90099e-12  5.93368e-19
1.810564236e+00  3.8785431e-12  3.87854e-12  3.87854e-12  6.68230e-19
1.819617057e+00  3.8561315e-12  3.85613e-12  3.85613e-12  7.52036e-19
1.828715142e+00  3.8337561e-12  3.83376e-12  3.83376e-12  8.45793e-19
1.837858718e+00  3.8114184e-12  3.81142e-12  3.81142e-12  9.50612e-19
1.847048012e+00  3.7891199e-12  3.78912e-12  3.78912e-12  1.06772e-18
1.856283252e+00  3.7668618e-12  3.76686e-12  3.76686e-12  1.19847e-18
1.865564668e+00  3.7446457e-12  3.74465e-12  3.74464e-12  1.34437e-18
1.874892491e+00  3.7224729e-12  3.72247e-12  3.72247e-12  1.50705e-18
1.884266954e+00  3.7003447e-12  3.70034e-12  3.70034e-12  1.68832e-18
1.893688289e+00  3.6782625e-12  3.67826e-12  3.67826e-12  1.89020e-18
1.903156730e+00  3.6562274e-12  3.65623e-12  3.65623e-12  2.11487e-18
1.912672514e+00  3.6342409e-12  3.63424e-12  3.63424e-12  2.36474e-18
1.922235876e+00  3.6123040e-12  3.61230e-12  3.61230e-12  2.64247e-18
1.931847056e+00  3.5904181e-12  3.59042e-12  3.59042e-12  2.95097e-18
1.941506291e+00  3.5685843e-12  3.56858e-12  3.56858e-12  3.29343e-18
1.951213822e+00  3.5468039e-12  3.54680e-12  3.54680e-12  3.67335e-18
1.960969892e+00  3.5250778e-12  3.52508e-12  3.52507e-12  4.09456e-18
1.970774741e+00  3.5034074e-12  3.50341e-12  3.50340e-12  4.56128e-18
1.980628615e+00  3.4817936e-12  3.48179e-12  3.48179e-12  5.07808e-18
1.990531758e+00  3.4602375e-12  3.46024e-12  3.46023e-12  5.65000e-18
2.000484417e+00  3.4387403e-12  3.43874e-12  3.43873e-12  6.28253e-18
2.010486839e+00  3.4173029e-12  3.41730e-12  3.41730e-12  6.98167e-18
2.020539273e+00  3.3959264e-12  3.39593e-12  3.39592e-12  7.75396e-18
2.030641969e+00  3.3746117e-12  3.37461e-12  3.37460e-12  8.60654e-18
2.040795179e+00  3.3533598e-12  3.35336e-12  3.35335e-12  9.54720e-18
2.050999155e+00  3.3321718e-12  3.33217e-12  3.33216e-12  1.05844e-17
2.061254151e+00  3.3110484e-12  3.31105e-12  3.31104e-12  1.17274e-17
2.071560421e+00  3.2899906e-12  3.28999e-12  3.28998e-12  1.29863e-17
2.081918224e+00  3.2689994e-12  3.26900e-12  3.26899e-12  1.43719e-17
2.092327815e+00  3.2480755e-12  3.24808e-12  3.24806e-12  1.58962e-17
2.102789454e+00  3.2272199e-12  3.22722e-12  3.22720e-12  1.75720e-17
2.113303401e+00  3.2064333e-12  3.20643e-12  3.20641e-12  1.94133e-17
2.123869918e+00  3.1857166e-12  3.18572e-12  3.18570e-12  2.14353e-17
2.134489268e+00  3.1650706e-12  3.16507e-12  3.16505e-12  2.36546e-17
2.145161714e+00  3.1444960e-12  3.14450e-12  3.14447e-12  2.60888e-17
2.155887523e+00  3.1239936e-12  3.12399e-12  3.12396e-12  2.87575e-17
2.166666960e+00  3.1035641e-12  3.10356e-12  3.10353e-12  3.16813e-17
2.177500295e+00  3.0832084e-12  3.08321e-12  3.08317e-12  3.48831e-17
2.188387796e+00  3.0629270e-12  3.06293e-12  3.06289e-12  3.83872e-17
2.199329735e+00  3.0427206e-12  3.04272e-12  3.04268e-12  4.22200e-17
2.210326384e+00  3.0225901e-12  3.02259e-12  3.02254e-12  4.64100e-17
2.221378016e+00  3.0025359e-12  3.00254e-12  3.00248e-12  5.09881e-17
2.232484906e+00  2.9825587e-12  2.98256e-12  2.98250e-12  5.59874e-17
2.243647331e+00  2.9626592e-12  2.96266e-12  2.96260e-12  6.14437e-17
2.254865567e+00  2.9428380e-12  2.94284e-12  2.94277e-12  6.73956e-17
2.266139895e+00  2.9230957e-12  2.92310e-12  2.92302e-12  7.38845e-17
2.277470595e+00  2.9034328e-12  2.90343e-12  2.90335e-12  8.09551e-17
2.288857948e+00  2.8838500e-12  2.88385e-12  2.88376e-12  8.86554e-17
2.300302237e+00  2.8643477e-12  2.86435e-12  2.86425e-12  9.70370e-17
2.311803748e+00  2.8449266e-12  2.84493e-12  2.84482e-12  1.06155e-16
2.323362767e+00  2.8255872e-12  2.82559e-12  2.82547e-12  1.16070e-16
2.334979581e+00  2.8063299e-12  2.80633e-12  2.80620e-12  1.26845e-16
2.346654479e+00  2.7871554e-12  2.78716e-12  2.78702e-12  1.38549e-16
2.358387751e+00  2.7680640e-12  2.76806e-12  2.76791e-12  1.51255e-16
2.370179690e+00  2.7490563e-12  2.74906e-12  2.74889e-12  1.65042e-16
2.382030589e+00  2.7301328e-12  2.73013e-12  2.72995e-12  1.79993e-16
2.393940742e+00  2.7112939e-12  2.71129e-12  2.71110e-12  1.96201e-16
2.405910445e+00  2.6925401e-12  2.69254e-12  2.69233e-12  2.13759e-16
2.417939997e+00  2.6738718e-12  2.67387e-12  2.67364e-12  2.32773e-16
2.430029697e+00  2.6552895e-12  2.65529e-12  2.65504e-12  2.53352e-16
2.442179846e+00  2.6367937e-12  2.63679e-12  2.63652e-12  2.75613e-16
2.454390745e+00  2.6183847e-12  2.61838e-12  2.61808e-12  2.99682e-16
2.466662699e+00  2.6000629e-12  2.60006e-12  2.59974e-12  3.25693e-16
2.478996012e+00  2.5818289e-12  2.58183e-12  2.58148e-12  3.53790e-16
2.491390992e+00  2.5636830e-12  2.56368e-12  2.56330e-12  3.84123e-16
2.503847947e+00  2.5456257e-12  2.54563e-12  2.54521e-12  4.16855e-16
2.516367187e+00  2.5276573e-12  2.52766e-12  2.52721e-12  4.52158e-16
2.528949023e+00  2.5097782e-12  2.50978e-12  2.50929e-12  4.90217e-16
2.541593768e+00  2.4919889e-12  2.49199e-12  2.49146e-12  5.31226e-16
2.554301737e+00  2.4742898e-12  2.47429e-12  2.47371e-12  5.75392e-16
2.567073246e+00  2.4566812e-12  2.45668e-12  2.45606e-12  6.22937e-16
2.579908612e+00  2.4391637e-12  2.43916e-12  2.43849e-12  6.74094e-16
2.592808155e+00  2.4217375e-12  2.42174e-12  2.42101e-12  7.29111e-16
2.605772196e+00  2.4044032e-12  2.40440e-12  2.40361e-12  7.88252e-16
2.618801057e+00  2.3871611e-12  2.38716e-12  2.38631e-12  8.51796e-16
2.631895062e+00  2.3700116e-12  2.37001e-12  2.36909e-12  9.20039e-16
2.645054537e+00  2.3529553e-12  2.35296e-12  2.35196e-12  9.93295e-16
2.658279810e+00  2.3359924e-12  2.33599e-12  2.33492e-12  1.07190e-15
2.671571209e+00  2.3191235e-12  2.31912e-12  2.31797e-12  1.15619e-15
2.684929065e+00  2.3023491e-12  2.30235e-12  2.30110e-12  1.24655e-15
2.698353710e+00  2.2856696e-12  2.28567e-12  2.28433e-12  1.34338e-15
2.711845479e+00  2.2690854e-12  2.26909e-12  2.26764e-12  1.44707e-15
2.725404706e+00  2.2525971e-12  2.25260e-12  2.25104e-12  1.55808e-15
2.739031730e+00  2.2362051e-12  2.23621e-12  2.23453e-12  1.67686e-15
2.752726889e+00  2.2199100e-12  2.21991e-12  2.21811e-12  1.80390e-15
2.766490523e+00  2.2037124e-12  2.20371e-12  2.20177e-12  1.93972e-15
2.780322976e+00  2.1876127e-12  2.18761e-12  2.18553e-12  2.08486e-15
2.794224591e+00  2.1716116e-12  2.17161e-12  2.16937e-12  2.23988e-15
2.808195713e+00  2.1557096e-12  2.15571e-12  2.15330e-12  2.40540e-15
2.822236692e+00  2.1399074e-12  2.13991e-12  2.13733e-12  2.58203e-15
2.836347875e+00  2.1242056e-12  2.12421e-12  2.12144e-12  2.77046e-15
2.850529615e+00  2.1086049e-12  2.10860e-12  2.10563e-12  2.97137e-15
2.864782263e+00  2.0931059e-12  2.09311e-12  2.08992e-12  3.18550e-15
2.879106174e+00  2.0777094e-12  2.07771e-12  2.07430e-12  3.41363e-15
2.893501705e+00  2.0624162e-12  2.06242e-12  2.05876e-12  3.65657e-15
2.907969214e+00  2.0472270e-12  2.04723e-12  2.04331e-12  3.91517e-15
2.922509060e+00  2.0321426e-12  2.03214e-12  2.02795e-12  4.19031e-15
2.937121605e+00  2.0171640e-12  2.01716e-12  2.01268e-12  4.48295e-15
2.951807213e+00  2.0022919e-12  2.00229e-12  1.99750e-12  4.79405e-15
2.966566249e+00  1.9875273e-12  1.98753e-12  1.98240e-12  5.12465e-15
2.981399080e+00  1.9728713e-12  1.97287e-12  1.96740e-12  5.47583e-15
2.996306076e+00  1.9583247e-12  1.95832e-12  1.95248e-12  5.84870e-15
3.011287606e+00  1.9438888e-12  1.94389e-12  1.93764e-12  6.24446e-15
3.026344044e+00  1.9295644e-12  1.92956e-12  1.92290e-12  6.66432e-15
3.041475764e+00  1.9153530e-12  1.91535e-12  1.90824e-12  7.10958e-15
3.056683143e+00  1.9012555e-12  1.90126e-12  1.89367e-12  7.58159e-15
3.071966559e+00  1.8872733e-12  1.88727e-12  1.87919e-12  8.08175e-15
3.087326392e+00  1.8734078e-12  1.87341e-12  1.86480e-12  8.61153e-15
3.102763024e+00  1.8596602e-12  1.85966e-12  1.85049e-12  9.17245e-15
3.118276839e+00  1.8460320e-12  1.84603e-12  1.83627e-12  9.76612e-15
3.133868223e+00  1.8325247e-12  1.83252e-12  1.82213e-12  1.03942e-14
3.149537564e+00  1.8191398e-12  1.81914e-12  1.80808e-12  1.10584e-14
3.165285252e+00  1.8058791e-12  1.80588e-12  1.79412e-12  1.17606e-14
3.181111678e+00  1.7927440e-12  1.79274e-12  1.78024e-12  1.25025e-14
3.197017237e+00  1.7797365e-12  1.77974e-12  1.76645e-12  1.32863e-14
3.213002323e+00  1.7668584e-12  1.76686e-12  1.75274e-12  1.41139e-14
3.229067334e+00  1.7541115e-12  1.75411e-12  1.73912e-12  1.49873e-14
3.245212671e+00  1.7414978e-12  1.74150e-12  1.72559e-12  1.59090e-14
3.261438734e+00  1.7290194e-12  1.72902e-12  1.71214e-12  1.68810e-14
3.277745928e+00  1.7166785e-12  1.71668e-12  1.69877e-12  1.79058e-14
3.294134658e+00  1.7044773e-12  1.70448e-12  1.68549e-12  1.89858e-14
3.310605331e+00  1.6924181e-12  1.69242e-12  1.67229e-12  2.01236e-14
3.327158358e+00  1.6805033e-12  1.68050e-12  1.65918e-12  2.13218e-14
3.343794149e+00  1.6687354e-12  1.66874e-12  1.64615e-12  2.25832e-14
3.360513120e+00  1.6571170e-12  1.65712e-12  1.63321e-12  2.39106e-14
3.377315686e+00  1.6456508e-12  1.64565e-12  1.62034e-12  2.53069e-14
3.394202264e+00  1.6343396e-12  1.63434e-12  1.60756e-12  2.67752e-14
3.411173276e+00  1.6231863e-12  1.62319e-12  1.59487e-12  2.83187e-14
3.428229142e+00  1.6121938e-12  1.61219e-12  1.58225e-12  2.99405e-14
3.445370288e+00  1.6013654e-12  1.60137e-12  1.56972e-12  3.16441e-14
3.462597139e+00  1.5907041e-12  1.59070e-12  1.55727e-12  3.34330e-14
3.479910125e+00  1.5802133e-12  1.58021e-12  1.54490e-12  3.53107e-14
3.497309675e+00  1.5698965e-12  1.56990e-12  1.53262e-12  3.72809e-14
3.514796224e+00  1.5597571e-12  1.55976e-12  1.52041e-12  3.93475e-14
3.532370205e+00  1.5497989e-12  1.54980e-12  1.50828e-12  4.15144e-14
3.550032056e+00  1.5400256e-12  1.54003e-12  1.49624e-12  4.37858e-14
3.567782216e+00  1.5304412e-12  1.53044e-12  1.48428e-12  4.61657e-14
3.585621127e+00  1.5210497e-12  1.52105e-12  1.47239e-12  4.86585e-14
3.603549233e+00  1.5118552e-12  1.51186e-12  1.46059e-12  5.12687e-14
3.621566979e+00  1.5028621e-12  1.50286e-12  1.44886e-12  5.40009e-14
3.639674814e+00  1.4940747e-12  1.49407e-12  1.43721e-12  5.68597e-14
3.657873188e+00  1.4854975e-12  1.48550e-12  1.42565e-12  5.98501e-14
3.676162554e+00  1.4771354e-12  1.47714e-12  1.41416e-12  6.29770e-14
3.694543367e+00  1.4689930e-12  1.46899e-12  1.40275e-12  6.62456e-14
3.713016084e+00  1.4610754e-12  1.46108e-12  1.39141e-12  6.96610e-14
3.731581164e+00  1.4533876e-12  1.45339e-12  1.38016e-12  7.32288e-14
3.750239070e+00  1.4459349e-12  1.44593e-12  1.36898e-12  7.69545e-14
3.768990265e+00  1.4387226e-12  1.43872e-12  1.35788e-12  8.08437e-14
3.787835216e+00  1.4317563e-12  1.43176e-12  1.34685e-12  8.49023e-14
3.806774393e+00  1.4250416e-12  1.42504e-12  1.33591e-12  8.91364e-14
3.825808265e+00  1.4185844e-12  1.41858e-12  1.32503e-12  9.35519e-14
3.844937306e+00  1.4123906e-12  1.41239e-12  1.31424e-12  9.81553e-14
3.864161992e+00  1.4064662e-12  1.40647e-12  1.30351e-12  1.02953e-13
3.883482802e+00  1.4008176e-12  1.40082e-12  1.29287e-12  1.07951e-13
3.902900216e+00  1.3954511e-12  1.39545e-12  1.28229e-12  1.13157e-13
3.922414717e+00  1.3903733e-12  1.39037e-12  1.27180e-12  1.18578e-13
3.942026791e+00  1.3855910e-12  1.38559e-12  1.26137e-12  1.24220e-13
3.961736925e+00  1.3811108e-12  1.38111e-12  1.25102e-12  1.30090e-13
3.981545610e+00  1.3769399e-12  1.37694e-12  1.24074e-12  1.36197e-13
4.001453338e+00  1.3730854e-12  1.37309e-12  1.23054e-12  1.42547e-13
4.021460604e+00  1.3695546e-12  1.36955e-12  1.22041e-12  1.49148e-13
4.041567907e+00  1.3663550e-12  1.36635e-12  1.21035e-12  1.56009e-13
4.061775747e+00  1.3634941e-12  1.36349e-12  1.20036e-12  1.63136e-13
4.082084626e+00  1.3609797e-12  1.36098e-12  1.19044e-12  1.70538e-13
4.102495049e+00  1.3588198e-12  1.35882e-12  1.18060e-12  1.78223e-13
4.123007524e+00  1.3570223e-12  1.35702e-12  1.17082e-12  1.86200e-13
4.143622562e+00  1.3555954e-12  1.35560e-12  1.16112e-12  1.94477e-13
4.164340674e+00  1.3545476e-12  1.35455e-12  1.15148e-12  2.03064e-13
4.185162378e+00  1.3538873e-12  1.35389e-12  1.14192e-12  2.11967e-13
4.206088190e+00  1.3536231e-12  1.35362e-12  1.13243e-12  2.21198e-13
4.227118631e+00  1.3537638e-12  1.35376e-12  1.12300e-12  2.30764e-13
4.248254224e+00  1.3543183e-12  1.35432e-12  1.11364e-12  2.40676e-13
4.269495495e+00  1.3552958e-12  1.35530e-12  1.10435e-12  2.50942e-13
4.290842972e+00  1.3567053e-12  1.35671e-12  1.09513e-12  2.61572e-13
4.312297187e+00  1.3585561e-12  1.35856e-12  1.08598e-12  2.72576e-13
4.333858673e+00  1.3608579e-12  1.36086e-12  1.07689e-12  2.83963e-13
4.355527967e+00  1.3636200e-12  1.36362e-12  1.06788e-12  2.95744e-13
4.377305606e+00  1.3668524e-12  1.36685e-12  1.05892e-12  3.07929e-13
4.399192134e+00  1.3705646e-12  1.37056e-12  1.05004e-12  3.20527e-13
4.421188095e+00  1.3747669e-12  1.37477e-12  1.04122e-12  3.33549e-13
4.443294036e+00  1.3794691e-12  1.37947e-12  1.03246e-12  3.47006e-13
4.465510506e+00  1.3846815e-12  1.38468e-12  1.02377e-12  3.60908e-13
4.487838058e+00  1.3904143e-12  1.39041e-12  1.01515e-12  3.75265e-13
4.510277249e+00  1.3966781e-12  1.39668e-12  1.00659e-12  3.90089e-13
4.532828635e+00  1.4034831e-12  1.40348e-12  9.98093e-13  4.05390e-13
4.555492778e+00  1.4108402e-12  1.41084e-12  9.89661e-13  4.21180e-13
4.578270242e+00  1.4187598e-12  1.41876e-12  9.81292e-13  4.37468e-13
4.601161593e+00  1.4272529e-12  1.42725e-12  9.72986e-13  4.54267e-13
4.624167401e+00  1.4363302e-12  1.43633e-12  9.64742e-13  4.71588e-13
4.647288238e+00  1.4460026e-12  1.44600e-12  9.56561e-13  4.89441e-13
4.670524679e+00  1.4562813e-12  1.45628e-12  9.48442e-13  5.07839e-13
4.693877303e+00  1.4671772e-12  1.46718e-12  9.40385e-13  5.26793e-13
4.717346689e+00  1.4787014e-12  1.47870e-12  9.32388e-13  5.46313e-13
4.740933423e+00  1.4908652e-12  1.49087e-12  9.24453e-13  5.66412e-13
4.764638090e+00  1.5036798e-12  1.50368e-12  9.16578e-13  5.87102e-13
4.788461280e+00  1.5171564e-12  1.51716e-12  9.08763e-13  6.08393e-13
4.812403587e+00  1.5313064e-12  1.53131e-12  9.01008e-13  6.30298e-13
4.836465604e+00  1.5461410e-12  1.54614e-12  8.93313e-13  6.52828e-13
4.860647933e+00  1.5616718e-12  1.56167e-12  8.85676e-13  6.75996e-13
4.884951172e+00  1.5779099e-12  1.57791e-12  8.78099e-13  6.99811e-13
4.909375928e+00  1.5948669e-12  1.59487e-12  8.70579e-13  7.24288e-13
4.933922808e+00  1.6125541e-12  1.61255e-12  8.63118e-13  7.49436e-13
4.958592422e+00  1.6309828e-12  1.63098e-12  8.55714e-13  7.75268e-13
4.983385384e+00  1.6501646e-12  1.65016e-12  8.48368e-13  8.01796e-13
5.008302311e+00  1.6701106e-12  1.67011e-12  8.41079e-13  8.29032e-13
5.033343822e+00  1.6908323e-12  1.69083e-12  8.33846e-13  8.56986e-13
5.058510541e+00  1.7123409e-12  1.71234e-12  8.26670e-13  8.85671e-13
5.083803094e+00  1.7346477e-12  1.73465e-12  8.19549e-13  9.15098e-13
5.109222110e+00  1.7577638e-12  1.75776e-12  8.12484e-13  9.45279e-13
5.134768220e+00  1.7817005e-12  1.78170e-12  8.05475e-13  9.76226e-13
5.160442061e+00  1.8064687e-12  1.80647e-12  7.98520e-13  1.00795e-12
5.186244272e+00  1.8320795e-12  1.83208e-12  7.91620e-13  1.04046e-12
5.212175493e+00  1.8585438e-12  1.85854e-12  7.84774e-13  1.07377e-12
5.238236370e+00  1.8858724e-12  1.88587e-12  7.77981e-13  1.10789e-12
5.264427552e+00  1.9140760e-12  1.91408e-12  7.71243e-13  1.14283e-12
5.290749690e+00  1.9431653e-12  1.94317e-12  7.64557e-13  1.17861e-12
5.317203438e+00  1.9731506e-12  1.97315e-12  7.57925e-13  1.21523e-12
5.343789456e+00  2.0040425e-12  2.00404e-12  7.51344e-13  1.25270e-12
5.370508403e+00  2.0358510e-12  2.03585e-12  7.44816e-13  1.29103e-12
5.397360945e+00  2.0685864e-12  2.06859e-12  7.38340e-13  1.33025e-12
5.424347750e+00  2.1022585e-12  2.10226e-12  7.31915e-13  1.37034e-12
5.451469488e+00  2.1368771e-12  2.13688e-12  7.25542e-13  1.41134e-12
5.478726836e+00  2.1724518e-12  2.17245e-12  7.19219e-13  1.45323e-12
5.506120470e+00  2.2089920e-12  2.20899e-12  7.12947e-13  1.49605e-12
5.533651072e+00  2.2465070e-12  2.24651e-12  7.06724e-13  1.53978e-12
5.561319328e+00  2.2850058e-12  2.28501e-12  7.00552e-13  1.58445e-12
5.589125924e+00  2.3244972e-12  2.32450e-12  6.94429e-13  1.63007e-12
5.617071554e+00  2.3649899e-12  2.36499e-12  6.88355e-13  1.67663e-12
5.645156912e+00  2.4064923e-12  2.40649e-12  6.82330e-13  1.72416e-12
5.673382696e+00  2.4490124e-12  2.44901e-12  6.76354e-13  1.77266e-12
5.701749610e+00  2.4925584e-12  2.49256e-12  6.70425e-13  1.82213e-12
5.730258358e+00  2.5371377e-12  2.53714e-12  6.64545e-13  1.87259e-12
5.758909650e+00  2.5827580e-12  2.58276e-12  6.58712e-13  1.92405e-12
5.787704198e+00  2.6294262e-12  2.62943e-12  6.52926e-13  1.97650e-12
5.816642719e+00  2.6771494e-12  2.67715e-12  6.47187e-13  2.02996e-12
5.845725932e+00  2.7259340e-12  2.72593e-12  6.41494e-13  2.08444e-12
5.874954562e+00  2.7757865e-12  2.77579e-12  6.35848e-13  2.13994e-12
5.904329335e+00  2.8267128e-12  2.82671e-12  6.30248e-13  2.19647e-12
5.933850982e+00  2.8787187e-12  2.87872e-12  6.24693e-13  2.25403e-12
5.963520237e+00  2.9318096e-12  2.93181e-12  6.19183e-13  2.31263e-12
5.993337838e+00  2.9859905e-12  2.98599e-12  6.13719e-13  2.37227e-12
6.023304527e+00  3.0412662e-12  3.04127e-12  6.08299e-13  2.43297e-12
6.053421050e+00  3.0976412e-12  3.09764e-12  6.02924e-13  2.49472e-12
6.083688155e+00  3.1551195e-12  3.15512e-12  5.97592e-13  2.55753e-12
6.114106596e+00  3.2137048e-12  3.21370e-12  5.92304e-13  2.62140e-12
6.144677129e+00  3.2734005e-12  3.27340e-12  5.87060e-13  2.68634e-12
6.175400514e+00  3.3342097e-12  3.33421e-12  5.81859e-13  2.75235e-12
6.206277517e+00  3.3961349e-12  3.39613e-12  5.76700e-13  2.81943e-12
6.237308904e+00  3.4591786e-12  3.45918e-12  5.71584e-13  2.88759e-12
6.268495449e+00  3.5233424e-12  3.52334e-12  5.66511e-13  2.95683e-12
6.299837926e+00  3.5886281e-12  3.58863e-12  5.61479e-13  3.02715e-12
6.331337116e+00  3.6550367e-12  3.65504e-12  5.56489e-13  3.09855e-12
6.362993801e+00  3.7225689e-12  3.72257e-12  5.51540e-13  3.17103e-12
6.394808770e+00  3.7912250e-12  3.79123e-12  5.46632e-13  3.24459e-12
6.426782814e+00  3.8610050e-12  3.86101e-12  5.41765e-13  3.31924e-12
6.458916728e+00  3.9319084e-12  3.93191e-12  5.36938e-13  3.39497e-12
6.491211312e+00  4.0039343e-12  4.00393e-12  5.32151e-13  3.47178e-12
6.523667368e+00  4.0770813e-12  4.07708e-12  5.27404e-13  3.54968e-12
6.556285705e+00  4.1513477e-12  4.15135e-12  5.22697e-13  3.62865e-12
6.589067134e+00  4.2267314e-12  4.22673e-12  5.18029e-13  3.70870e-12
6.622012469e+00  4.3032297e-12  4.30323e-12  5.13400e-13  3.78983e-12
6.655122532e+00  4.3808396e-12  4.38084e-12  5.08810e-13  3.87203e-12
6.688398144e+00  4.4595577e-12  4.45956e-12  5.04258e-13  3.95530e-12
6.721840135e+00  4.5393800e-12  4.53938e-12  4.99744e-13  4.03964e-12
6.755449336e+00  4.6203022e-12  4.62030e-12  4.95268e-13  4.12503e-12
6.789226583e+00  4.7023196e-12  4.70232e-12  4.90829e-13  4.21149e-12
6.823172715e+00  4.7854268e-12  4.78543e-12  4.86428e-13  4.29900e-12
6.857288579e+00  4.8696183e-12  4.86962e-12  4.82064e-13  4.38755e-12
6.891575022e+00  4.9548879e-12  4.95489e-12  4.77737e-13  4.47715e-12
6.926032897e+00  5.0412292e-12  5.04123e-12  4.73446e-13  4.56778e-12
6.960663062e+00  5.1286349e-12  5.12863e-12  4.69191e-13  4.65944e-12
6.995466377e+00  5.2170978e-12  5.21710e-12  4.64972e-13  4.75213e-12
7.030443709e+00  5.3066100e-12  5.30661e-12  4.60789e-13  4.84582e-12
7.065595927e+00  5.3971630e-12  5.39716e-12  4.56641e-13  4.94052e-12
7.100923907e+00  5.4887482e-12  5.48875e-12  4.52528e-13  5.03622e-12
7.136428526e+00  5.5813563e-12  5.58136e-12  4.48451e-13  5.13291e-12
7.172110669e+00  5.6749776e-12  5.67498e-12  4.44407e-13  5.23057e-12
7.207971222e+00  5.7696021e-12  5.76960e-12  4.40399e-13  5.32920e-12
7.244011079e+00  5.8652192e-12  5.86522e-12  4.36424e-13  5.42880e-12
7.280231134e+00  5.9618179e-12  5.96182e-12  4.32483e-13  5.52934e-12
7.316632290e+00  6.0593868e-12  6.05939e-12  4.28575e-13  5.63081e-12
7.353215451e+00  6.1579140e-12  6.15791e-12  4.24701e-13  5.73321e-12
7.389981528e+00  6.2573874e-12  6.25739e-12  4.20860e-13  5.83653e-12
7.426931436e+00  6.3577942e-12  6.35779e-12  4.17052e-13  5.94074e-12
7.464066093e+00  6.4591213e-12  6.45912e-12  4.13276e-13  6.04585e-12
7.501386424e+00  6.5613552e-12  6.56136e-12  4.09533e-13  6.15182e-12
7.538893356e+00  6.6644819e-12  6.66448e-12  4.05821e-13  6.25866e-12
7.576587822e+00  6.7684872e-12  6.76849e-12  4.02142e-13  6.36635e-12
7.614470762e+00  6.8733562e-12  6.87336e-12  3.98494e-13  6.47486e-12
7.652543115e+00  6.9790738e-12  6.97907e-12  3.94877e-13  6.58420e-12
7.690805831e+00  7.0856245e-12  7.08562e-12  3.91291e-13  6.69433e-12
7.729259860e+00  7.1929923e-12  7.19299e-12  3.87736e-13  6.80526e-12
7.767906159e+00  7.3011610e-12  7.30116e-12  3.84212e-13  6.91695e-12
7.806745690e+00  7.4101139e-12  7.41011e-12  3.80718e-13  7.02940e-12
7.845779419e+00  7.5198339e-12  7.51983e-12  3.77254e-13  7.14258e-12
7.885008316e+00  7.6303037e-12  7.63030e-12  3.73821e-13  7.25648e-12
7.924433357e+00  7.7415054e-12  7.74151e-12  3.70416e-13  7.37109e-12
7.964055524e+00  7.8534210e-12  7.85342e-12  3.67041e-13  7.48638e-12
8.003875802e+00  7.9660320e-12  7.96603e-12  3.63696e-13  7.60234e-12
8.043895181e+00  8.0793197e-12  8.07932e-12  3.60379e-13  7.71894e-12
8.084114657e+00  8.1932649e-12  8.19326e-12  3.57091e-13  7.83617e-12
8.124535230e+00  8.3078482e-12  8.30785e-12  3.53832e-13  7.95402e-12
8.165157906e+00  8.4230499e-12  8.42305e-12  3.50601e-13  8.07245e-12
8.205983696e+00  8.5388500e-12  8.53885e-12  3.47397e-13  8.19145e-12
8.247013614e+00  8.6552281e-12  8.65523e-12  3.44222e-13  8.31101e-12
8.288248682e+00  8.7721636e-12  8.77216e-12  3.41075e-13  8.43109e-12
8.329689926e+00  8.8896356e-12  8.88964e-12  3.37954e-13  8.55168e-12
8.371338375e+00  9.0076230e-12  9.00762e-12  3.34861e-13  8.67276e-12
8.413195067e+00  9.1261044e-12  9.12610e-12  3.31795e-13  8.79431e-12
8.455261042e+00  9.2450581e-12  9.24506e-12  3.28756e-13  8.91630e-12
8.497537348e+00  9.3644622e-12  9.36446e-12  3.25743e-13  9.03872e-12
8.540025034e+00  9.4842946e-12  9.48429e-12  3.22756e-13  9.16154e-12
8.582725160e+00  9.6045330e-12  9.60453e-12  3.19796e-13  9.28474e-12
8.625638785e+00  9.7251548e-12  9.72515e-12  3.16861e-13  9.40829e-12
8.668766979e+00  9.8461372e-12  9.84614e-12  3.13952e-13  9.53218e-12
8.712110814e+00  9.9674574e-12  9.96746e-12  3.11069e-13  9.65639e-12
8.755671368e+00  1.0089092e-11  1.00891e-11  3.08211e-13  9.78088e-12
8.799449725e+00  1.0211018e-11  1.02110e-11  3.05378e-13  9.90564e-12
8.843446974e+00  1.0333212e-11  1.03332e-11  3.02570e-13  1.00306e-11
8.887664209e+00  1.0455650e-11  1.04557e-11  2.99787e-13  1.01559e-11
8.932102530e+00  1.0578309e-11  1.05783e-11  2.97028e-13  1.02813e-11
8.976763042e+00  1.0701164e-11  1.07012e-11  2.94293e-13  1.04069e-11
9.021646857e+00  1.0824192e-11  1.08242e-11  2.91582e-13  1.05326e-11
9.066755092e+00  1.0947369e-11  1.09474e-11  2.88896e-13  1.06585e-11
9.112088867e+00  1.1070669e-11  1.10707e-11  2.86233e-13  1.07844e-11
9.157649312e+00  1.1194070e-11  1.11941e-11  2.83593e-13  1.09105e-11
9.203437558e+00  1.1317547e-11  1.13175e-11  2.80977e-13  1.10366e-11
9.249454746e+00  1.1441075e-11  1.14411e-11  2.78384e-13  1.11627e-11
9.295702020e+00  1.1564630e-11  1.15646e-11  2.75813e-13  1.12888e-11
9.342180530e+00  1.1688187e-11  1.16882e-11  2.73266e-13  1.14149e-11
9.388891432e+00  1.1811722e-11  1.18117e-11  2.70741e-13  1.15410e-11
9.435835890e+00  1.1935210e-11  1.19352e-11  2.68239e-13  1.16670e-11
9.483015069e+00  1.2058627e-11  1.20586e-11  2.65758e-13  1.17929e-11
9.530430144e+00  1.2181948e-11  1.21819e-11  2.63300e-13  1.19186e-11
9.578082295e+00  1.2305148e-11  1.23051e-11  2.60863e-13  1.20443e-11
9.625972707e+00  1.2428203e-11  1.24282e-11  2.58448e-13  1.21698e-11
9.674102570e+00  1.2551088e-11  1.25511e-11  2.56055e-13  1.22950e-11
9.722473083e+00  1.2673779e-11  1.26738e-11  2.53683e-13  1.24201e-11
9.771085448e+00  1.2796252e-11  1.27963e-11  2.51332e-13  1.25449e-11
9.819940876e+00  1.2918481e-11  1.29185e-11  2.49002e-13  1.26695e-11
9.869040580e+00  1.3040443e-11  1.30404e-11  2.46692e-13  1.27938e-11
9.918385783e+00  1.3162114e-11  1.31621e-11  2.44403e-13  1.29177e-11
9.967977712e+00  1.3283468e-11  1.32835e-11  2.42135e-13  1.30413e-11
1.001781760e+01  1.3404483e-11  1.34045e-11  2.39887e-13  1.31646e-11
1.006790669e+01  1.3525134e-11  1.35251e-11  2.37659e-13  1.32875e-11
1.011824622e+01  1.3645398e-11  1.36454e-11  2.35451e-13  1.34099e-11
1.016883745e+01  1.3765250e-11  1.37653e-11  2.33262e-13  1.35320e-11
1.021968164e+01  1.3884667e-11  1.38847e-11  2.31094e-13  1.36536e-11
1.027078005e+01  1.4003626e-11  1.40036e-11  2.28944e-13  1.37747e-11
1.032213395e+01  1.4122104e-11  1.41221e-11  2.26814e-13  1.38953e-11
1.037374462e+01  1.4240076e-11  1.42401e-11  2.24703e-13  1.40154e-11
1.042561334e+01  1.4357521e-11  1.43575e-11  2.22611e-13  1.41349e-11
1.047774141e+01  1.4474416e-11  1.44744e-11  2.20538e-13  1.42539e-11
1.053013012e+01  1.4590737e-11  1.45907e-11  2.18483e-13  1.43723e-11
1.058278077e+01  1.4706463e-11  1.47065e-11  2.16447e-13  1.44900e-11
1.063569467e+01  1.4821572e-11  1.48216e-11  2.14429e-13  1.46071e-11
1.068887314e+01  1.4936041e-11  1.49360e-11  2.12429e-13  1.47236e-11
1.074231751e+01  1.5049849e-11  1.50498e-11  2.10447e-13  1.48394e-11
1.079602910e+01  1.5162973e-11  1.51630e-11  2.08483e-13  1.49545e-11
1.085000924e+01  1.5275394e-11  1.52754e-11  2.06537e-13  1.50689e-11
1.090425929e+01  1.5387090e-11  1.53871e-11  2.04608e-13  1.51825e-11
1.095878058e+01  1.5498040e-11  1.54980e-11  2.02697e-13  1.52953e-11
1.101357449e+01  1.5608223e-11  1.56082e-11  2.00803e-13  1.54074e-11
1.106864236e+01  1.5717620e-11  1.57176e-11  1.98926e-13  1.55187e-11
1.112398557e+01  1.5826210e-11  1.58262e-11  1.97065e-13  1.56291e-11
1.117960550e+01  1.5933973e-11  1.59340e-11  1.95222e-13  1.57388e-11
1.123550353e+01  1.6040890e-11  1.60409e-11  1.93396e-13  1.58475e-11
1.129168104e+01  1.6146943e-11  1.61469e-11  1.91586e-13  1.59554e-11
1.134813945e+01  1.6252111e-11  1.62521e-11  1.89792e-13  1.60623e-11
1.140488015e+01  1.6356377e-11  1.63564e-11  1.88014e-13  1.61684e-11
1.146190455e+01  1.6459722e-11  1.64597e-11  1.86253e-13  1.62735e-11
1.151921407e+01  1.6562128e-11  1.65621e-11  1.84508e-13  1.63776e-11
1.157681014e+01  1.6663577e-11  1.66636e-11  1.82778e-13  1.64808e-11
1.163469419e+01  1.6764053e-11  1.67641e-11  1.81064e-13  1.65830e-11
1.169286766e+01  1.6863538e-11  1.68635e-11  1.79366e-13  1.66842e-11
1.175133200e+01  1.6962016e-11  1.69620e-11  1.77683e-13  1.67843e-11
1.181008866e+01  1.7059470e-11  1.70595e-11  1.76016e-13  1.68835e-11
1.186913910e+01  1.7155883e-11  1.71559e-11  1.74363e-13  1.69815e-11
1.192848480e+01  1.7251242e-11  1.72512e-11  1.72726e-13  1.70785e-11
1.198812722e+01  1.7345529e-11  1.73455e-11  1.71103e-13  1.71744e-11
1.204806786e+01  1.7438730e-11  1.74387e-11  1.69496e-13  1.72692e-11
1.210830820e+01  1.7530831e-11  1.75308e-11  1.67903e-13  1.73629e-11
1.216884974e+01  1.7621817e-11  1.76218e-11  1.66324e-13  1.74555e-11
1.222969399e+01  1.7711674e-11  1.77117e-11  1.64760e-13  1.75469e-11
1.229084246e+01  1.7800389e-11  1.78004e-11  1.63210e-13  1.76372e-11
1.235229667e+01  1.7887948e-11  1.78879e-11  1.61674e-13  1.77263e-11
1.241405815e+01  1.7974339e-11  1.79743e-11  1.60153e-13  1.78142e-11
1.247612845e+01  1.8059548e-11  1.80595e-11  1.58645e-13  1.79009e-11
1.253850909e+01  1.8143565e-11  1.81436e-11  1.57151e-13  1.79864e-11
1.260120163e+01  1.8226376e-11  1.82264e-11  1.55670e-13  1.80707e-11
1.266420764e+01  1.8307971e-11  1.83080e-11  1.54203e-13  1.81538e-11
1.272752868e+01  1.8388339e-11  1.83883e-11  1.52750e-13  1.82356e-11
1.279116632e+01  1.8467468e-11  1.84675e-11  1.51310e-13  1.83162e-11
1.285512215e+01  1.8545349e-11  1.85453e-11  1.49883e-13  1.83955e-11
1.291939776e+01  1.8621972e-11  1.86220e-11  1.48469e-13  1.84735e-11
1.298399475e+01  1.8697326e-11  1.86973e-11  1.47068e-13  1.85503e-11
1.304891473e+01  1.8771404e-11  1.87714e-11  1.45680e-13  1.86257e-11
1.311415930e+01  1.8844195e-11  1.88442e-11  1.44305e-13  1.86999e-11
1.317973010e+01  1.8915692e-11  1.89157e-11  1.42942e-13  1.87727e-11
1.324562875e+01  1.8985886e-11  1.89859e-11  1.41592e-13  1.88443e-11
1.331185689e+01  1.9054770e-11  1.90548e-11  1.40254e-13  1.89145e-11
1.337841618e+01  1.9122337e-11  1.91223e-11  1.38929e-13  1.89834e-11
1.344530826e+01  1.9188579e-11  1.91886e-11  1.37616e-13  1.90510e-11
1.351253480e+01  1.9253489e-11  1.92535e-11  1.36315e-13  1.91172e-11
1.358009747e+01  1.9317062e-11  1.93171e-11  1.35025e-13  1.91820e-11
1.364799796e+01  1.9379292e-11  1.93793e-11  1.33748e-13  1.92455e-11
1.371623795e+01  1.9440173e-11  1.94402e-11  1.32482e-13  1.93077e-11
1.378481914e+01  1.9499699e-11  1.94997e-11  1.31228e-13  1.93685e-11
1.385374323e+01  1.9557867e-11  1.95579e-11  1.29986e-13  1.94279e-11
1.392301195e+01  1.9614671e-11  1.96147e-11  1.28755e-13  1.94859e-11
1.399262701e+01  1.9670108e-11  1.96701e-11  1.27536e-13  1.95426e-11
1.406259015e+01  1.9724174e-11  1.97242e-11  1.26327e-13  1.95978e-11
1.413290310e+01  1.9776865e-11  1.97769e-11  1.25130e-13  1.96517e-11
1.420356761e+01  1.9828178e-11  1.98282e-11  1.23944e-13  1.97042e-11
1.427458545e+01  1.9878111e-11  1.98781e-11  1.22769e-13  1.97553e-11
1.434595838e+01  1.9926662e-11  1.99267e-11  1.21605e-13  1.98051e-11
1.441768817e+01  1.9973828e-11  1.99738e-11  1.20451e-13  1.98534e-11
1.448977661e+01  2.0019607e-11  2.00196e-11  1.19308e-13  1.99003e-11
1.456222549e+01  2.0063999e-11  2.00640e-11  1.18176e-13  1.99458e-11
1.463503662e+01  2.0107002e-11  2.01070e-11  1.17054e-13  1.99899e-11
1.470821180e+01  2.0148616e-11  2.01486e-11  1.15943e-13  2.00327e-11
1.478175286e+01  2.0188841e-11  2.01888e-11  1.14842e-13  2.00740e-11
1.485566163e+01  2.0227675e-11  2.02277e-11  1.13751e-13  2.01139e-11
1.492993994e+01  2.0265120e-11  2.02651e-11  1.12670e-13  2.01524e-11
1.500458964e+01  2.0301177e-11  2.03012e-11  1.11600e-13  2.01896e-11
1.507961258e+01  2.0335845e-11  2.03358e-11  1.10539e-13  2.02253e-11
1.515501065e+01  2.0369127e-11  2.03691e-11  1.09488e-13  2.02596e-11
1.523078570e+01  2.0401024e-11  2.04010e-11  1.08447e-13  2.02926e-11
1.530693963e+01  2.0431538e-11  2.04315e-11  1.07415e-13  2.03241e-11
1.538347433e+01  2.0460670e-11  2.04607e-11  1.06393e-13  2.03543e-11
1.546039170e+01  2.0488424e-11  2.04884e-11  1.05381e-13  2.03830e-11
1.553769366e+01  2.0514802e-11  2.05148e-11  1.04378e-13  2.04104e-11
1.561538212e+01  2.0539807e-11  2.05398e-11  1.03384e-13  2.04364e-11
1.569345903e+01  2.0563443e-11  2.05634e-11  1.02400e-13  2.04610e-11
1.577192633e+01  2.0585712e-11  2.05857e-11  1.01424e-13  2.04843e-11
1.585078596e+01  2.0606619e-11  2.06066e-11  1.00458e-13  2.05062e-11
1.593003989e+01  2.0626168e-11  2.06262e-11  9.95009e-14  2.05267e-11
1.600969009e+01  2.0644364e-11  2.06444e-11  9.85526e-14  2.05458e-11
1.608973854e+01  2.0661210e-11  2.06612e-11  9.76132e-14  2.05636e-11
1.617018723e+01  2.0676712e-11  2.06767e-11  9.66825e-14  2.05800e-11
1.625103817e+01  2.0690874e-11  2.06909e-11  9.57605e-14  2.05951e-11
1.633229336e+01  2.0703704e-11  2.07037e-11  9.48471e-14  2.06089e-11
1.641395483e+01  2.0715204e-11  2.07152e-11  9.39422e-14  2.06213e-11
1.649602460e+01  2.0725383e-11  2.07254e-11  9.30458e-14  2.06323e-11
1.657850473e+01  2.0734245e-11  2.07342e-11  9.21577e-14  2.06421e-11
1.666139725e+01  2.0741798e-11  2.07418e-11  9.12779e-14  2.06505e-11
1.674470424e+01  2.0748047e-11  2.07480e-11  9.04064e-14  2.06576e-11
1.682842776e+01  2.0753000e-11  2.07530e-11  8.95430e-14  2.06635e-11
1.691256990e+01  2.0756663e-11  2.07567e-11  8.86877e-14  2.06680e-11
1.699713274e+01  2.0759043e-11  2.07590e-11  8.78404e-14  2.06712e-11
1.708211841e+01  2.0760148e-11  2.07601e-11  8.70010e-14  2.06731e-11
1.716752900e+01  2.0759986e-11  2.07600e-11  8.61694e-14  2.06738e-11
1.725336665e+01  2.0758564e-11  2.07586e-11  8.53457e-14  2.06732e-11
1.733963348e+01  2.0755891e-11  2.07559e-11  8.45297e-14  2.06714e-11
1.742633165e+01  2.0751973e-11  2.07520e-11  8.37213e-14  2.06683e-11
1.751346330e+01  2.0746821e-11  2.07468e-11  8.29205e-14  2.06639e-11
1.760103062e+01  2.0740441e-11  2.07404e-11  8.21272e-14  2.06583e-11
1.768903577e+01  2.0732844e-11  2.07328e-11  8.13413e-14  2.06515e-11
1.777748095e+01  2.0724037e-11  2.07240e-11  8.05628e-14  2.06435e-11
1.786636836e+01  2.0714030e-11  2.07140e-11  7.97917e-14  2.06342e-11
1.795570020e+01  2.0702831e-11  2.07028e-11  7.90277e-14  2.06238e-11
1.804547870e+01  2.0690451e-11  2.06905e-11  7.82709e-14  2.06122e-11
1.813570609e+01  2.0676898e-11  2.06769e-11  7.75213e-14  2.05994e-11
1.822638462e+01  2.0662182e-11  2.06622e-11  7.67787e-14  2.05854e-11
1.831751655e+01  2.0646314e-11  2.06463e-11  7.60430e-14  2.05703e-11
1.840910413e+01  2.0629302e-11  2.06293e-11  7.53143e-14  2.05540e-11
1.850114965e+01  2.0611156e-11  2.06112e-11  7.45924e-14  2.05366e-11
1.859365540e+01  2.0591888e-11  2.05919e-11  7.38773e-14  2.05180e-11
1.868662368e+01  2.0571507e-11  2.05715e-11  7.31690e-14  2.04983e-11
1.878005679e+01  2.0550023e-11  2.05500e-11  7.24673e-14  2.04776e-11
1.887395708e+01  2.0527447e-11  2.05274e-11  7.17722e-14  2.04557e-11
1.896832686e+01  2.0503790e-11  2.05038e-11  7.10837e-14  2.04327e-11
1.906316850e+01  2.0479061e-11  2.04791e-11  7.04016e-14  2.04087e-11
1.915848434e+01  2.0453273e-11  2.04533e-11  6.97260e-14  2.03835e-11
1.925427676e+01  2.0426435e-11  2.04264e-11  6.90567e-14  2.03574e-11
1.935054815e+01  2.0398560e-11  2.03986e-11  6.83938e-14  2.03302e-11
1.944730089e+01  2.0369656e-11  2.03697e-11  6.77371e-14  2.03019e-11
1.954453739e+01  2.0339737e-11  2.03397e-11  6.70866e-14  2.02727e-11
1.964226008e+01  2.0308813e-11  2.03088e-11  6.64422e-14  2.02424e-11
1.974047138e+01  2.0276895e-11  2.02769e-11  6.58039e-14  2.02111e-11
1.983917374e+01  2.0243995e-11  2.02440e-11  6.51717e-14  2.01788e-11
1.993836960e+01  2.0210124e-11  2.02101e-11  6.45454e-14  2.01456e-11
2.003806145e+01  2.0175293e-11  2.01753e-11  6.39250e-14  2.01114e-11
2.013825176e+01  2.0139514e-11  2.01395e-11  6.33105e-14  2.00762e-11
2.023894302e+01  2.0102799e-11  2.01028e-11  6.27018e-14  2.00401e-11
2.034013773e+01  2.0065159e-11  2.00652e-11  6.20988e-14  2.00031e-11
2.044183842e+01  2.0026606e-11  2.00266e-11  6.15016e-14  1.99651e-11
2.054404761e+01  1.9987151e-11  1.99872e-11  6.09100e-14  1.99262e-11
2.064676785e+01  1.9946807e-11  1.99468e-11  6.03239e-14  1.98865e-11
2.075000169e+01  1.9905585e-11  1.99056e-11  5.97435e-14  1.98458e-11
2.085375170e+01  1.9863497e-11  1.98635e-11  5.91685e-14  1.98043e-11
2.095802046e+01  1.9820554e-11  1.98206e-11  5.85990e-14  1.97620e-11
2.106281056e+01  1.9776769e-11  1.97768e-11  5.80348e-14  1.97187e-11
2.116812461e+01  1.9732153e-11  1.97322e-11  5.74761e-14  1.96747e-11
2.127396524e+01  1.9686719e-11  1.96867e-11  5.69226e-14  1.96298e-11
2.138033506e+01  1.9640477e-11  1.96405e-11  5.63743e-14  1.95841e-11
2.148723674e+01  1.9593441e-11  1.95934e-11  5.58312e-14  1.95376e-11
2.159467292e+01  1.9545622e-11  1.95456e-11  5.52933e-14  1.94903e-11
2.170264629e+01  1.9497032e-11  1.94970e-11  5.47605e-14  1.94423e-11
2.181115952e+01  1.9447683e-11  1.94477e-11  5.42328e-14  1.93935e-11
2.192021532e+01  1.9397587e-11  1.93976e-11  5.37100e-14  1.93439e-11
2.202981639e+01  1.9346755e-11  1.93468e-11  5.31922e-14  1.92936e-11
2.213996547e+01  1.9295200e-11  1.92952e-11  5.26794e-14  1.92425e-11
2.225066530e+01  1.9242933e-11  1.92429e-11  5.21714e-14  1.91908e-11
2.236191863e+01  1.9189967e-11  1.91900e-11  5.16682e-14  1.91383e-11
2.247372822e+01  1.9136313e-11  1.91363e-11  5.11698e-14  1.90851e-11
2.258609686e+01  1.9081984e-11  1.90820e-11  5.06761e-14  1.90313e-11
2.269902735e+01  1.9026990e-11  1.90270e-11  5.01872e-14  1.89768e-11
2.281252248e+01  1.8971344e-11  1.89713e-11  4.97028e-14  1.89216e-11
2.292658510e+01  1.8915057e-11  1.89151e-11  4.92231e-14  1.88658e-11
2.304121802e+01  1.8858142e-11  1.88581e-11  4.87480e-14  1.88094e-11
2.315642411e+01  1.8800610e-11  1.88006e-11  4.82773e-14  1.87523e-11
2.327220623e+01  1.8742472e-11  1.87425e-11  4.78112e-14  1.86947e-11
2.338856726e+01  1.8683741e-11  1.86837e-11  4.73494e-14  1.86364e-11
2.350551010e+01  1.8624428e-11  1.86244e-11  4.68921e-14  1.85775e-11
2.362303765e+01  1.8564544e-11  1.85645e-11  4.64391e-14  1.85181e-11
2.374115284e+01  1.8504101e-11  1.85041e-11  4.59905e-14  1.84581e-11
2.385985860e+01  1.8443110e-11  1.84431e-11  4.55461e-14  1.83976e-11
2.397915789e+01  1.8381584e-11  1.83816e-11  4.51059e-14  1.83365e-11
2.409905368e+01  1.8319533e-11  1.83195e-11  4.46700e-14  1.82749e-11
2.421954895e+01  1.8256968e-11  1.82570e-11  4.42382e-14  1.82127e-11
2.434064670e+01  1.8193901e-11  1.81939e-11  4.38105e-14  1.81501e-11
2.446234993e+01  1.8130343e-11  1.81303e-11  4.33869e-14  1.80870e-11
2.458466168e+01  1.8066305e-11  1.80663e-11  4.29673e-14  1.80233e-11
2.470758499e+01  1.8001799e-11  1.80018e-11  4.25517e-14  1.79592e-11
2.483112291e+01  1.7936835e-11  1.79368e-11  4.21401e-14  1.78947e-11
2.495527853e+01  1.7871424e-11  1.78714e-11  4.17324e-14  1.78297e-11
