# ------------------------------------------------------------------------
# Radiance spectrum
# NASA-GSFC Planetary Spectrum Generator (PSG) (Villanueva et al. 2018, 2022)
# Synthesized on Sat Dec 23 00:16:10 2023
# Doppler velocities [km/s] (vobs,vrot+vorb,vwidth,vrfl,vstr): 0.00000,-0.00000,0.00000,-119.41115,-0.00000
# Spectral unit: Wavelength [um]
# Radiance unit: Spectral irradiance [W/m2/um]
# Wave/freq Total Object Reflected Thermal
5.000000000e-01  7.5354197e-12  7.53542e-12  7.53542e-12  0.00000e+00
5.025000000e-01  7.6110611e-12  7.61106e-12  7.61106e-12  0.00000e+00
5.050125000e-01  7.6865411e-12  7.68654e-12  7.68654e-12  0.00000e+00
5.075375625e-01  7.7618450e-12  7.76184e-12  7.76184e-12  0.00000e+00
5.100752503e-01  7.8369582e-12  7.83696e-12  7.83696e-12  0.00000e+00
5.126256266e-01  7.9118663e-12  7.91187e-12  7.91187e-12  0.00000e+00
5.151887547e-01  7.9865546e-12  7.98655e-12  7.98655e-12  0.00000e+00
5.177646985e-01  8.0610089e-12  8.06101e-12  8.06101e-12  0.00000e+00
5.203535220e-01  8.1352148e-12  8.13521e-12  8.13521e-12  0.00000e+00
5.229552896e-01  8.2091580e-12  8.20916e-12  8.20916e-12  0.00000e+00
5.255700660e-01  8.2828243e-12  8.28282e-12  8.28282e-12  0.00000e+00
5.281979164e-01  8.3561997e-12  8.35620e-12  8.35620e-12  0.00000e+00
5.308389059e-01  8.4292701e-12  8.42927e-12  8.42927e-12  0.00000e+00
5.334931005e-01  8.5020217e-12  8.50202e-12  8.50202e-12  0.00000e+00
5.361605660e-01  8.5744406e-12  8.57444e-12  8.57444e-12  0.00000e+00
5.388413688e-01  8.6465131e-12  8.64651e-12  8.64651e-12  0.00000e+00
5.415355756e-01  8.7182258e-12  8.71823e-12  8.71823e-12  0.00000e+00
5.442432535e-01  8.7895650e-12  8.78957e-12  8.78957e-12  0.00000e+00
5.469644698e-01  8.8605175e-12  8.86052e-12  8.86052e-12  0.00000e+00
5.496992921e-01  8.9310701e-12  8.93107e-12  8.93107e-12  0.00000e+00
5.524477886e-01  9.0012097e-12  9.00121e-12  9.00121e-12  0.00000e+00
5.552100275e-01  9.0709234e-12  9.07092e-12  9.07092e-12  0.00000e+00
5.579860777e-01  9.1401983e-12  9.14020e-12  9.14020e-12  0.00000e+00
5.607760081e-01  9.2090218e-12  9.20902e-12  9.20902e-12  0.00000e+00
5.635798881e-01  9.2773815e-12  9.27738e-12  9.27738e-12  0.00000e+00
5.663977875e-01  9.3452649e-12  9.34526e-12  9.34526e-12  0.00000e+00
5.692297765e-01  9.4126599e-12  9.41266e-12  9.41266e-12  0.00000e+00
5.720759254e-01  9.4795545e-12  9.47955e-12  9.47955e-12  0.00000e+00
5.749363050e-01  9.5459368e-12  9.54594e-12  9.54594e-12  0.00000e+00
5.778109865e-01  9.6117951e-12  9.61180e-12  9.61180e-12  0.00000e+00
5.807000414e-01  9.6771179e-12  9.67712e-12  9.67712e-12  0.00000e+00
5.836035417e-01  9.7418939e-12  9.74189e-12  9.74189e-12  0.00000e+00
5.865215594e-01  9.8061118e-12  9.80611e-12  9.80611e-12  0.00000e+00
5.894541672e-01  9.8697608e-12  9.86976e-12  9.86976e-12  0.00000e+00
5.924014380e-01  9.9328301e-12  9.93283e-12  9.93283e-12  0.00000e+00
5.953634452e-01  9.9953090e-12  9.99531e-12  9.99531e-12  0.00000e+00
5.983402624e-01  1.0057187e-11  1.00572e-11  1.00572e-11  0.00000e+00
6.013319637e-01  1.0118454e-11  1.01185e-11  1.01185e-11  0.00000e+00
6.043386235e-01  1.0179101e-11  1.01791e-11  1.01791e-11  0.00000e+00
6.073603167e-01  1.0239116e-11  1.02391e-11  1.02391e-11  0.00000e+00
6.103971182e-01  1.0298491e-11  1.02985e-11  1.02985e-11  0.00000e+00
6.134491038e-01  1.0357216e-11  1.03572e-11  1.03572e-11  0.00000e+00
6.165163494e-01  1.0415282e-11  1.04153e-11  1.04153e-11  0.00000e+00
6.195989311e-01  1.0472680e-11  1.04727e-11  1.04727e-11  0.00000e+00
6.226969258e-01  1.0529402e-11  1.05294e-11  1.05294e-11  0.00000e+00
6.258104104e-01  1.0585438e-11  1.05854e-11  1.05854e-11  0.00000e+00
6.289394624e-01  1.0640780e-11  1.06408e-11  1.06408e-11  0.00000e+00
6.320841597e-01  1.0695420e-11  1.06954e-11  1.06954e-11  0.00000e+00
6.352445805e-01  1.0749351e-11  1.07494e-11  1.07494e-11  0.00000e+00
6.384208035e-01  1.0802564e-11  1.08026e-11  1.08026e-11  0.00000e+00
6.416129075e-01  1.0855052e-11  1.08551e-11  1.08551e-11  0.00000e+00
6.448209720e-01  1.0906808e-11  1.09068e-11  1.09068e-11  0.00000e+00
6.480450769e-01  1.0957824e-11  1.09578e-11  1.09578e-11  0.00000e+00
6.512853022e-01  1.1008095e-11  1.10081e-11  1.10081e-11  0.00000e+00
6.545417288e-01  1.1057612e-11  1.10576e-11  1.10576e-11  0.00000e+00
6.578144374e-01  1.1106371e-11  1.11064e-11  1.11064e-11  0.00000e+00
6.611035096e-01  1.1154364e-11  1.11544e-11  1.11544e-11  0.00000e+00
6.644090271e-01  1.1201586e-11  1.12016e-11  1.12016e-11  0.00000e+00
6.677310723e-01  1.1248031e-11  1.12480e-11  1.12480e-11  0.00000e+00
6.710697276e-01  1.1293693e-11  1.12937e-11  1.12937e-11  0.00000e+00
6.744250763e-01  1.1338568e-11  1.13386e-11  1.13386e-11  0.00000e+00
6.777972017e-01  1.1382650e-11  1.13827e-11  1.13827e-11  0.00000e+00
6.811861877e-01  1.1425935e-11  1.14259e-11  1.14259e-11  0.00000e+00
6.845921186e-01  1.1468418e-11  1.14684e-11  1.14684e-11  0.00000e+00
6.880150792e-01  1.1510093e-11  1.15101e-11  1.15101e-11  0.00000e+00
6.914551546e-01  1.1550959e-11  1.15510e-11  1.15510e-11  0.00000e+00
6.949124304e-01  1.1591010e-11  1.15910e-11  1.15910e-11  0.00000e+00
6.983869925e-01  1.1630242e-11  1.16302e-11  1.16302e-11  0.00000e+00
7.018789275e-01  1.1668653e-11  1.16687e-11  1.16687e-11  0.00000e+00
7.053883221e-01  1.1706238e-11  1.17062e-11  1.17062e-11  0.00000e+00
7.089152637e-01  1.1742996e-11  1.17430e-11  1.17430e-11  0.00000e+00
7.124598400e-01  1.1778922e-11  1.17789e-11  1.17789e-11  0.00000e+00
7.160221392e-01  1.1814015e-11  1.18140e-11  1.18140e-11  0.00000e+00
7.196022499e-01  1.1848272e-11  1.18483e-11  1.18483e-11  0.00000e+00
7.232002612e-01  1.1881691e-11  1.18817e-11  1.18817e-11  0.00000e+00
7.268162625e-01  1.1914270e-11  1.19143e-11  1.19143e-11  0.00000e+00
7.304503438e-01  1.1946007e-11  1.19460e-11  1.19460e-11  0.00000e+00
7.341025955e-01  1.1976901e-11  1.19769e-11  1.19769e-11  0.00000e+00
7.377731085e-01  1.2006950e-11  1.20069e-11  1.20069e-11  0.00000e+00
7.414619740e-01  1.2036153e-11  1.20362e-11  1.20362e-11  0.00000e+00
7.451692839e-01  1.2064509e-11  1.20645e-11  1.20645e-11  0.00000e+00
7.488951303e-01  1.2092018e-11  1.20920e-11  1.20920e-11  0.00000e+00
7.526396060e-01  1.2118678e-11  1.21187e-11  1.21187e-11  0.00000e+00
7.564028040e-01  1.2144491e-11  1.21445e-11  1.21445e-11  0.00000e+00
7.601848180e-01  1.2169454e-11  1.21695e-11  1.21695e-11  0.00000e+00
7.639857421e-01  1.2193569e-11  1.21936e-11  1.21936e-11  0.00000e+00
7.678056708e-01  1.2216836e-11  1.22168e-11  1.22168e-11  0.00000e+00
7.716446992e-01  1.2239256e-11  1.22393e-11  1.22393e-11  0.00000e+00
7.755029227e-01  1.2260828e-11  1.22608e-11  1.22608e-11  0.00000e+00
7.793804373e-01  1.2281553e-11  1.22816e-11  1.22816e-11  0.00000e+00
7.832773395e-01  1.2301434e-11  1.23014e-11  1.23014e-11  0.00000e+00
7.871937262e-01  1.2320470e-11  1.23205e-11  1.23205e-11  0.00000e+00
7.911296948e-01  1.2338664e-11  1.23387e-11  1.23387e-11  0.00000e+00
7.950853433e-01  1.2356016e-11  1.23560e-11  1.23560e-11  0.00000e+00
7.990607700e-01  1.2372529e-11  1.23725e-11  1.23725e-11  0.00000e+00
8.030560739e-01  1.2388204e-11  1.23882e-11  1.23882e-11  0.00000e+00
8.070713542e-01  1.2403044e-11  1.24030e-11  1.24030e-11  0.00000e+00
8.111067110e-01  1.2417051e-11  1.24171e-11  1.24171e-11  0.00000e+00
8.151622446e-01  1.2430226e-11  1.24302e-11  1.24302e-11  0.00000e+00
8.192380558e-01  1.2442573e-11  1.24426e-11  1.24426e-11  0.00000e+00
8.233342461e-01  1.2454095e-11  1.24541e-11  1.24541e-11  0.00000e+00
8.274509173e-01  1.2464793e-11  1.24648e-11  1.24648e-11  0.00000e+00
8.315881719e-01  1.2474672e-11  1.24747e-11  1.24747e-11  0.00000e+00
8.357461127e-01  1.2483735e-11  1.24837e-11  1.24837e-11  0.00000e+00
8.399248433e-01  1.2491984e-11  1.24920e-11  1.24920e-11  0.00000e+00
8.441244675e-01  1.2499423e-11  1.24994e-11  1.24994e-11  0.00000e+00
8.483450899e-01  1.2506056e-11  1.25061e-11  1.25061e-11  0.00000e+00
8.525868153e-01  1.2511887e-11  1.25119e-11  1.25119e-11  0.00000e+00
8.568497494e-01  1.2516919e-11  1.25169e-11  1.25169e-11  0.00000e+00
8.611339981e-01  1.2521156e-11  1.25212e-11  1.25212e-11  0.00000e+00
8.654396681e-01  1.2524603e-11  1.25246e-11  1.25246e-11  0.00000e+00
8.697668665e-01  1.2527264e-11  1.25273e-11  1.25273e-11  0.00000e+00
8.741157008e-01  1.2529144e-11  1.25291e-11  1.25291e-11  0.00000e+00
8.784862793e-01  1.2530246e-11  1.25302e-11  1.25302e-11  0.00000e+00
8.828787107e-01  1.2530575e-11  1.25306e-11  1.25306e-11  0.00000e+00
8.872931042e-01  1.2530137e-11  1.25301e-11  1.25301e-11  0.00000e+00
8.917295698e-01  1.2528810e-11  1.25288e-11  1.25288e-11  1.18975e-34
8.961882176e-01  1.2526851e-11  1.25269e-11  1.25269e-11  1.53581e-34
9.006691587e-01  1.2524139e-11  1.25241e-11  1.25241e-11  1.97987e-34
9.051725045e-01  1.2520680e-11  1.25207e-11  1.25207e-11  2.54890e-34
9.096983670e-01  1.2516478e-11  1.25165e-11  1.25165e-11  3.27710e-34
9.142468589e-01  1.2511539e-11  1.25115e-11  1.25115e-11  4.20778e-34
9.188180931e-01  1.2505869e-11  1.25059e-11  1.25059e-11  5.39565e-34
9.234121836e-01  1.2499473e-11  1.24995e-11  1.24995e-11  6.90978e-34
9.280292445e-01  1.2492357e-11  1.24924e-11  1.24924e-11  8.83727e-34
9.326693908e-01  1.2484527e-11  1.24845e-11  1.24845e-11  1.12878e-33
9.373327377e-01  1.2475988e-11  1.24760e-11  1.24760e-11  1.43992e-33
9.420194014e-01  1.2466746e-11  1.24667e-11  1.24667e-11  1.83446e-33
9.467294984e-01  1.2456808e-11  1.24568e-11  1.24568e-11  2.33412e-33
9.514631459e-01  1.2446180e-11  1.24462e-11  1.24462e-11  2.96609e-33
9.562204616e-01  1.2434867e-11  1.24349e-11  1.24349e-11  3.76441e-33
9.610015639e-01  1.2422877e-11  1.24229e-11  1.24229e-11  4.77157e-33
9.658065718e-01  1.2410214e-11  1.24102e-11  1.24102e-11  6.04063e-33
9.706356046e-01  1.2396887e-11  1.23969e-11  1.23969e-11  7.63766e-33
9.754887826e-01  1.2382900e-11  1.23829e-11  1.23829e-11  9.64494e-33
9.803662265e-01  1.2368262e-11  1.23683e-11  1.23683e-11  1.21647e-32
9.852680577e-01  1.2352977e-11  1.23530e-11  1.23530e-11  1.53240e-32
9.901943980e-01  1.2337053e-11  1.23371e-11  1.23371e-11  1.92801e-32
9.951453700e-01  1.2320497e-11  1.23205e-11  1.23205e-11  2.42280e-32
1.000121097e+00  1.2303316e-11  1.23033e-11  1.23033e-11  3.04089e-32
1.005121702e+00  1.2285515e-11  1.22855e-11  1.22855e-11  3.81207e-32
1.010147311e+00  1.2266979e-11  1.22670e-11  1.22670e-11  9.54619e-32
1.015198047e+00  1.2247961e-11  1.22480e-11  1.22480e-11  1.19385e-31
1.020274038e+00  1.2228345e-11  1.22283e-11  1.22283e-11  1.49127e-31
1.025375408e+00  1.2208137e-11  1.22081e-11  1.22081e-11  1.86058e-31
1.030502285e+00  1.2187344e-11  1.21873e-11  1.21873e-11  2.31863e-31
1.035654796e+00  1.2165975e-11  1.21660e-11  1.21660e-11  2.88606e-31
1.040833070e+00  1.2144035e-11  1.21440e-11  1.21440e-11  3.58819e-31
1.046037236e+00  1.2121531e-11  1.21215e-11  1.21215e-11  4.45596e-31
1.051267422e+00  1.2098472e-11  1.20985e-11  1.20985e-11  5.52723e-31
1.056523759e+00  1.2074863e-11  1.20749e-11  1.20749e-11  6.84818e-31
1.061806378e+00  1.2050712e-11  1.20507e-11  1.20507e-11  8.47516e-31
1.067115410e+00  1.2026027e-11  1.20260e-11  1.20260e-11  1.04768e-30
1.072450987e+00  1.2000814e-11  1.20008e-11  1.20008e-11  1.29365e-30
1.077813242e+00  1.1974961e-11  1.19750e-11  1.19750e-11  2.39337e-30
1.083202308e+00  1.1948714e-11  1.19487e-11  1.19487e-11  2.94867e-30
1.088618319e+00  1.1921962e-11  1.19220e-11  1.19220e-11  3.62876e-30
1.094061411e+00  1.1894711e-11  1.18947e-11  1.18947e-11  4.46077e-30
1.099531718e+00  1.1866969e-11  1.18670e-11  1.18670e-11  5.47752e-30
1.105029377e+00  1.1838624e-11  1.18386e-11  1.18386e-11  8.95819e-30
1.110554523e+00  1.1809921e-11  1.18099e-11  1.18099e-11  1.09760e-29
1.116107296e+00  1.1780748e-11  1.17807e-11  1.17807e-11  1.34337e-29
1.121687832e+00  1.1751112e-11  1.17511e-11  1.17511e-11  1.64241e-29
1.127296272e+00  1.1721022e-11  1.17210e-11  1.17210e-11  2.00585e-29
1.132932753e+00  1.1690367e-11  1.16904e-11  1.16904e-11  3.05887e-29
1.138597417e+00  1.1659388e-11  1.16594e-11  1.16594e-11  3.72779e-29
1.144290404e+00  1.1627975e-11  1.16280e-11  1.16280e-11  4.53820e-29
1.150011856e+00  1.1596137e-11  1.15961e-11  1.15961e-11  5.51896e-29
1.155761915e+00  1.1563879e-11  1.15639e-11  1.15639e-11  6.70465e-29
1.161540725e+00  1.1531095e-11  1.15311e-11  1.15311e-11  9.76391e-29
1.167348428e+00  1.1498021e-11  1.14980e-11  1.14980e-11  1.18369e-28
1.173185171e+00  1.1464550e-11  1.14646e-11  1.14646e-11  1.43353e-28
1.179051096e+00  1.1430689e-11  1.14307e-11  1.14307e-11  1.73431e-28
1.184946352e+00  1.1396331e-11  1.13963e-11  1.13963e-11  2.44541e-28
1.190871084e+00  1.1361711e-11  1.13617e-11  1.13617e-11  2.95248e-28
1.196825439e+00  1.1326722e-11  1.13267e-11  1.13267e-11  3.56109e-28
1.202809566e+00  1.1291371e-11  1.12914e-11  1.12914e-11  4.29084e-28
1.208823614e+00  1.1255666e-11  1.12557e-11  1.12557e-11  5.16494e-28
1.214867732e+00  1.1219500e-11  1.12195e-11  1.12195e-11  7.09820e-28
1.220942071e+00  1.1183107e-11  1.11831e-11  1.11831e-11  8.52724e-28
1.227046781e+00  1.1146380e-11  1.11464e-11  1.11464e-11  1.02339e-27
1.233182015e+00  1.1109326e-11  1.11093e-11  1.11093e-11  1.22700e-27
1.239347925e+00  1.1071952e-11  1.10720e-11  1.10720e-11  1.46969e-27
1.245544665e+00  1.1034154e-11  1.10342e-11  1.10342e-11  1.97850e-27
1.251772388e+00  1.0996161e-11  1.09962e-11  1.09962e-11  2.36523e-27
1.258031250e+00  1.0957869e-11  1.09579e-11  1.09579e-11  2.82484e-27
1.264321406e+00  1.0919285e-11  1.09193e-11  1.09193e-11  3.37052e-27
1.270643013e+00  1.0880306e-11  1.08803e-11  1.08803e-11  4.46421e-27
1.276996228e+00  1.0841156e-11  1.08412e-11  1.08412e-11  5.31646e-27
1.283381209e+00  1.0801735e-11  1.08017e-11  1.08017e-11  6.32544e-27
1.289798116e+00  1.0762047e-11  1.07620e-11  1.07620e-11  7.51885e-27
1.296247106e+00  1.0721994e-11  1.07220e-11  1.07220e-11  9.82197e-27
1.302728342e+00  1.0681368e-11  1.06814e-11  1.06814e-11  1.58909e-26
1.309241983e+00  1.0639754e-11  1.06398e-11  1.06398e-11  3.26497e-26
1.315788193e+00  1.0597803e-11  1.05978e-11  1.05978e-11  5.65118e-26
1.322367134e+00  1.0555735e-11  1.05557e-11  1.05557e-11  8.62190e-26
1.328978970e+00  1.0513448e-11  1.05134e-11  1.05134e-11  1.24800e-25
1.335623865e+00  1.0470846e-11  1.04708e-11  1.04708e-11  1.76871e-25
1.342301984e+00  1.0428144e-11  1.04281e-11  1.04281e-11  2.40588e-25
1.349013494e+00  1.0385243e-11  1.03852e-11  1.03852e-11  3.21221e-25
1.355758561e+00  1.0342047e-11  1.03420e-11  1.03420e-11  4.26652e-25
1.362537354e+00  1.0298665e-11  1.02987e-11  1.02987e-11  5.58929e-25
1.369350041e+00  1.0255206e-11  1.02552e-11  1.02552e-11  7.18433e-25
1.376196791e+00  1.0211471e-11  1.02115e-11  1.02115e-11  9.22478e-25
1.383077775e+00  1.0167570e-11  1.01676e-11  1.01676e-11  1.17487e-24
1.389993164e+00  1.0123609e-11  1.01236e-11  1.01236e-11  1.47680e-24
1.396943130e+00  1.0079390e-11  1.00794e-11  1.00794e-11  1.85693e-24
1.403927846e+00  1.0035023e-11  1.00350e-11  1.00350e-11  2.32205e-24
1.410947485e+00  9.9905127e-12  9.99051e-12  9.99051e-12  2.88935e-24
1.418002222e+00  9.9458647e-12  9.94586e-12  9.94586e-12  3.57926e-24
1.425092233e+00  9.9010850e-12  9.90108e-12  9.90108e-12  4.41594e-24
1.432217694e+00  9.8560804e-12  9.85608e-12  9.85608e-12  5.45096e-24
1.439378783e+00  9.8110546e-12  9.81105e-12  9.81105e-12  6.67589e-24
1.446575677e+00  9.7659140e-12  9.76591e-12  9.76591e-12  8.15026e-24
1.453808555e+00  9.7206640e-12  9.72066e-12  9.72066e-12  9.92095e-24
1.461077598e+00  9.6752131e-12  9.67521e-12  9.67521e-12  1.20853e-23
1.468382986e+00  9.6297613e-12  9.62976e-12  9.62976e-12  1.46301e-23
1.475724901e+00  9.5841202e-12  9.58412e-12  9.58412e-12  1.77246e-23
1.483103525e+00  9.5383921e-12  9.53839e-12  9.53839e-12  2.14186e-23
1.490519043e+00  9.4926776e-12  9.49268e-12  9.49268e-12  2.57432e-23
1.497971638e+00  9.4467909e-12  9.44679e-12  9.44679e-12  3.09653e-23
1.505461496e+00  9.4008328e-12  9.40083e-12  9.40083e-12  3.71651e-23
1.512988804e+00  9.3548084e-12  9.35481e-12  9.35481e-12  4.45130e-23
1.520553748e+00  9.3087226e-12  9.30872e-12  9.30872e-12  5.32072e-23
1.528156517e+00  9.2625805e-12  9.26258e-12  9.26258e-12  6.34779e-23
1.535797299e+00  9.2163868e-12  9.21639e-12  9.21639e-12  7.55918e-23
1.543476286e+00  9.1722647e-12  9.17226e-12  9.17226e-12  8.50182e-23
1.551193667e+00  9.1280799e-12  9.12808e-12  9.12808e-12  9.54868e-23
1.558949636e+00  9.0838370e-12  9.08384e-12  9.08384e-12  1.07092e-22
1.566744384e+00  9.0396315e-12  9.03963e-12  9.03963e-12  1.19613e-22
1.574578106e+00  8.9952859e-12  8.99529e-12  8.99529e-12  1.33748e-22
1.582450996e+00  8.9509859e-12  8.95099e-12  8.95099e-12  1.48902e-22
1.590363251e+00  8.9065557e-12  8.90656e-12  8.90656e-12  1.65970e-22
1.598315067e+00  8.8621789e-12  8.86218e-12  8.86218e-12  1.84140e-22
1.606306643e+00  8.8176818e-12  8.81768e-12  8.81768e-12  2.04558e-22
1.614338176e+00  8.7732458e-12  8.77325e-12  8.77325e-12  2.26119e-22
1.622409867e+00  8.7286988e-12  8.72870e-12  8.72870e-12  2.50286e-22
1.630521916e+00  8.6842206e-12  8.68422e-12  8.68422e-12  2.75569e-22
1.638674526e+00  8.6397272e-12  8.63973e-12  8.63973e-12  3.02743e-22
1.646867898e+00  8.5952228e-12  8.59522e-12  8.59522e-12  3.31831e-22
1.655102238e+00  8.5507114e-12  8.55071e-12  8.55071e-12  3.62832e-22
1.663377749e+00  8.5061970e-12  8.50620e-12  8.50620e-12  3.95708e-22
1.671694638e+00  8.4616835e-12  8.46168e-12  8.46168e-12  4.30381e-22
1.680053111e+00  8.4171747e-12  8.41717e-12  8.41717e-12  4.66721e-22
1.688453377e+00  8.3726745e-12  8.37267e-12  8.37267e-12  5.04536e-22
1.696895643e+00  8.3281867e-12  8.32819e-12  8.32819e-12  5.43558e-22
1.705380122e+00  8.2837149e-12  8.28371e-12  8.28371e-12  5.83431e-22
1.713907022e+00  8.2392629e-12  8.23926e-12  8.23926e-12  6.23688e-22
1.722476557e+00  8.1949162e-12  8.19492e-12  8.19492e-12  6.59787e-22
1.731088940e+00  8.1505139e-12  8.15051e-12  8.15051e-12  6.98364e-22
1.739744385e+00  8.1062232e-12  8.10622e-12  8.10622e-12  7.29939e-22
1.748443107e+00  8.0618847e-12  8.06188e-12  8.06188e-12  7.62855e-22
1.757185322e+00  8.0176636e-12  8.01766e-12  8.01766e-12  7.84770e-22
1.765971249e+00  7.9734024e-12  7.97340e-12  7.97340e-12  8.06156e-22
1.774801105e+00  7.9292644e-12  7.92926e-12  7.92926e-12  8.11008e-22
1.783675111e+00  7.8851727e-12  7.88517e-12  7.88517e-12  8.03111e-22
1.792593486e+00  7.8410518e-12  7.84105e-12  7.84105e-12  7.89810e-22
1.801556454e+00  7.7964383e-12  7.79644e-12  7.79644e-12  8.42582e-22
1.810564236e+00  7.7490175e-12  7.74902e-12  7.74902e-12  1.38992e-21
1.819617057e+00  7.7016185e-12  7.70162e-12  7.70162e-12  2.07562e-21
1.828715142e+00  7.6543224e-12  7.65432e-12  7.65432e-12  2.90953e-21
1.837858718e+00  7.6070557e-12  7.60706e-12  7.60706e-12  3.93553e-21
1.847048012e+00  7.5599740e-12  7.55997e-12  7.55997e-12  5.14641e-21
1.856283252e+00  7.5129282e-12  7.51293e-12  7.51293e-12  6.61558e-21
1.865564668e+00  7.4659971e-12  7.46600e-12  7.46600e-12  8.36196e-21
1.874892491e+00  7.4191834e-12  7.41918e-12  7.41918e-12  1.04288e-20
1.884266954e+00  7.3724895e-12  7.37249e-12  7.37249e-12  1.28650e-20
1.893688289e+00  7.3259181e-12  7.32592e-12  7.32592e-12  1.57265e-20
1.903156730e+00  7.2794715e-12  7.27947e-12  7.27947e-12  1.90761e-20
1.912672514e+00  7.2330795e-12  7.23308e-12  7.23308e-12  2.30326e-20
1.922235876e+00  7.1868181e-12  7.18682e-12  7.18682e-12  2.76402e-20
1.931847056e+00  7.1406895e-12  7.14069e-12  7.14069e-12  3.29918e-20
1.941506291e+00  7.0946960e-12  7.09470e-12  7.09470e-12  3.91918e-20
1.951213822e+00  7.0487689e-12  7.04877e-12  7.04877e-12  4.64311e-20
1.960969892e+00  7.0030525e-12  7.00305e-12  7.00305e-12  5.47034e-20
1.970774741e+00  6.9574077e-12  6.95741e-12  6.95741e-12  6.43140e-20
1.980628615e+00  6.9119073e-12  6.91191e-12  6.91191e-12  7.53587e-20
1.990531758e+00  6.8665534e-12  6.86655e-12  6.86655e-12  8.80271e-20
2.000484417e+00  6.8215543e-12  6.82155e-12  6.82155e-12  1.02154e-19
2.010486839e+00  6.7810088e-12  6.78101e-12  6.78101e-12  1.09473e-19
2.020539273e+00  6.7405590e-12  6.74056e-12  6.74056e-12  1.17085e-19
2.030641969e+00  6.7002071e-12  6.70021e-12  6.70021e-12  1.24967e-19
2.040795179e+00  6.6599550e-12  6.65996e-12  6.65995e-12  1.33088e-19
2.050999155e+00  6.6198715e-12  6.61987e-12  6.61987e-12  1.41196e-19
2.061254151e+00  6.5798247e-12  6.57982e-12  6.57982e-12  1.49642e-19
2.071560421e+00  6.5399493e-12  6.53995e-12  6.53995e-12  1.57913e-19
2.081918224e+00  6.5001807e-12  6.50018e-12  6.50018e-12  1.66139e-19
2.092327815e+00  6.4605207e-12  6.46052e-12  6.46052e-12  1.74222e-19
2.102789454e+00  6.4209710e-12  6.42097e-12  6.42097e-12  1.82045e-19
2.113303401e+00  6.3815334e-12  6.38153e-12  6.38153e-12  1.89474e-19
2.123869918e+00  6.3422733e-12  6.34227e-12  6.34227e-12  1.95919e-19
2.134489268e+00  6.3030645e-12  6.30306e-12  6.30306e-12  2.02010e-19
2.145161714e+00  6.2640358e-12  6.26404e-12  6.26404e-12  2.06624e-19
2.155887523e+00  6.2251249e-12  6.22512e-12  6.22512e-12  2.09929e-19
2.166666960e+00  6.1863335e-12  6.18633e-12  6.18633e-12  2.11631e-19
2.177500295e+00  6.1476631e-12  6.14766e-12  6.14766e-12  2.11391e-19
2.188387796e+00  6.1091765e-12  6.10918e-12  6.10918e-12  2.08058e-19
2.199329735e+00  6.0707522e-12  6.07075e-12  6.07075e-12  2.02656e-19
2.210326384e+00  6.0325137e-12  6.03251e-12  6.03251e-12  1.93066e-19
2.221378016e+00  5.9944012e-12  5.99440e-12  5.99440e-12  1.79478e-19
2.232484906e+00  5.9564160e-12  5.95642e-12  5.95642e-12  1.61244e-19
2.243647331e+00  5.9185595e-12  5.91856e-12  5.91856e-12  1.37634e-19
2.254865567e+00  5.8797735e-12  5.87977e-12  5.87977e-12  1.32095e-19
2.266139895e+00  5.8397885e-12  5.83979e-12  5.83979e-12  1.58113e-19
2.277470595e+00  5.7999682e-12  5.79997e-12  5.79997e-12  1.87816e-19
2.288857948e+00  5.7602558e-12  5.76026e-12  5.76026e-12  2.23412e-19
2.300302237e+00  5.7207682e-12  5.72077e-12  5.72077e-12  2.62000e-19
2.311803748e+00  5.6813913e-12  5.68139e-12  5.68139e-12  3.07851e-19
2.323362767e+00  5.6422401e-12  5.64224e-12  5.64224e-12  3.57496e-19
2.334979581e+00  5.6032022e-12  5.60320e-12  5.60320e-12  4.16052e-19
2.346654479e+00  5.5643910e-12  5.56439e-12  5.56439e-12  4.79379e-19
2.358387751e+00  5.5256955e-12  5.52570e-12  5.52569e-12  5.53593e-19
2.370179690e+00  5.4871724e-12  5.48717e-12  5.48717e-12  6.37060e-19
2.382030589e+00  5.4488773e-12  5.44888e-12  5.44888e-12  7.27173e-19
2.393940742e+00  5.4107011e-12  5.41070e-12  5.41070e-12  8.31890e-19
2.405910445e+00  5.3726996e-12  5.37270e-12  5.37270e-12  9.49092e-19
2.417939997e+00  5.3348734e-12  5.33487e-12  5.33487e-12  1.08007e-18
2.430029697e+00  5.2972232e-12  5.29722e-12  5.29722e-12  1.22622e-18
2.442179846e+00  5.2597494e-12  5.25975e-12  5.25975e-12  1.38909e-18
2.454390745e+00  5.2224527e-12  5.22245e-12  5.22245e-12  1.57033e-18
2.466662699e+00  5.1853337e-12  5.18533e-12  5.18533e-12  1.77177e-18
2.478996012e+00  5.1483927e-12  5.14839e-12  5.14839e-12  1.99537e-18
2.491390992e+00  5.1116304e-12  5.11163e-12  5.11163e-12  2.24328e-18
2.503847947e+00  5.0745890e-12  5.07459e-12  5.07459e-12  2.59284e-18
2.516367187e+00  5.0367229e-12  5.03672e-12  5.03672e-12  3.16511e-18
2.528949023e+00  4.9990575e-12  4.99906e-12  4.99905e-12  3.81389e-18
2.541593768e+00  4.9615930e-12  4.96159e-12  4.96159e-12  4.54729e-18
2.554301737e+00  4.9243297e-12  4.92433e-12  4.92432e-12  5.37416e-18
2.567073246e+00  4.8872676e-12  4.88727e-12  4.88726e-12  6.30412e-18
2.579908612e+00  4.8503582e-12  4.85036e-12  4.85035e-12  7.36110e-18
2.592808155e+00  4.8136512e-12  4.81365e-12  4.81364e-12  8.54518e-18
2.605772196e+00  4.7771465e-12  4.77715e-12  4.77714e-12  9.86891e-18
2.618801057e+00  4.7408443e-12  4.74084e-12  4.74083e-12  1.13459e-17
2.631895062e+00  4.7047446e-12  4.70474e-12  4.70473e-12  1.29910e-17
2.645054537e+00  4.6688004e-12  4.66880e-12  4.66879e-12  1.48398e-17
2.658279810e+00  4.6330596e-12  4.63306e-12  4.63304e-12  1.68931e-17
2.671571209e+00  4.5975220e-12  4.59752e-12  4.59750e-12  1.91696e-17
2.684929065e+00  4.5621876e-12  4.56219e-12  4.56217e-12  2.16900e-17
2.698353710e+00  4.5270564e-12  4.52706e-12  4.52703e-12  2.44763e-17
2.711845479e+00  4.3921893e-12  4.39219e-12  4.39210e-12  9.13680e-17
2.725404706e+00  4.2446474e-12  4.24465e-12  4.24447e-12  1.78306e-16
2.739031730e+00  4.0984478e-12  4.09845e-12  4.09817e-12  2.78325e-16
2.752726889e+00  3.9535016e-12  3.95350e-12  3.95311e-12  3.92890e-16
2.766490523e+00  3.8098984e-12  3.80990e-12  3.80937e-12  5.23453e-16
2.780322976e+00  3.6675940e-12  3.66759e-12  3.66692e-12  6.71699e-16
2.794224591e+00  3.5265458e-12  3.52655e-12  3.52571e-12  8.39463e-16
2.808195713e+00  3.3868411e-12  3.38684e-12  3.38581e-12  1.02860e-15
2.822236692e+00  3.2483942e-12  3.24839e-12  3.24715e-12  1.24129e-15
2.836347875e+00  3.1112491e-12  3.11125e-12  3.10977e-12  1.47976e-15
2.850529615e+00  2.9753642e-12  2.97536e-12  2.97362e-12  1.74651e-15
2.864782263e+00  2.8407830e-12  2.84078e-12  2.83874e-12  2.04414e-15
2.879106174e+00  2.7075061e-12  2.70751e-12  2.70513e-12  2.37548e-15
2.893501705e+00  2.5754932e-12  2.57549e-12  2.57275e-12  2.74367e-15
2.907969214e+00  2.4447462e-12  2.44475e-12  2.44159e-12  3.15202e-15
2.922509060e+00  2.3153074e-12  2.31531e-12  2.31170e-12  3.60400e-15
2.937121605e+00  2.1871378e-12  2.18714e-12  2.18303e-12  4.10351e-15
2.951807213e+00  2.0602796e-12  2.06028e-12  2.05563e-12  4.65454e-15
2.966566249e+00  1.9346549e-12  1.93465e-12  1.92939e-12  5.26169e-15
2.981399080e+00  1.8103066e-12  1.81031e-12  1.80438e-12  5.92955e-15
2.996306076e+00  1.6872764e-12  1.68728e-12  1.68061e-12  6.66308e-15
3.011287606e+00  1.6398478e-12  1.63985e-12  1.63262e-12  7.22746e-15
3.026344044e+00  1.6171797e-12  1.61718e-12  1.60943e-12  7.75074e-15
3.041475764e+00  1.5947458e-12  1.59475e-12  1.58644e-12  8.30854e-15
3.056683143e+00  1.5725096e-12  1.57251e-12  1.56361e-12  8.90307e-15
3.071966559e+00  1.5505110e-12  1.55051e-12  1.54097e-12  9.53631e-15
3.087326392e+00  1.5287143e-12  1.52871e-12  1.51850e-12  1.02107e-14
3.102763024e+00  1.5071588e-12  1.50716e-12  1.49623e-12  1.09284e-14
3.118276839e+00  1.4858462e-12  1.48585e-12  1.47415e-12  1.16920e-14
3.133868223e+00  1.4647422e-12  1.46474e-12  1.45224e-12  1.25042e-14
3.149537564e+00  1.4438855e-12  1.44389e-12  1.43052e-12  1.33676e-14
3.165285252e+00  1.4232425e-12  1.42324e-12  1.40896e-12  1.42853e-14
3.181111678e+00  1.4028515e-12  1.40285e-12  1.38759e-12  1.52601e-14
3.197017237e+00  1.3826800e-12  1.38268e-12  1.36638e-12  1.62954e-14
3.213002323e+00  1.4810275e-12  1.48103e-12  1.46459e-12  1.64342e-14
3.229067334e+00  1.6052840e-12  1.60528e-12  1.58900e-12  1.62811e-14
3.245212671e+00  1.7280597e-12  1.72806e-12  1.71203e-12  1.60340e-14
3.261438734e+00  1.8493827e-12  1.84938e-12  1.83370e-12  1.56824e-14
3.277745928e+00  1.9692456e-12  1.96925e-12  1.95403e-12  1.52152e-14
3.294134658e+00  2.0876070e-12  2.08761e-12  2.07299e-12  1.46209e-14
3.310605331e+00  2.2045250e-12  2.20452e-12  2.19064e-12  1.38861e-14
3.327158358e+00  2.3199237e-12  2.31992e-12  2.30693e-12  1.29978e-14
3.343794149e+00  2.4338585e-12  2.43386e-12  2.42192e-12  1.19406e-14
3.360513120e+00  2.5462530e-12  2.54625e-12  2.53555e-12  1.07000e-14
3.377315686e+00  2.6571914e-12  2.65719e-12  2.64793e-12  9.25777e-15
3.394202264e+00  2.7554037e-12  2.75540e-12  2.74762e-12  7.78677e-15
3.411173276e+00  2.7780775e-12  2.77808e-12  2.77064e-12  7.44158e-15
3.428229142e+00  2.8003651e-12  2.80037e-12  2.79334e-12  7.02345e-15
3.445370288e+00  2.8222294e-12  2.82223e-12  2.81570e-12  6.52629e-15
3.462597139e+00  2.8436342e-12  2.84363e-12  2.83769e-12  5.94372e-15
3.479910125e+00  2.8646345e-12  2.86463e-12  2.85937e-12  5.26694e-15
3.497309675e+00  2.8851928e-12  2.88519e-12  2.88070e-12  4.48862e-15
3.514796224e+00  2.8753549e-12  2.87535e-12  2.87096e-12  4.39590e-15
3.532370205e+00  2.8600646e-12  2.86006e-12  2.85563e-12  4.42959e-15
3.550032056e+00  2.8448233e-12  2.84482e-12  2.84037e-12  4.45126e-15
3.567782216e+00  2.8296585e-12  2.82966e-12  2.82520e-12  4.45868e-15
3.585621127e+00  2.8145109e-12  2.81451e-12  2.81006e-12  4.45225e-15
3.603549233e+00  2.7994361e-12  2.79944e-12  2.79501e-12  4.42859e-15
3.621566979e+00  2.7844318e-12  2.78443e-12  2.78005e-12  4.38595e-15
3.639674814e+00  2.7694400e-12  2.76944e-12  2.76512e-12  4.32475e-15
3.657873188e+00  2.7545144e-12  2.75451e-12  2.75027e-12  4.24098e-15
3.676162554e+00  2.7396252e-12  2.73963e-12  2.73549e-12  4.13381e-15
3.694543367e+00  2.7247969e-12  2.72480e-12  2.72080e-12  3.99991e-15
3.713016084e+00  2.7100001e-12  2.71000e-12  2.70616e-12  3.83832e-15
3.731581164e+00  2.6952325e-12  2.69523e-12  2.69159e-12  3.64679e-15
3.750239070e+00  2.6803882e-12  2.68039e-12  2.67696e-12  3.42909e-15
3.768990265e+00  2.6576783e-12  2.65768e-12  2.65400e-12  3.67677e-15
3.787835216e+00  2.6351534e-12  2.63515e-12  2.63121e-12  3.93947e-15
3.806774393e+00  2.6127885e-12  2.61279e-12  2.60857e-12  4.21972e-15
3.825808265e+00  2.5906091e-12  2.59061e-12  2.58609e-12  4.51669e-15
3.844937306e+00  2.5686151e-12  2.56862e-12  2.56378e-12  4.83120e-15
3.864161992e+00  2.5468065e-12  2.54681e-12  2.54164e-12  5.16412e-15
3.883482802e+00  2.5251596e-12  2.52516e-12  2.51964e-12  5.51847e-15
3.902900216e+00  2.5037222e-12  2.50372e-12  2.49783e-12  5.89097e-15
3.922414717e+00  2.4824474e-12  2.48245e-12  2.47616e-12  6.28700e-15
3.942026791e+00  2.4613362e-12  2.46134e-12  2.45463e-12  6.70787e-15
3.961736925e+00  2.4404346e-12  2.44043e-12  2.43328e-12  7.14977e-15
3.981545610e+00  2.4196975e-12  2.41970e-12  2.41208e-12  7.61886e-15
4.001453338e+00  2.3989741e-12  2.39897e-12  2.39084e-12  8.13659e-15
4.021460604e+00  2.3762799e-12  2.37628e-12  2.36730e-12  8.98470e-15
4.041567907e+00  2.3538266e-12  2.35383e-12  2.34393e-12  9.89407e-15
4.061775747e+00  2.3316169e-12  2.33162e-12  2.32075e-12  1.08681e-14
4.082084626e+00  2.3096536e-12  2.30965e-12  2.29774e-12  1.19104e-14
4.102495049e+00  2.2879396e-12  2.28794e-12  2.27492e-12  1.30246e-14
4.123007524e+00  2.2664976e-12  2.26650e-12  2.25229e-12  1.42108e-14
4.143622562e+00  2.2453106e-12  2.24531e-12  2.22983e-12  1.54765e-14
4.164340674e+00  2.2243819e-12  2.22438e-12  2.20756e-12  1.68258e-14
4.185162378e+00  2.2037150e-12  2.20372e-12  2.18545e-12  1.82631e-14
4.206088190e+00  2.1833136e-12  2.18331e-12  2.16352e-12  1.97928e-14
4.227118631e+00  2.1631995e-12  2.16320e-12  2.14178e-12  2.14149e-14
4.248254224e+00  2.1433405e-12  2.14334e-12  2.12020e-12  2.31434e-14
4.269495495e+00  2.1237762e-12  2.12378e-12  2.09880e-12  2.49737e-14
4.290842972e+00  2.1044930e-12  2.10449e-12  2.07758e-12  2.69158e-14
4.312297187e+00  2.0854957e-12  2.08550e-12  2.05652e-12  2.89748e-14
4.333858673e+00  2.0668047e-12  2.06680e-12  2.03565e-12  3.11508e-14
4.355527967e+00  2.0483928e-12  2.04839e-12  2.01493e-12  3.34605e-14
4.377305606e+00  2.0302965e-12  2.03030e-12  1.99440e-12  3.58983e-14
4.399192134e+00  2.0124905e-12  2.01249e-12  1.97401e-12  3.84825e-14
4.421188095e+00  1.9950101e-12  1.99501e-12  1.95380e-12  4.12067e-14
4.443294036e+00  1.9778459e-12  1.97785e-12  1.93376e-12  4.40836e-14
4.465510506e+00  1.9610038e-12  1.96100e-12  1.91388e-12  4.71201e-14
4.487838058e+00  1.9445027e-12  1.94450e-12  1.89419e-12  5.03156e-14
4.510277249e+00  1.9303945e-12  1.93039e-12  1.87801e-12  5.23812e-14
4.532828635e+00  1.9188382e-12  1.91884e-12  1.86593e-12  5.29034e-14
4.555492778e+00  1.9072946e-12  1.90729e-12  1.85393e-12  5.33635e-14
4.578270242e+00  1.8957691e-12  1.89577e-12  1.84202e-12  5.37473e-14
4.601161593e+00  1.8842334e-12  1.88423e-12  1.83017e-12  5.40669e-14
4.624167401e+00  1.8726929e-12  1.87269e-12  1.81838e-12  5.43081e-14
4.647288238e+00  1.8611507e-12  1.86115e-12  1.80670e-12  5.44553e-14
4.670524679e+00  1.8495811e-12  1.84958e-12  1.79506e-12  5.45216e-14
4.693877303e+00  1.8379872e-12  1.83799e-12  1.78350e-12  5.44914e-14
4.717346689e+00  1.8263621e-12  1.82636e-12  1.77200e-12  5.43582e-14
4.740933423e+00  1.8146985e-12  1.81470e-12  1.76058e-12  5.41150e-14
4.764638090e+00  1.8029890e-12  1.80299e-12  1.74923e-12  5.37550e-14
4.788461280e+00  1.7912319e-12  1.79123e-12  1.73797e-12  5.32587e-14
4.812403587e+00  1.7794067e-12  1.77941e-12  1.72676e-12  5.26425e-14
4.836465604e+00  1.7675116e-12  1.76751e-12  1.71562e-12  5.18868e-14
4.860647933e+00  1.7555383e-12  1.75554e-12  1.70455e-12  5.09836e-14
4.884951172e+00  1.7434781e-12  1.74348e-12  1.69355e-12  4.99245e-14
4.909375928e+00  1.7313218e-12  1.73132e-12  1.68262e-12  4.87011e-14
4.933922808e+00  1.7190626e-12  1.71906e-12  1.67177e-12  4.72894e-14
4.958592422e+00  1.7066856e-12  1.70669e-12  1.66098e-12  4.57098e-14
4.983385384e+00  1.6941840e-12  1.69418e-12  1.65025e-12  4.39384e-14
5.008302311e+00  1.6815253e-12  1.68153e-12  1.63802e-12  4.35076e-14
5.033343822e+00  1.6689404e-12  1.66894e-12  1.62271e-12  4.62258e-14
5.058510541e+00  1.6566081e-12  1.65661e-12  1.60754e-12  4.90662e-14
5.083803094e+00  1.6445314e-12  1.64453e-12  1.59250e-12  5.20325e-14
5.109222110e+00  1.6327160e-12  1.63272e-12  1.57757e-12  5.51476e-14
5.134768220e+00  1.6211637e-12  1.62116e-12  1.56277e-12  5.83978e-14
5.160442061e+00  1.6098820e-12  1.60988e-12  1.54807e-12  6.18074e-14
5.186244272e+00  1.5988666e-12  1.59887e-12  1.53353e-12  6.53409e-14
5.212175493e+00  1.5881356e-12  1.58814e-12  1.51907e-12  6.90649e-14
5.238236370e+00  1.5776776e-12  1.57768e-12  1.50476e-12  7.29214e-14
5.264427552e+00  1.5675085e-12  1.56751e-12  1.49055e-12  7.69584e-14
5.290749690e+00  1.5576262e-12  1.55763e-12  1.47647e-12  8.11589e-14
5.317203438e+00  1.5480433e-12  1.54804e-12  1.46249e-12  8.55519e-14
5.343789456e+00  1.5387563e-12  1.53876e-12  1.44864e-12  9.01191e-14
5.370508403e+00  1.5297798e-12  1.52978e-12  1.43489e-12  9.48910e-14
5.397360945e+00  1.5211088e-12  1.52111e-12  1.42126e-12  9.98483e-14
5.424347750e+00  1.5127471e-12  1.51275e-12  1.40775e-12  1.04996e-13
5.451469488e+00  1.5047126e-12  1.50471e-12  1.39435e-12  1.10366e-13
5.478726836e+00  1.4969975e-12  1.49700e-12  1.38106e-12  1.15939e-13
5.506120470e+00  1.4905614e-12  1.49056e-12  1.36702e-12  1.23543e-13
5.533651072e+00  1.4881073e-12  1.48811e-12  1.35011e-12  1.37995e-13
5.561319328e+00  1.4865771e-12  1.48658e-12  1.33336e-12  1.53217e-13
5.589125924e+00  1.4859772e-12  1.48598e-12  1.31678e-12  1.69201e-13
5.617071554e+00  1.4863697e-12  1.48637e-12  1.30033e-12  1.86039e-13
5.645156912e+00  1.4877421e-12  1.48774e-12  1.28405e-12  2.03693e-13
5.673382696e+00  1.4901398e-12  1.49014e-12  1.26792e-12  2.22221e-13
5.701749610e+00  1.4935898e-12  1.49359e-12  1.25194e-12  2.41651e-13
5.730258358e+00  1.4981193e-12  1.49812e-12  1.23611e-12  2.62013e-13
5.758909650e+00  1.5037310e-12  1.50373e-12  1.22043e-12  2.83297e-13
5.787704198e+00  1.5105025e-12  1.51050e-12  1.20490e-12  3.05607e-13
5.816642719e+00  1.5184107e-12  1.51841e-12  1.18952e-12  3.28895e-13
5.845725932e+00  1.5275100e-12  1.52751e-12  1.17428e-12  3.53229e-13
5.874954562e+00  1.5378298e-12  1.53783e-12  1.15919e-12  3.78641e-13
5.904329335e+00  1.5493998e-12  1.54940e-12  1.14424e-12  4.05160e-13
5.933850982e+00  1.5622178e-12  1.56222e-12  1.12944e-12  4.32773e-13
5.963520237e+00  1.5763781e-12  1.57638e-12  1.11478e-12  4.61600e-13
5.993337838e+00  1.5918452e-12  1.59185e-12  1.10026e-12  4.91582e-13
6.023304527e+00  1.5997421e-12  1.59974e-12  1.08887e-12  5.10874e-13
6.053421050e+00  1.6056969e-12  1.60570e-12  1.07841e-12  5.27284e-13
6.083688155e+00  1.6121017e-12  1.61210e-12  1.06806e-12  5.44037e-13
6.114106596e+00  1.6190383e-12  1.61904e-12  1.05780e-12  5.61242e-13
6.144677129e+00  1.6264731e-12  1.62647e-12  1.04762e-12  5.78853e-13
6.175400514e+00  1.6344540e-12  1.63445e-12  1.03752e-12  5.96930e-13
6.206277517e+00  1.6402984e-12  1.64030e-12  1.02820e-12  6.12099e-13
6.237308904e+00  1.6356916e-12  1.63569e-12  1.02162e-12  6.14076e-13
6.268495449e+00  1.6306863e-12  1.63069e-12  1.01507e-12  6.15612e-13
6.299837926e+00  1.6253135e-12  1.62531e-12  1.00856e-12  6.16751e-13
6.331337116e+00  1.6194573e-12  1.61946e-12  1.00210e-12  6.17355e-13
6.362993801e+00  1.6131465e-12  1.61315e-12  9.95684e-13  6.17463e-13
6.394808770e+00  1.6063619e-12  1.60636e-12  9.89305e-13  6.17057e-13
6.426782814e+00  1.5990287e-12  1.59903e-12  9.82978e-13  6.16051e-13
6.458916728e+00  1.5912367e-12  1.59124e-12  9.76679e-13  6.14558e-13
6.491211312e+00  1.5828533e-12  1.58285e-12  9.70431e-13  6.12423e-13
6.523667368e+00  1.5820743e-12  1.58207e-12  9.62798e-13  6.19277e-13
6.556285705e+00  1.5843391e-12  1.58434e-12  9.54696e-13  6.29643e-13
6.589067134e+00  1.5866405e-12  1.58664e-12  9.46667e-13  6.39974e-13
6.622012469e+00  1.5890352e-12  1.58904e-12  9.38700e-13  6.50335e-13
6.655122532e+00  1.5915190e-12  1.59152e-12  9.30796e-13  6.60723e-13
6.688398144e+00  1.5940190e-12  1.59402e-12  9.22963e-13  6.71056e-13
6.721840135e+00  1.5966673e-12  1.59667e-12  9.15181e-13  6.81487e-13
6.755449336e+00  1.5993199e-12  1.59932e-12  9.07469e-13  6.91851e-13
6.789226583e+00  1.6020416e-12  1.60204e-12  8.99818e-13  7.02224e-13
6.823172715e+00  1.6047517e-12  1.60475e-12  8.92236e-13  7.12516e-13
6.857288579e+00  1.6075966e-12  1.60760e-12  8.84703e-13  7.22893e-13
6.891575022e+00  1.6104173e-12  1.61042e-12  8.77239e-13  7.33178e-13
6.926032897e+00  1.6132857e-12  1.61329e-12  8.69833e-13  7.43452e-13
6.960663062e+00  1.6161133e-12  1.61611e-12  8.62495e-13  7.53618e-13
6.995466377e+00  1.6189755e-12  1.61898e-12  8.55214e-13  7.63762e-13
7.030443709e+00  1.6219551e-12  1.62196e-12  8.47981e-13  7.73975e-13
7.065595927e+00  1.6247844e-12  1.62478e-12  8.40822e-13  7.83962e-13
7.100923907e+00  1.6277217e-12  1.62772e-12  8.33711e-13  7.94010e-13
7.136428526e+00  1.6305806e-12  1.63058e-12  8.26665e-13  8.03916e-13
7.172110669e+00  1.6334461e-12  1.63345e-12  8.19674e-13  8.13772e-13
7.207971222e+00  1.6358241e-12  1.63582e-12  8.12782e-13  8.23042e-13
7.244011079e+00  1.6361811e-12  1.63618e-12  8.06118e-13  8.30063e-13
7.280231134e+00  1.6363231e-12  1.63632e-12  7.99514e-13  8.36810e-13
7.316632290e+00  1.6363415e-12  1.63634e-12  7.92959e-13  8.43383e-13
7.353215451e+00  1.6362299e-12  1.63623e-12  7.86453e-13  8.49777e-13
7.389981528e+00  1.6359819e-12  1.63598e-12  7.79997e-13  8.55985e-13
7.426931436e+00  1.6354806e-12  1.63548e-12  7.73598e-13  8.61883e-13
7.464066093e+00  1.6347131e-12  1.63471e-12  7.67255e-13  8.67458e-13
7.501386424e+00  1.6338961e-12  1.63390e-12  7.60953e-13  8.72944e-13
7.538893356e+00  1.6327958e-12  1.63280e-12  7.54706e-13  8.78090e-13
7.576587822e+00  1.6313990e-12  1.63140e-12  7.48514e-13  8.82885e-13
7.614470762e+00  1.6298142e-12  1.62981e-12  7.42370e-13  8.87445e-13
7.652543115e+00  1.6280351e-12  1.62804e-12  7.36272e-13  8.91764e-13
7.690805831e+00  1.6259293e-12  1.62593e-12  7.30228e-13  8.95702e-13
7.729259860e+00  1.6236120e-12  1.62361e-12  7.24229e-13  8.99383e-13
7.767906159e+00  1.6209463e-12  1.62095e-12  7.18284e-13  9.02662e-13
7.806745690e+00  1.6180520e-12  1.61805e-12  7.12385e-13  9.05667e-13
7.845779419e+00  1.6149229e-12  1.61492e-12  7.06530e-13  9.08393e-13
7.885008316e+00  1.6114152e-12  1.61142e-12  7.00727e-13  9.10689e-13
7.924433357e+00  1.5995351e-12  1.59954e-12  6.95397e-13  9.04138e-13
7.964055524e+00  1.5821385e-12  1.58214e-12  6.90361e-13  8.91778e-13
8.003875802e+00  1.5638890e-12  1.56389e-12  6.85363e-13  8.78526e-13
8.043895181e+00  1.5447700e-12  1.54477e-12  6.80403e-13  8.64367e-13
8.084114657e+00  1.5247654e-12  1.52477e-12  6.75481e-13  8.49285e-13
8.124535230e+00  1.5038589e-12  1.50386e-12  6.70596e-13  8.33263e-13
8.165157906e+00  1.4820346e-12  1.48203e-12  6.65748e-13  8.16286e-13
8.205983696e+00  1.4627280e-12  1.46273e-12  6.60785e-13  8.01943e-13
8.247013614e+00  1.4628158e-12  1.46282e-12  6.54986e-13  8.07830e-13
8.288248682e+00  1.4626737e-12  1.46267e-12  6.49242e-13  8.13431e-13
8.329689926e+00  1.4626193e-12  1.46262e-12  6.43539e-13  8.19080e-13
8.371338375e+00  1.4623232e-12  1.46232e-12  6.37890e-13  8.24433e-13
8.413195067e+00  1.4619437e-12  1.46194e-12  6.32289e-13  8.29655e-13
8.455261042e+00  1.4614775e-12  1.46148e-12  6.26733e-13  8.34744e-13
8.497537348e+00  1.4609212e-12  1.46092e-12  6.21224e-13  8.39697e-13
8.540025034e+00  1.4639838e-12  1.46398e-12  6.15625e-13  8.48358e-13
8.582725160e+00  1.4674144e-12  1.46741e-12  6.10062e-13  8.57353e-13
8.625638785e+00  1.4706799e-12  1.47068e-12  6.04552e-13  8.66127e-13
8.668766979e+00  1.4739544e-12  1.47395e-12  5.99090e-13  8.74864e-13
8.712110814e+00  1.4785433e-12  1.47854e-12  5.93632e-13  8.84911e-13
8.755671368e+00  1.4865816e-12  1.48658e-12  5.88110e-13  8.98472e-13
8.799449725e+00  1.4945563e-12  1.49456e-12  5.82643e-13  9.11913e-13
8.843446974e+00  1.5028465e-12  1.50285e-12  5.77219e-13  9.25628e-13
8.887664209e+00  1.5110631e-12  1.51106e-12  5.71849e-13  9.39214e-13
8.932102530e+00  1.5195955e-12  1.51960e-12  5.66521e-13  9.53075e-13
8.976763042e+00  1.5280443e-12  1.52804e-12  5.61246e-13  9.66798e-13
9.021646857e+00  1.5361946e-12  1.53619e-12  5.56030e-13  9.80165e-13
9.066755092e+00  1.5438209e-12  1.54382e-12  5.50878e-13  9.92943e-13
9.112088867e+00  1.5513176e-12  1.55132e-12  5.45777e-13  1.00554e-12
9.157649312e+00  1.5590993e-12  1.55910e-12  5.40715e-13  1.01838e-12
9.203437558e+00  1.5663108e-12  1.56631e-12  5.35716e-13  1.03059e-12
9.249454746e+00  1.5690079e-12  1.56901e-12  5.30878e-13  1.03813e-12
9.295702020e+00  1.5716512e-12  1.57165e-12  5.26081e-13  1.04557e-12
9.342180530e+00  1.5740154e-12  1.57402e-12  5.21331e-13  1.05268e-12
9.388891432e+00  1.5763155e-12  1.57632e-12  5.16623e-13  1.05969e-12
9.435835890e+00  1.5785492e-12  1.57855e-12  5.11955e-13  1.06659e-12
9.483015069e+00  1.5809444e-12  1.58094e-12  5.07322e-13  1.07362e-12
9.530430144e+00  1.5809424e-12  1.58094e-12  5.02781e-13  1.07816e-12
9.578082295e+00  1.5798777e-12  1.57988e-12  4.98301e-13  1.08158e-12
9.625972707e+00  1.5784323e-12  1.57843e-12  4.93864e-13  1.08457e-12
9.674102570e+00  1.5770779e-12  1.57708e-12  4.89459e-13  1.08762e-12
9.722473083e+00  1.5753333e-12  1.57533e-12  4.85097e-13  1.09024e-12
9.771085448e+00  1.5734350e-12  1.57343e-12  4.80772e-13  1.09266e-12
9.819940876e+00  1.5773427e-12  1.57734e-12  4.76365e-13  1.10098e-12
9.869040580e+00  1.5904993e-12  1.59050e-12  4.71814e-13  1.11869e-12
9.918385783e+00  1.6038045e-12  1.60380e-12  4.67304e-13  1.13650e-12
9.967977712e+00  1.6172553e-12  1.61726e-12  4.62836e-13  1.15442e-12
1.001781760e+01  1.6626434e-12  1.66264e-12  4.57820e-13  1.20482e-12
1.006790669e+01  1.7664668e-12  1.76647e-12  4.51804e-13  1.31466e-12
1.011824622e+01  1.8726681e-12  1.87267e-12  4.45850e-13  1.42682e-12
1.016883745e+01  1.9812498e-12  1.98125e-12  4.39956e-13  1.54129e-12
1.021968164e+01  2.0922134e-12  2.09221e-12  4.34123e-13  1.65809e-12
1.027078005e+01  2.2055597e-12  2.20556e-12  4.28350e-13  1.77721e-12
1.032213395e+01  2.3212888e-12  2.32129e-12  4.22636e-13  1.89865e-12
1.037374462e+01  2.4391241e-12  2.43912e-12  4.16986e-13  2.02214e-12
1.042561334e+01  2.5596133e-12  2.55961e-12  4.11390e-13  2.14822e-12
1.047774141e+01  2.6821998e-12  2.68220e-12  4.05856e-13  2.27634e-12
1.053013012e+01  2.8074395e-12  2.80744e-12  4.00374e-13  2.40707e-12
1.058278077e+01  2.9347647e-12  2.93476e-12  3.94955e-13  2.53981e-12
1.063569467e+01  3.1542619e-12  3.15426e-12  3.88253e-13  2.76601e-12
1.068887314e+01  3.3944263e-12  3.39443e-12  3.81386e-13  3.01304e-12
1.074231751e+01  3.6395567e-12  3.63956e-12  3.74592e-13  3.26497e-12
1.079602910e+01  3.8893560e-12  3.88936e-12  3.67873e-13  3.52148e-12
1.085000924e+01  4.1435161e-12  4.14352e-12  3.61233e-13  3.78228e-12
1.090425929e+01  4.4023173e-12  4.40232e-12  3.54668e-13  4.04765e-12
1.095878058e+01  4.6657456e-12  4.66575e-12  3.48176e-13  4.31757e-12
1.101357449e+01  4.9398682e-12  4.93987e-12  3.41678e-13  4.59819e-12
1.106864236e+01  5.2367532e-12  5.23675e-12  3.35018e-13  4.90173e-12
1.112398557e+01  5.5385687e-12  5.53857e-12  3.28437e-13  5.21013e-12
1.117960550e+01  5.8456012e-12  5.84560e-12  3.21929e-13  5.52367e-12
1.123550353e+01  6.1575184e-12  6.15752e-12  3.15498e-13  5.84202e-12
1.129168104e+01  6.4742925e-12  6.47429e-12  3.09142e-13  6.16515e-12
1.134813945e+01  6.7962116e-12  6.79621e-12  3.02859e-13  6.49335e-12
1.140488015e+01  7.1232514e-12  7.12325e-12  2.96645e-13  6.82661e-12
1.146190455e+01  7.4550637e-12  7.45506e-12  2.90506e-13  7.16456e-12
1.151921407e+01  7.7401202e-12  7.74012e-12  2.85028e-13  7.45509e-12
1.157681014e+01  7.9252305e-12  7.92523e-12  2.80777e-13  7.64445e-12
1.163469419e+01  8.1126942e-12  8.11269e-12  2.76569e-13  7.83613e-12
1.169286766e+01  8.3021653e-12  8.30217e-12  2.72407e-13  8.02976e-12
1.175133200e+01  8.4936211e-12  8.49362e-12  2.68291e-13  8.22533e-12
1.181008866e+01  8.6873723e-12  8.68737e-12  2.64217e-13  8.42316e-12
1.186913910e+01  8.8827285e-12  8.88273e-12  2.60192e-13  8.62254e-12
1.192848480e+01  9.0803352e-12  9.08034e-12  2.56208e-13  8.82413e-12
1.198812722e+01  9.2798330e-12  9.27983e-12  2.52268e-13  9.02757e-12
1.204806786e+01  9.4815378e-12  9.48154e-12  2.48369e-13  9.23317e-12
1.210830820e+01  9.6847409e-12  9.68474e-12  2.44517e-13  9.44022e-12
1.216884974e+01  9.8901008e-12  9.89010e-12  2.40704e-13  9.64940e-12
1.222969399e+01  1.0097248e-11  1.00972e-11  2.36935e-13  9.86031e-12
1.229084246e+01  1.0306153e-11  1.03062e-11  2.33207e-13  1.00729e-11
1.235229667e+01  1.0517140e-11  1.05171e-11  2.29519e-13  1.02876e-11
1.241405815e+01  1.0729830e-11  1.07298e-11  2.25873e-13  1.05040e-11
1.247612845e+01  1.0944193e-11  1.09442e-11  2.22268e-13  1.07219e-11
1.253850909e+01  1.1048588e-11  1.10486e-11  2.19687e-13  1.08289e-11
1.260120163e+01  1.1082935e-11  1.10829e-11  2.17742e-13  1.08652e-11
1.266420764e+01  1.1116425e-11  1.11164e-11  2.15814e-13  1.09006e-11
1.272752868e+01  1.1148693e-11  1.11487e-11  2.13905e-13  1.09348e-11
1.279116632e+01  1.1180094e-11  1.11801e-11  2.12012e-13  1.09681e-11
1.285512215e+01  1.1210990e-11  1.12110e-11  2.10133e-13  1.10009e-11
1.291939776e+01  1.1240282e-11  1.12403e-11  2.08276e-13  1.10320e-11
1.298399475e+01  1.1269063e-11  1.12691e-11  2.06431e-13  1.10626e-11
1.304891473e+01  1.1207892e-11  1.12079e-11  2.05304e-13  1.10026e-11
1.311415930e+01  1.1115052e-11  1.11151e-11  2.04414e-13  1.09106e-11
1.317973010e+01  1.1020007e-11  1.10200e-11  2.03524e-13  1.08165e-11
1.324562875e+01  1.0922029e-11  1.09220e-11  2.02641e-13  1.07194e-11
1.331185689e+01  1.0821881e-11  1.08219e-11  2.01759e-13  1.06201e-11
1.337841618e+01  1.0719207e-11  1.07192e-11  2.00880e-13  1.05183e-11
1.344530826e+01  1.0614024e-11  1.06140e-11  2.00005e-13  1.04140e-11
1.351253480e+01  1.0506729e-11  1.05067e-11  1.99131e-13  1.03076e-11
1.358009747e+01  1.0396585e-11  1.03966e-11  1.98263e-13  1.01983e-11
1.364799796e+01  1.0284370e-11  1.02844e-11  1.97396e-13  1.00870e-11
1.371623795e+01  1.0169343e-11  1.01693e-11  1.96535e-13  9.97281e-12
1.378481914e+01  1.0052289e-11  1.00523e-11  1.95675e-13  9.85661e-12
1.385374323e+01  9.9328489e-12  9.93285e-12  1.94818e-13  9.73803e-12
1.392301195e+01  9.8110435e-12  9.81104e-12  1.93965e-13  9.61708e-12
1.399262701e+01  9.6868961e-12  9.68690e-12  1.93114e-13  9.49378e-12
1.406259015e+01  9.4763132e-12  9.47631e-12  1.92813e-13  9.28350e-12
1.413290310e+01  9.2528061e-12  9.25281e-12  1.92570e-13  9.06024e-12
1.420356761e+01  9.0257323e-12  9.02573e-12  1.92324e-13  8.83341e-12
1.427458545e+01  8.7955237e-12  8.79552e-12  1.92072e-13  8.60345e-12
1.434595838e+01  8.5626175e-12  8.56262e-12  1.91812e-13  8.37081e-12
1.441768817e+01  8.3258767e-12  8.32588e-12  1.91551e-13  8.13433e-12
1.448977661e+01  8.0865270e-12  8.08653e-12  1.91282e-13  7.89524e-12
1.456222549e+01  7.8438239e-12  7.84382e-12  1.91011e-13  7.65281e-12
1.463503662e+01  7.5986058e-12  7.59861e-12  1.90731e-13  7.40787e-12
1.470821180e+01  7.3497272e-12  7.34973e-12  1.90450e-13  7.15928e-12
1.478175286e+01  7.0984281e-12  7.09843e-12  1.90162e-13  6.90827e-12
1.485566163e+01  6.8935598e-12  6.89356e-12  1.89589e-13  6.70397e-12
1.492993994e+01  6.7025982e-12  6.70260e-12  1.88923e-13  6.51367e-12
1.500458964e+01  6.5144327e-12  6.51443e-12  1.88231e-13  6.32620e-12
1.507961258e+01  6.4055641e-12  6.40556e-12  1.87091e-13  6.21847e-12
1.515501065e+01  6.2950524e-12  6.29505e-12  1.85961e-13  6.10909e-12
1.523078570e+01  6.1833224e-12  6.18332e-12  1.84837e-13  5.99849e-12
1.530693963e+01  6.0703974e-12  6.07040e-12  1.83719e-13  5.88668e-12
1.538347433e+01  5.9558962e-12  5.95590e-12  1.82609e-13  5.77329e-12
1.546039170e+01  5.8398407e-12  5.83984e-12  1.81508e-13  5.65833e-12
1.553769366e+01  5.7230655e-12  5.72307e-12  1.80411e-13  5.54265e-12
1.561538212e+01  5.6043767e-12  5.60438e-12  1.79324e-13  5.42505e-12
1.569345903e+01  5.4846098e-12  5.48461e-12  1.78243e-13  5.30637e-12
1.577192633e+01  5.3633820e-12  5.36338e-12  1.77170e-13  5.18621e-12
1.585078596e+01  5.2411249e-12  5.24112e-12  1.76103e-13  5.06502e-12
1.593003989e+01  5.1178635e-12  5.11786e-12  1.75042e-13  4.94282e-12
1.600969009e+01  4.9932142e-12  4.99321e-12  1.73989e-13  4.81923e-12
1.608973854e+01  4.8672010e-12  4.86720e-12  1.72943e-13  4.69426e-12
1.617018723e+01  4.7398486e-12  4.73985e-12  1.71905e-13  4.56794e-12
1.625103817e+01  4.6120015e-12  4.61200e-12  1.70871e-13  4.44113e-12
1.633229336e+01  4.4824557e-12  4.48246e-12  1.69846e-13  4.31261e-12
1.641395483e+01  4.3623202e-12  4.36232e-12  1.68780e-13  4.19354e-12
1.649602460e+01  4.2910743e-12  4.29107e-12  1.67495e-13  4.12358e-12
1.657850473e+01  4.2194996e-12  4.21950e-12  1.66219e-13  4.05328e-12
1.666139725e+01  4.1472001e-12  4.14720e-12  1.64954e-13  3.98225e-12
1.674470424e+01  4.0741902e-12  4.07419e-12  1.63699e-13  3.91049e-12
1.682842776e+01  4.0000732e-12  4.00007e-12  1.62456e-13  3.83762e-12
1.691256990e+01  3.9260983e-12  3.92610e-12  1.61220e-13  3.76488e-12
1.699713274e+01  3.8510459e-12  3.85105e-12  1.59996e-13  3.69105e-12
1.708211841e+01  3.7753424e-12  3.77534e-12  1.58782e-13  3.61656e-12
1.716752900e+01  3.6990029e-12  3.69900e-12  1.57578e-13  3.54142e-12
1.725336665e+01  3.6113367e-12  3.61134e-12  1.56428e-13  3.45491e-12
1.733963348e+01  3.5164781e-12  3.51648e-12  1.55315e-13  3.36116e-12
1.742633165e+01  3.4206218e-12  3.42062e-12  1.54211e-13  3.26641e-12
1.751346330e+01  3.3246098e-12  3.32461e-12  1.53114e-13  3.17150e-12
1.760103062e+01  3.2276371e-12  3.22764e-12  1.52027e-13  3.07561e-12
1.768903577e+01  3.1301341e-12  3.13013e-12  1.50948e-13  2.97919e-12
1.777748095e+01  3.0321193e-12  3.03212e-12  1.49877e-13  2.88224e-12
1.786636836e+01  2.9336114e-12  2.93361e-12  1.48815e-13  2.78480e-12
1.795570020e+01  2.8342179e-12  2.83422e-12  1.47761e-13  2.68646e-12
1.804547870e+01  2.7536707e-12  2.75367e-12  1.46642e-13  2.60703e-12
1.813570609e+01  2.6911334e-12  2.69113e-12  1.45462e-13  2.54567e-12
1.822638462e+01  2.6281280e-12  2.62813e-12  1.44293e-13  2.48383e-12
1.831751655e+01  2.5650764e-12  2.56508e-12  1.43133e-13  2.42194e-12
1.840910413e+01  2.5015803e-12  2.50158e-12  1.41983e-13  2.35960e-12
1.850114965e+01  2.4380610e-12  2.43806e-12  1.40841e-13  2.29722e-12
1.859365540e+01  2.4088758e-12  2.40888e-12  1.39584e-13  2.26929e-12
1.868662368e+01  2.3792174e-12  2.37922e-12  1.38339e-13  2.24088e-12
1.878005679e+01  2.3495003e-12  2.34950e-12  1.37105e-13  2.21240e-12
1.887395708e+01  2.3197299e-12  2.31973e-12  1.35882e-13  2.18385e-12
1.896832686e+01  2.2899113e-12  2.28991e-12  1.34669e-13  2.15524e-12
1.906316850e+01  2.2596430e-12  2.25964e-12  1.33469e-13  2.12617e-12
1.915848434e+01  2.2293379e-12  2.22934e-12  1.32279e-13  2.09706e-12
1.925427676e+01  2.1985954e-12  2.19860e-12  1.31100e-13  2.06750e-12
1.935054815e+01  2.1682328e-12  2.16823e-12  1.29930e-13  2.03830e-12
1.944730089e+01  2.1374442e-12  2.13744e-12  1.28772e-13  2.00867e-12
1.954453739e+01  2.1062362e-12  2.10624e-12  1.27626e-13  1.97861e-12
1.964226008e+01  2.0750193e-12  2.07502e-12  1.26489e-13  1.94853e-12
1.974047138e+01  2.0437985e-12  2.04380e-12  1.25362e-13  1.91844e-12
1.983917374e+01  2.0125788e-12  2.01258e-12  1.24245e-13  1.88833e-12
1.993836960e+01  1.9809636e-12  1.98096e-12  1.23138e-13  1.85783e-12
2.003806145e+01  1.9349265e-12  1.93493e-12  1.22088e-13  1.81284e-12
2.013825176e+01  1.8645406e-12  1.86454e-12  1.21123e-13  1.74342e-12
2.023894302e+01  1.7943152e-12  1.79432e-12  1.20165e-13  1.67415e-12
2.034013773e+01  1.7238616e-12  1.72386e-12  1.19216e-13  1.60465e-12
2.044183842e+01  1.6535902e-12  1.65359e-12  1.18274e-13  1.53532e-12
2.054404761e+01  1.5827164e-12  1.58272e-12  1.17341e-13  1.46538e-12
2.064676785e+01  1.5120477e-12  1.51205e-12  1.16414e-13  1.39563e-12
2.075000169e+01  1.4411983e-12  1.44120e-12  1.15496e-13  1.32570e-12
2.085375170e+01  1.3701801e-12  1.37018e-12  1.14586e-13  1.25559e-12
2.095802046e+01  1.2990053e-12  1.29901e-12  1.13683e-13  1.18532e-12
2.106281056e+01  1.2276856e-12  1.22769e-12  1.12788e-13  1.11490e-12
2.116812461e+01  1.1562331e-12  1.15623e-12  1.11901e-13  1.04433e-12
2.127396524e+01  1.0850511e-12  1.08505e-12  1.11021e-13  9.74030e-13
2.138033506e+01  1.0453929e-12  1.04539e-12  1.10056e-13  9.35337e-13
2.148723674e+01  1.0163963e-12  1.01640e-12  1.09070e-13  9.07327e-13
2.159467292e+01  9.8749548e-13  9.87495e-13  1.08092e-13  8.79404e-13
2.170264629e+01  9.5830630e-13  9.58306e-13  1.07124e-13  8.51183e-13
2.181115952e+01  9.2922194e-13  9.29222e-13  1.06164e-13  8.23058e-13
2.192021532e+01  8.9986010e-13  8.99860e-13  1.05214e-13  7.94646e-13
2.202981639e+01  8.7061200e-13  8.70612e-13  1.04272e-13  7.66340e-13
2.213996547e+01  8.4148105e-13  8.41481e-13  1.03338e-13  7.38143e-13
2.225066530e+01  8.1247059e-13  8.12471e-13  1.02412e-13  7.10058e-13
2.236191863e+01  7.8320218e-13  7.83202e-13  1.01496e-13  6.81706e-13
2.247372822e+01  7.5406285e-13  7.54063e-13  1.00588e-13  6.53475e-13
2.258609686e+01  7.4213838e-13  7.42138e-13  9.96414e-14  6.42497e-13
2.269902735e+01  7.3555154e-13  7.35552e-13  9.86900e-14  6.36862e-13
2.281252248e+01  7.2935097e-13  7.29351e-13  9.77466e-14  6.31604e-13
2.292658510e+01  7.2278140e-13  7.22781e-13  9.68130e-14  6.25968e-13
2.304121802e+01  7.1622204e-13  7.16222e-13  9.58882e-14  6.20334e-13
2.315642411e+01  7.1004766e-13  7.10048e-13  9.49711e-14  6.15077e-13
2.327220623e+01  7.0350964e-13  7.03510e-13  9.40637e-14  6.09446e-13
2.338856726e+01  6.9698385e-13  6.96984e-13  9.31648e-14  6.03819e-13
2.350551010e+01  6.9047094e-13  6.90471e-13  9.22743e-14  5.98197e-13
2.362303765e+01  6.8397156e-13  6.83972e-13  9.13922e-14  5.92579e-13
2.374115284e+01  6.7748636e-13  6.77486e-13  9.05184e-14  5.86968e-13
2.385985860e+01  6.7101594e-13  6.71016e-13  8.96529e-14  5.81363e-13
2.397915789e+01  6.6456093e-13  6.64561e-13  8.87955e-14  5.75765e-13
2.409905368e+01  6.5812193e-13  6.58122e-13  8.79462e-14  5.70176e-13
2.421954895e+01  6.5169955e-13  6.51700e-13  8.71049e-14  5.64595e-13
2.434064670e+01  6.4529435e-13  6.45294e-13  8.62716e-14  5.59023e-13
2.446234993e+01  6.3854605e-13  6.38546e-13  8.54469e-14  5.53099e-13
2.458466168e+01  6.3217822e-13  6.32178e-13  8.46292e-14  5.47549e-13
2.470758499e+01  6.2547095e-13  6.25471e-13  8.38201e-14  5.41651e-13
2.483112291e+01  6.1914274e-13  6.19143e-13  8.30177e-14  5.36125e-13
2.495527853e+01  6.1247876e-13  6.12479e-13  8.22237e-14  5.30255e-13
