# ------------------------------------------------------------------------
# Radiance spectrum
# NASA-GSFC Planetary Spectrum Generator (PSG) (Villanueva et al. 2018, 2022)
# Synthesized on Tue Dec 19 09:07:12 2023
# Doppler velocities [km/s] (vobs,vrot+vorb,vwidth,vrfl,vstr): 0.00000,-0.00000,0.00000,-119.41115,-0.00000
# Spectral unit: Wavelength [um]
# Radiance unit: Spectral irradiance [W/m2/um]
# Wave/freq Total Object Reflected Thermal
5.000000000e-01  6.7818777e-12  6.78188e-12  6.78188e-12  3.47587e-54
5.025000000e-01  6.8499550e-12  6.84995e-12  6.84995e-12  5.92628e-54
5.050125000e-01  6.9178870e-12  6.91789e-12  6.91789e-12  1.00766e-53
5.075375625e-01  6.9856605e-12  6.98566e-12  6.98566e-12  1.70871e-53
5.100752503e-01  7.0532624e-12  7.05326e-12  7.05326e-12  2.88967e-53
5.126256266e-01  7.1206796e-12  7.12068e-12  7.12068e-12  4.87373e-53
5.151887547e-01  7.1878992e-12  7.18790e-12  7.18790e-12  8.19808e-53
5.177646985e-01  7.2549081e-12  7.25491e-12  7.25491e-12  1.37533e-52
5.203535220e-01  7.3216933e-12  7.32169e-12  7.32169e-12  2.30119e-52
5.229552896e-01  7.3882422e-12  7.38824e-12  7.38824e-12  3.84019e-52
5.255700660e-01  7.4545419e-12  7.45454e-12  7.45454e-12  6.39166e-52
5.281979164e-01  7.5205797e-12  7.52058e-12  7.52058e-12  1.06107e-51
5.308389059e-01  7.5863431e-12  7.58634e-12  7.58634e-12  1.75688e-51
5.334931005e-01  7.6518195e-12  7.65182e-12  7.65182e-12  2.90150e-51
5.361605660e-01  7.7169965e-12  7.71700e-12  7.71700e-12  4.77952e-51
5.388413688e-01  7.7818618e-12  7.78186e-12  7.78186e-12  7.85302e-51
5.415355756e-01  7.8464032e-12  7.84640e-12  7.84640e-12  1.28701e-50
5.442432535e-01  7.9106085e-12  7.91061e-12  7.91061e-12  2.10392e-50
5.469644698e-01  7.9744658e-12  7.97447e-12  7.97447e-12  3.43070e-50
5.496992921e-01  8.0379631e-12  8.03796e-12  8.03796e-12  5.58016e-50
5.524477886e-01  8.1010887e-12  8.10109e-12  8.10109e-12  9.05372e-50
5.552100275e-01  8.1638310e-12  8.16383e-12  8.16383e-12  1.46531e-49
5.579860777e-01  8.2261785e-12  8.22618e-12  8.22618e-12  2.36570e-49
5.607760081e-01  8.2881196e-12  8.28812e-12  8.28812e-12  3.80997e-49
5.635798881e-01  8.3496433e-12  8.34964e-12  8.34964e-12  6.12100e-49
5.663977875e-01  8.4107384e-12  8.41074e-12  8.41074e-12  9.80994e-49
5.692297765e-01  8.4713939e-12  8.47139e-12  8.47139e-12  1.56841e-48
5.720759254e-01  8.5315990e-12  8.53160e-12  8.53160e-12  2.50153e-48
5.749363050e-01  8.5913431e-12  8.59134e-12  8.59134e-12  3.98025e-48
5.778109865e-01  8.6506156e-12  8.65062e-12  8.65062e-12  6.31800e-48
5.807000414e-01  8.7094061e-12  8.70941e-12  8.70941e-12  1.00050e-47
5.836035417e-01  8.7677045e-12  8.76770e-12  8.76770e-12  1.58063e-47
5.865215594e-01  8.8255007e-12  8.82550e-12  8.82550e-12  2.49129e-47
5.894541672e-01  8.8827848e-12  8.88278e-12  8.88278e-12  3.91743e-47
5.924014380e-01  8.9395471e-12  8.93955e-12  8.93955e-12  6.14565e-47
5.953634452e-01  8.9957781e-12  8.99578e-12  8.99578e-12  9.61899e-47
5.983402624e-01  9.0514685e-12  9.05147e-12  9.05147e-12  1.50207e-46
6.013319637e-01  9.1066089e-12  9.10661e-12  9.10661e-12  2.34022e-46
6.043386235e-01  9.1611905e-12  9.16119e-12  9.16119e-12  3.63775e-46
6.073603167e-01  9.2152043e-12  9.21520e-12  9.21520e-12  5.64186e-46
6.103971182e-01  9.2686418e-12  9.26864e-12  9.26864e-12  8.73036e-46
6.134491038e-01  9.3214945e-12  9.32149e-12  9.32149e-12  1.34793e-45
6.165163494e-01  9.3737540e-12  9.37375e-12  9.37375e-12  2.07649e-45
6.195989311e-01  9.4254123e-12  9.42541e-12  9.42541e-12  3.19173e-45
6.226969258e-01  9.4764615e-12  9.47646e-12  9.47646e-12  4.89511e-45
6.258104104e-01  9.5268939e-12  9.52689e-12  9.52689e-12  7.49104e-45
6.289394624e-01  9.5767019e-12  9.57670e-12  9.57670e-12  1.14385e-44
6.320841597e-01  9.6258782e-12  9.62588e-12  9.62588e-12  1.74281e-44
6.352445805e-01  9.6744157e-12  9.67442e-12  9.67442e-12  2.64966e-44
6.384208035e-01  9.7223075e-12  9.72231e-12  9.72231e-12  4.01968e-44
6.416129075e-01  9.7695467e-12  9.76955e-12  9.76955e-12  6.08500e-44
6.448209720e-01  9.8161269e-12  9.81613e-12  9.81613e-12  9.19180e-44
6.480450769e-01  9.8620418e-12  9.86204e-12  9.86204e-12  1.38553e-43
6.512853022e-01  9.9072851e-12  9.90729e-12  9.90729e-12  2.08408e-43
6.545417288e-01  9.9518509e-12  9.95185e-12  9.95185e-12  3.12823e-43
6.578144374e-01  9.9957335e-12  9.99573e-12  9.99573e-12  4.68568e-43
6.611035096e-01  1.0038927e-11  1.00389e-11  1.00389e-11  7.00391e-43
6.644090271e-01  1.0081427e-11  1.00814e-11  1.00814e-11  1.04474e-42
6.677310723e-01  1.0123228e-11  1.01232e-11  1.01232e-11  1.55517e-42
6.710697276e-01  1.0164324e-11  1.01643e-11  1.01643e-11  2.31025e-42
6.744250763e-01  1.0204711e-11  1.02047e-11  1.02047e-11  3.42492e-42
6.777972017e-01  1.0244385e-11  1.02444e-11  1.02444e-11  5.06709e-42
6.811861877e-01  1.0283342e-11  1.02833e-11  1.02833e-11  7.48150e-42
6.845921186e-01  1.0321576e-11  1.03216e-11  1.03216e-11  1.10241e-41
6.880150792e-01  1.0359084e-11  1.03591e-11  1.03591e-11  1.62118e-41
6.914551546e-01  1.0395863e-11  1.03959e-11  1.03959e-11  2.37931e-41
6.949124304e-01  1.0431909e-11  1.04319e-11  1.04319e-11  3.48506e-41
6.983869925e-01  1.0467218e-11  1.04672e-11  1.04672e-11  5.09462e-41
7.018789275e-01  1.0501787e-11  1.05018e-11  1.05018e-11  7.43294e-41
7.053883221e-01  1.0535614e-11  1.05356e-11  1.05356e-11  1.08233e-40
7.089152637e-01  1.0568696e-11  1.05687e-11  1.05687e-11  1.57296e-40
7.124598400e-01  1.0601030e-11  1.06010e-11  1.06010e-11  2.28157e-40
7.160221392e-01  1.0632614e-11  1.06326e-11  1.06326e-11  3.30305e-40
7.196022499e-01  1.0663445e-11  1.06634e-11  1.06634e-11  4.77270e-40
7.232002612e-01  1.0693522e-11  1.06935e-11  1.06935e-11  6.88311e-40
7.268162625e-01  1.0722843e-11  1.07228e-11  1.07228e-11  9.90793e-40
7.304503438e-01  1.0751407e-11  1.07514e-11  1.07514e-11  1.42351e-39
7.341025955e-01  1.0779211e-11  1.07792e-11  1.07792e-11  2.04138e-39
7.377731085e-01  1.0806255e-11  1.08063e-11  1.08063e-11  2.92197e-39
7.414619740e-01  1.0832538e-11  1.08325e-11  1.08325e-11  4.17465e-39
7.451692839e-01  1.0858058e-11  1.08581e-11  1.08581e-11  5.95335e-39
7.488951303e-01  1.0882816e-11  1.08828e-11  1.08828e-11  8.47430e-39
7.526396060e-01  1.0906811e-11  1.09068e-11  1.09068e-11  1.20407e-38
7.564028040e-01  1.0930041e-11  1.09300e-11  1.09300e-11  1.70768e-38
7.601848180e-01  1.0952509e-11  1.09525e-11  1.09525e-11  2.41755e-38
7.639857421e-01  1.0974212e-11  1.09742e-11  1.09742e-11  3.41633e-38
7.678056708e-01  1.0995153e-11  1.09952e-11  1.09952e-11  4.81909e-38
7.716446992e-01  1.1015330e-11  1.10153e-11  1.10153e-11  6.78570e-38
7.755029227e-01  1.1034745e-11  1.10347e-11  1.10347e-11  9.53790e-38
7.793804373e-01  1.1053398e-11  1.10534e-11  1.10534e-11  1.33827e-37
7.832773395e-01  1.1071290e-11  1.10713e-11  1.10713e-11  1.87443e-37
7.871937262e-01  1.1088423e-11  1.10884e-11  1.10884e-11  2.62080e-37
7.911296948e-01  1.1104797e-11  1.11048e-11  1.11048e-11  3.65800e-37
7.950853433e-01  1.1120415e-11  1.11204e-11  1.11204e-11  5.09683e-37
7.990607700e-01  1.1135276e-11  1.11353e-11  1.11353e-11  7.08936e-37
8.030560739e-01  1.1149384e-11  1.11494e-11  1.11494e-11  9.84394e-37
8.070713542e-01  1.1162740e-11  1.11627e-11  1.11627e-11  1.36455e-36
8.111067110e-01  1.1175346e-11  1.11753e-11  1.11753e-11  1.88830e-36
8.151622446e-01  1.1187203e-11  1.11872e-11  1.11872e-11  2.60868e-36
8.192380558e-01  1.1198316e-11  1.11983e-11  1.11983e-11  3.59781e-36
8.233342461e-01  1.1208685e-11  1.12087e-11  1.12087e-11  4.95368e-36
8.274509173e-01  1.1218314e-11  1.12183e-11  1.12183e-11  6.80919e-36
8.315881719e-01  1.1227205e-11  1.12272e-11  1.12272e-11  9.34423e-36
8.357461127e-01  1.1235361e-11  1.12354e-11  1.12354e-11  1.28019e-35
8.399248433e-01  1.1242785e-11  1.12428e-11  1.12428e-11  1.75103e-35
8.441244675e-01  1.1249481e-11  1.12495e-11  1.12495e-11  2.39113e-35
8.483450899e-01  1.1255451e-11  1.12555e-11  1.12555e-11  3.25993e-35
8.525868153e-01  1.1260698e-11  1.12607e-11  1.12607e-11  4.43721e-35
8.568497494e-01  1.1265227e-11  1.12652e-11  1.12652e-11  6.02996e-35
8.611339981e-01  1.1269041e-11  1.12690e-11  1.12690e-11  8.18131e-35
8.654396681e-01  1.1272143e-11  1.12721e-11  1.12721e-11  1.10826e-34
8.697668665e-01  1.1274538e-11  1.12745e-11  1.12745e-11  1.49889e-34
8.741157008e-01  1.1276229e-11  1.12762e-11  1.12762e-11  2.02402e-34
8.784862793e-01  1.1277221e-11  1.12772e-11  1.12772e-11  2.72883e-34
8.828787107e-01  1.1277518e-11  1.12775e-11  1.12775e-11  3.67335e-34
8.872931042e-01  1.1277123e-11  1.12771e-11  1.12771e-11  4.93711e-34
8.917295698e-01  1.1276042e-11  1.12760e-11  1.12760e-11  6.62540e-34
8.961882176e-01  1.1274279e-11  1.12743e-11  1.12743e-11  8.87736e-34
9.006691587e-01  1.1271838e-11  1.12718e-11  1.12718e-11  1.18766e-33
9.051725045e-01  1.1268724e-11  1.12687e-11  1.12687e-11  1.58649e-33
9.096983670e-01  1.1264943e-11  1.12649e-11  1.12649e-11  2.11604e-33
9.142468589e-01  1.1260498e-11  1.12605e-11  1.12605e-11  2.81811e-33
9.188180931e-01  1.1255395e-11  1.12554e-11  1.12554e-11  3.74748e-33
9.234121836e-01  1.1249638e-11  1.12496e-11  1.12496e-11  4.97592e-33
9.280292445e-01  1.1243234e-11  1.12432e-11  1.12432e-11  6.59724e-33
9.326693908e-01  1.1236186e-11  1.12362e-11  1.12362e-11  8.73392e-33
9.373327377e-01  1.1228501e-11  1.12285e-11  1.12285e-11  1.15456e-32
9.420194014e-01  1.1220184e-11  1.12202e-11  1.12202e-11  1.52402e-32
9.467294984e-01  1.1211240e-11  1.12112e-11  1.12112e-11  2.00878e-32
9.514631459e-01  1.1201674e-11  1.12017e-11  1.12017e-11  2.64389e-32
9.562204616e-01  1.1191492e-11  1.11915e-11  1.11915e-11  3.47480e-32
9.610015639e-01  1.1180701e-11  1.11807e-11  1.11807e-11  4.56029e-32
9.658065718e-01  1.1169305e-11  1.11693e-11  1.11693e-11  5.97635e-32
9.706356046e-01  1.1157310e-11  1.11573e-11  1.11573e-11  7.82101e-32
9.754887826e-01  1.1144722e-11  1.11447e-11  1.11447e-11  1.02206e-31
9.803662265e-01  1.1131547e-11  1.11315e-11  1.11315e-11  1.33376e-31
9.852680577e-01  1.1117791e-11  1.11178e-11  1.11178e-11  1.73810e-31
9.901943980e-01  1.1103459e-11  1.11035e-11  1.11035e-11  2.26186e-31
9.951453700e-01  1.1088559e-11  1.10886e-11  1.10886e-11  2.93937e-31
1.000121097e+00  1.1073095e-11  1.10731e-11  1.10731e-11  3.81457e-31
1.005121702e+00  1.1057074e-11  1.10571e-11  1.10571e-11  4.94357e-31
1.010147311e+00  1.1040502e-11  1.10405e-11  1.10405e-11  6.39800e-31
1.015198047e+00  1.1023385e-11  1.10234e-11  1.10234e-11  8.26908e-31
1.020274038e+00  1.1005730e-11  1.10057e-11  1.10057e-11  1.06729e-30
1.025375408e+00  1.0987543e-11  1.09875e-11  1.09875e-11  1.37571e-30
1.030502285e+00  1.0968829e-11  1.09688e-11  1.09688e-11  1.77088e-30
1.035654796e+00  1.0949596e-11  1.09496e-11  1.09496e-11  2.27653e-30
1.040833070e+00  1.0929850e-11  1.09298e-11  1.09298e-11  2.92269e-30
1.046037236e+00  1.0909596e-11  1.09096e-11  1.09096e-11  3.74732e-30
1.051267422e+00  1.0888842e-11  1.08888e-11  1.08888e-11  4.79831e-30
1.056523759e+00  1.0867594e-11  1.08676e-11  1.08676e-11  6.13606e-30
1.061806378e+00  1.0845858e-11  1.08459e-11  1.08459e-11  7.83660e-30
1.067115410e+00  1.0823641e-11  1.08236e-11  1.08236e-11  9.99549e-30
1.072450987e+00  1.0800948e-11  1.08009e-11  1.08009e-11  1.27328e-29
1.077813242e+00  1.0777788e-11  1.07778e-11  1.07778e-11  1.61989e-29
1.083202308e+00  1.0754166e-11  1.07542e-11  1.07542e-11  2.05825e-29
1.088618319e+00  1.0730088e-11  1.07301e-11  1.07301e-11  2.61191e-29
1.094061411e+00  1.0705561e-11  1.07056e-11  1.07056e-11  3.31034e-29
1.099531718e+00  1.0680592e-11  1.06806e-11  1.06806e-11  4.19027e-29
1.105029377e+00  1.0655188e-11  1.06552e-11  1.06552e-11  5.29749e-29
1.110554523e+00  1.0629354e-11  1.06294e-11  1.06294e-11  6.68897e-29
1.116107296e+00  1.0603097e-11  1.06031e-11  1.06031e-11  8.43552e-29
1.121687832e+00  1.0576424e-11  1.05764e-11  1.05764e-11  1.06251e-28
1.127296272e+00  1.0549342e-11  1.05493e-11  1.05493e-11  1.33666e-28
1.132932753e+00  1.0521856e-11  1.05219e-11  1.05219e-11  1.67950e-28
1.138597417e+00  1.0493974e-11  1.04940e-11  1.04940e-11  2.10772e-28
1.144290404e+00  1.0465701e-11  1.04657e-11  1.04657e-11  2.64195e-28
1.150011856e+00  1.0437045e-11  1.04370e-11  1.04370e-11  3.30762e-28
1.155761915e+00  1.0408012e-11  1.04080e-11  1.04080e-11  4.13608e-28
1.161540725e+00  1.0378608e-11  1.03786e-11  1.03786e-11  5.16591e-28
1.167348428e+00  1.0348840e-11  1.03488e-11  1.03488e-11  6.44454e-28
1.173185171e+00  1.0318714e-11  1.03187e-11  1.03187e-11  8.03021e-28
1.179051096e+00  1.0288237e-11  1.02882e-11  1.02882e-11  9.99434e-28
1.184946352e+00  1.0257416e-11  1.02574e-11  1.02574e-11  1.24244e-27
1.190871084e+00  1.0226256e-11  1.02263e-11  1.02263e-11  1.54275e-27
1.196825439e+00  1.0194763e-11  1.01948e-11  1.01948e-11  1.91344e-27
1.202809566e+00  1.0162946e-11  1.01629e-11  1.01629e-11  2.37048e-27
1.208823614e+00  1.0130808e-11  1.01308e-11  1.01308e-11  2.93335e-27
1.214867732e+00  1.0098358e-11  1.00984e-11  1.00984e-11  3.62575e-27
1.220942071e+00  1.0065601e-11  1.00656e-11  1.00656e-11  4.47653e-27
1.227046781e+00  1.0032544e-11  1.00325e-11  1.00325e-11  5.52075e-27
1.233182015e+00  9.9991929e-12  9.99919e-12  9.99919e-12  6.80093e-27
1.239347925e+00  9.9655536e-12  9.96555e-12  9.96555e-12  8.36867e-27
1.245544665e+00  9.9316327e-12  9.93163e-12  9.93163e-12  1.02864e-26
1.251772388e+00  9.8974361e-12  9.89744e-12  9.89744e-12  1.26297e-26
1.258031250e+00  9.8629701e-12  9.86297e-12  9.86297e-12  1.54898e-26
1.264321406e+00  9.8282408e-12  9.82824e-12  9.82824e-12  1.89769e-26
1.270643013e+00  9.7932543e-12  9.79325e-12  9.79325e-12  2.32239e-26
1.276996228e+00  9.7580166e-12  9.75802e-12  9.75802e-12  2.83906e-26
1.283381209e+00  9.7225336e-12  9.72253e-12  9.72253e-12  3.46696e-26
1.289798116e+00  9.6868114e-12  9.68681e-12  9.68681e-12  4.22921e-26
1.296247106e+00  9.6508559e-12  9.65086e-12  9.65086e-12  5.15356e-26
1.302728342e+00  9.6146731e-12  9.61467e-12  9.61467e-12  6.27330e-26
1.309241983e+00  9.5782686e-12  9.57827e-12  9.57827e-12  7.62829e-26
1.315788193e+00  9.5416485e-12  9.54165e-12  9.54165e-12  9.26625e-26
1.322367134e+00  9.5048184e-12  9.50482e-12  9.50482e-12  1.12442e-25
1.328978970e+00  9.4677842e-12  9.46778e-12  9.46778e-12  1.36302e-25
1.335623865e+00  9.4305514e-12  9.43055e-12  9.43055e-12  1.65055e-25
1.342301984e+00  9.3931259e-12  9.39313e-12  9.39313e-12  1.99667e-25
1.349013494e+00  9.3555131e-12  9.35551e-12  9.35551e-12  2.41292e-25
1.355758561e+00  9.3177187e-12  9.31772e-12  9.31772e-12  2.91298e-25
1.362537354e+00  9.2797482e-12  9.27975e-12  9.27975e-12  3.51312e-25
1.369350041e+00  9.2416072e-12  9.24161e-12  9.24161e-12  4.23264e-25
1.376196791e+00  9.2033010e-12  9.20330e-12  9.20330e-12  5.09442e-25
1.383077775e+00  9.1648350e-12  9.16484e-12  9.16484e-12  6.12555e-25
1.389993164e+00  9.1262147e-12  9.12621e-12  9.12621e-12  7.35809e-25
1.396943130e+00  9.0874453e-12  9.08745e-12  9.08745e-12  8.82992e-25
1.403927846e+00  9.0485321e-12  9.04853e-12  9.04853e-12  1.05858e-24
1.410947485e+00  9.0094804e-12  9.00948e-12  9.00948e-12  1.26784e-24
1.418002222e+00  8.9702953e-12  8.97030e-12  8.97030e-12  1.51699e-24
1.425092233e+00  8.9309819e-12  8.93098e-12  8.93098e-12  1.81335e-24
1.432217694e+00  8.8915453e-12  8.89155e-12  8.89155e-12  2.16552e-24
1.439378783e+00  8.8519906e-12  8.85199e-12  8.85199e-12  2.58361e-24
1.446575677e+00  8.8123227e-12  8.81232e-12  8.81232e-12  3.07949e-24
1.453808555e+00  8.7725467e-12  8.77255e-12  8.77255e-12  3.66706e-24
1.461077598e+00  8.7326673e-12  8.73267e-12  8.73267e-12  4.36263e-24
1.468382986e+00  8.6926894e-12  8.69269e-12  8.69269e-12  5.18527e-24
1.475724901e+00  8.6526178e-12  8.65262e-12  8.65262e-12  6.15727e-24
1.483103525e+00  8.6124573e-12  8.61246e-12  8.61246e-12  7.30468e-24
1.490519043e+00  8.5722125e-12  8.57221e-12  8.57221e-12  8.65791e-24
1.497971638e+00  8.5318881e-12  8.53189e-12  8.53189e-12  1.02524e-23
1.505461496e+00  8.4914887e-12  8.49149e-12  8.49149e-12  1.21294e-23
1.512988804e+00  8.4510189e-12  8.45102e-12  8.45102e-12  1.43370e-23
1.520553748e+00  8.4104830e-12  8.41048e-12  8.41048e-12  1.69311e-23
1.528156517e+00  8.3698857e-12  8.36989e-12  8.36989e-12  1.99765e-23
1.535797299e+00  8.3292312e-12  8.32923e-12  8.32923e-12  2.35485e-23
1.543476286e+00  8.2885239e-12  8.28852e-12  8.28852e-12  2.77344e-23
1.551193667e+00  8.2477681e-12  8.24777e-12  8.24777e-12  3.26355e-23
1.558949636e+00  8.2069681e-12  8.20697e-12  8.20697e-12  3.83687e-23
1.566744384e+00  8.1661280e-12  8.16613e-12  8.16613e-12  4.50693e-23
1.574578106e+00  8.1252520e-12  8.12525e-12  8.12525e-12  5.28939e-23
1.582450996e+00  8.0843442e-12  8.08434e-12  8.08434e-12  6.20229e-23
1.590363251e+00  8.0434086e-12  8.04341e-12  8.04341e-12  7.26644e-23
1.598315067e+00  8.0024492e-12  8.00245e-12  8.00245e-12  8.50584e-23
1.606306643e+00  7.9614699e-12  7.96147e-12  7.96147e-12  9.94810e-23
1.614338176e+00  7.9204747e-12  7.92047e-12  7.92047e-12  1.16250e-22
1.622409867e+00  7.8794673e-12  7.87947e-12  7.87947e-12  1.35730e-22
1.630521916e+00  7.8384516e-12  7.83845e-12  7.83845e-12  1.58340e-22
1.638674526e+00  7.7974314e-12  7.79743e-12  7.79743e-12  1.84562e-22
1.646867898e+00  7.7564102e-12  7.75641e-12  7.75641e-12  2.14946e-22
1.655102238e+00  7.7153917e-12  7.71539e-12  7.71539e-12  2.50124e-22
1.663377749e+00  7.6743795e-12  7.67438e-12  7.67438e-12  2.90818e-22
1.671694638e+00  7.6333772e-12  7.63338e-12  7.63338e-12  3.37855e-22
1.680053111e+00  7.5923883e-12  7.59239e-12  7.59239e-12  3.92177e-22
1.688453377e+00  7.5514161e-12  7.55142e-12  7.55142e-12  4.54861e-22
1.696895643e+00  7.5104641e-12  7.51046e-12  7.51046e-12  5.27137e-22
1.705380122e+00  7.4695356e-12  7.46954e-12  7.46954e-12  6.10403e-22
1.713907022e+00  7.4286339e-12  7.42863e-12  7.42863e-12  7.06255e-22
1.722476557e+00  7.3877622e-12  7.38776e-12  7.38776e-12  8.16504e-22
1.731088940e+00  7.3469238e-12  7.34692e-12  7.34692e-12  9.43212e-22
1.739744385e+00  7.3061217e-12  7.30612e-12  7.30612e-12  1.08872e-21
1.748443107e+00  7.2653591e-12  7.26536e-12  7.26536e-12  1.25569e-21
1.757185322e+00  7.2246391e-12  7.22464e-12  7.22464e-12  1.44712e-21
1.765971249e+00  7.1839645e-12  7.18396e-12  7.18396e-12  1.66644e-21
1.774801105e+00  7.1433385e-12  7.14334e-12  7.14334e-12  1.91752e-21
1.783675111e+00  7.1027638e-12  7.10276e-12  7.10276e-12  2.20471e-21
1.792593486e+00  7.0622433e-12  7.06224e-12  7.06224e-12  2.53297e-21
1.801556454e+00  7.0217799e-12  7.02178e-12  7.02178e-12  2.90788e-21
1.810564236e+00  6.9813764e-12  6.98138e-12  6.98138e-12  3.33574e-21
1.819617057e+00  6.9410353e-12  6.94104e-12  6.94104e-12  3.82366e-21
1.828715142e+00  6.9007595e-12  6.90076e-12  6.90076e-12  4.37964e-21
1.837858718e+00  6.8605514e-12  6.86055e-12  6.86055e-12  5.01271e-21
1.847048012e+00  6.8204138e-12  6.82041e-12  6.82041e-12  5.73301e-21
1.856283252e+00  6.7803492e-12  6.78035e-12  6.78035e-12  6.55194e-21
1.865564668e+00  6.7403599e-12  6.74036e-12  6.74036e-12  7.48233e-21
1.874892491e+00  6.7004486e-12  6.70045e-12  6.70045e-12  8.53855e-21
1.884266954e+00  6.6606175e-12  6.66062e-12  6.66062e-12  9.73675e-21
1.893688289e+00  6.6208691e-12  6.62087e-12  6.62087e-12  1.10950e-20
1.903156730e+00  6.5812056e-12  6.58121e-12  6.58121e-12  1.26336e-20
1.912672514e+00  6.5416293e-12  6.54163e-12  6.54163e-12  1.43752e-20
1.922235876e+00  6.5021425e-12  6.50214e-12  6.50214e-12  1.63451e-20
1.931847056e+00  6.4627473e-12  6.46275e-12  6.46275e-12  1.85718e-20
1.941506291e+00  6.4234459e-12  6.42345e-12  6.42345e-12  2.10868e-20
1.951213822e+00  6.3842404e-12  6.38424e-12  6.38424e-12  2.39255e-20
1.960969892e+00  6.3451327e-12  6.34513e-12  6.34513e-12  2.71272e-20
1.970774741e+00  6.3061251e-12  6.30613e-12  6.30613e-12  3.07359e-20
1.980628615e+00  6.2672193e-12  6.26722e-12  6.26722e-12  3.48005e-20
1.990531758e+00  6.2284174e-12  6.22842e-12  6.22842e-12  3.93753e-20
2.000484417e+00  6.1897213e-12  6.18972e-12  6.18972e-12  4.45208e-20
2.010486839e+00  6.1511327e-12  6.15113e-12  6.15113e-12  5.03042e-20
2.020539273e+00  6.1126536e-12  6.11265e-12  6.11265e-12  5.68002e-20
2.030641969e+00  6.0742856e-12  6.07429e-12  6.07429e-12  6.40914e-20
2.040795179e+00  6.0360306e-12  6.03603e-12  6.03603e-12  7.22699e-20
2.050999155e+00  5.9978902e-12  5.99789e-12  5.99789e-12  8.14372e-20
2.061254151e+00  5.9598661e-12  5.95987e-12  5.95987e-12  9.17060e-20
2.071560421e+00  5.9219599e-12  5.92196e-12  5.92196e-12  1.03201e-19
2.081918224e+00  5.8841732e-12  5.88417e-12  5.88417e-12  1.16060e-19
2.092327815e+00  5.8465075e-12  5.84651e-12  5.84651e-12  1.30435e-19
2.102789454e+00  5.8089643e-12  5.80896e-12  5.80896e-12  1.46495e-19
2.113303401e+00  5.7715452e-12  5.77155e-12  5.77154e-12  1.64425e-19
2.123869918e+00  5.7342515e-12  5.73425e-12  5.73425e-12  1.84430e-19
2.134489268e+00  5.6970846e-12  5.69708e-12  5.69708e-12  2.06735e-19
2.145161714e+00  5.6600460e-12  5.66005e-12  5.66005e-12  2.31588e-19
2.155887523e+00  5.6231369e-12  5.62314e-12  5.62314e-12  2.59264e-19
2.166666960e+00  5.5863587e-12  5.58636e-12  5.58636e-12  2.90063e-19
2.177500295e+00  5.5497126e-12  5.54971e-12  5.54971e-12  3.24315e-19
2.188387796e+00  5.5131998e-12  5.51320e-12  5.51320e-12  3.62383e-19
2.199329735e+00  5.4768216e-12  5.47682e-12  5.47682e-12  4.04667e-19
2.210326384e+00  5.4405790e-12  5.44058e-12  5.44058e-12  4.51602e-19
2.221378016e+00  5.4044733e-12  5.40447e-12  5.40447e-12  5.03668e-19
2.232484906e+00  5.3685055e-12  5.36851e-12  5.36850e-12  5.61391e-19
2.243647331e+00  5.3326766e-12  5.33268e-12  5.33268e-12  6.25345e-19
2.254865567e+00  5.2969878e-12  5.29699e-12  5.29699e-12  6.96158e-19
2.266139895e+00  5.2614400e-12  5.26144e-12  5.26144e-12  7.74520e-19
2.277470595e+00  5.2260342e-12  5.22603e-12  5.22603e-12  8.61181e-19
2.288857948e+00  5.1907714e-12  5.19077e-12  5.19077e-12  9.56962e-19
2.300302237e+00  5.1556523e-12  5.15565e-12  5.15565e-12  1.06276e-18
2.311803748e+00  5.1206780e-12  5.12068e-12  5.12068e-12  1.17955e-18
2.323362767e+00  5.0858493e-12  5.08585e-12  5.08585e-12  1.30840e-18
2.334979581e+00  5.0511670e-12  5.05117e-12  5.05117e-12  1.45046e-18
2.346654479e+00  5.0166319e-12  5.01663e-12  5.01663e-12  1.60701e-18
2.358387751e+00  4.9822447e-12  4.98224e-12  4.98224e-12  1.77941e-18
2.370179690e+00  4.9480062e-12  4.94801e-12  4.94800e-12  1.96917e-18
2.382030589e+00  4.9139172e-12  4.91392e-12  4.91392e-12  2.17790e-18
2.393940742e+00  4.8799782e-12  4.87998e-12  4.87998e-12  2.40737e-18
2.405910445e+00  4.8461900e-12  4.84619e-12  4.84619e-12  2.65949e-18
2.417939997e+00  4.8125532e-12  4.81255e-12  4.81255e-12  2.93634e-18
2.430029697e+00  4.7790683e-12  4.77907e-12  4.77907e-12  3.24017e-18
2.442179846e+00  4.7457360e-12  4.74574e-12  4.74573e-12  3.57343e-18
2.454390745e+00  4.7125569e-12  4.71256e-12  4.71255e-12  3.93875e-18
2.466662699e+00  4.6795314e-12  4.67953e-12  4.67953e-12  4.33899e-18
2.478996012e+00  4.6466600e-12  4.64666e-12  4.64666e-12  4.77724e-18
2.491390992e+00  4.6139433e-12  4.61394e-12  4.61394e-12  5.25686e-18
2.503847947e+00  4.5813816e-12  4.58138e-12  4.58138e-12  5.78144e-18
2.516367187e+00  4.5489755e-12  4.54898e-12  4.54897e-12  6.35489e-18
2.528949023e+00  4.5167254e-12  4.51673e-12  4.51672e-12  6.98141e-18
2.541593768e+00  4.4846315e-12  4.48463e-12  4.48462e-12  7.66554e-18
2.554301737e+00  4.4526943e-12  4.45269e-12  4.45269e-12  8.41217e-18
2.567073246e+00  4.4209142e-12  4.42091e-12  4.42090e-12  9.22657e-18
2.579908612e+00  4.3892914e-12  4.38929e-12  4.38928e-12  1.01144e-17
2.592808155e+00  4.3578262e-12  4.35783e-12  4.35782e-12  1.10818e-17
2.605772196e+00  4.3265190e-12  4.32652e-12  4.32651e-12  1.21353e-17
2.618801057e+00  4.2953700e-12  4.29537e-12  4.29536e-12  1.32819e-17
2.631895062e+00  4.2643794e-12  4.26438e-12  4.26436e-12  1.45293e-17
2.645054537e+00  4.2335474e-12  4.23355e-12  4.23353e-12  1.58855e-17
2.658279810e+00  4.2028743e-12  4.20287e-12  4.20286e-12  1.73594e-17
2.671571209e+00  4.1723602e-12  4.17236e-12  4.17234e-12  1.89602e-17
2.684929065e+00  4.1420053e-12  4.14201e-12  4.14198e-12  2.06980e-17
2.698353710e+00  4.1118097e-12  4.11181e-12  4.11179e-12  2.25835e-17
2.711845479e+00  4.0817736e-12  4.08177e-12  4.08175e-12  2.46283e-17
2.725404706e+00  4.0518970e-12  4.05190e-12  4.05187e-12  2.68446e-17
2.739031730e+00  4.0221801e-12  4.02218e-12  4.02215e-12  2.92457e-17
2.752726889e+00  3.9926229e-12  3.99262e-12  3.99259e-12  3.18456e-17
2.766490523e+00  3.9632255e-12  3.96323e-12  3.96319e-12  3.46593e-17
2.780322976e+00  3.9339878e-12  3.93399e-12  3.93395e-12  3.77030e-17
2.794224591e+00  3.9049101e-12  3.90491e-12  3.90487e-12  4.09937e-17
2.808195713e+00  3.8759921e-12  3.87599e-12  3.87595e-12  4.45498e-17
2.822236692e+00  3.8472341e-12  3.84723e-12  3.84719e-12  4.83907e-17
2.836347875e+00  3.8186358e-12  3.81864e-12  3.81858e-12  5.25373e-17
2.850529615e+00  3.7901973e-12  3.79020e-12  3.79014e-12  5.70115e-17
2.864782263e+00  3.7619185e-12  3.76192e-12  3.76186e-12  6.18371e-17
2.879106174e+00  3.7337995e-12  3.73380e-12  3.73373e-12  6.70390e-17
2.893501705e+00  3.7058400e-12  3.70584e-12  3.70577e-12  7.26439e-17
2.907969214e+00  3.6780399e-12  3.67804e-12  3.67796e-12  7.86801e-17
2.922509060e+00  3.6503993e-12  3.65040e-12  3.65031e-12  8.51777e-17
2.937121605e+00  3.6229180e-12  3.62292e-12  3.62283e-12  9.21687e-17
2.951807213e+00  3.5955958e-12  3.59560e-12  3.59550e-12  9.96868e-17
2.966566249e+00  3.5684326e-12  3.56843e-12  3.56832e-12  1.07768e-16
2.981399080e+00  3.5414283e-12  3.54143e-12  3.54131e-12  1.16451e-16
2.996306076e+00  3.5145826e-12  3.51458e-12  3.51446e-12  1.25775e-16
3.011287606e+00  3.4878955e-12  3.48790e-12  3.48776e-12  1.35784e-16
3.026344044e+00  3.4613668e-12  3.46137e-12  3.46122e-12  1.46522e-16
3.041475764e+00  3.4349961e-12  3.43500e-12  3.43484e-12  1.58038e-16
3.056683143e+00  3.4087834e-12  3.40878e-12  3.40861e-12  1.70383e-16
3.071966559e+00  3.3827285e-12  3.38273e-12  3.38254e-12  1.83609e-16
3.087326392e+00  3.3568310e-12  3.35683e-12  3.35663e-12  1.97774e-16
3.102763024e+00  3.3310909e-12  3.33109e-12  3.33088e-12  2.12936e-16
3.118276839e+00  3.3055077e-12  3.30551e-12  3.30528e-12  2.29160e-16
3.133868223e+00  3.2800814e-12  3.28008e-12  3.27983e-12  2.46512e-16
3.149537564e+00  3.2548117e-12  3.25481e-12  3.25455e-12  2.65062e-16
3.165285252e+00  3.2296982e-12  3.22970e-12  3.22941e-12  2.84883e-16
3.181111678e+00  3.2047407e-12  3.20474e-12  3.20443e-12  3.06054e-16
3.197017237e+00  3.1799391e-12  3.17994e-12  3.17961e-12  3.28656e-16
3.213002323e+00  3.1552929e-12  3.15529e-12  3.15494e-12  3.52776e-16
3.229067334e+00  3.1308019e-12  3.13080e-12  3.13042e-12  3.78505e-16
3.245212671e+00  3.1064658e-12  3.10647e-12  3.10606e-12  4.05938e-16
3.261438734e+00  3.0822844e-12  3.08228e-12  3.08185e-12  4.35176e-16
3.277745928e+00  3.0582573e-12  3.05826e-12  3.05779e-12  4.66323e-16
3.294134658e+00  3.0343842e-12  3.03438e-12  3.03388e-12  4.99490e-16
3.310605331e+00  3.0106649e-12  3.01066e-12  3.01013e-12  5.34794e-16
3.327158358e+00  2.9870990e-12  2.98710e-12  2.98653e-12  5.72355e-16
3.343794149e+00  2.9636863e-12  2.96369e-12  2.96307e-12  6.12303e-16
3.360513120e+00  2.9404264e-12  2.94043e-12  2.93977e-12  6.54770e-16
3.377315686e+00  2.9173189e-12  2.91732e-12  2.91662e-12  6.99897e-16
3.394202264e+00  2.8943637e-12  2.89436e-12  2.89362e-12  7.47830e-16
3.411173276e+00  2.8715604e-12  2.87156e-12  2.87076e-12  7.98723e-16
3.428229142e+00  2.8489087e-12  2.84891e-12  2.84806e-12  8.52737e-16
3.445370288e+00  2.8264082e-12  2.82641e-12  2.82550e-12  9.10040e-16
3.462597139e+00  2.8040588e-12  2.80406e-12  2.80309e-12  9.70807e-16
3.479910125e+00  2.7818599e-12  2.78186e-12  2.78082e-12  1.03522e-15
3.497309675e+00  2.7598114e-12  2.75981e-12  2.75871e-12  1.10347e-15
3.514796224e+00  2.7379130e-12  2.73791e-12  2.73674e-12  1.17577e-15
3.532370205e+00  2.7161643e-12  2.71616e-12  2.71491e-12  1.25231e-15
3.550032056e+00  2.6945651e-12  2.69457e-12  2.69323e-12  1.33331e-15
3.567782216e+00  2.6731150e-12  2.67312e-12  2.67170e-12  1.41901e-15
3.585621127e+00  2.6518138e-12  2.65181e-12  2.65030e-12  1.50963e-15
3.603549233e+00  2.6306611e-12  2.63066e-12  2.62906e-12  1.60543e-15
3.621566979e+00  2.6096568e-12  2.60966e-12  2.60795e-12  1.70665e-15
3.639674814e+00  2.5888004e-12  2.58880e-12  2.58699e-12  1.81358e-15
3.657873188e+00  2.5680918e-12  2.56809e-12  2.56617e-12  1.92647e-15
3.676162554e+00  2.5475307e-12  2.54753e-12  2.54549e-12  2.04563e-15
3.694543367e+00  2.5271167e-12  2.52712e-12  2.52495e-12  2.17134e-15
3.713016084e+00  2.5068498e-12  2.50685e-12  2.50455e-12  2.30393e-15
3.731581164e+00  2.4867295e-12  2.48673e-12  2.48429e-12  2.44371e-15
3.750239070e+00  2.4667558e-12  2.46676e-12  2.46416e-12  2.59102e-15
3.768990265e+00  2.4469283e-12  2.44693e-12  2.44418e-12  2.74620e-15
3.787835216e+00  2.4272468e-12  2.42725e-12  2.42434e-12  2.90962e-15
3.806774393e+00  2.4077112e-12  2.40771e-12  2.40463e-12  3.08165e-15
3.825808265e+00  2.3883211e-12  2.38832e-12  2.38506e-12  3.26267e-15
3.844937306e+00  2.3690766e-12  2.36908e-12  2.36562e-12  3.45309e-15
3.864161992e+00  2.3499772e-12  2.34998e-12  2.34632e-12  3.65332e-15
3.883482802e+00  2.3310230e-12  2.33102e-12  2.32716e-12  3.86379e-15
3.902900216e+00  2.3122137e-12  2.31221e-12  2.30813e-12  4.08494e-15
3.922414717e+00  2.2935492e-12  2.29355e-12  2.28923e-12  4.31723e-15
3.942026791e+00  2.2750293e-12  2.27503e-12  2.27047e-12  4.56114e-15
3.961736925e+00  2.2566539e-12  2.25665e-12  2.25184e-12  4.81715e-15
3.981545610e+00  2.2384230e-12  2.23842e-12  2.23334e-12  5.08577e-15
4.001453338e+00  2.2203364e-12  2.22034e-12  2.21497e-12  5.36752e-15
4.021460604e+00  2.2023941e-12  2.20239e-12  2.19673e-12  5.66293e-15
4.041567907e+00  2.1845960e-12  2.18460e-12  2.17862e-12  5.97257e-15
4.061775747e+00  2.1669420e-12  2.16694e-12  2.16064e-12  6.29700e-15
4.082084626e+00  2.1494321e-12  2.14943e-12  2.14280e-12  6.63682e-15
4.102495049e+00  2.1320663e-12  2.13207e-12  2.12507e-12  6.99262e-15
4.123007524e+00  2.1148446e-12  2.11484e-12  2.10748e-12  7.36504e-15
4.143622562e+00  2.0977670e-12  2.09777e-12  2.09001e-12  7.75471e-15
4.164340674e+00  2.0808335e-12  2.08083e-12  2.07267e-12  8.16230e-15
4.185162378e+00  2.0640442e-12  2.06404e-12  2.05546e-12  8.58848e-15
4.206088190e+00  2.0473992e-12  2.04740e-12  2.03837e-12  9.03395e-15
4.227118631e+00  2.0308984e-12  2.03090e-12  2.02140e-12  9.49943e-15
4.248254224e+00  2.0145421e-12  2.01454e-12  2.00456e-12  9.98565e-15
4.269495495e+00  1.9983303e-12  1.99833e-12  1.98784e-12  1.04934e-14
4.290842972e+00  1.9822632e-12  1.98226e-12  1.97124e-12  1.10234e-14
4.312297187e+00  1.9663410e-12  1.96634e-12  1.95476e-12  1.15764e-14
4.333858673e+00  1.9505637e-12  1.95056e-12  1.93841e-12  1.21534e-14
4.355527967e+00  1.9349317e-12  1.93493e-12  1.92218e-12  1.27551e-14
4.377305606e+00  1.9194450e-12  1.91945e-12  1.90606e-12  1.33823e-14
4.399192134e+00  1.9041041e-12  1.90410e-12  1.89007e-12  1.40360e-14
4.421188095e+00  1.8889090e-12  1.88891e-12  1.87419e-12  1.47170e-14
4.443294036e+00  1.8738601e-12  1.87386e-12  1.85843e-12  1.54263e-14
4.465510506e+00  1.8589577e-12  1.85896e-12  1.84279e-12  1.61648e-14
4.487838058e+00  1.8442020e-12  1.84420e-12  1.82727e-12  1.69335e-14
4.510277249e+00  1.8295935e-12  1.82959e-12  1.81186e-12  1.77332e-14
4.532828635e+00  1.8151324e-12  1.81513e-12  1.79657e-12  1.85651e-14
4.555492778e+00  1.8008192e-12  1.80082e-12  1.78139e-12  1.94302e-14
4.578270242e+00  1.7866543e-12  1.78665e-12  1.76632e-12  2.03294e-14
4.601161593e+00  1.7726380e-12  1.77264e-12  1.75137e-12  2.12639e-14
4.624167401e+00  1.7587708e-12  1.75877e-12  1.73654e-12  2.22347e-14
4.647288238e+00  1.7450531e-12  1.74505e-12  1.72181e-12  2.32429e-14
4.670524679e+00  1.7314855e-12  1.73149e-12  1.70720e-12  2.42897e-14
4.693877303e+00  1.7180685e-12  1.71807e-12  1.69269e-12  2.53762e-14
4.717346689e+00  1.7048025e-12  1.70480e-12  1.67830e-12  2.65035e-14
4.740933423e+00  1.6916880e-12  1.69169e-12  1.66402e-12  2.76729e-14
4.764638090e+00  1.6787258e-12  1.67873e-12  1.64984e-12  2.88855e-14
4.788461280e+00  1.6659163e-12  1.66592e-12  1.63577e-12  3.01426e-14
4.812403587e+00  1.6532601e-12  1.65326e-12  1.62181e-12  3.14454e-14
4.836465604e+00  1.6407579e-12  1.64076e-12  1.60796e-12  3.27951e-14
4.860647933e+00  1.6284103e-12  1.62841e-12  1.59422e-12  3.41931e-14
4.884951172e+00  1.6162179e-12  1.61622e-12  1.58058e-12  3.56406e-14
4.909375928e+00  1.6041815e-12  1.60418e-12  1.56704e-12  3.71389e-14
4.933922808e+00  1.5923018e-12  1.59230e-12  1.55361e-12  3.86895e-14
4.958592422e+00  1.5805794e-12  1.58058e-12  1.54029e-12  4.02936e-14
4.983385384e+00  1.5690151e-12  1.56902e-12  1.52706e-12  4.19526e-14
5.008302311e+00  1.5576096e-12  1.55761e-12  1.51394e-12  4.36679e-14
5.033343822e+00  1.5463638e-12  1.54636e-12  1.50092e-12  4.54408e-14
5.058510541e+00  1.5352784e-12  1.53528e-12  1.48801e-12  4.72729e-14
5.083803094e+00  1.5243541e-12  1.52435e-12  1.47519e-12  4.91655e-14
5.109222110e+00  1.5135919e-12  1.51359e-12  1.46247e-12  5.11201e-14
5.134768220e+00  1.5029926e-12  1.50299e-12  1.44985e-12  5.31382e-14
5.160442061e+00  1.4925570e-12  1.49256e-12  1.43734e-12  5.52211e-14
5.186244272e+00  1.4822860e-12  1.48229e-12  1.42492e-12  5.73705e-14
5.212175493e+00  1.4721804e-12  1.47218e-12  1.41259e-12  5.95878e-14
5.238236370e+00  1.4622411e-12  1.46224e-12  1.40037e-12  6.18745e-14
5.264427552e+00  1.4524692e-12  1.45247e-12  1.38824e-12  6.42321e-14
5.290749690e+00  1.4428654e-12  1.44287e-12  1.37620e-12  6.66622e-14
5.317203438e+00  1.4334307e-12  1.43343e-12  1.36426e-12  6.91663e-14
5.343789456e+00  1.4241660e-12  1.42417e-12  1.35242e-12  7.17460e-14
5.370508403e+00  1.4150723e-12  1.41507e-12  1.34067e-12  7.44028e-14
5.397360945e+00  1.4061506e-12  1.40615e-12  1.32901e-12  7.71383e-14
5.424347750e+00  1.3974018e-12  1.39740e-12  1.31745e-12  7.99541e-14
5.451469488e+00  1.3888269e-12  1.38883e-12  1.30598e-12  8.28517e-14
5.478726836e+00  1.3804268e-12  1.38043e-12  1.29459e-12  8.58327e-14
5.506120470e+00  1.3722026e-12  1.37220e-12  1.28330e-12  8.88988e-14
5.533651072e+00  1.3641552e-12  1.36416e-12  1.27210e-12  9.20514e-14
5.561319328e+00  1.3562856e-12  1.35629e-12  1.26099e-12  9.52923e-14
5.589125924e+00  1.3485949e-12  1.34859e-12  1.24997e-12  9.86229e-14
5.617071554e+00  1.3410841e-12  1.34108e-12  1.23904e-12  1.02045e-13
5.645156912e+00  1.3337540e-12  1.33375e-12  1.22819e-12  1.05560e-13
5.673382696e+00  1.3266058e-12  1.32661e-12  1.21744e-12  1.09170e-13
5.701749610e+00  1.3196404e-12  1.31964e-12  1.20677e-12  1.12875e-13
5.730258358e+00  1.3128589e-12  1.31286e-12  1.19618e-12  1.16679e-13
5.758909650e+00  1.3062622e-12  1.30626e-12  1.18568e-12  1.20581e-13
5.787704198e+00  1.2998514e-12  1.29985e-12  1.17527e-12  1.24585e-13
5.816642719e+00  1.2936273e-12  1.29363e-12  1.16494e-12  1.28691e-13
5.845725932e+00  1.2875910e-12  1.28759e-12  1.15469e-12  1.32901e-13
5.874954562e+00  1.2817436e-12  1.28174e-12  1.14453e-12  1.37217e-13
5.904329335e+00  1.2760858e-12  1.27609e-12  1.13445e-12  1.41640e-13
5.933850982e+00  1.2706187e-12  1.27062e-12  1.12445e-12  1.46171e-13
5.963520237e+00  1.2653433e-12  1.26534e-12  1.11453e-12  1.50813e-13
5.993337838e+00  1.2602605e-12  1.26026e-12  1.10469e-12  1.55566e-13
6.023304527e+00  1.2553711e-12  1.25537e-12  1.09494e-12  1.60433e-13
6.053421050e+00  1.2506762e-12  1.25068e-12  1.08526e-12  1.65414e-13
6.083688155e+00  1.2461766e-12  1.24618e-12  1.07567e-12  1.70511e-13
6.114106596e+00  1.2418731e-12  1.24187e-12  1.06615e-12  1.75725e-13
6.144677129e+00  1.2377667e-12  1.23777e-12  1.05671e-12  1.81059e-13
6.175400514e+00  1.2338582e-12  1.23386e-12  1.04735e-12  1.86512e-13
6.206277517e+00  1.2301483e-12  1.23015e-12  1.03806e-12  1.92088e-13
6.237308904e+00  1.2266380e-12  1.22664e-12  1.02885e-12  1.97786e-13
6.268495449e+00  1.2233279e-12  1.22333e-12  1.01972e-12  2.03609e-13
6.299837926e+00  1.2202189e-12  1.22022e-12  1.01066e-12  2.09557e-13
6.331337116e+00  1.2173117e-12  1.21731e-12  1.00168e-12  2.15632e-13
6.362993801e+00  1.2146069e-12  1.21461e-12  9.92772e-13  2.21835e-13
6.394808770e+00  1.2121053e-12  1.21211e-12  9.83937e-13  2.28168e-13
6.426782814e+00  1.2098075e-12  1.20981e-12  9.75176e-13  2.34631e-13
6.458916728e+00  1.2077141e-12  1.20771e-12  9.66488e-13  2.41226e-13
6.491211312e+00  1.2058258e-12  1.20583e-12  9.57872e-13  2.47954e-13
6.523667368e+00  1.2041430e-12  1.20414e-12  9.49328e-13  2.54815e-13
6.556285705e+00  1.2026663e-12  1.20267e-12  9.40855e-13  2.61812e-13
6.589067134e+00  1.2013962e-12  1.20140e-12  9.32452e-13  2.68944e-13
6.622012469e+00  1.2003332e-12  1.20033e-12  9.24120e-13  2.76213e-13
6.655122532e+00  1.1994777e-12  1.19948e-12  9.15857e-13  2.83621e-13
6.688398144e+00  1.1988301e-12  1.19883e-12  9.07664e-13  2.91166e-13
6.721840135e+00  1.1983907e-12  1.19839e-12  8.99539e-13  2.98852e-13
6.755449336e+00  1.1981598e-12  1.19816e-12  8.91482e-13  3.06678e-13
6.789226583e+00  1.1981377e-12  1.19814e-12  8.83493e-13  3.14645e-13
6.823172715e+00  1.1983247e-12  1.19832e-12  8.75571e-13  3.22754e-13
6.857288579e+00  1.1987209e-12  1.19872e-12  8.67715e-13  3.31006e-13
6.891575022e+00  1.1993264e-12  1.19933e-12  8.59926e-13  3.39401e-13
6.926032897e+00  1.2001414e-12  1.20014e-12  8.52202e-13  3.47939e-13
6.960663062e+00  1.2011660e-12  1.20117e-12  8.44544e-13  3.56622e-13
6.995466377e+00  1.2024000e-12  1.20240e-12  8.36950e-13  3.65450e-13
7.030443709e+00  1.2038436e-12  1.20384e-12  8.29420e-13  3.74424e-13
7.065595927e+00  1.2054966e-12  1.20550e-12  8.21954e-13  3.83543e-13
7.100923907e+00  1.2073588e-12  1.20736e-12  8.14551e-13  3.92808e-13
7.136428526e+00  1.2094302e-12  1.20943e-12  8.07211e-13  4.02219e-13
7.172110669e+00  1.2117104e-12  1.21171e-12  7.99933e-13  4.11777e-13
7.207971222e+00  1.2141991e-12  1.21420e-12  7.92717e-13  4.21482e-13
7.244011079e+00  1.2168962e-12  1.21690e-12  7.85563e-13  4.31333e-13
7.280231134e+00  1.2198011e-12  1.21980e-12  7.78469e-13  4.41332e-13
7.316632290e+00  1.2229134e-12  1.22291e-12  7.71436e-13  4.51478e-13
7.353215451e+00  1.2262326e-12  1.22623e-12  7.64462e-13  4.61771e-13
7.389981528e+00  1.2297583e-12  1.22976e-12  7.57548e-13  4.72210e-13
7.426931436e+00  1.2334897e-12  1.23349e-12  7.50693e-13  4.82796e-13
7.464066093e+00  1.2374262e-12  1.23743e-12  7.43897e-13  4.93529e-13
7.501386424e+00  1.2415672e-12  1.24157e-12  7.37159e-13  5.04409e-13
7.538893356e+00  1.2459118e-12  1.24591e-12  7.30478e-13  5.15434e-13
7.576587822e+00  1.2504593e-12  1.25046e-12  7.23855e-13  5.26604e-13
7.614470762e+00  1.2552087e-12  1.25521e-12  7.17288e-13  5.37920e-13
7.652543115e+00  1.2601592e-12  1.26016e-12  7.10778e-13  5.49381e-13
7.690805831e+00  1.2653096e-12  1.26531e-12  7.04324e-13  5.60986e-13
7.729259860e+00  1.2706591e-12  1.27066e-12  6.97925e-13  5.72734e-13
7.767906159e+00  1.2762064e-12  1.27621e-12  6.91582e-13  5.84625e-13
7.806745690e+00  1.2819504e-12  1.28195e-12  6.85293e-13  5.96658e-13
7.845779419e+00  1.2878900e-12  1.28789e-12  6.79058e-13  6.08832e-13
7.885008316e+00  1.2940237e-12  1.29402e-12  6.72877e-13  6.21147e-13
7.924433357e+00  1.3003503e-12  1.30035e-12  6.66749e-13  6.33601e-13
7.964055524e+00  1.3068683e-12  1.30687e-12  6.60675e-13  6.46194e-13
8.003875802e+00  1.3135764e-12  1.31358e-12  6.54653e-13  6.58924e-13
8.043895181e+00  1.3204729e-12  1.32047e-12  6.48683e-13  6.71790e-13
8.084114657e+00  1.3275564e-12  1.32756e-12  6.42764e-13  6.84792e-13
8.124535230e+00  1.3348252e-12  1.33483e-12  6.36897e-13  6.97928e-13
8.165157906e+00  1.3422776e-12  1.34228e-12  6.31081e-13  7.11197e-13
8.205983696e+00  1.3499119e-12  1.34991e-12  6.25315e-13  7.24596e-13
8.247013614e+00  1.3577262e-12  1.35773e-12  6.19600e-13  7.38126e-13
8.288248682e+00  1.3657188e-12  1.36572e-12  6.13934e-13  7.51785e-13
8.329689926e+00  1.3738876e-12  1.37389e-12  6.08318e-13  7.65570e-13
8.371338375e+00  1.3822308e-12  1.38223e-12  6.02750e-13  7.79481e-13
8.413195067e+00  1.3907463e-12  1.39075e-12  5.97231e-13  7.93515e-13
8.455261042e+00  1.3994320e-12  1.39943e-12  5.91760e-13  8.07672e-13
8.497537348e+00  1.4082858e-12  1.40829e-12  5.86337e-13  8.21949e-13
8.540025034e+00  1.4173055e-12  1.41731e-12  5.80961e-13  8.36344e-13
8.582725160e+00  1.4264889e-12  1.42649e-12  5.75633e-13  8.50856e-13
8.625638785e+00  1.4358336e-12  1.43583e-12  5.70350e-13  8.65483e-13
8.668766979e+00  1.4453374e-12  1.44534e-12  5.65114e-13  8.80223e-13
8.712110814e+00  1.4549977e-12  1.45500e-12  5.59924e-13  8.95073e-13
8.755671368e+00  1.4648123e-12  1.46481e-12  5.54780e-13  9.10032e-13
8.799449725e+00  1.4747785e-12  1.47478e-12  5.49681e-13  9.25098e-13
8.843446974e+00  1.4848938e-12  1.48489e-12  5.44626e-13  9.40268e-13
8.887664209e+00  1.4951556e-12  1.49516e-12  5.39616e-13  9.55540e-13
8.932102530e+00  1.5055614e-12  1.50556e-12  5.34650e-13  9.70912e-13
8.976763042e+00  1.5161083e-12  1.51611e-12  5.29727e-13  9.86381e-13
9.021646857e+00  1.5267936e-12  1.52679e-12  5.24848e-13  1.00195e-12
9.066755092e+00  1.5376146e-12  1.53761e-12  5.20012e-13  1.01760e-12
9.112088867e+00  1.5485685e-12  1.54857e-12  5.15219e-13  1.03335e-12
9.157649312e+00  1.5596523e-12  1.55965e-12  5.10467e-13  1.04918e-12
9.203437558e+00  1.5708632e-12  1.57086e-12  5.05758e-13  1.06511e-12
9.249454746e+00  1.5821981e-12  1.58220e-12  5.01091e-13  1.08111e-12
9.295702020e+00  1.5936542e-12  1.59365e-12  4.96464e-13  1.09719e-12
9.342180530e+00  1.6052284e-12  1.60523e-12  4.91879e-13  1.11335e-12
9.388891432e+00  1.6169176e-12  1.61692e-12  4.87334e-13  1.12958e-12
9.435835890e+00  1.6287187e-12  1.62872e-12  4.82829e-13  1.14589e-12
9.483015069e+00  1.6406286e-12  1.64063e-12  4.78365e-13  1.16226e-12
9.530430144e+00  1.6526441e-12  1.65264e-12  4.73940e-13  1.17870e-12
9.578082295e+00  1.6647619e-12  1.66476e-12  4.69554e-13  1.19521e-12
9.625972707e+00  1.6769790e-12  1.67698e-12  4.65207e-13  1.21177e-12
9.674102570e+00  1.6892919e-12  1.68929e-12  4.60899e-13  1.22839e-12
9.722473083e+00  1.7016974e-12  1.70170e-12  4.56629e-13  1.24507e-12
9.771085448e+00  1.7141922e-12  1.71419e-12  4.52397e-13  1.26180e-12
9.819940876e+00  1.7267729e-12  1.72677e-12  4.48203e-13  1.27857e-12
9.869040580e+00  1.7394361e-12  1.73944e-12  4.44046e-13  1.29539e-12
9.918385783e+00  1.7521785e-12  1.75218e-12  4.39926e-13  1.31225e-12
9.967977712e+00  1.7649966e-12  1.76500e-12  4.35843e-13  1.32915e-12
1.001781760e+01  1.7778870e-12  1.77789e-12  4.31797e-13  1.34609e-12
1.006790669e+01  1.7908463e-12  1.79085e-12  4.27786e-13  1.36306e-12
1.011824622e+01  1.8038708e-12  1.80387e-12  4.23812e-13  1.38006e-12
1.016883745e+01  1.8169572e-12  1.81696e-12  4.19872e-13  1.39708e-12
1.021968164e+01  1.8301020e-12  1.83010e-12  4.15969e-13  1.41413e-12
1.027078005e+01  1.8433016e-12  1.84330e-12  4.12100e-13  1.43120e-12
1.032213395e+01  1.8565524e-12  1.85655e-12  4.08266e-13  1.44829e-12
1.037374462e+01  1.8698509e-12  1.86985e-12  4.04466e-13  1.46539e-12
1.042561334e+01  1.8831937e-12  1.88319e-12  4.00700e-13  1.48249e-12
1.047774141e+01  1.8965770e-12  1.89658e-12  3.96968e-13  1.49961e-12
1.053013012e+01  1.9099974e-12  1.91000e-12  3.93269e-13  1.51673e-12
1.058278077e+01  1.9234512e-12  1.92345e-12  3.89604e-13  1.53385e-12
1.063569467e+01  1.9369348e-12  1.93693e-12  3.85972e-13  1.55096e-12
1.068887314e+01  1.9504448e-12  1.95044e-12  3.82372e-13  1.56807e-12
1.074231751e+01  1.9639774e-12  1.96398e-12  3.78805e-13  1.58517e-12
1.079602910e+01  1.9775291e-12  1.97753e-12  3.75270e-13  1.60226e-12
1.085000924e+01  1.9910964e-12  1.99110e-12  3.71766e-13  1.61933e-12
1.090425929e+01  2.0046756e-12  2.00468e-12  3.68294e-13  1.63638e-12
1.095878058e+01  2.0182631e-12  2.01826e-12  3.64854e-13  1.65341e-12
1.101357449e+01  2.0318555e-12  2.03186e-12  3.61445e-13  1.67041e-12
1.106864236e+01  2.0454490e-12  2.04545e-12  3.58066e-13  1.68738e-12
1.112398557e+01  2.0590403e-12  2.05904e-12  3.54718e-13  1.70432e-12
1.117960550e+01  2.0726256e-12  2.07263e-12  3.51400e-13  1.72123e-12
1.123550353e+01  2.0862015e-12  2.08620e-12  3.48112e-13  1.73809e-12
1.129168104e+01  2.0997645e-12  2.09976e-12  3.44854e-13  1.75491e-12
1.134813945e+01  2.1133111e-12  2.11331e-12  3.41625e-13  1.77169e-12
1.140488015e+01  2.1268377e-12  2.12684e-12  3.38426e-13  1.78841e-12
1.146190455e+01  2.1403409e-12  2.14034e-12  3.35256e-13  1.80509e-12
1.151921407e+01  2.1538173e-12  2.15382e-12  3.32114e-13  1.82170e-12
1.157681014e+01  2.1672633e-12  2.16726e-12  3.29001e-13  1.83826e-12
1.163469419e+01  2.1806756e-12  2.18068e-12  3.25916e-13  1.85476e-12
1.169286766e+01  2.1940507e-12  2.19405e-12  3.22859e-13  1.87119e-12
1.175133200e+01  2.2073854e-12  2.20739e-12  3.19830e-13  1.88756e-12
1.181008866e+01  2.2206761e-12  2.22068e-12  3.16828e-13  1.90385e-12
1.186913910e+01  2.2339197e-12  2.23392e-12  3.13854e-13  1.92007e-12
1.192848480e+01  2.2471128e-12  2.24711e-12  3.10906e-13  1.93621e-12
1.198812722e+01  2.2602522e-12  2.26025e-12  3.07986e-13  1.95227e-12
1.204806786e+01  2.2733345e-12  2.27333e-12  3.05092e-13  1.96824e-12
1.210830820e+01  2.2863566e-12  2.28636e-12  3.02225e-13  1.98413e-12
1.216884974e+01  2.2993153e-12  2.29932e-12  2.99383e-13  1.99993e-12
1.222969399e+01  2.3122075e-12  2.31221e-12  2.96568e-13  2.01564e-12
1.229084246e+01  2.3250299e-12  2.32503e-12  2.93778e-13  2.03125e-12
1.235229667e+01  2.3377796e-12  2.33778e-12  2.91014e-13  2.04677e-12
1.241405815e+01  2.3504534e-12  2.35045e-12  2.88275e-13  2.06218e-12
1.247612845e+01  2.3630485e-12  2.36305e-12  2.85560e-13  2.07749e-12
1.253850909e+01  2.3755616e-12  2.37556e-12  2.82871e-13  2.09269e-12
1.260120163e+01  2.3879900e-12  2.38799e-12  2.80207e-13  2.10778e-12
1.266420764e+01  2.4003308e-12  2.40033e-12  2.77566e-13  2.12276e-12
1.272752868e+01  2.4125810e-12  2.41258e-12  2.74950e-13  2.13763e-12
1.279116632e+01  2.4247378e-12  2.42474e-12  2.72358e-13  2.15238e-12
1.285512215e+01  2.4367984e-12  2.43680e-12  2.69789e-13  2.16701e-12
1.291939776e+01  2.4487602e-12  2.44876e-12  2.67245e-13  2.18152e-12
1.298399475e+01  2.4606203e-12  2.46062e-12  2.64723e-13  2.19590e-12
1.304891473e+01  2.4723762e-12  2.47238e-12  2.62225e-13  2.21015e-12
1.311415930e+01  2.4840252e-12  2.48403e-12  2.59749e-13  2.22428e-12
1.317973010e+01  2.4955647e-12  2.49556e-12  2.57296e-13  2.23827e-12
1.324562875e+01  2.5069922e-12  2.50699e-12  2.54866e-13  2.25213e-12
1.331185689e+01  2.5183052e-12  2.51831e-12  2.52458e-13  2.26585e-12
1.337841618e+01  2.5295013e-12  2.52950e-12  2.50072e-13  2.27943e-12
1.344530826e+01  2.5405781e-12  2.54058e-12  2.47708e-13  2.29287e-12
1.351253480e+01  2.5515333e-12  2.55153e-12  2.45366e-13  2.30617e-12
1.358009747e+01  2.5623645e-12  2.56236e-12  2.43046e-13  2.31932e-12
1.364799796e+01  2.5730695e-12  2.57307e-12  2.40746e-13  2.33232e-12
1.371623795e+01  2.5836460e-12  2.58365e-12  2.38468e-13  2.34518e-12
1.378481914e+01  2.5940921e-12  2.59409e-12  2.36211e-13  2.35788e-12
1.385374323e+01  2.6044054e-12  2.60441e-12  2.33975e-13  2.37043e-12
1.392301195e+01  2.6145840e-12  2.61458e-12  2.31759e-13  2.38282e-12
1.399262701e+01  2.6246259e-12  2.62463e-12  2.29564e-13  2.39506e-12
1.406259015e+01  2.6345292e-12  2.63453e-12  2.27389e-13  2.40714e-12
1.413290310e+01  2.6442918e-12  2.64429e-12  2.25234e-13  2.41906e-12
1.420356761e+01  2.6539120e-12  2.65391e-12  2.23099e-13  2.43081e-12
1.427458545e+01  2.6633879e-12  2.66339e-12  2.20984e-13  2.44240e-12
1.434595838e+01  2.6727179e-12  2.67272e-12  2.18889e-13  2.45383e-12
1.441768817e+01  2.6819001e-12  2.68190e-12  2.16812e-13  2.46509e-12
1.448977661e+01  2.6909330e-12  2.69093e-12  2.14755e-13  2.47618e-12
1.456222549e+01  2.6998150e-12  2.69981e-12  2.12717e-13  2.48710e-12
1.463503662e+01  2.7085444e-12  2.70854e-12  2.10698e-13  2.49785e-12
1.470821180e+01  2.7171198e-12  2.71712e-12  2.08698e-13  2.50842e-12
1.478175286e+01  2.7255398e-12  2.72554e-12  2.06716e-13  2.51882e-12
1.485566163e+01  2.7338029e-12  2.73380e-12  2.04752e-13  2.52905e-12
1.492993994e+01  2.7419079e-12  2.74191e-12  2.02807e-13  2.53910e-12
1.500458964e+01  2.7498534e-12  2.74985e-12  2.00879e-13  2.54897e-12
1.507961258e+01  2.7576381e-12  2.75764e-12  1.98970e-13  2.55867e-12
1.515501065e+01  2.7652610e-12  2.76526e-12  1.97078e-13  2.56818e-12
1.523078570e+01  2.7727208e-12  2.77272e-12  1.95204e-13  2.57752e-12
1.530693963e+01  2.7800165e-12  2.78002e-12  1.93347e-13  2.58667e-12
1.538347433e+01  2.7871471e-12  2.78715e-12  1.91508e-13  2.59564e-12
1.546039170e+01  2.7941115e-12  2.79411e-12  1.89685e-13  2.60443e-12
1.553769366e+01  2.8009088e-12  2.80091e-12  1.87880e-13  2.61303e-12
1.561538212e+01  2.8075381e-12  2.80754e-12  1.86091e-13  2.62145e-12
1.569345903e+01  2.8139987e-12  2.81400e-12  1.84319e-13  2.62968e-12
1.577192633e+01  2.8202897e-12  2.82029e-12  1.82564e-13  2.63773e-12
1.585078596e+01  2.8264103e-12  2.82641e-12  1.80825e-13  2.64559e-12
1.593003989e+01  2.8323600e-12  2.83236e-12  1.79102e-13  2.65326e-12
1.600969009e+01  2.8381380e-12  2.83814e-12  1.77395e-13  2.66074e-12
1.608973854e+01  2.8437438e-12  2.84374e-12  1.75704e-13  2.66804e-12
1.617018723e+01  2.8491769e-12  2.84918e-12  1.74028e-13  2.67515e-12
1.625103817e+01  2.8544367e-12  2.85444e-12  1.72369e-13  2.68207e-12
1.633229336e+01  2.8595228e-12  2.85952e-12  1.70725e-13  2.68880e-12
1.641395483e+01  2.8644349e-12  2.86443e-12  1.69096e-13  2.69534e-12
1.649602460e+01  2.8691725e-12  2.86917e-12  1.67482e-13  2.70169e-12
1.657850473e+01  2.8737354e-12  2.87374e-12  1.65884e-13  2.70785e-12
1.666139725e+01  2.8781233e-12  2.87812e-12  1.64300e-13  2.71382e-12
1.674470424e+01  2.8823361e-12  2.88234e-12  1.62732e-13  2.71960e-12
1.682842776e+01  2.8863734e-12  2.88637e-12  1.61177e-13  2.72520e-12
1.691256990e+01  2.8902353e-12  2.89024e-12  1.59638e-13  2.73060e-12
1.699713274e+01  2.8939217e-12  2.89392e-12  1.58113e-13  2.73581e-12
1.708211841e+01  2.8974324e-12  2.89743e-12  1.56602e-13  2.74083e-12
1.716752900e+01  2.9007676e-12  2.90077e-12  1.55105e-13  2.74566e-12
1.725336665e+01  2.9039273e-12  2.90393e-12  1.53622e-13  2.75031e-12
1.733963348e+01  2.9069116e-12  2.90691e-12  1.52153e-13  2.75476e-12
1.742633165e+01  2.9097206e-12  2.90972e-12  1.50698e-13  2.75902e-12
1.751346330e+01  2.9123546e-12  2.91235e-12  1.49257e-13  2.76310e-12
1.760103062e+01  2.9148136e-12  2.91481e-12  1.47829e-13  2.76698e-12
1.768903577e+01  2.9170981e-12  2.91710e-12  1.46414e-13  2.77068e-12
1.777748095e+01  2.9192082e-12  2.91921e-12  1.45013e-13  2.77420e-12
1.786636836e+01  2.9211444e-12  2.92114e-12  1.43625e-13  2.77752e-12
1.795570020e+01  2.9229070e-12  2.92291e-12  1.42250e-13  2.78066e-12
1.804547870e+01  2.9244964e-12  2.92450e-12  1.40888e-13  2.78361e-12
1.813570609e+01  2.9259131e-12  2.92591e-12  1.39538e-13  2.78637e-12
1.822638462e+01  2.9271576e-12  2.92716e-12  1.38202e-13  2.78896e-12
1.831751655e+01  2.9282304e-12  2.92823e-12  1.36877e-13  2.79135e-12
1.840910413e+01  2.9291321e-12  2.92913e-12  1.35566e-13  2.79357e-12
1.850114965e+01  2.9298632e-12  2.92986e-12  1.34266e-13  2.79560e-12
1.859365540e+01  2.9304244e-12  2.93042e-12  1.32979e-13  2.79745e-12
1.868662368e+01  2.9308164e-12  2.93082e-12  1.31704e-13  2.79911e-12
1.878005679e+01  2.9310398e-12  2.93104e-12  1.30441e-13  2.80060e-12
1.887395708e+01  2.9310954e-12  2.93110e-12  1.29190e-13  2.80191e-12
1.896832686e+01  2.9309840e-12  2.93098e-12  1.27951e-13  2.80303e-12
1.906316850e+01  2.9307062e-12  2.93071e-12  1.26723e-13  2.80398e-12
1.915848434e+01  2.9302631e-12  2.93026e-12  1.25507e-13  2.80476e-12
1.925427676e+01  2.9296553e-12  2.92966e-12  1.24302e-13  2.80535e-12
1.935054815e+01  2.9288839e-12  2.92888e-12  1.23109e-13  2.80578e-12
1.944730089e+01  2.9279496e-12  2.92795e-12  1.21927e-13  2.80602e-12
1.954453739e+01  2.9268535e-12  2.92685e-12  1.20756e-13  2.80610e-12
1.964226008e+01  2.9255965e-12  2.92560e-12  1.19596e-13  2.80600e-12
1.974047138e+01  2.9241796e-12  2.92418e-12  1.18447e-13  2.80573e-12
1.983917374e+01  2.9226038e-12  2.92260e-12  1.17309e-13  2.80529e-12
1.993836960e+01  2.9208701e-12  2.92087e-12  1.16182e-13  2.80469e-12
2.003806145e+01  2.9189797e-12  2.91898e-12  1.15065e-13  2.80391e-12
2.013825176e+01  2.9169336e-12  2.91693e-12  1.13959e-13  2.80297e-12
2.023894302e+01  2.9147329e-12  2.91473e-12  1.12863e-13  2.80187e-12
2.034013773e+01  2.9123787e-12  2.91238e-12  1.11778e-13  2.80060e-12
2.044183842e+01  2.9098723e-12  2.90987e-12  1.10703e-13  2.79917e-12
2.054404761e+01  2.9072147e-12  2.90721e-12  1.09638e-13  2.79758e-12
2.064676785e+01  2.9044073e-12  2.90441e-12  1.08583e-13  2.79582e-12
2.075000169e+01  2.9014512e-12  2.90145e-12  1.07538e-13  2.79391e-12
2.085375170e+01  2.8983476e-12  2.89835e-12  1.06503e-13  2.79184e-12
2.095802046e+01  2.8950978e-12  2.89510e-12  1.05478e-13  2.78962e-12
2.106281056e+01  2.8917031e-12  2.89170e-12  1.04463e-13  2.78724e-12
2.116812461e+01  2.8881648e-12  2.88816e-12  1.03457e-13  2.78471e-12
2.127396524e+01  2.8844842e-12  2.88448e-12  1.02461e-13  2.78202e-12
2.138033506e+01  2.8806626e-12  2.88066e-12  1.01474e-13  2.77919e-12
2.148723674e+01  2.8767014e-12  2.87670e-12  1.00496e-13  2.77621e-12
2.159467292e+01  2.8726018e-12  2.87260e-12  9.95280e-14  2.77307e-12
2.170264629e+01  2.8683654e-12  2.86837e-12  9.85690e-14  2.76980e-12
2.181115952e+01  2.8639934e-12  2.86399e-12  9.76190e-14  2.76637e-12
2.192021532e+01  2.8594874e-12  2.85949e-12  9.66781e-14  2.76281e-12
2.202981639e+01  2.8548486e-12  2.85485e-12  9.57460e-14  2.75910e-12
2.213996547e+01  2.8500785e-12  2.85008e-12  9.48229e-14  2.75526e-12
2.225066530e+01  2.8451785e-12  2.84518e-12  9.39085e-14  2.75127e-12
2.236191863e+01  2.8401501e-12  2.84015e-12  9.30027e-14  2.74715e-12
2.247372822e+01  2.8349948e-12  2.83499e-12  9.21056e-14  2.74289e-12
2.258609686e+01  2.8297140e-12  2.82971e-12  9.12170e-14  2.73850e-12
2.269902735e+01  2.8243092e-12  2.82431e-12  9.03369e-14  2.73397e-12
2.281252248e+01  2.8187819e-12  2.81878e-12  8.94651e-14  2.72932e-12
2.292658510e+01  2.8131335e-12  2.81313e-12  8.86016e-14  2.72453e-12
2.304121802e+01  2.8073656e-12  2.80737e-12  8.77463e-14  2.71962e-12
2.315642411e+01  2.8014796e-12  2.80148e-12  8.68992e-14  2.71458e-12
2.327220623e+01  2.7954772e-12  2.79548e-12  8.60601e-14  2.70942e-12
2.338856726e+01  2.7893598e-12  2.78936e-12  8.52290e-14  2.70413e-12
2.350551010e+01  2.7831289e-12  2.78313e-12  8.44058e-14  2.69872e-12
2.362303765e+01  2.7767861e-12  2.77679e-12  8.35904e-14  2.69320e-12
2.374115284e+01  2.7703328e-12  2.77033e-12  8.27828e-14  2.68755e-12
2.385985860e+01  2.7637708e-12  2.76377e-12  8.19829e-14  2.68179e-12
2.397915789e+01  2.7571014e-12  2.75710e-12  8.11907e-14  2.67591e-12
2.409905368e+01  2.7503262e-12  2.75033e-12  8.04059e-14  2.66992e-12
2.421954895e+01  2.7434469e-12  2.74345e-12  7.96287e-14  2.66382e-12
2.434064670e+01  2.7364649e-12  2.73646e-12  7.88588e-14  2.65761e-12
2.446234993e+01  2.7293818e-12  2.72938e-12  7.80963e-14  2.65129e-12
2.458466168e+01  2.7221991e-12  2.72220e-12  7.73411e-14  2.64486e-12
2.470758499e+01  2.7149184e-12  2.71492e-12  7.65931e-14  2.63833e-12
2.483112291e+01  2.7075413e-12  2.70754e-12  7.58522e-14  2.63169e-12
2.495527853e+01  2.7000693e-12  2.70007e-12  7.51184e-14  2.62495e-12
