# ------------------------------------------------------------------------
# Radiance spectrum
# NASA-GSFC Planetary Spectrum Generator (PSG) (Villanueva et al. 2018, 2022)
# Synthesized on Sat Dec 23 00:14:59 2023
# Doppler velocities [km/s] (vobs,vrot+vorb,vwidth,vrfl,vstr): 0.00000,-0.00000,0.00000,-119.41115,-0.00000
# Spectral unit: Wavelength [um]
# Radiance unit: Spectral irradiance [W/m2/um]
# Wave/freq Total Object Reflected Thermal
5.000000000e-01  7.5354197e-12  7.53542e-12  7.53542e-12  0.00000e+00
5.025000000e-01  7.6110611e-12  7.61106e-12  7.61106e-12  0.00000e+00
5.050125000e-01  7.6865411e-12  7.68654e-12  7.68654e-12  0.00000e+00
5.075375625e-01  7.7618450e-12  7.76184e-12  7.76184e-12  0.00000e+00
5.100752503e-01  7.8369582e-12  7.83696e-12  7.83696e-12  0.00000e+00
5.126256266e-01  7.9118663e-12  7.91187e-12  7.91187e-12  0.00000e+00
5.151887547e-01  7.9865546e-12  7.98655e-12  7.98655e-12  0.00000e+00
5.177646985e-01  8.0610089e-12  8.06101e-12  8.06101e-12  0.00000e+00
5.203535220e-01  8.1352148e-12  8.13521e-12  8.13521e-12  0.00000e+00
5.229552896e-01  8.2091580e-12  8.20916e-12  8.20916e-12  0.00000e+00
5.255700660e-01  8.2828243e-12  8.28282e-12  8.28282e-12  0.00000e+00
5.281979164e-01  8.3561997e-12  8.35620e-12  8.35620e-12  0.00000e+00
5.308389059e-01  8.4292701e-12  8.42927e-12  8.42927e-12  0.00000e+00
5.334931005e-01  8.5020217e-12  8.50202e-12  8.50202e-12  0.00000e+00
5.361605660e-01  8.5744406e-12  8.57444e-12  8.57444e-12  0.00000e+00
5.388413688e-01  8.6465131e-12  8.64651e-12  8.64651e-12  0.00000e+00
5.415355756e-01  8.7182258e-12  8.71823e-12  8.71823e-12  0.00000e+00
5.442432535e-01  8.7895650e-12  8.78957e-12  8.78957e-12  0.00000e+00
5.469644698e-01  8.8605175e-12  8.86052e-12  8.86052e-12  0.00000e+00
5.496992921e-01  8.9310701e-12  8.93107e-12  8.93107e-12  0.00000e+00
5.524477886e-01  9.0012097e-12  9.00121e-12  9.00121e-12  0.00000e+00
5.552100275e-01  9.0709234e-12  9.07092e-12  9.07092e-12  0.00000e+00
5.579860777e-01  9.1401983e-12  9.14020e-12  9.14020e-12  0.00000e+00
5.607760081e-01  9.2090218e-12  9.20902e-12  9.20902e-12  0.00000e+00
5.635798881e-01  9.2773815e-12  9.27738e-12  9.27738e-12  0.00000e+00
5.663977875e-01  9.3452649e-12  9.34526e-12  9.34526e-12  0.00000e+00
5.692297765e-01  9.4126599e-12  9.41266e-12  9.41266e-12  0.00000e+00
5.720759254e-01  9.4795545e-12  9.47955e-12  9.47955e-12  0.00000e+00
5.749363050e-01  9.5459368e-12  9.54594e-12  9.54594e-12  0.00000e+00
5.778109865e-01  9.6117951e-12  9.61180e-12  9.61180e-12  0.00000e+00
5.807000414e-01  9.6771179e-12  9.67712e-12  9.67712e-12  0.00000e+00
5.836035417e-01  9.7418939e-12  9.74189e-12  9.74189e-12  0.00000e+00
5.865215594e-01  9.8061118e-12  9.80611e-12  9.80611e-12  0.00000e+00
5.894541672e-01  9.8697608e-12  9.86976e-12  9.86976e-12  0.00000e+00
5.924014380e-01  9.9328301e-12  9.93283e-12  9.93283e-12  0.00000e+00
5.953634452e-01  9.9953090e-12  9.99531e-12  9.99531e-12  0.00000e+00
5.983402624e-01  1.0057187e-11  1.00572e-11  1.00572e-11  0.00000e+00
6.013319637e-01  1.0118454e-11  1.01185e-11  1.01185e-11  0.00000e+00
6.043386235e-01  1.0179101e-11  1.01791e-11  1.01791e-11  0.00000e+00
6.073603167e-01  1.0239116e-11  1.02391e-11  1.02391e-11  0.00000e+00
6.103971182e-01  1.0298491e-11  1.02985e-11  1.02985e-11  0.00000e+00
6.134491038e-01  1.0357216e-11  1.03572e-11  1.03572e-11  0.00000e+00
6.165163494e-01  1.0415282e-11  1.04153e-11  1.04153e-11  0.00000e+00
6.195989311e-01  1.0472680e-11  1.04727e-11  1.04727e-11  0.00000e+00
6.226969258e-01  1.0529402e-11  1.05294e-11  1.05294e-11  0.00000e+00
6.258104104e-01  1.0585438e-11  1.05854e-11  1.05854e-11  0.00000e+00
6.289394624e-01  1.0640780e-11  1.06408e-11  1.06408e-11  0.00000e+00
6.320841597e-01  1.0695420e-11  1.06954e-11  1.06954e-11  0.00000e+00
6.352445805e-01  1.0749351e-11  1.07494e-11  1.07494e-11  0.00000e+00
6.384208035e-01  1.0802564e-11  1.08026e-11  1.08026e-11  0.00000e+00
6.416129075e-01  1.0855052e-11  1.08551e-11  1.08551e-11  0.00000e+00
6.448209720e-01  1.0906808e-11  1.09068e-11  1.09068e-11  0.00000e+00
6.480450769e-01  1.0957824e-11  1.09578e-11  1.09578e-11  0.00000e+00
6.512853022e-01  1.1008095e-11  1.10081e-11  1.10081e-11  0.00000e+00
6.545417288e-01  1.1057612e-11  1.10576e-11  1.10576e-11  0.00000e+00
6.578144374e-01  1.1106371e-11  1.11064e-11  1.11064e-11  0.00000e+00
6.611035096e-01  1.1154364e-11  1.11544e-11  1.11544e-11  0.00000e+00
6.644090271e-01  1.1201586e-11  1.12016e-11  1.12016e-11  0.00000e+00
6.677310723e-01  1.1248031e-11  1.12480e-11  1.12480e-11  0.00000e+00
6.710697276e-01  1.1293693e-11  1.12937e-11  1.12937e-11  0.00000e+00
6.744250763e-01  1.1338568e-11  1.13386e-11  1.13386e-11  0.00000e+00
6.777972017e-01  1.1382650e-11  1.13827e-11  1.13827e-11  0.00000e+00
6.811861877e-01  1.1425935e-11  1.14259e-11  1.14259e-11  0.00000e+00
6.845921186e-01  1.1468418e-11  1.14684e-11  1.14684e-11  0.00000e+00
6.880150792e-01  1.1510093e-11  1.15101e-11  1.15101e-11  0.00000e+00
6.914551546e-01  1.1550959e-11  1.15510e-11  1.15510e-11  0.00000e+00
6.949124304e-01  1.1591010e-11  1.15910e-11  1.15910e-11  0.00000e+00
6.983869925e-01  1.1630242e-11  1.16302e-11  1.16302e-11  0.00000e+00
7.018789275e-01  1.1668653e-11  1.16687e-11  1.16687e-11  0.00000e+00
7.053883221e-01  1.1706238e-11  1.17062e-11  1.17062e-11  0.00000e+00
7.089152637e-01  1.1742996e-11  1.17430e-11  1.17430e-11  0.00000e+00
7.124598400e-01  1.1778922e-11  1.17789e-11  1.17789e-11  0.00000e+00
7.160221392e-01  1.1814015e-11  1.18140e-11  1.18140e-11  0.00000e+00
7.196022499e-01  1.1848272e-11  1.18483e-11  1.18483e-11  0.00000e+00
7.232002612e-01  1.1881691e-11  1.18817e-11  1.18817e-11  0.00000e+00
7.268162625e-01  1.1914270e-11  1.19143e-11  1.19143e-11  0.00000e+00
7.304503438e-01  1.1946007e-11  1.19460e-11  1.19460e-11  0.00000e+00
7.341025955e-01  1.1976901e-11  1.19769e-11  1.19769e-11  0.00000e+00
7.377731085e-01  1.2006950e-11  1.20069e-11  1.20069e-11  0.00000e+00
7.414619740e-01  1.2036153e-11  1.20362e-11  1.20362e-11  0.00000e+00
7.451692839e-01  1.2064509e-11  1.20645e-11  1.20645e-11  0.00000e+00
7.488951303e-01  1.2092018e-11  1.20920e-11  1.20920e-11  0.00000e+00
7.526396060e-01  1.2118678e-11  1.21187e-11  1.21187e-11  0.00000e+00
7.564028040e-01  1.2144491e-11  1.21445e-11  1.21445e-11  0.00000e+00
7.601848180e-01  1.2169454e-11  1.21695e-11  1.21695e-11  0.00000e+00
7.639857421e-01  1.2193569e-11  1.21936e-11  1.21936e-11  0.00000e+00
7.678056708e-01  1.2216836e-11  1.22168e-11  1.22168e-11  0.00000e+00
7.716446992e-01  1.2239256e-11  1.22393e-11  1.22393e-11  0.00000e+00
7.755029227e-01  1.2260828e-11  1.22608e-11  1.22608e-11  0.00000e+00
7.793804373e-01  1.2281553e-11  1.22816e-11  1.22816e-11  0.00000e+00
7.832773395e-01  1.2301434e-11  1.23014e-11  1.23014e-11  0.00000e+00
7.871937262e-01  1.2320470e-11  1.23205e-11  1.23205e-11  0.00000e+00
7.911296948e-01  1.2338664e-11  1.23387e-11  1.23387e-11  0.00000e+00
7.950853433e-01  1.2356016e-11  1.23560e-11  1.23560e-11  0.00000e+00
7.990607700e-01  1.2372529e-11  1.23725e-11  1.23725e-11  0.00000e+00
8.030560739e-01  1.2388204e-11  1.23882e-11  1.23882e-11  0.00000e+00
8.070713542e-01  1.2403044e-11  1.24030e-11  1.24030e-11  0.00000e+00
8.111067110e-01  1.2417051e-11  1.24171e-11  1.24171e-11  0.00000e+00
8.151622446e-01  1.2430226e-11  1.24302e-11  1.24302e-11  0.00000e+00
8.192380558e-01  1.2442573e-11  1.24426e-11  1.24426e-11  0.00000e+00
8.233342461e-01  1.2454095e-11  1.24541e-11  1.24541e-11  0.00000e+00
8.274509173e-01  1.2464793e-11  1.24648e-11  1.24648e-11  0.00000e+00
8.315881719e-01  1.2474672e-11  1.24747e-11  1.24747e-11  0.00000e+00
8.357461127e-01  1.2483735e-11  1.24837e-11  1.24837e-11  0.00000e+00
8.399248433e-01  1.2491984e-11  1.24920e-11  1.24920e-11  0.00000e+00
8.441244675e-01  1.2499423e-11  1.24994e-11  1.24994e-11  0.00000e+00
8.483450899e-01  1.2506056e-11  1.25061e-11  1.25061e-11  0.00000e+00
8.525868153e-01  1.2511887e-11  1.25119e-11  1.25119e-11  0.00000e+00
8.568497494e-01  1.2516919e-11  1.25169e-11  1.25169e-11  0.00000e+00
8.611339981e-01  1.2521156e-11  1.25212e-11  1.25212e-11  0.00000e+00
8.654396681e-01  1.2524603e-11  1.25246e-11  1.25246e-11  0.00000e+00
8.697668665e-01  1.2527264e-11  1.25273e-11  1.25273e-11  0.00000e+00
8.741157008e-01  1.2529144e-11  1.25291e-11  1.25291e-11  0.00000e+00
8.784862793e-01  1.2530246e-11  1.25302e-11  1.25302e-11  0.00000e+00
8.828787107e-01  1.2530575e-11  1.25306e-11  1.25306e-11  0.00000e+00
8.872931042e-01  1.2530137e-11  1.25301e-11  1.25301e-11  0.00000e+00
8.917295698e-01  1.2528810e-11  1.25288e-11  1.25288e-11  1.37257e-33
8.961882176e-01  1.2526851e-11  1.25269e-11  1.25269e-11  1.75038e-33
9.006691587e-01  1.2524139e-11  1.25241e-11  1.25241e-11  2.22931e-33
9.051725045e-01  1.2520680e-11  1.25207e-11  1.25207e-11  2.83567e-33
9.096983670e-01  1.2516478e-11  1.25165e-11  1.25165e-11  3.60237e-33
9.142468589e-01  1.2511539e-11  1.25115e-11  1.25115e-11  4.57058e-33
9.188180931e-01  1.2505869e-11  1.25059e-11  1.25059e-11  5.79173e-33
9.234121836e-01  1.2499473e-11  1.24995e-11  1.24995e-11  7.32994e-33
9.280292445e-01  1.2492357e-11  1.24924e-11  1.24924e-11  9.26514e-33
9.326693908e-01  1.2484527e-11  1.24845e-11  1.24845e-11  1.16967e-32
9.373327377e-01  1.2475988e-11  1.24760e-11  1.24760e-11  1.47483e-32
9.420194014e-01  1.2466746e-11  1.24667e-11  1.24667e-11  1.85731e-32
9.467294984e-01  1.2456808e-11  1.24568e-11  1.24568e-11  2.33614e-32
9.514631459e-01  1.2446180e-11  1.24462e-11  1.24462e-11  2.93483e-32
9.562204616e-01  1.2434867e-11  1.24349e-11  1.24349e-11  3.68251e-32
9.610015639e-01  1.2422877e-11  1.24229e-11  1.24229e-11  4.61510e-32
9.658065718e-01  1.2410214e-11  1.24102e-11  1.24102e-11  5.77694e-32
9.706356046e-01  1.2396887e-11  1.23969e-11  1.23969e-11  7.22267e-32
9.754887826e-01  1.2382900e-11  1.23829e-11  1.23829e-11  9.01950e-32
9.803662265e-01  1.2368262e-11  1.23683e-11  1.23683e-11  1.12501e-31
9.852680577e-01  1.2352977e-11  1.23530e-11  1.23530e-11  1.40158e-31
9.901943980e-01  1.2337053e-11  1.23371e-11  1.23371e-11  1.74410e-31
9.951453700e-01  1.2320497e-11  1.23205e-11  1.23205e-11  2.16782e-31
1.000121097e+00  1.2303316e-11  1.23033e-11  1.23033e-11  2.69136e-31
1.005121702e+00  1.2285515e-11  1.22855e-11  1.22855e-11  3.33749e-31
1.010147311e+00  1.2266979e-11  1.22670e-11  1.22670e-11  8.26802e-31
1.015198047e+00  1.2247961e-11  1.22480e-11  1.22480e-11  1.02296e-30
1.020274038e+00  1.2228345e-11  1.22283e-11  1.22283e-11  1.26422e-30
1.025375408e+00  1.2208137e-11  1.22081e-11  1.22081e-11  1.56062e-30
1.030502285e+00  1.2187344e-11  1.21873e-11  1.21873e-11  1.92435e-30
1.035654796e+00  1.2165975e-11  1.21660e-11  1.21660e-11  2.37020e-30
1.040833070e+00  1.2144035e-11  1.21440e-11  1.21440e-11  2.91612e-30
1.046037236e+00  1.2121531e-11  1.21215e-11  1.21215e-11  3.58380e-30
1.051267422e+00  1.2098472e-11  1.20985e-11  1.20985e-11  4.39952e-30
1.056523759e+00  1.2074863e-11  1.20749e-11  1.20749e-11  5.39500e-30
1.061806378e+00  1.2050712e-11  1.20507e-11  1.20507e-11  6.60853e-30
1.067115410e+00  1.2026027e-11  1.20260e-11  1.20260e-11  8.08625e-30
1.072450987e+00  1.2000814e-11  1.20008e-11  1.20008e-11  9.88373e-30
1.077813242e+00  1.1974961e-11  1.19750e-11  1.19750e-11  1.81017e-29
1.083202308e+00  1.1948714e-11  1.19487e-11  1.19487e-11  2.20782e-29
1.088618319e+00  1.1921962e-11  1.19220e-11  1.19220e-11  2.68997e-29
1.094061411e+00  1.1894711e-11  1.18947e-11  1.18947e-11  3.27394e-29
1.099531718e+00  1.1866969e-11  1.18670e-11  1.18670e-11  3.98050e-29
1.105029377e+00  1.1838624e-11  1.18386e-11  1.18386e-11  6.44597e-29
1.110554523e+00  1.1809921e-11  1.18099e-11  1.18099e-11  7.82074e-29
1.116107296e+00  1.1780748e-11  1.17807e-11  1.17807e-11  9.47890e-29
1.121687832e+00  1.1751112e-11  1.17511e-11  1.17511e-11  1.14768e-28
1.127296272e+00  1.1721022e-11  1.17210e-11  1.17210e-11  1.38815e-28
1.132932753e+00  1.1690367e-11  1.16904e-11  1.16904e-11  2.09662e-28
1.138597417e+00  1.1659388e-11  1.16594e-11  1.16594e-11  2.53077e-28
1.144290404e+00  1.1627975e-11  1.16280e-11  1.16280e-11  3.05172e-28
1.150011856e+00  1.1596137e-11  1.15961e-11  1.15961e-11  3.67622e-28
1.155761915e+00  1.1563879e-11  1.15639e-11  1.15639e-11  4.42408e-28
1.161540725e+00  1.1531095e-11  1.15311e-11  1.15311e-11  6.38254e-28
1.167348428e+00  1.1498021e-11  1.14980e-11  1.14980e-11  7.66571e-28
1.173185171e+00  1.1464550e-11  1.14646e-11  1.14646e-11  9.19778e-28
1.179051096e+00  1.1430689e-11  1.14307e-11  1.14307e-11  1.10252e-27
1.184946352e+00  1.1396331e-11  1.13963e-11  1.13963e-11  1.54034e-27
1.190871084e+00  1.1361711e-11  1.13617e-11  1.13617e-11  1.84279e-27
1.196825439e+00  1.1326722e-11  1.13267e-11  1.13267e-11  2.20249e-27
1.202809566e+00  1.1291371e-11  1.12914e-11  1.12914e-11  2.62988e-27
1.208823614e+00  1.1255666e-11  1.12557e-11  1.12557e-11  3.13720e-27
1.214867732e+00  1.1219500e-11  1.12195e-11  1.12195e-11  4.27295e-27
1.220942071e+00  1.1183107e-11  1.11831e-11  1.11831e-11  5.08755e-27
1.227046781e+00  1.1146380e-11  1.11464e-11  1.11464e-11  6.05175e-27
1.233182015e+00  1.1109326e-11  1.11093e-11  1.11093e-11  7.19193e-27
1.239347925e+00  1.1071952e-11  1.10720e-11  1.10720e-11  8.53896e-27
1.245544665e+00  1.1034154e-11  1.10342e-11  1.10342e-11  1.13950e-26
1.251772388e+00  1.0996161e-11  1.09962e-11  1.09962e-11  1.35042e-26
1.258031250e+00  1.0957869e-11  1.09579e-11  1.09579e-11  1.59891e-26
1.264321406e+00  1.0919285e-11  1.09193e-11  1.09193e-11  1.89140e-26
1.270643013e+00  1.0880306e-11  1.08803e-11  1.08803e-11  2.48373e-26
1.276996228e+00  1.0841156e-11  1.08412e-11  1.08412e-11  2.93274e-26
1.283381209e+00  1.0801735e-11  1.08017e-11  1.08017e-11  3.45981e-26
1.289798116e+00  1.0762047e-11  1.07620e-11  1.07620e-11  4.07794e-26
1.296247106e+00  1.0721994e-11  1.07220e-11  1.07220e-11  5.28245e-26
1.302728342e+00  1.0681368e-11  1.06814e-11  1.06814e-11  8.47519e-26
1.309241983e+00  1.0639754e-11  1.06398e-11  1.06398e-11  1.72689e-25
1.315788193e+00  1.0597803e-11  1.05978e-11  1.05978e-11  2.96432e-25
1.322367134e+00  1.0555735e-11  1.05557e-11  1.05557e-11  4.48547e-25
1.328978970e+00  1.0513448e-11  1.05134e-11  1.05134e-11  6.43955e-25
1.335623865e+00  1.0470846e-11  1.04708e-11  1.04708e-11  9.05218e-25
1.342301984e+00  1.0428144e-11  1.04281e-11  1.04281e-11  1.22135e-24
1.349013494e+00  1.0385243e-11  1.03852e-11  1.03852e-11  1.61756e-24
1.355758561e+00  1.0342047e-11  1.03420e-11  1.03420e-11  2.13127e-24
1.362537354e+00  1.0298665e-11  1.02987e-11  1.02987e-11  2.76978e-24
1.369350041e+00  1.0255206e-11  1.02552e-11  1.02552e-11  3.53198e-24
1.376196791e+00  1.0211471e-11  1.02115e-11  1.02115e-11  4.49931e-24
1.383077775e+00  1.0167570e-11  1.01676e-11  1.01676e-11  5.68532e-24
1.389993164e+00  1.0123609e-11  1.01236e-11  1.01236e-11  7.09058e-24
1.396943130e+00  1.0079390e-11  1.00794e-11  1.00794e-11  8.84638e-24
1.403927846e+00  1.0035023e-11  1.00350e-11  1.00350e-11  1.09766e-23
1.410947485e+00  9.9905127e-12  9.99051e-12  9.99051e-12  1.35532e-23
1.418002222e+00  9.9458647e-12  9.94586e-12  9.94586e-12  1.66607e-23
1.425092233e+00  9.9010850e-12  9.90108e-12  9.90108e-12  2.03986e-23
1.432217694e+00  9.8560804e-12  9.85608e-12  9.85608e-12  2.49888e-23
1.439378783e+00  9.8110546e-12  9.81105e-12  9.81105e-12  3.03732e-23
1.446575677e+00  9.7659140e-12  9.76591e-12  9.76591e-12  3.68027e-23
1.453808555e+00  9.7206640e-12  9.72066e-12  9.72066e-12  4.44636e-23
1.461077598e+00  9.6752131e-12  9.67521e-12  9.67521e-12  5.37608e-23
1.468382986e+00  9.6297613e-12  9.62976e-12  9.62976e-12  6.46000e-23
1.475724901e+00  9.5841202e-12  9.58412e-12  9.58412e-12  7.76878e-23
1.483103525e+00  9.5383921e-12  9.53839e-12  9.53839e-12  9.31911e-23
1.490519043e+00  9.4926776e-12  9.49268e-12  9.49268e-12  1.11191e-22
1.497971638e+00  9.4467909e-12  9.44679e-12  9.44679e-12  1.32776e-22
1.505461496e+00  9.4008328e-12  9.40083e-12  9.40083e-12  1.58210e-22
1.512988804e+00  9.3548084e-12  9.35481e-12  9.35481e-12  1.88129e-22
1.520553748e+00  9.3087226e-12  9.30872e-12  9.30872e-12  2.23268e-22
1.528156517e+00  9.2625805e-12  9.26258e-12  9.26258e-12  2.64472e-22
1.535797299e+00  9.2163868e-12  9.21639e-12  9.21639e-12  3.12715e-22
1.543476286e+00  9.1722647e-12  9.17226e-12  9.17226e-12  3.49234e-22
1.551193667e+00  9.1280799e-12  9.12808e-12  9.12808e-12  3.89490e-22
1.558949636e+00  9.0838370e-12  9.08384e-12  9.08384e-12  4.33783e-22
1.566744384e+00  9.0396315e-12  9.03963e-12  9.03963e-12  4.81140e-22
1.574578106e+00  8.9952859e-12  8.99529e-12  8.99529e-12  5.34283e-22
1.582450996e+00  8.9509859e-12  8.95099e-12  8.95099e-12  5.90735e-22
1.590363251e+00  8.9065557e-12  8.90656e-12  8.90656e-12  6.53950e-22
1.598315067e+00  8.8621790e-12  8.86218e-12  8.86218e-12  7.20612e-22
1.606306643e+00  8.8176818e-12  8.81768e-12  8.81768e-12  7.95098e-22
1.614338176e+00  8.7732458e-12  8.77325e-12  8.77325e-12  8.72987e-22
1.622409867e+00  8.7286988e-12  8.72870e-12  8.72870e-12  9.59818e-22
1.630521916e+00  8.6842206e-12  8.68422e-12  8.68422e-12  1.04973e-21
1.638674526e+00  8.6397272e-12  8.63973e-12  8.63973e-12  1.14560e-21
1.646867898e+00  8.5952228e-12  8.59522e-12  8.59522e-12  1.24738e-21
1.655102238e+00  8.5507114e-12  8.55071e-12  8.55071e-12  1.35496e-21
1.663377749e+00  8.5061970e-12  8.50620e-12  8.50620e-12  1.46808e-21
1.671694638e+00  8.4616835e-12  8.46168e-12  8.46168e-12  1.58634e-21
1.680053111e+00  8.4171747e-12  8.41717e-12  8.41717e-12  1.70915e-21
1.688453377e+00  8.3726745e-12  8.37267e-12  8.37267e-12  1.83574e-21
1.696895643e+00  8.3281867e-12  8.32819e-12  8.32819e-12  1.96505e-21
1.705380122e+00  8.2837149e-12  8.28371e-12  8.28371e-12  2.09576e-21
1.713907022e+00  8.2392629e-12  8.23926e-12  8.23926e-12  2.22616e-21
1.722476557e+00  8.1949162e-12  8.19492e-12  8.19492e-12  2.34015e-21
1.731088940e+00  8.1505139e-12  8.15051e-12  8.15051e-12  2.46142e-21
1.739744385e+00  8.1062232e-12  8.10622e-12  8.10622e-12  2.55663e-21
1.748443107e+00  8.0618847e-12  8.06188e-12  8.06188e-12  2.65531e-21
1.757185322e+00  8.0176636e-12  8.01766e-12  8.01766e-12  2.71470e-21
1.765971249e+00  7.9734024e-12  7.97340e-12  7.97340e-12  2.77151e-21
1.774801105e+00  7.9292644e-12  7.92926e-12  7.92926e-12  2.77111e-21
1.783675111e+00  7.8851727e-12  7.88517e-12  7.88517e-12  2.72740e-21
1.792593486e+00  7.8410518e-12  7.84105e-12  7.84105e-12  2.66597e-21
1.801556454e+00  7.7964383e-12  7.79644e-12  7.79644e-12  2.82694e-21
1.810564236e+00  7.7490175e-12  7.74902e-12  7.74902e-12  4.63530e-21
1.819617057e+00  7.7016185e-12  7.70162e-12  7.70162e-12  6.88072e-21
1.828715142e+00  7.6543224e-12  7.65432e-12  7.65432e-12  9.58781e-21
1.837858718e+00  7.6070557e-12  7.60706e-12  7.60706e-12  1.28921e-20
1.847048012e+00  7.5599740e-12  7.55997e-12  7.55997e-12  1.67595e-20
1.856283252e+00  7.5129282e-12  7.51293e-12  7.51293e-12  2.14177e-20
1.865564668e+00  7.4659971e-12  7.46600e-12  7.46600e-12  2.69138e-20
1.874892491e+00  7.4191834e-12  7.41918e-12  7.41918e-12  3.33713e-20
1.884266954e+00  7.3724895e-12  7.37249e-12  7.37249e-12  4.09297e-20
1.893688289e+00  7.3259181e-12  7.32592e-12  7.32592e-12  4.97460e-20
1.903156730e+00  7.2794715e-12  7.27947e-12  7.27947e-12  5.99969e-20
1.912672514e+00  7.2330796e-12  7.23308e-12  7.23308e-12  7.20287e-20
1.922235876e+00  7.1868182e-12  7.18682e-12  7.18682e-12  8.59491e-20
1.931847056e+00  7.1406896e-12  7.14069e-12  7.14069e-12  1.02013e-19
1.941506291e+00  7.0946961e-12  7.09470e-12  7.09470e-12  1.20505e-19
1.951213822e+00  7.0487690e-12  7.04877e-12  7.04877e-12  1.41968e-19
1.960969892e+00  7.0030526e-12  7.00305e-12  7.00305e-12  1.66334e-19
1.970774741e+00  6.9574078e-12  6.95741e-12  6.95741e-12  1.94478e-19
1.980628615e+00  6.9119075e-12  6.91191e-12  6.91191e-12  2.26625e-19
1.990531758e+00  6.8665536e-12  6.86655e-12  6.86655e-12  2.63276e-19
2.000484417e+00  6.8215545e-12  6.82155e-12  6.82155e-12  3.03867e-19
2.010486839e+00  6.7810090e-12  6.78101e-12  6.78101e-12  3.23875e-19
2.020539273e+00  6.7405592e-12  6.74056e-12  6.74056e-12  3.44532e-19
2.030641969e+00  6.7002073e-12  6.70021e-12  6.70021e-12  3.65757e-19
2.040795179e+00  6.6599553e-12  6.65996e-12  6.65995e-12  3.87450e-19
2.050999155e+00  6.6198717e-12  6.61987e-12  6.61987e-12  4.08875e-19
2.061254151e+00  6.5798249e-12  6.57982e-12  6.57982e-12  4.31047e-19
2.071560421e+00  6.5399496e-12  6.53995e-12  6.53995e-12  4.52484e-19
2.081918224e+00  6.5001810e-12  6.50018e-12  6.50018e-12  4.73568e-19
2.092327815e+00  6.4605210e-12  6.46052e-12  6.46052e-12  4.94026e-19
2.102789454e+00  6.4209713e-12  6.42097e-12  6.42097e-12  5.13540e-19
2.113303401e+00  6.3815337e-12  6.38153e-12  6.38153e-12  5.31744e-19
2.123869918e+00  6.3422736e-12  6.34227e-12  6.34227e-12  5.47017e-19
2.134489268e+00  6.3030649e-12  6.30306e-12  6.30306e-12  5.61150e-19
2.145161714e+00  6.2640361e-12  6.26404e-12  6.26404e-12  5.71056e-19
2.155887523e+00  6.2251253e-12  6.22513e-12  6.22512e-12  5.77265e-19
2.166666960e+00  6.1863339e-12  6.18633e-12  6.18633e-12  5.79023e-19
2.177500295e+00  6.1476635e-12  6.14766e-12  6.14766e-12  5.75478e-19
2.188387796e+00  6.1091769e-12  6.10918e-12  6.10918e-12  5.63589e-19
2.199329735e+00  6.0707525e-12  6.07075e-12  6.07075e-12  5.46240e-19
2.210326384e+00  6.0325140e-12  6.03251e-12  6.03251e-12  5.17830e-19
2.221378016e+00  5.9944015e-12  5.99440e-12  5.99440e-12  4.79029e-19
2.232484906e+00  5.9564163e-12  5.95642e-12  5.95642e-12  4.28265e-19
2.243647331e+00  5.9185597e-12  5.91856e-12  5.91856e-12  3.63785e-19
2.254865567e+00  5.8797738e-12  5.87977e-12  5.87977e-12  3.47461e-19
2.266139895e+00  5.8397888e-12  5.83979e-12  5.83979e-12  4.13900e-19
2.277470595e+00  5.7999685e-12  5.79997e-12  5.79997e-12  4.89307e-19
2.288857948e+00  5.7602562e-12  5.76026e-12  5.76026e-12  5.79277e-19
2.300302237e+00  5.7207686e-12  5.72077e-12  5.72077e-12  6.76119e-19
2.311803748e+00  5.6813918e-12  5.68139e-12  5.68139e-12  7.90704e-19
2.323362767e+00  5.6422407e-12  5.64224e-12  5.64224e-12  9.13918e-19
2.334979581e+00  5.6032029e-12  5.60320e-12  5.60320e-12  1.05866e-18
2.346654479e+00  5.5643918e-12  5.56439e-12  5.56439e-12  1.21414e-18
2.358387751e+00  5.5256963e-12  5.52570e-12  5.52569e-12  1.39564e-18
2.370179690e+00  5.4871734e-12  5.48717e-12  5.48717e-12  1.59869e-18
2.382030589e+00  5.4488784e-12  5.44888e-12  5.44888e-12  1.81649e-18
2.393940742e+00  5.4107024e-12  5.41070e-12  5.41070e-12  2.06863e-18
2.405910445e+00  5.3727010e-12  5.37270e-12  5.37270e-12  2.34940e-18
2.417939997e+00  5.3348750e-12  5.33488e-12  5.33487e-12  2.66159e-18
2.430029697e+00  5.2972249e-12  5.29722e-12  5.29722e-12  3.00823e-18
2.442179846e+00  5.2597514e-12  5.25975e-12  5.25975e-12  3.39261e-18
2.454390745e+00  5.2224550e-12  5.22245e-12  5.22245e-12  3.81827e-18
2.466662699e+00  5.1853362e-12  5.18534e-12  5.18533e-12  4.28906e-18
2.478996012e+00  5.1483955e-12  5.14840e-12  5.14839e-12  4.80915e-18
2.491390992e+00  5.1116335e-12  5.11163e-12  5.11163e-12  5.38302e-18
2.503847947e+00  5.0745926e-12  5.07459e-12  5.07459e-12  6.19480e-18
2.516367187e+00  5.0367273e-12  5.03673e-12  5.03672e-12  7.52937e-18
2.528949023e+00  4.9990627e-12  4.99906e-12  4.99905e-12  9.03370e-18
2.541593768e+00  4.9615992e-12  4.96160e-12  4.96159e-12  1.07248e-17
2.554301737e+00  4.9243369e-12  4.92434e-12  4.92432e-12  1.26209e-17
2.567073246e+00  4.8872760e-12  4.88728e-12  4.88726e-12  1.47421e-17
2.579908612e+00  4.8503680e-12  4.85037e-12  4.85035e-12  1.71413e-17
2.592808155e+00  4.8136624e-12  4.81366e-12  4.81364e-12  1.98151e-17
2.605772196e+00  4.7771594e-12  4.77716e-12  4.77714e-12  2.27890e-17
2.618801057e+00  4.7408590e-12  4.74086e-12  4.74083e-12  2.60909e-17
2.631895062e+00  4.7047613e-12  4.70476e-12  4.70473e-12  2.97502e-17
2.645054537e+00  4.6688195e-12  4.66882e-12  4.66879e-12  3.38445e-17
2.658279810e+00  4.6330811e-12  4.63308e-12  4.63304e-12  3.83695e-17
2.671571209e+00  4.5975462e-12  4.59755e-12  4.59750e-12  4.33630e-17
2.684929065e+00  4.5622148e-12  4.56221e-12  4.56217e-12  4.88654e-17
2.698353710e+00  4.5270869e-12  4.52709e-12  4.52703e-12  5.49202e-17
2.711845479e+00  4.3923021e-12  4.39230e-12  4.39210e-12  2.04190e-16
2.725404706e+00  4.2448659e-12  4.24487e-12  4.24447e-12  3.96890e-16
2.739031730e+00  4.0987865e-12  4.09879e-12  4.09817e-12  6.17058e-16
2.752726889e+00  3.9539764e-12  3.95398e-12  3.95311e-12  8.67609e-16
2.766490523e+00  3.8105263e-12  3.81053e-12  3.80937e-12  1.15138e-15
2.780322976e+00  3.6683940e-12  3.66839e-12  3.66692e-12  1.47168e-15
2.794224591e+00  3.5275384e-12  3.52754e-12  3.52571e-12  1.83208e-15
2.808195713e+00  3.3880486e-12  3.38805e-12  3.38581e-12  2.23616e-15
2.822236692e+00  3.2498411e-12  3.24984e-12  3.24715e-12  2.68814e-15
2.836347875e+00  3.1129616e-12  3.11296e-12  3.10977e-12  3.19227e-15
2.850529615e+00  2.9773711e-12  2.97737e-12  2.97362e-12  3.75336e-15
2.864782263e+00  2.8431152e-12  2.84312e-12  2.83874e-12  4.37629e-15
2.879106174e+00  2.7101971e-12  2.71020e-12  2.70513e-12  5.06643e-15
2.893501705e+00  2.5785793e-12  2.57858e-12  2.57275e-12  5.82971e-15
2.907969214e+00  2.4482665e-12  2.44827e-12  2.44159e-12  6.67230e-15
2.922509060e+00  2.3193041e-12  2.31930e-12  2.31170e-12  7.60066e-15
2.937121605e+00  2.1916564e-12  2.19166e-12  2.18303e-12  8.62202e-15
2.951807213e+00  2.0653688e-12  2.06537e-12  2.05563e-12  9.74376e-15
2.966566249e+00  1.9403676e-12  1.94037e-12  1.92939e-12  1.09743e-14
2.981399080e+00  1.8166992e-12  1.81670e-12  1.80438e-12  1.23222e-14
2.996306076e+00  1.6944095e-12  1.69441e-12  1.68061e-12  1.37962e-14
3.011287606e+00  1.6475310e-12  1.64753e-12  1.63262e-12  1.49107e-14
3.026344044e+00  1.6253617e-12  1.62536e-12  1.60943e-12  1.59327e-14
3.041475764e+00  1.6034555e-12  1.60346e-12  1.58644e-12  1.70183e-14
3.056683143e+00  1.5817776e-12  1.58178e-12  1.56361e-12  1.81711e-14
3.071966559e+00  1.5603692e-12  1.56037e-12  1.54097e-12  1.93945e-14
3.087326392e+00  1.5391965e-12  1.53920e-12  1.51850e-12  2.06929e-14
3.102763024e+00  1.5183001e-12  1.51830e-12  1.49623e-12  2.20697e-14
3.118276839e+00  1.4976836e-12  1.49768e-12  1.47415e-12  2.35293e-14
3.133868223e+00  1.4773145e-12  1.47731e-12  1.45224e-12  2.50765e-14
3.149537564e+00  1.4572332e-12  1.45723e-12  1.43052e-12  2.67153e-14
3.165285252e+00  1.4374083e-12  1.43741e-12  1.40896e-12  2.84512e-14
3.181111678e+00  1.4178800e-12  1.41788e-12  1.38759e-12  3.02886e-14
3.197017237e+00  1.3986179e-12  1.39862e-12  1.36638e-12  3.22333e-14
3.213002323e+00  1.4969910e-12  1.49699e-12  1.46459e-12  3.23977e-14
3.229067334e+00  1.6209906e-12  1.62099e-12  1.58900e-12  3.19877e-14
3.245212671e+00  1.7434223e-12  1.74342e-12  1.71203e-12  3.13966e-14
3.261438734e+00  1.8643060e-12  1.86431e-12  1.83370e-12  3.06057e-14
3.277745928e+00  1.9836257e-12  1.98363e-12  1.95403e-12  2.95953e-14
3.294134658e+00  2.1013314e-12  2.10133e-12  2.07299e-12  2.83454e-14
3.310605331e+00  2.2174711e-12  2.21747e-12  2.19064e-12  2.68322e-14
3.327158358e+00  2.3319594e-12  2.33196e-12  2.30693e-12  2.50335e-14
3.343794149e+00  2.4448405e-12  2.44484e-12  2.42192e-12  2.29226e-14
3.360513120e+00  2.5560274e-12  2.55603e-12  2.53555e-12  2.04744e-14
3.377315686e+00  2.6655912e-12  2.66559e-12  2.64793e-12  1.76576e-14
3.394202264e+00  2.7624212e-12  2.76242e-12  2.74762e-12  1.48043e-14
3.411173276e+00  2.7847388e-12  2.78474e-12  2.77064e-12  1.41029e-14
3.428229142e+00  2.8066098e-12  2.80661e-12  2.79334e-12  1.32682e-14
3.445370288e+00  2.8279932e-12  2.82799e-12  2.81570e-12  1.22900e-14
3.462597139e+00  2.8488483e-12  2.84885e-12  2.83769e-12  1.11578e-14
3.479910125e+00  2.8692239e-12  2.86922e-12  2.85937e-12  9.85637e-15
3.497309675e+00  2.8890779e-12  2.88908e-12  2.88070e-12  8.37370e-15
3.514796224e+00  2.8791343e-12  2.87913e-12  2.87096e-12  8.17533e-15
3.532370205e+00  2.8638476e-12  2.86385e-12  2.85563e-12  8.21259e-15
3.550032056e+00  2.8485995e-12  2.84860e-12  2.84037e-12  8.22746e-15
3.567782216e+00  2.8334158e-12  2.83342e-12  2.82520e-12  8.21603e-15
3.585621127e+00  2.8182379e-12  2.81824e-12  2.81006e-12  8.17927e-15
3.603549233e+00  2.8031188e-12  2.80312e-12  2.79501e-12  8.11122e-15
3.621566979e+00  2.7880548e-12  2.78805e-12  2.78005e-12  8.00898e-15
3.639674814e+00  2.7729889e-12  2.77299e-12  2.76512e-12  7.87360e-15
3.657873188e+00  2.7579715e-12  2.75797e-12  2.75027e-12  7.69810e-15
3.676162554e+00  2.7429727e-12  2.74297e-12  2.73549e-12  7.48135e-15
3.694543367e+00  2.7280147e-12  2.72801e-12  2.72080e-12  7.21768e-15
3.713016084e+00  2.7130676e-12  2.71307e-12  2.70616e-12  6.90580e-15
3.731581164e+00  2.6981277e-12  2.69813e-12  2.69159e-12  6.54206e-15
3.750239070e+00  2.6830927e-12  2.68309e-12  2.67696e-12  6.13366e-15
3.768990265e+00  2.6605592e-12  2.66056e-12  2.65400e-12  6.55769e-15
3.787835216e+00  2.6382200e-12  2.63822e-12  2.63121e-12  7.00603e-15
3.806774393e+00  2.6160518e-12  2.61605e-12  2.60857e-12  7.48296e-15
3.825808265e+00  2.5940792e-12  2.59408e-12  2.58609e-12  7.98680e-15
3.844937306e+00  2.5723026e-12  2.57230e-12  2.56378e-12  8.51876e-15
3.864161992e+00  2.5507225e-12  2.55072e-12  2.54164e-12  9.08013e-15
3.883482802e+00  2.5293171e-12  2.52932e-12  2.51964e-12  9.67599e-15
3.902900216e+00  2.5081316e-12  2.50813e-12  2.49783e-12  1.03003e-14
3.922414717e+00  2.4871227e-12  2.48712e-12  2.47616e-12  1.09622e-14
3.942026791e+00  2.4662921e-12  2.46629e-12  2.45463e-12  1.16638e-14
3.961736925e+00  2.4456828e-12  2.44568e-12  2.43328e-12  1.23980e-14
3.981545610e+00  2.4252540e-12  2.42525e-12  2.41208e-12  1.31753e-14
4.001453338e+00  2.4048698e-12  2.40487e-12  2.39084e-12  1.40323e-14
4.021460604e+00  2.3827482e-12  2.38275e-12  2.36730e-12  1.54530e-14
4.041567907e+00  2.3609037e-12  2.36090e-12  2.34393e-12  1.69712e-14
4.061775747e+00  2.3393408e-12  2.33934e-12  2.32075e-12  1.85920e-14
4.082084626e+00  2.3180639e-12  2.31806e-12  2.29774e-12  2.03206e-14
4.102495049e+00  2.2970776e-12  2.29708e-12  2.27492e-12  2.21626e-14
4.123007524e+00  2.2764041e-12  2.27640e-12  2.25229e-12  2.41173e-14
4.143622562e+00  2.2560304e-12  2.25603e-12  2.22983e-12  2.61963e-14
4.164340674e+00  2.2359619e-12  2.23596e-12  2.20756e-12  2.84058e-14
4.185162378e+00  2.2162039e-12  2.21620e-12  2.18545e-12  3.07520e-14
4.206088190e+00  2.1967623e-12  2.19676e-12  2.16352e-12  3.32415e-14
4.227118631e+00  2.1776577e-12  2.17766e-12  2.14178e-12  3.58732e-14
4.248254224e+00  2.1588663e-12  2.15887e-12  2.12020e-12  3.86692e-14
4.269495495e+00  2.1404235e-12  2.14042e-12  2.09880e-12  4.16210e-14
4.290842972e+00  2.1223211e-12  2.12232e-12  2.07758e-12  4.47438e-14
4.312297187e+00  2.1045659e-12  2.10457e-12  2.05652e-12  4.80451e-14
4.333858673e+00  2.0871773e-12  2.08718e-12  2.03565e-12  5.15234e-14
4.355527967e+00  2.0701376e-12  2.07014e-12  2.01493e-12  5.52053e-14
4.377305606e+00  2.0534782e-12  2.05348e-12  1.99440e-12  5.90801e-14
4.399192134e+00  2.0371843e-12  2.03718e-12  1.97401e-12  6.31762e-14
4.421188095e+00  2.0212854e-12  2.02129e-12  1.95380e-12  6.74819e-14
4.443294036e+00  2.0057787e-12  2.00578e-12  1.93376e-12  7.20165e-14
4.465510506e+00  1.9906730e-12  1.99067e-12  1.91388e-12  7.67893e-14
4.487838058e+00  1.9759850e-12  1.97598e-12  1.89419e-12  8.17978e-14
4.510277249e+00  1.9629636e-12  1.96296e-12  1.87801e-12  8.49503e-14
4.532828635e+00  1.9515260e-12  1.95153e-12  1.86593e-12  8.55912e-14
4.555492778e+00  1.9400603e-12  1.94006e-12  1.85393e-12  8.61291e-14
4.578270242e+00  1.9285641e-12  1.92856e-12  1.84202e-12  8.65424e-14
4.601161593e+00  1.9170174e-12  1.91702e-12  1.83017e-12  8.68509e-14
4.624167401e+00  1.9054178e-12  1.90542e-12  1.81838e-12  8.70330e-14
4.647288238e+00  1.8937599e-12  1.89376e-12  1.80670e-12  8.70644e-14
4.670524679e+00  1.8820268e-12  1.88203e-12  1.79506e-12  8.69673e-14
4.693877303e+00  1.8702134e-12  1.87021e-12  1.78350e-12  8.67175e-14
4.717346689e+00  1.8583098e-12  1.85831e-12  1.77200e-12  8.63058e-14
4.740933423e+00  1.8463060e-12  1.84631e-12  1.76058e-12  8.57225e-14
4.764638090e+00  1.8341917e-12  1.83419e-12  1.74923e-12  8.49577e-14
4.788461280e+00  1.8219551e-12  1.82196e-12  1.73797e-12  8.39819e-14
4.812403587e+00  1.8095866e-12  1.80959e-12  1.72676e-12  8.28224e-14
4.836465604e+00  1.7970746e-12  1.79707e-12  1.71562e-12  8.14497e-14
4.860647933e+00  1.7844074e-12  1.78441e-12  1.70455e-12  7.98527e-14
4.884951172e+00  1.7715732e-12  1.77157e-12  1.69355e-12  7.80197e-14
4.909375928e+00  1.7585597e-12  1.75856e-12  1.68262e-12  7.59390e-14
4.933922808e+00  1.7453483e-12  1.74535e-12  1.67177e-12  7.35751e-14
4.958592422e+00  1.7319372e-12  1.73194e-12  1.66098e-12  7.09614e-14
4.983385384e+00  1.7183080e-12  1.71831e-12  1.65025e-12  6.80625e-14
5.008302311e+00  1.7052663e-12  1.70527e-12  1.63802e-12  6.72486e-14
5.033343822e+00  1.6940101e-12  1.69401e-12  1.62271e-12  7.12956e-14
5.058510541e+00  1.6830554e-12  1.68306e-12  1.60754e-12  7.55135e-14
5.083803094e+00  1.6724062e-12  1.67241e-12  1.59250e-12  7.99073e-14
5.109222110e+00  1.6620791e-12  1.66208e-12  1.57757e-12  8.45108e-14
5.134768220e+00  1.6520678e-12  1.65207e-12  1.56277e-12  8.93019e-14
5.160442061e+00  1.6423911e-12  1.64239e-12  1.54807e-12  9.43165e-14
5.186244272e+00  1.6330249e-12  1.63302e-12  1.53353e-12  9.94992e-14
5.212175493e+00  1.6240212e-12  1.62402e-12  1.51907e-12  1.04950e-13
5.238236370e+00  1.6153368e-12  1.61534e-12  1.50476e-12  1.10581e-13
5.264427552e+00  1.6070114e-12  1.60701e-12  1.49055e-12  1.16461e-13
5.290749690e+00  1.5990325e-12  1.59903e-12  1.47647e-12  1.22565e-13
5.317203438e+00  1.5914265e-12  1.59143e-12  1.46249e-12  1.28935e-13
5.343789456e+00  1.5841790e-12  1.58418e-12  1.44864e-12  1.35542e-13
5.370508403e+00  1.5773186e-12  1.57732e-12  1.43489e-12  1.42430e-13
5.397360945e+00  1.5708289e-12  1.57083e-12  1.42126e-12  1.49568e-13
5.424347750e+00  1.5647150e-12  1.56471e-12  1.40775e-12  1.56964e-13
5.451469488e+00  1.5590094e-12  1.55901e-12  1.39435e-12  1.64663e-13
5.478726836e+00  1.5536924e-12  1.55369e-12  1.38106e-12  1.72634e-13
5.506120470e+00  1.5506115e-12  1.55061e-12  1.36702e-12  1.83594e-13
5.533651072e+00  1.5547789e-12  1.55478e-12  1.35011e-12  2.04667e-13
5.561319328e+00  1.5601583e-12  1.56016e-12  1.33336e-12  2.26798e-13
5.589125924e+00  1.5667474e-12  1.56675e-12  1.31678e-12  2.49971e-13
5.617071554e+00  1.5746457e-12  1.57465e-12  1.30033e-12  2.74315e-13
5.645156912e+00  1.5838161e-12  1.58382e-12  1.28405e-12  2.99766e-13
5.673382696e+00  1.5943259e-12  1.59433e-12  1.26792e-12  3.26407e-13
5.701749610e+00  1.6062088e-12  1.60621e-12  1.25194e-12  3.54270e-13
5.730258358e+00  1.6194989e-12  1.61950e-12  1.23611e-12  3.83393e-13
5.758909650e+00  1.6341876e-12  1.63419e-12  1.22043e-12  4.13753e-13
5.787704198e+00  1.6503944e-12  1.65039e-12  1.20490e-12  4.45498e-13
5.816642719e+00  1.6680666e-12  1.66807e-12  1.18952e-12  4.78551e-13
5.845725932e+00  1.6872831e-12  1.68728e-12  1.17428e-12  5.13002e-13
5.874954562e+00  1.7080796e-12  1.70808e-12  1.15919e-12  5.48891e-13
5.904329335e+00  1.7304925e-12  1.73049e-12  1.14424e-12  5.86253e-13
5.933850982e+00  1.7545056e-12  1.75451e-12  1.12944e-12  6.25061e-13
5.963520237e+00  1.7802594e-12  1.78026e-12  1.11478e-12  6.65481e-13
5.993337838e+00  1.8076841e-12  1.80768e-12  1.10026e-12  7.07421e-13
6.023304527e+00  1.8227255e-12  1.82273e-12  1.08887e-12  7.33858e-13
6.053421050e+00  1.8344830e-12  1.83448e-12  1.07841e-12  7.56070e-13
6.083688155e+00  1.8467642e-12  1.84676e-12  1.06806e-12  7.78700e-13
6.114106596e+00  1.8596945e-12  1.85969e-12  1.05780e-12  8.01898e-13
6.144677129e+00  1.8732187e-12  1.87322e-12  1.04762e-12  8.25598e-13
6.175400514e+00  1.8874080e-12  1.88741e-12  1.03752e-12  8.49884e-13
6.206277517e+00  1.8981557e-12  1.89816e-12  1.02820e-12  8.69957e-13
6.237308904e+00  1.8928621e-12  1.89286e-12  1.02162e-12  8.71246e-13
6.268495449e+00  1.8869876e-12  1.88699e-12  1.01507e-12  8.71914e-13
6.299837926e+00  1.8805837e-12  1.88058e-12  1.00856e-12  8.72022e-13
6.331337116e+00  1.8734806e-12  1.87348e-12  1.00210e-12  8.71378e-13
6.362993801e+00  1.8657277e-12  1.86573e-12  9.95684e-13  8.70044e-13
6.394808770e+00  1.8573015e-12  1.85730e-12  9.89305e-13  8.67996e-13
6.426782814e+00  1.8480961e-12  1.84810e-12  9.82978e-13  8.65118e-13
6.458916728e+00  1.8382506e-12  1.83825e-12  9.76679e-13  8.61571e-13
6.491211312e+00  1.8275742e-12  1.82757e-12  9.70431e-13  8.57143e-13
6.523667368e+00  1.8280928e-12  1.82809e-12  9.62798e-13  8.65295e-13
6.556285705e+00  1.8330206e-12  1.83302e-12  9.54696e-13  8.78325e-13
6.589067134e+00  1.8379328e-12  1.83793e-12  9.46667e-13  8.91266e-13
6.622012469e+00  1.8429129e-12  1.84291e-12  9.38700e-13  9.04213e-13
6.655122532e+00  1.8479556e-12  1.84796e-12  9.30796e-13  9.17160e-13
6.688398144e+00  1.8529564e-12  1.85296e-12  9.22963e-13  9.29994e-13
6.721840135e+00  1.8581066e-12  1.85811e-12  9.15181e-13  9.42926e-13
6.755449336e+00  1.8631997e-12  1.86320e-12  9.07469e-13  9.55731e-13
6.789226583e+00  1.8683297e-12  1.86833e-12  8.99818e-13  9.68512e-13
6.823172715e+00  1.8733824e-12  1.87338e-12  8.92236e-13  9.81147e-13
6.857288579e+00  1.8785675e-12  1.87857e-12  8.84703e-13  9.93864e-13
6.891575022e+00  1.8836594e-12  1.88366e-12  8.77239e-13  1.00642e-12
6.926032897e+00  1.8887614e-12  1.88876e-12  8.69833e-13  1.01893e-12
6.960663062e+00  1.8937495e-12  1.89375e-12  8.62495e-13  1.03125e-12
6.995466377e+00  1.8987314e-12  1.89873e-12  8.55214e-13  1.04352e-12
7.030443709e+00  1.9038242e-12  1.90382e-12  8.47981e-13  1.05584e-12
7.065595927e+00  1.9086530e-12  1.90865e-12  8.40822e-13  1.06783e-12
7.100923907e+00  1.9135812e-12  1.91358e-12  8.33711e-13  1.07987e-12
7.136428526e+00  1.9183492e-12  1.91835e-12  8.26665e-13  1.09168e-12
7.172110669e+00  1.9230767e-12  1.92308e-12  8.19674e-13  1.10340e-12
7.207971222e+00  1.9270803e-12  1.92708e-12  8.12782e-13  1.11430e-12
7.244011079e+00  1.9282449e-12  1.92824e-12  8.06118e-13  1.12213e-12
7.280231134e+00  1.9290816e-12  1.92908e-12  7.99514e-13  1.12957e-12
7.316632290e+00  1.9297186e-12  1.92972e-12  7.92959e-13  1.13676e-12
7.353215451e+00  1.9301486e-12  1.93015e-12  7.86453e-13  1.14370e-12
7.389981528e+00  1.9303644e-12  1.93036e-12  7.79997e-13  1.15037e-12
7.426931436e+00  1.9302075e-12  1.93021e-12  7.73598e-13  1.15661e-12
7.464066093e+00  1.9296630e-12  1.92966e-12  7.67255e-13  1.16241e-12
7.501386424e+00  1.9290284e-12  1.92903e-12  7.60953e-13  1.16808e-12
7.538893356e+00  1.9279865e-12  1.92799e-12  7.54706e-13  1.17328e-12
7.576587822e+00  1.9265222e-12  1.92652e-12  7.48514e-13  1.17801e-12
7.614470762e+00  1.9247848e-12  1.92478e-12  7.42370e-13  1.18242e-12
7.652543115e+00  1.9227674e-12  1.92277e-12  7.36272e-13  1.18650e-12
7.690805831e+00  1.9202931e-12  1.92029e-12  7.30228e-13  1.19007e-12
7.729259860e+00  1.9175196e-12  1.91752e-12  7.24229e-13  1.19329e-12
7.767906159e+00  1.9142648e-12  1.91426e-12  7.18284e-13  1.19598e-12
7.806745690e+00  1.9106918e-12  1.91069e-12  7.12385e-13  1.19831e-12
7.845779419e+00  1.9067943e-12  1.90679e-12  7.06530e-13  1.20026e-12
7.885008316e+00  1.9023818e-12  1.90238e-12  7.00727e-13  1.20166e-12
7.924433357e+00  1.8867889e-12  1.88679e-12  6.95397e-13  1.19139e-12
7.964055524e+00  1.8638782e-12  1.86388e-12  6.90361e-13  1.17352e-12
8.003875802e+00  1.8398890e-12  1.83989e-12  6.85363e-13  1.15453e-12
8.043895181e+00  1.8148039e-12  1.81480e-12  6.80403e-13  1.13440e-12
8.084114657e+00  1.7886058e-12  1.78861e-12  6.75481e-13  1.11312e-12
8.124535230e+00  1.7612780e-12  1.76128e-12  6.70596e-13  1.09068e-12
8.165157906e+00  1.7328038e-12  1.73280e-12  6.65748e-13  1.06706e-12
8.205983696e+00  1.7077196e-12  1.70772e-12  6.60785e-13  1.04693e-12
8.247013614e+00  1.7082335e-12  1.70823e-12  6.54986e-13  1.05325e-12
8.288248682e+00  1.7084205e-12  1.70842e-12  6.49242e-13  1.05918e-12
8.329689926e+00  1.7086996e-12  1.70870e-12  6.43539e-13  1.06516e-12
8.371338375e+00  1.7086387e-12  1.70864e-12  6.37890e-13  1.07075e-12
8.413195067e+00  1.7084471e-12  1.70845e-12  6.32289e-13  1.07616e-12
8.455261042e+00  1.7081211e-12  1.70812e-12  6.26733e-13  1.08139e-12
8.497537348e+00  1.7076575e-12  1.70766e-12  6.21224e-13  1.08643e-12
8.540025034e+00  1.7118895e-12  1.71189e-12  6.15625e-13  1.09626e-12
8.582725160e+00  1.7165673e-12  1.71657e-12  6.10062e-13  1.10651e-12
8.625638785e+00  1.7209968e-12  1.72100e-12  6.04552e-13  1.11644e-12
8.668766979e+00  1.7254054e-12  1.72541e-12  5.99090e-13  1.12631e-12
8.712110814e+00  1.7314849e-12  1.73148e-12  5.93632e-13  1.13785e-12
8.755671368e+00  1.7419898e-12  1.74199e-12  5.88110e-13  1.15388e-12
8.799449725e+00  1.7523644e-12  1.75236e-12  5.82643e-13  1.16972e-12
8.843446974e+00  1.7630989e-12  1.76310e-12  5.77219e-13  1.18588e-12
8.887664209e+00  1.7736913e-12  1.77369e-12  5.71849e-13  1.20184e-12
8.932102530e+00  1.7846435e-12  1.78464e-12  5.66521e-13  1.21812e-12
8.976763042e+00  1.7954417e-12  1.79544e-12  5.61246e-13  1.23420e-12
9.021646857e+00  1.8058113e-12  1.80581e-12  5.56030e-13  1.24978e-12
9.066755092e+00  1.8154658e-12  1.81547e-12  5.50878e-13  1.26459e-12
9.112088867e+00  1.8249130e-12  1.82491e-12  5.45777e-13  1.27914e-12
9.157649312e+00  1.8346842e-12  1.83468e-12  5.40715e-13  1.29397e-12
9.203437558e+00  1.8436872e-12  1.84369e-12  5.35716e-13  1.30797e-12
9.249454746e+00  1.8468985e-12  1.84690e-12  5.30878e-13  1.31602e-12
9.295702020e+00  1.8500187e-12  1.85002e-12  5.26081e-13  1.32394e-12
9.342180530e+00  1.8527620e-12  1.85276e-12  5.21331e-13  1.33143e-12
9.388891432e+00  1.8554033e-12  1.85540e-12  5.16623e-13  1.33878e-12
9.435835890e+00  1.8579400e-12  1.85794e-12  5.11955e-13  1.34599e-12
9.483015069e+00  1.8606618e-12  1.86066e-12  5.07322e-13  1.35334e-12
9.530430144e+00  1.8603312e-12  1.86033e-12  5.02781e-13  1.35755e-12
9.578082295e+00  1.8586462e-12  1.85865e-12  4.98301e-13  1.36035e-12
9.625972707e+00  1.8564721e-12  1.85647e-12  4.93864e-13  1.36261e-12
9.674102570e+00  1.8544055e-12  1.85441e-12  4.89459e-13  1.36495e-12
9.722473083e+00  1.8518407e-12  1.85184e-12  4.85097e-13  1.36674e-12
9.771085448e+00  1.8490767e-12  1.84908e-12  4.80772e-13  1.36830e-12
9.819940876e+00  1.8535996e-12  1.85360e-12  4.76365e-13  1.37723e-12
9.869040580e+00  1.8697031e-12  1.86970e-12  4.71814e-13  1.39789e-12
9.918385783e+00  1.8859443e-12  1.88594e-12  4.67304e-13  1.41864e-12
9.967977712e+00  1.9023197e-12  1.90232e-12  4.62836e-13  1.43948e-12
1.001781760e+01  1.9585748e-12  1.95857e-12  4.57820e-13  1.50076e-12
1.006790669e+01  2.0876648e-12  2.08766e-12  4.51804e-13  1.63586e-12
1.011824622e+01  2.2194218e-12  2.21942e-12  4.45850e-13  1.77357e-12
1.016883745e+01  2.3538429e-12  2.35384e-12  4.39956e-13  1.91389e-12
1.021968164e+01  2.4909240e-12  2.49092e-12  4.34123e-13  2.05680e-12
1.027078005e+01  2.6306604e-12  2.63066e-12  4.28350e-13  2.20231e-12
1.032213395e+01  2.7730461e-12  2.77305e-12  4.22636e-13  2.35041e-12
1.037374462e+01  2.9177325e-12  2.91773e-12  4.16986e-13  2.50075e-12
1.042561334e+01  3.0653936e-12  3.06539e-12  4.11390e-13  2.65400e-12
1.047774141e+01  3.2153340e-12  3.21533e-12  4.05856e-13  2.80948e-12
1.053013012e+01  3.3682367e-12  3.36824e-12  4.00374e-13  2.96786e-12
1.058278077e+01  3.5233939e-12  3.52339e-12  3.94955e-13  3.12844e-12
1.063569467e+01  3.7919670e-12  3.79197e-12  3.88253e-13  3.40371e-12
1.068887314e+01  4.0854620e-12  4.08546e-12  3.81386e-13  3.70408e-12
1.074231751e+01  4.3844715e-12  4.38447e-12  3.74592e-13  4.00988e-12
1.079602910e+01  4.6886185e-12  4.68862e-12  3.67873e-13  4.32075e-12
1.085000924e+01  4.9975143e-12  4.99751e-12  3.61233e-13  4.63628e-12
1.090425929e+01  5.3114939e-12  5.31149e-12  3.54668e-13  4.95683e-12
1.095878058e+01  5.6305304e-12  5.63053e-12  3.48176e-13  5.28235e-12
1.101357449e+01  5.9620479e-12  5.96205e-12  3.41678e-13  5.62037e-12
1.106864236e+01  6.3207866e-12  6.32079e-12  3.35018e-13  5.98577e-12
1.112398557e+01  6.6848666e-12  6.68487e-12  3.28437e-13  6.35643e-12
1.117960550e+01  7.0546284e-12  7.05463e-12  3.21929e-13  6.73270e-12
1.123550353e+01  7.4296560e-12  7.42966e-12  3.15498e-13  7.11416e-12
1.129168104e+01  7.8099066e-12  7.80991e-12  3.09142e-13  7.50076e-12
1.134813945e+01  8.1957221e-12  8.19572e-12  3.02859e-13  7.89286e-12
1.140488015e+01  8.5870632e-12  8.58706e-12  2.96645e-13  8.29042e-12
1.146190455e+01  8.9834973e-12  8.98350e-12  2.90506e-13  8.69299e-12
1.151921407e+01  9.3224266e-12  9.32243e-12  2.85028e-13  9.03740e-12
1.157681014e+01  9.5394696e-12  9.53947e-12  2.80777e-13  9.25869e-12
1.163469419e+01  9.7589989e-12  9.75900e-12  2.76569e-13  9.48243e-12
1.169286766e+01  9.9805918e-12  9.98059e-12  2.72407e-13  9.70819e-12
1.175133200e+01  1.0204219e-11  1.02042e-11  2.68291e-13  9.93593e-12
1.181008866e+01  1.0430252e-11  1.04303e-11  2.64217e-13  1.01660e-11
1.186913910e+01  1.0657856e-11  1.06579e-11  2.60192e-13  1.03977e-11
1.192848480e+01  1.0887809e-11  1.08878e-11  2.56208e-13  1.06316e-11
1.198812722e+01  1.1119672e-11  1.11197e-11  2.52268e-13  1.08674e-11
1.204806786e+01  1.1353827e-11  1.13538e-11  2.48369e-13  1.11055e-11
1.210830820e+01  1.1589417e-11  1.15894e-11  2.44517e-13  1.13449e-11
1.216884974e+01  1.1827233e-11  1.18272e-11  2.40704e-13  1.15865e-11
1.222969399e+01  1.2066828e-11  1.20668e-11  2.36935e-13  1.18299e-11
1.229084246e+01  1.2308168e-11  1.23082e-11  2.33207e-13  1.20750e-11
1.235229667e+01  1.2551638e-11  1.25516e-11  2.29519e-13  1.23221e-11
1.241405815e+01  1.2796783e-11  1.27968e-11  2.25873e-13  1.25709e-11
1.247612845e+01  1.3043566e-11  1.30436e-11  2.22268e-13  1.28213e-11
1.253850909e+01  1.3158402e-11  1.31584e-11  2.19687e-13  1.29387e-11
1.260120163e+01  1.3189350e-11  1.31894e-11  2.17742e-13  1.29716e-11
1.266420764e+01  1.3219274e-11  1.32193e-11  2.15814e-13  1.30035e-11
1.272752868e+01  1.3247740e-11  1.32477e-11  2.13905e-13  1.30338e-11
1.279116632e+01  1.3275176e-11  1.32752e-11  2.12012e-13  1.30632e-11
1.285512215e+01  1.3302013e-11  1.33020e-11  2.10133e-13  1.30919e-11
1.291939776e+01  1.3326949e-11  1.33269e-11  2.08276e-13  1.31187e-11
1.298399475e+01  1.3351286e-11  1.33513e-11  2.06431e-13  1.31449e-11
1.304891473e+01  1.3268701e-11  1.32687e-11  2.05304e-13  1.30634e-11
1.311415930e+01  1.3148678e-11  1.31487e-11  2.04414e-13  1.29443e-11
1.317973010e+01  1.3026277e-11  1.30263e-11  2.03524e-13  1.28228e-11
1.324562875e+01  1.2900635e-11  1.29006e-11  2.02641e-13  1.26980e-11
1.331185689e+01  1.2772664e-11  1.27727e-11  2.01759e-13  1.25709e-11
1.337841618e+01  1.2641945e-11  1.26419e-11  2.00880e-13  1.24411e-11
1.344530826e+01  1.2508504e-11  1.25085e-11  2.00005e-13  1.23085e-11
1.351253480e+01  1.2372814e-11  1.23728e-11  1.99131e-13  1.21737e-11
1.358009747e+01  1.2234007e-11  1.22340e-11  1.98263e-13  1.20357e-11
1.364799796e+01  1.2093008e-11  1.20930e-11  1.97396e-13  1.18956e-11
1.371623795e+01  1.1948944e-11  1.19489e-11  1.96535e-13  1.17524e-11
1.378481914e+01  1.1802748e-11  1.18027e-11  1.95675e-13  1.16071e-11
1.385374323e+01  1.1653996e-11  1.16540e-11  1.94818e-13  1.14592e-11
1.392301195e+01  1.1502718e-11  1.15027e-11  1.93965e-13  1.13088e-11
1.399262701e+01  1.1348946e-11  1.13489e-11  1.93114e-13  1.11558e-11
1.406259015e+01  1.1093842e-11  1.10938e-11  1.92813e-13  1.09010e-11
1.413290310e+01  1.0823962e-11  1.08240e-11  1.92570e-13  1.06314e-11
1.420356761e+01  1.0550318e-11  1.05503e-11  1.92324e-13  1.03580e-11
1.427458545e+01  1.0273421e-11  1.02734e-11  1.92072e-13  1.00813e-11
1.434595838e+01  9.9937871e-12  9.99379e-12  1.91812e-13  9.80198e-12
1.441768817e+01  9.7100865e-12  9.71009e-12  1.91551e-13  9.51854e-12
1.448977661e+01  9.4237591e-12  9.42376e-12  1.91282e-13  9.23248e-12
1.456222549e+01  9.1339359e-12  9.13394e-12  1.91011e-13  8.94293e-12
1.463503662e+01  8.8416006e-12  8.84160e-12  1.90731e-13  8.65087e-12
1.470821180e+01  8.5454171e-12  8.54542e-12  1.90450e-13  8.35497e-12
1.478175286e+01  8.2468370e-12  8.24684e-12  1.90162e-13  8.05667e-12
1.485566163e+01  8.0028420e-12  8.00284e-12  1.89589e-13  7.81325e-12
1.492993994e+01  7.7754081e-12  7.77541e-12  1.88923e-13  7.58648e-12
1.500458964e+01  7.5515572e-12  7.55156e-12  1.88231e-13  7.36333e-12
1.507961258e+01  7.4203329e-12  7.42033e-12  1.87091e-13  7.23324e-12
1.515501065e+01  7.2873912e-12  7.28739e-12  1.85961e-13  7.10143e-12
1.523078570e+01  7.1532277e-12  7.15323e-12  1.84837e-13  6.96839e-12
1.530693963e+01  7.0178705e-12  7.01787e-12  1.83719e-13  6.83415e-12
1.538347433e+01  6.8808774e-12  6.88088e-12  1.82609e-13  6.69827e-12
1.546039170e+01  6.7422758e-12  6.74228e-12  1.81508e-13  6.56077e-12
1.553769366e+01  6.6030348e-12  6.60303e-12  1.80411e-13  6.42262e-12
1.561538212e+01  6.4617704e-12  6.46177e-12  1.79324e-13  6.28245e-12
1.569345903e+01  6.3194527e-12  6.31945e-12  1.78243e-13  6.14121e-12
1.577192633e+01  6.1756389e-12  6.17564e-12  1.77170e-13  5.99847e-12
1.585078596e+01  6.0308294e-12  6.03083e-12  1.76103e-13  5.85473e-12
1.593003989e+01  5.8850535e-12  5.88505e-12  1.75042e-13  5.71001e-12
1.600969009e+01  5.7378681e-12  5.73787e-12  1.73989e-13  5.56388e-12
1.608973854e+01  5.5893021e-12  5.58930e-12  1.72943e-13  5.41636e-12
1.617018723e+01  5.4393847e-12  5.43938e-12  1.71905e-13  5.26748e-12
1.625103817e+01  5.2890907e-12  5.28909e-12  1.70871e-13  5.11822e-12
1.633229336e+01  5.1370316e-12  5.13703e-12  1.69846e-13  4.96719e-12
1.641395483e+01  4.9960043e-12  4.99600e-12  1.68780e-13  4.82722e-12
1.649602460e+01  4.9114333e-12  4.91143e-12  1.67495e-13  4.74394e-12
1.657850473e+01  4.8265948e-12  4.82659e-12  1.66219e-13  4.66038e-12
1.666139725e+01  4.7410330e-12  4.74103e-12  1.64954e-13  4.57608e-12
1.674470424e+01  4.6547650e-12  4.65476e-12  1.63699e-13  4.49107e-12
1.682842776e+01  4.5673353e-12  4.56734e-12  1.62456e-13  4.40488e-12
1.691256990e+01  4.4801790e-12  4.48018e-12  1.61220e-13  4.31896e-12
1.699713274e+01  4.3918956e-12  4.39190e-12  1.59996e-13  4.23190e-12
1.708211841e+01  4.3029751e-12  4.30298e-12  1.58782e-13  4.14419e-12
1.716752900e+01  4.2134349e-12  4.21343e-12  1.57578e-13  4.05586e-12
1.725336665e+01  4.1110320e-12  4.11103e-12  1.56428e-13  3.95460e-12
1.733963348e+01  4.0005187e-12  4.00052e-12  1.55315e-13  3.84520e-12
1.742633165e+01  3.8889939e-12  3.88899e-12  1.54211e-13  3.73478e-12
1.751346330e+01  3.7774210e-12  3.77742e-12  1.53114e-13  3.62431e-12
1.760103062e+01  3.6648792e-12  3.66488e-12  1.52027e-13  3.51285e-12
1.768903577e+01  3.5518604e-12  3.55186e-12  1.50948e-13  3.40091e-12
1.777748095e+01  3.4383854e-12  3.43839e-12  1.49877e-13  3.28851e-12
1.786636836e+01  3.3244753e-12  3.32448e-12  1.48815e-13  3.17566e-12
1.795570020e+01  3.2096821e-12  3.20968e-12  1.47761e-13  3.06192e-12
1.804547870e+01  3.1164946e-12  3.11649e-12  1.46642e-13  2.96985e-12
1.813570609e+01  3.0439253e-12  3.04393e-12  1.45462e-13  2.89846e-12
1.822638462e+01  2.9709037e-12  2.97090e-12  1.44293e-13  2.82661e-12
1.831751655e+01  2.8979100e-12  2.89791e-12  1.43133e-13  2.75478e-12
1.840910413e+01  2.8244904e-12  2.82449e-12  1.41983e-13  2.68251e-12
1.850114965e+01  2.7511240e-12  2.75112e-12  1.40841e-13  2.61028e-12
1.859365540e+01  2.7168468e-12  2.71685e-12  1.39584e-13  2.57726e-12
1.868662368e+01  2.6820711e-12  2.68207e-12  1.38339e-13  2.54373e-12
1.878005679e+01  2.6472677e-12  2.64727e-12  1.37105e-13  2.51016e-12
1.887395708e+01  2.6124426e-12  2.61244e-12  1.35882e-13  2.47656e-12
1.896832686e+01  2.5776013e-12  2.57760e-12  1.34669e-13  2.44293e-12
1.906316850e+01  2.5422885e-12  2.54229e-12  1.33469e-13  2.40882e-12
1.915848434e+01  2.5069724e-12  2.50697e-12  1.32279e-13  2.37469e-12
1.925427676e+01  2.4711989e-12  2.47120e-12  1.31100e-13  2.34010e-12
1.935054815e+01  2.4358935e-12  2.43589e-12  1.29930e-13  2.30596e-12
1.944730089e+01  2.4001435e-12  2.40014e-12  1.28772e-13  2.27137e-12
1.954453739e+01  2.3639568e-12  2.36396e-12  1.27626e-13  2.23633e-12
1.964226008e+01  2.3277976e-12  2.32780e-12  1.26489e-13  2.20131e-12
1.974047138e+01  2.2916712e-12  2.29167e-12  1.25362e-13  2.16631e-12
1.983917374e+01  2.2555829e-12  2.25558e-12  1.24245e-13  2.13134e-12
1.993836960e+01  2.2190847e-12  2.21908e-12  1.23138e-13  2.09595e-12
2.003806145e+01  2.1663543e-12  2.16635e-12  1.22088e-13  2.04427e-12
2.013825176e+01  2.0862204e-12  2.08622e-12  1.21123e-13  1.96510e-12
2.023894302e+01  2.0063426e-12  2.00634e-12  1.20165e-13  1.88618e-12
2.034013773e+01  1.9262823e-12  1.92628e-12  1.19216e-13  1.80707e-12
2.044183842e+01  1.8465011e-12  1.84650e-12  1.18274e-13  1.72823e-12
2.054404761e+01  1.7661149e-12  1.76611e-12  1.17341e-13  1.64877e-12
2.064676785e+01  1.6860325e-12  1.68603e-12  1.16414e-13  1.56962e-12
2.075000169e+01  1.6058187e-12  1.60582e-12  1.15496e-13  1.49032e-12
2.085375170e+01  1.5254867e-12  1.52549e-12  1.14586e-13  1.41090e-12
2.095802046e+01  1.4450495e-12  1.44505e-12  1.13683e-13  1.33137e-12
2.106281056e+01  1.3645201e-12  1.36452e-12  1.12788e-13  1.25173e-12
2.116812461e+01  1.2839113e-12  1.28391e-12  1.11901e-13  1.17201e-12
2.127396524e+01  1.2036753e-12  1.20368e-12  1.11021e-13  1.09265e-12
2.138033506e+01  1.1588669e-12  1.15887e-12  1.10056e-13  1.04881e-12
2.148723674e+01  1.1260503e-12  1.12605e-12  1.09070e-13  1.01698e-12
2.159467292e+01  1.0933687e-12  1.09337e-12  1.08092e-13  9.85277e-13
2.170264629e+01  1.0603916e-12  1.06039e-12  1.07124e-13  9.53268e-13
2.181115952e+01  1.0275592e-12  1.02756e-12  1.06164e-13  9.21395e-13
2.192021532e+01  9.9444328e-13  9.94443e-13  1.05214e-13  8.89230e-13
2.202981639e+01  9.6148165e-13  9.61482e-13  1.04272e-13  8.57210e-13
2.213996547e+01  9.2867772e-13  9.28678e-13  1.03338e-13  8.25340e-13
2.225066530e+01  8.9603483e-13  8.96035e-13  1.02412e-13  7.93622e-13
2.236191863e+01  8.6312961e-13  8.63130e-13  1.01496e-13  7.61634e-13
2.247372822e+01  8.3039455e-13  8.30395e-13  1.00588e-13  7.29807e-13
2.258609686e+01  8.1690863e-13  8.16909e-13  9.96414e-14  7.17267e-13
2.269902735e+01  8.0939121e-13  8.09391e-13  9.86900e-14  7.10701e-13
2.281252248e+01  8.0231048e-13  8.02310e-13  9.77466e-14  7.04564e-13
2.292658510e+01  7.9482345e-13  7.94823e-13  9.68130e-14  6.98010e-13
2.304121802e+01  7.8735339e-13  7.87353e-13  9.58882e-14  6.91465e-13
2.315642411e+01  7.8031793e-13  7.80318e-13  9.49711e-14  6.85347e-13
2.327220623e+01  7.7288248e-13  7.72882e-13  9.40637e-14  6.78819e-13
2.338856726e+01  7.6546608e-13  7.65466e-13  9.31648e-14  6.72301e-13
2.350551010e+01  7.5806941e-13  7.58069e-13  9.22743e-14  6.65795e-13
2.362303765e+01  7.5069311e-13  7.50693e-13  9.13922e-14  6.59301e-13
2.374115284e+01  7.4333786e-13  7.43338e-13  9.05184e-14  6.52819e-13
2.385985860e+01  7.3600427e-13  7.36004e-13  8.96529e-14  6.46351e-13
2.397915789e+01  7.2869298e-13  7.28693e-13  8.87955e-14  6.39897e-13
2.409905368e+01  7.2140462e-13  7.21405e-13  8.79462e-14  6.33458e-13
2.421954895e+01  7.1413977e-13  7.14140e-13  8.71049e-14  6.27035e-13
2.434064670e+01  7.0689903e-13  7.06899e-13  8.62716e-14  6.20627e-13
2.446234993e+01  6.9928239e-13  6.99282e-13  8.54469e-14  6.13835e-13
2.458466168e+01  6.9209314e-13  6.92093e-13  8.46292e-14  6.07464e-13
2.470758499e+01  6.8453223e-13  6.84532e-13  8.38201e-14  6.00712e-13
2.483112291e+01  6.7739675e-13  6.77397e-13  8.30177e-14  5.94379e-13
2.495527853e+01  6.6989380e-13  6.69894e-13  8.22237e-14  5.87670e-13
