# ------------------------------------------------------------------------
# Radiance spectrum
# NASA-GSFC Planetary Spectrum Generator (PSG) (Villanueva et al. 2018, 2022)
# Synthesized on Sat Dec 23 00:16:46 2023
# Doppler velocities [km/s] (vobs,vrot+vorb,vwidth,vrfl,vstr): 0.00000,-0.00000,0.00000,-119.41115,-0.00000
# Spectral unit: Wavelength [um]
# Radiance unit: Spectral irradiance [W/m2/um]
# Wave/freq Total Object Reflected Thermal
5.000000000e-01  7.5354197e-12  7.53542e-12  7.53542e-12  0.00000e+00
5.025000000e-01  7.6110611e-12  7.61106e-12  7.61106e-12  0.00000e+00
5.050125000e-01  7.6865411e-12  7.68654e-12  7.68654e-12  0.00000e+00
5.075375625e-01  7.7618450e-12  7.76184e-12  7.76184e-12  0.00000e+00
5.100752503e-01  7.8369582e-12  7.83696e-12  7.83696e-12  0.00000e+00
5.126256266e-01  7.9118663e-12  7.91187e-12  7.91187e-12  0.00000e+00
5.151887547e-01  7.9865546e-12  7.98655e-12  7.98655e-12  0.00000e+00
5.177646985e-01  8.0610089e-12  8.06101e-12  8.06101e-12  0.00000e+00
5.203535220e-01  8.1352148e-12  8.13521e-12  8.13521e-12  0.00000e+00
5.229552896e-01  8.2091580e-12  8.20916e-12  8.20916e-12  0.00000e+00
5.255700660e-01  8.2828243e-12  8.28282e-12  8.28282e-12  0.00000e+00
5.281979164e-01  8.3561997e-12  8.35620e-12  8.35620e-12  0.00000e+00
5.308389059e-01  8.4292701e-12  8.42927e-12  8.42927e-12  0.00000e+00
5.334931005e-01  8.5020217e-12  8.50202e-12  8.50202e-12  0.00000e+00
5.361605660e-01  8.5744406e-12  8.57444e-12  8.57444e-12  0.00000e+00
5.388413688e-01  8.6465131e-12  8.64651e-12  8.64651e-12  0.00000e+00
5.415355756e-01  8.7182258e-12  8.71823e-12  8.71823e-12  0.00000e+00
5.442432535e-01  8.7895650e-12  8.78957e-12  8.78957e-12  0.00000e+00
5.469644698e-01  8.8605175e-12  8.86052e-12  8.86052e-12  0.00000e+00
5.496992921e-01  8.9310701e-12  8.93107e-12  8.93107e-12  0.00000e+00
5.524477886e-01  9.0012097e-12  9.00121e-12  9.00121e-12  0.00000e+00
5.552100275e-01  9.0709234e-12  9.07092e-12  9.07092e-12  0.00000e+00
5.579860777e-01  9.1401983e-12  9.14020e-12  9.14020e-12  0.00000e+00
5.607760081e-01  9.2090218e-12  9.20902e-12  9.20902e-12  0.00000e+00
5.635798881e-01  9.2773815e-12  9.27738e-12  9.27738e-12  0.00000e+00
5.663977875e-01  9.3452649e-12  9.34526e-12  9.34526e-12  0.00000e+00
5.692297765e-01  9.4126599e-12  9.41266e-12  9.41266e-12  0.00000e+00
5.720759254e-01  9.4795545e-12  9.47955e-12  9.47955e-12  0.00000e+00
5.749363050e-01  9.5459368e-12  9.54594e-12  9.54594e-12  0.00000e+00
5.778109865e-01  9.6117951e-12  9.61180e-12  9.61180e-12  0.00000e+00
5.807000414e-01  9.6771179e-12  9.67712e-12  9.67712e-12  0.00000e+00
5.836035417e-01  9.7418939e-12  9.74189e-12  9.74189e-12  0.00000e+00
5.865215594e-01  9.8061118e-12  9.80611e-12  9.80611e-12  0.00000e+00
5.894541672e-01  9.8697608e-12  9.86976e-12  9.86976e-12  0.00000e+00
5.924014380e-01  9.9328301e-12  9.93283e-12  9.93283e-12  0.00000e+00
5.953634452e-01  9.9953090e-12  9.99531e-12  9.99531e-12  0.00000e+00
5.983402624e-01  1.0057187e-11  1.00572e-11  1.00572e-11  0.00000e+00
6.013319637e-01  1.0118454e-11  1.01185e-11  1.01185e-11  0.00000e+00
6.043386235e-01  1.0179101e-11  1.01791e-11  1.01791e-11  0.00000e+00
6.073603167e-01  1.0239116e-11  1.02391e-11  1.02391e-11  0.00000e+00
6.103971182e-01  1.0298491e-11  1.02985e-11  1.02985e-11  0.00000e+00
6.134491038e-01  1.0357216e-11  1.03572e-11  1.03572e-11  0.00000e+00
6.165163494e-01  1.0415282e-11  1.04153e-11  1.04153e-11  0.00000e+00
6.195989311e-01  1.0472680e-11  1.04727e-11  1.04727e-11  0.00000e+00
6.226969258e-01  1.0529402e-11  1.05294e-11  1.05294e-11  0.00000e+00
6.258104104e-01  1.0585438e-11  1.05854e-11  1.05854e-11  0.00000e+00
6.289394624e-01  1.0640780e-11  1.06408e-11  1.06408e-11  0.00000e+00
6.320841597e-01  1.0695420e-11  1.06954e-11  1.06954e-11  0.00000e+00
6.352445805e-01  1.0749351e-11  1.07494e-11  1.07494e-11  0.00000e+00
6.384208035e-01  1.0802564e-11  1.08026e-11  1.08026e-11  0.00000e+00
6.416129075e-01  1.0855052e-11  1.08551e-11  1.08551e-11  0.00000e+00
6.448209720e-01  1.0906808e-11  1.09068e-11  1.09068e-11  0.00000e+00
6.480450769e-01  1.0957824e-11  1.09578e-11  1.09578e-11  0.00000e+00
6.512853022e-01  1.1008095e-11  1.10081e-11  1.10081e-11  0.00000e+00
6.545417288e-01  1.1057612e-11  1.10576e-11  1.10576e-11  0.00000e+00
6.578144374e-01  1.1106371e-11  1.11064e-11  1.11064e-11  0.00000e+00
6.611035096e-01  1.1154364e-11  1.11544e-11  1.11544e-11  0.00000e+00
6.644090271e-01  1.1201586e-11  1.12016e-11  1.12016e-11  0.00000e+00
6.677310723e-01  1.1248031e-11  1.12480e-11  1.12480e-11  0.00000e+00
6.710697276e-01  1.1293693e-11  1.12937e-11  1.12937e-11  0.00000e+00
6.744250763e-01  1.1338568e-11  1.13386e-11  1.13386e-11  0.00000e+00
6.777972017e-01  1.1382650e-11  1.13827e-11  1.13827e-11  0.00000e+00
6.811861877e-01  1.1425935e-11  1.14259e-11  1.14259e-11  0.00000e+00
6.845921186e-01  1.1468418e-11  1.14684e-11  1.14684e-11  0.00000e+00
6.880150792e-01  1.1510093e-11  1.15101e-11  1.15101e-11  0.00000e+00
6.914551546e-01  1.1550959e-11  1.15510e-11  1.15510e-11  0.00000e+00
6.949124304e-01  1.1591010e-11  1.15910e-11  1.15910e-11  0.00000e+00
6.983869925e-01  1.1630242e-11  1.16302e-11  1.16302e-11  0.00000e+00
7.018789275e-01  1.1668653e-11  1.16687e-11  1.16687e-11  0.00000e+00
7.053883221e-01  1.1706238e-11  1.17062e-11  1.17062e-11  0.00000e+00
7.089152637e-01  1.1742996e-11  1.17430e-11  1.17430e-11  0.00000e+00
7.124598400e-01  1.1778922e-11  1.17789e-11  1.17789e-11  0.00000e+00
7.160221392e-01  1.1814015e-11  1.18140e-11  1.18140e-11  0.00000e+00
7.196022499e-01  1.1848272e-11  1.18483e-11  1.18483e-11  0.00000e+00
7.232002612e-01  1.1881691e-11  1.18817e-11  1.18817e-11  0.00000e+00
7.268162625e-01  1.1914270e-11  1.19143e-11  1.19143e-11  0.00000e+00
7.304503438e-01  1.1946007e-11  1.19460e-11  1.19460e-11  0.00000e+00
7.341025955e-01  1.1976901e-11  1.19769e-11  1.19769e-11  0.00000e+00
7.377731085e-01  1.2006950e-11  1.20069e-11  1.20069e-11  0.00000e+00
7.414619740e-01  1.2036153e-11  1.20362e-11  1.20362e-11  0.00000e+00
7.451692839e-01  1.2064509e-11  1.20645e-11  1.20645e-11  0.00000e+00
7.488951303e-01  1.2092018e-11  1.20920e-11  1.20920e-11  0.00000e+00
7.526396060e-01  1.2118678e-11  1.21187e-11  1.21187e-11  0.00000e+00
7.564028040e-01  1.2144491e-11  1.21445e-11  1.21445e-11  0.00000e+00
7.601848180e-01  1.2169454e-11  1.21695e-11  1.21695e-11  0.00000e+00
7.639857421e-01  1.2193569e-11  1.21936e-11  1.21936e-11  0.00000e+00
7.678056708e-01  1.2216836e-11  1.22168e-11  1.22168e-11  0.00000e+00
7.716446992e-01  1.2239256e-11  1.22393e-11  1.22393e-11  0.00000e+00
7.755029227e-01  1.2260828e-11  1.22608e-11  1.22608e-11  0.00000e+00
7.793804373e-01  1.2281553e-11  1.22816e-11  1.22816e-11  0.00000e+00
7.832773395e-01  1.2301434e-11  1.23014e-11  1.23014e-11  0.00000e+00
7.871937262e-01  1.2320470e-11  1.23205e-11  1.23205e-11  0.00000e+00
7.911296948e-01  1.2338664e-11  1.23387e-11  1.23387e-11  0.00000e+00
7.950853433e-01  1.2356016e-11  1.23560e-11  1.23560e-11  0.00000e+00
7.990607700e-01  1.2372529e-11  1.23725e-11  1.23725e-11  0.00000e+00
8.030560739e-01  1.2388204e-11  1.23882e-11  1.23882e-11  0.00000e+00
8.070713542e-01  1.2403044e-11  1.24030e-11  1.24030e-11  0.00000e+00
8.111067110e-01  1.2417051e-11  1.24171e-11  1.24171e-11  0.00000e+00
8.151622446e-01  1.2430226e-11  1.24302e-11  1.24302e-11  0.00000e+00
8.192380558e-01  1.2442573e-11  1.24426e-11  1.24426e-11  0.00000e+00
8.233342461e-01  1.2454095e-11  1.24541e-11  1.24541e-11  0.00000e+00
8.274509173e-01  1.2464793e-11  1.24648e-11  1.24648e-11  0.00000e+00
8.315881719e-01  1.2474672e-11  1.24747e-11  1.24747e-11  0.00000e+00
8.357461127e-01  1.2483735e-11  1.24837e-11  1.24837e-11  0.00000e+00
8.399248433e-01  1.2491984e-11  1.24920e-11  1.24920e-11  0.00000e+00
8.441244675e-01  1.2499423e-11  1.24994e-11  1.24994e-11  0.00000e+00
8.483450899e-01  1.2506056e-11  1.25061e-11  1.25061e-11  0.00000e+00
8.525868153e-01  1.2511887e-11  1.25119e-11  1.25119e-11  0.00000e+00
8.568497494e-01  1.2516919e-11  1.25169e-11  1.25169e-11  0.00000e+00
8.611339981e-01  1.2521156e-11  1.25212e-11  1.25212e-11  0.00000e+00
8.654396681e-01  1.2524603e-11  1.25246e-11  1.25246e-11  0.00000e+00
8.697668665e-01  1.2527264e-11  1.25273e-11  1.25273e-11  0.00000e+00
8.741157008e-01  1.2529144e-11  1.25291e-11  1.25291e-11  0.00000e+00
8.784862793e-01  1.2530246e-11  1.25302e-11  1.25302e-11  0.00000e+00
8.828787107e-01  1.2530575e-11  1.25306e-11  1.25306e-11  0.00000e+00
8.872931042e-01  1.2530137e-11  1.25301e-11  1.25301e-11  0.00000e+00
8.917295698e-01  1.2528810e-11  1.25288e-11  1.25288e-11  2.64458e-35
8.961882176e-01  1.2526851e-11  1.25269e-11  1.25269e-11  3.43943e-35
9.006691587e-01  1.2524139e-11  1.25241e-11  1.25241e-11  4.46701e-35
9.051725045e-01  1.2520680e-11  1.25207e-11  1.25207e-11  5.79363e-35
9.096983670e-01  1.2516478e-11  1.25165e-11  1.25165e-11  7.50394e-35
9.142468589e-01  1.2511539e-11  1.25115e-11  1.25115e-11  9.70594e-35
9.188180931e-01  1.2505869e-11  1.25059e-11  1.25059e-11  1.25371e-34
9.234121836e-01  1.2499473e-11  1.24995e-11  1.24995e-11  1.61723e-34
9.280292445e-01  1.2492357e-11  1.24924e-11  1.24924e-11  2.08335e-34
9.326693908e-01  1.2484527e-11  1.24845e-11  1.24845e-11  2.68025e-34
9.373327377e-01  1.2475988e-11  1.24760e-11  1.24760e-11  3.44358e-34
9.420194014e-01  1.2466746e-11  1.24667e-11  1.24667e-11  4.41847e-34
9.467294984e-01  1.2456808e-11  1.24568e-11  1.24568e-11  5.66191e-34
9.514631459e-01  1.2446180e-11  1.24462e-11  1.24462e-11  7.24579e-34
9.562204616e-01  1.2434867e-11  1.24349e-11  1.24349e-11  9.26069e-34
9.610015639e-01  1.2422877e-11  1.24229e-11  1.24229e-11  1.18206e-33
9.658065718e-01  1.2410214e-11  1.24102e-11  1.24102e-11  1.50686e-33
9.706356046e-01  1.2396887e-11  1.23969e-11  1.23969e-11  1.91846e-33
9.754887826e-01  1.2382900e-11  1.23829e-11  1.23829e-11  2.43936e-33
9.803662265e-01  1.2368262e-11  1.23683e-11  1.23683e-11  3.09777e-33
9.852680577e-01  1.2352977e-11  1.23530e-11  1.23530e-11  3.92892e-33
9.901943980e-01  1.2337053e-11  1.23371e-11  1.23371e-11  4.97682e-33
9.951453700e-01  1.2320497e-11  1.23205e-11  1.23205e-11  6.29632e-33
1.000121097e+00  1.2303316e-11  1.23033e-11  1.23033e-11  7.95576e-33
1.005121702e+00  1.2285515e-11  1.22855e-11  1.22855e-11  1.00401e-32
1.010147311e+00  1.2266979e-11  1.22670e-11  1.22670e-11  2.53099e-32
1.015198047e+00  1.2247961e-11  1.22480e-11  1.22480e-11  3.18625e-32
1.020274038e+00  1.2228345e-11  1.22283e-11  1.22283e-11  4.00627e-32
1.025375408e+00  1.2208137e-11  1.22081e-11  1.22081e-11  5.03121e-32
1.030502285e+00  1.2187344e-11  1.21873e-11  1.21873e-11  6.31074e-32
1.035654796e+00  1.2165975e-11  1.21660e-11  1.21660e-11  7.90618e-32
1.040833070e+00  1.2144035e-11  1.21440e-11  1.21440e-11  9.89312e-32
1.046037236e+00  1.2121531e-11  1.21215e-11  1.21215e-11  1.23647e-31
1.051267422e+00  1.2098472e-11  1.20985e-11  1.20985e-11  1.54354e-31
1.056523759e+00  1.2074863e-11  1.20749e-11  1.20749e-11  1.92461e-31
1.061806378e+00  1.2050712e-11  1.20507e-11  1.20507e-11  2.39695e-31
1.067115410e+00  1.2026027e-11  1.20260e-11  1.20260e-11  2.98172e-31
1.072450987e+00  1.2000814e-11  1.20008e-11  1.20008e-11  3.70486e-31
1.077813242e+00  1.1974961e-11  1.19750e-11  1.19750e-11  6.89709e-31
1.083202308e+00  1.1948714e-11  1.19487e-11  1.19487e-11  8.55008e-31
1.088618319e+00  1.1921962e-11  1.19220e-11  1.19220e-11  1.05871e-30
1.094061411e+00  1.1894711e-11  1.18947e-11  1.18947e-11  1.30946e-30
1.099531718e+00  1.1866969e-11  1.18670e-11  1.18670e-11  1.61776e-30
1.105029377e+00  1.1838624e-11  1.18386e-11  1.18386e-11  2.66186e-30
1.110554523e+00  1.1809921e-11  1.18099e-11  1.18099e-11  3.28119e-30
1.116107296e+00  1.1780748e-11  1.17807e-11  1.17807e-11  4.04010e-30
1.121687832e+00  1.1751112e-11  1.17511e-11  1.17511e-11  4.96904e-30
1.127296272e+00  1.1721022e-11  1.17210e-11  1.17210e-11  6.10482e-30
1.132932753e+00  1.1690367e-11  1.16904e-11  1.16904e-11  9.36496e-30
1.138597417e+00  1.1659388e-11  1.16594e-11  1.16594e-11  1.14803e-29
1.144290404e+00  1.1627975e-11  1.16280e-11  1.16280e-11  1.40582e-29
1.150011856e+00  1.1596137e-11  1.15961e-11  1.15961e-11  1.71964e-29
1.155761915e+00  1.1563879e-11  1.15639e-11  1.15639e-11  2.10124e-29
1.161540725e+00  1.1531095e-11  1.15311e-11  1.15311e-11  3.07772e-29
1.167348428e+00  1.1498021e-11  1.14980e-11  1.14980e-11  3.75266e-29
1.173185171e+00  1.1464550e-11  1.14646e-11  1.14646e-11  4.57076e-29
1.179051096e+00  1.1430689e-11  1.14307e-11  1.14307e-11  5.56134e-29
1.184946352e+00  1.1396331e-11  1.13963e-11  1.13963e-11  7.88608e-29
1.190871084e+00  1.1361711e-11  1.13617e-11  1.13617e-11  9.57507e-29
1.196825439e+00  1.1326722e-11  1.13267e-11  1.13267e-11  1.16137e-28
1.202809566e+00  1.1291371e-11  1.12914e-11  1.12914e-11  1.40718e-28
1.208823614e+00  1.1255666e-11  1.12557e-11  1.12557e-11  1.70327e-28
1.214867732e+00  1.1219500e-11  1.12195e-11  1.12195e-11  2.35377e-28
1.220942071e+00  1.1183107e-11  1.11831e-11  1.11831e-11  2.84320e-28
1.227046781e+00  1.1146380e-11  1.11464e-11  1.11464e-11  3.43094e-28
1.233182015e+00  1.1109326e-11  1.11093e-11  1.11093e-11  4.13598e-28
1.239347925e+00  1.1071952e-11  1.10720e-11  1.10720e-11  4.98091e-28
1.245544665e+00  1.1034154e-11  1.10342e-11  1.10342e-11  6.74151e-28
1.251772388e+00  1.0996161e-11  1.09962e-11  1.09962e-11  8.10255e-28
1.258031250e+00  1.0957869e-11  1.09579e-11  1.09579e-11  9.72873e-28
1.264321406e+00  1.0919285e-11  1.09193e-11  1.09193e-11  1.16698e-27
1.270643013e+00  1.0880306e-11  1.08803e-11  1.08803e-11  1.55383e-27
1.276996228e+00  1.0841156e-11  1.08412e-11  1.08412e-11  1.86020e-27
1.283381209e+00  1.0801735e-11  1.08017e-11  1.08017e-11  2.22483e-27
1.289798116e+00  1.0762047e-11  1.07620e-11  1.07620e-11  2.65837e-27
1.296247106e+00  1.0721994e-11  1.07220e-11  1.07220e-11  3.49068e-27
1.302728342e+00  1.0681368e-11  1.06814e-11  1.06814e-11  5.67668e-27
1.309241983e+00  1.0639754e-11  1.06398e-11  1.06398e-11  1.17233e-26
1.315788193e+00  1.0597803e-11  1.05978e-11  1.05978e-11  2.03949e-26
1.322367134e+00  1.0555735e-11  1.05557e-11  1.05557e-11  3.12744e-26
1.328978970e+00  1.0513448e-11  1.05134e-11  1.05134e-11  4.54979e-26
1.335623865e+00  1.0470846e-11  1.04708e-11  1.04708e-11  6.48059e-26
1.342301984e+00  1.0428144e-11  1.04281e-11  1.04281e-11  8.85931e-26
1.349013494e+00  1.0385243e-11  1.03852e-11  1.03852e-11  1.18874e-25
1.355758561e+00  1.0342047e-11  1.03420e-11  1.03420e-11  1.58674e-25
1.362537354e+00  1.0298665e-11  1.02987e-11  1.02987e-11  2.08894e-25
1.369350041e+00  1.0255206e-11  1.02552e-11  1.02552e-11  2.69825e-25
1.376196791e+00  1.0211471e-11  1.02115e-11  1.02115e-11  3.48152e-25
1.383077775e+00  1.0167570e-11  1.01676e-11  1.01676e-11  4.45560e-25
1.389993164e+00  1.0123609e-11  1.01236e-11  1.01236e-11  5.62775e-25
1.396943130e+00  1.0079390e-11  1.00794e-11  1.00794e-11  7.11038e-25
1.403927846e+00  1.0035023e-11  1.00350e-11  1.00350e-11  8.93393e-25
1.410947485e+00  9.9905127e-12  9.99051e-12  9.99051e-12  1.11696e-24
1.418002222e+00  9.9458647e-12  9.94586e-12  9.94586e-12  1.39021e-24
1.425092233e+00  9.9010850e-12  9.90108e-12  9.90108e-12  1.72328e-24
1.432217694e+00  9.8560804e-12  9.85608e-12  9.85608e-12  2.13717e-24
1.439378783e+00  9.8110546e-12  9.81105e-12  9.81105e-12  2.62965e-24
1.446575677e+00  9.7659140e-12  9.76591e-12  9.76591e-12  3.22532e-24
1.453808555e+00  9.7206640e-12  9.72066e-12  9.72066e-12  3.94419e-24
1.461077598e+00  9.6752131e-12  9.67521e-12  9.67521e-12  4.82673e-24
1.468382986e+00  9.6297613e-12  9.62976e-12  9.62976e-12  5.86986e-24
1.475724901e+00  9.5841202e-12  9.58412e-12  9.58412e-12  7.14381e-24
1.483103525e+00  9.5383921e-12  9.53839e-12  9.53839e-12  8.67178e-24
1.490519043e+00  9.4926776e-12  9.49268e-12  9.49268e-12  1.04697e-23
1.497971638e+00  9.4467909e-12  9.44679e-12  9.44679e-12  1.26500e-23
1.505461496e+00  9.4008328e-12  9.40083e-12  9.40083e-12  1.52505e-23
1.512988804e+00  9.3548084e-12  9.35481e-12  9.35481e-12  1.83468e-23
1.520553748e+00  9.3087226e-12  9.30872e-12  9.30872e-12  2.20272e-23
1.528156517e+00  9.2625805e-12  9.26258e-12  9.26258e-12  2.63947e-23
1.535797299e+00  9.2163868e-12  9.21639e-12  9.21639e-12  3.15693e-23
1.543476286e+00  9.1722647e-12  9.17226e-12  9.17226e-12  3.56606e-23
1.551193667e+00  9.1280799e-12  9.12808e-12  9.12808e-12  4.02251e-23
1.558949636e+00  9.0838370e-12  9.08384e-12  9.08384e-12  4.53085e-23
1.566744384e+00  9.0396315e-12  9.03963e-12  9.03963e-12  5.08229e-23
1.574578106e+00  8.9952859e-12  8.99529e-12  8.99529e-12  5.70711e-23
1.582450996e+00  8.9509859e-12  8.95099e-12  8.95099e-12  6.38072e-23
1.590363251e+00  8.9065557e-12  8.90656e-12  8.90656e-12  7.14218e-23
1.598315067e+00  8.8621789e-12  8.86218e-12  8.86218e-12  7.95741e-23
1.606306643e+00  8.8176818e-12  8.81768e-12  8.81768e-12  8.87670e-23
1.614338176e+00  8.7732458e-12  8.77325e-12  8.77325e-12  9.85318e-23
1.622409867e+00  8.7286988e-12  8.72870e-12  8.72870e-12  1.09514e-22
1.630521916e+00  8.6842206e-12  8.68422e-12  8.68422e-12  1.21074e-22
1.638674526e+00  8.6397272e-12  8.63973e-12  8.63973e-12  1.33558e-22
1.646867898e+00  8.5952228e-12  8.59522e-12  8.59522e-12  1.46988e-22
1.655102238e+00  8.5507114e-12  8.55071e-12  8.55071e-12  1.61373e-22
1.663377749e+00  8.5061970e-12  8.50620e-12  8.50620e-12  1.76705e-22
1.671694638e+00  8.4616835e-12  8.46168e-12  8.46168e-12  1.92961e-22
1.680053111e+00  8.4171747e-12  8.41717e-12  8.41717e-12  2.10091e-22
1.688453377e+00  8.3726745e-12  8.37267e-12  8.37267e-12  2.28017e-22
1.696895643e+00  8.3281867e-12  8.32819e-12  8.32819e-12  2.46625e-22
1.705380122e+00  8.2837149e-12  8.28371e-12  8.28371e-12  2.65759e-22
1.713907022e+00  8.2392629e-12  8.23926e-12  8.23926e-12  2.85210e-22
1.722476557e+00  8.1949162e-12  8.19492e-12  8.19492e-12  3.02895e-22
1.731088940e+00  8.1505139e-12  8.15051e-12  8.15051e-12  3.21849e-22
1.739744385e+00  8.1062232e-12  8.10622e-12  8.10622e-12  3.37700e-22
1.748443107e+00  8.0618847e-12  8.06188e-12  8.06188e-12  3.54284e-22
1.757185322e+00  8.0176636e-12  8.01766e-12  8.01766e-12  3.65855e-22
1.765971249e+00  7.9734024e-12  7.97340e-12  7.97340e-12  3.77255e-22
1.774801105e+00  7.9292644e-12  7.92926e-12  7.92926e-12  3.80962e-22
1.783675111e+00  7.8851727e-12  7.88517e-12  7.88517e-12  3.78673e-22
1.792593486e+00  7.8410518e-12  7.84105e-12  7.84105e-12  3.73797e-22
1.801556454e+00  7.7964383e-12  7.79644e-12  7.79644e-12  4.00260e-22
1.810564236e+00  7.7490175e-12  7.74902e-12  7.74902e-12  6.62716e-22
1.819617057e+00  7.7016185e-12  7.70162e-12  7.70162e-12  9.93314e-22
1.828715142e+00  7.6543224e-12  7.65432e-12  7.65432e-12  1.39751e-21
1.837858718e+00  7.6070557e-12  7.60706e-12  7.60706e-12  1.89723e-21
1.847048012e+00  7.5599740e-12  7.55997e-12  7.55997e-12  2.48998e-21
1.856283252e+00  7.5129282e-12  7.51293e-12  7.51293e-12  3.21239e-21
1.865564668e+00  7.4659971e-12  7.46600e-12  7.46600e-12  4.07502e-21
1.874892491e+00  7.4191834e-12  7.41918e-12  7.41918e-12  5.10043e-21
1.884266954e+00  7.3724895e-12  7.37249e-12  7.37249e-12  6.31438e-21
1.893688289e+00  7.3259181e-12  7.32592e-12  7.32592e-12  7.74619e-21
1.903156730e+00  7.2794715e-12  7.27947e-12  7.27947e-12  9.42925e-21
1.912672514e+00  7.2330795e-12  7.23308e-12  7.23308e-12  1.14249e-20
1.922235876e+00  7.1868181e-12  7.18682e-12  7.18682e-12  1.37584e-20
1.931847056e+00  7.1406895e-12  7.14069e-12  7.14069e-12  1.64793e-20
1.941506291e+00  7.0946960e-12  7.09470e-12  7.09470e-12  1.96439e-20
1.951213822e+00  7.0487688e-12  7.04877e-12  7.04877e-12  2.33525e-20
1.960969892e+00  7.0030525e-12  7.00305e-12  7.00305e-12  2.76073e-20
1.970774741e+00  6.9574076e-12  6.95741e-12  6.95741e-12  3.25681e-20
1.980628615e+00  6.9119073e-12  6.91191e-12  6.91191e-12  3.82905e-20
1.990531758e+00  6.8665534e-12  6.86655e-12  6.86655e-12  4.48783e-20
2.000484417e+00  6.8215543e-12  6.82155e-12  6.82155e-12  5.22554e-20
2.010486839e+00  6.7810087e-12  6.78101e-12  6.78101e-12  5.61862e-20
2.020539273e+00  6.7405589e-12  6.74056e-12  6.74056e-12  6.02928e-20
2.030641969e+00  6.7002070e-12  6.70021e-12  6.70021e-12  6.45646e-20
2.040795179e+00  6.6599550e-12  6.65995e-12  6.65995e-12  6.89867e-20
2.050999155e+00  6.6198714e-12  6.61987e-12  6.61987e-12  7.34292e-20
2.061254151e+00  6.5798246e-12  6.57982e-12  6.57982e-12  7.80751e-20
2.071560421e+00  6.5399493e-12  6.53995e-12  6.53995e-12  8.26576e-20
2.081918224e+00  6.5001807e-12  6.50018e-12  6.50018e-12  8.72439e-20
2.092327815e+00  6.4605206e-12  6.46052e-12  6.46052e-12  9.17820e-20
2.102789454e+00  6.4209709e-12  6.42097e-12  6.42097e-12  9.62098e-20
2.113303401e+00  6.3815333e-12  6.38153e-12  6.38153e-12  1.00454e-19
2.123869918e+00  6.3422732e-12  6.34227e-12  6.34227e-12  1.04199e-19
2.134489268e+00  6.3030644e-12  6.30306e-12  6.30306e-12  1.07777e-19
2.145161714e+00  6.2640357e-12  6.26404e-12  6.26404e-12  1.10583e-19
2.155887523e+00  6.2251248e-12  6.22512e-12  6.22512e-12  1.12703e-19
2.166666960e+00  6.1863334e-12  6.18633e-12  6.18633e-12  1.13968e-19
2.177500295e+00  6.1476630e-12  6.14766e-12  6.14766e-12  1.14190e-19
2.188387796e+00  6.1091764e-12  6.10918e-12  6.10918e-12  1.12735e-19
2.199329735e+00  6.0707521e-12  6.07075e-12  6.07075e-12  1.10143e-19
2.210326384e+00  6.0325136e-12  6.03251e-12  6.03251e-12  1.05249e-19
2.221378016e+00  5.9944011e-12  5.99440e-12  5.99440e-12  9.81379e-20
2.232484906e+00  5.9564159e-12  5.95642e-12  5.95642e-12  8.84326e-20
2.243647331e+00  5.9185594e-12  5.91856e-12  5.91856e-12  7.57099e-20
2.254865567e+00  5.8797735e-12  5.87977e-12  5.87977e-12  7.28796e-20
2.266139895e+00  5.8397884e-12  5.83979e-12  5.83979e-12  8.74925e-20
2.277470595e+00  5.7999681e-12  5.79997e-12  5.79997e-12  1.04235e-19
2.288857948e+00  5.7602557e-12  5.76026e-12  5.76026e-12  1.24354e-19
2.300302237e+00  5.7207681e-12  5.72077e-12  5.72077e-12  1.46259e-19
2.311803748e+00  5.6813912e-12  5.68139e-12  5.68139e-12  1.72354e-19
2.323362767e+00  5.6422400e-12  5.64224e-12  5.64224e-12  2.00727e-19
2.334979581e+00  5.6032021e-12  5.60320e-12  5.60320e-12  2.34276e-19
2.346654479e+00  5.5643908e-12  5.56439e-12  5.56439e-12  2.70708e-19
2.358387751e+00  5.5256952e-12  5.52570e-12  5.52569e-12  3.13506e-19
2.370179690e+00  5.4871722e-12  5.48717e-12  5.48717e-12  3.61797e-19
2.382030589e+00  5.4488770e-12  5.44888e-12  5.44888e-12  4.14138e-19
2.393940742e+00  5.4107008e-12  5.41070e-12  5.41070e-12  4.75105e-19
2.405910445e+00  5.3726992e-12  5.37270e-12  5.37270e-12  5.43553e-19
2.417939997e+00  5.3348730e-12  5.33487e-12  5.33487e-12  6.20282e-19
2.430029697e+00  5.2972226e-12  5.29722e-12  5.29722e-12  7.06164e-19
2.442179846e+00  5.2597488e-12  5.25975e-12  5.25975e-12  8.02156e-19
2.454390745e+00  5.2224521e-12  5.22245e-12  5.22245e-12  9.09300e-19
2.466662699e+00  5.1853329e-12  5.18533e-12  5.18533e-12  1.02874e-18
2.478996012e+00  5.1483919e-12  5.14839e-12  5.14839e-12  1.16170e-18
2.491390992e+00  5.1116295e-12  5.11163e-12  5.11163e-12  1.30955e-18
2.503847947e+00  5.0745879e-12  5.07459e-12  5.07459e-12  1.51767e-18
2.516367187e+00  5.0367216e-12  5.03672e-12  5.03672e-12  1.85758e-18
2.528949023e+00  4.9990560e-12  4.99906e-12  4.99905e-12  2.24429e-18
2.541593768e+00  4.9615912e-12  4.96159e-12  4.96159e-12  2.68293e-18
2.554301737e+00  4.9243275e-12  4.92433e-12  4.92432e-12  3.17912e-18
2.567073246e+00  4.8872650e-12  4.88727e-12  4.88726e-12  3.73900e-18
2.579908612e+00  4.8503552e-12  4.85036e-12  4.85035e-12  4.37726e-18
2.592808155e+00  4.8136477e-12  4.81365e-12  4.81364e-12  5.09453e-18
2.605772196e+00  4.7771425e-12  4.77714e-12  4.77714e-12  5.89888e-18
2.618801057e+00  4.7408397e-12  4.74084e-12  4.74083e-12  6.79911e-18
2.631895062e+00  4.7047394e-12  4.70474e-12  4.70473e-12  7.80476e-18
2.645054537e+00  4.6687945e-12  4.66879e-12  4.66879e-12  8.93817e-18
2.658279810e+00  4.6330529e-12  4.63305e-12  4.63304e-12  1.02005e-17
2.671571209e+00  4.5975144e-12  4.59751e-12  4.59750e-12  1.16043e-17
2.684929065e+00  4.5621791e-12  4.56218e-12  4.56217e-12  1.31628e-17
2.698353710e+00  4.5270468e-12  4.52705e-12  4.52703e-12  1.48907e-17
2.711845479e+00  4.3921537e-12  4.39215e-12  4.39210e-12  5.57233e-17
2.725404706e+00  4.2445781e-12  4.24458e-12  4.24447e-12  1.09013e-16
2.739031730e+00  4.0983401e-12  4.09834e-12  4.09817e-12  1.70579e-16
2.752726889e+00  3.9533501e-12  3.95335e-12  3.95311e-12  2.41381e-16
2.766490523e+00  3.8096973e-12  3.80970e-12  3.80937e-12  3.22375e-16
2.780322976e+00  3.6673370e-12  3.66734e-12  3.66692e-12  4.14674e-16
2.794224591e+00  3.5262258e-12  3.52623e-12  3.52571e-12  5.19488e-16
2.808195713e+00  3.3864505e-12  3.38645e-12  3.38581e-12  6.38051e-16
2.822236692e+00  3.2479248e-12  3.24792e-12  3.24715e-12  7.71817e-16
2.836347875e+00  3.1106916e-12  3.11069e-12  3.10977e-12  9.22273e-16
2.850529615e+00  2.9747088e-12  2.97471e-12  2.97362e-12  1.09109e-15
2.864782263e+00  2.8400189e-12  2.84002e-12  2.83874e-12  1.28002e-15
2.879106174e+00  2.7066216e-12  2.70662e-12  2.70513e-12  1.49097e-15
2.893501705e+00  2.5744756e-12  2.57448e-12  2.57275e-12  1.72606e-15
2.907969214e+00  2.4435817e-12  2.44358e-12  2.44159e-12  1.98754e-15
2.922509060e+00  2.3139812e-12  2.31398e-12  2.31170e-12  2.27776e-15
2.937121605e+00  2.1856337e-12  2.18563e-12  2.18303e-12  2.59938e-15
2.951807213e+00  2.0585802e-12  2.05858e-12  2.05563e-12  2.95514e-15
2.966566249e+00  1.9327414e-12  1.93274e-12  1.92939e-12  3.34817e-15
2.981399080e+00  1.8081587e-12  1.80816e-12  1.80438e-12  3.78165e-15
2.996306076e+00  1.6848723e-12  1.68487e-12  1.68061e-12  4.25898e-15
3.011287606e+00  1.6372504e-12  1.63725e-12  1.63262e-12  4.63003e-15
3.026344044e+00  1.6144052e-12  1.61441e-12  1.60943e-12  4.97626e-15
3.041475764e+00  1.5917834e-12  1.59178e-12  1.58644e-12  5.34617e-15
3.056683143e+00  1.5693478e-12  1.56935e-12  1.56361e-12  5.74129e-15
3.071966559e+00  1.5471378e-12  1.54714e-12  1.54097e-12  6.16309e-15
3.087326392e+00  1.5251169e-12  1.52512e-12  1.51850e-12  6.61327e-15
3.102763024e+00  1.5033238e-12  1.50332e-12  1.49623e-12  7.09345e-15
3.118276839e+00  1.4817596e-12  1.48176e-12  1.47415e-12  7.60540e-15
3.133868223e+00  1.4603892e-12  1.46039e-12  1.45224e-12  8.15115e-15
3.149537564e+00  1.4392504e-12  1.43925e-12  1.43052e-12  8.73255e-15
3.165285252e+00  1.4183090e-12  1.41831e-12  1.40896e-12  9.35184e-15
3.181111678e+00  1.3976025e-12  1.39760e-12  1.38759e-12  1.00111e-14
3.197017237e+00  1.3770972e-12  1.37710e-12  1.36638e-12  1.07127e-14
3.213002323e+00  1.4754198e-12  1.47542e-12  1.46459e-12  1.08265e-14
3.229067334e+00  1.5997508e-12  1.59975e-12  1.58900e-12  1.07479e-14
3.245212671e+00  1.7226324e-12  1.72263e-12  1.71203e-12  1.06067e-14
3.261438734e+00  1.8440958e-12  1.84410e-12  1.83370e-12  1.03955e-14
3.277745928e+00  1.9641368e-12  1.96414e-12  1.95403e-12  1.01065e-14
3.294134658e+00  2.0827175e-12  2.08272e-12  2.07299e-12  9.73149e-15
3.310605331e+00  2.1999000e-12  2.19990e-12  2.19064e-12  9.26111e-15
3.327158358e+00  2.3156121e-12  2.31561e-12  2.30693e-12  8.68615e-15
3.343794149e+00  2.4299136e-12  2.42991e-12  2.42192e-12  7.99571e-15
3.360513120e+00  2.5427322e-12  2.54273e-12  2.53555e-12  7.17925e-15
3.377315686e+00  2.6541575e-12  2.65416e-12  2.64793e-12  6.22393e-15
3.394202264e+00  2.7528622e-12  2.75286e-12  2.74762e-12  5.24534e-15
3.411173276e+00  2.7756586e-12  2.77566e-12  2.77064e-12  5.02268e-15
3.428229142e+00  2.7980914e-12  2.79809e-12  2.79334e-12  4.74974e-15
3.445370288e+00  2.8201253e-12  2.82013e-12  2.81570e-12  4.42212e-15
3.462597139e+00  2.8417257e-12  2.84173e-12  2.83769e-12  4.03519e-15
3.479910125e+00  2.8629502e-12  2.86295e-12  2.85937e-12  3.58262e-15
3.497309675e+00  2.8837632e-12  2.88376e-12  2.88070e-12  3.05906e-15
3.514796224e+00  2.8739606e-12  2.87396e-12  2.87096e-12  3.00159e-15
3.532370205e+00  2.8586653e-12  2.85867e-12  2.85563e-12  3.03034e-15
3.550032056e+00  2.8434229e-12  2.84342e-12  2.84037e-12  3.05092e-15
3.567782216e+00  2.8282615e-12  2.82826e-12  2.82520e-12  3.06176e-15
3.585621127e+00  2.8131217e-12  2.81312e-12  2.81006e-12  3.06306e-15
3.603549233e+00  2.7980600e-12  2.79806e-12  2.79501e-12  3.05246e-15
3.621566979e+00  2.7830745e-12  2.78307e-12  2.78005e-12  3.02867e-15
3.639674814e+00  2.7681072e-12  2.76811e-12  2.76512e-12  2.99192e-15
3.657873188e+00  2.7532128e-12  2.75321e-12  2.75027e-12  2.93935e-15
3.676162554e+00  2.7383616e-12  2.73836e-12  2.73549e-12  2.87030e-15
3.694543367e+00  2.7235794e-12  2.72358e-12  2.72080e-12  2.78237e-15
3.713016084e+00  2.7088366e-12  2.70884e-12  2.70616e-12  2.67479e-15
3.731581164e+00  2.6941316e-12  2.69413e-12  2.69159e-12  2.54590e-15
3.750239070e+00  2.6793573e-12  2.67936e-12  2.67696e-12  2.39820e-15
3.768990265e+00  2.6565775e-12  2.65658e-12  2.65400e-12  2.57599e-15
3.787835216e+00  2.6339789e-12  2.63398e-12  2.63121e-12  2.76493e-15
3.806774393e+00  2.6115357e-12  2.61154e-12  2.60857e-12  2.96685e-15
3.825808265e+00  2.5892736e-12  2.58927e-12  2.58609e-12  3.18121e-15
3.844937306e+00  2.5671925e-12  2.56719e-12  2.56378e-12  3.40868e-15
3.864161992e+00  2.5452922e-12  2.54529e-12  2.54164e-12  3.64989e-15
3.883482802e+00  2.5235482e-12  2.52355e-12  2.51964e-12  3.90708e-15
3.902900216e+00  2.5020093e-12  2.50201e-12  2.49783e-12  4.17798e-15
3.922414717e+00  2.4806269e-12  2.48063e-12  2.47616e-12  4.46648e-15
3.942026791e+00  2.4594019e-12  2.45940e-12  2.45463e-12  4.77359e-15
3.961736925e+00  2.4383815e-12  2.43838e-12  2.43328e-12  5.09668e-15
3.981545610e+00  2.4175189e-12  2.41752e-12  2.41208e-12  5.44023e-15
4.001453338e+00  2.3966571e-12  2.39666e-12  2.39084e-12  5.81966e-15
4.021460604e+00  2.3737321e-12  2.37373e-12  2.36730e-12  6.43698e-15
4.041567907e+00  2.3510328e-12  2.35103e-12  2.34393e-12  7.10026e-15
4.061775747e+00  2.3285609e-12  2.32856e-12  2.32075e-12  7.81214e-15
4.082084626e+00  2.3063186e-12  2.30632e-12  2.29774e-12  8.57540e-15
4.102495049e+00  2.2843080e-12  2.28431e-12  2.27492e-12  9.39295e-15
4.123007524e+00  2.2625520e-12  2.26255e-12  2.25229e-12  1.02651e-14
4.143622562e+00  2.2410316e-12  2.24103e-12  2.22983e-12  1.11975e-14
4.164340674e+00  2.2197494e-12  2.21975e-12  2.20756e-12  1.21934e-14
4.185162378e+00  2.1987081e-12  2.19871e-12  2.18545e-12  1.32562e-14
4.206088190e+00  2.1779102e-12  2.17791e-12  2.16352e-12  1.43894e-14
4.227118631e+00  2.1573779e-12  2.15738e-12  2.14178e-12  1.55934e-14
4.248254224e+00  2.1370757e-12  2.13708e-12  2.12020e-12  1.68786e-14
4.269495495e+00  2.1170445e-12  2.11704e-12  2.09880e-12  1.82421e-14
4.290842972e+00  2.0972687e-12  2.09727e-12  2.07758e-12  1.96914e-14
4.312297187e+00  2.0777516e-12  2.07775e-12  2.05652e-12  2.12308e-14
4.333858673e+00  2.0585144e-12  2.05851e-12  2.03565e-12  2.28605e-14
4.355527967e+00  2.0395257e-12  2.03953e-12  2.01493e-12  2.45934e-14
4.377305606e+00  2.0208237e-12  2.02082e-12  1.99440e-12  2.64256e-14
4.399192134e+00  2.0023791e-12  2.00238e-12  1.97401e-12  2.83710e-14
4.421188095e+00  1.9842290e-12  1.98423e-12  1.95380e-12  3.04256e-14
4.443294036e+00  1.9663612e-12  1.96636e-12  1.93376e-12  3.25990e-14
4.465510506e+00  1.9487804e-12  1.94878e-12  1.91388e-12  3.48967e-14
4.487838058e+00  1.9315061e-12  1.93151e-12  1.89419e-12  3.73189e-14
4.510277249e+00  1.9169221e-12  1.91692e-12  1.87801e-12  3.89088e-14
4.532828635e+00  1.9052897e-12  1.90529e-12  1.86593e-12  3.93549e-14
4.555492778e+00  1.8936867e-12  1.89369e-12  1.85393e-12  3.97556e-14
4.578270242e+00  1.8821219e-12  1.88212e-12  1.84202e-12  4.01002e-14
4.601161593e+00  1.8705639e-12  1.87056e-12  1.83017e-12  4.03975e-14
4.624167401e+00  1.8590213e-12  1.85902e-12  1.81838e-12  4.06365e-14
4.647288238e+00  1.8475009e-12  1.84750e-12  1.80670e-12  4.08055e-14
4.670524679e+00  1.8359734e-12  1.83597e-12  1.79506e-12  4.09139e-14
4.693877303e+00  1.8244455e-12  1.82445e-12  1.78350e-12  4.09497e-14
4.717346689e+00  1.8129116e-12  1.81291e-12  1.77200e-12  4.09076e-14
4.740933423e+00  1.8013657e-12  1.80137e-12  1.76058e-12  4.07823e-14
4.764638090e+00  1.7898020e-12  1.78980e-12  1.74923e-12  4.05680e-14
4.788461280e+00  1.7782229e-12  1.77822e-12  1.73797e-12  4.02497e-14
4.812403587e+00  1.7666037e-12  1.76660e-12  1.72676e-12  3.98395e-14
4.836465604e+00  1.7549469e-12  1.75495e-12  1.71562e-12  3.93220e-14
4.860647933e+00  1.7432456e-12  1.74325e-12  1.70455e-12  3.86908e-14
4.884951172e+00  1.7314927e-12  1.73149e-12  1.69355e-12  3.79392e-14
4.909375928e+00  1.7196807e-12  1.71968e-12  1.68262e-12  3.70600e-14
4.933922808e+00  1.7078078e-12  1.70781e-12  1.67177e-12  3.60347e-14
4.958592422e+00  1.6958539e-12  1.69585e-12  1.66098e-12  3.48781e-14
4.983385384e+00  1.6838172e-12  1.68382e-12  1.65025e-12  3.35716e-14
5.008302311e+00  1.6713047e-12  1.67130e-12  1.63802e-12  3.32869e-14
5.033343822e+00  1.6581283e-12  1.65813e-12  1.62271e-12  3.54137e-14
5.058510541e+00  1.6451815e-12  1.64518e-12  1.60754e-12  3.76396e-14
5.083803094e+00  1.6324666e-12  1.63247e-12  1.59250e-12  3.99677e-14
5.109222110e+00  1.6199845e-12  1.61998e-12  1.57757e-12  4.24161e-14
5.134768220e+00  1.6077406e-12  1.60774e-12  1.56277e-12  4.49747e-14
5.160442061e+00  1.5957370e-12  1.59574e-12  1.54807e-12  4.76624e-14
5.186244272e+00  1.5839780e-12  1.58398e-12  1.53353e-12  5.04523e-14
5.212175493e+00  1.5724671e-12  1.57247e-12  1.51907e-12  5.33964e-14
5.238236370e+00  1.5612064e-12  1.56121e-12  1.50476e-12  5.64501e-14
5.264427552e+00  1.5502013e-12  1.55020e-12  1.49055e-12  5.96511e-14
5.290749690e+00  1.5394540e-12  1.53945e-12  1.47647e-12  6.29867e-14
5.317203438e+00  1.5289712e-12  1.52897e-12  1.46249e-12  6.64798e-14
5.343789456e+00  1.5187539e-12  1.51875e-12  1.44864e-12  7.01167e-14
5.370508403e+00  1.5088104e-12  1.50881e-12  1.43489e-12  7.39216e-14
5.397360945e+00  1.4991405e-12  1.49914e-12  1.42126e-12  7.78800e-14
5.424347750e+00  1.4897475e-12  1.48975e-12  1.40775e-12  8.19961e-14
5.451469488e+00  1.4806425e-12  1.48064e-12  1.39435e-12  8.62963e-14
5.478726836e+00  1.4718229e-12  1.47182e-12  1.38106e-12  9.07644e-14
5.506120470e+00  1.4638534e-12  1.46385e-12  1.36702e-12  9.68354e-14
5.533651072e+00  1.4584060e-12  1.45841e-12  1.35011e-12  1.08294e-13
5.561319328e+00  1.4537445e-12  1.45374e-12  1.33336e-12  1.20384e-13
5.589125924e+00  1.4498787e-12  1.44988e-12  1.31678e-12  1.33103e-13
5.617071554e+00  1.4468534e-12  1.44685e-12  1.30033e-12  1.46523e-13
5.645156912e+00  1.4446667e-12  1.44467e-12  1.28405e-12  1.60617e-13
5.673382696e+00  1.4433531e-12  1.44335e-12  1.26792e-12  1.75434e-13
5.701749610e+00  1.4429362e-12  1.44294e-12  1.25194e-12  1.90998e-13
5.730258358e+00  1.4434397e-12  1.44344e-12  1.23611e-12  2.07334e-13
5.758909650e+00  1.4448705e-12  1.44487e-12  1.22043e-12  2.24436e-13
5.787704198e+00  1.4472869e-12  1.44729e-12  1.20490e-12  2.42391e-13
5.816642719e+00  1.4506784e-12  1.45068e-12  1.18952e-12  2.61162e-13
5.845725932e+00  1.4550876e-12  1.45509e-12  1.17428e-12  2.80807e-13
5.874954562e+00  1.4605404e-12  1.46054e-12  1.15919e-12  3.01351e-13
5.904329335e+00  1.4670630e-12  1.46706e-12  1.14424e-12  3.22823e-13
5.933850982e+00  1.4746586e-12  1.47466e-12  1.12944e-12  3.45214e-13
5.963520237e+00  1.4834000e-12  1.48340e-12  1.11478e-12  3.68622e-13
5.993337838e+00  1.4932666e-12  1.49327e-12  1.10026e-12  3.93003e-13
6.023304527e+00  1.4977486e-12  1.49775e-12  1.08887e-12  4.08881e-13
6.053421050e+00  1.5008941e-12  1.50089e-12  1.07841e-12  4.22481e-13
6.083688155e+00  1.5044487e-12  1.50445e-12  1.06806e-12  4.36384e-13
6.114106596e+00  1.5084737e-12  1.50847e-12  1.05780e-12  4.50677e-13
6.144677129e+00  1.5129455e-12  1.51295e-12  1.04762e-12  4.65325e-13
6.175400514e+00  1.5179010e-12  1.51790e-12  1.03752e-12  4.80377e-13
6.206277517e+00  1.5213147e-12  1.52131e-12  1.02820e-12  4.93115e-13
6.237308904e+00  1.5168543e-12  1.51685e-12  1.02162e-12  4.95239e-13
6.268495449e+00  1.5120816e-12  1.51208e-12  1.01507e-12  4.97008e-13
6.299837926e+00  1.5070181e-12  1.50702e-12  1.00856e-12  4.98456e-13
6.331337116e+00  1.5015733e-12  1.50157e-12  1.00210e-12  4.99471e-13
6.362993801e+00  1.4957670e-12  1.49577e-12  9.95684e-13  5.00083e-13
6.394808770e+00  1.4895824e-12  1.48958e-12  9.89305e-13  5.00277e-13
6.426782814e+00  1.4829592e-12  1.48296e-12  9.82978e-13  4.99982e-13
6.458916728e+00  1.4759649e-12  1.47596e-12  9.76679e-13  4.99286e-13
6.491211312e+00  1.4684945e-12  1.46849e-12  9.70431e-13  4.98064e-13
6.523667368e+00  1.4669517e-12  1.46695e-12  9.62798e-13  5.04154e-13
6.556285705e+00  1.4678119e-12  1.46781e-12  9.54696e-13  5.13116e-13
6.589067134e+00  1.4687306e-12  1.46873e-12  9.46667e-13  5.22064e-13
6.622012469e+00  1.4697517e-12  1.46975e-12  9.38700e-13  5.31051e-13
6.655122532e+00  1.4708718e-12  1.47087e-12  9.30796e-13  5.40076e-13
6.688398144e+00  1.4720329e-12  1.47203e-12  9.22963e-13  5.49070e-13
6.721840135e+00  1.4733393e-12  1.47334e-12  9.15181e-13  5.58159e-13
6.755449336e+00  1.4746766e-12  1.47468e-12  9.07469e-13  5.67208e-13
6.789226583e+00  1.4760958e-12  1.47610e-12  8.99818e-13  5.76278e-13
6.823172715e+00  1.4775322e-12  1.47753e-12  8.92236e-13  5.85297e-13
6.857288579e+00  1.4791024e-12  1.47910e-12  8.84703e-13  5.94399e-13
6.891575022e+00  1.4806790e-12  1.48068e-12  8.77239e-13  6.03440e-13
6.926032897e+00  1.4823190e-12  1.48232e-12  8.69833e-13  6.12486e-13
6.960663062e+00  1.4839511e-12  1.48395e-12  8.62495e-13  6.21456e-13
6.995466377e+00  1.4856351e-12  1.48564e-12  8.55214e-13  6.30421e-13
7.030443709e+00  1.4874380e-12  1.48744e-12  8.47981e-13  6.39457e-13
7.065595927e+00  1.4891430e-12  1.48914e-12  8.40822e-13  6.48321e-13
7.100923907e+00  1.4909584e-12  1.49096e-12  8.33711e-13  6.57247e-13
7.136428526e+00  1.4927330e-12  1.49273e-12  8.26665e-13  6.66068e-13
7.172110669e+00  1.4945350e-12  1.49454e-12  8.19674e-13  6.74861e-13
7.207971222e+00  1.4959619e-12  1.49596e-12  8.12782e-13  6.83180e-13
7.244011079e+00  1.4957597e-12  1.49576e-12  8.06118e-13  6.89641e-13
7.280231134e+00  1.4953967e-12  1.49540e-12  7.99514e-13  6.95883e-13
7.316632290e+00  1.4949467e-12  1.49495e-12  7.92959e-13  7.01988e-13
7.353215451e+00  1.4944039e-12  1.49440e-12  7.86453e-13  7.07951e-13
7.389981528e+00  1.4937623e-12  1.49376e-12  7.79997e-13  7.13766e-13
7.426931436e+00  1.4929254e-12  1.49293e-12  7.73598e-13  7.19328e-13
7.464066093e+00  1.4918814e-12  1.49188e-12  7.67255e-13  7.24626e-13
7.501386424e+00  1.4908082e-12  1.49081e-12  7.60953e-13  7.29856e-13
7.538893356e+00  1.4895122e-12  1.48951e-12  7.54706e-13  7.34806e-13
7.576587822e+00  1.4879817e-12  1.48798e-12  7.48514e-13  7.39467e-13
7.614470762e+00  1.4863054e-12  1.48631e-12  7.42370e-13  7.43936e-13
7.652543115e+00  1.4844774e-12  1.48448e-12  7.36272e-13  7.48206e-13
7.690805831e+00  1.4823872e-12  1.48239e-12  7.30228e-13  7.52160e-13
7.729259860e+00  1.4801295e-12  1.48013e-12  7.24229e-13  7.55900e-13
7.767906159e+00  1.4775895e-12  1.47759e-12  7.18284e-13  7.59305e-13
7.806745690e+00  1.4748661e-12  1.47487e-12  7.12385e-13  7.62481e-13
7.845779419e+00  1.4719534e-12  1.47195e-12  7.06530e-13  7.65424e-13
7.885008316e+00  1.4687305e-12  1.46873e-12  7.00727e-13  7.68004e-13
7.924433357e+00  1.4585155e-12  1.45852e-12  6.95397e-13  7.63118e-13
7.964055524e+00  1.4436738e-12  1.44367e-12  6.90361e-13  7.53313e-13
8.003875802e+00  1.4280969e-12  1.42810e-12  6.85363e-13  7.42734e-13
8.043895181e+00  1.4117690e-12  1.41177e-12  6.80403e-13  7.31366e-13
8.084114657e+00  1.3946745e-12  1.39467e-12  6.75481e-13  7.19194e-13
8.124535230e+00  1.3767978e-12  1.37680e-12  6.70596e-13  7.06202e-13
8.165157906e+00  1.3581236e-12  1.35812e-12  6.65748e-13  6.92375e-13
8.205983696e+00  1.3415433e-12  1.34154e-12  6.60785e-13  6.80759e-13
8.247013614e+00  1.3412922e-12  1.34129e-12  6.54986e-13  6.86306e-13
8.288248682e+00  1.3408594e-12  1.34086e-12  6.49242e-13  6.91617e-13
8.329689926e+00  1.3405124e-12  1.34051e-12  6.43539e-13  6.96973e-13
8.371338375e+00  1.3399727e-12  1.33997e-12  6.37890e-13  7.02082e-13
8.413195067e+00  1.3393736e-12  1.33937e-12  6.32289e-13  7.07085e-13
8.455261042e+00  1.3387118e-12  1.33871e-12  6.26733e-13  7.11979e-13
8.497537348e+00  1.3379841e-12  1.33798e-12  6.21224e-13  7.16760e-13
8.540025034e+00  1.3403388e-12  1.34034e-12  6.15625e-13  7.24713e-13
8.582725160e+00  1.3430221e-12  1.34302e-12  6.10062e-13  7.32960e-13
8.625638785e+00  1.3455813e-12  1.34558e-12  6.04552e-13  7.41029e-13
8.668766979e+00  1.3481637e-12  1.34816e-12  5.99090e-13  7.49073e-13
8.712110814e+00  1.3518818e-12  1.35188e-12  5.93632e-13  7.58250e-13
8.755671368e+00  1.3585589e-12  1.35856e-12  5.88110e-13  7.70449e-13
8.799449725e+00  1.3652042e-12  1.36520e-12  5.82643e-13  7.82561e-13
8.843446974e+00  1.3721408e-12  1.37214e-12  5.77219e-13  7.94922e-13
8.887664209e+00  1.3790367e-12  1.37904e-12  5.71849e-13  8.07188e-13
8.932102530e+00  1.3862245e-12  1.38622e-12  5.66521e-13  8.19704e-13
8.976763042e+00  1.3933625e-12  1.39336e-12  5.61246e-13  8.32117e-13
9.021646857e+00  1.4002659e-12  1.40027e-12  5.56030e-13  8.44236e-13
9.066755092e+00  1.4067404e-12  1.40674e-12  5.50878e-13  8.55863e-13
9.112088867e+00  1.4131232e-12  1.41312e-12  5.45777e-13  8.67346e-13
9.157649312e+00  1.4197701e-12  1.41977e-12  5.40715e-13  8.79055e-13
9.203437558e+00  1.4259457e-12  1.42595e-12  5.35716e-13  8.90230e-13
9.249454746e+00  1.4282529e-12  1.42825e-12  5.30878e-13  8.97375e-13
9.295702020e+00  1.4305254e-12  1.43053e-12  5.26081e-13  9.04444e-13
9.342180530e+00  1.4325686e-12  1.43257e-12  5.21331e-13  9.11237e-13
9.388891432e+00  1.4345675e-12  1.43457e-12  5.16623e-13  9.17945e-13
9.435835890e+00  1.4365195e-12  1.43652e-12  5.11955e-13  9.24565e-13
9.483015069e+00  1.4386216e-12  1.43862e-12  5.07322e-13  9.31300e-13
9.530430144e+00  1.4386603e-12  1.43866e-12  5.02781e-13  9.35879e-13
9.578082295e+00  1.4377862e-12  1.43779e-12  4.98301e-13  9.39485e-13
9.625972707e+00  1.4365877e-12  1.43659e-12  4.93864e-13  9.42724e-13
9.674102570e+00  1.4354730e-12  1.43547e-12  4.89459e-13  9.46014e-13
9.722473083e+00  1.4340248e-12  1.43402e-12  4.85097e-13  9.48928e-13
9.771085448e+00  1.4324475e-12  1.43245e-12  4.80772e-13  9.51675e-13
9.819940876e+00  1.4359195e-12  1.43592e-12  4.76365e-13  9.59555e-13
9.869040580e+00  1.4474458e-12  1.44745e-12  4.71814e-13  9.75632e-13
9.918385783e+00  1.4591244e-12  1.45912e-12  4.67304e-13  9.91820e-13
9.967977712e+00  1.4709525e-12  1.47095e-12  4.62836e-13  1.00812e-12
1.001781760e+01  1.5106365e-12  1.51064e-12  4.57820e-13  1.05282e-12
1.006790669e+01  1.6013446e-12  1.60134e-12  4.51804e-13  1.14954e-12
1.011824622e+01  1.6942611e-12  1.69426e-12  4.45850e-13  1.24841e-12
1.016883745e+01  1.7893910e-12  1.78939e-12  4.39956e-13  1.34943e-12
1.021968164e+01  1.8867386e-12  1.88674e-12  4.34123e-13  1.45262e-12
1.027078005e+01  1.9863075e-12  1.98631e-12  4.28350e-13  1.55796e-12
1.032213395e+01  2.0881006e-12  2.08810e-12  4.22636e-13  1.66546e-12
1.037374462e+01  2.1918785e-12  2.19188e-12  4.16986e-13  1.77489e-12
1.042561334e+01  2.2981233e-12  2.29812e-12  4.11390e-13  1.88673e-12
1.047774141e+01  2.4063502e-12  2.40635e-12  4.05856e-13  2.00049e-12
1.053013012e+01  2.5170493e-12  2.51705e-12  4.00374e-13  2.11667e-12
1.058278077e+01  2.6297251e-12  2.62973e-12  3.94955e-13  2.23477e-12
1.063569467e+01  2.8235342e-12  2.82353e-12  3.88253e-13  2.43528e-12
1.068887314e+01  3.0357647e-12  3.03576e-12  3.81386e-13  2.65438e-12
1.074231751e+01  3.2526353e-12  3.25264e-12  3.74592e-13  2.87804e-12
1.079602910e+01  3.4738902e-12  3.47389e-12  3.67873e-13  3.10602e-12
1.085000924e+01  3.6992633e-12  3.69926e-12  3.61233e-13  3.33803e-12
1.090425929e+01  3.9290061e-12  3.92901e-12  3.54668e-13  3.57434e-12
1.095878058e+01  4.1631112e-12  4.16311e-12  3.48176e-13  3.81494e-12
1.101357449e+01  4.4069383e-12  4.40694e-12  3.41678e-13  4.06526e-12
1.106864236e+01  4.6711596e-12  4.67116e-12  3.35018e-13  4.33614e-12
1.112398557e+01  4.9400521e-12  4.94005e-12  3.28437e-13  4.61161e-12
1.117960550e+01  5.2138740e-12  5.21387e-12  3.21929e-13  4.89194e-12
1.123550353e+01  5.4923366e-12  5.49234e-12  3.15498e-13  5.17684e-12
1.129168104e+01  5.7754201e-12  5.77542e-12  3.09142e-13  5.46628e-12
1.134813945e+01  6.0633844e-12  6.06338e-12  3.02859e-13  5.76053e-12
1.140488015e+01  6.3562128e-12  6.35621e-12  2.96645e-13  6.05957e-12
1.146190455e+01  6.6536016e-12  6.65360e-12  2.90506e-13  6.36310e-12
1.151921407e+01  6.9098309e-12  6.90983e-12  2.85028e-13  6.62480e-12
1.157681014e+01  7.0775988e-12  7.07760e-12  2.80777e-13  6.79682e-12
1.163469419e+01  7.2476308e-12  7.24763e-12  2.76569e-13  6.97106e-12
1.169286766e+01  7.4196212e-12  7.41962e-12  2.72407e-13  7.14721e-12
1.175133200e+01  7.5935512e-12  7.59355e-12  2.68291e-13  7.32526e-12
1.181008866e+01  7.7696985e-12  7.76970e-12  2.64217e-13  7.50548e-12
1.186913910e+01  7.9474502e-12  7.94745e-12  2.60192e-13  7.68726e-12
1.192848480e+01  8.1273822e-12  8.12738e-12  2.56208e-13  7.87117e-12
1.198812722e+01  8.3091756e-12  8.30918e-12  2.52268e-13  8.05691e-12
1.204806786e+01  8.4931133e-12  8.49311e-12  2.48369e-13  8.24474e-12
1.210830820e+01  8.6785645e-12  8.67856e-12  2.44517e-13  8.43405e-12
1.216884974e+01  8.8661175e-12  8.86612e-12  2.40704e-13  8.62541e-12
1.222969399e+01  9.0554436e-12  9.05544e-12  2.36935e-13  8.81851e-12
1.229084246e+01  9.2465180e-12  9.24652e-12  2.33207e-13  9.01331e-12
1.235229667e+01  9.4396299e-12  9.43963e-12  2.29519e-13  9.21011e-12
1.241405815e+01  9.6344429e-12  9.63444e-12  2.25873e-13  9.40857e-12
1.247612845e+01  9.8309307e-12  9.83093e-12  2.22268e-13  9.60866e-12
1.253850909e+01  9.9290954e-12  9.92910e-12  2.19687e-13  9.70941e-12
1.260120163e+01  9.9645579e-12  9.96456e-12  2.17742e-13  9.74682e-12
1.266420764e+01  9.9992594e-12  9.99926e-12  2.15814e-13  9.78345e-12
1.272752868e+01  1.0032871e-11  1.00329e-11  2.13905e-13  9.81897e-12
1.279116632e+01  1.0065708e-11  1.00657e-11  2.12012e-13  9.85370e-12
1.285512215e+01  1.0098096e-11  1.00981e-11  2.10133e-13  9.88796e-12
1.291939776e+01  1.0129047e-11  1.01290e-11  2.08276e-13  9.92077e-12
1.298399475e+01  1.0159541e-11  1.01595e-11  2.06431e-13  9.95311e-12
1.304891473e+01  1.0109137e-11  1.01091e-11  2.05304e-13  9.90383e-12
1.311415930e+01  1.0030159e-11  1.00302e-11  2.04414e-13  9.82575e-12
1.317973010e+01  9.9490911e-12  9.94909e-12  2.03524e-13  9.74557e-12
1.324562875e+01  9.8652744e-12  9.86527e-12  2.02641e-13  9.66263e-12
1.331185689e+01  9.7793933e-12  9.77939e-12  2.01759e-13  9.57763e-12
1.337841618e+01  9.6911251e-12  9.69113e-12  2.00880e-13  9.49024e-12
1.344530826e+01  9.6004831e-12  9.60048e-12  2.00005e-13  9.40048e-12
1.351253480e+01  9.5078240e-12  9.50782e-12  1.99131e-13  9.30869e-12
1.358009747e+01  9.4124787e-12  9.41248e-12  1.98263e-13  9.21422e-12
1.364799796e+01  9.3151493e-12  9.31515e-12  1.97396e-13  9.11775e-12
1.371623795e+01  9.2151625e-12  9.21516e-12  1.96535e-13  9.01863e-12
1.378481914e+01  9.1132272e-12  9.11323e-12  1.95675e-13  8.91755e-12
1.385374323e+01  9.0090153e-12  9.00902e-12  1.94818e-13  8.81420e-12
1.392301195e+01  8.9025450e-12  8.90255e-12  1.93965e-13  8.70858e-12
1.399262701e+01  8.7938351e-12  8.79384e-12  1.93114e-13  8.60072e-12
1.406259015e+01  8.6067182e-12  8.60672e-12  1.92813e-13  8.41390e-12
1.413290310e+01  8.4077010e-12  8.40770e-12  1.92570e-13  8.21513e-12
1.420356761e+01  8.2052523e-12  8.20525e-12  1.92324e-13  8.01293e-12
1.427458545e+01  7.9997613e-12  7.99976e-12  1.92072e-13  7.80769e-12
1.434595838e+01  7.7916224e-12  7.79162e-12  1.91812e-13  7.59981e-12
1.441768817e+01  7.5798022e-12  7.57980e-12  1.91551e-13  7.38825e-12
1.448977661e+01  7.3654111e-12  7.36541e-12  1.91282e-13  7.17413e-12
1.456222549e+01  7.1477711e-12  7.14777e-12  1.91011e-13  6.95676e-12
1.463503662e+01  6.9276421e-12  6.92764e-12  1.90731e-13  6.73691e-12
1.470821180e+01  6.7039816e-12  6.70398e-12  1.90450e-13  6.51353e-12
1.478175286e+01  6.4779149e-12  6.47791e-12  1.90162e-13  6.28775e-12
1.485566163e+01  6.2938978e-12  6.29390e-12  1.89589e-13  6.10431e-12
1.492993994e+01  6.1223742e-12  6.12237e-12  1.88923e-13  5.93345e-12
1.500458964e+01  5.9532416e-12  5.95324e-12  1.88231e-13  5.76501e-12
1.507961258e+01  5.8562101e-12  5.85621e-12  1.87091e-13  5.66912e-12
1.515501065e+01  5.7575890e-12  5.75759e-12  1.85961e-13  5.57163e-12
1.523078570e+01  5.6577647e-12  5.65776e-12  1.84837e-13  5.47293e-12
1.530693963e+01  5.5567577e-12  5.55676e-12  1.83719e-13  5.37304e-12
1.538347433e+01  5.4542197e-12  5.45422e-12  1.82609e-13  5.27161e-12
1.546039170e+01  5.3501697e-12  5.35017e-12  1.81508e-13  5.16866e-12
1.553769366e+01  5.2453692e-12  5.24537e-12  1.80411e-13  5.06496e-12
1.561538212e+01  5.1387270e-12  5.13873e-12  1.79324e-13  4.95940e-12
1.569345903e+01  5.0310059e-12  5.03101e-12  1.78243e-13  4.85276e-12
1.577192633e+01  4.9218552e-12  4.92186e-12  1.77170e-13  4.74469e-12
1.585078596e+01  4.8116692e-12  4.81167e-12  1.76103e-13  4.63557e-12
1.593003989e+01  4.7004704e-12  4.70047e-12  1.75042e-13  4.52543e-12
1.600969009e+01  4.5879073e-12  4.58791e-12  1.73989e-13  4.41392e-12
1.608973854e+01  4.4740013e-12  4.47400e-12  1.72943e-13  4.30106e-12
1.617018723e+01  4.3587744e-12  4.35877e-12  1.71905e-13  4.18687e-12
1.625103817e+01  4.2430000e-12  4.24300e-12  1.70871e-13  4.07213e-12
1.633229336e+01  4.1255745e-12  4.12557e-12  1.69846e-13  3.95573e-12
1.641395483e+01  4.0166862e-12  4.01669e-12  1.68780e-13  3.84791e-12
1.649602460e+01  3.9525692e-12  3.95257e-12  1.67495e-13  3.78507e-12
1.657850473e+01  3.8880969e-12  3.88810e-12  1.66219e-13  3.72188e-12
1.666139725e+01  3.8229058e-12  3.82291e-12  1.64954e-13  3.65795e-12
1.674470424e+01  3.7570090e-12  3.75701e-12  1.63699e-13  3.59331e-12
1.682842776e+01  3.6900416e-12  3.69004e-12  1.62456e-13  3.52759e-12
1.691256990e+01  3.6231512e-12  3.62315e-12  1.61220e-13  3.46193e-12
1.699713274e+01  3.5552169e-12  3.55522e-12  1.59996e-13  3.39522e-12
1.708211841e+01  3.4866305e-12  3.48663e-12  1.58782e-13  3.32785e-12
1.716752900e+01  3.4174056e-12  3.41741e-12  1.57578e-13  3.25983e-12
1.725336665e+01  3.3377016e-12  3.33770e-12  1.56428e-13  3.18127e-12
1.733963348e+01  3.2513149e-12  3.25131e-12  1.55315e-13  3.09600e-12
1.742633165e+01  3.1639453e-12  3.16395e-12  1.54211e-13  3.00973e-12
1.751346330e+01  3.0763682e-12  3.07637e-12  1.53114e-13  2.92325e-12
1.760103062e+01  2.9878420e-12  2.98784e-12  1.52027e-13  2.83581e-12
1.768903577e+01  2.8987633e-12  2.89876e-12  1.50948e-13  2.74781e-12
1.777748095e+01  2.8091491e-12  2.80915e-12  1.49877e-13  2.65927e-12
1.786636836e+01  2.7190168e-12  2.71902e-12  1.48815e-13  2.57020e-12
1.795570020e+01  2.6280042e-12  2.62800e-12  1.47761e-13  2.48024e-12
1.804547870e+01  2.5543284e-12  2.55433e-12  1.46642e-13  2.40769e-12
1.813570609e+01  2.4972345e-12  2.49723e-12  1.45462e-13  2.35177e-12
1.822638462e+01  2.4396682e-12  2.43967e-12  1.44293e-13  2.29537e-12
1.831751655e+01  2.3820192e-12  2.38202e-12  1.43133e-13  2.23889e-12
1.840910413e+01  2.3239198e-12  2.32392e-12  1.41983e-13  2.18194e-12
1.850114965e+01  2.2657594e-12  2.26576e-12  1.40841e-13  2.12492e-12
1.859365540e+01  2.2393194e-12  2.23932e-12  1.39584e-13  2.09974e-12
1.868662368e+01  2.2124224e-12  2.21242e-12  1.38339e-13  2.07408e-12
1.878005679e+01  2.1854518e-12  2.18545e-12  1.37105e-13  2.04835e-12
1.887395708e+01  2.1584128e-12  2.15841e-12  1.35882e-13  2.02253e-12
1.896832686e+01  2.1313103e-12  2.13131e-12  1.34669e-13  1.99664e-12
1.906316850e+01  2.1037724e-12  2.10377e-12  1.33469e-13  1.97030e-12
1.915848434e+01  2.0761814e-12  2.07618e-12  1.32279e-13  1.94390e-12
1.925427676e+01  2.0481662e-12  2.04817e-12  1.31100e-13  1.91707e-12
1.935054815e+01  2.0204843e-12  2.02048e-12  1.29930e-13  1.89055e-12
1.944730089e+01  1.9923887e-12  1.99239e-12  1.28772e-13  1.86362e-12
1.954453739e+01  1.9638855e-12  1.96389e-12  1.27626e-13  1.83626e-12
1.964226008e+01  1.9353553e-12  1.93536e-12  1.26489e-13  1.80887e-12
1.974047138e+01  1.9068030e-12  1.90680e-12  1.25362e-13  1.78144e-12
1.983917374e+01  1.8782333e-12  1.87823e-12  1.24245e-13  1.75399e-12
1.993836960e+01  1.8492779e-12  1.84928e-12  1.23138e-13  1.72614e-12
2.003806145e+01  1.8069040e-12  1.80690e-12  1.22088e-13  1.68482e-12
2.013825176e+01  1.7418743e-12  1.74187e-12  1.21123e-13  1.62075e-12
2.023894302e+01  1.6769555e-12  1.67696e-12  1.20165e-13  1.55679e-12
2.034013773e+01  1.6117866e-12  1.61179e-12  1.19216e-13  1.49257e-12
2.044183842e+01  1.5467497e-12  1.54675e-12  1.18274e-13  1.42848e-12
2.054404761e+01  1.4811151e-12  1.48112e-12  1.17341e-13  1.36377e-12
2.064676785e+01  1.4156342e-12  1.41563e-12  1.16414e-13  1.29922e-12
2.075000169e+01  1.3499484e-12  1.34995e-12  1.15496e-13  1.23445e-12
2.085375170e+01  1.2840689e-12  1.28407e-12  1.14586e-13  1.16948e-12
2.095802046e+01  1.2180071e-12  1.21801e-12  1.13683e-13  1.10432e-12
2.106281056e+01  1.1517745e-12  1.15177e-12  1.12788e-13  1.03899e-12
2.116812461e+01  1.0853823e-12  1.08538e-12  1.11901e-13  9.73481e-13
2.127396524e+01  1.0192067e-12  1.01921e-12  1.11021e-13  9.08186e-13
2.138033506e+01  9.8239044e-13  9.82390e-13  1.10056e-13  8.72334e-13
2.148723674e+01  9.5549858e-13  9.55499e-13  1.09070e-13  8.46429e-13
2.159467292e+01  9.2868195e-13  9.28682e-13  1.08092e-13  8.20590e-13
2.170264629e+01  9.0158223e-13  9.01582e-13  1.07124e-13  7.94459e-13
2.181115952e+01  8.7456634e-13  8.74566e-13  1.06164e-13  7.68402e-13
2.192021532e+01  8.4727754e-13  8.47278e-13  1.05214e-13  7.42064e-13
2.202981639e+01  8.2008110e-13  8.20081e-13  1.04272e-13  7.15809e-13
2.213996547e+01  7.9298041e-13  7.92980e-13  1.03338e-13  6.89642e-13
2.225066530e+01  7.6597878e-13  7.65979e-13  1.02412e-13  6.63566e-13
2.236191863e+01  7.3872272e-13  7.38723e-13  1.01496e-13  6.37227e-13
2.247372822e+01  7.1157400e-13  7.11574e-13  1.00588e-13  6.10986e-13
2.258609686e+01  7.0050855e-13  7.00509e-13  9.96414e-14  6.00867e-13
2.269902735e+01  6.9442991e-13  6.94430e-13  9.86900e-14  5.95740e-13
2.281252248e+01  6.8870979e-13  6.88710e-13  9.77466e-14  5.90963e-13
2.292658510e+01  6.8264176e-13  6.82642e-13  9.68130e-14  5.85829e-13
2.304121802e+01  6.7658050e-13  6.76581e-13  9.58882e-14  5.80692e-13
2.315642411e+01  6.7087688e-13  6.70877e-13  9.49711e-14  5.75906e-13
2.327220623e+01  6.6483018e-13  6.64830e-13  9.40637e-14  5.70767e-13
2.338856726e+01  6.5879222e-13  6.58792e-13  9.31648e-14  5.65627e-13
2.350551010e+01  6.5276362e-13  6.52764e-13  9.22743e-14  5.60489e-13
2.362303765e+01  6.4674503e-13  6.46745e-13  9.13922e-14  5.55353e-13
2.374115284e+01  6.4073707e-13  6.40737e-13  9.05184e-14  5.50219e-13
2.385985860e+01  6.3474034e-13  6.34740e-13  8.96529e-14  5.45087e-13
2.397915789e+01  6.2875545e-13  6.28755e-13  8.87955e-14  5.39960e-13
2.409905368e+01  6.2278300e-13  6.22783e-13  8.79462e-14  5.34837e-13
2.421954895e+01  6.1682356e-13  6.16824e-13  8.71049e-14  5.29719e-13
2.434064670e+01  6.1087772e-13  6.10878e-13  8.62716e-14  5.24606e-13
2.446234993e+01  6.0460736e-13  6.04607e-13  8.54469e-14  5.19160e-13
2.458466168e+01  5.9869151e-13  5.98692e-13  8.46292e-14  5.14062e-13
2.470758499e+01  5.9245449e-13  5.92454e-13  8.38201e-14  5.08634e-13
2.483112291e+01  5.8657086e-13  5.86571e-13  8.30177e-14  5.03553e-13
2.495527853e+01  5.8036942e-13  5.80369e-13  8.22237e-14  4.98146e-13
