# ------------------------------------------------------------------------
# Radiance spectrum
# NASA-GSFC Planetary Spectrum Generator (PSG) (Villanueva et al. 2018, 2022)
# Synthesized on Sat Dec 23 00:12:56 2023
# Doppler velocities [km/s] (vobs,vrot+vorb,vwidth,vrfl,vstr): 0.00000,-0.00000,0.00000,-119.41115,-0.00000
# Spectral unit: Wavelength [um]
# Radiance unit: Spectral irradiance [W/m2/um]
# Wave/freq Total Object Reflected Thermal
5.000000000e-01  7.5354197e-12  7.53542e-12  7.53542e-12  0.00000e+00
5.025000000e-01  7.6110611e-12  7.61106e-12  7.61106e-12  0.00000e+00
5.050125000e-01  7.6865411e-12  7.68654e-12  7.68654e-12  0.00000e+00
5.075375625e-01  7.7618450e-12  7.76184e-12  7.76184e-12  0.00000e+00
5.100752503e-01  7.8369582e-12  7.83696e-12  7.83696e-12  0.00000e+00
5.126256266e-01  7.9118663e-12  7.91187e-12  7.91187e-12  0.00000e+00
5.151887547e-01  7.9865546e-12  7.98655e-12  7.98655e-12  0.00000e+00
5.177646985e-01  8.0610089e-12  8.06101e-12  8.06101e-12  0.00000e+00
5.203535220e-01  8.1352148e-12  8.13521e-12  8.13521e-12  0.00000e+00
5.229552896e-01  8.2091580e-12  8.20916e-12  8.20916e-12  0.00000e+00
5.255700660e-01  8.2828243e-12  8.28282e-12  8.28282e-12  0.00000e+00
5.281979164e-01  8.3561997e-12  8.35620e-12  8.35620e-12  0.00000e+00
5.308389059e-01  8.4292701e-12  8.42927e-12  8.42927e-12  0.00000e+00
5.334931005e-01  8.5020217e-12  8.50202e-12  8.50202e-12  0.00000e+00
5.361605660e-01  8.5744406e-12  8.57444e-12  8.57444e-12  0.00000e+00
5.388413688e-01  8.6465131e-12  8.64651e-12  8.64651e-12  0.00000e+00
5.415355756e-01  8.7182258e-12  8.71823e-12  8.71823e-12  0.00000e+00
5.442432535e-01  8.7895650e-12  8.78957e-12  8.78957e-12  0.00000e+00
5.469644698e-01  8.8605175e-12  8.86052e-12  8.86052e-12  0.00000e+00
5.496992921e-01  8.9310701e-12  8.93107e-12  8.93107e-12  0.00000e+00
5.524477886e-01  9.0012097e-12  9.00121e-12  9.00121e-12  0.00000e+00
5.552100275e-01  9.0709234e-12  9.07092e-12  9.07092e-12  0.00000e+00
5.579860777e-01  9.1401983e-12  9.14020e-12  9.14020e-12  0.00000e+00
5.607760081e-01  9.2090218e-12  9.20902e-12  9.20902e-12  0.00000e+00
5.635798881e-01  9.2773815e-12  9.27738e-12  9.27738e-12  0.00000e+00
5.663977875e-01  9.3452649e-12  9.34526e-12  9.34526e-12  0.00000e+00
5.692297765e-01  9.4126599e-12  9.41266e-12  9.41266e-12  0.00000e+00
5.720759254e-01  9.4795545e-12  9.47955e-12  9.47955e-12  0.00000e+00
5.749363050e-01  9.5459368e-12  9.54594e-12  9.54594e-12  0.00000e+00
5.778109865e-01  9.6117951e-12  9.61180e-12  9.61180e-12  0.00000e+00
5.807000414e-01  9.6771179e-12  9.67712e-12  9.67712e-12  0.00000e+00
5.836035417e-01  9.7418939e-12  9.74189e-12  9.74189e-12  0.00000e+00
5.865215594e-01  9.8061118e-12  9.80611e-12  9.80611e-12  0.00000e+00
5.894541672e-01  9.8697608e-12  9.86976e-12  9.86976e-12  0.00000e+00
5.924014380e-01  9.9328301e-12  9.93283e-12  9.93283e-12  0.00000e+00
5.953634452e-01  9.9953090e-12  9.99531e-12  9.99531e-12  0.00000e+00
5.983402624e-01  1.0057187e-11  1.00572e-11  1.00572e-11  0.00000e+00
6.013319637e-01  1.0118454e-11  1.01185e-11  1.01185e-11  0.00000e+00
6.043386235e-01  1.0179101e-11  1.01791e-11  1.01791e-11  0.00000e+00
6.073603167e-01  1.0239116e-11  1.02391e-11  1.02391e-11  0.00000e+00
6.103971182e-01  1.0298491e-11  1.02985e-11  1.02985e-11  0.00000e+00
6.134491038e-01  1.0357216e-11  1.03572e-11  1.03572e-11  0.00000e+00
6.165163494e-01  1.0415282e-11  1.04153e-11  1.04153e-11  0.00000e+00
6.195989311e-01  1.0472680e-11  1.04727e-11  1.04727e-11  0.00000e+00
6.226969258e-01  1.0529402e-11  1.05294e-11  1.05294e-11  0.00000e+00
6.258104104e-01  1.0585438e-11  1.05854e-11  1.05854e-11  0.00000e+00
6.289394624e-01  1.0640780e-11  1.06408e-11  1.06408e-11  0.00000e+00
6.320841597e-01  1.0695420e-11  1.06954e-11  1.06954e-11  0.00000e+00
6.352445805e-01  1.0749351e-11  1.07494e-11  1.07494e-11  0.00000e+00
6.384208035e-01  1.0802564e-11  1.08026e-11  1.08026e-11  0.00000e+00
6.416129075e-01  1.0855052e-11  1.08551e-11  1.08551e-11  0.00000e+00
6.448209720e-01  1.0906808e-11  1.09068e-11  1.09068e-11  0.00000e+00
6.480450769e-01  1.0957824e-11  1.09578e-11  1.09578e-11  0.00000e+00
6.512853022e-01  1.1008095e-11  1.10081e-11  1.10081e-11  0.00000e+00
6.545417288e-01  1.1057612e-11  1.10576e-11  1.10576e-11  0.00000e+00
6.578144374e-01  1.1106371e-11  1.11064e-11  1.11064e-11  0.00000e+00
6.611035096e-01  1.1154364e-11  1.11544e-11  1.11544e-11  0.00000e+00
6.644090271e-01  1.1201586e-11  1.12016e-11  1.12016e-11  0.00000e+00
6.677310723e-01  1.1248031e-11  1.12480e-11  1.12480e-11  0.00000e+00
6.710697276e-01  1.1293693e-11  1.12937e-11  1.12937e-11  0.00000e+00
6.744250763e-01  1.1338568e-11  1.13386e-11  1.13386e-11  0.00000e+00
6.777972017e-01  1.1382650e-11  1.13827e-11  1.13827e-11  0.00000e+00
6.811861877e-01  1.1425935e-11  1.14259e-11  1.14259e-11  0.00000e+00
6.845921186e-01  1.1468418e-11  1.14684e-11  1.14684e-11  0.00000e+00
6.880150792e-01  1.1510093e-11  1.15101e-11  1.15101e-11  0.00000e+00
6.914551546e-01  1.1550959e-11  1.15510e-11  1.15510e-11  0.00000e+00
6.949124304e-01  1.1591010e-11  1.15910e-11  1.15910e-11  0.00000e+00
6.983869925e-01  1.1630242e-11  1.16302e-11  1.16302e-11  0.00000e+00
7.018789275e-01  1.1668653e-11  1.16687e-11  1.16687e-11  0.00000e+00
7.053883221e-01  1.1706238e-11  1.17062e-11  1.17062e-11  0.00000e+00
7.089152637e-01  1.1742996e-11  1.17430e-11  1.17430e-11  0.00000e+00
7.124598400e-01  1.1778922e-11  1.17789e-11  1.17789e-11  0.00000e+00
7.160221392e-01  1.1814015e-11  1.18140e-11  1.18140e-11  0.00000e+00
7.196022499e-01  1.1848272e-11  1.18483e-11  1.18483e-11  0.00000e+00
7.232002612e-01  1.1881691e-11  1.18817e-11  1.18817e-11  0.00000e+00
7.268162625e-01  1.1914270e-11  1.19143e-11  1.19143e-11  0.00000e+00
7.304503438e-01  1.1946007e-11  1.19460e-11  1.19460e-11  0.00000e+00
7.341025955e-01  1.1976901e-11  1.19769e-11  1.19769e-11  0.00000e+00
7.377731085e-01  1.2006950e-11  1.20069e-11  1.20069e-11  0.00000e+00
7.414619740e-01  1.2036153e-11  1.20362e-11  1.20362e-11  0.00000e+00
7.451692839e-01  1.2064509e-11  1.20645e-11  1.20645e-11  0.00000e+00
7.488951303e-01  1.2092018e-11  1.20920e-11  1.20920e-11  0.00000e+00
7.526396060e-01  1.2118678e-11  1.21187e-11  1.21187e-11  0.00000e+00
7.564028040e-01  1.2144491e-11  1.21445e-11  1.21445e-11  0.00000e+00
7.601848180e-01  1.2169454e-11  1.21695e-11  1.21695e-11  0.00000e+00
7.639857421e-01  1.2193569e-11  1.21936e-11  1.21936e-11  0.00000e+00
7.678056708e-01  1.2216836e-11  1.22168e-11  1.22168e-11  0.00000e+00
7.716446992e-01  1.2239256e-11  1.22393e-11  1.22393e-11  0.00000e+00
7.755029227e-01  1.2260828e-11  1.22608e-11  1.22608e-11  0.00000e+00
7.793804373e-01  1.2281553e-11  1.22816e-11  1.22816e-11  0.00000e+00
7.832773395e-01  1.2301434e-11  1.23014e-11  1.23014e-11  0.00000e+00
7.871937262e-01  1.2320470e-11  1.23205e-11  1.23205e-11  0.00000e+00
7.911296948e-01  1.2338664e-11  1.23387e-11  1.23387e-11  0.00000e+00
7.950853433e-01  1.2356016e-11  1.23560e-11  1.23560e-11  0.00000e+00
7.990607700e-01  1.2372529e-11  1.23725e-11  1.23725e-11  0.00000e+00
8.030560739e-01  1.2388204e-11  1.23882e-11  1.23882e-11  0.00000e+00
8.070713542e-01  1.2403044e-11  1.24030e-11  1.24030e-11  0.00000e+00
8.111067110e-01  1.2417051e-11  1.24171e-11  1.24171e-11  0.00000e+00
8.151622446e-01  1.2430226e-11  1.24302e-11  1.24302e-11  0.00000e+00
8.192380558e-01  1.2442573e-11  1.24426e-11  1.24426e-11  0.00000e+00
8.233342461e-01  1.2454095e-11  1.24541e-11  1.24541e-11  0.00000e+00
8.274509173e-01  1.2464793e-11  1.24648e-11  1.24648e-11  0.00000e+00
8.315881719e-01  1.2474672e-11  1.24747e-11  1.24747e-11  0.00000e+00
8.357461127e-01  1.2483735e-11  1.24837e-11  1.24837e-11  0.00000e+00
8.399248433e-01  1.2491984e-11  1.24920e-11  1.24920e-11  0.00000e+00
8.441244675e-01  1.2499423e-11  1.24994e-11  1.24994e-11  0.00000e+00
8.483450899e-01  1.2506056e-11  1.25061e-11  1.25061e-11  0.00000e+00
8.525868153e-01  1.2511887e-11  1.25119e-11  1.25119e-11  0.00000e+00
8.568497494e-01  1.2516919e-11  1.25169e-11  1.25169e-11  0.00000e+00
8.611339981e-01  1.2521156e-11  1.25212e-11  1.25212e-11  0.00000e+00
8.654396681e-01  1.2524603e-11  1.25246e-11  1.25246e-11  0.00000e+00
8.697668665e-01  1.2527264e-11  1.25273e-11  1.25273e-11  0.00000e+00
8.741157008e-01  1.2529144e-11  1.25291e-11  1.25291e-11  0.00000e+00
8.784862793e-01  1.2530246e-11  1.25302e-11  1.25302e-11  0.00000e+00
8.828787107e-01  1.2530575e-11  1.25306e-11  1.25306e-11  0.00000e+00
8.872931042e-01  1.2530137e-11  1.25301e-11  1.25301e-11  0.00000e+00
8.917295698e-01  1.2528810e-11  1.25288e-11  1.25288e-11  9.43206e-33
8.961882176e-01  1.2526851e-11  1.25269e-11  1.25269e-11  1.19135e-32
9.006691587e-01  1.2524139e-11  1.25241e-11  1.25241e-11  1.50292e-32
9.051725045e-01  1.2520680e-11  1.25207e-11  1.25207e-11  1.89364e-32
9.096983670e-01  1.2516478e-11  1.25165e-11  1.25165e-11  2.38301e-32
9.142468589e-01  1.2511539e-11  1.25115e-11  1.25115e-11  2.99521e-32
9.188180931e-01  1.2505869e-11  1.25059e-11  1.25059e-11  3.76012e-32
9.234121836e-01  1.2499473e-11  1.24995e-11  1.24995e-11  4.71469e-32
9.280292445e-01  1.2492357e-11  1.24924e-11  1.24924e-11  5.90449e-32
9.326693908e-01  1.2484527e-11  1.24845e-11  1.24845e-11  7.38573e-32
9.373327377e-01  1.2475988e-11  1.24760e-11  1.24760e-11  9.22760e-32
9.420194014e-01  1.2466746e-11  1.24667e-11  1.24667e-11  1.15152e-31
9.467294984e-01  1.2456808e-11  1.24568e-11  1.24568e-11  1.43530e-31
9.514631459e-01  1.2446180e-11  1.24462e-11  1.24462e-11  1.78692e-31
9.562204616e-01  1.2434867e-11  1.24349e-11  1.24349e-11  2.22209e-31
9.610015639e-01  1.2422877e-11  1.24229e-11  1.24229e-11  2.76003e-31
9.658065718e-01  1.2410214e-11  1.24102e-11  1.24102e-11  3.42426e-31
9.706356046e-01  1.2396887e-11  1.23969e-11  1.23969e-11  4.24348e-31
9.754887826e-01  1.2382900e-11  1.23829e-11  1.23829e-11  5.25267e-31
9.803662265e-01  1.2368262e-11  1.23683e-11  1.23683e-11  6.49450e-31
9.852680577e-01  1.2352977e-11  1.23530e-11  1.23530e-11  8.02085e-31
9.901943980e-01  1.2337053e-11  1.23371e-11  1.23371e-11  9.89479e-31
9.951453700e-01  1.2320497e-11  1.23205e-11  1.23205e-11  1.21929e-30
1.000121097e+00  1.2303316e-11  1.23033e-11  1.23033e-11  1.50080e-30
1.005121702e+00  1.2285515e-11  1.22855e-11  1.22855e-11  1.84527e-30
1.010147311e+00  1.2266979e-11  1.22670e-11  1.22670e-11  4.53258e-30
1.015198047e+00  1.2247961e-11  1.22480e-11  1.22480e-11  5.56065e-30
1.020274038e+00  1.2228345e-11  1.22283e-11  1.22283e-11  6.81447e-30
1.025375408e+00  1.2208137e-11  1.22081e-11  1.22081e-11  8.34193e-30
1.030502285e+00  1.2187344e-11  1.21873e-11  1.21873e-11  1.02007e-29
1.035654796e+00  1.2165975e-11  1.21660e-11  1.21660e-11  1.24603e-29
1.040833070e+00  1.2144035e-11  1.21440e-11  1.21440e-11  1.52042e-29
1.046037236e+00  1.2121531e-11  1.21215e-11  1.21215e-11  1.85325e-29
1.051267422e+00  1.2098472e-11  1.20985e-11  1.20985e-11  2.25656e-29
1.056523759e+00  1.2074863e-11  1.20749e-11  1.20749e-11  2.74473e-29
1.061806378e+00  1.2050712e-11  1.20507e-11  1.20507e-11  3.33501e-29
1.067115410e+00  1.2026027e-11  1.20260e-11  1.20260e-11  4.04802e-29
1.072450987e+00  1.2000814e-11  1.20008e-11  1.20008e-11  4.90836e-29
1.077813242e+00  1.1974961e-11  1.19750e-11  1.19750e-11  8.91810e-29
1.083202308e+00  1.1948714e-11  1.19487e-11  1.19487e-11  1.07912e-28
1.088618319e+00  1.1921962e-11  1.19220e-11  1.19220e-11  1.30444e-28
1.094061411e+00  1.1894711e-11  1.18947e-11  1.18947e-11  1.57521e-28
1.099531718e+00  1.1866969e-11  1.18670e-11  1.18670e-11  1.90025e-28
1.105029377e+00  1.1838624e-11  1.18386e-11  1.18386e-11  3.05340e-28
1.110554523e+00  1.1809921e-11  1.18099e-11  1.18099e-11  3.67606e-28
1.116107296e+00  1.1780748e-11  1.17807e-11  1.17807e-11  4.42129e-28
1.121687832e+00  1.1751112e-11  1.17511e-11  1.17511e-11  5.31231e-28
1.127296272e+00  1.1721022e-11  1.17210e-11  1.17210e-11  6.37660e-28
1.132932753e+00  1.1690367e-11  1.16904e-11  1.16904e-11  9.55825e-28
1.138597417e+00  1.1659388e-11  1.16594e-11  1.16594e-11  1.14507e-27
1.144290404e+00  1.1627975e-11  1.16280e-11  1.16280e-11  1.37045e-27
1.150011856e+00  1.1596137e-11  1.15961e-11  1.15961e-11  1.63861e-27
1.155761915e+00  1.1563879e-11  1.15639e-11  1.15639e-11  1.95734e-27
1.161540725e+00  1.1531095e-11  1.15311e-11  1.15311e-11  2.80301e-27
1.167348428e+00  1.1498021e-11  1.14980e-11  1.14980e-11  3.34185e-27
1.173185171e+00  1.1464550e-11  1.14646e-11  1.14646e-11  3.98048e-27
1.179051096e+00  1.1430689e-11  1.14307e-11  1.14307e-11  4.73669e-27
1.184946352e+00  1.1396331e-11  1.13963e-11  1.13963e-11  6.56982e-27
1.190871084e+00  1.1361711e-11  1.13617e-11  1.13617e-11  7.80330e-27
1.196825439e+00  1.1326722e-11  1.13267e-11  1.13267e-11  9.25976e-27
1.202809566e+00  1.1291371e-11  1.12914e-11  1.12914e-11  1.09779e-26
1.208823614e+00  1.1255666e-11  1.12557e-11  1.12557e-11  1.30028e-26
1.214867732e+00  1.1219500e-11  1.12195e-11  1.12195e-11  1.75853e-26
1.220942071e+00  1.1183107e-11  1.11831e-11  1.11831e-11  2.07910e-26
1.227046781e+00  1.1146380e-11  1.11464e-11  1.11464e-11  2.45587e-26
1.233182015e+00  1.1109326e-11  1.11093e-11  1.11093e-11  2.89830e-26
1.239347925e+00  1.1071952e-11  1.10720e-11  1.10720e-11  3.41737e-26
1.245544665e+00  1.1034154e-11  1.10342e-11  1.10342e-11  4.52902e-26
1.251772388e+00  1.0996161e-11  1.09962e-11  1.09962e-11  5.33061e-26
1.258031250e+00  1.0957869e-11  1.09579e-11  1.09579e-11  6.26854e-26
1.264321406e+00  1.0919285e-11  1.09193e-11  1.09193e-11  7.36500e-26
1.270643013e+00  1.0880306e-11  1.08803e-11  1.08803e-11  9.60630e-26
1.276996228e+00  1.0841156e-11  1.08412e-11  1.08412e-11  1.12669e-25
1.283381209e+00  1.0801735e-11  1.08017e-11  1.08017e-11  1.32030e-25
1.289798116e+00  1.0762047e-11  1.07620e-11  1.07620e-11  1.54586e-25
1.296247106e+00  1.0721994e-11  1.07220e-11  1.07220e-11  1.98922e-25
1.302728342e+00  1.0681368e-11  1.06814e-11  1.06814e-11  3.17054e-25
1.309241983e+00  1.0639754e-11  1.06398e-11  1.06398e-11  6.41796e-25
1.315788193e+00  1.0597803e-11  1.05978e-11  1.05978e-11  1.09451e-24
1.322367134e+00  1.0555735e-11  1.05557e-11  1.05557e-11  1.64544e-24
1.328978970e+00  1.0513448e-11  1.05134e-11  1.05134e-11  2.34705e-24
1.335623865e+00  1.0470846e-11  1.04708e-11  1.04708e-11  3.27812e-24
1.342301984e+00  1.0428144e-11  1.04281e-11  1.04281e-11  4.39473e-24
1.349013494e+00  1.0385243e-11  1.03852e-11  1.03852e-11  5.78343e-24
1.355758561e+00  1.0342047e-11  1.03420e-11  1.03420e-11  7.57200e-24
1.362537354e+00  1.0298665e-11  1.02987e-11  1.02987e-11  9.77864e-24
1.369350041e+00  1.0255206e-11  1.02552e-11  1.02552e-11  1.23915e-23
1.376196791e+00  1.0211471e-11  1.02115e-11  1.02115e-11  1.56871e-23
1.383077775e+00  1.0167570e-11  1.01676e-11  1.01676e-11  1.96993e-23
1.389993164e+00  1.0123609e-11  1.01236e-11  1.01236e-11  2.44170e-23
1.396943130e+00  1.0079390e-11  1.00794e-11  1.00794e-11  3.02765e-23
1.403927846e+00  1.0035023e-11  1.00350e-11  1.00350e-11  3.73379e-23
1.410947485e+00  9.9905127e-12  9.99051e-12  9.99051e-12  4.58224e-23
1.418002222e+00  9.9458647e-12  9.94586e-12  9.94586e-12  5.59885e-23
1.425092233e+00  9.9010850e-12  9.90108e-12  9.90108e-12  6.81375e-23
1.432217694e+00  9.8560804e-12  9.85608e-12  9.85608e-12  8.29707e-23
1.439378783e+00  9.8110546e-12  9.81105e-12  9.81105e-12  1.00248e-22
1.446575677e+00  9.7659140e-12  9.76591e-12  9.76591e-12  1.20750e-22
1.453808555e+00  9.7206640e-12  9.72066e-12  9.72066e-12  1.45025e-22
1.461077598e+00  9.6752131e-12  9.67521e-12  9.67521e-12  1.74321e-22
1.468382986e+00  9.6297613e-12  9.62976e-12  9.62976e-12  2.08246e-22
1.475724901e+00  9.5841202e-12  9.58412e-12  9.58412e-12  2.48981e-22
1.483103525e+00  9.5383921e-12  9.53839e-12  9.53839e-12  2.96942e-22
1.490519043e+00  9.4926776e-12  9.49268e-12  9.49268e-12  3.52259e-22
1.497971638e+00  9.4467909e-12  9.44679e-12  9.44679e-12  4.18237e-22
1.505461496e+00  9.4008328e-12  9.40083e-12  9.40083e-12  4.95516e-22
1.512988804e+00  9.3548084e-12  9.35481e-12  9.35481e-12  5.85886e-22
1.520553748e+00  9.3087226e-12  9.30872e-12  9.30872e-12  6.91397e-22
1.528156517e+00  9.2625805e-12  9.26258e-12  9.26258e-12  8.14401e-22
1.535797299e+00  9.2163868e-12  9.21639e-12  9.21639e-12  9.57585e-22
1.543476286e+00  9.1722647e-12  9.17226e-12  9.17226e-12  1.06348e-21
1.551193667e+00  9.1280799e-12  9.12808e-12  9.12808e-12  1.17951e-21
1.558949636e+00  9.0838370e-12  9.08384e-12  9.08384e-12  1.30642e-21
1.566744384e+00  9.0396315e-12  9.03963e-12  9.03963e-12  1.44112e-21
1.574578106e+00  8.9952859e-12  8.99529e-12  8.99529e-12  1.59159e-21
1.582450996e+00  8.9509859e-12  8.95099e-12  8.95099e-12  1.75022e-21
1.590363251e+00  8.9065557e-12  8.90656e-12  8.90656e-12  1.92707e-21
1.598315067e+00  8.8621790e-12  8.86218e-12  8.86218e-12  2.11213e-21
1.606306643e+00  8.8176818e-12  8.81768e-12  8.81768e-12  2.31801e-21
1.614338176e+00  8.7732458e-12  8.77325e-12  8.77325e-12  2.53157e-21
1.622409867e+00  8.7286988e-12  8.72870e-12  8.72870e-12  2.76867e-21
1.630521916e+00  8.6842206e-12  8.68422e-12  8.68422e-12  3.01212e-21
1.638674526e+00  8.6397272e-12  8.63973e-12  8.63973e-12  3.27000e-21
1.646867898e+00  8.5952228e-12  8.59522e-12  8.59522e-12  3.54201e-21
1.655102238e+00  8.5507114e-12  8.55071e-12  8.55071e-12  3.82756e-21
1.663377749e+00  8.5061970e-12  8.50620e-12  8.50620e-12  4.12573e-21
1.671694638e+00  8.4616835e-12  8.46168e-12  8.46168e-12  4.43520e-21
1.680053111e+00  8.4171747e-12  8.41717e-12  8.41717e-12  4.75420e-21
1.688453377e+00  8.3726745e-12  8.37267e-12  8.37267e-12  5.08039e-21
1.696895643e+00  8.3281867e-12  8.32819e-12  8.32819e-12  5.41080e-21
1.705380122e+00  8.2837149e-12  8.28371e-12  8.28371e-12  5.74168e-21
1.713907022e+00  8.2392629e-12  8.23926e-12  8.23926e-12  6.06844e-21
1.722476557e+00  8.1949163e-12  8.19492e-12  8.19492e-12  6.34742e-21
1.731088940e+00  8.1505139e-12  8.15051e-12  8.15051e-12  6.64329e-21
1.739744385e+00  8.1062232e-12  8.10622e-12  8.10622e-12  6.86628e-21
1.748443107e+00  8.0618847e-12  8.06188e-12  8.06188e-12  7.09633e-21
1.757185322e+00  8.0176636e-12  8.01766e-12  8.01766e-12  7.21964e-21
1.765971249e+00  7.9734024e-12  7.97340e-12  7.97340e-12  7.33495e-21
1.774801105e+00  7.9292644e-12  7.92926e-12  7.92926e-12  7.29848e-21
1.783675111e+00  7.8851727e-12  7.88517e-12  7.88517e-12  7.14883e-21
1.792593486e+00  7.8410518e-12  7.84105e-12  7.84105e-12  6.95438e-21
1.801556454e+00  7.7964383e-12  7.79644e-12  7.79644e-12  7.33919e-21
1.810564236e+00  7.7490175e-12  7.74902e-12  7.74902e-12  1.19770e-20
1.819617057e+00  7.7016185e-12  7.70162e-12  7.70162e-12  1.76951e-20
1.828715142e+00  7.6543224e-12  7.65432e-12  7.65432e-12  2.45413e-20
1.837858718e+00  7.6070557e-12  7.60706e-12  7.60706e-12  3.28452e-20
1.847048012e+00  7.5599741e-12  7.55997e-12  7.55997e-12  4.24999e-20
1.856283252e+00  7.5129283e-12  7.51293e-12  7.51293e-12  5.40617e-20
1.865564668e+00  7.4659972e-12  7.46600e-12  7.46600e-12  6.76225e-20
1.874892491e+00  7.4191834e-12  7.41918e-12  7.41918e-12  8.34640e-20
1.884266954e+00  7.3724896e-12  7.37249e-12  7.37249e-12  1.01902e-19
1.893688289e+00  7.3259182e-12  7.32592e-12  7.32592e-12  1.23291e-19
1.903156730e+00  7.2794716e-12  7.27947e-12  7.27947e-12  1.48027e-19
1.912672514e+00  7.2330797e-12  7.23308e-12  7.23308e-12  1.76916e-19
1.922235876e+00  7.1868183e-12  7.18682e-12  7.18682e-12  2.10165e-19
1.931847056e+00  7.1406897e-12  7.14069e-12  7.14069e-12  2.48338e-19
1.941506291e+00  7.0946963e-12  7.09470e-12  7.09470e-12  2.92059e-19
1.951213822e+00  7.0487692e-12  7.04877e-12  7.04877e-12  3.42566e-19
1.960969892e+00  7.0030529e-12  7.00305e-12  7.00305e-12  3.99605e-19
1.970774741e+00  6.9574081e-12  6.95741e-12  6.95741e-12  4.65186e-19
1.980628615e+00  6.9119078e-12  6.91191e-12  6.91191e-12  5.39733e-19
1.990531758e+00  6.8665540e-12  6.86655e-12  6.86655e-12  6.24321e-19
2.000484417e+00  6.8215549e-12  6.82155e-12  6.82155e-12  7.17487e-19
2.010486839e+00  6.7810094e-12  6.78101e-12  6.78101e-12  7.61469e-19
2.020539273e+00  6.7405597e-12  6.74056e-12  6.74056e-12  8.06597e-19
2.030641969e+00  6.7002078e-12  6.70021e-12  6.70021e-12  8.52671e-19
2.040795179e+00  6.6599558e-12  6.65996e-12  6.65995e-12  8.99448e-19
2.050999155e+00  6.6198723e-12  6.61987e-12  6.61987e-12  9.45217e-19
2.061254151e+00  6.5798255e-12  6.57983e-12  6.57982e-12  9.92326e-19
2.071560421e+00  6.5399502e-12  6.53995e-12  6.53995e-12  1.03737e-18
2.081918224e+00  6.5001817e-12  6.50018e-12  6.50018e-12  1.08123e-18
2.092327815e+00  6.4605216e-12  6.46052e-12  6.46052e-12  1.12332e-18
2.102789454e+00  6.4209720e-12  6.42097e-12  6.42097e-12  1.16293e-18
2.113303401e+00  6.3815344e-12  6.38153e-12  6.38153e-12  1.19926e-18
2.123869918e+00  6.3422743e-12  6.34227e-12  6.34227e-12  1.22873e-18
2.134489268e+00  6.3030656e-12  6.30307e-12  6.30306e-12  1.25541e-18
2.145161714e+00  6.2640368e-12  6.26404e-12  6.26404e-12  1.27246e-18
2.155887523e+00  6.2251260e-12  6.22513e-12  6.22512e-12  1.28118e-18
2.166666960e+00  6.1863346e-12  6.18633e-12  6.18633e-12  1.27999e-18
2.177500295e+00  6.1476642e-12  6.14766e-12  6.14766e-12  1.26715e-18
2.188387796e+00  6.1091775e-12  6.10918e-12  6.10918e-12  1.23610e-18
2.199329735e+00  6.0707532e-12  6.07075e-12  6.07075e-12  1.19338e-18
2.210326384e+00  6.0325146e-12  6.03251e-12  6.03251e-12  1.12692e-18
2.221378016e+00  5.9944020e-12  5.99440e-12  5.99440e-12  1.03846e-18
2.232484906e+00  5.9564168e-12  5.95642e-12  5.95642e-12  9.24841e-19
2.243647331e+00  5.9185601e-12  5.91856e-12  5.91856e-12  7.82592e-19
2.254865567e+00  5.8797742e-12  5.87977e-12  5.87977e-12  7.44633e-19
2.266139895e+00  5.8397892e-12  5.83979e-12  5.83979e-12  8.83660e-19
2.277470595e+00  5.7999690e-12  5.79997e-12  5.79997e-12  1.04072e-18
2.288857948e+00  5.7602568e-12  5.76026e-12  5.76026e-12  1.22746e-18
2.300302237e+00  5.7207694e-12  5.72077e-12  5.72077e-12  1.42732e-18
2.311803748e+00  5.6813926e-12  5.68139e-12  5.68139e-12  1.66302e-18
2.323362767e+00  5.6422417e-12  5.64224e-12  5.64224e-12  1.91507e-18
2.334979581e+00  5.6032040e-12  5.60320e-12  5.60320e-12  2.21021e-18
2.346654479e+00  5.5643931e-12  5.56439e-12  5.56439e-12  2.52555e-18
2.358387751e+00  5.5256978e-12  5.52570e-12  5.52569e-12  2.89253e-18
2.370179690e+00  5.4871751e-12  5.48718e-12  5.48717e-12  3.30138e-18
2.382030589e+00  5.4488803e-12  5.44888e-12  5.44888e-12  3.73764e-18
2.393940742e+00  5.4107045e-12  5.41070e-12  5.41070e-12  4.24120e-18
2.405910445e+00  5.3727035e-12  5.37270e-12  5.37270e-12  4.79967e-18
2.417939997e+00  5.3348778e-12  5.33488e-12  5.33487e-12  5.41816e-18
2.430029697e+00  5.2972280e-12  5.29723e-12  5.29722e-12  6.10219e-18
2.442179846e+00  5.2597549e-12  5.25975e-12  5.25975e-12  6.85771e-18
2.454390745e+00  5.2224589e-12  5.22246e-12  5.22245e-12  7.69115e-18
2.466662699e+00  5.1853405e-12  5.18534e-12  5.18533e-12  8.60943e-18
2.478996012e+00  5.1484004e-12  5.14840e-12  5.14839e-12  9.61999e-18
2.491390992e+00  5.1116389e-12  5.11164e-12  5.11163e-12  1.07309e-17
2.503847947e+00  5.0745987e-12  5.07460e-12  5.07459e-12  1.23068e-17
2.516367187e+00  5.0367347e-12  5.03673e-12  5.03672e-12  1.49071e-17
2.528949023e+00  4.9990715e-12  4.99907e-12  4.99905e-12  1.78248e-17
2.541593768e+00  4.9616096e-12  4.96161e-12  4.96159e-12  2.10901e-17
2.554301737e+00  4.9243490e-12  4.92435e-12  4.92432e-12  2.47355e-17
2.567073246e+00  4.8872901e-12  4.88729e-12  4.88726e-12  2.87963e-17
2.579908612e+00  4.8503842e-12  4.85038e-12  4.85035e-12  3.33712e-17
2.592808155e+00  4.8136811e-12  4.81368e-12  4.81364e-12  3.84490e-17
2.605772196e+00  4.7771807e-12  4.77718e-12  4.77714e-12  4.40741e-17
2.618801057e+00  4.7408832e-12  4.74088e-12  4.74083e-12  5.02945e-17
2.631895062e+00  4.7047887e-12  4.70479e-12  4.70473e-12  5.71616e-17
2.645054537e+00  4.6688504e-12  4.66885e-12  4.66879e-12  6.48173e-17
2.658279810e+00  4.6331159e-12  4.63312e-12  4.63304e-12  7.32462e-17
2.671571209e+00  4.5975853e-12  4.59759e-12  4.59750e-12  8.25128e-17
2.684929065e+00  4.5622586e-12  4.56226e-12  4.56217e-12  9.26858e-17
2.698353710e+00  4.5271358e-12  4.52714e-12  4.52703e-12  1.03839e-16
2.711845479e+00  4.3924828e-12  4.39248e-12  4.39210e-12  3.84846e-16
2.725404706e+00  4.2452147e-12  4.24521e-12  4.24447e-12  7.45680e-16
2.739031730e+00  4.0993252e-12  4.09933e-12  4.09817e-12  1.15570e-15
2.752726889e+00  3.9547286e-12  3.95473e-12  3.95311e-12  1.61990e-15
2.766490523e+00  3.8115180e-12  3.81152e-12  3.80937e-12  2.14306e-15
2.780322976e+00  3.6696531e-12  3.66965e-12  3.66692e-12  2.73078e-15
2.794224591e+00  3.5290954e-12  3.52910e-12  3.52571e-12  3.38909e-15
2.808195713e+00  3.3899364e-12  3.38994e-12  3.38581e-12  4.12392e-15
2.822236692e+00  3.2520953e-12  3.25210e-12  3.24715e-12  4.94240e-15
2.836347875e+00  3.1156209e-12  3.11562e-12  3.10977e-12  5.85154e-15
2.850529615e+00  2.9804771e-12  2.98048e-12  2.97362e-12  6.85932e-15
2.864782263e+00  2.8467127e-12  2.84671e-12  2.83874e-12  7.97378e-15
2.879106174e+00  2.7143344e-12  2.71433e-12  2.70513e-12  9.20374e-15
2.893501705e+00  2.5833084e-12  2.58331e-12  2.57275e-12  1.05589e-14
2.907969214e+00  2.4536435e-12  2.45364e-12  2.44159e-12  1.20494e-14
2.922509060e+00  2.3253890e-12  2.32539e-12  2.31170e-12  1.36856e-14
2.937121605e+00  2.1985136e-12  2.19851e-12  2.18303e-12  1.54793e-14
2.951807213e+00  2.0730673e-12  2.07307e-12  2.05563e-12  1.74423e-14
2.966566249e+00  1.9489815e-12  1.94898e-12  1.92939e-12  1.95883e-14
2.981399080e+00  1.8263078e-12  1.82631e-12  1.80438e-12  2.19307e-14
2.996306076e+00  1.7050971e-12  1.70510e-12  1.68061e-12  2.44839e-14
3.011287606e+00  1.6590067e-12  1.65901e-12  1.63262e-12  2.63863e-14
3.026344044e+00  1.6375440e-12  1.63754e-12  1.60943e-12  2.81150e-14
3.041475764e+00  1.6163830e-12  1.61638e-12  1.58644e-12  2.99458e-14
3.056683143e+00  1.5954911e-12  1.59549e-12  1.56361e-12  3.18846e-14
3.071966559e+00  1.5749110e-12  1.57491e-12  1.54097e-12  3.39363e-14
3.087326392e+00  1.5546111e-12  1.55461e-12  1.51850e-12  3.61075e-14
3.102763024e+00  1.5346338e-12  1.53463e-12  1.49623e-12  3.84035e-14
3.118276839e+00  1.5149849e-12  1.51498e-12  1.47415e-12  4.08306e-14
3.133868223e+00  1.4956342e-12  1.49563e-12  1.45224e-12  4.33962e-14
3.149537564e+00  1.4766242e-12  1.47662e-12  1.43052e-12  4.61064e-14
3.165285252e+00  1.4579262e-12  1.45793e-12  1.40896e-12  4.89690e-14
3.181111678e+00  1.4395823e-12  1.43958e-12  1.38759e-12  5.19909e-14
3.197017237e+00  1.4215651e-12  1.42157e-12  1.36638e-12  5.51805e-14
3.213002323e+00  1.5199072e-12  1.51991e-12  1.46459e-12  5.53138e-14
3.229067334e+00  1.6434715e-12  1.64347e-12  1.58900e-12  5.44686e-14
3.245212671e+00  1.7653465e-12  1.76535e-12  1.71203e-12  5.33208e-14
3.261438734e+00  1.8855410e-12  1.88554e-12  1.83370e-12  5.18408e-14
3.277745928e+00  2.0040285e-12  2.00403e-12  1.95403e-12  4.99981e-14
3.294134658e+00  2.1207477e-12  2.12075e-12  2.07299e-12  4.77617e-14
3.310605331e+00  2.2357337e-12  2.23573e-12  2.19064e-12  4.50947e-14
3.327158358e+00  2.3488893e-12  2.34889e-12  2.30693e-12  4.19634e-14
3.343794149e+00  2.4602442e-12  2.46024e-12  2.42192e-12  3.83263e-14
3.360513120e+00  2.5696984e-12  2.56970e-12  2.53555e-12  3.41454e-14
3.377315686e+00  2.6773066e-12  2.67731e-12  2.64793e-12  2.93730e-14
3.394202264e+00  2.7721812e-12  2.77218e-12  2.74762e-12  2.45643e-14
3.411173276e+00  2.7939775e-12  2.79398e-12  2.77064e-12  2.33416e-14
3.428229142e+00  2.8152468e-12  2.81525e-12  2.79334e-12  2.19051e-14
3.445370288e+00  2.8359428e-12  2.83594e-12  2.81570e-12  2.02397e-14
3.462597139e+00  2.8560200e-12  2.85602e-12  2.83769e-12  1.83295e-14
3.479910125e+00  2.8755192e-12  2.87552e-12  2.85937e-12  1.61517e-14
3.497309675e+00  2.8943925e-12  2.89439e-12  2.88070e-12  1.36884e-14
3.514796224e+00  2.8842905e-12  2.88429e-12  2.87096e-12  1.33314e-14
3.532370205e+00  2.8689946e-12  2.86899e-12  2.85563e-12  1.33597e-14
3.550032056e+00  2.8537235e-12  2.85372e-12  2.84037e-12  1.33515e-14
3.567782216e+00  2.8385007e-12  2.83850e-12  2.82520e-12  1.33009e-14
3.585621127e+00  2.8232683e-12  2.82327e-12  2.81006e-12  1.32097e-14
3.603549233e+00  2.8080761e-12  2.80808e-12  2.79501e-12  1.30686e-14
3.621566979e+00  2.7929191e-12  2.79292e-12  2.78005e-12  1.28732e-14
3.639674814e+00  2.7777411e-12  2.77774e-12  2.76512e-12  1.26258e-14
3.657873188e+00  2.7625889e-12  2.76259e-12  2.75027e-12  1.23154e-14
3.676162554e+00  2.7474321e-12  2.74743e-12  2.73549e-12  1.19407e-14
3.694543367e+00  2.7322901e-12  2.73229e-12  2.72080e-12  1.14931e-14
3.713016084e+00  2.7171329e-12  2.71713e-12  2.70616e-12  1.09711e-14
3.731581164e+00  2.7019550e-12  2.70195e-12  2.69159e-12  1.03693e-14
3.750239070e+00  2.6866588e-12  2.68666e-12  2.67696e-12  9.69973e-15
3.768990265e+00  2.6643482e-12  2.66435e-12  2.65400e-12  1.03467e-14
3.787835216e+00  2.6422430e-12  2.64224e-12  2.63121e-12  1.10290e-14
3.806774393e+00  2.6203220e-12  2.62032e-12  2.60857e-12  1.17532e-14
3.825808265e+00  2.5986088e-12  2.59861e-12  2.58609e-12  1.25164e-14
3.844937306e+00  2.5771042e-12  2.57710e-12  2.56378e-12  1.33203e-14
3.864161992e+00  2.5558089e-12  2.55581e-12  2.54164e-12  1.41665e-14
3.883482802e+00  2.5347040e-12  2.53470e-12  2.51964e-12  1.50628e-14
3.902900216e+00  2.5138307e-12  2.51383e-12  2.49783e-12  1.59995e-14
3.922414717e+00  2.4931508e-12  2.49315e-12  2.47616e-12  1.69904e-14
3.942026791e+00  2.4726667e-12  2.47267e-12  2.45463e-12  1.80383e-14
3.961736925e+00  2.4524171e-12  2.45242e-12  2.43328e-12  1.91323e-14
3.981545610e+00  2.4323666e-12  2.43237e-12  2.41208e-12  2.02879e-14
4.001453338e+00  2.4123987e-12  2.41240e-12  2.39084e-12  2.15613e-14
4.021460604e+00  2.3909887e-12  2.39099e-12  2.36730e-12  2.36936e-14
4.041567907e+00  2.3698986e-12  2.36990e-12  2.34393e-12  2.59661e-14
4.061775747e+00  2.3491346e-12  2.34913e-12  2.32075e-12  2.83858e-14
4.082084626e+00  2.3287030e-12  2.32870e-12  2.29774e-12  3.09598e-14
4.102495049e+00  2.3086105e-12  2.30861e-12  2.27492e-12  3.36955e-14
4.123007524e+00  2.2888779e-12  2.28888e-12  2.25229e-12  3.65910e-14
4.143622562e+00  2.2694971e-12  2.26950e-12  2.22983e-12  3.96630e-14
4.164340674e+00  2.2504758e-12  2.25048e-12  2.20756e-12  4.29197e-14
4.185162378e+00  2.2318213e-12  2.23182e-12  2.18545e-12  4.63694e-14
4.206088190e+00  2.2135417e-12  2.21354e-12  2.16352e-12  5.00208e-14
4.227118631e+00  2.1956559e-12  2.19566e-12  2.14178e-12  5.38713e-14
4.248254224e+00  2.1781500e-12  2.17815e-12  2.12020e-12  5.79529e-14
4.269495495e+00  2.1610538e-12  2.16105e-12  2.09880e-12  6.22513e-14
4.290842972e+00  2.1443653e-12  2.14437e-12  2.07758e-12  6.67881e-14
4.312297187e+00  2.1280939e-12  2.12809e-12  2.05652e-12  7.15731e-14
4.333858673e+00  2.1122566e-12  2.11226e-12  2.03565e-12  7.66027e-14
4.355527967e+00  2.0968474e-12  2.09685e-12  2.01493e-12  8.19151e-14
4.377305606e+00  2.0818909e-12  2.08189e-12  1.99440e-12  8.74927e-14
4.399192134e+00  2.0673843e-12  2.06738e-12  1.97401e-12  9.33762e-14
4.421188095e+00  2.0533500e-12  2.05335e-12  1.95380e-12  9.95465e-14
4.443294036e+00  2.0397928e-12  2.03979e-12  1.93376e-12  1.06031e-13
4.465510506e+00  2.0267240e-12  2.02672e-12  1.91388e-12  1.12840e-13
4.487838058e+00  2.0141575e-12  2.01416e-12  1.89419e-12  1.19970e-13
4.510277249e+00  2.0023702e-12  2.00237e-12  1.87801e-12  1.24357e-13
4.532828635e+00  1.9909927e-12  1.99099e-12  1.86593e-12  1.25058e-13
4.555492778e+00  1.9795380e-12  1.97954e-12  1.85393e-12  1.25607e-13
4.578270242e+00  1.9679947e-12  1.96799e-12  1.84202e-12  1.25973e-13
4.601161593e+00  1.9563527e-12  1.95635e-12  1.83017e-12  1.26186e-13
4.624167401e+00  1.9446009e-12  1.94460e-12  1.81838e-12  1.26216e-13
4.647288238e+00  1.9327239e-12  1.93272e-12  1.80670e-12  1.26028e-13
4.670524679e+00  1.9207161e-12  1.92072e-12  1.79506e-12  1.25657e-13
4.693877303e+00  1.9085625e-12  1.90856e-12  1.78350e-12  1.25067e-13
4.717346689e+00  1.8962504e-12  1.89625e-12  1.77200e-12  1.24246e-13
4.740933423e+00  1.8837669e-12  1.88377e-12  1.76058e-12  1.23183e-13
4.764638090e+00  1.8710985e-12  1.87110e-12  1.74923e-12  1.21864e-13
4.788461280e+00  1.8582222e-12  1.85822e-12  1.73797e-12  1.20249e-13
4.812403587e+00  1.8451415e-12  1.84514e-12  1.72676e-12  1.18377e-13
4.836465604e+00  1.8318336e-12  1.83183e-12  1.71562e-12  1.16209e-13
4.860647933e+00  1.8182838e-12  1.81828e-12  1.70455e-12  1.13729e-13
4.884951172e+00  1.8044768e-12  1.80448e-12  1.69355e-12  1.10923e-13
4.909375928e+00  1.7903972e-12  1.79040e-12  1.68262e-12  1.07776e-13
4.933922808e+00  1.7760131e-12  1.77601e-12  1.67177e-12  1.04240e-13
4.958592422e+00  1.7613387e-12  1.76134e-12  1.66098e-12  1.00363e-13
4.983385384e+00  1.7463427e-12  1.74634e-12  1.65025e-12  9.60971e-14
5.008302311e+00  1.7328031e-12  1.73280e-12  1.63802e-12  9.47854e-14
5.033343822e+00  1.7230328e-12  1.72303e-12  1.62271e-12  1.00318e-13
5.058510541e+00  1.7136150e-12  1.71361e-12  1.60754e-12  1.06073e-13
5.083803094e+00  1.7045544e-12  1.70455e-12  1.59250e-12  1.12056e-13
5.109222110e+00  1.6958805e-12  1.69588e-12  1.57757e-12  1.18312e-13
5.134768220e+00  1.6875766e-12  1.68758e-12  1.56277e-12  1.24811e-13
5.160442061e+00  1.6796748e-12  1.67967e-12  1.54807e-12  1.31600e-13
5.186244272e+00  1.6721278e-12  1.67213e-12  1.53353e-12  1.38602e-13
5.212175493e+00  1.6650259e-12  1.66503e-12  1.51907e-12  1.45955e-13
5.238236370e+00  1.6582894e-12  1.65829e-12  1.50476e-12  1.53533e-13
5.264427552e+00  1.6519848e-12  1.65198e-12  1.49055e-12  1.61435e-13
5.290749690e+00  1.6460878e-12  1.64609e-12  1.47647e-12  1.69621e-13
5.317203438e+00  1.6406395e-12  1.64064e-12  1.46249e-12  1.78148e-13
5.343789456e+00  1.6356132e-12  1.63561e-12  1.44864e-12  1.86976e-13
5.370508403e+00  1.6310530e-12  1.63105e-12  1.43489e-12  1.96164e-13
5.397360945e+00  1.6269293e-12  1.62693e-12  1.42126e-12  2.05669e-13
5.424347750e+00  1.6232480e-12  1.62325e-12  1.40775e-12  2.15497e-13
5.451469488e+00  1.6200583e-12  1.62006e-12  1.39435e-12  2.25712e-13
5.478726836e+00  1.6173261e-12  1.61733e-12  1.38106e-12  2.36268e-13
5.506120470e+00  1.6178940e-12  1.61789e-12  1.36702e-12  2.50876e-13
5.533651072e+00  1.6293510e-12  1.62935e-12  1.35011e-12  2.79239e-13
5.561319328e+00  1.6423172e-12  1.64232e-12  1.33336e-12  3.08957e-13
5.589125924e+00  1.6567790e-12  1.65678e-12  1.31678e-12  3.40003e-13
5.617071554e+00  1.6728761e-12  1.67288e-12  1.30033e-12  3.72546e-13
5.645156912e+00  1.6905423e-12  1.69054e-12  1.28405e-12  4.06493e-13
5.673382696e+00  1.7098684e-12  1.70987e-12  1.26792e-12  4.41949e-13
5.701749610e+00  1.7308940e-12  1.73089e-12  1.25194e-12  4.78956e-13
5.730258358e+00  1.7536589e-12  1.75366e-12  1.23611e-12  5.17553e-13
5.758909650e+00  1.7781408e-12  1.77814e-12  1.22043e-12  5.57706e-13
5.787704198e+00  1.8045037e-12  1.80450e-12  1.20490e-12  5.99608e-13
5.816642719e+00  1.8326613e-12  1.83266e-12  1.18952e-12  6.43145e-13
5.845725932e+00  1.8627173e-12  1.86272e-12  1.17428e-12  6.88436e-13
5.874954562e+00  1.8947132e-12  1.89471e-12  1.15919e-12  7.35524e-13
5.904329335e+00  1.9286907e-12  1.92869e-12  1.14424e-12  7.84451e-13
5.933850982e+00  1.9646173e-12  1.96462e-12  1.12944e-12  8.35172e-13
5.963520237e+00  2.0026821e-12  2.00268e-12  1.11478e-12  8.87904e-13
5.993337838e+00  2.0427763e-12  2.04278e-12  1.10026e-12  9.42513e-13
6.023304527e+00  2.0652139e-12  2.06521e-12  1.08887e-12  9.76346e-13
6.053421050e+00  2.0828889e-12  2.08289e-12  1.07841e-12  1.00448e-12
6.083688155e+00  2.1011503e-12  2.10115e-12  1.06806e-12  1.03309e-12
6.114106596e+00  2.1201703e-12  2.12017e-12  1.05780e-12  1.06237e-12
6.144677129e+00  2.1398703e-12  2.13987e-12  1.04762e-12  1.09225e-12
6.175400514e+00  2.1603461e-12  2.16035e-12  1.03752e-12  1.12282e-12
6.206277517e+00  2.1759563e-12  2.17596e-12  1.02820e-12  1.14776e-12
6.237308904e+00  2.1694987e-12  2.16950e-12  1.02162e-12  1.14788e-12
6.268495449e+00  2.1622692e-12  2.16227e-12  1.01507e-12  1.14720e-12
6.299837926e+00  2.1543424e-12  2.15434e-12  1.00856e-12  1.14578e-12
6.331337116e+00  2.1454916e-12  2.14549e-12  1.00210e-12  1.14339e-12
6.362993801e+00  2.1357889e-12  2.13579e-12  9.95684e-13  1.14011e-12
6.394808770e+00  2.1252071e-12  2.12521e-12  9.89305e-13  1.13590e-12
6.426782814e+00  2.1136084e-12  2.11361e-12  9.82978e-13  1.13063e-12
6.458916728e+00  2.1011850e-12  2.10119e-12  9.76679e-13  1.12451e-12
6.491211312e+00  2.0876852e-12  2.08769e-12  9.70431e-13  1.11725e-12
6.523667368e+00  2.0892011e-12  2.08920e-12  9.62798e-13  1.12640e-12
6.556285705e+00  2.0965717e-12  2.09657e-12  9.54696e-13  1.14188e-12
6.589067134e+00  2.1038656e-12  2.10387e-12  9.46667e-13  1.15720e-12
6.622012469e+00  2.1111953e-12  2.11120e-12  9.38700e-13  1.17249e-12
6.655122532e+00  2.1185545e-12  2.11855e-12  9.30796e-13  1.18776e-12
6.688398144e+00  2.1258052e-12  2.12581e-12  9.22963e-13  1.20284e-12
6.721840135e+00  2.1332018e-12  2.13320e-12  9.15181e-13  1.21802e-12
6.755449336e+00  2.1404718e-12  2.14047e-12  9.07469e-13  1.23300e-12
6.789226583e+00  2.1477404e-12  2.14774e-12  8.99818e-13  1.24792e-12
6.823172715e+00  2.1548584e-12  2.15486e-12  8.92236e-13  1.26262e-12
6.857288579e+00  2.1621019e-12  2.16210e-12  8.84703e-13  1.27740e-12
6.891575022e+00  2.1691762e-12  2.16918e-12  8.77239e-13  1.29194e-12
6.926032897e+00  2.1762174e-12  2.17622e-12  8.69833e-13  1.30638e-12
6.960663062e+00  2.1830647e-12  2.18306e-12  8.62495e-13  1.32057e-12
6.995466377e+00  2.1898599e-12  2.18986e-12  8.55214e-13  1.33465e-12
7.030443709e+00  2.1967558e-12  2.19676e-12  8.47981e-13  1.34878e-12
7.065595927e+00  2.2032667e-12  2.20327e-12  8.40822e-13  1.36244e-12
7.100923907e+00  2.2098648e-12  2.20986e-12  8.33711e-13  1.37615e-12
7.136428526e+00  2.2162155e-12  2.21622e-12  8.26665e-13  1.38955e-12
7.172110669e+00  2.2224744e-12  2.22247e-12  8.19674e-13  1.40280e-12
7.207971222e+00  2.2277627e-12  2.22776e-12  8.12782e-13  1.41498e-12
7.244011079e+00  2.2293670e-12  2.22937e-12  8.06118e-13  1.42325e-12
7.280231134e+00  2.2305276e-12  2.23053e-12  7.99514e-13  1.43101e-12
7.316632290e+00  2.2314111e-12  2.23141e-12  7.92959e-13  1.43845e-12
7.353215451e+00  2.2320094e-12  2.23201e-12  7.86453e-13  1.44556e-12
7.389981528e+00  2.2323148e-12  2.23231e-12  7.79997e-13  1.45232e-12
7.426931436e+00  2.2321268e-12  2.23213e-12  7.73598e-13  1.45853e-12
7.464066093e+00  2.2314285e-12  2.23143e-12  7.67255e-13  1.46417e-12
7.501386424e+00  2.2306007e-12  2.23060e-12  7.60953e-13  1.46965e-12
7.538893356e+00  2.2292411e-12  2.22924e-12  7.54706e-13  1.47454e-12
7.576587822e+00  2.2273331e-12  2.22733e-12  7.48514e-13  1.47882e-12
7.614470762e+00  2.2250680e-12  2.22507e-12  7.42370e-13  1.48270e-12
7.652543115e+00  2.2224388e-12  2.22244e-12  7.36272e-13  1.48617e-12
7.690805831e+00  2.2192235e-12  2.21922e-12  7.30228e-13  1.48900e-12
7.729259860e+00  2.2156236e-12  2.21562e-12  7.24229e-13  1.49139e-12
7.767906159e+00  2.2114111e-12  2.21141e-12  7.18284e-13  1.49313e-12
7.806745690e+00  2.2067939e-12  2.20679e-12  7.12385e-13  1.49441e-12
7.845779419e+00  2.2017654e-12  2.20177e-12  7.06530e-13  1.49524e-12
7.885008316e+00  2.1960883e-12  2.19609e-12  7.00727e-13  1.49536e-12
7.924433357e+00  2.1764044e-12  2.17640e-12  6.95397e-13  1.48101e-12
7.964055524e+00  2.1476001e-12  2.14760e-12  6.90361e-13  1.45724e-12
8.003875802e+00  2.1175055e-12  2.11751e-12  6.85363e-13  1.43214e-12
8.043895181e+00  2.0861032e-12  2.08610e-12  6.80403e-13  1.40570e-12
8.084114657e+00  2.0533759e-12  2.05338e-12  6.75481e-13  1.37789e-12
8.124535230e+00  2.0193068e-12  2.01931e-12  6.70596e-13  1.34871e-12
8.165157906e+00  1.9838794e-12  1.98388e-12  6.65748e-13  1.31813e-12
8.205983696e+00  1.9527315e-12  1.95273e-12  6.60785e-13  1.29195e-12
8.247013614e+00  1.9533938e-12  1.95339e-12  6.54986e-13  1.29841e-12
8.288248682e+00  1.9536334e-12  1.95363e-12  6.49242e-13  1.30439e-12
8.329689926e+00  1.9539706e-12  1.95397e-12  6.43539e-13  1.31043e-12
8.371338375e+00  1.9538712e-12  1.95387e-12  6.37890e-13  1.31598e-12
8.413195067e+00  1.9535952e-12  1.95360e-12  6.32289e-13  1.32131e-12
8.455261042e+00  1.9531392e-12  1.95314e-12  6.26733e-13  1.32641e-12
8.497537348e+00  1.9524998e-12  1.95250e-12  6.21224e-13  1.33128e-12
8.540025034e+00  1.9576249e-12  1.95762e-12  6.15625e-13  1.34200e-12
8.582725160e+00  1.9632721e-12  1.96327e-12  6.10062e-13  1.35321e-12
8.625638785e+00  1.9685880e-12  1.96859e-12  6.04552e-13  1.36404e-12
8.668766979e+00  1.9738528e-12  1.97385e-12  5.99090e-13  1.37476e-12
8.712110814e+00  1.9811396e-12  1.98114e-12  5.93632e-13  1.38751e-12
8.755671368e+00  1.9938130e-12  1.99381e-12  5.88110e-13  1.40570e-12
8.799449725e+00  2.0062873e-12  2.00629e-12  5.82643e-13  1.42364e-12
8.843446974e+00  2.0191619e-12  2.01916e-12  5.77219e-13  1.44194e-12
8.887664209e+00  2.0318239e-12  2.03182e-12  5.71849e-13  1.45998e-12
8.932102530e+00  2.0448859e-12  2.04489e-12  5.66521e-13  1.47837e-12
8.976763042e+00  2.0577219e-12  2.05772e-12  5.61246e-13  1.49648e-12
9.021646857e+00  2.0699989e-12  2.07000e-12  5.56030e-13  1.51397e-12
9.066755092e+00  2.0813712e-12  2.08137e-12  5.50878e-13  1.53049e-12
9.112088867e+00  2.0924582e-12  2.09246e-12  5.45777e-13  1.54668e-12
9.157649312e+00  2.1039054e-12  2.10391e-12  5.40715e-13  1.56319e-12
9.203437558e+00  2.1143891e-12  2.11439e-12  5.35716e-13  1.57867e-12
9.249454746e+00  2.1178341e-12  2.11783e-12  5.30878e-13  1.58696e-12
9.295702020e+00  2.1211526e-12  2.12115e-12  5.26081e-13  1.59507e-12
9.342180530e+00  2.1240000e-12  2.12400e-12  5.21331e-13  1.60267e-12
9.388891432e+00  2.1267096e-12  2.12671e-12  5.16623e-13  1.61009e-12
9.435835890e+00  2.1292788e-12  2.12928e-12  5.11955e-13  1.61732e-12
9.483015069e+00  2.1320572e-12  2.13206e-12  5.07322e-13  1.62474e-12
9.530430144e+00  2.1311496e-12  2.13115e-12  5.02781e-13  1.62837e-12
9.578082295e+00  2.1286072e-12  2.12861e-12  4.98301e-13  1.63031e-12
9.625972707e+00  2.1254740e-12  2.12547e-12  4.93864e-13  1.63161e-12
9.674102570e+00  2.1224675e-12  2.12247e-12  4.89459e-13  1.63301e-12
9.722473083e+00  2.1188612e-12  2.11886e-12  4.85097e-13  1.63376e-12
9.771085448e+00  2.1150152e-12  2.11502e-12  4.80772e-13  1.63424e-12
9.819940876e+00  2.1198868e-12  2.11989e-12  4.76365e-13  1.64352e-12
9.869040580e+00  2.1385851e-12  2.13859e-12  4.71814e-13  1.66677e-12
9.918385783e+00  2.1574075e-12  2.15741e-12  4.67304e-13  1.69010e-12
9.967977712e+00  2.1763496e-12  2.17635e-12  4.62836e-13  1.71351e-12
1.001781760e+01  2.2427962e-12  2.24280e-12  4.57820e-13  1.78498e-12
1.006790669e+01  2.3958783e-12  2.39588e-12  4.51804e-13  1.94407e-12
1.011824622e+01  2.5518637e-12  2.55186e-12  4.45850e-13  2.10601e-12
1.016883745e+01  2.7107437e-12  2.71074e-12  4.39956e-13  2.27079e-12
1.021968164e+01  2.8725089e-12  2.87251e-12  4.34123e-13  2.43839e-12
1.027078005e+01  3.0371486e-12  3.03715e-12  4.28350e-13  2.60880e-12
1.032213395e+01  3.2046514e-12  3.20465e-12  4.22636e-13  2.78201e-12
1.037374462e+01  3.3745992e-12  3.37460e-12  4.16986e-13  2.95761e-12
1.042561334e+01  3.5477869e-12  3.54779e-12  4.11390e-13  3.13640e-12
1.047774141e+01  3.7233862e-12  3.72339e-12  4.05856e-13  3.31753e-12
1.053013012e+01  3.9022013e-12  3.90220e-12  4.00374e-13  3.50183e-12
1.058278077e+01  4.0833909e-12  4.08339e-12  3.94955e-13  3.68844e-12
1.063569467e+01  4.3981495e-12  4.39815e-12  3.88253e-13  4.00990e-12
1.068887314e+01  4.7417973e-12  4.74180e-12  3.81386e-13  4.36041e-12
1.074231751e+01  5.0914009e-12  5.09140e-12  3.74592e-13  4.71681e-12
1.079602910e+01  5.4465072e-12  5.44651e-12  3.67873e-13  5.07863e-12
1.085000924e+01  5.8066507e-12  5.80665e-12  3.61233e-13  5.44542e-12
1.090425929e+01  6.1722184e-12  6.17222e-12  3.54668e-13  5.81755e-12
1.095878058e+01  6.5431710e-12  6.54317e-12  3.48176e-13  6.19499e-12
1.101357449e+01  6.9282151e-12  6.92822e-12  3.41678e-13  6.58654e-12
1.106864236e+01  7.3446114e-12  7.34461e-12  3.35018e-13  7.00959e-12
1.112398557e+01  7.7666510e-12  7.76665e-12  3.28437e-13  7.43821e-12
1.117960550e+01  8.1947254e-12  8.19473e-12  3.21929e-13  7.87280e-12
1.123550353e+01  8.6283396e-12  8.62834e-12  3.15498e-13  8.31284e-12
1.129168104e+01  9.0674367e-12  9.06744e-12  3.09142e-13  8.75829e-12
1.134813945e+01  9.5124097e-12  9.51241e-12  3.02859e-13  9.20955e-12
1.140488015e+01  9.9632051e-12  9.96321e-12  2.96645e-13  9.66656e-12
1.146190455e+01  1.0419311e-11  1.04193e-11  2.90506e-13  1.01288e-11
1.151921407e+01  1.0807740e-11  1.08077e-11  2.85028e-13  1.05227e-11
1.157681014e+01  1.1053635e-11  1.10536e-11  2.80777e-13  1.07729e-11
1.163469419e+01  1.1302105e-11  1.13021e-11  2.76569e-13  1.10255e-11
1.169286766e+01  1.1552656e-11  1.15527e-11  2.72407e-13  1.12802e-11
1.175133200e+01  1.1805251e-11  1.18053e-11  2.68291e-13  1.15370e-11
1.181008866e+01  1.2060324e-11  1.20603e-11  2.64217e-13  1.17961e-11
1.186913910e+01  1.2316899e-11  1.23169e-11  2.60192e-13  1.20567e-11
1.192848480e+01  1.2575879e-11  1.25759e-11  2.56208e-13  1.23197e-11
1.198812722e+01  1.2836757e-11  1.28368e-11  2.52268e-13  1.25845e-11
1.204806786e+01  1.3099971e-11  1.31000e-11  2.48369e-13  1.28516e-11
1.210830820e+01  1.3364527e-11  1.33645e-11  2.44517e-13  1.31200e-11
1.216884974e+01  1.3631342e-11  1.36313e-11  2.40704e-13  1.33906e-11
1.222969399e+01  1.3899898e-11  1.38999e-11  2.36935e-13  1.36630e-11
1.229084246e+01  1.4170152e-11  1.41702e-11  2.33207e-13  1.39369e-11
1.235229667e+01  1.4442551e-11  1.44426e-11  2.29519e-13  1.42130e-11
1.241405815e+01  1.4716567e-11  1.47166e-11  2.25873e-13  1.44907e-11
1.247612845e+01  1.4992159e-11  1.49922e-11  2.22268e-13  1.47699e-11
1.253850909e+01  1.5115387e-11  1.51154e-11  2.19687e-13  1.48957e-11
1.260120163e+01  1.5141896e-11  1.51419e-11  2.17742e-13  1.49242e-11
1.266420764e+01  1.5167239e-11  1.51672e-11  2.15814e-13  1.49514e-11
1.272752868e+01  1.5190920e-11  1.51909e-11  2.13905e-13  1.49770e-11
1.279116632e+01  1.5213433e-11  1.52134e-11  2.12012e-13  1.50014e-11
1.285512215e+01  1.5235278e-11  1.52353e-11  2.10133e-13  1.50251e-11
1.291939776e+01  1.5254959e-11  1.52550e-11  2.08276e-13  1.50467e-11
1.298399475e+01  1.5273976e-11  1.52740e-11  2.06431e-13  1.50675e-11
1.304891473e+01  1.5170425e-11  1.51704e-11  2.05304e-13  1.49651e-11
1.311415930e+01  1.5024150e-11  1.50242e-11  2.04414e-13  1.48197e-11
1.317973010e+01  1.4875376e-11  1.48754e-11  2.03524e-13  1.46719e-11
1.324562875e+01  1.4723119e-11  1.47231e-11  2.02641e-13  1.45205e-11
1.331185689e+01  1.4568427e-11  1.45684e-11  2.01759e-13  1.43667e-11
1.337841618e+01  1.4410822e-11  1.44108e-11  2.00880e-13  1.42099e-11
1.344530826e+01  1.4250338e-11  1.42503e-11  2.00005e-13  1.40503e-11
1.351253480e+01  1.4087519e-11  1.40875e-11  1.99131e-13  1.38884e-11
1.358009747e+01  1.3921376e-11  1.39214e-11  1.98263e-13  1.37231e-11
1.364799796e+01  1.3752969e-11  1.37530e-11  1.97396e-13  1.35556e-11
1.371623795e+01  1.3581303e-11  1.35813e-11  1.96535e-13  1.33848e-11
1.378481914e+01  1.3407446e-11  1.34074e-11  1.95675e-13  1.32118e-11
1.385374323e+01  1.3230917e-11  1.32309e-11  1.94818e-13  1.30361e-11
1.392301195e+01  1.3051755e-11  1.30518e-11  1.93965e-13  1.28578e-11
1.399262701e+01  1.2869995e-11  1.28700e-11  1.93114e-13  1.26769e-11
1.406259015e+01  1.2573314e-11  1.25733e-11  1.92813e-13  1.23805e-11
1.413290310e+01  1.2260219e-11  1.22602e-11  1.92570e-13  1.20676e-11
1.420356761e+01  1.1943232e-11  1.19432e-11  1.92324e-13  1.17509e-11
1.427458545e+01  1.1622938e-11  1.16229e-11  1.92072e-13  1.14309e-11
1.434595838e+01  1.1299923e-11  1.12999e-11  1.91812e-13  1.11081e-11
1.441768817e+01  1.0972682e-11  1.09727e-11  1.91551e-13  1.07811e-11
1.448977661e+01  1.0642849e-11  1.06428e-11  1.91282e-13  1.04516e-11
1.456222549e+01  1.0309442e-11  1.03094e-11  1.91011e-13  1.01184e-11
1.463503662e+01  9.9735766e-12  9.97358e-12  1.90731e-13  9.78285e-12
1.470821180e+01  9.6337418e-12  9.63374e-12  1.90450e-13  9.44329e-12
1.478175286e+01  9.2915817e-12  9.29158e-12  1.90162e-13  9.10142e-12
1.485566163e+01  9.0114703e-12  9.01147e-12  1.89589e-13  8.82188e-12
1.492993994e+01  8.7503733e-12  8.75037e-12  1.88923e-13  8.56145e-12
1.500458964e+01  8.4936119e-12  8.49361e-12  1.88231e-13  8.30538e-12
1.507961258e+01  8.3416157e-12  8.34162e-12  1.87091e-13  8.15452e-12
1.515501065e+01  8.1878588e-12  8.18786e-12  1.85961e-13  8.00190e-12
1.523078570e+01  8.0329010e-12  8.03290e-12  1.84837e-13  7.84806e-12
1.530693963e+01  7.8767742e-12  7.87677e-12  1.83719e-13  7.69306e-12
1.538347433e+01  7.7189812e-12  7.71898e-12  1.82609e-13  7.53637e-12
1.546039170e+01  7.5595536e-12  7.55955e-12  1.81508e-13  7.37805e-12
1.553769366e+01  7.3995824e-12  7.39958e-12  1.80411e-13  7.21917e-12
1.561538212e+01  7.2375113e-12  7.23751e-12  1.79324e-13  7.05819e-12
1.569345903e+01  7.0744318e-12  7.07443e-12  1.78243e-13  6.89619e-12
1.577192633e+01  6.9098466e-12  6.90985e-12  1.77170e-13  6.73268e-12
1.585078596e+01  6.7443181e-12  6.74432e-12  1.76103e-13  6.56822e-12
1.593003989e+01  6.5778792e-12  6.57788e-12  1.75042e-13  6.40284e-12
1.600969009e+01  6.4100328e-12  6.41003e-12  1.73989e-13  6.23604e-12
1.608973854e+01  6.2408118e-12  6.24081e-12  1.72943e-13  6.06787e-12
1.617018723e+01  6.0702494e-12  6.07025e-12  1.71905e-13  5.89834e-12
1.625103817e+01  5.8994378e-12  5.89944e-12  1.70871e-13  5.72857e-12
1.633229336e+01  5.7268215e-12  5.72682e-12  1.69846e-13  5.55698e-12
1.641395483e+01  5.5667176e-12  5.56672e-12  1.68780e-13  5.39794e-12
1.649602460e+01  5.4699005e-12  5.46990e-12  1.67495e-13  5.30241e-12
1.657850473e+01  5.3728836e-12  5.37288e-12  1.66219e-13  5.20666e-12
1.666139725e+01  5.2751571e-12  5.27516e-12  1.64954e-13  5.11020e-12
1.674470424e+01  5.1767402e-12  5.17674e-12  1.63699e-13  5.01304e-12
1.682842776e+01  5.0771248e-12  5.07712e-12  1.62456e-13  4.91467e-12
1.691256990e+01  4.9779127e-12  4.97791e-12  1.61220e-13  4.81669e-12
1.699713274e+01  4.8775407e-12  4.87754e-12  1.59996e-13  4.71754e-12
1.708211841e+01  4.7765557e-12  4.77656e-12  1.58782e-13  4.61777e-12
1.716752900e+01  4.6749771e-12  4.67498e-12  1.57578e-13  4.51740e-12
1.725336665e+01  4.5591695e-12  4.55917e-12  1.56428e-13  4.40274e-12
1.733963348e+01  4.4344409e-12  4.43444e-12  1.55315e-13  4.27913e-12
1.742633165e+01  4.3087014e-12  4.30870e-12  1.54211e-13  4.15449e-12
1.751346330e+01  4.1830228e-12  4.18302e-12  1.53114e-13  4.02991e-12
1.760103062e+01  4.0563802e-12  4.05638e-12  1.52027e-13  3.90435e-12
1.768903577e+01  3.9293207e-12  3.92932e-12  1.50948e-13  3.77837e-12
1.777748095e+01  3.8018670e-12  3.80187e-12  1.49877e-13  3.65199e-12
1.786636836e+01  3.6740418e-12  3.67404e-12  1.48815e-13  3.52523e-12
1.795570020e+01  3.5453476e-12  3.54535e-12  1.47761e-13  3.39759e-12
1.804547870e+01  3.4407366e-12  3.44074e-12  1.46642e-13  3.29409e-12
1.813570609e+01  3.3590835e-12  3.35908e-12  1.45462e-13  3.21362e-12
1.822638462e+01  3.2769999e-12  3.27700e-12  1.44293e-13  3.13271e-12
1.831751655e+01  3.1950180e-12  3.19502e-12  1.43133e-13  3.05189e-12
1.840910413e+01  3.1126343e-12  3.11263e-12  1.41983e-13  2.97065e-12
1.850114965e+01  3.0303793e-12  3.03038e-12  1.40841e-13  2.88954e-12
1.859365540e+01  2.9914608e-12  2.99146e-12  1.39584e-13  2.85188e-12
1.868662368e+01  2.9520253e-12  2.95203e-12  1.38339e-13  2.81369e-12
1.878005679e+01  2.9125940e-12  2.91259e-12  1.37105e-13  2.77549e-12
1.887395708e+01  2.8731730e-12  2.87317e-12  1.35882e-13  2.73729e-12
1.896832686e+01  2.8337684e-12  2.83377e-12  1.34669e-13  2.69910e-12
1.906316850e+01  2.7938767e-12  2.79388e-12  1.33469e-13  2.66041e-12
1.915848434e+01  2.7540152e-12  2.75402e-12  1.32279e-13  2.62174e-12
1.925427676e+01  2.7136825e-12  2.71368e-12  1.31100e-13  2.58258e-12
1.935054815e+01  2.6739000e-12  2.67390e-12  1.29930e-13  2.54397e-12
1.944730089e+01  2.6336600e-12  2.63366e-12  1.28772e-13  2.50489e-12
1.954453739e+01  2.5929716e-12  2.59297e-12  1.27626e-13  2.46535e-12
1.964226008e+01  2.5523466e-12  2.55235e-12  1.26489e-13  2.42586e-12
1.974047138e+01  2.5117905e-12  2.51179e-12  1.25362e-13  2.38643e-12
1.983917374e+01  2.4713089e-12  2.47131e-12  1.24245e-13  2.34706e-12
1.993836960e+01  2.4304081e-12  2.43041e-12  1.23138e-13  2.30727e-12
2.003806145e+01  2.3716723e-12  2.37167e-12  1.22088e-13  2.24958e-12
2.013825176e+01  2.2828280e-12  2.28283e-12  1.21123e-13  2.16170e-12
2.023894302e+01  2.1943308e-12  2.19433e-12  1.20165e-13  2.07417e-12
2.034013773e+01  2.1056972e-12  2.10570e-12  1.19216e-13  1.98648e-12
2.044183842e+01  2.0174344e-12  2.01743e-12  1.18274e-13  1.89916e-12
2.054404761e+01  1.9285700e-12  1.92857e-12  1.17341e-13  1.81123e-12
2.064676785e+01  1.8401021e-12  1.84010e-12  1.16414e-13  1.72369e-12
2.075000169e+01  1.7515521e-12  1.75155e-12  1.15496e-13  1.63606e-12
2.085375170e+01  1.6629340e-12  1.66293e-12  1.14586e-13  1.54835e-12
2.095802046e+01  1.5742615e-12  1.57426e-12  1.13683e-13  1.46058e-12
2.106281056e+01  1.4855484e-12  1.48555e-12  1.12788e-13  1.37276e-12
2.116812461e+01  1.3968084e-12  1.39681e-12  1.11901e-13  1.28491e-12
2.127396524e+01  1.3085364e-12  1.30854e-12  1.11021e-13  1.19752e-12
2.138033506e+01  1.2591467e-12  1.25915e-12  1.10056e-13  1.14909e-12
2.148723674e+01  1.2229269e-12  1.22293e-12  1.09070e-13  1.11386e-12
2.159467292e+01  1.1868790e-12  1.18688e-12  1.08092e-13  1.07879e-12
2.170264629e+01  1.1505312e-12  1.15053e-12  1.07124e-13  1.04341e-12
2.181115952e+01  1.1143655e-12  1.11437e-12  1.06164e-13  1.00820e-12
2.192021532e+01  1.0779129e-12  1.07791e-12  1.05214e-13  9.72699e-13
2.202981639e+01  1.0416524e-12  1.04165e-12  1.04272e-13  9.37381e-13
2.213996547e+01  1.0055873e-12  1.00559e-12  1.03338e-13  9.02249e-13
2.225066530e+01  9.6972097e-13  9.69721e-13  1.02412e-13  8.67309e-13
2.236191863e+01  9.3359029e-13  9.33590e-13  1.01496e-13  8.32094e-13
2.247372822e+01  8.9766780e-13  8.97668e-13  1.00588e-13  7.97080e-13
2.258609686e+01  8.8278868e-13  8.82789e-13  9.96414e-14  7.83147e-13
2.269902735e+01  8.7443464e-13  8.74435e-13  9.86900e-14  7.75745e-13
2.281252248e+01  8.6656224e-13  8.66562e-13  9.77466e-14  7.68816e-13
2.292658510e+01  8.5825127e-13  8.58251e-13  9.68130e-14  7.61438e-13
2.304121802e+01  8.4996375e-13  8.49964e-13  9.58882e-14  7.54076e-13
2.315642411e+01  8.4215504e-13  8.42155e-13  9.49711e-14  7.47184e-13
2.327220623e+01  8.3391488e-13  8.33915e-13  9.40637e-14  7.39851e-13
2.338856726e+01  8.2570029e-13  8.25700e-13  9.31648e-14  7.32536e-13
2.350551010e+01  8.1751194e-13  8.17512e-13  9.22743e-14  7.25238e-13
2.362303765e+01  8.0935050e-13  8.09351e-13  9.13922e-14  7.17958e-13
2.374115284e+01  8.0121663e-13  8.01217e-13  9.05184e-14  7.10698e-13
2.385985860e+01  7.9311096e-13  7.93111e-13  8.96529e-14  7.03458e-13
2.397915789e+01  7.8503412e-13  7.85034e-13  8.87955e-14  6.96239e-13
2.409905368e+01  7.7698674e-13  7.76987e-13  8.79462e-14  6.89041e-13
2.421954895e+01  7.6896940e-13  7.68969e-13  8.71049e-14  6.81864e-13
2.434064670e+01  7.6098269e-13  7.60983e-13  8.62716e-14  6.74711e-13
2.446234993e+01  7.5259174e-13  7.52592e-13  8.54469e-14  6.67145e-13
2.458466168e+01  7.4466982e-13  7.44670e-13  8.46292e-14  6.60041e-13
2.470758499e+01  7.3634837e-13  7.36348e-13  8.38201e-14  6.52528e-13
2.483112291e+01  7.2849346e-13  7.28493e-13  8.30177e-14  6.45476e-13
2.495527853e+01  7.2024372e-13  7.20244e-13  8.22237e-14  6.38020e-13
