# ------------------------------------------------------------------------
# Radiance spectrum
# NASA-GSFC Planetary Spectrum Generator (PSG) (Villanueva et al. 2018, 2022)
# Synthesized on Sat Dec 23 00:18:53 2023
# Doppler velocities [km/s] (vobs,vrot+vorb,vwidth,vrfl,vstr): 0.00000,-0.00000,0.00000,-119.41115,-0.00000
# Spectral unit: Wavelength [um]
# Radiance unit: Spectral irradiance [W/m2/um]
# Wave/freq Total Object Reflected Thermal
5.000000000e-01  7.5354197e-12  7.53542e-12  7.53542e-12  0.00000e+00
5.025000000e-01  7.6110611e-12  7.61106e-12  7.61106e-12  0.00000e+00
5.050125000e-01  7.6865411e-12  7.68654e-12  7.68654e-12  0.00000e+00
5.075375625e-01  7.7618450e-12  7.76184e-12  7.76184e-12  0.00000e+00
5.100752503e-01  7.8369582e-12  7.83696e-12  7.83696e-12  0.00000e+00
5.126256266e-01  7.9118663e-12  7.91187e-12  7.91187e-12  0.00000e+00
5.151887547e-01  7.9865546e-12  7.98655e-12  7.98655e-12  0.00000e+00
5.177646985e-01  8.0610089e-12  8.06101e-12  8.06101e-12  0.00000e+00
5.203535220e-01  8.1352148e-12  8.13521e-12  8.13521e-12  0.00000e+00
5.229552896e-01  8.2091580e-12  8.20916e-12  8.20916e-12  0.00000e+00
5.255700660e-01  8.2828243e-12  8.28282e-12  8.28282e-12  0.00000e+00
5.281979164e-01  8.3561997e-12  8.35620e-12  8.35620e-12  0.00000e+00
5.308389059e-01  8.4292701e-12  8.42927e-12  8.42927e-12  0.00000e+00
5.334931005e-01  8.5020217e-12  8.50202e-12  8.50202e-12  0.00000e+00
5.361605660e-01  8.5744406e-12  8.57444e-12  8.57444e-12  0.00000e+00
5.388413688e-01  8.6465131e-12  8.64651e-12  8.64651e-12  0.00000e+00
5.415355756e-01  8.7182258e-12  8.71823e-12  8.71823e-12  0.00000e+00
5.442432535e-01  8.7895650e-12  8.78957e-12  8.78957e-12  0.00000e+00
5.469644698e-01  8.8605175e-12  8.86052e-12  8.86052e-12  0.00000e+00
5.496992921e-01  8.9310701e-12  8.93107e-12  8.93107e-12  0.00000e+00
5.524477886e-01  9.0012097e-12  9.00121e-12  9.00121e-12  0.00000e+00
5.552100275e-01  9.0709234e-12  9.07092e-12  9.07092e-12  0.00000e+00
5.579860777e-01  9.1401983e-12  9.14020e-12  9.14020e-12  0.00000e+00
5.607760081e-01  9.2090218e-12  9.20902e-12  9.20902e-12  0.00000e+00
5.635798881e-01  9.2773815e-12  9.27738e-12  9.27738e-12  0.00000e+00
5.663977875e-01  9.3452649e-12  9.34526e-12  9.34526e-12  0.00000e+00
5.692297765e-01  9.4126599e-12  9.41266e-12  9.41266e-12  0.00000e+00
5.720759254e-01  9.4795545e-12  9.47955e-12  9.47955e-12  0.00000e+00
5.749363050e-01  9.5459368e-12  9.54594e-12  9.54594e-12  0.00000e+00
5.778109865e-01  9.6117951e-12  9.61180e-12  9.61180e-12  0.00000e+00
5.807000414e-01  9.6771179e-12  9.67712e-12  9.67712e-12  0.00000e+00
5.836035417e-01  9.7418939e-12  9.74189e-12  9.74189e-12  0.00000e+00
5.865215594e-01  9.8061118e-12  9.80611e-12  9.80611e-12  0.00000e+00
5.894541672e-01  9.8697608e-12  9.86976e-12  9.86976e-12  0.00000e+00
5.924014380e-01  9.9328301e-12  9.93283e-12  9.93283e-12  0.00000e+00
5.953634452e-01  9.9953090e-12  9.99531e-12  9.99531e-12  0.00000e+00
5.983402624e-01  1.0057187e-11  1.00572e-11  1.00572e-11  0.00000e+00
6.013319637e-01  1.0118454e-11  1.01185e-11  1.01185e-11  0.00000e+00
6.043386235e-01  1.0179101e-11  1.01791e-11  1.01791e-11  0.00000e+00
6.073603167e-01  1.0239116e-11  1.02391e-11  1.02391e-11  0.00000e+00
6.103971182e-01  1.0298491e-11  1.02985e-11  1.02985e-11  0.00000e+00
6.134491038e-01  1.0357216e-11  1.03572e-11  1.03572e-11  0.00000e+00
6.165163494e-01  1.0415282e-11  1.04153e-11  1.04153e-11  0.00000e+00
6.195989311e-01  1.0472680e-11  1.04727e-11  1.04727e-11  0.00000e+00
6.226969258e-01  1.0529402e-11  1.05294e-11  1.05294e-11  0.00000e+00
6.258104104e-01  1.0585438e-11  1.05854e-11  1.05854e-11  0.00000e+00
6.289394624e-01  1.0640780e-11  1.06408e-11  1.06408e-11  0.00000e+00
6.320841597e-01  1.0695420e-11  1.06954e-11  1.06954e-11  0.00000e+00
6.352445805e-01  1.0749351e-11  1.07494e-11  1.07494e-11  0.00000e+00
6.384208035e-01  1.0802564e-11  1.08026e-11  1.08026e-11  0.00000e+00
6.416129075e-01  1.0855052e-11  1.08551e-11  1.08551e-11  0.00000e+00
6.448209720e-01  1.0906808e-11  1.09068e-11  1.09068e-11  0.00000e+00
6.480450769e-01  1.0957824e-11  1.09578e-11  1.09578e-11  0.00000e+00
6.512853022e-01  1.1008095e-11  1.10081e-11  1.10081e-11  0.00000e+00
6.545417288e-01  1.1057612e-11  1.10576e-11  1.10576e-11  0.00000e+00
6.578144374e-01  1.1106371e-11  1.11064e-11  1.11064e-11  0.00000e+00
6.611035096e-01  1.1154364e-11  1.11544e-11  1.11544e-11  0.00000e+00
6.644090271e-01  1.1201586e-11  1.12016e-11  1.12016e-11  0.00000e+00
6.677310723e-01  1.1248031e-11  1.12480e-11  1.12480e-11  0.00000e+00
6.710697276e-01  1.1293693e-11  1.12937e-11  1.12937e-11  0.00000e+00
6.744250763e-01  1.1338568e-11  1.13386e-11  1.13386e-11  0.00000e+00
6.777972017e-01  1.1382650e-11  1.13827e-11  1.13827e-11  0.00000e+00
6.811861877e-01  1.1425935e-11  1.14259e-11  1.14259e-11  0.00000e+00
6.845921186e-01  1.1468418e-11  1.14684e-11  1.14684e-11  0.00000e+00
6.880150792e-01  1.1510093e-11  1.15101e-11  1.15101e-11  0.00000e+00
6.914551546e-01  1.1550959e-11  1.15510e-11  1.15510e-11  0.00000e+00
6.949124304e-01  1.1591010e-11  1.15910e-11  1.15910e-11  0.00000e+00
6.983869925e-01  1.1630242e-11  1.16302e-11  1.16302e-11  0.00000e+00
7.018789275e-01  1.1668653e-11  1.16687e-11  1.16687e-11  0.00000e+00
7.053883221e-01  1.1706238e-11  1.17062e-11  1.17062e-11  0.00000e+00
7.089152637e-01  1.1742996e-11  1.17430e-11  1.17430e-11  0.00000e+00
7.124598400e-01  1.1778922e-11  1.17789e-11  1.17789e-11  0.00000e+00
7.160221392e-01  1.1814015e-11  1.18140e-11  1.18140e-11  0.00000e+00
7.196022499e-01  1.1848272e-11  1.18483e-11  1.18483e-11  0.00000e+00
7.232002612e-01  1.1881691e-11  1.18817e-11  1.18817e-11  0.00000e+00
7.268162625e-01  1.1914270e-11  1.19143e-11  1.19143e-11  0.00000e+00
7.304503438e-01  1.1946007e-11  1.19460e-11  1.19460e-11  0.00000e+00
7.341025955e-01  1.1976901e-11  1.19769e-11  1.19769e-11  0.00000e+00
7.377731085e-01  1.2006950e-11  1.20069e-11  1.20069e-11  0.00000e+00
7.414619740e-01  1.2036153e-11  1.20362e-11  1.20362e-11  0.00000e+00
7.451692839e-01  1.2064509e-11  1.20645e-11  1.20645e-11  0.00000e+00
7.488951303e-01  1.2092018e-11  1.20920e-11  1.20920e-11  0.00000e+00
7.526396060e-01  1.2118678e-11  1.21187e-11  1.21187e-11  0.00000e+00
7.564028040e-01  1.2144491e-11  1.21445e-11  1.21445e-11  0.00000e+00
7.601848180e-01  1.2169454e-11  1.21695e-11  1.21695e-11  0.00000e+00
7.639857421e-01  1.2193569e-11  1.21936e-11  1.21936e-11  0.00000e+00
7.678056708e-01  1.2216836e-11  1.22168e-11  1.22168e-11  0.00000e+00
7.716446992e-01  1.2239256e-11  1.22393e-11  1.22393e-11  0.00000e+00
7.755029227e-01  1.2260828e-11  1.22608e-11  1.22608e-11  0.00000e+00
7.793804373e-01  1.2281553e-11  1.22816e-11  1.22816e-11  0.00000e+00
7.832773395e-01  1.2301434e-11  1.23014e-11  1.23014e-11  0.00000e+00
7.871937262e-01  1.2320470e-11  1.23205e-11  1.23205e-11  0.00000e+00
7.911296948e-01  1.2338664e-11  1.23387e-11  1.23387e-11  0.00000e+00
7.950853433e-01  1.2356016e-11  1.23560e-11  1.23560e-11  0.00000e+00
7.990607700e-01  1.2372529e-11  1.23725e-11  1.23725e-11  0.00000e+00
8.030560739e-01  1.2388204e-11  1.23882e-11  1.23882e-11  0.00000e+00
8.070713542e-01  1.2403044e-11  1.24030e-11  1.24030e-11  0.00000e+00
8.111067110e-01  1.2417051e-11  1.24171e-11  1.24171e-11  0.00000e+00
8.151622446e-01  1.2430226e-11  1.24302e-11  1.24302e-11  0.00000e+00
8.192380558e-01  1.2442573e-11  1.24426e-11  1.24426e-11  0.00000e+00
8.233342461e-01  1.2454095e-11  1.24541e-11  1.24541e-11  0.00000e+00
8.274509173e-01  1.2464793e-11  1.24648e-11  1.24648e-11  0.00000e+00
8.315881719e-01  1.2474672e-11  1.24747e-11  1.24747e-11  0.00000e+00
8.357461127e-01  1.2483735e-11  1.24837e-11  1.24837e-11  0.00000e+00
8.399248433e-01  1.2491984e-11  1.24920e-11  1.24920e-11  0.00000e+00
8.441244675e-01  1.2499423e-11  1.24994e-11  1.24994e-11  0.00000e+00
8.483450899e-01  1.2506056e-11  1.25061e-11  1.25061e-11  0.00000e+00
8.525868153e-01  1.2511887e-11  1.25119e-11  1.25119e-11  0.00000e+00
8.568497494e-01  1.2516919e-11  1.25169e-11  1.25169e-11  0.00000e+00
8.611339981e-01  1.2521156e-11  1.25212e-11  1.25212e-11  0.00000e+00
8.654396681e-01  1.2524603e-11  1.25246e-11  1.25246e-11  0.00000e+00
8.697668665e-01  1.2527264e-11  1.25273e-11  1.25273e-11  0.00000e+00
8.741157008e-01  1.2529144e-11  1.25291e-11  1.25291e-11  0.00000e+00
8.784862793e-01  1.2530246e-11  1.25302e-11  1.25302e-11  0.00000e+00
8.828787107e-01  1.2530575e-11  1.25306e-11  1.25306e-11  0.00000e+00
8.872931042e-01  1.2530137e-11  1.25301e-11  1.25301e-11  0.00000e+00
8.917295698e-01  1.2528810e-11  1.25288e-11  1.25288e-11  6.62540e-38
8.961882176e-01  1.2526851e-11  1.25269e-11  1.25269e-11  8.87736e-38
9.006691587e-01  1.2524139e-11  1.25241e-11  1.25241e-11  1.18766e-37
9.051725045e-01  1.2520680e-11  1.25207e-11  1.25207e-11  1.58649e-37
9.096983670e-01  1.2516478e-11  1.25165e-11  1.25165e-11  2.11604e-37
9.142468589e-01  1.2511539e-11  1.25115e-11  1.25115e-11  2.81811e-37
9.188180931e-01  1.2505869e-11  1.25059e-11  1.25059e-11  3.74748e-37
9.234121836e-01  1.2499473e-11  1.24995e-11  1.24995e-11  4.97592e-37
9.280292445e-01  1.2492357e-11  1.24924e-11  1.24924e-11  6.59724e-37
9.326693908e-01  1.2484527e-11  1.24845e-11  1.24845e-11  8.73392e-37
9.373327377e-01  1.2475988e-11  1.24760e-11  1.24760e-11  1.15456e-36
9.420194014e-01  1.2466746e-11  1.24667e-11  1.24667e-11  1.52402e-36
9.467294984e-01  1.2456808e-11  1.24568e-11  1.24568e-11  2.00878e-36
9.514631459e-01  1.2446180e-11  1.24462e-11  1.24462e-11  2.64389e-36
9.562204616e-01  1.2434867e-11  1.24349e-11  1.24349e-11  3.47480e-36
9.610015639e-01  1.2422877e-11  1.24229e-11  1.24229e-11  4.56029e-36
9.658065718e-01  1.2410214e-11  1.24102e-11  1.24102e-11  5.97635e-36
9.706356046e-01  1.2396887e-11  1.23969e-11  1.23969e-11  7.82101e-36
9.754887826e-01  1.2382900e-11  1.23829e-11  1.23829e-11  1.02206e-35
9.803662265e-01  1.2368262e-11  1.23683e-11  1.23683e-11  1.33376e-35
9.852680577e-01  1.2352977e-11  1.23530e-11  1.23530e-11  1.73810e-35
9.901943980e-01  1.2337053e-11  1.23371e-11  1.23371e-11  2.26186e-35
9.951453700e-01  1.2320497e-11  1.23205e-11  1.23205e-11  2.93937e-35
1.000121097e+00  1.2303316e-11  1.23033e-11  1.23033e-11  3.81457e-35
1.005121702e+00  1.2285515e-11  1.22855e-11  1.22855e-11  4.94357e-35
1.010147311e+00  1.2266979e-11  1.22670e-11  1.22670e-11  1.27960e-34
1.015198047e+00  1.2247961e-11  1.22480e-11  1.22480e-11  1.65382e-34
1.020274038e+00  1.2228345e-11  1.22283e-11  1.22283e-11  2.13459e-34
1.025375408e+00  1.2208137e-11  1.22081e-11  1.22081e-11  2.75142e-34
1.030502285e+00  1.2187344e-11  1.21873e-11  1.21873e-11  3.54176e-34
1.035654796e+00  1.2165975e-11  1.21660e-11  1.21660e-11  4.55307e-34
1.040833070e+00  1.2144035e-11  1.21440e-11  1.21440e-11  5.84539e-34
1.046037236e+00  1.2121531e-11  1.21215e-11  1.21215e-11  7.49464e-34
1.051267422e+00  1.2098472e-11  1.20985e-11  1.20985e-11  9.59662e-34
1.056523759e+00  1.2074863e-11  1.20749e-11  1.20749e-11  1.22721e-33
1.061806378e+00  1.2050712e-11  1.20507e-11  1.20507e-11  1.56732e-33
1.067115410e+00  1.2026027e-11  1.20260e-11  1.20260e-11  1.99910e-33
1.072450987e+00  1.2000814e-11  1.20008e-11  1.20008e-11  2.54655e-33
1.077813242e+00  1.1974961e-11  1.19750e-11  1.19750e-11  4.85968e-33
1.083202308e+00  1.1948714e-11  1.19487e-11  1.19487e-11  6.17474e-33
1.088618319e+00  1.1921962e-11  1.19220e-11  1.19220e-11  7.83573e-33
1.094061411e+00  1.1894711e-11  1.18947e-11  1.18947e-11  9.93101e-33
1.099531718e+00  1.1866969e-11  1.18670e-11  1.18670e-11  1.25708e-32
1.105029377e+00  1.1838624e-11  1.18386e-11  1.18386e-11  2.11900e-32
1.110554523e+00  1.1809921e-11  1.18099e-11  1.18099e-11  2.67559e-32
1.116107296e+00  1.1780748e-11  1.17807e-11  1.17807e-11  3.37421e-32
1.121687832e+00  1.1751112e-11  1.17511e-11  1.17511e-11  4.25002e-32
1.127296272e+00  1.1721022e-11  1.17210e-11  1.17210e-11  5.34662e-32
1.132932753e+00  1.1690367e-11  1.16904e-11  1.16904e-11  8.39749e-32
1.138597417e+00  1.1659388e-11  1.16594e-11  1.16594e-11  1.05386e-31
1.144290404e+00  1.1627975e-11  1.16280e-11  1.16280e-11  1.32098e-31
1.150011856e+00  1.1596137e-11  1.15961e-11  1.15961e-11  1.65381e-31
1.155761915e+00  1.1563879e-11  1.15639e-11  1.15639e-11  2.06804e-31
1.161540725e+00  1.1531095e-11  1.15311e-11  1.15311e-11  3.09955e-31
1.167348428e+00  1.1498021e-11  1.14980e-11  1.14980e-11  3.86672e-31
1.173185171e+00  1.1464550e-11  1.14646e-11  1.14646e-11  4.81812e-31
1.179051096e+00  1.1430689e-11  1.14307e-11  1.14307e-11  5.99660e-31
1.184946352e+00  1.1396331e-11  1.13963e-11  1.13963e-11  8.69709e-31
1.190871084e+00  1.1361711e-11  1.13617e-11  1.13617e-11  1.07993e-30
1.196825439e+00  1.1326722e-11  1.13267e-11  1.13267e-11  1.33941e-30
1.202809566e+00  1.1291371e-11  1.12914e-11  1.12914e-11  1.65934e-30
1.208823614e+00  1.1255666e-11  1.12557e-11  1.12557e-11  2.05334e-30
1.214867732e+00  1.1219500e-11  1.12195e-11  1.12195e-11  2.90060e-30
1.220942071e+00  1.1183107e-11  1.11831e-11  1.11831e-11  3.58122e-30
1.227046781e+00  1.1146380e-11  1.11464e-11  1.11464e-11  4.41660e-30
1.233182015e+00  1.1109326e-11  1.11093e-11  1.11093e-11  5.44075e-30
1.239347925e+00  1.1071952e-11  1.10720e-11  1.10720e-11  6.69493e-30
1.245544665e+00  1.1034154e-11  1.10342e-11  1.10342e-11  9.25776e-30
1.251772388e+00  1.0996161e-11  1.09962e-11  1.09962e-11  1.13667e-29
1.258031250e+00  1.0957869e-11  1.09579e-11  1.09579e-11  1.39408e-29
1.264321406e+00  1.0919285e-11  1.09193e-11  1.09193e-11  1.70792e-29
1.270643013e+00  1.0880306e-11  1.08803e-11  1.08803e-11  2.32239e-29
1.276996228e+00  1.0841156e-11  1.08412e-11  1.08412e-11  2.83906e-29
1.283381209e+00  1.0801735e-11  1.08017e-11  1.08017e-11  3.46696e-29
1.289798116e+00  1.0762047e-11  1.07620e-11  1.07620e-11  4.22921e-29
1.296247106e+00  1.0721994e-11  1.07220e-11  1.07220e-11  5.66891e-29
1.302728342e+00  1.0681368e-11  1.06814e-11  1.06814e-11  9.40995e-29
1.309241983e+00  1.0639754e-11  1.06398e-11  1.06398e-11  1.98336e-28
1.315788193e+00  1.0597803e-11  1.05978e-11  1.05978e-11  3.52118e-28
1.322367134e+00  1.0555735e-11  1.05557e-11  1.05557e-11  5.50965e-28
1.328978970e+00  1.0513448e-11  1.05134e-11  1.05134e-11  8.17811e-28
1.335623865e+00  1.0470846e-11  1.04708e-11  1.04708e-11  1.18839e-27
1.342301984e+00  1.0428144e-11  1.04281e-11  1.04281e-11  1.65724e-27
1.349013494e+00  1.0385243e-11  1.03852e-11  1.03852e-11  2.26815e-27
1.355758561e+00  1.0342047e-11  1.03420e-11  1.03420e-11  3.08776e-27
1.362537354e+00  1.0298665e-11  1.02987e-11  1.02987e-11  4.14548e-27
1.369350041e+00  1.0255206e-11  1.02552e-11  1.02552e-11  5.46011e-27
1.376196791e+00  1.0211471e-11  1.02115e-11  1.02115e-11  7.18313e-27
1.383077775e+00  1.0167570e-11  1.01676e-11  1.01676e-11  9.37209e-27
1.389993164e+00  1.0123609e-11  1.01236e-11  1.01236e-11  1.20673e-26
1.396943130e+00  1.0079390e-11  1.00794e-11  1.00794e-11  1.55407e-26
1.403927846e+00  1.0035023e-11  1.00350e-11  1.00350e-11  1.99012e-26
1.410947485e+00  9.9905127e-12  9.99051e-12  9.99051e-12  2.53567e-26
1.418002222e+00  9.9458647e-12  9.94586e-12  9.94586e-12  3.21601e-26
1.425092233e+00  9.9010850e-12  9.90108e-12  9.90108e-12  4.06190e-26
1.432217694e+00  9.8560804e-12  9.85608e-12  9.85608e-12  5.13228e-26
1.439378783e+00  9.8110546e-12  9.81105e-12  9.81105e-12  6.43319e-26
1.446575677e+00  9.7659140e-12  9.76591e-12  9.76591e-12  8.03746e-26
1.453808555e+00  9.7206640e-12  9.72066e-12  9.72066e-12  1.00111e-25
1.461077598e+00  9.6752131e-12  9.67521e-12  9.67521e-12  1.24771e-25
1.468382986e+00  9.6297613e-12  9.62976e-12  9.62976e-12  1.54521e-25
1.475724901e+00  9.5841202e-12  9.58412e-12  9.58412e-12  1.91491e-25
1.483103525e+00  9.5383921e-12  9.53839e-12  9.53839e-12  2.36672e-25
1.490519043e+00  9.4926776e-12  9.49268e-12  9.49268e-12  2.90906e-25
1.497971638e+00  9.4467909e-12  9.44679e-12  9.44679e-12  3.57809e-25
1.505461496e+00  9.4008328e-12  9.40083e-12  9.40083e-12  4.39085e-25
1.512988804e+00  9.3548084e-12  9.35481e-12  9.35481e-12  5.37639e-25
1.520553748e+00  9.3087226e-12  9.30872e-12  9.30872e-12  6.56926e-25
1.528156517e+00  9.2625805e-12  9.26258e-12  9.26258e-12  8.01057e-25
1.535797299e+00  9.2163868e-12  9.21639e-12  9.21639e-12  9.74907e-25
1.543476286e+00  9.1722647e-12  9.17226e-12  9.17226e-12  1.12047e-24
1.551193667e+00  9.1280799e-12  9.12808e-12  9.12808e-12  1.28584e-24
1.558949636e+00  9.0838370e-12  9.08384e-12  9.08384e-12  1.47336e-24
1.566744384e+00  9.0396315e-12  9.03963e-12  9.03963e-12  1.68109e-24
1.574578106e+00  8.9952859e-12  8.99529e-12  8.99529e-12  1.92005e-24
1.582450996e+00  8.9509859e-12  8.95099e-12  8.95099e-12  2.18321e-24
1.590363251e+00  8.9065557e-12  8.90656e-12  8.90656e-12  2.48512e-24
1.598315067e+00  8.8621789e-12  8.86218e-12  8.86218e-12  2.81543e-24
1.606306643e+00  8.8176818e-12  8.81768e-12  8.81768e-12  3.19334e-24
1.614338176e+00  8.7732458e-12  8.77325e-12  8.77325e-12  3.60374e-24
1.622409867e+00  8.7286988e-12  8.72870e-12  8.72870e-12  4.07190e-24
1.630521916e+00  8.6842206e-12  8.68422e-12  8.68422e-12  4.57604e-24
1.638674526e+00  8.6397272e-12  8.63973e-12  8.63973e-12  5.13083e-24
1.646867898e+00  8.5952228e-12  8.59522e-12  8.59522e-12  5.73907e-24
1.655102238e+00  8.5507114e-12  8.55071e-12  8.55071e-12  6.40318e-24
1.663377749e+00  8.5061970e-12  8.50620e-12  8.50620e-12  7.12505e-24
1.671694638e+00  8.4616835e-12  8.46168e-12  8.46168e-12  7.90580e-24
1.680053111e+00  8.4171747e-12  8.41717e-12  8.41717e-12  8.74554e-24
1.688453377e+00  8.3726745e-12  8.37267e-12  8.37267e-12  9.64306e-24
1.696895643e+00  8.3281867e-12  8.32819e-12  8.32819e-12  1.05955e-23
1.705380122e+00  8.2837149e-12  8.28371e-12  8.28371e-12  1.15977e-23
1.713907022e+00  8.2392629e-12  8.23926e-12  8.23926e-12  1.26420e-23
1.722476557e+00  8.1949162e-12  8.19492e-12  8.19492e-12  1.36356e-23
1.731088940e+00  8.1505139e-12  8.15051e-12  8.15051e-12  1.47141e-23
1.739744385e+00  8.1062232e-12  8.10622e-12  8.10622e-12  1.56776e-23
1.748443107e+00  8.0618846e-12  8.06188e-12  8.06188e-12  1.67006e-23
1.757185322e+00  8.0176636e-12  8.01766e-12  8.01766e-12  1.75102e-23
1.765971249e+00  7.9734024e-12  7.97340e-12  7.97340e-12  1.83309e-23
1.774801105e+00  7.9292644e-12  7.92926e-12  7.92926e-12  1.87917e-23
1.783675111e+00  7.8851727e-12  7.88517e-12  7.88517e-12  1.89605e-23
1.792593486e+00  7.8410518e-12  7.84105e-12  7.84105e-12  1.89973e-23
1.801556454e+00  7.7964383e-12  7.79644e-12  7.79644e-12  2.06459e-23
1.810564236e+00  7.7490175e-12  7.74902e-12  7.74902e-12  3.46917e-23
1.819617057e+00  7.7016185e-12  7.70162e-12  7.70162e-12  5.27665e-23
1.828715142e+00  7.6543224e-12  7.65432e-12  7.65432e-12  7.53299e-23
1.837858718e+00  7.6070557e-12  7.60706e-12  7.60706e-12  1.03763e-22
1.847048012e+00  7.5599740e-12  7.55997e-12  7.55997e-12  1.38165e-22
1.856283252e+00  7.5129282e-12  7.51293e-12  7.51293e-12  1.80834e-22
1.865564668e+00  7.4659971e-12  7.46600e-12  7.46600e-12  2.32700e-22
1.874892491e+00  7.4191834e-12  7.41918e-12  7.41918e-12  2.95434e-22
1.884266954e+00  7.3724895e-12  7.37249e-12  7.37249e-12  3.70970e-22
1.893688289e+00  7.3259180e-12  7.32592e-12  7.32592e-12  4.61552e-22
1.903156730e+00  7.2794715e-12  7.27947e-12  7.27947e-12  5.69775e-22
1.912672514e+00  7.2330795e-12  7.23308e-12  7.23308e-12  7.00071e-22
1.922235876e+00  7.1868181e-12  7.18682e-12  7.18682e-12  8.54850e-22
1.931847056e+00  7.1406895e-12  7.14069e-12  7.14069e-12  1.03816e-21
1.941506291e+00  7.0946960e-12  7.09470e-12  7.09470e-12  1.25466e-21
1.951213822e+00  7.0487688e-12  7.04877e-12  7.04877e-12  1.51209e-21
1.960969892e+00  7.0030525e-12  7.00305e-12  7.00305e-12  1.81210e-21
1.970774741e+00  6.9574076e-12  6.95741e-12  6.95741e-12  2.16688e-21
1.980628615e+00  6.9119072e-12  6.91191e-12  6.91191e-12  2.58220e-21
1.990531758e+00  6.8665533e-12  6.86655e-12  6.86655e-12  3.06733e-21
2.000484417e+00  6.8215542e-12  6.82155e-12  6.82155e-12  3.61954e-21
2.010486839e+00  6.7810086e-12  6.78101e-12  6.78101e-12  3.94385e-21
2.020539273e+00  6.7405589e-12  6.74056e-12  6.74056e-12  4.28841e-21
2.030641969e+00  6.7002070e-12  6.70021e-12  6.70021e-12  4.65304e-21
2.040795179e+00  6.6599549e-12  6.65995e-12  6.65995e-12  5.03721e-21
2.050999155e+00  6.6198713e-12  6.61987e-12  6.61987e-12  5.43186e-21
2.061254151e+00  6.5798245e-12  6.57982e-12  6.57982e-12  5.85084e-21
2.071560421e+00  6.5399492e-12  6.53995e-12  6.53995e-12  6.27462e-21
2.081918224e+00  6.5001806e-12  6.50018e-12  6.50018e-12  6.70826e-21
2.092327815e+00  6.4605205e-12  6.46052e-12  6.46052e-12  7.14785e-21
2.102789454e+00  6.4209708e-12  6.42097e-12  6.42097e-12  7.58844e-21
2.113303401e+00  6.3815332e-12  6.38153e-12  6.38153e-12  8.02394e-21
2.123869918e+00  6.3422731e-12  6.34227e-12  6.34227e-12  8.42843e-21
2.134489268e+00  6.3030643e-12  6.30306e-12  6.30306e-12  8.82756e-21
2.145161714e+00  6.2640356e-12  6.26404e-12  6.26404e-12  9.17089e-21
2.155887523e+00  6.2251247e-12  6.22512e-12  6.22512e-12  9.46314e-21
2.166666960e+00  6.1863333e-12  6.18633e-12  6.18633e-12  9.68810e-21
2.177500295e+00  6.1476629e-12  6.14766e-12  6.14766e-12  9.82674e-21
2.188387796e+00  6.1091763e-12  6.10918e-12  6.10918e-12  9.82059e-21
2.199329735e+00  6.0707520e-12  6.07075e-12  6.07075e-12  9.71200e-21
2.210326384e+00  6.0325135e-12  6.03251e-12  6.03251e-12  9.39332e-21
2.221378016e+00  5.9944010e-12  5.99440e-12  5.99440e-12  8.86456e-21
2.232484906e+00  5.9564158e-12  5.95642e-12  5.95642e-12  8.08403e-21
2.243647331e+00  5.9185593e-12  5.91856e-12  5.91856e-12  7.00386e-21
2.254865567e+00  5.8797734e-12  5.87977e-12  5.87977e-12  6.82235e-21
2.266139895e+00  5.8397884e-12  5.83979e-12  5.83979e-12  8.28736e-21
2.277470595e+00  5.7999680e-12  5.79997e-12  5.79997e-12  9.98970e-21
2.288857948e+00  5.7602556e-12  5.76026e-12  5.76026e-12  1.20577e-20
2.300302237e+00  5.7207680e-12  5.72077e-12  5.72077e-12  1.43472e-20
2.311803748e+00  5.6813910e-12  5.68139e-12  5.68139e-12  1.71035e-20
2.323362767e+00  5.6422398e-12  5.64224e-12  5.64224e-12  2.01493e-20
2.334979581e+00  5.6032018e-12  5.60320e-12  5.60320e-12  2.37876e-20
2.346654479e+00  5.5643906e-12  5.56439e-12  5.56439e-12  2.78013e-20
2.358387751e+00  5.5256949e-12  5.52569e-12  5.52569e-12  3.25633e-20
2.370179690e+00  5.4871718e-12  5.48717e-12  5.48717e-12  3.80050e-20
2.382030589e+00  5.4488766e-12  5.44888e-12  5.44888e-12  4.39935e-20
2.393940742e+00  5.4107003e-12  5.41070e-12  5.41070e-12  5.10362e-20
2.405910445e+00  5.3726987e-12  5.37270e-12  5.37270e-12  5.90406e-20
2.417939997e+00  5.3348724e-12  5.33487e-12  5.33487e-12  6.81231e-20
2.430029697e+00  5.2972220e-12  5.29722e-12  5.29722e-12  7.84122e-20
2.442179846e+00  5.2597481e-12  5.25975e-12  5.25975e-12  9.00504e-20
2.454390745e+00  5.2224513e-12  5.22245e-12  5.22245e-12  1.03195e-19
2.466662699e+00  5.1853320e-12  5.18533e-12  5.18533e-12  1.18020e-19
2.478996012e+00  5.1483909e-12  5.14839e-12  5.14839e-12  1.34718e-19
2.491390992e+00  5.1116283e-12  5.11163e-12  5.11163e-12  1.53500e-19
2.503847947e+00  5.0745866e-12  5.07459e-12  5.07459e-12  1.79803e-19
2.516367187e+00  5.0367200e-12  5.03672e-12  5.03672e-12  2.22421e-19
2.528949023e+00  4.9990540e-12  4.99905e-12  4.99905e-12  2.71577e-19
2.541593768e+00  4.9615888e-12  4.96159e-12  4.96159e-12  3.28085e-19
2.554301737e+00  4.9243247e-12  4.92432e-12  4.92432e-12  3.92848e-19
2.567073246e+00  4.8872618e-12  4.88726e-12  4.88726e-12  4.66864e-19
2.579908612e+00  4.8503514e-12  4.85035e-12  4.85035e-12  5.52247e-19
2.592808155e+00  4.8136433e-12  4.81364e-12  4.81364e-12  6.49393e-19
2.605772196e+00  4.7771374e-12  4.77714e-12  4.77714e-12  7.59668e-19
2.618801057e+00  4.7408338e-12  4.74083e-12  4.74083e-12  8.84575e-19
2.631895062e+00  4.7047326e-12  4.70473e-12  4.70473e-12  1.02577e-18
2.645054537e+00  4.6687868e-12  4.66879e-12  4.66879e-12  1.18665e-18
2.658279810e+00  4.6330441e-12  4.63304e-12  4.63304e-12  1.36792e-18
2.671571209e+00  4.5975044e-12  4.59750e-12  4.59750e-12  1.57180e-18
2.684929065e+00  4.5621677e-12  4.56217e-12  4.56217e-12  1.80072e-18
2.698353710e+00  4.5270340e-12  4.52703e-12  4.52703e-12  2.05736e-18
2.711845479e+00  4.3921057e-12  4.39211e-12  4.39210e-12  7.77515e-18
2.725404706e+00  4.2444844e-12  4.24448e-12  4.24447e-12  1.53605e-17
2.739031730e+00  4.0981938e-12  4.09819e-12  4.09817e-12  2.42710e-17
2.752726889e+00  3.9531434e-12  3.95314e-12  3.95311e-12  3.46799e-17
2.766490523e+00  3.8094217e-12  3.80942e-12  3.80937e-12  4.67659e-17
2.780322976e+00  3.6669831e-12  3.66698e-12  3.66692e-12  6.07358e-17
2.794224591e+00  3.5257831e-12  3.52578e-12  3.52571e-12  7.68182e-17
2.808195713e+00  3.3859077e-12  3.38591e-12  3.38581e-12  9.52520e-17
2.822236692e+00  3.2472693e-12  3.24727e-12  3.24715e-12  1.16317e-16
2.836347875e+00  3.1099097e-12  3.10991e-12  3.10977e-12  1.40306e-16
2.850529615e+00  2.9737853e-12  2.97379e-12  2.97362e-12  1.67551e-16
2.864782263e+00  2.8389373e-12  2.83894e-12  2.83874e-12  1.98404e-16
2.879106174e+00  2.7053639e-12  2.70536e-12  2.70513e-12  2.33256e-16
2.893501705e+00  2.5730221e-12  2.57302e-12  2.57275e-12  2.72538e-16
2.907969214e+00  2.4419109e-12  2.44191e-12  2.44159e-12  3.16719e-16
2.922509060e+00  2.3120697e-12  2.31207e-12  2.31170e-12  3.66298e-16
2.937121605e+00  2.1834562e-12  2.18346e-12  2.18303e-12  4.21838e-16
2.951807213e+00  2.0561090e-12  2.05611e-12  2.05563e-12  4.83930e-16
2.966566249e+00  1.9299465e-12  1.92995e-12  1.92939e-12  5.53249e-16
2.981399080e+00  1.8050076e-12  1.80501e-12  1.80438e-12  6.30500e-16
2.996306076e+00  1.6813297e-12  1.68133e-12  1.68061e-12  7.16440e-16
3.011287606e+00  1.6334061e-12  1.63341e-12  1.63262e-12  7.85795e-16
3.026344044e+00  1.6102810e-12  1.61028e-12  1.60943e-12  8.52042e-16
3.041475764e+00  1.5873607e-12  1.58736e-12  1.58644e-12  9.23450e-16
3.056683143e+00  1.5646070e-12  1.56461e-12  1.56361e-12  1.00040e-15
3.071966559e+00  1.5420580e-12  1.54206e-12  1.54097e-12  1.08328e-15
3.087326392e+00  1.5196761e-12  1.51968e-12  1.51850e-12  1.17250e-15
3.102763024e+00  1.4974989e-12  1.49750e-12  1.49623e-12  1.26851e-15
3.118276839e+00  1.4755260e-12  1.47553e-12  1.47415e-12  1.37175e-15
3.133868223e+00  1.4537208e-12  1.45372e-12  1.45224e-12  1.48277e-15
3.149537564e+00  1.4321199e-12  1.43212e-12  1.43052e-12  1.60206e-15
3.165285252e+00  1.4106873e-12  1.41069e-12  1.40896e-12  1.73021e-15
3.181111678e+00  1.3894592e-12  1.38946e-12  1.38759e-12  1.86778e-15
3.197017237e+00  1.3684000e-12  1.36840e-12  1.36638e-12  2.01545e-15
3.213002323e+00  1.4666472e-12  1.46665e-12  1.46459e-12  2.05386e-15
3.229067334e+00  1.5910588e-12  1.59106e-12  1.58900e-12  2.05589e-15
3.245212671e+00  1.7140713e-12  1.71407e-12  1.71203e-12  2.04564e-15
3.261438734e+00  1.8357217e-12  1.83572e-12  1.83370e-12  2.02139e-15
3.277745928e+00  1.9560116e-12  1.95601e-12  1.95403e-12  1.98126e-15
3.294134658e+00  2.0749093e-12  2.07491e-12  2.07299e-12  1.92329e-15
3.310605331e+00  2.1924841e-12  2.19248e-12  2.19064e-12  1.84514e-15
3.327158358e+00  2.3086705e-12  2.30867e-12  2.30693e-12  1.74454e-15
3.343794149e+00  2.4235366e-12  2.42354e-12  2.42192e-12  1.61875e-15
3.360513120e+00  2.5370180e-12  2.53702e-12  2.53555e-12  1.46505e-15
3.377315686e+00  2.6492138e-12  2.64921e-12  2.64793e-12  1.28018e-15
3.394202264e+00  2.7487043e-12  2.74870e-12  2.74762e-12  1.08742e-15
3.411173276e+00  2.7716853e-12  2.77169e-12  2.77064e-12  1.04944e-15
3.428229142e+00  2.7943418e-12  2.79434e-12  2.79334e-12  1.00018e-15
3.445370288e+00  2.8166416e-12  2.81664e-12  2.81570e-12  9.38433e-16
3.462597139e+00  2.8385535e-12  2.83855e-12  2.83769e-12  8.62950e-16
3.479910125e+00  2.8601396e-12  2.86014e-12  2.85937e-12  7.72068e-16
3.497309675e+00  2.8813685e-12  2.88137e-12  2.88070e-12  6.64291e-16
3.514796224e+00  2.8716158e-12  2.87162e-12  2.87096e-12  6.56783e-16
3.532370205e+00  2.8563031e-12  2.85630e-12  2.85563e-12  6.68105e-16
3.550032056e+00  2.8410497e-12  2.84105e-12  2.84037e-12  6.77722e-16
3.567782216e+00  2.8258850e-12  2.82589e-12  2.82520e-12  6.85238e-16
3.585621127e+00  2.8107493e-12  2.81075e-12  2.81006e-12  6.90656e-16
3.603549233e+00  2.7957009e-12  2.79570e-12  2.79501e-12  6.93384e-16
3.621566979e+00  2.7807389e-12  2.78074e-12  2.78005e-12  6.93072e-16
3.639674814e+00  2.7658050e-12  2.76580e-12  2.76512e-12  6.89703e-16
3.657873188e+00  2.7509560e-12  2.75096e-12  2.75027e-12  6.82549e-16
3.676162554e+00  2.7361627e-12  2.73616e-12  2.73549e-12  6.71375e-16
3.694543367e+00  2.7214525e-12  2.72145e-12  2.72080e-12  6.55529e-16
3.713016084e+00  2.7067965e-12  2.70680e-12  2.70616e-12  6.34733e-16
3.731581164e+00  2.6921942e-12  2.69219e-12  2.69159e-12  6.08484e-16
3.750239070e+00  2.6775364e-12  2.67754e-12  2.67696e-12  5.77279e-16
3.768990265e+00  2.6546260e-12  2.65463e-12  2.65400e-12  6.24486e-16
3.787835216e+00  2.6318890e-12  2.63189e-12  2.63121e-12  6.75032e-16
3.806774393e+00  2.6092982e-12  2.60930e-12  2.60857e-12  7.29426e-16
3.825808265e+00  2.5868800e-12  2.58688e-12  2.58609e-12  7.87609e-16
3.844937306e+00  2.5646337e-12  2.56463e-12  2.56378e-12  8.49806e-16
3.864161992e+00  2.5425586e-12  2.54256e-12  2.54164e-12  9.16253e-16
3.883482802e+00  2.5206287e-12  2.52063e-12  2.51964e-12  9.87584e-16
3.902900216e+00  2.4988946e-12  2.49889e-12  2.49783e-12  1.06331e-15
3.922414717e+00  2.4773049e-12  2.47730e-12  2.47616e-12  1.14450e-15
3.942026791e+00  2.4558598e-12  2.45586e-12  2.45463e-12  1.23151e-15
3.961736925e+00  2.4346085e-12  2.43461e-12  2.43328e-12  1.32375e-15
3.981545610e+00  2.4135012e-12  2.41350e-12  2.41208e-12  1.42249e-15
4.001453338e+00  2.3923694e-12  2.39237e-12  2.39084e-12  1.53189e-15
4.021460604e+00  2.3690008e-12  2.36900e-12  2.36730e-12  1.70568e-15
4.041567907e+00  2.3458264e-12  2.34583e-12  2.34393e-12  1.89390e-15
4.061775747e+00  2.3228463e-12  2.32285e-12  2.32075e-12  2.09753e-15
4.082084626e+00  2.3000608e-12  2.30006e-12  2.29774e-12  2.31758e-15
4.102495049e+00  2.2774701e-12  2.27747e-12  2.27492e-12  2.55510e-15
4.123007524e+00  2.2550973e-12  2.25510e-12  2.25229e-12  2.81050e-15
4.143622562e+00  2.2329197e-12  2.23292e-12  2.22983e-12  3.08560e-15
4.164340674e+00  2.2109377e-12  2.21094e-12  2.20756e-12  3.38164e-15
4.185162378e+00  2.1891518e-12  2.18915e-12  2.18545e-12  3.69992e-15
4.206088190e+00  2.1675626e-12  2.16756e-12  2.16352e-12  4.04179e-15
4.227118631e+00  2.1461923e-12  2.14619e-12  2.14178e-12  4.40774e-15
4.248254224e+00  2.1249982e-12  2.12500e-12  2.12020e-12  4.80110e-15
4.269495495e+00  2.1040239e-12  2.10402e-12  2.09880e-12  5.22151e-15
4.290842972e+00  2.0832488e-12  2.08325e-12  2.07758e-12  5.67153e-15
4.312297187e+00  2.0626738e-12  2.06267e-12  2.05652e-12  6.15288e-15
4.333858673e+00  2.0423200e-12  2.04232e-12  2.03565e-12  6.66614e-15
4.355527967e+00  2.0221478e-12  2.02215e-12  2.01493e-12  7.21554e-15
4.377305606e+00  2.0021987e-12  2.00220e-12  1.99440e-12  7.80055e-15
4.399192134e+00  1.9824339e-12  1.98243e-12  1.97401e-12  8.42581e-15
4.421188095e+00  1.9628942e-12  1.96289e-12  1.95380e-12  9.09071e-15
4.443294036e+00  1.9435611e-12  1.94356e-12  1.93376e-12  9.79880e-15
4.465510506e+00  1.9244361e-12  1.92444e-12  1.91388e-12  1.05524e-14
4.487838058e+00  1.9055394e-12  1.90554e-12  1.89419e-12  1.13522e-14
4.510277249e+00  1.8899194e-12  1.88992e-12  1.87801e-12  1.19061e-14
4.532828635e+00  1.8780485e-12  1.87805e-12  1.86593e-12  1.21137e-14
4.555492778e+00  1.8662402e-12  1.86624e-12  1.85393e-12  1.23090e-14
4.578270242e+00  1.8545101e-12  1.85451e-12  1.84202e-12  1.24884e-14
4.601161593e+00  1.8428206e-12  1.84282e-12  1.83017e-12  1.26541e-14
4.624167401e+00  1.8311876e-12  1.83119e-12  1.81838e-12  1.28027e-14
4.647288238e+00  1.8196255e-12  1.81963e-12  1.80670e-12  1.29300e-14
4.670524679e+00  1.8080982e-12  1.80810e-12  1.79506e-12  1.30387e-14
4.693877303e+00  1.7966204e-12  1.79662e-12  1.78350e-12  1.31246e-14
4.717346689e+00  1.7851895e-12  1.78519e-12  1.77200e-12  1.31855e-14
4.740933423e+00  1.7738028e-12  1.77380e-12  1.76058e-12  1.32193e-14
4.764638090e+00  1.7624578e-12  1.76246e-12  1.74923e-12  1.32238e-14
4.788461280e+00  1.7511666e-12  1.75117e-12  1.73797e-12  1.31934e-14
4.812403587e+00  1.7398958e-12  1.73990e-12  1.72676e-12  1.31316e-14
4.836465604e+00  1.7286576e-12  1.72866e-12  1.71562e-12  1.30328e-14
4.860647933e+00  1.7174490e-12  1.71745e-12  1.70455e-12  1.28942e-14
4.884951172e+00  1.7062665e-12  1.70627e-12  1.69355e-12  1.27130e-14
4.909375928e+00  1.6951068e-12  1.69511e-12  1.68262e-12  1.24861e-14
4.933922808e+00  1.6839797e-12  1.68398e-12  1.67177e-12  1.22065e-14
4.958592422e+00  1.6728543e-12  1.67285e-12  1.66098e-12  1.18785e-14
4.983385384e+00  1.6617406e-12  1.66174e-12  1.65025e-12  1.14950e-14
5.008302311e+00  1.6494762e-12  1.64948e-12  1.63802e-12  1.14584e-14
5.033343822e+00  1.6349699e-12  1.63497e-12  1.62271e-12  1.22554e-14
5.058510541e+00  1.6206365e-12  1.62064e-12  1.60754e-12  1.30946e-14
5.083803094e+00  1.6064767e-12  1.60648e-12  1.59250e-12  1.39778e-14
5.109222110e+00  1.5924801e-12  1.59248e-12  1.57757e-12  1.49117e-14
5.134768220e+00  1.5786595e-12  1.57866e-12  1.56277e-12  1.58936e-14
5.160442061e+00  1.5650054e-12  1.56501e-12  1.54807e-12  1.69308e-14
5.186244272e+00  1.5515400e-12  1.55154e-12  1.53353e-12  1.80143e-14
5.212175493e+00  1.5382341e-12  1.53823e-12  1.51907e-12  1.91634e-14
5.238236370e+00  1.5251191e-12  1.52512e-12  1.50476e-12  2.03629e-14
5.264427552e+00  1.5121771e-12  1.51218e-12  1.49055e-12  2.16269e-14
5.290749690e+00  1.4994190e-12  1.49942e-12  1.47647e-12  2.29518e-14
5.317203438e+00  1.4868379e-12  1.48684e-12  1.46249e-12  2.43465e-14
5.343789456e+00  1.4744442e-12  1.47444e-12  1.44864e-12  2.58070e-14
5.370508403e+00  1.4622318e-12  1.46223e-12  1.43489e-12  2.73430e-14
5.397360945e+00  1.4502105e-12  1.45021e-12  1.42126e-12  2.89500e-14
5.424347750e+00  1.4383818e-12  1.43838e-12  1.40775e-12  3.06304e-14
5.451469488e+00  1.4267412e-12  1.42674e-12  1.39435e-12  3.23950e-14
5.478726836e+00  1.4152972e-12  1.41530e-12  1.38106e-12  3.42387e-14
5.506120470e+00  1.4037243e-12  1.40372e-12  1.36702e-12  3.67063e-14
5.533651072e+00  1.3913602e-12  1.39136e-12  1.35011e-12  4.12482e-14
5.561319328e+00  1.3794342e-12  1.37943e-12  1.33336e-12  4.60738e-14
5.589125924e+00  1.3679614e-12  1.36796e-12  1.31678e-12  5.11853e-14
5.617071554e+00  1.3569448e-12  1.35694e-12  1.30033e-12  5.66145e-14
5.645156912e+00  1.3464039e-12  1.34640e-12  1.28405e-12  6.23543e-14
5.673382696e+00  1.3363468e-12  1.33635e-12  1.26792e-12  6.84275e-14
5.701749610e+00  1.3267860e-12  1.32679e-12  1.25194e-12  7.48476e-14
5.730258358e+00  1.3177345e-12  1.31773e-12  1.23611e-12  8.16284e-14
5.758909650e+00  1.3092064e-12  1.30921e-12  1.22043e-12  8.87721e-14
5.787704198e+00  1.3012127e-12  1.30121e-12  1.20490e-12  9.63168e-14
5.816642719e+00  1.2937690e-12  1.29377e-12  1.18952e-12  1.04253e-13
5.845725932e+00  1.2868882e-12  1.28689e-12  1.17428e-12  1.12607e-13
5.874954562e+00  1.2805851e-12  1.28059e-12  1.15919e-12  1.21396e-13
5.904329335e+00  1.2748744e-12  1.27487e-12  1.14424e-12  1.30635e-13
5.933850982e+00  1.2697694e-12  1.26977e-12  1.12944e-12  1.40325e-13
5.963520237e+00  1.2652894e-12  1.26529e-12  1.11478e-12  1.50511e-13
5.993337838e+00  1.2614454e-12  1.26145e-12  1.10026e-12  1.61182e-13
6.023304527e+00  1.2573059e-12  1.25731e-12  1.08887e-12  1.68438e-13
6.053421050e+00  1.2532225e-12  1.25322e-12  1.07841e-12  1.74809e-13
6.083688155e+00  1.2494197e-12  1.24942e-12  1.06806e-12  1.81355e-13
6.114106596e+00  1.2459102e-12  1.24591e-12  1.05780e-12  1.88114e-13
6.144677129e+00  1.2426929e-12  1.24269e-12  1.04762e-12  1.95072e-13
6.175400514e+00  1.2397780e-12  1.23978e-12  1.03752e-12  2.02254e-13
6.206277517e+00  1.2367102e-12  1.23671e-12  1.02820e-12  2.08511e-13
6.237308904e+00  1.2319216e-12  1.23192e-12  1.02162e-12  2.10306e-13
6.268495449e+00  1.2270305e-12  1.22703e-12  1.01507e-12  2.11957e-13
6.299837926e+00  1.2220377e-12  1.22204e-12  1.00856e-12  2.13476e-13
6.331337116e+00  1.2169152e-12  1.21692e-12  1.00210e-12  2.14813e-13
6.362993801e+00  1.2116626e-12  1.21166e-12  9.95684e-13  2.15979e-13
6.394808770e+00  1.2062702e-12  1.20627e-12  9.89305e-13  2.16965e-13
6.426782814e+00  1.2007155e-12  1.20072e-12  9.82978e-13  2.17738e-13
6.458916728e+00  1.1950128e-12  1.19501e-12  9.76679e-13  2.18334e-13
6.491211312e+00  1.1891260e-12  1.18913e-12  9.70431e-13  2.18695e-13
6.523667368e+00  1.1850730e-12  1.18507e-12  9.62798e-13  2.22275e-13
6.556285705e+00  1.1818435e-12  1.18184e-12  9.54696e-13  2.27148e-13
6.589067134e+00  1.1787118e-12  1.17871e-12  9.46667e-13  2.32045e-13
6.622012469e+00  1.1756915e-12  1.17569e-12  9.38700e-13  2.36991e-13
6.655122532e+00  1.1727809e-12  1.17278e-12  9.30796e-13  2.41985e-13
6.688398144e+00  1.1699593e-12  1.16996e-12  9.22963e-13  2.46997e-13
6.721840135e+00  1.1672623e-12  1.16726e-12  9.15181e-13  2.52082e-13
6.755449336e+00  1.1646492e-12  1.16465e-12  9.07469e-13  2.57180e-13
6.789226583e+00  1.1621372e-12  1.16214e-12  8.99818e-13  2.62320e-13
6.823172715e+00  1.1597020e-12  1.15970e-12  8.92236e-13  2.67466e-13
6.857288579e+00  1.1573856e-12  1.15739e-12  8.84703e-13  2.72683e-13
6.891575022e+00  1.1551402e-12  1.15514e-12  8.77239e-13  2.77901e-13
6.926032897e+00  1.1529863e-12  1.15299e-12  8.69833e-13  2.83153e-13
6.960663062e+00  1.1508954e-12  1.15090e-12  8.62495e-13  2.88401e-13
6.995466377e+00  1.1488897e-12  1.14889e-12  8.55214e-13  2.93676e-13
7.030443709e+00  1.1469953e-12  1.14700e-12  8.47981e-13  2.99015e-13
7.065595927e+00  1.1451251e-12  1.14513e-12  8.40822e-13  3.04303e-13
7.100923907e+00  1.1433615e-12  1.14336e-12  8.33711e-13  3.09650e-13
7.136428526e+00  1.1416426e-12  1.14164e-12  8.26665e-13  3.14978e-13
7.172110669e+00  1.1399953e-12  1.14000e-12  8.19674e-13  3.20321e-13
7.207971222e+00  1.1382502e-12  1.13825e-12  8.12782e-13  3.25468e-13
7.244011079e+00  1.1358727e-12  1.13587e-12  8.06118e-13  3.29754e-13
7.280231134e+00  1.1334696e-12  1.13347e-12  7.99514e-13  3.33956e-13
7.316632290e+00  1.1310704e-12  1.13107e-12  7.92959e-13  3.38112e-13
7.353215451e+00  1.1286713e-12  1.12867e-12  7.86453e-13  3.42218e-13
7.389981528e+00  1.1262685e-12  1.12627e-12  7.79997e-13  3.46272e-13
7.426931436e+00  1.1238183e-12  1.12382e-12  7.73598e-13  3.50221e-13
7.464066093e+00  1.1213132e-12  1.12131e-12  7.67255e-13  3.54058e-13
7.501386424e+00  1.1188304e-12  1.11883e-12  7.60953e-13  3.57878e-13
7.538893356e+00  1.1162824e-12  1.11628e-12  7.54706e-13  3.61577e-13
7.576587822e+00  1.1136617e-12  1.11366e-12  7.48514e-13  3.65148e-13
7.614470762e+00  1.1110064e-12  1.11101e-12  7.42370e-13  3.68637e-13
7.652543115e+00  1.1083123e-12  1.10831e-12  7.36272e-13  3.72041e-13
7.690805831e+00  1.1055269e-12  1.10553e-12  7.30228e-13  3.75299e-13
7.729259860e+00  1.1026919e-12  1.10269e-12  7.24229e-13  3.78462e-13
7.767906159e+00  1.0997521e-12  1.09975e-12  7.18284e-13  3.81468e-13
7.806745690e+00  1.0967515e-12  1.09675e-12  7.12385e-13  3.84367e-13
7.845779419e+00  1.0936859e-12  1.09369e-12  7.06530e-13  3.87156e-13
7.885008316e+00  1.0904962e-12  1.09050e-12  7.00727e-13  3.89770e-13
7.924433357e+00  1.0839848e-12  1.08398e-12  6.95397e-13  3.88587e-13
7.964055524e+00  1.0752339e-12  1.07523e-12  6.90361e-13  3.84873e-13
8.003875802e+00  1.0660892e-12  1.06609e-12  6.85363e-13  3.80726e-13
8.043895181e+00  1.0565385e-12  1.05654e-12  6.80403e-13  3.76135e-13
8.084114657e+00  1.0465698e-12  1.04657e-12  6.75481e-13  3.71089e-13
8.124535230e+00  1.0361708e-12  1.03617e-12  6.70596e-13  3.65575e-13
8.165157906e+00  1.0253294e-12  1.02533e-12  6.65748e-13  3.59581e-13
8.205983696e+00  1.0154747e-12  1.01547e-12  6.60785e-13  3.54690e-13
8.247013614e+00  1.0137154e-12  1.01372e-12  6.54986e-13  3.58729e-13
8.288248682e+00  1.0119031e-12  1.01190e-12  6.49242e-13  3.62661e-13
8.329689926e+00  1.0101707e-12  1.01017e-12  6.43539e-13  3.66631e-13
8.371338375e+00  1.0083776e-12  1.00838e-12  6.37890e-13  3.70487e-13
8.413195067e+00  1.0065897e-12  1.00659e-12  6.32289e-13  3.74301e-13
8.455261042e+00  1.0048044e-12  1.00480e-12  6.26733e-13  3.78071e-13
8.497537348e+00  1.0030193e-12  1.00302e-12  6.21224e-13  3.81795e-13
8.540025034e+00  1.0028527e-12  1.00285e-12  6.15625e-13  3.87227e-13
8.582725160e+00  1.0029021e-12  1.00290e-12  6.10062e-13  3.92840e-13
8.625638785e+00  1.0029343e-12  1.00293e-12  6.04552e-13  3.98382e-13
8.668766979e+00  1.0030247e-12  1.00302e-12  5.99090e-13  4.03934e-13
8.712110814e+00  1.0037545e-12  1.00375e-12  5.93632e-13  4.10123e-13
8.755671368e+00  1.0060877e-12  1.00609e-12  5.88110e-13  4.17978e-13
8.799449725e+00  1.0084657e-12  1.00847e-12  5.82643e-13  4.25823e-13
8.843446974e+00  1.0110584e-12  1.01106e-12  5.77219e-13  4.33840e-13
8.887664209e+00  1.0136905e-12  1.01369e-12  5.71849e-13  4.41842e-13
8.932102530e+00  1.0165383e-12  1.01654e-12  5.66521e-13  4.50018e-13
8.976763042e+00  1.0194200e-12  1.01942e-12  5.61246e-13  4.58174e-13
9.021646857e+00  1.0222352e-12  1.02224e-12  5.56030e-13  4.66205e-13
9.066755092e+00  1.0248769e-12  1.02488e-12  5.50878e-13  4.73999e-13
9.112088867e+00  1.0275245e-12  1.02752e-12  5.45777e-13  4.81748e-13
9.157649312e+00  1.0303700e-12  1.03037e-12  5.40715e-13  4.89655e-13
9.203437558e+00  1.0330134e-12  1.03301e-12  5.35716e-13  4.97298e-13
9.249454746e+00  1.0335926e-12  1.03359e-12  5.30878e-13  5.02715e-13
9.295702020e+00  1.0341897e-12  1.03419e-12  5.26081e-13  5.08109e-13
9.342180530e+00  1.0346969e-12  1.03470e-12  5.21331e-13  5.13366e-13
9.388891432e+00  1.0352145e-12  1.03521e-12  5.16623e-13  5.18592e-13
9.435835890e+00  1.0357407e-12  1.03574e-12  5.11955e-13  5.23786e-13
9.483015069e+00  1.0363842e-12  1.03638e-12  5.07322e-13  5.29063e-13
9.530430144e+00  1.0359095e-12  1.03591e-12  5.02781e-13  5.33128e-13
9.578082295e+00  1.0349494e-12  1.03495e-12  4.98301e-13  5.36648e-13
9.625972707e+00  1.0338294e-12  1.03383e-12  4.93864e-13  5.39966e-13
9.674102570e+00  1.0327775e-12  1.03278e-12  4.89459e-13  5.43318e-13
9.722473083e+00  1.0315578e-12  1.03156e-12  4.85097e-13  5.46461e-13
9.771085448e+00  1.0302842e-12  1.03028e-12  4.80772e-13  5.49512e-13
9.819940876e+00  1.0319036e-12  1.03190e-12  4.76365e-13  5.55539e-13
9.869040580e+00  1.0381583e-12  1.03816e-12  4.71814e-13  5.66345e-13
9.918385783e+00  1.0445641e-12  1.04456e-12  4.67304e-13  5.77260e-13
9.967977712e+00  1.0511198e-12  1.05112e-12  4.62836e-13  5.88283e-13
1.001781760e+01  1.0737905e-12  1.07379e-12  4.57820e-13  6.15971e-13
1.006790669e+01  1.1261098e-12  1.12611e-12  4.51804e-13  6.74306e-13
1.011824622e+01  1.1800413e-12  1.18004e-12  4.45850e-13  7.34192e-13
1.016883745e+01  1.2355962e-12  1.23560e-12  4.39956e-13  7.95640e-13
1.021968164e+01  1.2927851e-12  1.29279e-12  4.34123e-13  8.58662e-13
1.027078005e+01  1.3516185e-12  1.35162e-12  4.28350e-13  9.23268e-13
1.032213395e+01  1.4121061e-12  1.41211e-12  4.22636e-13  9.89470e-13
1.037374462e+01  1.4741151e-12  1.47412e-12  4.16986e-13  1.05713e-12
1.042561334e+01  1.5379367e-12  1.53794e-12  4.11390e-13  1.12655e-12
1.047774141e+01  1.6032934e-12  1.60329e-12  4.05856e-13  1.19744e-12
1.053013012e+01  1.6704824e-12  1.67048e-12  4.00374e-13  1.27011e-12
1.058278077e+01  1.7392182e-12  1.73922e-12  3.94955e-13  1.34426e-12
1.063569467e+01  1.8567051e-12  1.85671e-12  3.88253e-13  1.46845e-12
1.068887314e+01  1.9858384e-12  1.98584e-12  3.81386e-13  1.60445e-12
1.074231751e+01  2.1184400e-12  2.11844e-12  3.74592e-13  1.74385e-12
1.079602910e+01  2.2543730e-12  2.25437e-12  3.67873e-13  1.88650e-12
1.085000924e+01  2.3934922e-12  2.39349e-12  3.61233e-13  2.03226e-12
1.090425929e+01  2.5359636e-12  2.53596e-12  3.54668e-13  2.18130e-12
1.095878058e+01  2.6817977e-12  2.68180e-12  3.48176e-13  2.33362e-12
1.101357449e+01  2.8342647e-12  2.83426e-12  3.41678e-13  2.49259e-12
1.106864236e+01  2.9999025e-12  2.99990e-12  3.35018e-13  2.66488e-12
1.112398557e+01  3.1692017e-12  3.16920e-12  3.28437e-13  2.84076e-12
1.117960550e+01  3.3423359e-12  3.34234e-12  3.21929e-13  3.02041e-12
1.123550353e+01  3.5191443e-12  3.51914e-12  3.15498e-13  3.20365e-12
1.129168104e+01  3.6996296e-12  3.69963e-12  3.09142e-13  3.39049e-12
1.134813945e+01  3.8839668e-12  3.88397e-12  3.02859e-13  3.58111e-12
1.140488015e+01  4.0721614e-12  4.07216e-12  2.96645e-13  3.77552e-12
1.146190455e+01  4.2640407e-12  4.26404e-12  2.90506e-13  3.97353e-12
1.151921407e+01  4.4312243e-12  4.43122e-12  2.85028e-13  4.14620e-12
1.157681014e+01  4.5440750e-12  4.54407e-12  2.80777e-13  4.26330e-12
1.163469419e+01  4.6588094e-12  4.65881e-12  2.76569e-13  4.38224e-12
1.169286766e+01  4.7752428e-12  4.77524e-12  2.72407e-13  4.50284e-12
1.175133200e+01  4.8933685e-12  4.89337e-12  2.68291e-13  4.62508e-12
1.181008866e+01  5.0133659e-12  5.01337e-12  2.64217e-13  4.74915e-12
1.186913910e+01  5.1348552e-12  5.13486e-12  2.60192e-13  4.87466e-12
1.192848480e+01  5.2582032e-12  5.25820e-12  2.56208e-13  5.00200e-12
1.198812722e+01  5.3832138e-12  5.38321e-12  2.52268e-13  5.13095e-12
1.204806786e+01  5.5100711e-12  5.51007e-12  2.48369e-13  5.26170e-12
1.210830820e+01  5.6383793e-12  5.63838e-12  2.44517e-13  5.39386e-12
1.216884974e+01  5.7685164e-12  5.76852e-12  2.40704e-13  5.52781e-12
1.222969399e+01  5.9002774e-12  5.90028e-12  2.36935e-13  5.66334e-12
1.229084246e+01  6.0336505e-12  6.03365e-12  2.33207e-13  5.80044e-12
1.235229667e+01  6.1688247e-12  6.16882e-12  2.29519e-13  5.93931e-12
1.241405815e+01  6.3055886e-12  6.30559e-12  2.25873e-13  6.07972e-12
1.247612845e+01  6.4439286e-12  6.44393e-12  2.22268e-13  6.22166e-12
1.253850909e+01  6.5193132e-12  6.51931e-12  2.19687e-13  6.29963e-12
1.260120163e+01  6.5543719e-12  6.55437e-12  2.17742e-13  6.33663e-12
1.266420764e+01  6.5889899e-12  6.58899e-12  2.15814e-13  6.37318e-12
1.272752868e+01  6.6229500e-12  6.62295e-12  2.13905e-13  6.40904e-12
1.279116632e+01  6.6564531e-12  6.65645e-12  2.12012e-13  6.44444e-12
1.285512215e+01  6.6897066e-12  6.68971e-12  2.10133e-13  6.47957e-12
1.291939776e+01  6.7220631e-12  6.72206e-12  2.08276e-13  6.51379e-12
1.298399475e+01  6.7541578e-12  6.75416e-12  2.06431e-13  6.54773e-12
1.304891473e+01  6.7332083e-12  6.73321e-12  2.05304e-13  6.52790e-12
1.311415930e+01  6.6932947e-12  6.69329e-12  2.04414e-13  6.48888e-12
1.317973010e+01  6.6517519e-12  6.65175e-12  2.03524e-13  6.44823e-12
1.324562875e+01  6.6081386e-12  6.60814e-12  2.02641e-13  6.40550e-12
1.331185689e+01  6.5628984e-12  6.56290e-12  2.01759e-13  6.36114e-12
1.337841618e+01  6.5158108e-12  6.51581e-12  2.00880e-13  6.31493e-12
1.344530826e+01  6.4668771e-12  6.46688e-12  2.00005e-13  6.26687e-12
1.351253480e+01  6.4163270e-12  6.41633e-12  1.99131e-13  6.21720e-12
1.358009747e+01  6.3637086e-12  6.36371e-12  1.98263e-13  6.16545e-12
1.364799796e+01  6.3094820e-12  6.30948e-12  1.97396e-13  6.11209e-12
1.371623795e+01  6.2531911e-12  6.25319e-12  1.96535e-13  6.05666e-12
1.378481914e+01  6.1953025e-12  6.19530e-12  1.95675e-13  5.99963e-12
1.385374323e+01  6.1355907e-12  6.13559e-12  1.94818e-13  5.94077e-12
1.392301195e+01  6.0740611e-12  6.07406e-12  1.93965e-13  5.88010e-12
1.399262701e+01  6.0107196e-12  6.01072e-12  1.93114e-13  5.81761e-12
1.406259015e+01  5.8941244e-12  5.89412e-12  1.92813e-13  5.70131e-12
1.413290310e+01  5.7689816e-12  5.76898e-12  1.92570e-13  5.57641e-12
1.420356761e+01  5.6409905e-12  5.64099e-12  1.92324e-13  5.44867e-12
1.427458545e+01  5.5104062e-12  5.51041e-12  1.92072e-13  5.31833e-12
1.434595838e+01  5.3774896e-12  5.37749e-12  1.91812e-13  5.18568e-12
1.441768817e+01  5.2415302e-12  5.24153e-12  1.91551e-13  5.04998e-12
1.448977661e+01  5.1032764e-12  5.10328e-12  1.91282e-13  4.91199e-12
1.456222549e+01  4.9622589e-12  4.96226e-12  1.91011e-13  4.77125e-12
1.463503662e+01  4.8189904e-12  4.81899e-12  1.90731e-13  4.62826e-12
1.470821180e+01  4.6727502e-12  4.67275e-12  1.90450e-13  4.48230e-12
1.478175286e+01  4.5243031e-12  4.52430e-12  1.90162e-13  4.33414e-12
1.485566163e+01  4.4042523e-12  4.40425e-12  1.89589e-13  4.21466e-12
1.492993994e+01  4.2923649e-12  4.29236e-12  1.88923e-13  4.10344e-12
1.500458964e+01  4.1817083e-12  4.18171e-12  1.88231e-13  3.99348e-12
1.507961258e+01  4.1205321e-12  4.12053e-12  1.87091e-13  3.93344e-12
1.515501065e+01  4.0580100e-12  4.05801e-12  1.85961e-13  3.87205e-12
1.523078570e+01  3.9944064e-12  3.99441e-12  1.84837e-13  3.80957e-12
1.530693963e+01  3.9297330e-12  3.92973e-12  1.83719e-13  3.74601e-12
1.538347433e+01  3.8637447e-12  3.86374e-12  1.82609e-13  3.68114e-12
1.546039170e+01  3.7964512e-12  3.79645e-12  1.81508e-13  3.61494e-12
1.553769366e+01  3.7283812e-12  3.72838e-12  1.80411e-13  3.54797e-12
1.561538212e+01  3.6587702e-12  3.65877e-12  1.79324e-13  3.47945e-12
1.569345903e+01  3.5881482e-12  3.58815e-12  1.78243e-13  3.40991e-12
1.577192633e+01  3.5162672e-12  3.51627e-12  1.77170e-13  3.33910e-12
1.585078596e+01  3.4434014e-12  3.44340e-12  1.76103e-13  3.26730e-12
1.593003989e+01  3.3695651e-12  3.36957e-12  1.75042e-13  3.19452e-12
1.600969009e+01  3.2945085e-12  3.29451e-12  1.73989e-13  3.12052e-12
1.608973854e+01  3.2182442e-12  3.21824e-12  1.72943e-13  3.04530e-12
1.617018723e+01  3.1407850e-12  3.14079e-12  1.71905e-13  2.96888e-12
1.625103817e+01  3.0626767e-12  3.06268e-12  1.70871e-13  2.89181e-12
1.633229336e+01  2.9831359e-12  2.98314e-12  1.69846e-13  2.81329e-12
1.641395483e+01  2.9094009e-12  2.90940e-12  1.68780e-13  2.74062e-12
1.649602460e+01  2.8672944e-12  2.86729e-12  1.67495e-13  2.69980e-12
1.657850473e+01  2.8247880e-12  2.82479e-12  1.66219e-13  2.65857e-12
1.666139725e+01  2.7816220e-12  2.78162e-12  1.64954e-13  2.61667e-12
1.674470424e+01  2.7378046e-12  2.73780e-12  1.63699e-13  2.57411e-12
1.682842776e+01  2.6930731e-12  2.69307e-12  1.62456e-13  2.53062e-12
1.691256990e+01  2.6482482e-12  2.64825e-12  1.61220e-13  2.48703e-12
1.699713274e+01  2.6025262e-12  2.60253e-12  1.59996e-13  2.44253e-12
1.708211841e+01  2.5561866e-12  2.55619e-12  1.58782e-13  2.39740e-12
1.716752900e+01  2.5092381e-12  2.50924e-12  1.57578e-13  2.35166e-12
1.725336665e+01  2.4545834e-12  2.45458e-12  1.56428e-13  2.29815e-12
1.733963348e+01  2.3949333e-12  2.39493e-12  1.55315e-13  2.23962e-12
1.742633165e+01  2.3343907e-12  2.33439e-12  1.54211e-13  2.18018e-12
1.751346330e+01  2.2735155e-12  2.27352e-12  1.53114e-13  2.12040e-12
1.760103062e+01  2.2117707e-12  2.21177e-12  1.52027e-13  2.05974e-12
1.768903577e+01  2.1494425e-12  2.14944e-12  1.50948e-13  1.99849e-12
1.777748095e+01  2.0865431e-12  2.08654e-12  1.49877e-13  1.93667e-12
1.786636836e+01  2.0230847e-12  2.02308e-12  1.48815e-13  1.87427e-12
1.795570020e+01  1.9588033e-12  1.95880e-12  1.47761e-13  1.81104e-12
1.804547870e+01  1.9069963e-12  1.90700e-12  1.46642e-13  1.76035e-12
1.813570609e+01  1.8671635e-12  1.86716e-12  1.45462e-13  1.72170e-12
1.822638462e+01  1.8268704e-12  1.82687e-12  1.44293e-13  1.68258e-12
1.831751655e+01  1.7864022e-12  1.78640e-12  1.43133e-13  1.64327e-12
1.840910413e+01  1.7454896e-12  1.74549e-12  1.41983e-13  1.60351e-12
1.850114965e+01  1.7044183e-12  1.70442e-12  1.40841e-13  1.56358e-12
1.859365540e+01  1.6865710e-12  1.68657e-12  1.39584e-13  1.54699e-12
1.868662368e+01  1.6683339e-12  1.66833e-12  1.38339e-13  1.52999e-12
1.878005679e+01  1.6499886e-12  1.64999e-12  1.37105e-13  1.51288e-12
1.887395708e+01  1.6315391e-12  1.63154e-12  1.35882e-13  1.49566e-12
1.896832686e+01  1.6129892e-12  1.61299e-12  1.34669e-13  1.47832e-12
1.906316850e+01  1.5940637e-12  1.59406e-12  1.33469e-13  1.46059e-12
1.915848434e+01  1.5750452e-12  1.57505e-12  1.32279e-13  1.44277e-12
1.925427676e+01  1.5556584e-12  1.55566e-12  1.31100e-13  1.42456e-12
1.935054815e+01  1.5364655e-12  1.53647e-12  1.29930e-13  1.40654e-12
1.944730089e+01  1.5169118e-12  1.51691e-12  1.28772e-13  1.38814e-12
1.954453739e+01  1.4970012e-12  1.49700e-12  1.27626e-13  1.36938e-12
1.964226008e+01  1.4770168e-12  1.47702e-12  1.26489e-13  1.35053e-12
1.974047138e+01  1.4569624e-12  1.45696e-12  1.25362e-13  1.33160e-12
1.983917374e+01  1.4368420e-12  1.43684e-12  1.24245e-13  1.31260e-12
1.993836960e+01  1.4163802e-12  1.41638e-12  1.23138e-13  1.29324e-12
2.003806145e+01  1.3858122e-12  1.38581e-12  1.22088e-13  1.26372e-12
2.013825176e+01  1.3381747e-12  1.33817e-12  1.21123e-13  1.21705e-12
2.023894302e+01  1.2905064e-12  1.29051e-12  1.20165e-13  1.17034e-12
2.034013773e+01  1.2425371e-12  1.24254e-12  1.19216e-13  1.12332e-12
2.044183842e+01  1.1945543e-12  1.19455e-12  1.18274e-13  1.07628e-12
2.054404761e+01  1.1460096e-12  1.14601e-12  1.17341e-13  1.02867e-12
2.064676785e+01  1.0974691e-12  1.09747e-12  1.16414e-13  9.81055e-13
2.075000169e+01  1.0486630e-12  1.04866e-12  1.15496e-13  9.33167e-13
2.085375170e+01  9.9960037e-13  9.99600e-13  1.14586e-13  8.85015e-13
2.095802046e+01  9.5029013e-13  9.50290e-13  1.13683e-13  8.36607e-13
2.106281056e+01  9.0074127e-13  9.00741e-13  1.12788e-13  7.87953e-13
2.116812461e+01  8.5096276e-13  8.50963e-13  1.11901e-13  7.39061e-13
2.127396524e+01  8.0124067e-13  8.01241e-13  1.11021e-13  6.90220e-13
2.138033506e+01  7.7372647e-13  7.73726e-13  1.10056e-13  6.63670e-13
2.148723674e+01  7.5370452e-13  7.53705e-13  1.09070e-13  6.44635e-13
2.159467292e+01  7.3369730e-13  7.33697e-13  1.08092e-13  6.25605e-13
2.170264629e+01  7.1343209e-13  7.13432e-13  1.07124e-13  6.06308e-13
2.181115952e+01  6.9318857e-13  6.93189e-13  1.06164e-13  5.87025e-13
2.192021532e+01  6.7269468e-13  6.72695e-13  1.05214e-13  5.67481e-13
2.202981639e+01  6.5222945e-13  6.52229e-13  1.04272e-13  5.47958e-13
2.213996547e+01  6.3179599e-13  6.31796e-13  1.03338e-13  5.28458e-13
2.225066530e+01  6.1139736e-13  6.11397e-13  1.02412e-13  5.08985e-13
2.236191863e+01  5.9076292e-13  5.90763e-13  1.01496e-13  4.89267e-13
2.247372822e+01  5.7017017e-13  5.70170e-13  1.00588e-13  4.69583e-13
2.258609686e+01  5.6189973e-13  5.61900e-13  9.96414e-14  4.62258e-13
2.269902735e+01  5.5745059e-13  5.57451e-13  9.86900e-14  4.58761e-13
2.281252248e+01  5.5326956e-13  5.53270e-13  9.77466e-14  4.55523e-13
2.292658510e+01  5.4881285e-13  5.48813e-13  9.68130e-14  4.52000e-13
2.304121802e+01  5.4435343e-13  5.44353e-13  9.58882e-14  4.48465e-13
2.315642411e+01  5.4016235e-13  5.40162e-13  9.49711e-14  4.45191e-13
2.327220623e+01  5.3569867e-13  5.35699e-13  9.40637e-14  4.41635e-13
2.338856726e+01  5.3123394e-13  5.31234e-13  9.31648e-14  4.38069e-13
2.350551010e+01  5.2676871e-13  5.26769e-13  9.22743e-14  4.34494e-13
2.362303765e+01  5.2230351e-13  5.22304e-13  9.13922e-14  4.30911e-13
2.374115284e+01  5.1783889e-13  5.17839e-13  9.05184e-14  4.27320e-13
2.385985860e+01  5.1337538e-13  5.13375e-13  8.96529e-14  4.23722e-13
2.397915789e+01  5.0891351e-13  5.08914e-13  8.87955e-14  4.20118e-13
2.409905368e+01  5.0445379e-13  5.04454e-13  8.79462e-14  4.16508e-13
2.421954895e+01  4.9999675e-13  4.99997e-13  8.71049e-14  4.12892e-13
2.434064670e+01  4.9554290e-13  4.95543e-13  8.62716e-14  4.09271e-13
2.446234993e+01  4.9082847e-13  4.90828e-13  8.54469e-14  4.05382e-13
2.458466168e+01  4.8638314e-13  4.86383e-13  8.46292e-14  4.01754e-13
2.470758499e+01  4.8167952e-13  4.81680e-13  8.38201e-14  3.97859e-13
2.483112291e+01  4.7724472e-13  4.77245e-13  8.30177e-14  3.94227e-13
2.495527853e+01  4.7255393e-13  4.72554e-13  8.22237e-14  3.90330e-13
