# ------------------------------------------------------------------------
# Radiance spectrum
# NASA-GSFC Planetary Spectrum Generator (PSG) (Villanueva et al. 2018, 2022)
# Synthesized on Sat Jan 27 21:39:43 2024
# Doppler velocities [km/s] (vobs,vrot+vorb,vwidth,vrfl,vstr): 0.00000,-0.00000,0.00000,-119.41115,-0.00000
# Spectral unit: Wavelength [um]
# Radiance unit: Spectral irradiance [W/m2/um]
# Wave/freq Total Object Reflected Thermal
5.000000000e-01  7.5354197e-12  7.53542e-12  7.53542e-12  0.00000e+00
5.025000000e-01  7.6110611e-12  7.61106e-12  7.61106e-12  0.00000e+00
5.050125000e-01  7.6865411e-12  7.68654e-12  7.68654e-12  0.00000e+00
5.075375625e-01  7.7618450e-12  7.76184e-12  7.76184e-12  0.00000e+00
5.100752503e-01  7.8369582e-12  7.83696e-12  7.83696e-12  0.00000e+00
5.126256266e-01  7.9118663e-12  7.91187e-12  7.91187e-12  0.00000e+00
5.151887547e-01  7.9865546e-12  7.98655e-12  7.98655e-12  0.00000e+00
5.177646985e-01  8.0610089e-12  8.06101e-12  8.06101e-12  0.00000e+00
5.203535220e-01  8.1352148e-12  8.13521e-12  8.13521e-12  0.00000e+00
5.229552896e-01  8.2091580e-12  8.20916e-12  8.20916e-12  0.00000e+00
5.255700660e-01  8.2828243e-12  8.28282e-12  8.28282e-12  0.00000e+00
5.281979164e-01  8.3561997e-12  8.35620e-12  8.35620e-12  0.00000e+00
5.308389059e-01  8.4292701e-12  8.42927e-12  8.42927e-12  0.00000e+00
5.334931005e-01  8.5020217e-12  8.50202e-12  8.50202e-12  0.00000e+00
5.361605660e-01  8.5744406e-12  8.57444e-12  8.57444e-12  0.00000e+00
5.388413688e-01  8.6465131e-12  8.64651e-12  8.64651e-12  0.00000e+00
5.415355756e-01  8.7182258e-12  8.71823e-12  8.71823e-12  0.00000e+00
5.442432535e-01  8.7895650e-12  8.78957e-12  8.78957e-12  0.00000e+00
5.469644698e-01  8.8605175e-12  8.86052e-12  8.86052e-12  0.00000e+00
5.496992921e-01  8.9310701e-12  8.93107e-12  8.93107e-12  0.00000e+00
5.524477886e-01  9.0012097e-12  9.00121e-12  9.00121e-12  0.00000e+00
5.552100275e-01  9.0709234e-12  9.07092e-12  9.07092e-12  0.00000e+00
5.579860777e-01  9.1401983e-12  9.14020e-12  9.14020e-12  0.00000e+00
5.607760081e-01  9.2090218e-12  9.20902e-12  9.20902e-12  0.00000e+00
5.635798881e-01  9.2773815e-12  9.27738e-12  9.27738e-12  0.00000e+00
5.663977875e-01  9.3452649e-12  9.34526e-12  9.34526e-12  0.00000e+00
5.692297765e-01  9.4126599e-12  9.41266e-12  9.41266e-12  0.00000e+00
5.720759254e-01  9.4795545e-12  9.47955e-12  9.47955e-12  0.00000e+00
5.749363050e-01  9.5459368e-12  9.54594e-12  9.54594e-12  0.00000e+00
5.778109865e-01  9.6117951e-12  9.61180e-12  9.61180e-12  0.00000e+00
5.807000414e-01  9.6771179e-12  9.67712e-12  9.67712e-12  0.00000e+00
5.836035417e-01  9.7418939e-12  9.74189e-12  9.74189e-12  0.00000e+00
5.865215594e-01  9.8061118e-12  9.80611e-12  9.80611e-12  0.00000e+00
5.894541672e-01  9.8697608e-12  9.86976e-12  9.86976e-12  0.00000e+00
5.924014380e-01  9.9328301e-12  9.93283e-12  9.93283e-12  0.00000e+00
5.953634452e-01  9.9953090e-12  9.99531e-12  9.99531e-12  0.00000e+00
5.983402624e-01  1.0057187e-11  1.00572e-11  1.00572e-11  0.00000e+00
6.013319637e-01  1.0118454e-11  1.01185e-11  1.01185e-11  0.00000e+00
6.043386235e-01  1.0179101e-11  1.01791e-11  1.01791e-11  0.00000e+00
6.073603167e-01  1.0239116e-11  1.02391e-11  1.02391e-11  0.00000e+00
6.103971182e-01  1.0298491e-11  1.02985e-11  1.02985e-11  0.00000e+00
6.134491038e-01  1.0357216e-11  1.03572e-11  1.03572e-11  0.00000e+00
6.165163494e-01  1.0415282e-11  1.04153e-11  1.04153e-11  0.00000e+00
6.195989311e-01  1.0472680e-11  1.04727e-11  1.04727e-11  0.00000e+00
6.226969258e-01  1.0529402e-11  1.05294e-11  1.05294e-11  0.00000e+00
6.258104104e-01  1.0585438e-11  1.05854e-11  1.05854e-11  0.00000e+00
6.289394624e-01  1.0640780e-11  1.06408e-11  1.06408e-11  0.00000e+00
6.320841597e-01  1.0695420e-11  1.06954e-11  1.06954e-11  0.00000e+00
6.352445805e-01  1.0749351e-11  1.07494e-11  1.07494e-11  0.00000e+00
6.384208035e-01  1.0802564e-11  1.08026e-11  1.08026e-11  0.00000e+00
6.416129075e-01  1.0855052e-11  1.08551e-11  1.08551e-11  0.00000e+00
6.448209720e-01  1.0906808e-11  1.09068e-11  1.09068e-11  0.00000e+00
6.480450769e-01  1.0957824e-11  1.09578e-11  1.09578e-11  0.00000e+00
6.512853022e-01  1.1008095e-11  1.10081e-11  1.10081e-11  0.00000e+00
6.545417288e-01  1.1057612e-11  1.10576e-11  1.10576e-11  0.00000e+00
6.578144374e-01  1.1106371e-11  1.11064e-11  1.11064e-11  0.00000e+00
6.611035096e-01  1.1154364e-11  1.11544e-11  1.11544e-11  0.00000e+00
6.644090271e-01  1.1201586e-11  1.12016e-11  1.12016e-11  0.00000e+00
6.677310723e-01  1.1248031e-11  1.12480e-11  1.12480e-11  0.00000e+00
6.710697276e-01  1.1293693e-11  1.12937e-11  1.12937e-11  0.00000e+00
6.744250763e-01  1.1338568e-11  1.13386e-11  1.13386e-11  0.00000e+00
6.777972017e-01  1.1382650e-11  1.13827e-11  1.13827e-11  0.00000e+00
6.811861877e-01  1.1425935e-11  1.14259e-11  1.14259e-11  0.00000e+00
6.845921186e-01  1.1468418e-11  1.14684e-11  1.14684e-11  0.00000e+00
6.880150792e-01  1.1510093e-11  1.15101e-11  1.15101e-11  0.00000e+00
6.914551546e-01  1.1550959e-11  1.15510e-11  1.15510e-11  0.00000e+00
6.949124304e-01  1.1591010e-11  1.15910e-11  1.15910e-11  0.00000e+00
6.983869925e-01  1.1630242e-11  1.16302e-11  1.16302e-11  0.00000e+00
7.018789275e-01  1.1668653e-11  1.16687e-11  1.16687e-11  0.00000e+00
7.053883221e-01  1.1706238e-11  1.17062e-11  1.17062e-11  0.00000e+00
7.089152637e-01  1.1742996e-11  1.17430e-11  1.17430e-11  0.00000e+00
7.124598400e-01  1.1778922e-11  1.17789e-11  1.17789e-11  0.00000e+00
7.160221392e-01  1.1814015e-11  1.18140e-11  1.18140e-11  0.00000e+00
7.196022499e-01  1.1848272e-11  1.18483e-11  1.18483e-11  0.00000e+00
7.232002612e-01  1.1881691e-11  1.18817e-11  1.18817e-11  0.00000e+00
7.268162625e-01  1.1914270e-11  1.19143e-11  1.19143e-11  0.00000e+00
7.304503438e-01  1.1946007e-11  1.19460e-11  1.19460e-11  0.00000e+00
7.341025955e-01  1.1976901e-11  1.19769e-11  1.19769e-11  0.00000e+00
7.377731085e-01  1.2006950e-11  1.20069e-11  1.20069e-11  0.00000e+00
7.414619740e-01  1.2036153e-11  1.20362e-11  1.20362e-11  0.00000e+00
7.451692839e-01  1.2064509e-11  1.20645e-11  1.20645e-11  0.00000e+00
7.488951303e-01  1.2092018e-11  1.20920e-11  1.20920e-11  0.00000e+00
7.526396060e-01  1.2118678e-11  1.21187e-11  1.21187e-11  0.00000e+00
7.564028040e-01  1.2144491e-11  1.21445e-11  1.21445e-11  0.00000e+00
7.601848180e-01  1.2169454e-11  1.21695e-11  1.21695e-11  0.00000e+00
7.639857421e-01  1.2193569e-11  1.21936e-11  1.21936e-11  0.00000e+00
7.678056708e-01  1.2216836e-11  1.22168e-11  1.22168e-11  0.00000e+00
7.716446992e-01  1.2239256e-11  1.22393e-11  1.22393e-11  0.00000e+00
7.755029227e-01  1.2260828e-11  1.22608e-11  1.22608e-11  0.00000e+00
7.793804373e-01  1.2281553e-11  1.22816e-11  1.22816e-11  0.00000e+00
7.832773395e-01  1.2301434e-11  1.23014e-11  1.23014e-11  0.00000e+00
7.871937262e-01  1.2320470e-11  1.23205e-11  1.23205e-11  0.00000e+00
7.911296948e-01  1.2338664e-11  1.23387e-11  1.23387e-11  0.00000e+00
7.950853433e-01  1.2356016e-11  1.23560e-11  1.23560e-11  0.00000e+00
7.990607700e-01  1.2372529e-11  1.23725e-11  1.23725e-11  0.00000e+00
8.030560739e-01  1.2388204e-11  1.23882e-11  1.23882e-11  0.00000e+00
8.070713542e-01  1.2403044e-11  1.24030e-11  1.24030e-11  0.00000e+00
8.111067110e-01  1.2417051e-11  1.24171e-11  1.24171e-11  0.00000e+00
8.151622446e-01  1.2430226e-11  1.24302e-11  1.24302e-11  0.00000e+00
8.192380558e-01  1.2442573e-11  1.24426e-11  1.24426e-11  0.00000e+00
8.233342461e-01  1.2454095e-11  1.24541e-11  1.24541e-11  0.00000e+00
8.274509173e-01  1.2464793e-11  1.24648e-11  1.24648e-11  0.00000e+00
8.315881719e-01  1.2474672e-11  1.24747e-11  1.24747e-11  0.00000e+00
8.357461127e-01  1.2483735e-11  1.24837e-11  1.24837e-11  0.00000e+00
8.399248433e-01  1.2491984e-11  1.24920e-11  1.24920e-11  0.00000e+00
8.441244675e-01  1.2499423e-11  1.24994e-11  1.24994e-11  0.00000e+00
8.483450899e-01  1.2506056e-11  1.25061e-11  1.25061e-11  0.00000e+00
8.525868153e-01  1.2511887e-11  1.25119e-11  1.25119e-11  0.00000e+00
8.568497494e-01  1.2516919e-11  1.25169e-11  1.25169e-11  0.00000e+00
8.611339981e-01  1.2521156e-11  1.25212e-11  1.25212e-11  0.00000e+00
8.654396681e-01  1.2524603e-11  1.25246e-11  1.25246e-11  0.00000e+00
8.697668665e-01  1.2527264e-11  1.25273e-11  1.25273e-11  0.00000e+00
8.741157008e-01  1.2529144e-11  1.25291e-11  1.25291e-11  0.00000e+00
8.784862793e-01  1.2530246e-11  1.25302e-11  1.25302e-11  0.00000e+00
8.828787107e-01  1.2530575e-11  1.25306e-11  1.25306e-11  0.00000e+00
8.872931042e-01  1.2530137e-11  1.25301e-11  1.25301e-11  0.00000e+00
8.917295698e-01  1.2528936e-11  1.25289e-11  1.25289e-11  0.00000e+00
8.961882176e-01  1.2526976e-11  1.25270e-11  1.25270e-11  0.00000e+00
9.006691587e-01  1.2524264e-11  1.25243e-11  1.25243e-11  0.00000e+00
9.051725045e-01  1.2520805e-11  1.25208e-11  1.25208e-11  0.00000e+00
9.096983670e-01  1.2516603e-11  1.25166e-11  1.25166e-11  0.00000e+00
9.142468589e-01  1.2511664e-11  1.25117e-11  1.25117e-11  0.00000e+00
9.188180931e-01  1.2505994e-11  1.25060e-11  1.25060e-11  0.00000e+00
9.234121836e-01  1.2499598e-11  1.24996e-11  1.24996e-11  0.00000e+00
9.280292445e-01  1.2492482e-11  1.24925e-11  1.24925e-11  0.00000e+00
9.326693908e-01  1.2484651e-11  1.24847e-11  1.24847e-11  0.00000e+00
9.373327377e-01  1.2476112e-11  1.24761e-11  1.24761e-11  0.00000e+00
9.420194014e-01  1.2466871e-11  1.24669e-11  1.24669e-11  0.00000e+00
9.467294984e-01  1.2456933e-11  1.24569e-11  1.24569e-11  0.00000e+00
9.514631459e-01  1.2446304e-11  1.24463e-11  1.24463e-11  0.00000e+00
9.562204616e-01  1.2434992e-11  1.24350e-11  1.24350e-11  0.00000e+00
9.610015639e-01  1.2423001e-11  1.24230e-11  1.24230e-11  0.00000e+00
9.658065718e-01  1.2410338e-11  1.24103e-11  1.24103e-11  0.00000e+00
9.706356046e-01  1.2397011e-11  1.23970e-11  1.23970e-11  0.00000e+00
9.754887826e-01  1.2383024e-11  1.23830e-11  1.23830e-11  0.00000e+00
9.803662265e-01  1.2368385e-11  1.23684e-11  1.23684e-11  0.00000e+00
9.852680577e-01  1.2353101e-11  1.23531e-11  1.23531e-11  0.00000e+00
9.901943980e-01  1.2337177e-11  1.23372e-11  1.23372e-11  0.00000e+00
9.951453700e-01  1.2320621e-11  1.23206e-11  1.23206e-11  0.00000e+00
1.000121097e+00  1.2303439e-11  1.23034e-11  1.23034e-11  0.00000e+00
1.005121702e+00  1.2285638e-11  1.22856e-11  1.22856e-11  0.00000e+00
1.010147311e+00  1.2267224e-11  1.22672e-11  1.22672e-11  0.00000e+00
1.015198047e+00  1.2248206e-11  1.22482e-11  1.22482e-11  0.00000e+00
1.020274038e+00  1.2228589e-11  1.22286e-11  1.22286e-11  0.00000e+00
1.025375408e+00  1.2208381e-11  1.22084e-11  1.22084e-11  0.00000e+00
1.030502285e+00  1.2187588e-11  1.21876e-11  1.21876e-11  0.00000e+00
1.035654796e+00  1.2166218e-11  1.21662e-11  1.21662e-11  0.00000e+00
1.040833070e+00  1.2144277e-11  1.21443e-11  1.21443e-11  0.00000e+00
1.046037236e+00  1.2121774e-11  1.21218e-11  1.21218e-11  0.00000e+00
1.051267422e+00  1.2098714e-11  1.20987e-11  1.20987e-11  0.00000e+00
1.056523759e+00  1.2075104e-11  1.20751e-11  1.20751e-11  0.00000e+00
1.061806378e+00  1.2050953e-11  1.20510e-11  1.20510e-11  0.00000e+00
1.067115410e+00  1.2026267e-11  1.20263e-11  1.20263e-11  0.00000e+00
1.072450987e+00  1.2001054e-11  1.20011e-11  1.20011e-11  0.00000e+00
1.077813242e+00  1.1975320e-11  1.19753e-11  1.19753e-11  0.00000e+00
1.083202308e+00  1.1949073e-11  1.19491e-11  1.19491e-11  0.00000e+00
1.088618319e+00  1.1922320e-11  1.19223e-11  1.19223e-11  0.00000e+00
1.094061411e+00  1.1895068e-11  1.18951e-11  1.18951e-11  0.00000e+00
1.099531718e+00  1.1867325e-11  1.18673e-11  1.18673e-11  0.00000e+00
1.105029377e+00  1.1839098e-11  1.18391e-11  1.18391e-11  0.00000e+00
1.110554523e+00  1.1810393e-11  1.18104e-11  1.18104e-11  0.00000e+00
1.116107296e+00  1.1781219e-11  1.17812e-11  1.17812e-11  0.00000e+00
1.121687832e+00  1.1751583e-11  1.17516e-11  1.17516e-11  0.00000e+00
1.127296272e+00  1.1721491e-11  1.17215e-11  1.17215e-11  0.00000e+00
1.132932753e+00  1.1690951e-11  1.16910e-11  1.16910e-11  0.00000e+00
1.138597417e+00  1.1659971e-11  1.16600e-11  1.16600e-11  0.00000e+00
1.144290404e+00  1.1628557e-11  1.16286e-11  1.16286e-11  0.00000e+00
1.150011856e+00  1.1596717e-11  1.15967e-11  1.15967e-11  0.00000e+00
1.155761915e+00  1.1564458e-11  1.15645e-11  1.15645e-11  0.00000e+00
1.161540725e+00  1.1531787e-11  1.15318e-11  1.15318e-11  0.00000e+00
1.167348428e+00  1.1498711e-11  1.14987e-11  1.14987e-11  0.00000e+00
1.173185171e+00  1.1465238e-11  1.14652e-11  1.14652e-11  0.00000e+00
1.179051096e+00  1.1431375e-11  1.14314e-11  1.14314e-11  0.00000e+00
1.184946352e+00  1.1397129e-11  1.13971e-11  1.13971e-11  0.00000e+00
1.190871084e+00  1.1362506e-11  1.13625e-11  1.13625e-11  0.00000e+00
1.196825439e+00  1.1327515e-11  1.13275e-11  1.13275e-11  0.00000e+00
1.202809566e+00  1.1292162e-11  1.12922e-11  1.12922e-11  0.00000e+00
1.208823614e+00  1.1256454e-11  1.12565e-11  1.12565e-11  0.00000e+00
1.214867732e+00  1.1220398e-11  1.12204e-11  1.12204e-11  0.00000e+00
1.220942071e+00  1.1184002e-11  1.11840e-11  1.11840e-11  0.00000e+00
1.227046781e+00  1.1147271e-11  1.11473e-11  1.11473e-11  0.00000e+00
1.233182015e+00  1.1110214e-11  1.11102e-11  1.11102e-11  0.00000e+00
1.239347925e+00  1.1072837e-11  1.10728e-11  1.10728e-11  0.00000e+00
1.245544665e+00  1.1035147e-11  1.10351e-11  1.10351e-11  0.00000e+00
1.251772388e+00  1.0997151e-11  1.09972e-11  1.09972e-11  0.00000e+00
1.258031250e+00  1.0958856e-11  1.09589e-11  1.09589e-11  0.00000e+00
1.264321406e+00  1.0920268e-11  1.09203e-11  1.09203e-11  0.00000e+00
1.270643013e+00  1.0881394e-11  1.08814e-11  1.08814e-11  0.00000e+00
1.276996228e+00  1.0842241e-11  1.08422e-11  1.08422e-11  0.00000e+00
1.283381209e+00  1.0802815e-11  1.08028e-11  1.08028e-11  0.00000e+00
1.289798116e+00  1.0763124e-11  1.07631e-11  1.07631e-11  0.00000e+00
1.296247106e+00  1.0723173e-11  1.07232e-11  1.07232e-11  0.00000e+00
1.302728342e+00  1.0682970e-11  1.06830e-11  1.06830e-11  0.00000e+00
1.309241983e+00  1.0642521e-11  1.06425e-11  1.06425e-11  0.00000e+00
1.315788193e+00  1.0601832e-11  1.06018e-11  1.06018e-11  0.00000e+00
1.322367134e+00  1.0560909e-11  1.05609e-11  1.05609e-11  0.00000e+00
1.328978970e+00  1.0519760e-11  1.05198e-11  1.05198e-11  0.00000e+00
1.335623865e+00  1.0478390e-11  1.04784e-11  1.04784e-11  0.00000e+00
1.342301984e+00  1.0436807e-11  1.04368e-11  1.04368e-11  0.00000e+00
1.349013494e+00  1.0395015e-11  1.03950e-11  1.03950e-11  0.00000e+00
1.355758561e+00  1.0353021e-11  1.03530e-11  1.03530e-11  0.00000e+00
1.362537354e+00  1.0310831e-11  1.03108e-11  1.03108e-11  0.00000e+00
1.369350041e+00  1.0268452e-11  1.02685e-11  1.02685e-11  0.00000e+00
1.376196791e+00  1.0225890e-11  1.02259e-11  1.02259e-11  0.00000e+00
1.383077775e+00  1.0183150e-11  1.01832e-11  1.01832e-11  0.00000e+00
1.389993164e+00  1.0140239e-11  1.01402e-11  1.01402e-11  0.00000e+00
1.396943130e+00  1.0097161e-11  1.00972e-11  1.00972e-11  0.00000e+00
1.403927846e+00  1.0053925e-11  1.00539e-11  1.00539e-11  0.00000e+00
1.410947485e+00  1.0010534e-11  1.00105e-11  1.00105e-11  0.00000e+00
1.418002222e+00  9.9669947e-12  9.96699e-12  9.96699e-12  0.00000e+00
1.425092233e+00  9.9233132e-12  9.92331e-12  9.92331e-12  0.00000e+00
1.432217694e+00  9.8794948e-12  9.87949e-12  9.87949e-12  0.00000e+00
1.439378783e+00  9.8355451e-12  9.83555e-12  9.83555e-12  0.00000e+00
1.446575677e+00  9.7914697e-12  9.79147e-12  9.79147e-12  0.00000e+00
1.453808555e+00  9.7472741e-12  9.74727e-12  9.74727e-12  0.00000e+00
1.461077598e+00  9.7029636e-12  9.70296e-12  9.70296e-12  0.00000e+00
1.468382986e+00  9.6585437e-12  9.65854e-12  9.65854e-12  0.00000e+00
1.475724901e+00  9.6140198e-12  9.61402e-12  9.61402e-12  0.00000e+00
1.483103525e+00  9.5693970e-12  9.56940e-12  9.56940e-12  0.00000e+00
1.490519043e+00  9.5246805e-12  9.52468e-12  9.52468e-12  0.00000e+00
1.497971638e+00  9.4798757e-12  9.47988e-12  9.47988e-12  0.00000e+00
1.505461496e+00  9.4349875e-12  9.43499e-12  9.43499e-12  0.00000e+00
1.512988804e+00  9.3900210e-12  9.39002e-12  9.39002e-12  0.00000e+00
1.520553748e+00  9.3449811e-12  9.34498e-12  9.34498e-12  0.00000e+00
1.528156517e+00  9.2998730e-12  9.29987e-12  9.29987e-12  0.00000e+00
1.535797299e+00  9.2547013e-12  9.25470e-12  9.25470e-12  0.00000e+00
1.543476286e+00  9.2094710e-12  9.20947e-12  9.20947e-12  0.00000e+00
1.551193667e+00  9.1641868e-12  9.16419e-12  9.16419e-12  0.00000e+00
1.558949636e+00  9.1188534e-12  9.11885e-12  9.11885e-12  0.00000e+00
1.566744384e+00  9.0734756e-12  9.07348e-12  9.07348e-12  0.00000e+00
1.574578106e+00  9.0280578e-12  9.02806e-12  9.02806e-12  0.00000e+00
1.582450996e+00  8.9826046e-12  8.98260e-12  8.98260e-12  0.00000e+00
1.590363251e+00  8.9371206e-12  8.93712e-12  8.93712e-12  0.00000e+00
1.598315067e+00  8.8916102e-12  8.89161e-12  8.89161e-12  0.00000e+00
1.606306643e+00  8.8460777e-12  8.84608e-12  8.84608e-12  0.00000e+00
1.614338176e+00  8.8005274e-12  8.80053e-12  8.80053e-12  0.00000e+00
1.622409867e+00  8.7549637e-12  8.75496e-12  8.75496e-12  0.00000e+00
1.630521916e+00  8.7093907e-12  8.70939e-12  8.70939e-12  0.00000e+00
1.638674526e+00  8.6638126e-12  8.66381e-12  8.66381e-12  0.00000e+00
1.646867898e+00  8.6182335e-12  8.61823e-12  8.61823e-12  0.00000e+00
1.655102238e+00  8.5726574e-12  8.57266e-12  8.57266e-12  0.00000e+00
1.663377749e+00  8.5270884e-12  8.52709e-12  8.52709e-12  0.00000e+00
1.671694638e+00  8.4815303e-12  8.48153e-12  8.48153e-12  0.00000e+00
1.680053111e+00  8.4359870e-12  8.43599e-12  8.43599e-12  0.00000e+00
1.688453377e+00  8.3904623e-12  8.39046e-12  8.39046e-12  0.00000e+00
1.696895643e+00  8.3449601e-12  8.34496e-12  8.34496e-12  0.00000e+00
1.705380122e+00  8.2994840e-12  8.29948e-12  8.29948e-12  0.00000e+00
1.713907022e+00  8.2540376e-12  8.25404e-12  8.25404e-12  0.00000e+00
1.722476557e+00  8.2086246e-12  8.20862e-12  8.20862e-12  0.00000e+00
1.731088940e+00  8.1632486e-12  8.16325e-12  8.16325e-12  0.00000e+00
1.739744385e+00  8.1179130e-12  8.11791e-12  8.11791e-12  0.00000e+00
1.748443107e+00  8.0726212e-12  8.07262e-12  8.07262e-12  0.00000e+00
1.757185322e+00  8.0273767e-12  8.02738e-12  8.02738e-12  0.00000e+00
1.765971249e+00  7.9821828e-12  7.98218e-12  7.98218e-12  0.00000e+00
1.774801105e+00  7.9370427e-12  7.93704e-12  7.93704e-12  0.00000e+00
1.783675111e+00  7.8919597e-12  7.89196e-12  7.89196e-12  0.00000e+00
1.792593486e+00  7.8469370e-12  7.84694e-12  7.84694e-12  0.00000e+00
1.801556454e+00  7.8019777e-12  7.80198e-12  7.80198e-12  0.00000e+00
1.810564236e+00  7.7570848e-12  7.75708e-12  7.75708e-12  0.00000e+00
1.819617057e+00  7.7122614e-12  7.71226e-12  7.71226e-12  0.00000e+00
1.828715142e+00  7.6675105e-12  7.66751e-12  7.66751e-12  0.00000e+00
1.837858718e+00  7.6228349e-12  7.62283e-12  7.62283e-12  0.00000e+00
1.847048012e+00  7.5782376e-12  7.57824e-12  7.57824e-12  0.00000e+00
1.856283252e+00  7.5337213e-12  7.53372e-12  7.53372e-12  0.00000e+00
1.865564668e+00  7.4892888e-12  7.48929e-12  7.48929e-12  0.00000e+00
1.874892491e+00  7.4449429e-12  7.44494e-12  7.44494e-12  0.00000e+00
1.884266954e+00  7.4006861e-12  7.40069e-12  7.40069e-12  0.00000e+00
1.893688289e+00  7.3565212e-12  7.35652e-12  7.35652e-12  0.00000e+00
1.903156730e+00  7.3124506e-12  7.31245e-12  7.31245e-12  0.00000e+00
1.912672514e+00  7.2684770e-12  7.26848e-12  7.26848e-12  0.00000e+00
1.922235876e+00  7.2246028e-12  7.22460e-12  7.22460e-12  0.00000e+00
1.931847056e+00  7.1808303e-12  7.18083e-12  7.18083e-12  0.00000e+00
1.941506291e+00  7.1371621e-12  7.13716e-12  7.13716e-12  0.00000e+00
1.951213822e+00  7.0936004e-12  7.09360e-12  7.09360e-12  0.00000e+00
1.960969892e+00  7.0501475e-12  7.05015e-12  7.05015e-12  0.00000e+00
1.970774741e+00  7.0068056e-12  7.00681e-12  7.00681e-12  0.00000e+00
1.980628615e+00  6.9635770e-12  6.96358e-12  6.96358e-12  0.00000e+00
1.990531758e+00  6.9204637e-12  6.92046e-12  6.92046e-12  0.00000e+00
2.000484417e+00  6.8774680e-12  6.87747e-12  6.87747e-12  0.00000e+00
2.010486839e+00  6.8345918e-12  6.83459e-12  6.83459e-12  0.00000e+00
2.020539273e+00  6.7918372e-12  6.79184e-12  6.79184e-12  0.00000e+00
2.030641969e+00  6.7492062e-12  6.74921e-12  6.74921e-12  0.00000e+00
2.040795179e+00  6.7067006e-12  6.70670e-12  6.70670e-12  0.00000e+00
2.050999155e+00  6.6643224e-12  6.66432e-12  6.66432e-12  0.00000e+00
2.061254151e+00  6.6220733e-12  6.62207e-12  6.62207e-12  0.00000e+00
2.071560421e+00  6.5799553e-12  6.57996e-12  6.57996e-12  0.00000e+00
2.081918224e+00  6.5379700e-12  6.53797e-12  6.53797e-12  0.00000e+00
2.092327815e+00  6.4961192e-12  6.49612e-12  6.49612e-12  0.00000e+00
2.102789454e+00  6.4544046e-12  6.45440e-12  6.45440e-12  0.00000e+00
2.113303401e+00  6.4128278e-12  6.41283e-12  6.41283e-12  0.00000e+00
2.123869918e+00  6.3713903e-12  6.37139e-12  6.37139e-12  0.00000e+00
2.134489268e+00  6.3300938e-12  6.33009e-12  6.33009e-12  0.00000e+00
2.145161714e+00  6.2889398e-12  6.28894e-12  6.28894e-12  0.00000e+00
2.155887523e+00  6.2479296e-12  6.24793e-12  6.24793e-12  0.00000e+00
2.166666960e+00  6.2070649e-12  6.20706e-12  6.20706e-12  0.00000e+00
2.177500295e+00  6.1663470e-12  6.16635e-12  6.16635e-12  0.00000e+00
2.188387796e+00  6.1257772e-12  6.12578e-12  6.12578e-12  0.00000e+00
2.199329735e+00  6.0853568e-12  6.08536e-12  6.08536e-12  0.00000e+00
2.210326384e+00  6.0450873e-12  6.04509e-12  6.04509e-12  0.00000e+00
2.221378016e+00  6.0049697e-12  6.00497e-12  6.00497e-12  0.00000e+00
2.232484906e+00  5.9650054e-12  5.96501e-12  5.96501e-12  0.00000e+00
2.243647331e+00  5.9251956e-12  5.92520e-12  5.92520e-12  0.00000e+00
2.254865567e+00  5.8855412e-12  5.88554e-12  5.88554e-12  0.00000e+00
2.266139895e+00  5.8460436e-12  5.84604e-12  5.84604e-12  0.00000e+00
2.277470595e+00  5.8067037e-12  5.80670e-12  5.80670e-12  0.00000e+00
2.288857948e+00  5.7675227e-12  5.76752e-12  5.76752e-12  0.00000e+00
2.300302237e+00  5.7285014e-12  5.72850e-12  5.72850e-12  0.00000e+00
2.311803748e+00  5.6896410e-12  5.68964e-12  5.68964e-12  0.00000e+00
2.323362767e+00  5.6509422e-12  5.65094e-12  5.65094e-12  0.00000e+00
2.334979581e+00  5.6124062e-12  5.61241e-12  5.61241e-12  0.00000e+00
2.346654479e+00  5.5740336e-12  5.57403e-12  5.57403e-12  0.00000e+00
2.358387751e+00  5.5358255e-12  5.53583e-12  5.53583e-12  0.00000e+00
2.370179690e+00  5.4977825e-12  5.49778e-12  5.49778e-12  0.00000e+00
2.382030589e+00  5.4599056e-12  5.45991e-12  5.45991e-12  0.00000e+00
2.393940742e+00  5.4221953e-12  5.42220e-12  5.42220e-12  0.00000e+00
2.405910445e+00  5.3846526e-12  5.38465e-12  5.38465e-12  0.00000e+00
2.417939997e+00  5.3472780e-12  5.34728e-12  5.34728e-12  0.00000e+00
2.430029697e+00  5.3100723e-12  5.31007e-12  5.31007e-12  0.00000e+00
2.442179846e+00  5.2730361e-12  5.27304e-12  5.27304e-12  0.00000e+00
2.454390745e+00  5.2361699e-12  5.23617e-12  5.23617e-12  0.00000e+00
2.466662699e+00  5.1994745e-12  5.19947e-12  5.19947e-12  0.00000e+00
2.478996012e+00  5.1629503e-12  5.16295e-12  5.16295e-12  0.00000e+00
2.491390992e+00  5.1265978e-12  5.12660e-12  5.12660e-12  0.00000e+00
2.503847947e+00  5.0904176e-12  5.09042e-12  5.09042e-12  0.00000e+00
2.516367187e+00  5.0544102e-12  5.05441e-12  5.05441e-12  0.00000e+00
2.528949023e+00  5.0185760e-12  5.01858e-12  5.01858e-12  0.00000e+00
2.541593768e+00  4.9829154e-12  4.98292e-12  4.98292e-12  0.00000e+00
2.554301737e+00  4.9474288e-12  4.94743e-12  4.94743e-12  0.00000e+00
2.567073246e+00  4.9121166e-12  4.91212e-12  4.91212e-12  0.00000e+00
2.579908612e+00  4.8769792e-12  4.87698e-12  4.87698e-12  0.00000e+00
2.592808155e+00  4.8420168e-12  4.84202e-12  4.84202e-12  0.00000e+00
2.605772196e+00  4.8072299e-12  4.80723e-12  4.80723e-12  0.00000e+00
2.618801057e+00  4.7726186e-12  4.77262e-12  4.77262e-12  0.00000e+00
2.631895062e+00  4.7381832e-12  4.73818e-12  4.73818e-12  0.00000e+00
2.645054537e+00  4.7039239e-12  4.70392e-12  4.70392e-12  0.00000e+00
2.658279810e+00  4.6698410e-12  4.66984e-12  4.66984e-12  0.00000e+00
2.671571209e+00  4.6359347e-12  4.63593e-12  4.63593e-12  0.00000e+00
2.684929065e+00  4.6022051e-12  4.60221e-12  4.60221e-12  0.00000e+00
2.698353710e+00  4.5686524e-12  4.56865e-12  4.56865e-12  0.00000e+00
2.711845479e+00  4.5352313e-12  4.53523e-12  4.53523e-12  4.36677e-20
2.725404706e+00  4.5020330e-12  4.50203e-12  4.50203e-12  4.69214e-20
2.739031730e+00  4.4689672e-12  4.46897e-12  4.46897e-12  1.00792e-19
2.752726889e+00  4.4360793e-12  4.43608e-12  4.43608e-12  1.62313e-19
2.766490523e+00  4.4034134e-12  4.40341e-12  4.40341e-12  1.74182e-19
2.780322976e+00  4.3708811e-12  4.37088e-12  4.37088e-12  2.49119e-19
2.794224591e+00  4.3385701e-12  4.33857e-12  4.33857e-12  2.67109e-19
2.808195713e+00  4.3063935e-12  4.30639e-12  4.30639e-12  3.57848e-19
2.822236692e+00  4.2744374e-12  4.27444e-12  4.27444e-12  3.83367e-19
2.836347875e+00  4.2426162e-12  4.24262e-12  4.24262e-12  4.92643e-19
2.850529615e+00  4.2110148e-12  4.21101e-12  4.21101e-12  5.27336e-19
2.864782263e+00  4.1795489e-12  4.17955e-12  4.17955e-12  6.58279e-19
2.879106174e+00  4.1482605e-12  4.14826e-12  4.14826e-12  8.04637e-19
2.893501705e+00  4.1171907e-12  4.11719e-12  4.11719e-12  8.60240e-19
2.907969214e+00  4.0862569e-12  4.08626e-12  4.08626e-12  1.03423e-18
2.922509060e+00  4.0555407e-12  4.05554e-12  4.05554e-12  1.10480e-18
2.937121605e+00  4.0249608e-12  4.02496e-12  4.02496e-12  1.31079e-18
2.951807213e+00  3.9945578e-12  3.99456e-12  3.99456e-12  1.53902e-18
2.966566249e+00  3.9643709e-12  3.96437e-12  3.96437e-12  1.64206e-18
2.981399080e+00  3.9343207e-12  3.93432e-12  3.93432e-12  1.91052e-18
2.996306076e+00  3.9044855e-12  3.90449e-12  3.90448e-12  2.03682e-18
3.011287606e+00  3.8748257e-12  3.87483e-12  3.87482e-12  2.17061e-18
3.026344044e+00  3.8453793e-12  3.84538e-12  3.84538e-12  2.11961e-18
3.041475764e+00  3.8160692e-12  3.81607e-12  3.81607e-12  2.25708e-18
3.056683143e+00  3.7869713e-12  3.78697e-12  3.78697e-12  2.18413e-18
3.071966559e+00  3.7580470e-12  3.75805e-12  3.75804e-12  2.09159e-18
3.087326392e+00  3.7292961e-12  3.72930e-12  3.72929e-12  1.97749e-18
3.102763024e+00  3.7006815e-12  3.70068e-12  3.70068e-12  2.10252e-18
3.118276839e+00  3.6722766e-12  3.67228e-12  3.67227e-12  1.95527e-18
3.133868223e+00  3.6440441e-12  3.64404e-12  3.64404e-12  1.78056e-18
3.149537564e+00  3.6159836e-12  3.61598e-12  3.61598e-12  1.57582e-18
3.165285252e+00  3.5880593e-12  3.58806e-12  3.58806e-12  1.67293e-18
3.181111678e+00  3.5603420e-12  3.56034e-12  3.56034e-12  1.42029e-18
3.197017237e+00  3.5327956e-12  3.53280e-12  3.53279e-12  1.13002e-18
3.213002323e+00  3.5053850e-12  3.50539e-12  3.50538e-12  1.19832e-18
3.229067334e+00  3.4781451e-12  3.47815e-12  3.47814e-12  1.27029e-18
3.245212671e+00  3.4510755e-12  3.45108e-12  3.45107e-12  1.34609e-18
3.261438734e+00  3.4241756e-12  3.42418e-12  3.42417e-12  1.42589e-18
3.277745928e+00  3.3974451e-12  3.39745e-12  3.39744e-12  1.50988e-18
3.294134658e+00  3.3708835e-12  3.37088e-12  3.37088e-12  1.59824e-18
3.310605331e+00  3.3444904e-12  3.34449e-12  3.34449e-12  1.69117e-18
3.327158358e+00  3.3182652e-12  3.31827e-12  3.31826e-12  1.78887e-18
3.343794149e+00  3.2922075e-12  3.29221e-12  3.29221e-12  1.89154e-18
3.360513120e+00  3.2663169e-12  3.26632e-12  3.26631e-12  1.99940e-18
3.377315686e+00  3.2405927e-12  3.24059e-12  3.24059e-12  2.11267e-18
3.394202264e+00  3.2150346e-12  3.21503e-12  3.21503e-12  2.23158e-18
3.411173276e+00  3.1896419e-12  3.18964e-12  3.18964e-12  2.35636e-18
3.428229142e+00  3.1644142e-12  3.16441e-12  3.16441e-12  2.48726e-18
3.445370288e+00  3.1393509e-12  3.13935e-12  3.13935e-12  2.62454e-18
3.462597139e+00  3.1144515e-12  3.11445e-12  3.11445e-12  2.76844e-18
3.479910125e+00  3.0897155e-12  3.08972e-12  3.08971e-12  2.91924e-18
3.497309675e+00  3.0651422e-12  3.06514e-12  3.06514e-12  3.07721e-18
3.514796224e+00  3.0407019e-12  3.04070e-12  3.04070e-12  4.32353e-18
3.532370205e+00  3.0163948e-12  3.01639e-12  3.01639e-12  6.83165e-18
3.550032056e+00  2.9922787e-12  2.99228e-12  2.99227e-12  8.39313e-18
3.567782216e+00  2.9683237e-12  2.96832e-12  2.96831e-12  1.00977e-17
3.585621127e+00  2.9445012e-12  2.94450e-12  2.94449e-12  1.32830e-17
3.603549233e+00  2.9208670e-12  2.92087e-12  2.92085e-12  1.53713e-17
3.621566979e+00  2.8973923e-12  2.89739e-12  2.89737e-12  1.76352e-17
3.639674814e+00  2.8740490e-12  2.87405e-12  2.87403e-12  2.16304e-17
3.657873188e+00  2.8508915e-12  2.85089e-12  2.85087e-12  2.43571e-17
3.676162554e+00  2.8278915e-12  2.82789e-12  2.82786e-12  2.72969e-17
3.694543367e+00  2.8050221e-12  2.80502e-12  2.80499e-12  3.22541e-17
3.713016084e+00  2.7823357e-12  2.78234e-12  2.78230e-12  3.57476e-17
3.731581164e+00  2.7598050e-12  2.75981e-12  2.75977e-12  3.94971e-17
3.750239070e+00  2.7374041e-12  2.73740e-12  2.73736e-12  4.55895e-17
3.768990265e+00  2.7152082e-12  2.71521e-12  2.71516e-12  4.78227e-17
3.787835216e+00  2.6931655e-12  2.69317e-12  2.69312e-12  5.01497e-17
3.806774393e+00  2.6712753e-12  2.67128e-12  2.67122e-12  5.25735e-17
3.825808265e+00  2.6495370e-12  2.64954e-12  2.64948e-12  5.50975e-17
3.844937306e+00  2.6279500e-12  2.62795e-12  2.62789e-12  5.77249e-17
3.864161992e+00  2.6064902e-12  2.60649e-12  2.60643e-12  6.32071e-17
3.883482802e+00  2.5852039e-12  2.58520e-12  2.58514e-12  6.61808e-17
3.902900216e+00  2.5640669e-12  2.56407e-12  2.56400e-12  6.92733e-17
3.922414717e+00  2.5430785e-12  2.54308e-12  2.54301e-12  7.24885e-17
3.942026791e+00  2.5222380e-12  2.52224e-12  2.52216e-12  7.58302e-17
3.961736925e+00  2.5015231e-12  2.50152e-12  2.50144e-12  8.27501e-17
3.981545610e+00  2.4809768e-12  2.48098e-12  2.48089e-12  8.65132e-17
4.001453338e+00  2.4605764e-12  2.46058e-12  2.46049e-12  9.04208e-17
4.021460604e+00  2.4402188e-12  2.44022e-12  2.44010e-12  1.14160e-16
4.041567907e+00  2.4200095e-12  2.42001e-12  2.41987e-12  1.39806e-16
4.061775747e+00  2.3999478e-12  2.39995e-12  2.39978e-12  1.67461e-16
4.082084626e+00  2.3800333e-12  2.38003e-12  2.37984e-12  1.97234e-16
4.102495049e+00  2.3602652e-12  2.36027e-12  2.36004e-12  2.29233e-16
4.123007524e+00  2.3406431e-12  2.34064e-12  2.34038e-12  2.63575e-16
4.143622562e+00  2.3211661e-12  2.32117e-12  2.32087e-12  3.00377e-16
4.164340674e+00  2.3018339e-12  2.30183e-12  2.30149e-12  3.39762e-16
4.185162378e+00  2.2826457e-12  2.28265e-12  2.28226e-12  3.81859e-16
4.206088190e+00  2.2635842e-12  2.26358e-12  2.26315e-12  4.32565e-16
4.227118631e+00  2.2446828e-12  2.24468e-12  2.24420e-12  4.80723e-16
4.248254224e+00  2.2259237e-12  2.22592e-12  2.22539e-12  5.32007e-16
4.269495495e+00  2.2073064e-12  2.20731e-12  2.20672e-12  5.86562e-16
4.290842972e+00  2.1888303e-12  2.18883e-12  2.18819e-12  6.44539e-16
4.312297187e+00  2.1704800e-12  2.17048e-12  2.16977e-12  7.13150e-16
4.333858673e+00  2.1522849e-12  2.15228e-12  2.15151e-12  7.78720e-16
4.355527967e+00  2.1342293e-12  2.13423e-12  2.13338e-12  8.48197e-16
4.377305606e+00  2.1162993e-12  2.11630e-12  2.11537e-12  9.29694e-16
4.399192134e+00  2.0985213e-12  2.09852e-12  2.09751e-12  1.00781e-15
4.421188095e+00  2.0808812e-12  2.08088e-12  2.07979e-12  1.09036e-15
4.443294036e+00  2.0633665e-12  2.06337e-12  2.06218e-12  1.18645e-15
4.465510506e+00  2.0460008e-12  2.04600e-12  2.04472e-12  1.27877e-15
4.487838058e+00  2.0287605e-12  2.02876e-12  2.02737e-12  1.38573e-15
4.510277249e+00  2.0114237e-12  2.01142e-12  2.00970e-12  1.72843e-15
4.532828635e+00  1.9939894e-12  1.99399e-12  1.99161e-12  2.37474e-15
4.555492778e+00  1.9767379e-12  1.97674e-12  1.97366e-12  3.07758e-15
4.578270242e+00  1.9596806e-12  1.95968e-12  1.95585e-12  3.82902e-15
4.601161593e+00  1.9428106e-12  1.94281e-12  1.93817e-12  4.64277e-15
4.624167401e+00  1.9261458e-12  1.92615e-12  1.92065e-12  5.49826e-15
4.647288238e+00  1.9096721e-12  1.90967e-12  1.90325e-12  6.42136e-15
4.670524679e+00  1.8933929e-12  1.89339e-12  1.88598e-12  7.41570e-15
4.693877303e+00  1.8773223e-12  1.87732e-12  1.86886e-12  8.45834e-15
4.717346689e+00  1.8614504e-12  1.86145e-12  1.85187e-12  9.57804e-15
4.740933423e+00  1.8457849e-12  1.84578e-12  1.83502e-12  1.07644e-14
4.764638090e+00  1.8303239e-12  1.83032e-12  1.81829e-12  1.20349e-14
4.788461280e+00  1.8150741e-12  1.81507e-12  1.80170e-12  1.33785e-14
4.812403587e+00  1.8000374e-12  1.80004e-12  1.78524e-12  1.47978e-14
4.836465604e+00  1.7852156e-12  1.78522e-12  1.76892e-12  1.62957e-14
4.860647933e+00  1.7706100e-12  1.77061e-12  1.75272e-12  1.78921e-14
4.884951172e+00  1.7562247e-12  1.75622e-12  1.73665e-12  1.95741e-14
4.909375928e+00  1.7420621e-12  1.74206e-12  1.72072e-12  2.13448e-14
4.933922808e+00  1.7281242e-12  1.72812e-12  1.70492e-12  2.32073e-14
4.958592422e+00  1.7144156e-12  1.71442e-12  1.68923e-12  2.51841e-14
4.983385384e+00  1.7009410e-12  1.70094e-12  1.67366e-12  2.72805e-14
5.008302311e+00  1.6876001e-12  1.68760e-12  1.65866e-12  2.89423e-14
5.033343822e+00  1.6742278e-12  1.67423e-12  1.64458e-12  2.96498e-14
5.058510541e+00  1.6609660e-12  1.66097e-12  1.63062e-12  3.03435e-14
5.083803094e+00  1.6478241e-12  1.64782e-12  1.61676e-12  3.10666e-14
5.109222110e+00  1.6347894e-12  1.63479e-12  1.60302e-12  3.17740e-14
5.134768220e+00  1.6218662e-12  1.62187e-12  1.58938e-12  3.24874e-14
5.160442061e+00  1.6090628e-12  1.60906e-12  1.57583e-12  3.32317e-14
5.186244272e+00  1.5963610e-12  1.59636e-12  1.56240e-12  3.39571e-14
5.212175493e+00  1.5837680e-12  1.58377e-12  1.54908e-12  3.46875e-14
5.238236370e+00  1.5712827e-12  1.57128e-12  1.53586e-12  3.54227e-14
5.264427552e+00  1.5589041e-12  1.55890e-12  1.52274e-12  3.61623e-14
5.290749690e+00  1.5466312e-12  1.54663e-12  1.50973e-12  3.69058e-14
5.317203438e+00  1.5344630e-12  1.53446e-12  1.49681e-12  3.76528e-14
5.343789456e+00  1.5223825e-12  1.52238e-12  1.48401e-12  3.83721e-14
5.370508403e+00  1.5104194e-12  1.51042e-12  1.47130e-12  3.91240e-14
5.397360945e+00  1.4985577e-12  1.49856e-12  1.45868e-12  3.98781e-14
5.424347750e+00  1.4867963e-12  1.48680e-12  1.44616e-12  4.06340e-14
5.451469488e+00  1.4751141e-12  1.47511e-12  1.43376e-12  4.13565e-14
5.478726836e+00  1.4635489e-12  1.46355e-12  1.42144e-12  4.21134e-14
5.506120470e+00  1.4521254e-12  1.45213e-12  1.40918e-12  4.29438e-14
5.533651072e+00  1.4411084e-12  1.44111e-12  1.39684e-12  4.42678e-14
5.561319328e+00  1.4302461e-12  1.43025e-12  1.38458e-12  4.56614e-14
5.589125924e+00  1.4194901e-12  1.41949e-12  1.37244e-12  4.70486e-14
5.617071554e+00  1.4088635e-12  1.40886e-12  1.36040e-12  4.84674e-14
5.645156912e+00  1.3983661e-12  1.39837e-12  1.34845e-12  4.99182e-14
5.673382696e+00  1.3879976e-12  1.38800e-12  1.33660e-12  5.14014e-14
5.701749610e+00  1.3777578e-12  1.37776e-12  1.32484e-12  5.29174e-14
5.730258358e+00  1.3676464e-12  1.36765e-12  1.31318e-12  5.44665e-14
5.758909650e+00  1.3576631e-12  1.35766e-12  1.30161e-12  5.60491e-14
5.787704198e+00  1.3478424e-12  1.34784e-12  1.29013e-12  5.77135e-14
5.816642719e+00  1.3381157e-12  1.33812e-12  1.27875e-12  5.93655e-14
5.845725932e+00  1.3285162e-12  1.32852e-12  1.26746e-12  6.10520e-14
5.874954562e+00  1.3190437e-12  1.31904e-12  1.25627e-12  6.27734e-14
5.904329335e+00  1.3096978e-12  1.30970e-12  1.24517e-12  6.45300e-14
5.933850982e+00  1.3005200e-12  1.30052e-12  1.23414e-12  6.63767e-14
5.963520237e+00  1.2914279e-12  1.29143e-12  1.22322e-12  6.82061e-14
5.993337838e+00  1.2824614e-12  1.28246e-12  1.21239e-12  7.00718e-14
6.023304527e+00  1.2739914e-12  1.27399e-12  1.20155e-12  7.24424e-14
6.053421050e+00  1.2657670e-12  1.26577e-12  1.19077e-12  7.49928e-14
6.083688155e+00  1.2576491e-12  1.25765e-12  1.18010e-12  7.75480e-14
6.114106596e+00  1.2497355e-12  1.24974e-12  1.16951e-12  8.02305e-14
6.144677129e+00  1.2419787e-12  1.24198e-12  1.15900e-12  8.29812e-14
6.175400514e+00  1.2343788e-12  1.23438e-12  1.14858e-12  8.58010e-14
6.206277517e+00  1.2262646e-12  1.22626e-12  1.13838e-12  8.78811e-14
6.237308904e+00  1.2155591e-12  1.21556e-12  1.12881e-12  8.67483e-14
6.268495449e+00  1.2047518e-12  1.20475e-12  1.11932e-12  8.54285e-14
6.299837926e+00  1.1939561e-12  1.19396e-12  1.10990e-12  8.40582e-14
6.331337116e+00  1.1830478e-12  1.18305e-12  1.10056e-12  8.24913e-14
6.362993801e+00  1.1720825e-12  1.17208e-12  1.09129e-12  8.07949e-14
6.394808770e+00  1.1609901e-12  1.16099e-12  1.08210e-12  7.88887e-14
6.426782814e+00  1.1498977e-12  1.14990e-12  1.07298e-12  7.69221e-14
6.458916728e+00  1.1386669e-12  1.13867e-12  1.06393e-12  7.47354e-14
6.491211312e+00  1.1273604e-12  1.12736e-12  1.05496e-12  7.24027e-14
6.523667368e+00  1.1194378e-12  1.11944e-12  1.04556e-12  7.38799e-14
6.556285705e+00  1.1128950e-12  1.11289e-12  1.03606e-12  7.68364e-14
6.589067134e+00  1.1065888e-12  1.10659e-12  1.02663e-12  7.99590e-14
6.622012469e+00  1.1003667e-12  1.10037e-12  1.01729e-12  8.30751e-14
6.655122532e+00  1.0943860e-12  1.09439e-12  1.00802e-12  8.63631e-14
6.688398144e+00  1.0885696e-12  1.08857e-12  9.98833e-13  8.97363e-14
6.721840135e+00  1.0829181e-12  1.08292e-12  9.89722e-13  9.31956e-14
6.755449336e+00  1.0774317e-12  1.07743e-12  9.80689e-13  9.67422e-14
6.789226583e+00  1.0721109e-12  1.07211e-12  9.71734e-13  1.00377e-13
6.823172715e+00  1.0669561e-12  1.06696e-12  9.62855e-13  1.04101e-13
6.857288579e+00  1.0619677e-12  1.06197e-12  9.54053e-13  1.07915e-13
6.891575022e+00  1.0571460e-12  1.05715e-12  9.45326e-13  1.11820e-13
6.926032897e+00  1.0525892e-12  1.05259e-12  9.36665e-13  1.15924e-13
6.960663062e+00  1.0481040e-12  1.04810e-12  9.28088e-13  1.20016e-13
6.995466377e+00  1.0438887e-12  1.04389e-12  9.19575e-13  1.24313e-13
7.030443709e+00  1.0397414e-12  1.03974e-12  9.11146e-13  1.28596e-13
7.065595927e+00  1.0358688e-12  1.03587e-12  9.02779e-13  1.33089e-13
7.100923907e+00  1.0321691e-12  1.03217e-12  8.94486e-13  1.37683e-13
7.136428526e+00  1.0286426e-12  1.02864e-12  8.86264e-13  1.42379e-13
7.172110669e+00  1.0252894e-12  1.02529e-12  8.78114e-13  1.47176e-13
7.207971222e+00  1.0231507e-12  1.02315e-12  8.69954e-13  1.53196e-13
7.244011079e+00  1.0247657e-12  1.02477e-12  8.61605e-13  1.63161e-13
7.280231134e+00  1.0267363e-12  1.02674e-12  8.53332e-13  1.73405e-13
7.316632290e+00  1.0291875e-12  1.02919e-12  8.45125e-13  1.84063e-13
7.353215451e+00  1.0320034e-12  1.03200e-12  8.36993e-13  1.95011e-13
7.389981528e+00  1.0351862e-12  1.03519e-12  8.28934e-13  2.06252e-13
7.426931436e+00  1.0388677e-12  1.03887e-12  8.20941e-13  2.17926e-13
7.464066093e+00  1.0429251e-12  1.04293e-12  8.13021e-13  2.29904e-13
7.501386424e+00  1.0473604e-12  1.04736e-12  8.05174e-13  2.42187e-13
7.538893356e+00  1.0521752e-12  1.05218e-12  7.97398e-13  2.54777e-13
7.576587822e+00  1.0575111e-12  1.05751e-12  7.89685e-13  2.67826e-13
7.614470762e+00  1.0632350e-12  1.06324e-12  7.82044e-13  2.81191e-13
7.652543115e+00  1.0693488e-12  1.06935e-12  7.74472e-13  2.94877e-13
7.690805831e+00  1.0760008e-12  1.07600e-12  7.66962e-13  3.09039e-13
7.729259860e+00  1.0830507e-12  1.08305e-12  7.59521e-13  3.23529e-13
7.767906159e+00  1.0904997e-12  1.09050e-12  7.52149e-13  3.38351e-13
7.806745690e+00  1.0985039e-12  1.09850e-12  7.44837e-13  3.53667e-13
7.845779419e+00  1.1067577e-12  1.10676e-12  7.37600e-13  3.69157e-13
7.885008316e+00  1.1157337e-12  1.11573e-12  7.30415e-13  3.85318e-13
7.924433357e+00  1.1009331e-12  1.10093e-12  7.24401e-13  3.76532e-13
7.964055524e+00  1.0707606e-12  1.07076e-12  7.19100e-13  3.51660e-13
8.003875802e+00  1.0395792e-12  1.03958e-12  7.13840e-13  3.25739e-13
8.043895181e+00  1.0073737e-12  1.00737e-12  7.08621e-13  2.98753e-13
8.084114657e+00  9.7412885e-13  9.74129e-13  7.03441e-13  2.70688e-13
8.124535230e+00  9.3982992e-13  9.39830e-13  6.98301e-13  2.41529e-13
8.165157906e+00  9.0464042e-13  9.04640e-13  6.93193e-13  2.11447e-13
8.205983696e+00  8.7596726e-13  8.75967e-13  6.87833e-13  1.88134e-13
8.247013614e+00  8.9229908e-13  8.92299e-13  6.80796e-13  2.11503e-13
8.288248682e+00  9.0928030e-13  9.09280e-13  6.73827e-13  2.35453e-13
8.329689926e+00  9.2710157e-13  9.27102e-13  6.66919e-13  2.60183e-13
8.371338375e+00  9.4558100e-13  9.45581e-13  6.60078e-13  2.85503e-13
8.413195067e+00  9.6491427e-13  9.64914e-13  6.53298e-13  3.11616e-13
8.455261042e+00  9.8511070e-13  9.85111e-13  6.46577e-13  3.38534e-13
8.497537348e+00  1.0059797e-12  1.00598e-12  6.39922e-13  3.66058e-13
8.540025034e+00  1.0376443e-12  1.03764e-12  6.33009e-13  4.04635e-13
8.582725160e+00  1.0708717e-12  1.07087e-12  6.26147e-13  4.44724e-13
8.625638785e+00  1.1054796e-12  1.10548e-12  6.19343e-13  4.86136e-13
8.668766979e+00  1.1410641e-12  1.14106e-12  6.12609e-13  5.28455e-13
8.712110814e+00  1.1946978e-12  1.19470e-12  6.05446e-13  5.89251e-13
8.755671368e+00  1.2942759e-12  1.29428e-12  5.97091e-13  6.97185e-13
8.799449725e+00  1.3966244e-12  1.39662e-12  5.88830e-13  8.07794e-13
8.843446974e+00  1.5021964e-12  1.50220e-12  5.80650e-13  9.21546e-13
8.887664209e+00  1.6107928e-12  1.61079e-12  5.72556e-13  1.03824e-12
8.932102530e+00  1.7224297e-12  1.72243e-12  5.64548e-13  1.15788e-12
8.976763042e+00  1.8373521e-12  1.83735e-12  5.56620e-13  1.28073e-12
9.021646857e+00  2.0346980e-12  2.03470e-12  5.46787e-13  1.48791e-12
9.066755092e+00  2.3241311e-12  2.32413e-12  5.34936e-13  1.78919e-12
9.112088867e+00  2.6213015e-12  2.62130e-12  5.23227e-13  2.09807e-12
9.157649312e+00  2.9267247e-12  2.92672e-12  5.11647e-13  2.41508e-12
9.203437558e+00  3.3350116e-12  3.33501e-12  4.98014e-13  2.83700e-12
9.249454746e+00  4.9435086e-12  4.94351e-12  4.57674e-13  4.48583e-12
9.295702020e+00  6.5955535e-12  6.59555e-12  4.17852e-13  6.17770e-12
9.342180530e+00  8.2908436e-12  8.29084e-12  3.78555e-13  7.91229e-12
9.388891432e+00  1.0030059e-11  1.00301e-11  3.39769e-13  9.69029e-12
9.435835890e+00  1.1813373e-11  1.18134e-11  3.01489e-13  1.15119e-11
9.483015069e+00  1.3640684e-11  1.36407e-11  2.63717e-13  1.33770e-11
9.530430144e+00  1.3795305e-11  1.37953e-11  2.60835e-13  1.35345e-11
9.578082295e+00  1.2976840e-11  1.29768e-11  2.77099e-13  1.26997e-11
9.625972707e+00  1.2133818e-11  1.21338e-11  2.93132e-13  1.18407e-11
9.674102570e+00  1.1266412e-11  1.12664e-11  3.08930e-13  1.09575e-11
9.722473083e+00  1.0373994e-11  1.03740e-11  3.24506e-13  1.00495e-11
9.771085448e+00  9.4567501e-12  9.45675e-12  3.39856e-13  9.11689e-12
9.819940876e+00  8.5902545e-12  8.59025e-12  3.53632e-13  8.23662e-12
9.869040580e+00  7.8115633e-12  7.81156e-12  3.65262e-13  7.44630e-12
9.918385783e+00  7.0122553e-12  7.01226e-12  3.76719e-13  6.63554e-12
9.967977712e+00  6.1919996e-12  6.19200e-12  3.88007e-13  5.80399e-12
1.001781760e+01  5.5640326e-12  5.56403e-12  3.95598e-13  5.16843e-12
1.006790669e+01  5.3081236e-12  5.30812e-12  3.96762e-13  4.91136e-12
1.011824622e+01  5.0449417e-12  5.04494e-12  3.97898e-13  4.64704e-12
1.016883745e+01  4.7750627e-12  4.77506e-12  3.98996e-13  4.37607e-12
1.021968164e+01  4.4978848e-12  4.49788e-12  4.00065e-13  4.09782e-12
1.027078005e+01  4.2136965e-12  4.21370e-12  4.01101e-13  3.81260e-12
1.032213395e+01  3.9224934e-12  3.92249e-12  4.02105e-13  3.52039e-12
1.037374462e+01  3.6242739e-12  3.62427e-12  4.03077e-13  3.22120e-12
1.042561334e+01  3.3187279e-12  3.31873e-12  4.04021e-13  2.91471e-12
1.047774141e+01  3.0061640e-12  3.00616e-12  4.04934e-13  2.60123e-12
1.053013012e+01  2.6865877e-12  2.68659e-12  4.05815e-13  2.28077e-12
1.058278077e+01  2.3596889e-12  2.35969e-12  4.06669e-13  1.95302e-12
1.063569467e+01  2.2453614e-12  2.24536e-12  4.04554e-13  1.84081e-12
1.068887314e+01  2.1694171e-12  2.16942e-12  4.01911e-13  1.76751e-12
1.074231751e+01  2.0914585e-12  2.09146e-12  3.99290e-13  1.69217e-12
1.079602910e+01  2.0114822e-12  2.01148e-12  3.96689e-13  1.61479e-12
1.085000924e+01  1.9301461e-12  1.93015e-12  3.94101e-13  1.53604e-12
1.090425929e+01  1.8467972e-12  1.84680e-12  3.91534e-13  1.45526e-12
1.095878058e+01  1.7617691e-12  1.76177e-12  3.88983e-13  1.37279e-12
1.101357449e+01  1.6929521e-12  1.69295e-12  3.86236e-13  1.30672e-12
1.106864236e+01  1.6791187e-12  1.67912e-12  3.82848e-13  1.29627e-12
1.112398557e+01  1.6653254e-12  1.66533e-12  3.79485e-13  1.28584e-12
1.117960550e+01  1.6505477e-12  1.65055e-12  3.76158e-13  1.27439e-12
1.123550353e+01  1.6358135e-12  1.63581e-12  3.72855e-13  1.26296e-12
1.129168104e+01  1.6204336e-12  1.62043e-12  3.69584e-13  1.25085e-12
1.134813945e+01  1.6047546e-12  1.60475e-12  3.66340e-13  1.23841e-12
1.140488015e+01  1.5887785e-12  1.58878e-12  3.63124e-13  1.22565e-12
1.146190455e+01  1.5721521e-12  1.57215e-12  3.59938e-13  1.21221e-12
1.151921407e+01  1.8685953e-12  1.86860e-12  3.53546e-13  1.51505e-12
1.157681014e+01  2.7979148e-12  2.79791e-12  3.40848e-13  2.45707e-12
1.163469419e+01  3.7427699e-12  3.74277e-12  3.28310e-13  3.41446e-12
1.169286766e+01  4.7030598e-12  4.70306e-12  3.15928e-13  4.38713e-12
1.175133200e+01  5.6786789e-12  5.67868e-12  3.03703e-13  5.37498e-12
1.181008866e+01  6.6695162e-12  6.66952e-12  2.91633e-13  6.37788e-12
1.186913910e+01  7.6758261e-12  7.67583e-12  2.79713e-13  7.39611e-12
1.192848480e+01  8.6967495e-12  8.69675e-12  2.67950e-13  8.42880e-12
1.198812722e+01  9.7325289e-12  9.73253e-12  2.56337e-13  9.47619e-12
1.204806786e+01  1.0783410e-11  1.07834e-11  2.44870e-13  1.05385e-11
1.210830820e+01  1.1848885e-11  1.18489e-11  2.33552e-13  1.16153e-11
1.216884974e+01  1.2929195e-11  1.29292e-11  2.22379e-13  1.27068e-11
1.222969399e+01  1.4023819e-11  1.40238e-11  2.11351e-13  1.38125e-11
1.229084246e+01  1.5132990e-11  1.51330e-11  2.00464e-13  1.49325e-11
1.235229667e+01  1.6256177e-11  1.62562e-11  1.89721e-13  1.60665e-11
1.241405815e+01  1.7393607e-11  1.73936e-11  1.79118e-13  1.72145e-11
1.247612845e+01  1.8545124e-11  1.85451e-11  1.68652e-13  1.83765e-11
1.253850909e+01  1.7912699e-11  1.79127e-11  1.72781e-13  1.77399e-11
1.260120163e+01  1.6144193e-11  1.61442e-11  1.85768e-13  1.59584e-11
1.266420764e+01  1.4349585e-11  1.43496e-11  1.98565e-13  1.41510e-11
1.272752868e+01  1.2528749e-11  1.25287e-11  2.11177e-13  1.23176e-11
1.279116632e+01  1.0682353e-11  1.06824e-11  2.23603e-13  1.04588e-11
1.285512215e+01  8.8102842e-12  8.81028e-12  2.35847e-13  8.57444e-12
1.291939776e+01  6.9128286e-12  6.91283e-12  2.47911e-13  6.66492e-12
1.298399475e+01  4.9902815e-12  4.99028e-12  2.59796e-13  4.73049e-12
1.304891473e+01  4.4064227e-12  4.40642e-12  2.61665e-13  4.14476e-12
1.311415930e+01  4.2648248e-12  4.26482e-12  2.60292e-13  4.00453e-12
1.317973010e+01  4.1214426e-12  4.12144e-12  2.58923e-13  3.86252e-12
1.324562875e+01  3.9754870e-12  3.97549e-12  2.57565e-13  3.71792e-12
1.331185689e+01  3.8277967e-12  3.82780e-12  2.56211e-13  3.57159e-12
1.337841618e+01  3.6779891e-12  3.67799e-12  2.54865e-13  3.42312e-12
1.344530826e+01  3.5260891e-12  3.52609e-12  2.53527e-13  3.27256e-12
1.351253480e+01  3.3717085e-12  3.37171e-12  2.52198e-13  3.11951e-12
1.358009747e+01  3.2156992e-12  3.21570e-12  2.50874e-13  2.96482e-12
1.364799796e+01  3.0576754e-12  3.05768e-12  2.49558e-13  2.80812e-12
1.371623795e+01  2.8976643e-12  2.89766e-12  2.48248e-13  2.64942e-12
1.378481914e+01  2.7356934e-12  2.73569e-12  2.46946e-13  2.48875e-12
1.385374323e+01  2.5717909e-12  2.57179e-12  2.45650e-13  2.32614e-12
1.392301195e+01  2.4059855e-12  2.40599e-12  2.44362e-13  2.16162e-12
1.399262701e+01  2.2383062e-12  2.23831e-12  2.43080e-13  1.99523e-12
1.406259015e+01  2.1732501e-12  2.17325e-12  2.41182e-13  1.93207e-12
1.413290310e+01  2.1196132e-12  2.11961e-12  2.39226e-13  1.88039e-12
1.420356761e+01  2.0651697e-12  2.06517e-12  2.37289e-13  1.82788e-12
1.427458545e+01  2.0103542e-12  2.01035e-12  2.35365e-13  1.77499e-12
1.434595838e+01  1.9547516e-12  1.95475e-12  2.33459e-13  1.72129e-12
1.441768817e+01  1.8983711e-12  1.89837e-12  2.31570e-13  1.66680e-12
1.448977661e+01  1.8416506e-12  1.84165e-12  2.29695e-13  1.61196e-12
1.456222549e+01  1.7841727e-12  1.78417e-12  2.27837e-13  1.55634e-12
1.463503662e+01  1.7259470e-12  1.72595e-12  2.25995e-13  1.49995e-12
1.470821180e+01  1.6669833e-12  1.66698e-12  2.24169e-13  1.44281e-12
1.478175286e+01  1.6077236e-12  1.60772e-12  2.22357e-13  1.38537e-12
1.485566163e+01  1.4555771e-12  1.45558e-12  2.21046e-13  1.23453e-12
1.492993994e+01  1.2716491e-12  1.27165e-12  2.19901e-13  1.05175e-12
1.500458964e+01  1.0961974e-12  1.09620e-12  2.18711e-13  8.77487e-13
1.507961258e+01  1.0697281e-12  1.06973e-12  2.16762e-13  8.52966e-13
1.515501065e+01  1.0435807e-12  1.04358e-12  2.14828e-13  8.28752e-13
1.523078570e+01  1.0168904e-12  1.01689e-12  2.12913e-13  8.03977e-13
1.530693963e+01  9.8966057e-13  9.89661e-13  2.11017e-13  7.78644e-13
1.538347433e+01  9.6276900e-13  9.62769e-13  2.09135e-13  7.53634e-13
1.546039170e+01  9.3534739e-13  9.35347e-13  2.07271e-13  7.28076e-13
1.553769366e+01  9.0783757e-13  9.07838e-13  2.05424e-13  7.02414e-13
1.561538212e+01  8.7980638e-13  8.79806e-13  2.03594e-13  6.76212e-13
1.569345903e+01  8.5213562e-13  8.52136e-13  2.01778e-13  6.50357e-13
1.577192633e+01  8.2395327e-13  8.23953e-13  1.99980e-13  6.23973e-13
1.585078596e+01  7.9526353e-13  7.95264e-13  1.98200e-13  5.97064e-13
1.593003989e+01  7.6651067e-13  7.66511e-13  1.96435e-13  5.70076e-13
1.600969009e+01  7.3770008e-13  7.37700e-13  1.94685e-13  5.43015e-13
1.608973854e+01  7.0883712e-13  7.08837e-13  1.92950e-13  5.15887e-13
1.617018723e+01  6.7992713e-13  6.79927e-13  1.91230e-13  4.88697e-13
1.625103817e+01  6.5053448e-13  6.50534e-13  1.89527e-13  4.61007e-13
1.633229336e+01  6.2066390e-13  6.20664e-13  1.87841e-13  4.32823e-13
1.641395483e+01  5.9605677e-13  5.96057e-13  1.86146e-13  4.09910e-13
1.649602460e+01  5.9393720e-13  5.93937e-13  1.84372e-13  4.09565e-13
1.657850473e+01  5.9224987e-13  5.92250e-13  1.82612e-13  4.09638e-13
1.666139725e+01  5.9055350e-13  5.90553e-13  1.80869e-13  4.09684e-13
1.674470424e+01  5.8840650e-13  5.88406e-13  1.79144e-13  4.09263e-13
1.682842776e+01  5.8669206e-13  5.86692e-13  1.77433e-13  4.09259e-13
1.691256990e+01  5.8496863e-13  5.84969e-13  1.75738e-13  4.09230e-13
1.699713274e+01  5.8323623e-13  5.83236e-13  1.74059e-13  4.09177e-13
1.708211841e+01  5.8105339e-13  5.81053e-13  1.72398e-13  4.08656e-13
1.716752900e+01  5.7930322e-13  5.79303e-13  1.70750e-13  4.08553e-13
1.725336665e+01  5.8019181e-13  5.80192e-13  1.69107e-13  4.11084e-13
1.733963348e+01  5.8327543e-13  5.83275e-13  1.67472e-13  4.15804e-13
1.742633165e+01  5.8590534e-13  5.85905e-13  1.65854e-13  4.20052e-13
1.751346330e+01  5.8896282e-13  5.88963e-13  1.64249e-13  4.24714e-13
1.760103062e+01  5.9156544e-13  5.91565e-13  1.62661e-13  4.28904e-13
1.768903577e+01  5.9459370e-13  5.94594e-13  1.61087e-13  4.33507e-13
1.777748095e+01  5.9760609e-13  5.97606e-13  1.59527e-13  4.38079e-13
1.786636836e+01  6.0016215e-13  6.00162e-13  1.57984e-13  4.42178e-13
1.795570020e+01  6.0314086e-13  6.03141e-13  1.56454e-13  4.46687e-13
1.804547870e+01  6.0741856e-13  6.07419e-13  1.54934e-13  4.52484e-13
1.813570609e+01  6.1255250e-13  6.12553e-13  1.53425e-13  4.59127e-13
1.822638462e+01  6.1766287e-13  6.17663e-13  1.51931e-13  4.65732e-13
1.831751655e+01  6.2274863e-13  6.22749e-13  1.50451e-13  4.72298e-13
1.840910413e+01  6.2824610e-13  6.28246e-13  1.48984e-13  4.79262e-13
1.850114965e+01  6.3284215e-13  6.32842e-13  1.47533e-13  4.85309e-13
1.859365540e+01  6.0904458e-13  6.09045e-13  1.46193e-13  4.62852e-13
1.868662368e+01  5.8528659e-13  5.85287e-13  1.44864e-13  4.40422e-13
1.878005679e+01  5.6157177e-13  5.61572e-13  1.43548e-13  4.18024e-13
1.887395708e+01  5.3790362e-13  5.37904e-13  1.42242e-13  3.95661e-13
1.896832686e+01  5.1385142e-13  5.13851e-13  1.40950e-13  3.72901e-13
1.906316850e+01  4.8985402e-13  4.89854e-13  1.39670e-13  3.50184e-13
1.915848434e+01  4.6591487e-13  4.65915e-13  1.38401e-13  3.27514e-13
1.925427676e+01  4.4160505e-13  4.41605e-13  1.37144e-13  3.04461e-13
1.935054815e+01  4.1779323e-13  4.17793e-13  1.35897e-13  2.81896e-13
1.944730089e+01  3.9361879e-13  3.93619e-13  1.34663e-13  2.58956e-13
1.954453739e+01  3.6951737e-13  3.69517e-13  1.33439e-13  2.36078e-13
1.964226008e+01  3.4506274e-13  3.45063e-13  1.32228e-13  2.12835e-13
1.974047138e+01  3.2068914e-13  3.20689e-13  1.31027e-13  1.89662e-13
1.983917374e+01  2.9639980e-13  2.96400e-13  1.29838e-13  1.66562e-13
1.993836960e+01  2.7219789e-13  2.72198e-13  1.28658e-13  1.43540e-13
2.003806145e+01  2.8987089e-13  2.89871e-13  1.27364e-13  1.62507e-13
2.013825176e+01  3.7598543e-13  3.75985e-13  1.25879e-13  2.50106e-13
2.023894302e+01  4.6260212e-13  4.62602e-13  1.24408e-13  3.38194e-13
2.034013773e+01  5.4885642e-13  5.48856e-13  1.22953e-13  4.25903e-13
2.044183842e+01  6.3558259e-13  6.35583e-13  1.21512e-13  5.14070e-13
2.054404761e+01  7.2191977e-13  7.21920e-13  1.20088e-13  6.01832e-13
2.064676785e+01  8.0869886e-13  8.08699e-13  1.18677e-13  6.90022e-13
2.075000169e+01  8.9506287e-13  8.95063e-13  1.17281e-13  7.77782e-13
2.085375170e+01  9.8183922e-13  9.81839e-13  1.15899e-13  8.65940e-13
2.095802046e+01  1.0681749e-12  1.06817e-12  1.14533e-13  9.53642e-13
2.106281056e+01  1.1548937e-12  1.15489e-12  1.13180e-13  1.04171e-12
2.116812461e+01  1.2415631e-12  1.24156e-12  1.11840e-13  1.12972e-12
2.127396524e+01  1.3281695e-12  1.32817e-12  1.10515e-13  1.21765e-12
2.138033506e+01  2.5576343e-12  2.55763e-12  1.06092e-13  2.45154e-12
2.148723674e+01  4.1582506e-12  4.15825e-12  1.00723e-13  4.05753e-12
2.159467292e+01  5.7582112e-12  5.75821e-12  9.54263e-14  5.66278e-12
2.170264629e+01  7.3572734e-12  7.35727e-12  9.02015e-14  7.26707e-12
2.181115952e+01  8.9560165e-12  8.95602e-12  8.50457e-14  8.87097e-12
2.192021532e+01  1.0553378e-11  1.05534e-11  7.99603e-14  1.04734e-11
2.202981639e+01  1.2149531e-11  1.21495e-11  7.49436e-14  1.20746e-11
2.213996547e+01  1.3744237e-11  1.37442e-11  6.99951e-14  1.36742e-11
2.225066530e+01  1.5337263e-11  1.53373e-11  6.51140e-14  1.52721e-11
2.236191863e+01  1.6928375e-11  1.69284e-11  6.02999e-14  1.68681e-11
2.247372822e+01  1.8517345e-11  1.85173e-11  5.55520e-14  1.84618e-11
2.258609686e+01  1.8430938e-11  1.84309e-11  5.50921e-14  1.83758e-11
2.269902735e+01  1.7832053e-11  1.78321e-11  5.59195e-14  1.77761e-11
2.281252248e+01  1.7233536e-11  1.72335e-11  5.67318e-14  1.71768e-11
2.292658510e+01  1.6635075e-11  1.66351e-11  5.75300e-14  1.65775e-11
2.304121802e+01  1.6036758e-11  1.60368e-11  5.83143e-14  1.59784e-11
2.315642411e+01  1.5438672e-11  1.54387e-11  5.90847e-14  1.53796e-11
2.327220623e+01  1.4840904e-11  1.48409e-11  5.98414e-14  1.47811e-11
2.338856726e+01  1.4243540e-11  1.42435e-11  6.05846e-14  1.41830e-11
2.350551010e+01  1.3647057e-11  1.36471e-11  6.13133e-14  1.35857e-11
2.362303765e+01  1.3050754e-11  1.30508e-11  6.20297e-14  1.29887e-11
2.374115284e+01  1.2455107e-11  1.24551e-11  6.27328e-14  1.23924e-11
2.385985860e+01  1.1860586e-11  1.18606e-11  6.34220e-14  1.17972e-11
2.397915789e+01  1.1266494e-11  1.12665e-11  6.40991e-14  1.12024e-11
2.409905368e+01  1.0673302e-11  1.06733e-11  6.47634e-14  1.06085e-11
2.421954895e+01  1.0080705e-11  1.00807e-11  6.54158e-14  1.00153e-11
2.434064670e+01  9.4895494e-12  9.48955e-12  6.60548e-14  9.42349e-12
2.446234993e+01  8.8991469e-12  8.89915e-12  6.66821e-14  8.83246e-12
2.458466168e+01  8.3099571e-12  8.30996e-12  6.72971e-14  8.24266e-12
2.470758499e+01  7.7220553e-12  7.72206e-12  6.78998e-14  7.65416e-12
2.483112291e+01  7.1351393e-12  7.13514e-12  6.84911e-14  7.06665e-12
2.495527853e+01  6.5496615e-12  6.54966e-12  6.90705e-14  6.48059e-12
