# ------------------------------------------------------------------------
# Radiance spectrum
# NASA-GSFC Planetary Spectrum Generator (PSG) (Villanueva et al. 2018, 2022)
# Synthesized on Mon Feb 12 10:58:04 2024
# Doppler velocities [km/s] (vobs,vrot+vorb,vwidth,vrfl,vstr): 0.00000,-0.00000,0.00000,-119.41115,-0.00000
# Spectral unit: Wavelength [um]
# Radiance unit: Spectral irradiance [W/m2/um]
# Wave/freq Total Object Reflected Thermal
5.000000000e-01  1.2330207e-12  1.23302e-12  1.23302e-12  1.72254e-46
5.025000000e-01  1.2520957e-12  1.25210e-12  1.25210e-12  2.71478e-46
5.050125000e-01  1.2670494e-12  1.26705e-12  1.26705e-12  4.27139e-46
5.075375625e-01  1.2816358e-12  1.28164e-12  1.28164e-12  6.70527e-46
5.100752503e-01  1.2966247e-12  1.29662e-12  1.29662e-12  1.05010e-45
5.126256266e-01  1.3233388e-12  1.32334e-12  1.32334e-12  1.63784e-45
5.151887547e-01  1.3499673e-12  1.34997e-12  1.34997e-12  2.54878e-45
5.177646985e-01  1.3727092e-12  1.37271e-12  1.37271e-12  3.95974e-45
5.203535220e-01  1.3949453e-12  1.39495e-12  1.39495e-12  6.13838e-45
5.229552896e-01  1.4133707e-12  1.41337e-12  1.41337e-12  9.49970e-45
5.255700660e-01  1.4316862e-12  1.43169e-12  1.43169e-12  1.46689e-44
5.281979164e-01  1.4491322e-12  1.44913e-12  1.44913e-12  2.26033e-44
5.308389059e-01  1.4666087e-12  1.46661e-12  1.46661e-12  3.47518e-44
5.334931005e-01  1.4837728e-12  1.48377e-12  1.48377e-12  5.33138e-44
5.361605660e-01  1.5001841e-12  1.50018e-12  1.50018e-12  8.16189e-44
5.388413688e-01  1.5156473e-12  1.51565e-12  1.51565e-12  1.24694e-43
5.415355756e-01  1.5310076e-12  1.53101e-12  1.53101e-12  1.90090e-43
5.442432535e-01  1.5462603e-12  1.54626e-12  1.54626e-12  2.89155e-43
5.469644698e-01  1.5611346e-12  1.56113e-12  1.56113e-12  4.38921e-43
5.496992921e-01  1.5757087e-12  1.57571e-12  1.57571e-12  6.64846e-43
5.524477886e-01  1.5925840e-12  1.59258e-12  1.59258e-12  1.00459e-42
5.552100275e-01  1.6099075e-12  1.60991e-12  1.60991e-12  1.51463e-42
5.579860777e-01  1.6278693e-12  1.62787e-12  1.62787e-12  2.27858e-42
5.607760081e-01  1.6455601e-12  1.64556e-12  1.64556e-12  3.42074e-42
5.635798881e-01  1.6623212e-12  1.66232e-12  1.66232e-12  5.12529e-42
5.663977875e-01  1.6777554e-12  1.67776e-12  1.67776e-12  7.66450e-42
5.692297765e-01  1.6918315e-12  1.69183e-12  1.69183e-12  1.14398e-41
5.720759254e-01  1.7060354e-12  1.70604e-12  1.70604e-12  1.70391e-41
5.749363050e-01  1.7201778e-12  1.72018e-12  1.72018e-12  2.53268e-41
5.778109865e-01  1.7325261e-12  1.73253e-12  1.73253e-12  3.75768e-41
5.807000414e-01  1.7449779e-12  1.74498e-12  1.74498e-12  5.56370e-41
5.836035417e-01  1.7577299e-12  1.75773e-12  1.75773e-12  8.22066e-41
5.865215594e-01  1.7704935e-12  1.77049e-12  1.77049e-12  1.21218e-40
5.894541672e-01  1.7830710e-12  1.78307e-12  1.78307e-12  1.78386e-40
5.924014380e-01  1.7945644e-12  1.79456e-12  1.79456e-12  2.62024e-40
5.953634452e-01  1.8058525e-12  1.80585e-12  1.80585e-12  3.84117e-40
5.983402624e-01  1.8185406e-12  1.81854e-12  1.81854e-12  5.61886e-40
6.013319637e-01  1.8303272e-12  1.83033e-12  1.83033e-12  8.20389e-40
6.043386235e-01  1.8408903e-12  1.84089e-12  1.84089e-12  1.19564e-39
6.073603167e-01  1.8513346e-12  1.85133e-12  1.85133e-12  1.73914e-39
6.103971182e-01  1.8618642e-12  1.86186e-12  1.86186e-12  2.52473e-39
6.134491038e-01  1.8740347e-12  1.87403e-12  1.87403e-12  3.65736e-39
6.165163494e-01  1.8854785e-12  1.88548e-12  1.88548e-12  5.28835e-39
6.195989311e-01  1.8962882e-12  1.89629e-12  1.89629e-12  7.63254e-39
6.226969258e-01  1.9071905e-12  1.90719e-12  1.90719e-12  1.09947e-38
6.258104104e-01  1.9183989e-12  1.91840e-12  1.91840e-12  1.58071e-38
6.289394624e-01  1.9304503e-12  1.93045e-12  1.93045e-12  2.26808e-38
6.320841597e-01  1.9422883e-12  1.94229e-12  1.94229e-12  3.24831e-38
6.352445805e-01  1.9541245e-12  1.95412e-12  1.95412e-12  4.64346e-38
6.384208035e-01  1.9672549e-12  1.96725e-12  1.96725e-12  6.62448e-38
6.416129075e-01  1.9801786e-12  1.98018e-12  1.98018e-12  9.43336e-38
6.448209720e-01  1.9930010e-12  1.99300e-12  1.99300e-12  1.34086e-37
6.480450769e-01  2.0055010e-12  2.00550e-12  2.00550e-12  1.90248e-37
6.512853022e-01  2.0177837e-12  2.01778e-12  2.01778e-12  2.69445e-37
6.545417288e-01  2.0297353e-12  2.02974e-12  2.02974e-12  3.80932e-37
6.578144374e-01  2.0415730e-12  2.04157e-12  2.04157e-12  5.37581e-37
6.611035096e-01  2.0538530e-12  2.05385e-12  2.05385e-12  7.57243e-37
6.644090271e-01  2.0672526e-12  2.06725e-12  2.06725e-12  1.06462e-36
6.677310723e-01  2.0813356e-12  2.08134e-12  2.08134e-12  1.49399e-36
6.710697276e-01  2.0956577e-12  2.09566e-12  2.09566e-12  2.09276e-36
6.744250763e-01  2.1102209e-12  2.11022e-12  2.11022e-12  2.92625e-36
6.777972017e-01  2.1249132e-12  2.12491e-12  2.12491e-12  4.08447e-36
6.811861877e-01  2.1387065e-12  2.13871e-12  2.13871e-12  5.69171e-36
6.845921186e-01  2.1510164e-12  2.15102e-12  2.15102e-12  7.91886e-36
6.880150792e-01  2.1597539e-12  2.15975e-12  2.15975e-12  1.10026e-35
6.914551546e-01  2.1693856e-12  2.16939e-12  2.16939e-12  1.52594e-35
6.949124304e-01  2.1806166e-12  2.18062e-12  2.18062e-12  2.11233e-35
6.983869925e-01  2.1913702e-12  2.19137e-12  2.19137e-12  2.91920e-35
7.018789275e-01  2.2019914e-12  2.20199e-12  2.20199e-12  4.02749e-35
7.053883221e-01  2.2127131e-12  2.21271e-12  2.21271e-12  5.54709e-35
7.089152637e-01  2.2236537e-12  2.22365e-12  2.22365e-12  7.62704e-35
7.124598400e-01  2.2342260e-12  2.23423e-12  2.23423e-12  1.04697e-34
7.160221392e-01  2.2439541e-12  2.24395e-12  2.24395e-12  1.43493e-34
7.196022499e-01  2.2527120e-12  2.25271e-12  2.25271e-12  1.96357e-34
7.232002612e-01  2.2594224e-12  2.25942e-12  2.25942e-12  2.68312e-34
7.268162625e-01  2.2646645e-12  2.26466e-12  2.26466e-12  3.66088e-34
7.304503438e-01  2.2685468e-12  2.26855e-12  2.26855e-12  4.98747e-34
7.341025955e-01  2.2732158e-12  2.27322e-12  2.27322e-12  6.78316e-34
7.377731085e-01  2.2766378e-12  2.27664e-12  2.27664e-12  9.21161e-34
7.414619740e-01  2.2777216e-12  2.27772e-12  2.27772e-12  1.24923e-33
7.451692839e-01  2.2757284e-12  2.27573e-12  2.27573e-12  1.69195e-33
7.488951303e-01  2.2740249e-12  2.27402e-12  2.27402e-12  2.28785e-33
7.526396060e-01  2.2709191e-12  2.27092e-12  2.27092e-12  3.08913e-33
7.564028040e-01  2.2662834e-12  2.26628e-12  2.26628e-12  4.16508e-33
7.601848180e-01  2.2599893e-12  2.25999e-12  2.25999e-12  5.60788e-33
7.639857421e-01  2.2500794e-12  2.25008e-12  2.25008e-12  7.54137e-33
7.678056708e-01  2.2384909e-12  2.23849e-12  2.23849e-12  1.01273e-32
7.716446992e-01  2.2247295e-12  2.22473e-12  2.22473e-12  1.35818e-32
7.755029227e-01  2.2087881e-12  2.20879e-12  2.20879e-12  1.81904e-32
7.793804373e-01  2.1912748e-12  2.19127e-12  2.19127e-12  2.43289e-32
7.832773395e-01  2.1714491e-12  2.17145e-12  2.17145e-12  3.24964e-32
7.871937262e-01  2.1483204e-12  2.14832e-12  2.14832e-12  4.33535e-32
7.911296948e-01  2.1238542e-12  2.12385e-12  2.12385e-12  5.77574e-32
7.950853433e-01  2.1017583e-12  2.10176e-12  2.10176e-12  7.68126e-32
7.990607700e-01  2.0728935e-12  2.07289e-12  2.07289e-12  1.02068e-31
8.030560739e-01  2.0407089e-12  2.04071e-12  2.04071e-12  1.35466e-31
8.070713542e-01  2.0096652e-12  2.00967e-12  2.00967e-12  1.79503e-31
8.111067110e-01  1.9800229e-12  1.98002e-12  1.98002e-12  2.37470e-31
8.151622446e-01  1.9484379e-12  1.94844e-12  1.94844e-12  3.13750e-31
8.192380558e-01  1.9201379e-12  1.92014e-12  1.92014e-12  4.13794e-31
8.233342461e-01  1.8892862e-12  1.88929e-12  1.88929e-12  5.45071e-31
8.274509173e-01  1.8592486e-12  1.85925e-12  1.85925e-12  7.16896e-31
8.315881719e-01  1.8300344e-12  1.83003e-12  1.83003e-12  9.41449e-31
8.357461127e-01  1.8001546e-12  1.80015e-12  1.80015e-12  1.23464e-30
8.399248433e-01  1.7701141e-12  1.77011e-12  1.77011e-12  1.61684e-30
8.441244675e-01  1.7380448e-12  1.73804e-12  1.73804e-12  2.11474e-30
8.483450899e-01  1.7098280e-12  1.70983e-12  1.70983e-12  2.76106e-30
8.525868153e-01  1.6834744e-12  1.68347e-12  1.68347e-12  3.59923e-30
8.568497494e-01  1.6569897e-12  1.65699e-12  1.65699e-12  4.68534e-30
8.611339981e-01  1.6298789e-12  1.62988e-12  1.62988e-12  6.09105e-30
8.654396681e-01  1.6026482e-12  1.60265e-12  1.60265e-12  7.90764e-30
8.697668665e-01  1.5732991e-12  1.57330e-12  1.57330e-12  1.02539e-29
8.741157008e-01  1.5512333e-12  1.55123e-12  1.55123e-12  1.32692e-29
8.784862793e-01  1.5303189e-12  1.53032e-12  1.53032e-12  1.71461e-29
8.828787107e-01  1.5069270e-12  1.50693e-12  1.50693e-12  2.21308e-29
8.872931042e-01  1.4870766e-12  1.48708e-12  1.48708e-12  2.85171e-29
8.917295698e-01  1.4716488e-12  1.47165e-12  1.47165e-12  3.66824e-29
8.961882176e-01  1.4555094e-12  1.45551e-12  1.45551e-12  4.71260e-29
9.006691587e-01  1.4391632e-12  1.43916e-12  1.43916e-12  6.04641e-29
9.051725045e-01  1.4310028e-12  1.43100e-12  1.43100e-12  7.74180e-29
9.096983670e-01  1.4193828e-12  1.41938e-12  1.41938e-12  9.90270e-29
9.142468589e-01  1.4108153e-12  1.41082e-12  1.41082e-12  1.26468e-28
9.188180931e-01  1.4010465e-12  1.40105e-12  1.40105e-12  1.61321e-28
9.234121836e-01  1.3879554e-12  1.38796e-12  1.38796e-12  2.05576e-28
9.280292445e-01  1.3752973e-12  1.37530e-12  1.37530e-12  2.61626e-28
9.326693908e-01  1.3653215e-12  1.36532e-12  1.36532e-12  3.32453e-28
9.373327377e-01  1.3566525e-12  1.35665e-12  1.35665e-12  4.21868e-28
9.420194014e-01  1.3485414e-12  1.34854e-12  1.34854e-12  5.34630e-28
9.467294984e-01  1.3412380e-12  1.34124e-12  1.34124e-12  6.76633e-28
9.514631459e-01  1.3332481e-12  1.33325e-12  1.33325e-12  8.55337e-28
9.562204616e-01  1.3266893e-12  1.32669e-12  1.32669e-12  1.07976e-27
9.610015639e-01  1.3235465e-12  1.32355e-12  1.32355e-12  1.36095e-27
9.658065718e-01  1.3159923e-12  1.31599e-12  1.31599e-12  1.71395e-27
9.706356046e-01  1.3138352e-12  1.31384e-12  1.31384e-12  2.15481e-27
9.754887826e-01  1.3096286e-12  1.30963e-12  1.30963e-12  2.70628e-27
9.803662265e-01  1.3059778e-12  1.30598e-12  1.30598e-12  3.39459e-27
9.852680577e-01  1.3064639e-12  1.30646e-12  1.30646e-12  4.25124e-27
9.901943980e-01  1.3055201e-12  1.30552e-12  1.30552e-12  5.31836e-27
9.951453700e-01  1.3050001e-12  1.30500e-12  1.30500e-12  6.64514e-27
1.000121097e+00  1.3042875e-12  1.30429e-12  1.30429e-12  8.29319e-27
1.005121702e+00  1.3043661e-12  1.30437e-12  1.30437e-12  1.03370e-26
1.010147311e+00  1.3054780e-12  1.30548e-12  1.30548e-12  1.28681e-26
1.015198047e+00  1.3060262e-12  1.30603e-12  1.30603e-12  1.60010e-26
1.020274038e+00  1.3085813e-12  1.30858e-12  1.30858e-12  1.98698e-26
1.025375408e+00  1.3111801e-12  1.31118e-12  1.31118e-12  2.46453e-26
1.030502285e+00  1.3139439e-12  1.31394e-12  1.31394e-12  3.05328e-26
1.035654796e+00  1.3179664e-12  1.31797e-12  1.31797e-12  3.77788e-26
1.040833070e+00  1.3223904e-12  1.32239e-12  1.32239e-12  4.66893e-26
1.046037236e+00  1.3272130e-12  1.32721e-12  1.32721e-12  5.76336e-26
1.051267422e+00  1.3340042e-12  1.33400e-12  1.33400e-12  7.10496e-26
1.056523759e+00  1.3403366e-12  1.34034e-12  1.34034e-12  8.74935e-26
1.061806378e+00  1.3468145e-12  1.34681e-12  1.34681e-12  1.07621e-25
1.067115410e+00  1.3553603e-12  1.35536e-12  1.35536e-12  1.32204e-25
1.072450987e+00  1.3647598e-12  1.36476e-12  1.36476e-12  1.62210e-25
1.077813242e+00  1.3741680e-12  1.37417e-12  1.37417e-12  1.98805e-25
1.083202308e+00  1.3854950e-12  1.38549e-12  1.38549e-12  2.43342e-25
1.088618319e+00  1.3957460e-12  1.39575e-12  1.39575e-12  2.97560e-25
1.094061411e+00  1.4077813e-12  1.40778e-12  1.40778e-12  3.63397e-25
1.099531718e+00  1.4193321e-12  1.41933e-12  1.41933e-12  4.43339e-25
1.105029377e+00  1.4315837e-12  1.43158e-12  1.43158e-12  5.40244e-25
1.110554523e+00  1.4448835e-12  1.44488e-12  1.44488e-12  6.57553e-25
1.116107296e+00  1.4567477e-12  1.45675e-12  1.45675e-12  7.99585e-25
1.121687832e+00  1.4689478e-12  1.46895e-12  1.46895e-12  9.71224e-25
1.127296272e+00  1.4813620e-12  1.48136e-12  1.48136e-12  1.17843e-24
1.132932753e+00  1.4923499e-12  1.49235e-12  1.49235e-12  1.42852e-24
1.138597417e+00  1.5037864e-12  1.50379e-12  1.50379e-12  1.72978e-24
1.144290404e+00  1.5134567e-12  1.51346e-12  1.51346e-12  2.09275e-24
1.150011856e+00  1.5220691e-12  1.52207e-12  1.52207e-12  2.52951e-24
1.155761915e+00  1.5299777e-12  1.52998e-12  1.52998e-12  3.05445e-24
1.161540725e+00  1.5369565e-12  1.53696e-12  1.53696e-12  3.68488e-24
1.167348428e+00  1.5432420e-12  1.54324e-12  1.54324e-12  4.44117e-24
1.173185171e+00  1.5483804e-12  1.54838e-12  1.54838e-12  5.34785e-24
1.179051096e+00  1.5526094e-12  1.55261e-12  1.55261e-12  6.43367e-24
1.184946352e+00  1.5559360e-12  1.55594e-12  1.55594e-12  7.73286e-24
1.190871084e+00  1.5580268e-12  1.55803e-12  1.55803e-12  9.28623e-24
1.196825439e+00  1.5595722e-12  1.55957e-12  1.55957e-12  1.11411e-23
1.202809566e+00  1.5608026e-12  1.56080e-12  1.56080e-12  1.33537e-23
1.208823614e+00  1.5610450e-12  1.56105e-12  1.56105e-12  1.59916e-23
1.214867732e+00  1.5612062e-12  1.56121e-12  1.56121e-12  1.91318e-23
1.220942071e+00  1.5606156e-12  1.56062e-12  1.56062e-12  2.28681e-23
1.227046781e+00  1.5599492e-12  1.55995e-12  1.55995e-12  2.73077e-23
1.233182015e+00  1.5594297e-12  1.55943e-12  1.55943e-12  3.25772e-23
1.239347925e+00  1.5590555e-12  1.55906e-12  1.55906e-12  3.88255e-23
1.245544665e+00  1.5581628e-12  1.55816e-12  1.55816e-12  4.62305e-23
1.251772388e+00  1.5571966e-12  1.55720e-12  1.55720e-12  5.49958e-23
1.258031250e+00  1.5558287e-12  1.55583e-12  1.55583e-12  6.53637e-23
1.264321406e+00  1.5549369e-12  1.55494e-12  1.55494e-12  7.76090e-23
1.270643013e+00  1.5542983e-12  1.55430e-12  1.55430e-12  9.20593e-23
1.276996228e+00  1.5536931e-12  1.55369e-12  1.55369e-12  1.09098e-22
1.283381209e+00  1.5527966e-12  1.55280e-12  1.55280e-12  1.29173e-22
1.289798116e+00  1.5524730e-12  1.55247e-12  1.55247e-12  1.52792e-22
1.296247106e+00  1.5522866e-12  1.55229e-12  1.55229e-12  1.80561e-22
1.302728342e+00  1.5522356e-12  1.55224e-12  1.55224e-12  2.13177e-22
1.309241983e+00  1.5524245e-12  1.55242e-12  1.55242e-12  2.51449e-22
1.315788193e+00  1.5526382e-12  1.55264e-12  1.55264e-12  2.96322e-22
1.322367134e+00  1.5531929e-12  1.55319e-12  1.55319e-12  3.48874e-22
1.328978970e+00  1.5537686e-12  1.55377e-12  1.55377e-12  4.10375e-22
1.335623865e+00  1.5539453e-12  1.55395e-12  1.55395e-12  4.82307e-22
1.342301984e+00  1.5552929e-12  1.55529e-12  1.55529e-12  5.66268e-22
1.349013494e+00  1.5560297e-12  1.55603e-12  1.55603e-12  6.64301e-22
1.355758561e+00  1.5569908e-12  1.55699e-12  1.55699e-12  7.78597e-22
1.362537354e+00  1.5580697e-12  1.55807e-12  1.55807e-12  9.11745e-22
1.369350041e+00  1.5588538e-12  1.55885e-12  1.55885e-12  1.06676e-21
1.376196791e+00  1.5596527e-12  1.55965e-12  1.55965e-12  1.24705e-21
1.383077775e+00  1.5612806e-12  1.56128e-12  1.56128e-12  1.45641e-21
1.389993164e+00  1.5617995e-12  1.56180e-12  1.56180e-12  1.69966e-21
1.396943130e+00  1.5624348e-12  1.56243e-12  1.56243e-12  1.98182e-21
1.403927846e+00  1.5626815e-12  1.56268e-12  1.56268e-12  2.30895e-21
1.410947485e+00  1.5630447e-12  1.56304e-12  1.56304e-12  2.68775e-21
1.418002222e+00  1.5632235e-12  1.56322e-12  1.56322e-12  3.12613e-21
1.425092233e+00  1.5634180e-12  1.56342e-12  1.56342e-12  3.63295e-21
1.432217694e+00  1.5629361e-12  1.56294e-12  1.56294e-12  4.21874e-21
1.439378783e+00  1.5622780e-12  1.56228e-12  1.56228e-12  4.89502e-21
1.446575677e+00  1.5612499e-12  1.56125e-12  1.56125e-12  5.67527e-21
1.453808555e+00  1.5596613e-12  1.55966e-12  1.55966e-12  6.57492e-21
1.461077598e+00  1.5581989e-12  1.55820e-12  1.55820e-12  7.61083e-21
1.468382986e+00  1.5557982e-12  1.55580e-12  1.55580e-12  8.80380e-21
1.475724901e+00  1.5528565e-12  1.55286e-12  1.55286e-12  1.01762e-20
1.483103525e+00  1.5494768e-12  1.54948e-12  1.54948e-12  1.17537e-20
1.490519043e+00  1.5453794e-12  1.54538e-12  1.54538e-12  1.35661e-20
1.497971638e+00  1.5406694e-12  1.54067e-12  1.54067e-12  1.56468e-20
1.505461496e+00  1.5351668e-12  1.53517e-12  1.53517e-12  1.80341e-20
1.512988804e+00  1.5294466e-12  1.52945e-12  1.52945e-12  2.07699e-20
1.520553748e+00  1.5225778e-12  1.52258e-12  1.52258e-12  2.39056e-20
1.528156517e+00  1.5156933e-12  1.51569e-12  1.51569e-12  2.74933e-20
1.535797299e+00  1.5076834e-12  1.50768e-12  1.50768e-12  3.15997e-20
1.543476286e+00  1.4990256e-12  1.49903e-12  1.49903e-12  3.62946e-20
1.551193667e+00  1.4894553e-12  1.48946e-12  1.48946e-12  4.16603e-20
1.558949636e+00  1.4796252e-12  1.47963e-12  1.47963e-12  4.77846e-20
1.566744384e+00  1.4686328e-12  1.46863e-12  1.46863e-12  5.47763e-20
1.574578106e+00  1.4574897e-12  1.45749e-12  1.45749e-12  6.27453e-20
1.582450996e+00  1.4453012e-12  1.44530e-12  1.44530e-12  7.18303e-20
1.590363251e+00  1.4329780e-12  1.43298e-12  1.43298e-12  8.21714e-20
1.598315067e+00  1.4199013e-12  1.41990e-12  1.41990e-12  9.39418e-20
1.606306643e+00  1.4059957e-12  1.40600e-12  1.40600e-12  1.07332e-19
1.614338176e+00  1.3918915e-12  1.39189e-12  1.39189e-12  1.22545e-19
1.622409867e+00  1.3775061e-12  1.37751e-12  1.37751e-12  1.39818e-19
1.630521916e+00  1.3624972e-12  1.36250e-12  1.36250e-12  1.59426e-19
1.638674526e+00  1.3473097e-12  1.34731e-12  1.34731e-12  1.81659e-19
1.646867898e+00  1.3310002e-12  1.33100e-12  1.33100e-12  2.06877e-19
1.655102238e+00  1.3156460e-12  1.31565e-12  1.31565e-12  2.35400e-19
1.663377749e+00  1.2997843e-12  1.29978e-12  1.29978e-12  2.67687e-19
1.671694638e+00  1.2833406e-12  1.28334e-12  1.28334e-12  3.04214e-19
1.680053111e+00  1.2675074e-12  1.26751e-12  1.26751e-12  3.45458e-19
1.688453377e+00  1.2511861e-12  1.25119e-12  1.25119e-12  3.92050e-19
1.696895643e+00  1.2348876e-12  1.23489e-12  1.23489e-12  4.44621e-19
1.705380122e+00  1.2184477e-12  1.21845e-12  1.21845e-12  5.03908e-19
1.713907022e+00  1.2019535e-12  1.20195e-12  1.20195e-12  5.70718e-19
1.722476557e+00  1.1856544e-12  1.18565e-12  1.18565e-12  6.45934e-19
1.731088940e+00  1.1697126e-12  1.16971e-12  1.16971e-12  7.30536e-19
1.739744385e+00  1.1541245e-12  1.15412e-12  1.15412e-12  8.25627e-19
1.748443107e+00  1.1384020e-12  1.13840e-12  1.13840e-12  9.32495e-19
1.757185322e+00  1.1226297e-12  1.12263e-12  1.12263e-12  1.05251e-18
1.765971249e+00  1.1069703e-12  1.10697e-12  1.10697e-12  1.18717e-18
1.774801105e+00  1.0920590e-12  1.09206e-12  1.09206e-12  1.33805e-18
1.783675111e+00  1.0770173e-12  1.07702e-12  1.07702e-12  1.50714e-18
1.792593486e+00  1.0623985e-12  1.06240e-12  1.06240e-12  1.69641e-18
1.801556454e+00  1.0483537e-12  1.04835e-12  1.04835e-12  1.90805e-18
1.810564236e+00  1.0342543e-12  1.03425e-12  1.03425e-12  2.14475e-18
1.819617057e+00  1.0203346e-12  1.02033e-12  1.02033e-12  2.40921e-18
1.828715142e+00  1.0071302e-12  1.00713e-12  1.00713e-12  2.70427e-18
1.837858718e+00  9.9409694e-13  9.94097e-13  9.94094e-13  3.03348e-18
1.847048012e+00  9.8153673e-13  9.81537e-13  9.81533e-13  3.40038e-18
1.856283252e+00  9.6914172e-13  9.69142e-13  9.69138e-13  3.80919e-18
1.865564668e+00  9.5691070e-13  9.56911e-13  9.56906e-13  4.26439e-18
1.874892491e+00  9.4491692e-13  9.44917e-13  9.44912e-13  4.77086e-18
1.884266954e+00  9.3360189e-13  9.33602e-13  9.33597e-13  5.33364e-18
1.893688289e+00  9.2229302e-13  9.22293e-13  9.22287e-13  5.95914e-18
1.903156730e+00  9.1106488e-13  9.11065e-13  9.11058e-13  6.65385e-18
1.912672514e+00  9.0035367e-13  9.00354e-13  9.00346e-13  7.42445e-18
1.922235876e+00  8.8986260e-13  8.89863e-13  8.89854e-13  8.27900e-18
1.931847056e+00  8.7987637e-13  8.79876e-13  8.79867e-13  9.22561e-18
1.941506291e+00  8.7052993e-13  8.70530e-13  8.70520e-13  1.02733e-17
1.951213822e+00  8.6103265e-13  8.61033e-13  8.61021e-13  1.14333e-17
1.960969892e+00  8.5244604e-13  8.52446e-13  8.52433e-13  1.27150e-17
1.970774741e+00  8.4412400e-13  8.44124e-13  8.44110e-13  1.41313e-17
1.980628615e+00  8.3585384e-13  8.35854e-13  8.35838e-13  1.56960e-17
1.990531758e+00  8.2818932e-13  8.28189e-13  8.28172e-13  1.74221e-17
2.000484417e+00  8.2063881e-13  8.20639e-13  8.20619e-13  1.93263e-17
2.010486839e+00  8.1340620e-13  8.13406e-13  8.13385e-13  2.14250e-17
2.020539273e+00  8.0628274e-13  8.06283e-13  8.06259e-13  2.37374e-17
2.030641969e+00  7.9987471e-13  7.99875e-13  7.99848e-13  2.62811e-17
2.040795179e+00  7.9329763e-13  7.93298e-13  7.93269e-13  2.90816e-17
2.050999155e+00  7.8688870e-13  7.86889e-13  7.86857e-13  3.21612e-17
2.061254151e+00  7.8091043e-13  7.80910e-13  7.80875e-13  3.55440e-17
2.071560421e+00  7.7496060e-13  7.74961e-13  7.74921e-13  3.92602e-17
2.081918224e+00  7.6949703e-13  7.69497e-13  7.69454e-13  4.33369e-17
2.092327815e+00  7.6399143e-13  7.63991e-13  7.63944e-13  4.78104e-17
2.102789454e+00  7.5883252e-13  7.58833e-13  7.58780e-13  5.27130e-17
2.113303401e+00  7.5407837e-13  7.54078e-13  7.54020e-13  5.80819e-17
2.123869918e+00  7.4921204e-13  7.49212e-13  7.49148e-13  6.39634e-17
2.134489268e+00  7.4474263e-13  7.44743e-13  7.44672e-13  7.03967e-17
2.145161714e+00  7.4028564e-13  7.40286e-13  7.40208e-13  7.74343e-17
2.155887523e+00  7.3634115e-13  7.36341e-13  7.36256e-13  8.51210e-17
2.166666960e+00  7.3240304e-13  7.32403e-13  7.32310e-13  9.35196e-17
2.177500295e+00  7.2865658e-13  7.28657e-13  7.28554e-13  1.02688e-16
2.188387796e+00  7.2503716e-13  7.25037e-13  7.24924e-13  1.12691e-16
2.199329735e+00  7.2184691e-13  7.21847e-13  7.21723e-13  1.23592e-16
2.210326384e+00  7.1847320e-13  7.18473e-13  7.18338e-13  1.35480e-16
2.221378016e+00  7.1534032e-13  7.15340e-13  7.15192e-13  1.48426e-16
2.232484906e+00  7.1250346e-13  7.12503e-13  7.12341e-13  1.62513e-16
2.243647331e+00  7.0966076e-13  7.09661e-13  7.09483e-13  1.77843e-16
2.254865567e+00  7.0710687e-13  7.07107e-13  7.06912e-13  1.94507e-16
2.266139895e+00  7.0471933e-13  7.04719e-13  7.04507e-13  2.12613e-16
2.277470595e+00  7.0226277e-13  7.02263e-13  7.02030e-13  2.32287e-16
2.288857948e+00  7.0043087e-13  7.00431e-13  7.00177e-13  2.53618e-16
2.300302237e+00  6.9869565e-13  6.98696e-13  6.98419e-13  2.76760e-16
2.311803748e+00  6.9705528e-13  6.97055e-13  6.96753e-13  3.01851e-16
2.323362767e+00  6.9550796e-13  6.95508e-13  6.95179e-13  3.29042e-16
2.334979581e+00  6.9405189e-13  6.94052e-13  6.93693e-13  3.58492e-16
2.346654479e+00  6.9257388e-13  6.92574e-13  6.92183e-13  3.90382e-16
2.358387751e+00  6.9173872e-13  6.91739e-13  6.91314e-13  4.24836e-16
2.370179690e+00  6.9081866e-13  6.90819e-13  6.90357e-13  4.62105e-16
2.382030589e+00  6.9025222e-13  6.90252e-13  6.89750e-13  5.02354e-16
2.393940742e+00  6.9014058e-13  6.90141e-13  6.89595e-13  5.45781e-16
2.405910445e+00  6.8982822e-13  6.89828e-13  6.89236e-13  5.92691e-16
2.417939997e+00  6.8996086e-13  6.89961e-13  6.89318e-13  6.43252e-16
2.430029697e+00  6.9005137e-13  6.90051e-13  6.89354e-13  6.97784e-16
2.442179846e+00  6.9036419e-13  6.90364e-13  6.89608e-13  7.56529e-16
2.454390745e+00  6.9094696e-13  6.90947e-13  6.90127e-13  8.19767e-16
2.466662699e+00  6.9184595e-13  6.91846e-13  6.90958e-13  8.87791e-16
2.478996012e+00  6.9258984e-13  6.92590e-13  6.91629e-13  9.61022e-16
2.491390992e+00  6.9307928e-13  6.93079e-13  6.92039e-13  1.03985e-15
2.503847947e+00  6.9418479e-13  6.94185e-13  6.93060e-13  1.12443e-15
2.516367187e+00  6.9528692e-13  6.95287e-13  6.94072e-13  1.21531e-15
2.528949023e+00  6.9603449e-13  6.96034e-13  6.94721e-13  1.31301e-15
2.541593768e+00  6.9668410e-13  6.96684e-13  6.95266e-13  1.41792e-15
2.554301737e+00  6.9733687e-13  6.97337e-13  6.95806e-13  1.53048e-15
2.567073246e+00  6.9814015e-13  6.98140e-13  6.96489e-13  1.65114e-15
2.579908612e+00  6.9860339e-13  6.98603e-13  6.96823e-13  1.78061e-15
2.592808155e+00  6.9849214e-13  6.98492e-13  6.96573e-13  1.91960e-15
2.605772196e+00  6.9777109e-13  6.97771e-13  6.95702e-13  2.06879e-15
2.618801057e+00  6.9707407e-13  6.97074e-13  6.94846e-13  2.22854e-15
2.631895062e+00  6.9583295e-13  6.95833e-13  6.93433e-13  2.39985e-15
2.645054537e+00  6.9406032e-13  6.94060e-13  6.91477e-13  2.58350e-15
2.658279810e+00  6.9139536e-13  6.91395e-13  6.88615e-13  2.78060e-15
2.671571209e+00  6.8609838e-13  6.86098e-13  6.83105e-13  2.99340e-15
2.684929065e+00  6.8029793e-13  6.80298e-13  6.77076e-13  3.22152e-15
2.698353710e+00  6.7204433e-13  6.72044e-13  6.68577e-13  3.46774e-15
2.711845479e+00  6.5912855e-13  6.59129e-13  6.55393e-13  3.73573e-15
2.725404706e+00  6.4066747e-13  6.40667e-13  6.36639e-13  4.02863e-15
2.739031730e+00  6.1692238e-13  6.16922e-13  6.12574e-13  4.34881e-15
2.752726889e+00  5.9169412e-13  5.91694e-13  5.87000e-13  4.69451e-15
2.766490523e+00  5.6594611e-13  5.65946e-13  5.60880e-13  5.06654e-15
2.780322976e+00  5.4262166e-13  5.42622e-13  5.37159e-13  5.46262e-15
2.794224591e+00  5.2219355e-13  5.22194e-13  5.16310e-13  5.88308e-15
2.808195713e+00  5.0370060e-13  5.03701e-13  4.97370e-13  6.33040e-15
2.822236692e+00  4.8902574e-13  4.89026e-13  4.82223e-13  6.80239e-15
2.836347875e+00  4.7732630e-13  4.77326e-13  4.70025e-13  7.30113e-15
2.850529615e+00  4.6517805e-13  4.65178e-13  4.57344e-13  7.83445e-15
2.864782263e+00  4.5418108e-13  4.54181e-13  4.45780e-13  8.40105e-15
2.879106174e+00  4.4675602e-13  4.46756e-13  4.37759e-13  8.99664e-15
2.893501705e+00  4.3970474e-13  4.39705e-13  4.30075e-13  9.62985e-15
2.907969214e+00  4.3408261e-13  4.34083e-13  4.23783e-13  1.02997e-14
2.922509060e+00  4.2880977e-13  4.28810e-13  4.17799e-13  1.10110e-14
2.937121605e+00  4.2432382e-13  4.24324e-13  4.12559e-13  1.17645e-14
2.951807213e+00  4.2272083e-13  4.22721e-13  4.10166e-13  1.25546e-14
2.966566249e+00  4.2322667e-13  4.23227e-13  4.09842e-13  1.33847e-14
2.981399080e+00  4.2305237e-13  4.23052e-13  4.08785e-13  1.42669e-14
2.996306076e+00  4.2287844e-13  4.22878e-13  4.07677e-13  1.52014e-14
3.011287606e+00  4.2259304e-13  4.22593e-13  4.06402e-13  1.61915e-14
3.026344044e+00  4.2231766e-13  4.22318e-13  4.05078e-13  1.72395e-14
3.041475764e+00  4.2179067e-13  4.21791e-13  4.03441e-13  1.83499e-14
3.056683143e+00  4.2075905e-13  4.20759e-13  4.01232e-13  1.95274e-14
3.071966559e+00  4.1946392e-13  4.19464e-13  3.98689e-13  2.07746e-14
3.087326392e+00  4.1843560e-13  4.18436e-13  3.96344e-13  2.20918e-14
3.102763024e+00  4.1888576e-13  4.18886e-13  3.95412e-13  2.34735e-14
3.118276839e+00  4.1950821e-13  4.19508e-13  3.94577e-13  2.49314e-14
3.133868223e+00  4.2073793e-13  4.20738e-13  3.94273e-13  2.64653e-14
3.149537564e+00  4.2220708e-13  4.22207e-13  3.94126e-13  2.80815e-14
3.165285252e+00  4.2373772e-13  4.23738e-13  3.93953e-13  2.97852e-14
3.181111678e+00  4.2551053e-13  4.25511e-13  3.93932e-13  3.15787e-14
3.197017237e+00  4.2714114e-13  4.27141e-13  3.93671e-13  3.34700e-14
3.213002323e+00  4.2881289e-13  4.28813e-13  3.93351e-13  3.54620e-14
3.229067334e+00  4.3032541e-13  4.30325e-13  3.92764e-13  3.75616e-14
3.245212671e+00  4.3141743e-13  4.31417e-13  3.91640e-13  3.97778e-14
3.261438734e+00  4.3278280e-13  4.32783e-13  3.90676e-13  4.21070e-14
3.277745928e+00  4.3428853e-13  4.34289e-13  3.89732e-13  4.45561e-14
3.294134658e+00  4.3560749e-13  4.35607e-13  3.88472e-13  4.71354e-14
3.310605331e+00  4.3744386e-13  4.37444e-13  3.87604e-13  4.98394e-14
3.327158358e+00  4.3923891e-13  4.39239e-13  3.86556e-13  5.26828e-14
3.343794149e+00  4.4074479e-13  4.40745e-13  3.85068e-13  5.56769e-14
3.360513120e+00  4.4210723e-13  4.42107e-13  3.83281e-13  5.88263e-14
3.377315686e+00  4.4356257e-13  4.43563e-13  3.81429e-13  6.21336e-14
3.394202264e+00  4.4555892e-13  4.45559e-13  3.79964e-13  6.55950e-14
3.411173276e+00  4.4743916e-13  4.47439e-13  3.78207e-13  6.92323e-14
3.428229142e+00  4.5100566e-13  4.51006e-13  3.78000e-13  7.30053e-14
3.445370288e+00  4.5289549e-13  4.52895e-13  3.75885e-13  7.70100e-14
3.462597139e+00  4.5477130e-13  4.54771e-13  3.73558e-13  8.12131e-14
3.479910125e+00  4.5628799e-13  4.56288e-13  3.70653e-13  8.56350e-14
3.497309675e+00  4.5832969e-13  4.58330e-13  3.68073e-13  9.02567e-14
3.514796224e+00  4.6142359e-13  4.61424e-13  3.66358e-13  9.50657e-14
3.532370205e+00  4.6372422e-13  4.63724e-13  3.63587e-13  1.00137e-13
3.550032056e+00  4.6616235e-13  4.66162e-13  3.60714e-13  1.05449e-13
3.567782216e+00  4.6886428e-13  4.68864e-13  3.57859e-13  1.11005e-13
3.585621127e+00  4.7181114e-13  4.71811e-13  3.54994e-13  1.16818e-13
3.603549233e+00  4.7484647e-13  4.74846e-13  3.51943e-13  1.22904e-13
3.621566979e+00  4.7812404e-13  4.78124e-13  3.48857e-13  1.29267e-13
3.639674814e+00  4.8162855e-13  4.81629e-13  3.45708e-13  1.35921e-13
3.657873188e+00  4.8526561e-13  4.85266e-13  3.42383e-13  1.42882e-13
3.676162554e+00  4.8913214e-13  4.89132e-13  3.38974e-13  1.50158e-13
3.694543367e+00  4.9324289e-13  4.93243e-13  3.35481e-13  1.57762e-13
3.713016084e+00  4.9758699e-13  4.97587e-13  3.31880e-13  1.65707e-13
3.731581164e+00  5.0223206e-13  5.02232e-13  3.28229e-13  1.74003e-13
3.750239070e+00  5.0711701e-13  5.07117e-13  3.24448e-13  1.82669e-13
3.768990265e+00  5.1233486e-13  5.12335e-13  3.20622e-13  1.91712e-13
3.787835216e+00  5.1785184e-13  5.17852e-13  3.16699e-13  2.01153e-13
3.806774393e+00  5.2361283e-13  5.23613e-13  3.12602e-13  2.11011e-13
3.825808265e+00  5.2997507e-13  5.29975e-13  3.08706e-13  2.21269e-13
3.844937306e+00  5.3666226e-13  5.36662e-13  3.04692e-13  2.31970e-13
3.864161992e+00  5.4364782e-13  5.43648e-13  3.00512e-13  2.43136e-13
3.883482802e+00  5.5109218e-13  5.51092e-13  2.96325e-13  2.54767e-13
3.902900216e+00  5.5908007e-13  5.59080e-13  2.92209e-13  2.66871e-13
3.922414717e+00  5.6762555e-13  5.67626e-13  2.88163e-13  2.79462e-13
3.942026791e+00  5.7665526e-13  5.76655e-13  2.84086e-13  2.92569e-13
3.961736925e+00  5.8610190e-13  5.86102e-13  2.79878e-13  3.06224e-13
3.981545610e+00  5.9622250e-13  5.96222e-13  2.75817e-13  3.20405e-13
4.001453338e+00  6.0686248e-13  6.06862e-13  2.71703e-13  3.35160e-13
4.021460604e+00  6.1806360e-13  6.18064e-13  2.67562e-13  3.50502e-13
4.041567907e+00  6.2998716e-13  6.29987e-13  2.63565e-13  3.66422e-13
4.061775747e+00  6.4248849e-13  6.42488e-13  2.59517e-13  3.82971e-13
4.082084626e+00  6.5591869e-13  6.55919e-13  2.55826e-13  4.00093e-13
4.102495049e+00  6.6988313e-13  6.69883e-13  2.51987e-13  4.17897e-13
4.123007524e+00  6.8450245e-13  6.84502e-13  2.48121e-13  4.36382e-13
4.143622562e+00  6.9998050e-13  6.99981e-13  2.44462e-13  4.55519e-13
4.164340674e+00  7.1600894e-13  7.16009e-13  2.40591e-13  4.75418e-13
4.185162378e+00  7.3263828e-13  7.32638e-13  2.36537e-13  4.96101e-13
4.206088190e+00  7.5005313e-13  7.50053e-13  2.32510e-13  5.17544e-13
4.227118631e+00  7.6835756e-13  7.68358e-13  2.28620e-13  5.39737e-13
4.248254224e+00  7.8734299e-13  7.87343e-13  2.24555e-13  5.62788e-13
4.269495495e+00  8.0707500e-13  8.07075e-13  2.20363e-13  5.86712e-13
4.290842972e+00  8.2769190e-13  8.27692e-13  2.16201e-13  6.11491e-13
4.312297187e+00  8.4908528e-13  8.49085e-13  2.11875e-13  6.37211e-13
4.333858673e+00  8.7151873e-13  8.71519e-13  2.07733e-13  6.63786e-13
4.355527967e+00  8.9497931e-13  8.94979e-13  2.03729e-13  6.91250e-13
4.377305606e+00  9.1953738e-13  9.19537e-13  1.99946e-13  7.19591e-13
4.399192134e+00  9.4507716e-13  9.45077e-13  1.96168e-13  7.48909e-13
4.421188095e+00  9.7169861e-13  9.71699e-13  1.92521e-13  7.79177e-13
4.443294036e+00  9.9941947e-13  9.99419e-13  1.89003e-13  8.10417e-13
4.465510506e+00  1.0282015e-12  1.02820e-12  1.85508e-13  8.42694e-13
4.487838058e+00  1.0579102e-12  1.05791e-12  1.81732e-13  8.76178e-13
4.510277249e+00  1.0886772e-12  1.08868e-12  1.77844e-13  9.10833e-13
4.532828635e+00  1.1205886e-12  1.12059e-12  1.73948e-13  9.46641e-13
4.555492778e+00  1.1535669e-12  1.15357e-12  1.69806e-13  9.83761e-13
4.578270242e+00  1.1876045e-12  1.18760e-12  1.65289e-13  1.02232e-12
4.601161593e+00  1.2229792e-12  1.22298e-12  1.60932e-13  1.06205e-12
4.624167401e+00  1.2596080e-12  1.25961e-12  1.56462e-13  1.10315e-12
4.647288238e+00  1.2975750e-12  1.29757e-12  1.51998e-13  1.14558e-12
4.670524679e+00  1.3369020e-12  1.33690e-12  1.47502e-13  1.18940e-12
4.693877303e+00  1.3775836e-12  1.37758e-12  1.42826e-13  1.23476e-12
4.717346689e+00  1.4198180e-12  1.41982e-12  1.38534e-13  1.28128e-12
4.740933423e+00  1.4636352e-12  1.46364e-12  1.34767e-13  1.32887e-12
4.764638090e+00  1.5089414e-12  1.50894e-12  1.31126e-13  1.37782e-12
4.788461280e+00  1.5557910e-12  1.55579e-12  1.27827e-13  1.42796e-12
4.812403587e+00  1.6041498e-12  1.60415e-12  1.24609e-13  1.47954e-12
4.836465604e+00  1.6540332e-12  1.65403e-12  1.21365e-13  1.53267e-12
4.860647933e+00  1.7054891e-12  1.70549e-12  1.18379e-13  1.58711e-12
4.884951172e+00  1.7585202e-12  1.75852e-12  1.15417e-13  1.64310e-12
4.909375928e+00  1.8131520e-12  1.81315e-12  1.12583e-13  1.70057e-12
4.933922808e+00  1.8693934e-12  1.86939e-12  1.09961e-13  1.75943e-12
4.958592422e+00  1.9272747e-12  1.92727e-12  1.07358e-13  1.81992e-12
4.983385384e+00  1.9868842e-12  1.98688e-12  1.04451e-13  1.88243e-12
5.008302311e+00  2.0482275e-12  2.04823e-12  1.01552e-13  1.94668e-12
5.033343822e+00  2.1112438e-12  2.11124e-12  9.89942e-14  2.01225e-12
5.058510541e+00  2.1759884e-12  2.17599e-12  9.65550e-14  2.07943e-12
5.083803094e+00  2.2423865e-12  2.24239e-12  9.44612e-14  2.14793e-12
5.109222110e+00  2.3105031e-12  2.31050e-12  9.25095e-14  2.21799e-12
5.134768220e+00  2.3803703e-12  2.38037e-12  9.06481e-14  2.28972e-12
5.160442061e+00  2.4520029e-12  2.45200e-12  8.88753e-14  2.36313e-12
5.186244272e+00  2.5254252e-12  2.52543e-12  8.71732e-14  2.43825e-12
5.212175493e+00  2.6006537e-12  2.60065e-12  8.55403e-14  2.51511e-12
5.238236370e+00  2.6776451e-12  2.67765e-12  8.40531e-14  2.59359e-12
5.264427552e+00  2.7564258e-12  2.75643e-12  8.26772e-14  2.67375e-12
5.290749690e+00  2.8369602e-12  2.83696e-12  8.14559e-14  2.75550e-12
5.317203438e+00  2.9191995e-12  2.91920e-12  8.04310e-14  2.83877e-12
5.343789456e+00  3.0032399e-12  3.00324e-12  7.94922e-14  2.92375e-12
5.370508403e+00  3.0891880e-12  3.08919e-12  7.85483e-14  3.01064e-12
5.397360945e+00  3.1772110e-12  3.17721e-12  7.74814e-14  3.09973e-12
5.424347750e+00  3.2671870e-12  3.26719e-12  7.64266e-14  3.19076e-12
5.451469488e+00  3.3591362e-12  3.35914e-12  7.53838e-14  3.28375e-12
5.478726836e+00  3.4529509e-12  3.45295e-12  7.44392e-14  3.37851e-12
5.506120470e+00  3.5488314e-12  3.54883e-12  7.34620e-14  3.47537e-12
5.533651072e+00  3.6468069e-12  3.64681e-12  7.24534e-14  3.57435e-12
5.561319328e+00  3.7470543e-12  3.74705e-12  7.13302e-14  3.67572e-12
5.589125924e+00  3.8497020e-12  3.84970e-12  7.00540e-14  3.77965e-12
5.617071554e+00  3.9549744e-12  3.95497e-12  6.85464e-14  3.88643e-12
5.645156912e+00  4.0622758e-12  4.06228e-12  6.71413e-14  3.99513e-12
5.673382696e+00  4.1715136e-12  4.17151e-12  6.58768e-14  4.10564e-12
5.701749610e+00  4.2824547e-12  4.28245e-12  6.48435e-14  4.21761e-12
5.730258358e+00  4.3952468e-12  4.39525e-12  6.39558e-14  4.33129e-12
5.758909650e+00  4.5104020e-12  4.51040e-12  6.29992e-14  4.44740e-12
5.787704198e+00  4.6285165e-12  4.62852e-12  6.17668e-14  4.56675e-12
5.816642719e+00  4.7489332e-12  4.74893e-12  6.05378e-14  4.68840e-12
5.845725932e+00  4.8718212e-12  4.87182e-12  5.92612e-14  4.81256e-12
5.874954562e+00  4.9968642e-12  4.99686e-12  5.80529e-14  4.93881e-12
5.904329335e+00  5.1240994e-12  5.12410e-12  5.68988e-14  5.06720e-12
5.933850982e+00  5.2537777e-12  5.25378e-12  5.57226e-14  5.19806e-12
5.963520237e+00  5.3857942e-12  5.38579e-12  5.45624e-14  5.33123e-12
5.993337838e+00  5.5193523e-12  5.51935e-12  5.36390e-14  5.46571e-12
6.023304527e+00  5.6548446e-12  5.65484e-12  5.28247e-14  5.60202e-12
6.053421050e+00  5.7924347e-12  5.79243e-12  5.20685e-14  5.74037e-12
6.083688155e+00  5.9322102e-12  5.93221e-12  5.13451e-14  5.88087e-12
6.114106596e+00  6.0740657e-12  6.07407e-12  5.06776e-14  6.02339e-12
6.144677129e+00  6.2182510e-12  6.21825e-12  5.00058e-14  6.16825e-12
6.175400514e+00  6.3648838e-12  6.36488e-12  4.93067e-14  6.31558e-12
6.206277517e+00  6.5143743e-12  6.51437e-12  4.85005e-14  6.46587e-12
6.237308904e+00  6.6655654e-12  6.66557e-12  4.78302e-14  6.61774e-12
6.268495449e+00  6.8190566e-12  6.81906e-12  4.71677e-14  6.77189e-12
6.299837926e+00  6.9745440e-12  6.97454e-12  4.65691e-14  6.92797e-12
6.331337116e+00  7.1323157e-12  7.13232e-12  4.59771e-14  7.08634e-12
6.362993801e+00  7.2925002e-12  7.29250e-12  4.53697e-14  7.24713e-12
6.394808770e+00  7.4545758e-12  7.45458e-12  4.48347e-14  7.40974e-12
6.426782814e+00  7.6191889e-12  7.61919e-12  4.42622e-14  7.57493e-12
6.458916728e+00  7.7860080e-12  7.78601e-12  4.37067e-14  7.74230e-12
6.491211312e+00  7.9551669e-12  7.95517e-12  4.31468e-14  7.91202e-12
6.523667368e+00  8.1271081e-12  8.12711e-12  4.25193e-14  8.08459e-12
6.556285705e+00  8.3010337e-12  8.30103e-12  4.19412e-14  8.25909e-12
6.589067134e+00  8.4769918e-12  8.47699e-12  4.14009e-14  8.43559e-12
6.622012469e+00  8.6551160e-12  8.65512e-12  4.08769e-14  8.61424e-12
6.655122532e+00  8.8361242e-12  8.83612e-12  4.02774e-14  8.79585e-12
6.688398144e+00  9.0193872e-12  9.01939e-12  3.96851e-14  8.97970e-12
6.721840135e+00  9.2049799e-12  9.20498e-12  3.90900e-14  9.16589e-12
6.755449336e+00  9.3936842e-12  9.39368e-12  3.84031e-14  9.35528e-12
6.789226583e+00  9.5838495e-12  9.58385e-12  3.78135e-14  9.54604e-12
6.823172715e+00  9.7763230e-12  9.77632e-12  3.72215e-14  9.73910e-12
6.857288579e+00  9.9718461e-12  9.97185e-12  3.65501e-14  9.93530e-12
6.891575022e+00  1.0170844e-11  1.01708e-11  3.57634e-14  1.01351e-11
6.926032897e+00  1.0372210e-11  1.03722e-11  3.49782e-14  1.03372e-11
6.960663062e+00  1.0575836e-11  1.05758e-11  3.42040e-14  1.05416e-11
6.995466377e+00  1.0781808e-11  1.07818e-11  3.34315e-14  1.07484e-11
7.030443709e+00  1.0990636e-11  1.09906e-11  3.26146e-14  1.09580e-11
7.065595927e+00  1.1201171e-11  1.12012e-11  3.18553e-14  1.11693e-11
7.100923907e+00  1.1414667e-11  1.14147e-11  3.10435e-14  1.13836e-11
7.136428526e+00  1.1630594e-11  1.16306e-11  3.02256e-14  1.16004e-11
7.172110669e+00  1.1848607e-11  1.18486e-11  2.94287e-14  1.18192e-11
7.207971222e+00  1.2067752e-11  1.20678e-11  2.87228e-14  1.20390e-11
7.244011079e+00  1.2289715e-11  1.22897e-11  2.79748e-14  1.22617e-11
7.280231134e+00  1.2513310e-11  1.25133e-11  2.72724e-14  1.24860e-11
7.316632290e+00  1.2741305e-11  1.27413e-11  2.64174e-14  1.27149e-11
7.353215451e+00  1.2970561e-11  1.29706e-11  2.56350e-14  1.29449e-11
7.389981528e+00  1.3202275e-11  1.32023e-11  2.48392e-14  1.31774e-11
7.426931436e+00  1.3436183e-11  1.34362e-11  2.40472e-14  1.34121e-11
7.464066093e+00  1.3672398e-11  1.36724e-11  2.32509e-14  1.36491e-11
7.501386424e+00  1.3911308e-11  1.39113e-11  2.24260e-14  1.38889e-11
7.538893356e+00  1.4151005e-11  1.41510e-11  2.16871e-14  1.41293e-11
7.576587822e+00  1.4393483e-11  1.43935e-11  2.09114e-14  1.43726e-11
7.614470762e+00  1.4638473e-11  1.46385e-11  2.01160e-14  1.46184e-11
7.652543115e+00  1.4885395e-11  1.48854e-11  1.93332e-14  1.48661e-11
7.690805831e+00  1.5134658e-11  1.51347e-11  1.85394e-14  1.51161e-11
7.729259860e+00  1.5382962e-11  1.53830e-11  1.79057e-14  1.53651e-11
7.767906159e+00  1.5634690e-11  1.56347e-11  1.71973e-14  1.56175e-11
7.806745690e+00  1.5889891e-11  1.58899e-11  1.64166e-14  1.58735e-11
7.845779419e+00  1.6143899e-11  1.61439e-11  1.57919e-14  1.61281e-11
7.885008316e+00  1.6402282e-11  1.64023e-11  1.50500e-14  1.63872e-11
7.924433357e+00  1.6662699e-11  1.66627e-11  1.43055e-14  1.66484e-11
7.964055524e+00  1.6922983e-11  1.69230e-11  1.36539e-14  1.69093e-11
8.003875802e+00  1.7183680e-11  1.71837e-11  1.30640e-14  1.71706e-11
8.043895181e+00  1.7443163e-11  1.74432e-11  1.25989e-14  1.74306e-11
8.084114657e+00  1.7700056e-11  1.77001e-11  1.23054e-14  1.76878e-11
8.124535230e+00  1.7945358e-11  1.79454e-11  1.25327e-14  1.79328e-11
8.165157906e+00  1.8173814e-11  1.81738e-11  1.34490e-14  1.81604e-11
8.205983696e+00  1.8376449e-11  1.83764e-11  1.53480e-14  1.83611e-11
8.247013614e+00  1.8542882e-11  1.85429e-11  1.85467e-14  1.85243e-11
8.288248682e+00  1.8671498e-11  1.86715e-11  2.30089e-14  1.86485e-11
8.329689926e+00  1.8751228e-11  1.87512e-11  2.90370e-14  1.87222e-11
8.371338375e+00  1.8837886e-11  1.88379e-11  3.45644e-14  1.88033e-11
8.413195067e+00  1.8969761e-11  1.89698e-11  3.83091e-14  1.89315e-11
8.455261042e+00  1.9126984e-11  1.91270e-11  4.10484e-14  1.90859e-11
8.497537348e+00  1.9304267e-11  1.93043e-11  4.30176e-14  1.92612e-11
8.540025034e+00  1.9486056e-11  1.94861e-11  4.47598e-14  1.94413e-11
8.582725160e+00  1.9655304e-11  1.96553e-11  4.68181e-14  1.96085e-11
8.625638785e+00  1.9809011e-11  1.98090e-11  4.92593e-14  1.97598e-11
8.668766979e+00  1.9934779e-11  1.99348e-11  5.24238e-14  1.98824e-11
8.712110814e+00  2.0024926e-11  2.00249e-11  5.64839e-14  1.99684e-11
8.755671368e+00  2.0082236e-11  2.00822e-11  6.12970e-14  2.00209e-11
8.799449725e+00  2.0129184e-11  2.01292e-11  6.61815e-14  2.00630e-11
8.843446974e+00  2.0207608e-11  2.02076e-11  6.99844e-14  2.01376e-11
8.887664209e+00  2.0307362e-11  2.03074e-11  7.30400e-14  2.02343e-11
8.932102530e+00  2.0439771e-11  2.04398e-11  7.50945e-14  2.03647e-11
8.976763042e+00  2.0606097e-11  2.06061e-11  7.61748e-14  2.05299e-11
9.021646857e+00  2.0809229e-11  2.08092e-11  7.62663e-14  2.07330e-11
9.066755092e+00  2.1055905e-11  2.10559e-11  7.52631e-14  2.09806e-11
9.112088867e+00  2.1330006e-11  2.13300e-11  7.36190e-14  2.12564e-11
9.157649312e+00  2.1616286e-11  2.16163e-11  7.17320e-14  2.15446e-11
9.203437558e+00  2.1889983e-11  2.18900e-11  7.01880e-14  2.18198e-11
9.249454746e+00  2.2138263e-11  2.21383e-11  6.92563e-14  2.20690e-11
9.295702020e+00  2.2365190e-11  2.23652e-11  6.88099e-14  2.22964e-11
9.342180530e+00  2.2578072e-11  2.25781e-11  6.86608e-14  2.25094e-11
9.388891432e+00  2.2772852e-11  2.27729e-11  6.88765e-14  2.27040e-11
9.435835890e+00  2.2939145e-11  2.29391e-11  6.96508e-14  2.28695e-11
9.483015069e+00  2.3065891e-11  2.30659e-11  7.11753e-14  2.29947e-11
9.530430144e+00  2.3146077e-11  2.31461e-11  7.35449e-14  2.30725e-11
9.578082295e+00  2.3275524e-11  2.32755e-11  7.48260e-14  2.32007e-11
9.625972707e+00  2.3438109e-11  2.34381e-11  7.53894e-14  2.33627e-11
9.674102570e+00  2.3603704e-11  2.36037e-11  7.58435e-14  2.35279e-11
9.722473083e+00  2.3785009e-11  2.37850e-11  7.59577e-14  2.37091e-11
9.771085448e+00  2.3981949e-11  2.39819e-11  7.57514e-14  2.39062e-11
9.819940876e+00  2.4191077e-11  2.41911e-11  7.53031e-14  2.41158e-11
9.869040580e+00  2.4411891e-11  2.44119e-11  7.46343e-14  2.43373e-11
9.918385783e+00  2.4634754e-11  2.46348e-11  7.39223e-14  2.45608e-11
9.967977712e+00  2.4835583e-11  2.48356e-11  7.35752e-14  2.47620e-11
1.001781760e+01  2.5014038e-11  2.50140e-11  7.35781e-14  2.49405e-11
1.006790669e+01  2.5173888e-11  2.51739e-11  7.38502e-14  2.51000e-11
1.011824622e+01  2.5309623e-11  2.53096e-11  7.44637e-14  2.52352e-11
1.016883745e+01  2.5389964e-11  2.53900e-11  7.58896e-14  2.53141e-11
1.021968164e+01  2.5391274e-11  2.53913e-11  7.84471e-14  2.53128e-11
1.027078005e+01  2.5286438e-11  2.52864e-11  8.24841e-14  2.52040e-11
1.032213395e+01  2.5137606e-11  2.51376e-11  8.69968e-14  2.50506e-11
1.037374462e+01  2.5078421e-11  2.50784e-11  9.00071e-14  2.49884e-11
1.042561334e+01  2.5160353e-11  2.51604e-11  9.08520e-14  2.50695e-11
1.047774141e+01  2.5397002e-11  2.53970e-11  8.94501e-14  2.53076e-11
1.053013012e+01  2.5697798e-11  2.56978e-11  8.71703e-14  2.56106e-11
1.058278077e+01  2.5920155e-11  2.59202e-11  8.59986e-14  2.58342e-11
1.063569467e+01  2.6001912e-11  2.60019e-11  8.67107e-14  2.59152e-11
1.068887314e+01  2.5979211e-11  2.59792e-11  8.87358e-14  2.58905e-11
1.074231751e+01  2.6006597e-11  2.60066e-11  9.00082e-14  2.59166e-11
1.079602910e+01  2.6163661e-11  2.61637e-11  8.95518e-14  2.60741e-11
1.085000924e+01  2.6420313e-11  2.64203e-11  8.78277e-14  2.63325e-11
1.090425929e+01  2.6750452e-11  2.67505e-11  8.52193e-14  2.66652e-11
1.095878058e+01  2.7102675e-11  2.71027e-11  8.23922e-14  2.70203e-11
1.101357449e+01  2.7416638e-11  2.74166e-11  8.00761e-14  2.73366e-11
1.106864236e+01  2.7651714e-11  2.76517e-11  7.87228e-14  2.75730e-11
1.112398557e+01  2.7851726e-11  2.78517e-11  7.77818e-14  2.77739e-11
1.117960550e+01  2.8073111e-11  2.80731e-11  7.65935e-14  2.79965e-11
1.123550353e+01  2.8338125e-11  2.83381e-11  7.49215e-14  2.82632e-11
1.129168104e+01  2.8640976e-11  2.86410e-11  7.28523e-14  2.85681e-11
1.134813945e+01  2.9032217e-11  2.90322e-11  6.98586e-14  2.89624e-11
1.140488015e+01  2.9473892e-11  2.94739e-11  6.63879e-14  2.94075e-11
1.146190455e+01  2.9897163e-11  2.98972e-11  6.31845e-14  2.98340e-11
1.151921407e+01  3.0330205e-11  3.03302e-11  5.99466e-14  3.02703e-11
1.157681014e+01  3.0839311e-11  3.08393e-11  5.60032e-14  3.07833e-11
1.163469419e+01  3.1340660e-11  3.13407e-11  5.22262e-14  3.12884e-11
1.169286766e+01  3.1757168e-11  3.17572e-11  4.93687e-14  3.17078e-11
1.175133200e+01  3.2154268e-11  3.21543e-11  4.67556e-14  3.21075e-11
1.181008866e+01  3.2579784e-11  3.25798e-11  4.39194e-14  3.25359e-11
1.186913910e+01  3.2981163e-11  3.29812e-11  4.13659e-14  3.29398e-11
1.192848480e+01  3.3251091e-11  3.32511e-11  4.00793e-14  3.32110e-11
1.198812722e+01  3.3446900e-11  3.34469e-11  3.94804e-14  3.34074e-11
1.204806786e+01  3.3690035e-11  3.36900e-11  3.84450e-14  3.36516e-11
1.210830820e+01  3.4003152e-11  3.40032e-11  3.67908e-14  3.39664e-11
1.216884974e+01  3.4328012e-11  3.43280e-11  3.50545e-14  3.42930e-11
1.222969399e+01  3.4676201e-11  3.46762e-11  3.31398e-14  3.46431e-11
1.229084246e+01  3.5012328e-11  3.50123e-11  3.13559e-14  3.49810e-11
1.235229667e+01  3.5307253e-11  3.53073e-11  2.99421e-14  3.52773e-11
1.241405815e+01  3.5590953e-11  3.55910e-11  2.86353e-14  3.55623e-11
1.247612845e+01  3.5869466e-11  3.58695e-11  2.73821e-14  3.58421e-11
1.253850909e+01  3.6141522e-11  3.61415e-11  2.61907e-14  3.61153e-11
1.260120163e+01  3.6404262e-11  3.64043e-11  2.50816e-14  3.63792e-11
1.266420764e+01  3.6661876e-11  3.66619e-11  2.40187e-14  3.66379e-11
1.272752868e+01  3.6898443e-11  3.68984e-11  2.31233e-14  3.68753e-11
1.279116632e+01  3.7114877e-11  3.71149e-11  2.23818e-14  3.70925e-11
1.285512215e+01  3.7302939e-11  3.73029e-11  2.18499e-14  3.72811e-11
1.291939776e+01  3.7465491e-11  3.74655e-11  2.14983e-14  3.74440e-11
1.298399475e+01  3.7615114e-11  3.76151e-11  2.12278e-14  3.75939e-11
1.304891473e+01  3.7766608e-11  3.77666e-11  2.09284e-14  3.77457e-11
1.311415930e+01  3.7910281e-11  3.79103e-11  2.06702e-14  3.78896e-11
1.317973010e+01  3.8044026e-11  3.80440e-11  2.04665e-14  3.80236e-11
1.324562875e+01  3.8191016e-11  3.81910e-11  2.01542e-14  3.81709e-11
1.331185689e+01  3.8370649e-11  3.83706e-11  1.96048e-14  3.83510e-11
1.337841618e+01  3.8559842e-11  3.85598e-11  1.89833e-14  3.85409e-11
1.344530826e+01  3.8735607e-11  3.87356e-11  1.84460e-14  3.87172e-11
1.351253480e+01  3.8893263e-11  3.88933e-11  1.80208e-14  3.88752e-11
1.358009747e+01  3.9013149e-11  3.90131e-11  1.78314e-14  3.89953e-11
1.364799796e+01  3.9098257e-11  3.90983e-11  1.78500e-14  3.90804e-11
1.371623795e+01  3.9199207e-11  3.91992e-11  1.77473e-14  3.91815e-11
1.378481914e+01  3.9307371e-11  3.93074e-11  1.75820e-14  3.92898e-11
1.385374323e+01  3.9450525e-11  3.94505e-11  1.71842e-14  3.94333e-11
1.392301195e+01  3.9618029e-11  3.96180e-11  1.66274e-14  3.96014e-11
1.399262701e+01  3.9795737e-11  3.97957e-11  1.60032e-14  3.97797e-11
1.406259015e+01  3.9974001e-11  3.99740e-11  1.53715e-14  3.99586e-11
1.413290310e+01  4.0142647e-11  4.01426e-11  1.47929e-14  4.01279e-11
1.420356761e+01  4.0271428e-11  4.02714e-11  1.44420e-14  4.02570e-11
1.427458545e+01  4.0402240e-11  4.04022e-11  1.40693e-14  4.03882e-11
1.434595838e+01  4.0545351e-11  4.05454e-11  1.36173e-14  4.05317e-11
1.441768817e+01  4.0691007e-11  4.06910e-11  1.31436e-14  4.06779e-11
1.448977661e+01  4.0819937e-11  4.08199e-11  1.27565e-14  4.08072e-11
1.456222549e+01  4.0926027e-11  4.09260e-11  1.24865e-14  4.09135e-11
1.463503662e+01  4.1012597e-11  4.10126e-11  1.23118e-14  4.10003e-11
1.470821180e+01  4.1073511e-11  4.10735e-11  1.22621e-14  4.10612e-11
1.478175286e+01  4.1119015e-11  4.11190e-11  1.22789e-14  4.11067e-11
1.485566163e+01  4.1165928e-11  4.11659e-11  1.22715e-14  4.11537e-11
1.492993994e+01  4.1232483e-11  4.12325e-11  1.21459e-14  4.12203e-11
1.500458964e+01  4.1349183e-11  4.13492e-11  1.17492e-14  4.13374e-11
1.507961258e+01  4.1476271e-11  4.14763e-11  1.12926e-14  4.14650e-11
1.515501065e+01  4.1598995e-11  4.15990e-11  1.08524e-14  4.15881e-11
1.523078570e+01  4.1708185e-11  4.17082e-11  1.04738e-14  4.16977e-11
1.530693963e+01  4.1704700e-11  4.17047e-11  1.06427e-14  4.16941e-11
1.538347433e+01  4.1609115e-11  4.16091e-11  1.12415e-14  4.15979e-11
1.546039170e+01  4.1382640e-11  4.13826e-11  1.24434e-14  4.13702e-11
1.553769366e+01  4.1026652e-11  4.10267e-11  1.42225e-14  4.10124e-11
1.561538212e+01  4.0787250e-11  4.07873e-11  1.54001e-14  4.07719e-11
1.569345903e+01  4.0556900e-11  4.05569e-11  1.64966e-14  4.05404e-11
1.577192633e+01  4.0309781e-11  4.03098e-11  1.76336e-14  4.02921e-11
1.585078596e+01  4.0178247e-11  4.01782e-11  1.82050e-14  4.01600e-11
1.593003989e+01  4.0025807e-11  4.00258e-11  1.88455e-14  4.00070e-11
1.600969009e+01  3.9906615e-11  3.99066e-11  1.93104e-14  3.98873e-11
1.608973854e+01  3.9835761e-11  3.98358e-11  1.95383e-14  3.98162e-11
1.617018723e+01  3.9743731e-11  3.97437e-11  1.98412e-14  3.97239e-11
1.625103817e+01  3.9662717e-11  3.96627e-11  2.00771e-14  3.96426e-11
1.633229336e+01  3.9501902e-11  3.95019e-11  2.06387e-14  3.94813e-11
1.641395483e+01  3.9280211e-11  3.92802e-11  2.14357e-14  3.92588e-11
1.649602460e+01  3.9089010e-11  3.90890e-11  2.20760e-14  3.90669e-11
1.657850473e+01  3.8849794e-11  3.88498e-11  2.28920e-14  3.88269e-11
1.666139725e+01  3.8732593e-11  3.87326e-11  2.31755e-14  3.87094e-11
1.674470424e+01  3.8564836e-11  3.85648e-11  2.36485e-14  3.85412e-11
1.682842776e+01  3.8417216e-11  3.84172e-11  2.40190e-14  3.83932e-11
1.691256990e+01  3.8220886e-11  3.82209e-11  2.45665e-14  3.81963e-11
1.699713274e+01  3.8039486e-11  3.80395e-11  2.50327e-14  3.80145e-11
1.708211841e+01  3.7847893e-11  3.78479e-11  2.55191e-14  3.78224e-11
1.716752900e+01  3.7695598e-11  3.76956e-11  2.58319e-14  3.76698e-11
1.725336665e+01  3.7545988e-11  3.75460e-11  2.61175e-14  3.75199e-11
1.733963348e+01  3.7391161e-11  3.73912e-11  2.64071e-14  3.73648e-11
1.742633165e+01  3.7213523e-11  3.72135e-11  2.67674e-14  3.71868e-11
1.751346330e+01  3.7021518e-11  3.70215e-11  2.71648e-14  3.69944e-11
1.760103062e+01  3.6794945e-11  3.67949e-11  2.76736e-14  3.67673e-11
1.768903577e+01  3.6618881e-11  3.66189e-11  2.79765e-14  3.65909e-11
1.777748095e+01  3.6484480e-11  3.64845e-11  2.81116e-14  3.64564e-11
1.786636836e+01  3.6420717e-11  3.64207e-11  2.79781e-14  3.63927e-11
1.795570020e+01  3.6377377e-11  3.63774e-11  2.77640e-14  3.63496e-11
1.804547870e+01  3.6334676e-11  3.63347e-11  2.75420e-14  3.63071e-11
1.813570609e+01  3.6245690e-11  3.62457e-11  2.74782e-14  3.62182e-11
1.822638462e+01  3.6088212e-11  3.60882e-11  2.76465e-14  3.60606e-11
1.831751655e+01  3.5859834e-11  3.58598e-11  2.80492e-14  3.58318e-11
1.840910413e+01  3.5549872e-11  3.55499e-11  2.87173e-14  3.55212e-11
1.850114965e+01  3.5322475e-11  3.53225e-11  2.90836e-14  3.52934e-11
1.859365540e+01  3.5134215e-11  3.51342e-11  2.93027e-14  3.51049e-11
1.868662368e+01  3.5048203e-11  3.50482e-11  2.91666e-14  3.50190e-11
1.878005679e+01  3.4994872e-11  3.49949e-11  2.89159e-14  3.49660e-11
1.887395708e+01  3.4974550e-11  3.49745e-11  2.85524e-14  3.49460e-11
1.896832686e+01  3.4958458e-11  3.49585e-11  2.81733e-14  3.49303e-11
1.906316850e+01  3.4961763e-11  3.49618e-11  2.77298e-14  3.49340e-11
1.915848434e+01  3.4954078e-11  3.49541e-11  2.73214e-14  3.49268e-11
1.925427676e+01  3.4908219e-11  3.49082e-11  2.70343e-14  3.48812e-11
1.935054815e+01  3.4924512e-11  3.49245e-11  2.65477e-14  3.48980e-11
1.944730089e+01  3.4956124e-11  3.49561e-11  2.60137e-14  3.49301e-11
1.954453739e+01  3.4972432e-11  3.49724e-11  2.55291e-14  3.49469e-11
1.964226008e+01  3.5014313e-11  3.50143e-11  2.49663e-14  3.49893e-11
1.974047138e+01  3.5099642e-11  3.50996e-11  2.42724e-14  3.50754e-11
1.983917374e+01  3.5174678e-11  3.51747e-11  2.36143e-14  3.51511e-11
1.993836960e+01  3.5306109e-11  3.53061e-11  2.27897e-14  3.52833e-11
2.003806145e+01  3.5415148e-11  3.54151e-11  2.20388e-14  3.53931e-11
2.013825176e+01  3.5485737e-11  3.54857e-11  2.14078e-14  3.54643e-11
2.023894302e+01  3.5529556e-11  3.55296e-11  2.08596e-14  3.55087e-11
2.034013773e+01  3.5487002e-11  3.54870e-11  2.05671e-14  3.54664e-11
2.044183842e+01  3.5414015e-11  3.54140e-11  2.03619e-14  3.53937e-11
2.054404761e+01  3.5309531e-11  3.53095e-11  2.02453e-14  3.52893e-11
2.064676785e+01  3.5187245e-11  3.51872e-11  2.01759e-14  3.51671e-11
2.075000169e+01  3.5161990e-11  3.51620e-11  1.98265e-14  3.51422e-11
2.085375170e+01  3.5186586e-11  3.51866e-11  1.93363e-14  3.51673e-11
2.095802046e+01  3.5193778e-11  3.51938e-11  1.88970e-14  3.51749e-11
2.106281056e+01  3.5215806e-11  3.52158e-11  1.84179e-14  3.51974e-11
2.116812461e+01  3.5244238e-11  3.52442e-11  1.79233e-14  3.52263e-11
2.127396524e+01  3.5271547e-11  3.52715e-11  1.74342e-14  3.52541e-11
2.138033506e+01  3.5334590e-11  3.53346e-11  1.68503e-14  3.53177e-11
2.148723674e+01  3.5405412e-11  3.54054e-11  1.62491e-14  3.53892e-11
2.159467292e+01  3.5479819e-11  3.54798e-11  1.56425e-14  3.54642e-11
2.170264629e+01  3.5540512e-11  3.55405e-11  1.50767e-14  3.55254e-11
2.181115952e+01  3.5592095e-11  3.55921e-11  1.45387e-14  3.55776e-11
2.192021532e+01  3.5659148e-11  3.56591e-11  1.39635e-14  3.56452e-11
2.202981639e+01  3.5697114e-11  3.56971e-11  1.34683e-14  3.56836e-11
2.213996547e+01  3.5730605e-11  3.57306e-11  1.29876e-14  3.57176e-11
2.225066530e+01  3.5738177e-11  3.57382e-11  1.25764e-14  3.57256e-11
2.236191863e+01  3.5727721e-11  3.57277e-11  1.22133e-14  3.57155e-11
2.247372822e+01  3.5673615e-11  3.56736e-11  1.19625e-14  3.56617e-11
2.258609686e+01  3.5560585e-11  3.55606e-11  1.18602e-14  3.55487e-11
2.269902735e+01  3.5422404e-11  3.54224e-11  1.18191e-14  3.54106e-11
2.281252248e+01  3.5253330e-11  3.52533e-11  1.18521e-14  3.52415e-11
2.292658510e+01  3.5046508e-11  3.50465e-11  1.19750e-14  3.50345e-11
2.304121802e+01  3.4824526e-11  3.48245e-11  1.21304e-14  3.48124e-11
2.315642411e+01  3.4615626e-11  3.46156e-11  1.22489e-14  3.46034e-11
2.327220623e+01  3.4403553e-11  3.44036e-11  1.23707e-14  3.43912e-11
2.338856726e+01  3.4178938e-11  3.41789e-11  1.25182e-14  3.41664e-11
2.350551010e+01  3.3954850e-11  3.39548e-11  1.26599e-14  3.39422e-11
2.362303765e+01  3.3728581e-11  3.37286e-11  1.28023e-14  3.37158e-11
2.374115284e+01  3.3481131e-11  3.34811e-11  1.29905e-14  3.34681e-11
2.385985860e+01  3.3210422e-11  3.32104e-11  1.32284e-14  3.31972e-11
2.397915789e+01  3.2947617e-11  3.29476e-11  1.34425e-14  3.29342e-11
2.409905368e+01  3.2674200e-11  3.26742e-11  1.36762e-14  3.26605e-11
2.421954895e+01  3.2362333e-11  3.23623e-11  1.39934e-14  3.23483e-11
2.434064670e+01  3.2036912e-11  3.20369e-11  1.43357e-14  3.20226e-11
2.446234993e+01  3.1727053e-11  3.17271e-11  1.46361e-14  3.17124e-11
2.458466168e+01  3.1425421e-11  3.14254e-11  1.49122e-14  3.14105e-11
2.470758499e+01  3.1107033e-11  3.11070e-11  1.52207e-14  3.10918e-11
2.483112291e+01  3.0816526e-11  3.08165e-11  1.54612e-14  3.08011e-11
2.495527853e+01  3.0543128e-11  3.05431e-11  1.56588e-14  3.05275e-11
