# ------------------------------------------------------------------------
# Radiance spectrum
# NASA-GSFC Planetary Spectrum Generator (PSG) (Villanueva et al. 2018, 2022)
# Synthesized on Mon Dec 18 13:07:03 2023
# Doppler velocities [km/s] (vobs,vrot+vorb,vwidth,vrfl,vstr): 0.00000,-0.00000,0.00000,-119.41115,0.00000
# Spectral unit: Wavelength [um]
# Radiance unit: Spectral irradiance [W/m2/um]
# Wave/freq Total Object Reflected Thermal
5.000000000e-01  3.0141679e-12  3.01417e-12  3.01417e-12  1.23573e-46
5.025000000e-01  3.0444244e-12  3.04442e-12  3.04442e-12  1.94960e-46
5.050125000e-01  3.0746164e-12  3.07462e-12  3.07462e-12  3.06867e-46
5.075375625e-01  3.1047380e-12  3.10474e-12  3.10474e-12  4.81885e-46
5.100752503e-01  3.1347833e-12  3.13478e-12  3.13478e-12  7.54969e-46
5.126256266e-01  3.1647465e-12  3.16475e-12  3.16475e-12  1.18008e-45
5.151887547e-01  3.1946219e-12  3.19462e-12  3.19462e-12  1.84034e-45
5.177646985e-01  3.2244036e-12  3.22440e-12  3.22440e-12  2.86346e-45
5.203535220e-01  3.2540859e-12  3.25409e-12  3.25409e-12  4.44526e-45
5.229552896e-01  3.2836632e-12  3.28366e-12  3.28366e-12  6.88526e-45
5.255700660e-01  3.3131297e-12  3.31313e-12  3.31313e-12  1.06406e-44
5.281979164e-01  3.3424799e-12  3.34248e-12  3.34248e-12  1.64073e-44
5.308389059e-01  3.3717081e-12  3.37171e-12  3.37171e-12  2.52431e-44
5.334931005e-01  3.4008087e-12  3.40081e-12  3.40081e-12  3.87511e-44
5.361605660e-01  3.4297762e-12  3.42978e-12  3.42978e-12  5.93563e-44
5.388413688e-01  3.4586053e-12  3.45861e-12  3.45861e-12  9.07186e-44
5.415355756e-01  3.4872903e-12  3.48729e-12  3.48729e-12  1.38349e-43
5.442432535e-01  3.5158260e-12  3.51583e-12  3.51583e-12  2.10530e-43
5.469644698e-01  3.5442070e-12  3.54421e-12  3.54421e-12  3.19676e-43
5.496992921e-01  3.5724281e-12  3.57243e-12  3.57243e-12  4.84364e-43
5.524477886e-01  3.6004839e-12  3.60048e-12  3.60048e-12  7.32325e-43
5.552100275e-01  3.6283693e-12  3.62837e-12  3.62837e-12  1.10487e-42
5.579860777e-01  3.6560793e-12  3.65608e-12  3.65608e-12  1.66340e-42
5.607760081e-01  3.6836087e-12  3.68361e-12  3.68361e-12  2.49899e-42
5.635798881e-01  3.7109526e-12  3.71095e-12  3.71095e-12  3.74647e-42
5.663977875e-01  3.7381060e-12  3.73811e-12  3.73811e-12  5.60495e-42
5.692297765e-01  3.7650640e-12  3.76506e-12  3.76506e-12  8.36796e-42
5.720759254e-01  3.7918218e-12  3.79182e-12  3.79182e-12  1.24672e-41
5.749363050e-01  3.8183747e-12  3.81837e-12  3.81837e-12  1.85363e-41
5.778109865e-01  3.8447180e-12  3.84472e-12  3.84472e-12  2.75036e-41
5.807000414e-01  3.8708472e-12  3.87085e-12  3.87085e-12  4.07259e-41
5.836035417e-01  3.8967575e-12  3.89676e-12  3.89676e-12  6.01827e-41
5.865215594e-01  3.9224447e-12  3.92244e-12  3.92244e-12  8.87557e-41
5.894541672e-01  3.9479043e-12  3.94790e-12  3.94790e-12  1.30632e-40
5.924014380e-01  3.9731320e-12  3.97313e-12  3.97313e-12  1.91882e-40
5.953634452e-01  3.9981236e-12  3.99812e-12  3.99812e-12  2.81291e-40
5.983402624e-01  4.0228749e-12  4.02287e-12  4.02287e-12  4.11547e-40
6.013319637e-01  4.0473817e-12  4.04738e-12  4.04738e-12  6.00937e-40
6.043386235e-01  4.0716402e-12  4.07164e-12  4.07164e-12  8.75765e-40
6.073603167e-01  4.0956464e-12  4.09565e-12  4.09565e-12  1.27380e-39
6.103971182e-01  4.1193964e-12  4.11940e-12  4.11940e-12  1.84914e-39
6.134491038e-01  4.1428864e-12  4.14289e-12  4.14289e-12  2.67919e-39
6.165163494e-01  4.1661129e-12  4.16611e-12  4.16611e-12  3.87439e-39
6.195989311e-01  4.1890721e-12  4.18907e-12  4.18907e-12  5.59208e-39
6.226969258e-01  4.2117607e-12  4.21176e-12  4.21176e-12  8.05598e-39
6.258104104e-01  4.2341751e-12  4.23418e-12  4.23418e-12  1.15836e-38
6.289394624e-01  4.2563119e-12  4.25631e-12  4.25631e-12  1.66245e-38
6.320841597e-01  4.2781681e-12  4.27817e-12  4.27817e-12  2.38146e-38
6.352445805e-01  4.2997403e-12  4.29974e-12  4.29974e-12  3.40509e-38
6.384208035e-01  4.3210255e-12  4.32103e-12  4.32103e-12  4.85969e-38
6.416129075e-01  4.3420208e-12  4.34202e-12  4.34202e-12  6.92289e-38
6.448209720e-01  4.3627231e-12  4.36272e-12  4.36272e-12  9.84396e-38
6.480450769e-01  4.3831297e-12  4.38313e-12  4.38313e-12  1.39720e-37
6.512853022e-01  4.4032378e-12  4.40324e-12  4.40324e-12  1.97952e-37
6.545417288e-01  4.4230448e-12  4.42304e-12  4.42304e-12  2.79946e-37
6.578144374e-01  4.4425482e-12  4.44255e-12  4.44255e-12  3.95193e-37
6.611035096e-01  4.4617455e-12  4.46175e-12  4.46175e-12  5.56885e-37
6.644090271e-01  4.4806343e-12  4.48063e-12  4.48063e-12  7.83338e-37
6.677310723e-01  4.4992123e-12  4.49921e-12  4.49921e-12  1.09993e-36
6.710697276e-01  4.5174773e-12  4.51748e-12  4.51748e-12  1.54174e-36
6.744250763e-01  4.5354273e-12  4.53543e-12  4.53543e-12  2.15724e-36
6.777972017e-01  4.5530602e-12  4.55306e-12  4.55306e-12  3.01318e-36
6.811861877e-01  4.5703740e-12  4.57037e-12  4.57037e-12  4.20145e-36
6.845921186e-01  4.5873670e-12  4.58737e-12  4.58737e-12  5.84821e-36
6.880150792e-01  4.6040374e-12  4.60404e-12  4.60404e-12  8.12641e-36
6.914551546e-01  4.6203835e-12  4.62038e-12  4.62038e-12  1.12728e-35
6.949124304e-01  4.6364038e-12  4.63640e-12  4.63640e-12  1.56108e-35
6.983869925e-01  4.6520968e-12  4.65210e-12  4.65210e-12  2.15816e-35
7.018789275e-01  4.6674610e-12  4.66746e-12  4.66746e-12  2.97858e-35
7.053883221e-01  4.6824953e-12  4.68250e-12  4.68250e-12  4.10399e-35
7.089152637e-01  4.6971983e-12  4.69720e-12  4.69720e-12  5.64520e-35
7.124598400e-01  4.7115689e-12  4.71157e-12  4.71157e-12  7.75229e-35
7.160221392e-01  4.7256061e-12  4.72561e-12  4.72561e-12  1.06283e-34
7.196022499e-01  4.7393090e-12  4.73931e-12  4.73931e-12  1.45473e-34
7.232002612e-01  4.7526766e-12  4.75268e-12  4.75268e-12  1.98789e-34
7.268162625e-01  4.7657081e-12  4.76571e-12  4.76571e-12  2.71203e-34
7.304503438e-01  4.7784029e-12  4.77840e-12  4.77840e-12  3.69396e-34
7.341025955e-01  4.7907604e-12  4.79076e-12  4.79076e-12  5.02332e-34
7.377731085e-01  4.8027800e-12  4.80278e-12  4.80278e-12  6.82013e-34
7.414619740e-01  4.8144612e-12  4.81446e-12  4.81446e-12  9.24489e-34
7.451692839e-01  4.8258036e-12  4.82580e-12  4.82580e-12  1.25118e-33
7.488951303e-01  4.8368071e-12  4.83681e-12  4.83681e-12  1.69065e-33
7.526396060e-01  4.8474713e-12  4.84747e-12  4.84747e-12  2.28089e-33
7.564028040e-01  4.8577962e-12  4.85780e-12  4.85780e-12  3.07239e-33
7.601848180e-01  4.8677817e-12  4.86778e-12  4.86778e-12  4.13210e-33
7.639857421e-01  4.8774278e-12  4.87743e-12  4.87743e-12  5.54873e-33
7.678056708e-01  4.8867345e-12  4.88673e-12  4.88673e-12  7.43955e-33
7.716446992e-01  4.8957022e-12  4.89570e-12  4.89570e-12  9.95942e-33
7.755029227e-01  4.9043311e-12  4.90433e-12  4.90433e-12  1.33125e-32
7.793804373e-01  4.9126214e-12  4.91262e-12  4.91262e-12  1.77674e-32
7.832773395e-01  4.9205735e-12  4.92057e-12  4.92057e-12  2.36774e-32
7.871937262e-01  4.9281881e-12  4.92819e-12  4.92819e-12  3.15058e-32
7.911296948e-01  4.9354655e-12  4.93547e-12  4.93547e-12  4.18598e-32
7.950853433e-01  4.9424065e-12  4.94241e-12  4.94241e-12  5.55338e-32
7.990607700e-01  4.9490116e-12  4.94901e-12  4.94901e-12  7.35657e-32
8.030560739e-01  4.9552817e-12  4.95528e-12  4.95528e-12  9.73090e-32
8.070713542e-01  4.9612176e-12  4.96122e-12  4.96122e-12  1.28527e-31
8.111067110e-01  4.9668202e-12  4.96682e-12  4.96682e-12  1.69513e-31
8.151622446e-01  4.9720904e-12  4.97209e-12  4.97209e-12  2.23244e-31
8.192380558e-01  4.9770293e-12  4.97703e-12  4.97703e-12  2.93582e-31
8.233342461e-01  4.9816379e-12  4.98164e-12  4.98164e-12  3.85527e-31
8.274509173e-01  4.9859174e-12  4.98592e-12  4.98592e-12  5.05545e-31
8.315881719e-01  4.9898690e-12  4.98987e-12  4.98987e-12  6.61982e-31
8.357461127e-01  4.9934939e-12  4.99349e-12  4.99349e-12  8.65603e-31
8.399248433e-01  4.9967935e-12  4.99679e-12  4.99679e-12  1.13026e-30
8.441244675e-01  4.9997692e-12  4.99977e-12  4.99977e-12  1.47377e-30
8.483450899e-01  5.0024225e-12  5.00242e-12  5.00242e-12  1.91900e-30
8.525868153e-01  5.0047547e-12  5.00475e-12  5.00475e-12  2.49528e-30
8.568497494e-01  5.0067675e-12  5.00677e-12  5.00677e-12  3.24013e-30
8.611339981e-01  5.0084625e-12  5.00846e-12  5.00846e-12  4.20155e-30
8.654396681e-01  5.0098413e-12  5.00984e-12  5.00984e-12  5.44079e-30
8.697668665e-01  5.0109057e-12  5.01091e-12  5.01091e-12  7.03597e-30
8.741157008e-01  5.0116574e-12  5.01166e-12  5.01166e-12  9.08654e-30
8.784862793e-01  5.0120982e-12  5.01210e-12  5.01210e-12  1.17189e-29
8.828787107e-01  5.0122300e-12  5.01223e-12  5.01223e-12  1.50937e-29
8.872931042e-01  5.0120547e-12  5.01205e-12  5.01205e-12  1.94144e-29
8.917295698e-01  5.0115742e-12  5.01157e-12  5.01157e-12  2.49388e-29
8.961882176e-01  5.0107906e-12  5.01079e-12  5.01079e-12  3.19929e-29
9.006691587e-01  5.0097058e-12  5.00971e-12  5.00971e-12  4.09884e-29
9.051725045e-01  5.0083220e-12  5.00832e-12  5.00832e-12  5.24447e-29
9.096983670e-01  5.0066412e-12  5.00664e-12  5.00664e-12  6.70158e-29
9.142468589e-01  5.0046657e-12  5.00467e-12  5.00467e-12  8.55245e-29
9.188180931e-01  5.0023976e-12  5.00240e-12  5.00240e-12  1.09004e-28
9.234121836e-01  4.9998392e-12  4.99984e-12  4.99984e-12  1.38753e-28
9.280292445e-01  4.9969927e-12  4.99699e-12  4.99699e-12  1.76395e-28
9.326693908e-01  4.9938605e-12  4.99386e-12  4.99386e-12  2.23964e-28
9.373327377e-01  4.9904450e-12  4.99044e-12  4.99044e-12  2.84003e-28
9.420194014e-01  4.9867483e-12  4.98675e-12  4.98675e-12  3.59685e-28
9.467294984e-01  4.9827731e-12  4.98277e-12  4.98277e-12  4.54966e-28
9.514631459e-01  4.9785217e-12  4.97852e-12  4.97852e-12  5.74772e-28
9.562204616e-01  4.9739966e-12  4.97400e-12  4.97400e-12  7.25228e-28
9.610015639e-01  4.9692003e-12  4.96920e-12  4.96920e-12  9.13943e-28
9.658065718e-01  4.9641354e-12  4.96414e-12  4.96414e-12  1.15035e-27
9.706356046e-01  4.9588043e-12  4.95880e-12  4.95880e-12  1.44615e-27
9.754887826e-01  4.9532097e-12  4.95321e-12  4.95321e-12  1.81581e-27
9.803662265e-01  4.9473541e-12  4.94735e-12  4.94735e-12  2.27720e-27
9.852680577e-01  4.9412403e-12  4.94124e-12  4.94124e-12  2.85241e-27
9.901943980e-01  4.9348707e-12  4.93487e-12  4.93487e-12  3.56865e-27
9.951453700e-01  4.9282482e-12  4.92825e-12  4.92825e-12  4.45942e-27
1.000121097e+00  4.9213754e-12  4.92138e-12  4.92138e-12  5.56596e-27
1.005121702e+00  4.9142550e-12  4.91426e-12  4.91426e-12  6.93889e-27
1.010147311e+00  4.9068898e-12  4.90689e-12  4.90689e-12  8.64035e-27
1.015198047e+00  4.8992824e-12  4.89928e-12  4.89928e-12  1.07465e-26
1.020274038e+00  4.8914357e-12  4.89144e-12  4.89144e-12  1.33505e-26
1.025375408e+00  4.8833524e-12  4.88335e-12  4.88335e-12  1.65664e-26
1.030502285e+00  4.8750353e-12  4.87504e-12  4.87504e-12  2.05334e-26
1.035654796e+00  4.8664872e-12  4.86649e-12  4.86649e-12  2.54212e-26
1.040833070e+00  4.8577110e-12  4.85771e-12  4.85771e-12  3.14367e-26
1.046037236e+00  4.8487094e-12  4.84871e-12  4.84871e-12  3.88319e-26
1.051267422e+00  4.8394854e-12  4.83949e-12  4.83949e-12  4.79126e-26
1.056523759e+00  4.8300417e-12  4.83004e-12  4.83004e-12  5.90507e-26
1.061806378e+00  4.8203813e-12  4.82038e-12  4.82038e-12  7.26971e-26
1.067115410e+00  4.8105069e-12  4.81051e-12  4.81051e-12  8.93978e-26
1.072450987e+00  4.8004215e-12  4.80042e-12  4.80042e-12  1.09814e-25
1.077813242e+00  4.7901280e-12  4.79013e-12  4.79013e-12  1.34745e-25
1.083202308e+00  4.7796291e-12  4.77963e-12  4.77963e-12  1.65155e-25
1.088618319e+00  4.7689279e-12  4.76893e-12  4.76893e-12  2.02208e-25
1.094061411e+00  4.7580272e-12  4.75803e-12  4.75803e-12  2.47307e-25
1.099531718e+00  4.7469300e-12  4.74693e-12  4.74693e-12  3.02139e-25
1.105029377e+00  4.7356390e-12  4.73564e-12  4.73564e-12  3.68734e-25
1.110554523e+00  4.7241573e-12  4.72416e-12  4.72416e-12  4.49527e-25
1.116107296e+00  4.7124876e-12  4.71249e-12  4.71249e-12  5.47442e-25
1.121687832e+00  4.7006330e-12  4.70063e-12  4.70063e-12  6.65982e-25
1.127296272e+00  4.6885963e-12  4.68860e-12  4.68860e-12  8.09340e-25
1.132932753e+00  4.6763804e-12  4.67638e-12  4.67638e-12  9.82531e-25
1.138597417e+00  4.6639883e-12  4.66399e-12  4.66399e-12  1.19154e-24
1.144290404e+00  4.6514227e-12  4.65142e-12  4.65142e-12  1.44353e-24
1.150011856e+00  4.6386867e-12  4.63869e-12  4.63869e-12  1.74700e-24
1.155761915e+00  4.6257831e-12  4.62578e-12  4.62578e-12  2.11210e-24
1.161540725e+00  4.6127147e-12  4.61271e-12  4.61271e-12  2.55091e-24
1.167348428e+00  4.5994845e-12  4.59948e-12  4.59948e-12  3.07777e-24
1.173185171e+00  4.5860953e-12  4.58610e-12  4.58610e-12  3.70970e-24
1.179051096e+00  4.5725500e-12  4.57255e-12  4.57255e-12  4.46690e-24
1.184946352e+00  4.5588514e-12  4.55885e-12  4.55885e-12  5.37327e-24
1.190871084e+00  4.5450025e-12  4.54500e-12  4.54500e-12  6.45714e-24
1.196825439e+00  4.5310059e-12  4.53101e-12  4.53101e-12  7.75198e-24
1.202809566e+00  4.5168647e-12  4.51686e-12  4.51686e-12  9.29732e-24
1.208823614e+00  4.5025815e-12  4.50258e-12  4.50258e-12  1.11398e-23
1.214867732e+00  4.4881592e-12  4.48816e-12  4.48816e-12  1.33344e-23
1.220942071e+00  4.4736006e-12  4.47360e-12  4.47360e-12  1.59460e-23
1.227046781e+00  4.4589086e-12  4.45891e-12  4.45891e-12  1.90506e-23
1.233182015e+00  4.4440857e-12  4.44409e-12  4.44409e-12  2.27378e-23
1.239347925e+00  4.4291350e-12  4.42913e-12  4.42913e-12  2.71128e-23
1.245544665e+00  4.4140590e-12  4.41406e-12  4.41406e-12  3.22989e-23
1.251772388e+00  4.3988605e-12  4.39886e-12  4.39886e-12  3.84407e-23
1.258031250e+00  4.3835423e-12  4.38354e-12  4.38354e-12  4.57073e-23
1.264321406e+00  4.3681070e-12  4.36811e-12  4.36811e-12  5.42967e-23
1.270643013e+00  4.3525575e-12  4.35256e-12  4.35256e-12  6.44402e-23
1.276996228e+00  4.3368962e-12  4.33690e-12  4.33690e-12  7.64079e-23
1.283381209e+00  4.3211260e-12  4.32113e-12  4.32113e-12  9.05147e-23
1.289798116e+00  4.3052495e-12  4.30525e-12  4.30525e-12  1.07128e-22
1.296247106e+00  4.2892693e-12  4.28927e-12  4.28927e-12  1.26674e-22
1.302728342e+00  4.2731880e-12  4.27319e-12  4.27319e-12  1.49651e-22
1.309241983e+00  4.2570083e-12  4.25701e-12  4.25701e-12  1.76635e-22
1.315788193e+00  4.2407327e-12  4.24073e-12  4.24073e-12  2.08299e-22
1.322367134e+00  4.2243638e-12  4.22436e-12  4.22436e-12  2.45418e-22
1.328978970e+00  4.2079041e-12  4.20790e-12  4.20790e-12  2.88895e-22
1.335623865e+00  4.1913562e-12  4.19136e-12  4.19136e-12  3.39772e-22
1.342301984e+00  4.1747226e-12  4.17472e-12  4.17472e-12  3.99258e-22
1.349013494e+00  4.1580058e-12  4.15801e-12  4.15801e-12  4.68747e-22
1.355758561e+00  4.1412083e-12  4.14121e-12  4.14121e-12  5.49850e-22
1.362537354e+00  4.1243326e-12  4.12433e-12  4.12433e-12  6.44426e-22
1.369350041e+00  4.1073810e-12  4.10738e-12  4.10738e-12  7.54617e-22
1.376196791e+00  4.0903560e-12  4.09036e-12  4.09036e-12  8.82890e-22
1.383077775e+00  4.0732600e-12  4.07326e-12  4.07326e-12  1.03208e-21
1.389993164e+00  4.0560954e-12  4.05610e-12  4.05610e-12  1.20546e-21
1.396943130e+00  4.0388646e-12  4.03886e-12  4.03886e-12  1.40678e-21
1.403927846e+00  4.0215698e-12  4.02157e-12  4.02157e-12  1.64032e-21
1.410947485e+00  4.0042135e-12  4.00421e-12  4.00421e-12  1.91104e-21
1.418002222e+00  3.9867979e-12  3.98680e-12  3.98680e-12  2.22458e-21
1.425092233e+00  3.9693253e-12  3.96933e-12  3.96933e-12  2.58742e-21
1.432217694e+00  3.9517979e-12  3.95180e-12  3.95180e-12  3.00695e-21
1.439378783e+00  3.9342180e-12  3.93422e-12  3.93422e-12  3.49162e-21
1.446575677e+00  3.9165879e-12  3.91659e-12  3.91659e-12  4.05111e-21
1.453808555e+00  3.8989096e-12  3.89891e-12  3.89891e-12  4.69643e-21
1.461077598e+00  3.8811855e-12  3.88119e-12  3.88119e-12  5.44013e-21
1.468382986e+00  3.8634175e-12  3.86342e-12  3.86342e-12  6.29652e-21
1.475724901e+00  3.8456079e-12  3.84561e-12  3.84561e-12  7.28189e-21
1.483103525e+00  3.8277588e-12  3.82776e-12  3.82776e-12  8.41475e-21
1.490519043e+00  3.8098722e-12  3.80987e-12  3.80987e-12  9.71613e-21
1.497971638e+00  3.7919503e-12  3.79195e-12  3.79195e-12  1.12099e-20
1.505461496e+00  3.7739950e-12  3.77399e-12  3.77399e-12  1.29232e-20
1.512988804e+00  3.7560084e-12  3.75601e-12  3.75601e-12  1.48867e-20
1.520553748e+00  3.7379925e-12  3.73799e-12  3.73799e-12  1.71352e-20
1.528156517e+00  3.7199492e-12  3.71995e-12  3.71995e-12  1.97080e-20
1.535797299e+00  3.7018805e-12  3.70188e-12  3.70188e-12  2.26497e-20
1.543476286e+00  3.6837884e-12  3.68379e-12  3.68379e-12  2.60105e-20
1.551193667e+00  3.6656747e-12  3.66567e-12  3.66567e-12  2.98472e-20
1.558949636e+00  3.6475414e-12  3.64754e-12  3.64754e-12  3.42239e-20
1.566744384e+00  3.6293903e-12  3.62939e-12  3.62939e-12  3.92128e-20
1.574578106e+00  3.6112232e-12  3.61122e-12  3.61122e-12  4.48951e-20
1.582450996e+00  3.5930419e-12  3.59304e-12  3.59304e-12  5.13624e-20
1.590363251e+00  3.5748483e-12  3.57485e-12  3.57485e-12  5.87177e-20
1.598315067e+00  3.5566441e-12  3.55664e-12  3.55664e-12  6.70765e-20
1.606306643e+00  3.5384311e-12  3.53843e-12  3.53843e-12  7.65689e-20
1.614338176e+00  3.5202111e-12  3.52021e-12  3.52021e-12  8.73407e-20
1.622409867e+00  3.5019856e-12  3.50199e-12  3.50199e-12  9.95551e-20
1.630521916e+00  3.4837564e-12  3.48376e-12  3.48376e-12  1.13395e-19
1.638674526e+00  3.4655252e-12  3.46553e-12  3.46553e-12  1.29067e-19
1.646867898e+00  3.4472936e-12  3.44729e-12  3.44729e-12  1.46798e-19
1.655102238e+00  3.4290631e-12  3.42906e-12  3.42906e-12  1.66846e-19
1.663377749e+00  3.4108355e-12  3.41084e-12  3.41084e-12  1.89497e-19
1.671694638e+00  3.3926123e-12  3.39261e-12  3.39261e-12  2.15071e-19
1.680053111e+00  3.3743950e-12  3.37440e-12  3.37439e-12  2.43925e-19
1.688453377e+00  3.3561852e-12  3.35619e-12  3.35618e-12  2.76455e-19
1.696895643e+00  3.3379843e-12  3.33798e-12  3.33798e-12  3.13106e-19
1.705380122e+00  3.3197939e-12  3.31979e-12  3.31979e-12  3.54370e-19
1.713907022e+00  3.3016154e-12  3.30162e-12  3.30162e-12  4.00795e-19
1.722476557e+00  3.2834503e-12  3.28345e-12  3.28345e-12  4.52990e-19
1.731088940e+00  3.2653000e-12  3.26530e-12  3.26530e-12  5.11634e-19
1.739744385e+00  3.2471658e-12  3.24717e-12  3.24717e-12  5.77476e-19
1.748443107e+00  3.2290491e-12  3.22905e-12  3.22905e-12  6.51350e-19
1.757185322e+00  3.2109514e-12  3.21095e-12  3.21095e-12  7.34181e-19
1.765971249e+00  3.1928739e-12  3.19287e-12  3.19287e-12  8.26991e-19
1.774801105e+00  3.1748180e-12  3.17482e-12  3.17482e-12  9.30912e-19
1.783675111e+00  3.1567849e-12  3.15678e-12  3.15678e-12  1.04720e-18
1.792593486e+00  3.1387760e-12  3.13878e-12  3.13877e-12  1.17723e-18
1.801556454e+00  3.1207924e-12  3.12079e-12  3.12079e-12  1.32254e-18
1.810564236e+00  3.1028354e-12  3.10284e-12  3.10283e-12  1.48482e-18
1.819617057e+00  3.0849062e-12  3.08491e-12  3.08490e-12  1.66593e-18
1.828715142e+00  3.0670061e-12  3.06701e-12  3.06700e-12  1.86791e-18
1.837858718e+00  3.0491361e-12  3.04914e-12  3.04913e-12  2.09304e-18
1.847048012e+00  3.0312974e-12  3.03130e-12  3.03130e-12  2.34380e-18
1.856283252e+00  3.0134911e-12  3.01349e-12  3.01349e-12  2.62293e-18
1.865564668e+00  2.9957185e-12  2.99572e-12  2.99572e-12  2.93344e-18
1.874892491e+00  2.9779804e-12  2.97798e-12  2.97798e-12  3.27864e-18
1.884266954e+00  2.9602781e-12  2.96028e-12  2.96027e-12  3.66217e-18
1.893688289e+00  2.9426126e-12  2.94261e-12  2.94261e-12  4.08800e-18
1.903156730e+00  2.9249848e-12  2.92498e-12  2.92498e-12  4.56051e-18
1.912672514e+00  2.9073959e-12  2.90740e-12  2.90739e-12  5.08448e-18
1.922235876e+00  2.8898468e-12  2.88985e-12  2.88984e-12  5.66518e-18
1.931847056e+00  2.8723384e-12  2.87234e-12  2.87233e-12  6.30833e-18
1.941506291e+00  2.8548719e-12  2.85487e-12  2.85486e-12  7.02021e-18
1.951213822e+00  2.8374480e-12  2.83745e-12  2.83744e-12  7.80769e-18
1.960969892e+00  2.8200677e-12  2.82007e-12  2.82006e-12  8.67827e-18
1.970774741e+00  2.8027319e-12  2.80273e-12  2.80272e-12  9.64013e-18
1.980628615e+00  2.7854415e-12  2.78544e-12  2.78543e-12  1.07022e-17
1.990531758e+00  2.7681974e-12  2.76820e-12  2.76819e-12  1.18742e-17
2.000484417e+00  2.7510004e-12  2.75100e-12  2.75099e-12  1.31668e-17
2.010486839e+00  2.7338513e-12  2.73385e-12  2.73384e-12  1.45915e-17
2.020539273e+00  2.7167511e-12  2.71675e-12  2.71673e-12  1.61609e-17
2.030641969e+00  2.6997004e-12  2.69970e-12  2.69968e-12  1.78887e-17
2.040795179e+00  2.6827000e-12  2.68270e-12  2.68268e-12  1.97897e-17
2.050999155e+00  2.6657508e-12  2.66575e-12  2.66573e-12  2.18801e-17
2.061254151e+00  2.6488535e-12  2.64885e-12  2.64883e-12  2.41774e-17
2.071560421e+00  2.6320088e-12  2.63201e-12  2.63198e-12  2.67007e-17
2.081918224e+00  2.6152175e-12  2.61522e-12  2.61519e-12  2.94705e-17
2.092327815e+00  2.5984802e-12  2.59848e-12  2.59845e-12  3.25094e-17
2.102789454e+00  2.5817977e-12  2.58180e-12  2.58176e-12  3.58413e-17
2.113303401e+00  2.5651706e-12  2.56517e-12  2.56513e-12  3.94927e-17
2.123869918e+00  2.5485996e-12  2.54860e-12  2.54856e-12  4.34918e-17
2.134489268e+00  2.5320854e-12  2.53209e-12  2.53204e-12  4.78694e-17
2.145161714e+00  2.5156286e-12  2.51563e-12  2.51558e-12  5.26585e-17
2.155887523e+00  2.4992298e-12  2.49923e-12  2.49917e-12  5.78949e-17
2.166666960e+00  2.4828896e-12  2.48289e-12  2.48283e-12  6.36173e-17
2.177500295e+00  2.4666087e-12  2.46661e-12  2.46654e-12  6.98674e-17
2.188387796e+00  2.4503876e-12  2.45039e-12  2.45031e-12  7.66900e-17
2.199329735e+00  2.4342269e-12  2.43423e-12  2.43414e-12  8.41335e-17
2.210326384e+00  2.4181272e-12  2.41813e-12  2.41803e-12  9.22502e-17
2.221378016e+00  2.4020890e-12  2.40209e-12  2.40199e-12  1.01096e-16
2.232484906e+00  2.3861129e-12  2.38611e-12  2.38600e-12  1.10731e-16
2.243647331e+00  2.3701994e-12  2.37020e-12  2.37008e-12  1.21221e-16
2.254865567e+00  2.3543491e-12  2.35435e-12  2.35422e-12  1.32635e-16
2.266139895e+00  2.3385625e-12  2.33856e-12  2.33842e-12  1.45048e-16
2.277470595e+00  2.3228400e-12  2.32284e-12  2.32268e-12  1.58540e-16
2.288857948e+00  2.3071823e-12  2.30718e-12  2.30701e-12  1.73197e-16
2.300302237e+00  2.2915897e-12  2.29159e-12  2.29140e-12  1.89112e-16
2.311803748e+00  2.2760628e-12  2.27606e-12  2.27586e-12  2.06384e-16
2.323362767e+00  2.2606020e-12  2.26060e-12  2.26038e-12  2.25119e-16
2.334979581e+00  2.2452079e-12  2.24521e-12  2.24496e-12  2.45431e-16
2.346654479e+00  2.2298809e-12  2.22988e-12  2.22961e-12  2.67440e-16
2.358387751e+00  2.2146215e-12  2.21462e-12  2.21433e-12  2.91276e-16
2.370179690e+00  2.1994301e-12  2.19943e-12  2.19911e-12  3.17079e-16
2.382030589e+00  2.1843072e-12  2.18431e-12  2.18396e-12  3.44995e-16
2.393940742e+00  2.1692533e-12  2.16925e-12  2.16888e-12  3.75185e-16
2.405910445e+00  2.1542689e-12  2.15427e-12  2.15386e-12  4.07815e-16
2.417939997e+00  2.1393543e-12  2.13935e-12  2.13891e-12  4.43067e-16
2.430029697e+00  2.1245101e-12  2.12451e-12  2.12403e-12  4.81131e-16
2.442179846e+00  2.1097366e-12  2.10974e-12  2.10921e-12  5.22212e-16
2.454390745e+00  2.0950345e-12  2.09503e-12  2.09447e-12  5.66528e-16
2.466662699e+00  2.0804041e-12  2.08040e-12  2.07979e-12  6.14310e-16
2.478996012e+00  2.0658459e-12  2.06585e-12  2.06518e-12  6.65805e-16
2.491390992e+00  2.0513604e-12  2.05136e-12  2.05064e-12  7.21273e-16
2.503847947e+00  2.0369480e-12  2.03695e-12  2.03617e-12  7.80992e-16
2.516367187e+00  2.0226093e-12  2.02261e-12  2.02176e-12  8.45259e-16
2.528949023e+00  2.0083448e-12  2.00834e-12  2.00743e-12  9.14387e-16
2.541593768e+00  1.9941549e-12  1.99415e-12  1.99317e-12  9.88707e-16
2.554301737e+00  1.9800401e-12  1.98004e-12  1.97897e-12  1.06857e-15
2.567073246e+00  1.9660010e-12  1.96600e-12  1.96485e-12  1.15436e-15
2.579908612e+00  1.9520381e-12  1.95204e-12  1.95079e-12  1.24646e-15
2.592808155e+00  1.9381520e-12  1.93815e-12  1.93681e-12  1.34529e-15
2.605772196e+00  1.9243433e-12  1.92434e-12  1.92289e-12  1.45131e-15
2.618801057e+00  1.9106124e-12  1.91061e-12  1.90905e-12  1.56497e-15
2.631895062e+00  1.8969600e-12  1.89696e-12  1.89527e-12  1.68677e-15
2.645054537e+00  1.8833868e-12  1.88339e-12  1.88157e-12  1.81724e-15
2.658279810e+00  1.8698933e-12  1.86989e-12  1.86794e-12  1.95693e-15
2.671571209e+00  1.8564803e-12  1.85648e-12  1.85437e-12  2.10642e-15
2.684929065e+00  1.8431484e-12  1.84315e-12  1.84088e-12  2.26633e-15
2.698353710e+00  1.8298983e-12  1.82990e-12  1.82746e-12  2.43732e-15
2.711845479e+00  1.8167307e-12  1.81673e-12  1.81411e-12  2.62006e-15
2.725404706e+00  1.8036465e-12  1.80365e-12  1.80083e-12  2.81529e-15
2.739031730e+00  1.7906463e-12  1.79065e-12  1.78762e-12  3.02375e-15
2.752726889e+00  1.7777312e-12  1.77773e-12  1.77448e-12  3.24625e-15
2.766490523e+00  1.7649018e-12  1.76490e-12  1.76142e-12  3.48364e-15
2.780322976e+00  1.7521591e-12  1.75216e-12  1.74842e-12  3.73679e-15
2.794224591e+00  1.7395040e-12  1.73950e-12  1.73550e-12  4.00664e-15
2.808195713e+00  1.7269375e-12  1.72694e-12  1.72264e-12  4.29417e-15
2.822236692e+00  1.7144607e-12  1.71446e-12  1.70986e-12  4.60041e-15
2.836347875e+00  1.7020745e-12  1.70207e-12  1.69715e-12  4.92643e-15
2.850529615e+00  1.6897802e-12  1.68978e-12  1.68451e-12  5.27336e-15
2.864782263e+00  1.6775787e-12  1.67758e-12  1.67194e-12  5.64239e-15
2.879106174e+00  1.6654714e-12  1.66547e-12  1.65944e-12  6.03477e-15
2.893501705e+00  1.6534595e-12  1.65346e-12  1.64701e-12  6.45180e-15
2.907969214e+00  1.6415443e-12  1.64154e-12  1.63465e-12  6.89484e-15
2.922509060e+00  1.6297272e-12  1.62973e-12  1.62236e-12  7.36532e-15
2.937121605e+00  1.6180095e-12  1.61801e-12  1.61014e-12  7.86474e-15
2.951807213e+00  1.6063929e-12  1.60639e-12  1.59800e-12  8.39465e-15
2.966566249e+00  1.5948788e-12  1.59488e-12  1.58592e-12  8.95670e-15
2.981399080e+00  1.5834689e-12  1.58347e-12  1.57392e-12  9.55258e-15
2.996306076e+00  1.5721649e-12  1.57216e-12  1.56198e-12  1.01841e-14
3.011287606e+00  1.5609685e-12  1.56097e-12  1.55012e-12  1.08531e-14
3.026344044e+00  1.5498816e-12  1.54988e-12  1.53832e-12  1.15615e-14
3.041475764e+00  1.5389060e-12  1.53891e-12  1.52659e-12  1.23113e-14
3.056683143e+00  1.5280439e-12  1.52804e-12  1.51494e-12  1.31048e-14
3.071966559e+00  1.5172972e-12  1.51730e-12  1.50335e-12  1.39440e-14
3.087326392e+00  1.5066682e-12  1.50667e-12  1.49184e-12  1.48312e-14
3.102763024e+00  1.4961591e-12  1.49616e-12  1.48039e-12  1.57689e-14
3.118276839e+00  1.4857722e-12  1.48577e-12  1.46901e-12  1.67595e-14
3.133868223e+00  1.4755100e-12  1.47551e-12  1.45770e-12  1.78056e-14
3.149537564e+00  1.4653750e-12  1.46538e-12  1.44647e-12  1.89099e-14
3.165285252e+00  1.4553700e-12  1.45537e-12  1.43529e-12  2.00752e-14
3.181111678e+00  1.4454975e-12  1.44550e-12  1.42419e-12  2.13043e-14
3.197017237e+00  1.4357606e-12  1.43576e-12  1.41316e-12  2.26004e-14
3.213002323e+00  1.4261621e-12  1.42616e-12  1.40220e-12  2.39665e-14
3.229067334e+00  1.4167051e-12  1.41671e-12  1.39130e-12  2.54058e-14
3.245212671e+00  1.4073928e-12  1.40739e-12  1.38047e-12  2.69218e-14
3.261438734e+00  1.3982286e-12  1.39823e-12  1.36971e-12  2.85178e-14
3.277745928e+00  1.3892158e-12  1.38922e-12  1.35902e-12  3.01976e-14
3.294134658e+00  1.3803581e-12  1.38036e-12  1.34839e-12  3.19649e-14
3.310605331e+00  1.3716591e-12  1.37166e-12  1.33784e-12  3.38235e-14
3.327158358e+00  1.3631226e-12  1.36312e-12  1.32735e-12  3.57774e-14
3.343794149e+00  1.3547526e-12  1.35475e-12  1.31692e-12  3.78308e-14
3.360513120e+00  1.3465531e-12  1.34655e-12  1.30657e-12  3.99880e-14
3.377315686e+00  1.3385285e-12  1.33853e-12  1.29628e-12  4.22534e-14
3.394202264e+00  1.3306831e-12  1.33068e-12  1.28605e-12  4.46316e-14
3.411173276e+00  1.3230213e-12  1.32302e-12  1.27589e-12  4.71272e-14
3.428229142e+00  1.3155479e-12  1.31555e-12  1.26580e-12  4.97453e-14
3.445370288e+00  1.3082677e-12  1.30827e-12  1.25578e-12  5.24907e-14
3.462597139e+00  1.3011857e-12  1.30119e-12  1.24582e-12  5.53688e-14
3.479910125e+00  1.2943069e-12  1.29431e-12  1.23592e-12  5.83848e-14
3.497309675e+00  1.2876367e-12  1.28764e-12  1.22609e-12  6.15443e-14
3.514796224e+00  1.2811806e-12  1.28118e-12  1.21633e-12  6.48529e-14
3.532370205e+00  1.2749441e-12  1.27494e-12  1.20663e-12  6.83165e-14
3.550032056e+00  1.2689330e-12  1.26893e-12  1.19699e-12  7.19411e-14
3.567782216e+00  1.2631533e-12  1.26315e-12  1.18742e-12  7.57329e-14
3.585621127e+00  1.2576111e-12  1.25761e-12  1.17791e-12  7.96982e-14
3.603549233e+00  1.2523128e-12  1.25231e-12  1.16847e-12  8.38436e-14
3.621566979e+00  1.2472648e-12  1.24726e-12  1.15909e-12  8.81758e-14
3.639674814e+00  1.2424737e-12  1.24247e-12  1.14977e-12  9.27018e-14
3.657873188e+00  1.2379464e-12  1.23795e-12  1.14052e-12  9.74285e-14
3.676162554e+00  1.2336899e-12  1.23369e-12  1.13133e-12  1.02363e-13
3.694543367e+00  1.2297115e-12  1.22971e-12  1.12220e-12  1.07514e-13
3.713016084e+00  1.2260185e-12  1.22602e-12  1.11313e-12  1.12887e-13
3.731581164e+00  1.2226185e-12  1.22262e-12  1.10413e-12  1.18491e-13
3.750239070e+00  1.2195192e-12  1.21952e-12  1.09518e-12  1.24335e-13
3.768990265e+00  1.2167287e-12  1.21673e-12  1.08630e-12  1.30426e-13
3.787835216e+00  1.2142550e-12  1.21426e-12  1.07748e-12  1.36772e-13
3.806774393e+00  1.2121066e-12  1.21211e-12  1.06872e-12  1.43382e-13
3.825808265e+00  1.2102919e-12  1.21029e-12  1.06003e-12  1.50266e-13
3.844937306e+00  1.2088196e-12  1.20882e-12  1.05139e-12  1.57431e-13
3.864161992e+00  1.2076988e-12  1.20770e-12  1.04281e-12  1.64888e-13
3.883482802e+00  1.2069385e-12  1.20694e-12  1.03429e-12  1.72646e-13
3.902900216e+00  1.2065480e-12  1.20655e-12  1.02583e-12  1.80713e-13
3.922414717e+00  1.2065369e-12  1.20654e-12  1.01744e-12  1.89100e-13
3.942026791e+00  1.2069148e-12  1.20691e-12  1.00910e-12  1.97818e-13
3.961736925e+00  1.2076916e-12  1.20769e-12  1.00082e-12  2.06875e-13
3.981545610e+00  1.2088774e-12  1.20888e-12  9.92594e-13  2.16283e-13
4.001453338e+00  1.2104825e-12  1.21048e-12  9.84431e-13  2.26052e-13
4.021460604e+00  1.2125174e-12  1.21252e-12  9.76325e-13  2.36192e-13
4.041567907e+00  1.2149928e-12  1.21499e-12  9.68277e-13  2.46716e-13
4.061775747e+00  1.2179194e-12  1.21792e-12  9.60287e-13  2.57633e-13
4.082084626e+00  1.2213083e-12  1.22131e-12  9.52353e-13  2.68955e-13
4.102495049e+00  1.2251708e-12  1.22517e-12  9.44477e-13  2.80694e-13
4.123007524e+00  1.2295182e-12  1.22952e-12  9.36658e-13  2.92861e-13
4.143622562e+00  1.2343622e-12  1.23436e-12  9.28894e-13  3.05468e-13
4.164340674e+00  1.2397145e-12  1.23971e-12  9.21187e-13  3.18527e-13
4.185162378e+00  1.2455870e-12  1.24559e-12  9.13536e-13  3.32051e-13
4.206088190e+00  1.2519919e-12  1.25199e-12  9.05940e-13  3.46052e-13
4.227118631e+00  1.2589415e-12  1.25894e-12  8.98400e-13  3.60542e-13
4.248254224e+00  1.2664482e-12  1.26645e-12  8.90914e-13  3.75534e-13
4.269495495e+00  1.2745246e-12  1.27452e-12  8.83483e-13  3.91042e-13
4.290842972e+00  1.2831836e-12  1.28318e-12  8.76107e-13  4.07077e-13
4.312297187e+00  1.2924380e-12  1.29244e-12  8.68784e-13  4.23654e-13
4.333858673e+00  1.3023009e-12  1.30230e-12  8.61516e-13  4.40785e-13
4.355527967e+00  1.3127856e-12  1.31279e-12  8.54301e-13  4.58485e-13
4.377305606e+00  1.3239053e-12  1.32391e-12  8.47139e-13  4.76766e-13
4.399192134e+00  1.3356738e-12  1.33567e-12  8.40030e-13  4.95644e-13
4.421188095e+00  1.3481045e-12  1.34810e-12  8.32974e-13  5.15130e-13
4.443294036e+00  1.3612112e-12  1.36121e-12  8.25971e-13  5.35241e-13
4.465510506e+00  1.3750078e-12  1.37501e-12  8.19019e-13  5.55989e-13
4.487838058e+00  1.3895084e-12  1.38951e-12  8.12119e-13  5.77389e-13
4.510277249e+00  1.4047270e-12  1.40473e-12  8.05271e-13  5.99456e-13
4.532828635e+00  1.4206777e-12  1.42068e-12  7.98474e-13  6.22203e-13
4.555492778e+00  1.4373750e-12  1.43738e-12  7.91728e-13  6.45647e-13
4.578270242e+00  1.4548333e-12  1.45483e-12  7.85033e-13  6.69800e-13
4.601161593e+00  1.4730668e-12  1.47307e-12  7.78388e-13  6.94678e-13
4.624167401e+00  1.4920903e-12  1.49209e-12  7.71794e-13  7.20296e-13
4.647288238e+00  1.5119183e-12  1.51192e-12  7.65249e-13  7.46669e-13
4.670524679e+00  1.5325655e-12  1.53257e-12  7.58754e-13  7.73812e-13
4.693877303e+00  1.5540465e-12  1.55405e-12  7.52308e-13  8.01739e-13
4.717346689e+00  1.5763762e-12  1.57638e-12  7.45911e-13  8.30466e-13
4.740933423e+00  1.5995693e-12  1.59957e-12  7.39562e-13  8.60007e-13
4.764638090e+00  1.6236406e-12  1.62364e-12  7.33262e-13  8.90378e-13
4.788461280e+00  1.6486049e-12  1.64860e-12  7.27011e-13  9.21594e-13
4.812403587e+00  1.6744771e-12  1.67448e-12  7.20807e-13  9.53671e-13
4.836465604e+00  1.7012720e-12  1.70127e-12  7.14650e-13  9.86622e-13
4.860647933e+00  1.7290044e-12  1.72900e-12  7.08541e-13  1.02046e-12
4.884951172e+00  1.7576890e-12  1.75769e-12  7.02479e-13  1.05521e-12
4.909375928e+00  1.7873407e-12  1.78734e-12  6.96463e-13  1.09088e-12
4.933922808e+00  1.8179741e-12  1.81797e-12  6.90494e-13  1.12748e-12
4.958592422e+00  1.8496040e-12  1.84960e-12  6.84571e-13  1.16503e-12
4.983385384e+00  1.8822449e-12  1.88224e-12  6.78694e-13  1.20355e-12
5.008302311e+00  1.9159112e-12  1.91591e-12  6.72863e-13  1.24305e-12
5.033343822e+00  1.9506176e-12  1.95062e-12  6.67077e-13  1.28354e-12
5.058510541e+00  1.9863783e-12  1.98638e-12  6.61336e-13  1.32504e-12
5.083803094e+00  2.0232075e-12  2.02321e-12  6.55639e-13  1.36757e-12
5.109222110e+00  2.0611194e-12  2.06112e-12  6.49987e-13  1.41113e-12
5.134768220e+00  2.1001280e-12  2.10013e-12  6.44380e-13  1.45575e-12
5.160442061e+00  2.1402472e-12  2.14025e-12  6.38816e-13  1.50143e-12
5.186244272e+00  2.1814906e-12  2.18149e-12  6.33296e-13  1.54819e-12
5.212175493e+00  2.2238719e-12  2.22387e-12  6.27819e-13  1.59605e-12
5.238236370e+00  2.2674043e-12  2.26740e-12  6.22385e-13  1.64502e-12
5.264427552e+00  2.3121011e-12  2.31210e-12  6.16994e-13  1.69511e-12
5.290749690e+00  2.3579754e-12  2.35798e-12  6.11646e-13  1.74633e-12
5.317203438e+00  2.4050399e-12  2.40504e-12  6.06340e-13  1.79870e-12
5.343789456e+00  2.4533072e-12  2.45331e-12  6.01076e-13  1.85223e-12
5.370508403e+00  2.5027897e-12  2.50279e-12  5.95853e-13  1.90694e-12
5.397360945e+00  2.5534994e-12  2.55350e-12  5.90672e-13  1.96283e-12
5.424347750e+00  2.6054484e-12  2.60545e-12  5.85532e-13  2.01992e-12
5.451469488e+00  2.6586481e-12  2.65865e-12  5.80433e-13  2.07821e-12
5.478726836e+00  2.7131099e-12  2.71311e-12  5.75375e-13  2.13773e-12
5.506120470e+00  2.7688450e-12  2.76884e-12  5.70357e-13  2.19849e-12
5.533651072e+00  2.8258640e-12  2.82586e-12  5.65379e-13  2.26048e-12
5.561319328e+00  2.8841774e-12  2.88418e-12  5.60441e-13  2.32374e-12
5.589125924e+00  2.9437953e-12  2.94380e-12  5.55543e-13  2.38825e-12
5.617071554e+00  3.0047277e-12  3.00473e-12  5.50684e-13  2.45404e-12
5.645156912e+00  3.0669839e-12  3.06698e-12  5.45864e-13  2.52112e-12
5.673382696e+00  3.1305730e-12  3.13057e-12  5.41083e-13  2.58949e-12
5.701749610e+00  3.1955040e-12  3.19550e-12  5.36340e-13  2.65916e-12
5.730258358e+00  3.2617850e-12  3.26179e-12  5.31636e-13  2.73015e-12
5.758909650e+00  3.3294243e-12  3.32942e-12  5.26969e-13  2.80246e-12
5.787704198e+00  3.3984294e-12  3.39843e-12  5.22341e-13  2.87609e-12
5.816642719e+00  3.4688075e-12  3.46881e-12  5.17749e-13  2.95106e-12
5.845725932e+00  3.5405656e-12  3.54057e-12  5.13195e-13  3.02737e-12
5.874954562e+00  3.6137099e-12  3.61371e-12  5.08678e-13  3.10503e-12
5.904329335e+00  3.6882464e-12  3.68825e-12  5.04198e-13  3.18405e-12
5.933850982e+00  3.7641808e-12  3.76418e-12  4.99754e-13  3.26443e-12
5.963520237e+00  3.8415181e-12  3.84152e-12  4.95347e-13  3.34617e-12
5.993337838e+00  3.9202630e-12  3.92026e-12  4.90975e-13  3.42929e-12
6.023304527e+00  4.0004196e-12  4.00042e-12  4.86639e-13  3.51378e-12
6.053421050e+00  4.0819916e-12  4.08199e-12  4.82339e-13  3.59965e-12
6.083688155e+00  4.1649824e-12  4.16498e-12  4.78074e-13  3.68691e-12
6.114106596e+00  4.2493945e-12  4.24939e-12  4.73844e-13  3.77555e-12
6.144677129e+00  4.3352303e-12  4.33523e-12  4.69648e-13  3.86558e-12
6.175400514e+00  4.4224916e-12  4.42249e-12  4.65487e-13  3.95700e-12
6.206277517e+00  4.5111795e-12  4.51118e-12  4.61360e-13  4.04982e-12
6.237308904e+00  4.6012948e-12  4.60129e-12  4.57268e-13  4.14403e-12
6.268495449e+00  4.6928377e-12  4.69284e-12  4.53209e-13  4.23963e-12
6.299837926e+00  4.7858079e-12  4.78581e-12  4.49183e-13  4.33662e-12
6.331337116e+00  4.8802045e-12  4.88020e-12  4.45191e-13  4.43501e-12
6.362993801e+00  4.9760262e-12  4.97603e-12  4.41232e-13  4.53479e-12
6.394808770e+00  5.0732710e-12  5.07327e-12  4.37305e-13  4.63597e-12
6.426782814e+00  5.1719365e-12  5.17194e-12  4.33412e-13  4.73852e-12
6.458916728e+00  5.2720195e-12  5.27202e-12  4.29550e-13  4.84247e-12
6.491211312e+00  5.3735166e-12  5.37352e-12  4.25721e-13  4.94780e-12
6.523667368e+00  5.4764236e-12  5.47642e-12  4.21923e-13  5.05450e-12
6.556285705e+00  5.5807357e-12  5.58074e-12  4.18158e-13  5.16258e-12
6.589067134e+00  5.6864478e-12  5.68645e-12  4.14423e-13  5.27202e-12
6.622012469e+00  5.7935540e-12  5.79355e-12  4.10720e-13  5.38283e-12
6.655122532e+00  5.9020479e-12  5.90205e-12  4.07048e-13  5.49500e-12
6.688398144e+00  6.0119224e-12  6.01192e-12  4.03406e-13  5.60852e-12
6.721840135e+00  6.1231702e-12  6.12317e-12  3.99795e-13  5.72338e-12
6.755449336e+00  6.2357830e-12  6.23578e-12  3.96214e-13  5.83957e-12
6.789226583e+00  6.3497521e-12  6.34975e-12  3.92663e-13  5.95709e-12
6.823172715e+00  6.4650683e-12  6.46507e-12  3.89142e-13  6.07593e-12
6.857288579e+00  6.5817218e-12  6.58172e-12  3.85651e-13  6.19607e-12
6.891575022e+00  6.6997022e-12  6.69970e-12  3.82189e-13  6.31751e-12
6.926032897e+00  6.8189983e-12  6.81900e-12  3.78757e-13  6.44024e-12
6.960663062e+00  6.9395988e-12  6.93960e-12  3.75353e-13  6.56425e-12
6.995466377e+00  7.0614915e-12  7.06149e-12  3.71978e-13  6.68951e-12
7.030443709e+00  7.1846636e-12  7.18466e-12  3.68631e-13  6.81603e-12
7.065595927e+00  7.3091019e-12  7.30910e-12  3.65313e-13  6.94379e-12
7.100923907e+00  7.4347926e-12  7.43479e-12  3.62023e-13  7.07277e-12
7.136428526e+00  7.5617214e-12  7.56172e-12  3.58761e-13  7.20296e-12
7.172110669e+00  7.6898732e-12  7.68987e-12  3.55526e-13  7.33435e-12
7.207971222e+00  7.8192327e-12  7.81923e-12  3.52319e-13  7.46691e-12
7.244011079e+00  7.9497837e-12  7.94978e-12  3.49139e-13  7.60064e-12
7.280231134e+00  8.0815097e-12  8.08151e-12  3.45986e-13  7.73552e-12
7.316632290e+00  8.2143935e-12  8.21439e-12  3.42860e-13  7.87153e-12
7.353215451e+00  8.3484176e-12  8.34842e-12  3.39761e-13  8.00866e-12
7.389981528e+00  8.4835638e-12  8.48356e-12  3.36688e-13  8.14688e-12
7.426931436e+00  8.6198133e-12  8.61981e-12  3.33641e-13  8.28617e-12
7.464066093e+00  8.7571470e-12  8.75715e-12  3.30621e-13  8.42653e-12
7.501386424e+00  8.8955451e-12  8.89555e-12  3.27626e-13  8.56792e-12
7.538893356e+00  9.0349875e-12  9.03499e-12  3.24657e-13  8.71033e-12
7.576587822e+00  9.1754534e-12  9.17545e-12  3.21713e-13  8.85374e-12
7.614470762e+00  9.3169216e-12  9.31692e-12  3.18795e-13  8.99813e-12
7.652543115e+00  9.4593705e-12  9.45937e-12  3.15901e-13  9.14347e-12
7.690805831e+00  9.6027780e-12  9.60278e-12  3.13033e-13  9.28975e-12
7.729259860e+00  9.7471214e-12  9.74712e-12  3.10189e-13  9.43693e-12
7.767906159e+00  9.8923776e-12  9.89238e-12  3.07370e-13  9.58501e-12
7.806745690e+00  1.0038523e-11  1.00385e-11  3.04575e-13  9.73395e-12
7.845779419e+00  1.0185534e-11  1.01855e-11  3.01804e-13  9.88373e-12
7.885008316e+00  1.0333387e-11  1.03334e-11  2.99056e-13  1.00343e-11
7.924433357e+00  1.0482055e-11  1.04821e-11  2.96333e-13  1.01857e-11
7.964055524e+00  1.0631515e-11  1.06315e-11  2.93633e-13  1.03379e-11
8.003875802e+00  1.0781741e-11  1.07817e-11  2.90957e-13  1.04908e-11
8.043895181e+00  1.0932706e-11  1.09327e-11  2.88303e-13  1.06444e-11
8.084114657e+00  1.1084385e-11  1.10844e-11  2.85673e-13  1.07987e-11
8.124535230e+00  1.1236751e-11  1.12368e-11  2.83065e-13  1.09537e-11
8.165157906e+00  1.1389776e-11  1.13898e-11  2.80480e-13  1.11093e-11
8.205983696e+00  1.1543434e-11  1.15434e-11  2.77918e-13  1.12655e-11
8.247013614e+00  1.1697696e-11  1.16977e-11  2.75378e-13  1.14223e-11
8.288248682e+00  1.1852536e-11  1.18525e-11  2.72860e-13  1.15797e-11
8.329689926e+00  1.2007924e-11  1.20079e-11  2.70363e-13  1.17376e-11
8.371338375e+00  1.2163831e-11  1.21638e-11  2.67889e-13  1.18959e-11
8.413195067e+00  1.2320230e-11  1.23202e-11  2.65436e-13  1.20548e-11
8.455261042e+00  1.2477091e-11  1.24771e-11  2.63005e-13  1.22141e-11
8.497537348e+00  1.2634385e-11  1.26344e-11  2.60594e-13  1.23738e-11
8.540025034e+00  1.2792082e-11  1.27921e-11  2.58205e-13  1.25339e-11
8.582725160e+00  1.2950152e-11  1.29502e-11  2.55837e-13  1.26943e-11
8.625638785e+00  1.3108565e-11  1.31086e-11  2.53489e-13  1.28551e-11
8.668766979e+00  1.3267292e-11  1.32673e-11  2.51162e-13  1.30161e-11
8.712110814e+00  1.3426301e-11  1.34263e-11  2.48855e-13  1.31774e-11
8.755671368e+00  1.3585562e-11  1.35856e-11  2.46569e-13  1.33390e-11
8.799449725e+00  1.3745044e-11  1.37450e-11  2.44302e-13  1.35007e-11
8.843446974e+00  1.3904717e-11  1.39047e-11  2.42056e-13  1.36627e-11
8.887664209e+00  1.4064550e-11  1.40645e-11  2.39829e-13  1.38247e-11
8.932102530e+00  1.4224510e-11  1.42245e-11  2.37622e-13  1.39869e-11
8.976763042e+00  1.4384568e-11  1.43846e-11  2.35434e-13  1.41491e-11
9.021646857e+00  1.4544692e-11  1.45447e-11  2.33266e-13  1.43114e-11
9.066755092e+00  1.4704850e-11  1.47049e-11  2.31116e-13  1.44737e-11
9.112088867e+00  1.4865011e-11  1.48650e-11  2.28986e-13  1.46360e-11
9.157649312e+00  1.5025144e-11  1.50251e-11  2.26874e-13  1.47983e-11
9.203437558e+00  1.5185217e-11  1.51852e-11  2.24781e-13  1.49604e-11
9.249454746e+00  1.5345198e-11  1.53452e-11  2.22707e-13  1.51225e-11
9.295702020e+00  1.5505056e-11  1.55051e-11  2.20651e-13  1.52844e-11
9.342180530e+00  1.5664759e-11  1.56648e-11  2.18613e-13  1.54461e-11
9.388891432e+00  1.5824276e-11  1.58243e-11  2.16593e-13  1.56077e-11
9.435835890e+00  1.5983575e-11  1.59836e-11  2.14591e-13  1.57690e-11
9.483015069e+00  1.6142625e-11  1.61426e-11  2.12607e-13  1.59300e-11
9.530430144e+00  1.6301394e-11  1.63014e-11  2.10640e-13  1.60908e-11
9.578082295e+00  1.6459851e-11  1.64599e-11  2.08691e-13  1.62512e-11
9.625972707e+00  1.6617965e-11  1.66180e-11  2.06759e-13  1.64112e-11
9.674102570e+00  1.6775705e-11  1.67757e-11  2.04844e-13  1.65709e-11
9.722473083e+00  1.6933039e-11  1.69330e-11  2.02946e-13  1.67301e-11
9.771085448e+00  1.7089937e-11  1.70899e-11  2.01065e-13  1.68889e-11
9.819940876e+00  1.7246367e-11  1.72464e-11  1.99201e-13  1.70472e-11
9.869040580e+00  1.7402300e-11  1.74023e-11  1.97354e-13  1.72049e-11
9.918385783e+00  1.7557705e-11  1.75577e-11  1.95523e-13  1.73622e-11
9.967977712e+00  1.7712551e-11  1.77126e-11  1.93708e-13  1.75188e-11
1.001781760e+01  1.7866808e-11  1.78668e-11  1.91910e-13  1.76749e-11
1.006790669e+01  1.8020446e-11  1.80204e-11  1.90127e-13  1.78303e-11
1.011824622e+01  1.8173436e-11  1.81734e-11  1.88361e-13  1.79851e-11
1.016883745e+01  1.8325749e-11  1.83257e-11  1.86610e-13  1.81391e-11
1.021968164e+01  1.8477353e-11  1.84774e-11  1.84875e-13  1.82925e-11
1.027078005e+01  1.8628222e-11  1.86282e-11  1.83155e-13  1.84451e-11
1.032213395e+01  1.8778325e-11  1.87783e-11  1.81451e-13  1.85969e-11
1.037374462e+01  1.8927635e-11  1.89276e-11  1.79763e-13  1.87479e-11
1.042561334e+01  1.9076122e-11  1.90761e-11  1.78089e-13  1.88980e-11
1.047774141e+01  1.9223760e-11  1.92238e-11  1.76430e-13  1.90473e-11
1.053013012e+01  1.9370520e-11  1.93705e-11  1.74786e-13  1.91957e-11
1.058278077e+01  1.9516374e-11  1.95164e-11  1.73157e-13  1.93432e-11
1.063569467e+01  1.9661297e-11  1.96613e-11  1.71543e-13  1.94898e-11
1.068887314e+01  1.9805260e-11  1.98053e-11  1.69943e-13  1.96353e-11
1.074231751e+01  1.9948238e-11  1.99482e-11  1.68358e-13  1.97799e-11
1.079602910e+01  2.0090205e-11  2.00902e-11  1.66786e-13  1.99234e-11
1.085000924e+01  2.0231133e-11  2.02311e-11  1.65229e-13  2.00659e-11
1.090425929e+01  2.0370999e-11  2.03710e-11  1.63686e-13  2.02073e-11
1.095878058e+01  2.0509777e-11  2.05098e-11  1.62157e-13  2.03476e-11
1.101357449e+01  2.0647442e-11  2.06474e-11  1.60642e-13  2.04868e-11
1.106864236e+01  2.0783970e-11  2.07840e-11  1.59140e-13  2.06248e-11
1.112398557e+01  2.0919337e-11  2.09193e-11  1.57652e-13  2.07617e-11
1.117960550e+01  2.1053520e-11  2.10535e-11  1.56178e-13  2.08973e-11
1.123550353e+01  2.1186494e-11  2.11865e-11  1.54717e-13  2.10318e-11
1.129168104e+01  2.1318238e-11  2.13182e-11  1.53268e-13  2.11650e-11
1.134813945e+01  2.1448729e-11  2.14487e-11  1.51834e-13  2.12969e-11
1.140488015e+01  2.1577945e-11  2.15779e-11  1.50412e-13  2.14275e-11
1.146190455e+01  2.1705865e-11  2.17059e-11  1.49002e-13  2.15569e-11
1.151921407e+01  2.1832467e-11  2.18325e-11  1.47606e-13  2.16849e-11
1.157681014e+01  2.1957730e-11  2.19577e-11  1.46223e-13  2.18115e-11
1.163469419e+01  2.2081635e-11  2.20816e-11  1.44851e-13  2.19368e-11
1.169286766e+01  2.2204161e-11  2.22042e-11  1.43493e-13  2.20607e-11
1.175133200e+01  2.2325290e-11  2.23253e-11  1.42147e-13  2.21831e-11
1.181008866e+01  2.2445002e-11  2.24450e-11  1.40812e-13  2.23042e-11
1.186913910e+01  2.2563278e-11  2.25633e-11  1.39491e-13  2.24238e-11
1.192848480e+01  2.2680102e-11  2.26801e-11  1.38181e-13  2.25419e-11
1.198812722e+01  2.2795454e-11  2.27955e-11  1.36883e-13  2.26586e-11
1.204806786e+01  2.2909318e-11  2.29093e-11  1.35597e-13  2.27737e-11
1.210830820e+01  2.3021678e-11  2.30217e-11  1.34322e-13  2.28874e-11
1.216884974e+01  2.3132516e-11  2.31325e-11  1.33059e-13  2.29995e-11
1.222969399e+01  2.3241818e-11  2.32418e-11  1.31808e-13  2.31100e-11
1.229084246e+01  2.3349568e-11  2.33496e-11  1.30568e-13  2.32190e-11
1.235229667e+01  2.3455752e-11  2.34558e-11  1.29339e-13  2.33264e-11
1.241405815e+01  2.3560354e-11  2.35604e-11  1.28122e-13  2.34322e-11
1.247612845e+01  2.3663362e-11  2.36634e-11  1.26916e-13  2.35364e-11
1.253850909e+01  2.3764761e-11  2.37648e-11  1.25721e-13  2.36390e-11
1.260120163e+01  2.3864539e-11  2.38645e-11  1.24536e-13  2.37400e-11
1.266420764e+01  2.3962683e-11  2.39627e-11  1.23363e-13  2.38393e-11
1.272752868e+01  2.4059182e-11  2.40592e-11  1.22200e-13  2.39370e-11
1.279116632e+01  2.4154024e-11  2.41540e-11  1.21048e-13  2.40330e-11
1.285512215e+01  2.4247198e-11  2.42472e-11  1.19906e-13  2.41273e-11
1.291939776e+01  2.4338693e-11  2.43387e-11  1.18775e-13  2.42199e-11
1.298399475e+01  2.4428500e-11  2.44285e-11  1.17655e-13  2.43108e-11
1.304891473e+01  2.4516608e-11  2.45166e-11  1.16544e-13  2.44001e-11
1.311415930e+01  2.4603010e-11  2.46030e-11  1.15444e-13  2.44876e-11
1.317973010e+01  2.4687695e-11  2.46877e-11  1.14354e-13  2.45733e-11
1.324562875e+01  2.4770657e-11  2.47707e-11  1.13274e-13  2.46574e-11
1.331185689e+01  2.4851886e-11  2.48519e-11  1.12204e-13  2.47397e-11
1.337841618e+01  2.4931377e-11  2.49314e-11  1.11143e-13  2.48202e-11
1.344530826e+01  2.5009122e-11  2.50091e-11  1.10093e-13  2.48990e-11
1.351253480e+01  2.5085115e-11  2.50851e-11  1.09052e-13  2.49761e-11
1.358009747e+01  2.5159350e-11  2.51594e-11  1.08020e-13  2.50513e-11
1.364799796e+01  2.5231822e-11  2.52318e-11  1.06998e-13  2.51248e-11
1.371623795e+01  2.5302526e-11  2.53025e-11  1.05986e-13  2.51965e-11
1.378481914e+01  2.5371457e-11  2.53715e-11  1.04983e-13  2.52665e-11
1.385374323e+01  2.5438612e-11  2.54386e-11  1.03989e-13  2.53346e-11
1.392301195e+01  2.5503986e-11  2.55040e-11  1.03004e-13  2.54010e-11
1.399262701e+01  2.5567578e-11  2.55676e-11  1.02029e-13  2.54655e-11
1.406259015e+01  2.5629383e-11  2.56294e-11  1.01062e-13  2.55283e-11
1.413290310e+01  2.5689400e-11  2.56894e-11  1.00104e-13  2.55893e-11
1.420356761e+01  2.5747627e-11  2.57476e-11  9.91553e-14  2.56485e-11
1.427458545e+01  2.5804063e-11  2.58041e-11  9.82152e-14  2.57058e-11
1.434595838e+01  2.5858706e-11  2.58587e-11  9.72838e-14  2.57614e-11
1.441768817e+01  2.5911556e-11  2.59116e-11  9.63610e-14  2.58152e-11
1.448977661e+01  2.5962614e-11  2.59626e-11  9.54468e-14  2.58672e-11
1.456222549e+01  2.6011878e-11  2.60119e-11  9.45410e-14  2.59173e-11
1.463503662e+01  2.6059351e-11  2.60594e-11  9.36436e-14  2.59657e-11
1.470821180e+01  2.6105033e-11  2.61050e-11  9.27545e-14  2.60123e-11
1.478175286e+01  2.6148925e-11  2.61489e-11  9.18736e-14  2.60571e-11
1.485566163e+01  2.6191030e-11  2.61910e-11  9.10009e-14  2.61000e-11
1.492993994e+01  2.6231350e-11  2.62313e-11  9.01363e-14  2.61412e-11
1.500458964e+01  2.6269887e-11  2.62699e-11  8.92797e-14  2.61806e-11
1.507961258e+01  2.6306644e-11  2.63066e-11  8.84311e-14  2.62182e-11
1.515501065e+01  2.6341626e-11  2.63416e-11  8.75903e-14  2.62540e-11
1.523078570e+01  2.6374835e-11  2.63748e-11  8.67573e-14  2.62881e-11
1.530693963e+01  2.6406276e-11  2.64063e-11  8.59321e-14  2.63203e-11
1.538347433e+01  2.6435953e-11  2.64360e-11  8.51146e-14  2.63508e-11
1.546039170e+01  2.6463872e-11  2.64639e-11  8.43046e-14  2.63796e-11
1.553769366e+01  2.6490037e-11  2.64900e-11  8.35022e-14  2.64065e-11
1.561538212e+01  2.6514454e-11  2.65145e-11  8.27072e-14  2.64317e-11
1.569345903e+01  2.6537129e-11  2.65371e-11  8.19197e-14  2.64552e-11
1.577192633e+01  2.6558067e-11  2.65581e-11  8.11394e-14  2.64769e-11
1.585078596e+01  2.6577277e-11  2.65773e-11  8.03665e-14  2.64969e-11
1.593003989e+01  2.6594764e-11  2.65948e-11  7.96007e-14  2.65152e-11
1.600969009e+01  2.6610535e-11  2.66105e-11  7.88421e-14  2.65317e-11
1.608973854e+01  2.6624599e-11  2.66246e-11  7.80905e-14  2.65465e-11
1.617018723e+01  2.6636962e-11  2.66370e-11  7.73460e-14  2.65596e-11
1.625103817e+01  2.6647633e-11  2.66476e-11  7.66084e-14  2.65710e-11
1.633229336e+01  2.6656620e-11  2.66566e-11  7.58776e-14  2.65807e-11
1.641395483e+01  2.6663933e-11  2.66639e-11  7.51537e-14  2.65888e-11
1.649602460e+01  2.6669579e-11  2.66696e-11  7.44366e-14  2.65951e-11
1.657850473e+01  2.6673568e-11  2.66736e-11  7.37262e-14  2.65998e-11
1.666139725e+01  2.6675909e-11  2.66759e-11  7.30223e-14  2.66029e-11
1.674470424e+01  2.6676613e-11  2.66766e-11  7.23251e-14  2.66043e-11
1.682842776e+01  2.6675688e-11  2.66757e-11  7.16344e-14  2.66041e-11
1.691256990e+01  2.6673146e-11  2.66731e-11  7.09501e-14  2.66022e-11
1.699713274e+01  2.6668996e-11  2.66690e-11  7.02723e-14  2.65987e-11
1.708211841e+01  2.6663250e-11  2.66632e-11  6.96008e-14  2.65936e-11
1.716752900e+01  2.6655918e-11  2.66559e-11  6.89356e-14  2.65870e-11
1.725336665e+01  2.6647011e-11  2.66470e-11  6.82766e-14  2.65787e-11
1.733963348e+01  2.6636541e-11  2.66365e-11  6.76237e-14  2.65689e-11
1.742633165e+01  2.6624519e-11  2.66245e-11  6.69770e-14  2.65575e-11
1.751346330e+01  2.6610957e-11  2.66110e-11  6.63364e-14  2.65446e-11
1.760103062e+01  2.6595867e-11  2.65959e-11  6.57017e-14  2.65302e-11
1.768903577e+01  2.6579261e-11  2.65793e-11  6.50731e-14  2.65142e-11
1.777748095e+01  2.6561151e-11  2.65612e-11  6.44503e-14  2.64967e-11
1.786636836e+01  2.6541550e-11  2.65415e-11  6.38333e-14  2.64777e-11
1.795570020e+01  2.6520470e-11  2.65205e-11  6.32222e-14  2.64572e-11
1.804547870e+01  2.6497925e-11  2.64979e-11  6.26168e-14  2.64353e-11
1.813570609e+01  2.6473927e-11  2.64739e-11  6.20170e-14  2.64119e-11
1.822638462e+01  2.6448490e-11  2.64485e-11  6.14229e-14  2.63871e-11
1.831751655e+01  2.6421626e-11  2.64216e-11  6.08344e-14  2.63608e-11
1.840910413e+01  2.6393349e-11  2.63933e-11  6.02514e-14  2.63331e-11
1.850114965e+01  2.6363673e-11  2.63637e-11  5.96739e-14  2.63040e-11
1.859365540e+01  2.6332612e-11  2.63326e-11  5.91019e-14  2.62735e-11
1.868662368e+01  2.6300179e-11  2.63002e-11  5.85352e-14  2.62416e-11
1.878005679e+01  2.6266388e-11  2.62664e-11  5.79738e-14  2.62084e-11
1.887395708e+01  2.6231254e-11  2.62313e-11  5.74178e-14  2.61738e-11
1.896832686e+01  2.6194790e-11  2.61948e-11  5.68669e-14  2.61379e-11
1.906316850e+01  2.6157011e-11  2.61570e-11  5.63213e-14  2.61007e-11
1.915848434e+01  2.6117931e-11  2.61179e-11  5.57808e-14  2.60622e-11
1.925427676e+01  2.6077565e-11  2.60776e-11  5.52454e-14  2.60223e-11
1.935054815e+01  2.6035927e-11  2.60359e-11  5.47150e-14  2.59812e-11
1.944730089e+01  2.5993033e-11  2.59930e-11  5.41897e-14  2.59388e-11
1.954453739e+01  2.5948895e-11  2.59489e-11  5.36693e-14  2.58952e-11
1.964226008e+01  2.5903531e-11  2.59035e-11  5.31538e-14  2.58504e-11
1.974047138e+01  2.5856954e-11  2.58570e-11  5.26431e-14  2.58043e-11
1.983917374e+01  2.5809179e-11  2.58092e-11  5.21373e-14  2.57570e-11
1.993836960e+01  2.5760222e-11  2.57602e-11  5.16363e-14  2.57086e-11
2.003806145e+01  2.5710097e-11  2.57101e-11  5.11400e-14  2.56590e-11
2.013825176e+01  2.5658819e-11  2.56588e-11  5.06484e-14  2.56082e-11
2.023894302e+01  2.5606405e-11  2.56064e-11  5.01614e-14  2.55562e-11
2.034013773e+01  2.5552868e-11  2.55529e-11  4.96791e-14  2.55032e-11
2.044183842e+01  2.5498224e-11  2.54982e-11  4.92012e-14  2.54490e-11
2.054404761e+01  2.5442489e-11  2.54425e-11  4.87280e-14  2.53938e-11
2.064676785e+01  2.5385677e-11  2.53857e-11  4.82592e-14  2.53374e-11
2.075000169e+01  2.5327805e-11  2.53278e-11  4.77948e-14  2.52800e-11
2.085375170e+01  2.5268886e-11  2.52689e-11  4.73348e-14  2.52216e-11
2.095802046e+01  2.5208938e-11  2.52089e-11  4.68792e-14  2.51621e-11
2.106281056e+01  2.5147974e-11  2.51480e-11  4.64279e-14  2.51015e-11
2.116812461e+01  2.5086011e-11  2.50860e-11  4.59808e-14  2.50400e-11
2.127396524e+01  2.5023064e-11  2.50231e-11  4.55380e-14  2.49775e-11
2.138033506e+01  2.4959148e-11  2.49591e-11  4.50994e-14  2.49140e-11
2.148723674e+01  2.4894278e-11  2.48943e-11  4.46650e-14  2.48496e-11
2.159467292e+01  2.4828470e-11  2.48285e-11  4.42347e-14  2.47842e-11
2.170264629e+01  2.4761740e-11  2.47617e-11  4.38084e-14  2.47179e-11
2.181115952e+01  2.4694102e-11  2.46941e-11  4.33862e-14  2.46507e-11
2.192021532e+01  2.4625572e-11  2.46256e-11  4.29680e-14  2.45826e-11
2.202981639e+01  2.4556164e-11  2.45562e-11  4.25538e-14  2.45136e-11
2.213996547e+01  2.4485895e-11  2.44859e-11  4.21435e-14  2.44438e-11
2.225066530e+01  2.4414780e-11  2.44148e-11  4.17371e-14  2.43730e-11
2.236191863e+01  2.4342833e-11  2.43428e-11  4.13346e-14  2.43015e-11
2.247372822e+01  2.4270071e-11  2.42701e-11  4.09358e-14  2.42291e-11
2.258609686e+01  2.4196507e-11  2.41965e-11  4.05409e-14  2.41560e-11
2.269902735e+01  2.4122157e-11  2.41222e-11  4.01497e-14  2.40820e-11
2.281252248e+01  2.4047037e-11  2.40470e-11  3.97623e-14  2.40073e-11
2.292658510e+01  2.3971160e-11  2.39712e-11  3.93785e-14  2.39318e-11
2.304121802e+01  2.3894542e-11  2.38945e-11  3.89984e-14  2.38555e-11
2.315642411e+01  2.3817198e-11  2.38172e-11  3.86219e-14  2.37786e-11
2.327220623e+01  2.3739143e-11  2.37391e-11  3.82489e-14  2.37009e-11
2.338856726e+01  2.3660391e-11  2.36604e-11  3.78796e-14  2.36225e-11
2.350551010e+01  2.3580957e-11  2.35810e-11  3.75137e-14  2.35434e-11
2.362303765e+01  2.3500856e-11  2.35009e-11  3.71513e-14  2.34637e-11
2.374115284e+01  2.3420101e-11  2.34201e-11  3.67924e-14  2.33833e-11
2.385985860e+01  2.3338709e-11  2.33387e-11  3.64369e-14  2.33023e-11
2.397915789e+01  2.3256692e-11  2.32567e-11  3.60847e-14  2.32206e-11
2.409905368e+01  2.3174066e-11  2.31741e-11  3.57360e-14  2.31383e-11
2.421954895e+01  2.3090845e-11  2.30908e-11  3.53905e-14  2.30555e-11
2.434064670e+01  2.3007042e-11  2.30070e-11  3.50484e-14  2.29720e-11
2.446234993e+01  2.2922672e-11  2.29227e-11  3.47095e-14  2.28880e-11
2.458466168e+01  2.2837749e-11  2.28377e-11  3.43738e-14  2.28034e-11
2.470758499e+01  2.2752287e-11  2.27523e-11  3.40414e-14  2.27182e-11
2.483112291e+01  2.2666299e-11  2.26663e-11  3.37121e-14  2.26326e-11
2.495527853e+01  2.2579800e-11  2.25798e-11  3.33859e-14  2.25464e-11
