# ------------------------------------------------------------------------
# Radiance spectrum
# NASA-GSFC Planetary Spectrum Generator (PSG) (Villanueva et al. 2018, 2022)
# Synthesized on Mon Feb 12 12:10:00 2024
# Doppler velocities [km/s] (vobs,vrot+vorb,vwidth,vrfl,vstr): 0.00000,-0.00000,0.00000,-119.41115,-0.00000
# Spectral unit: Wavelength [um]
# Radiance unit: Spectral irradiance [W/m2/um]
# Wave/freq Total Object Reflected Thermal
5.000000000e-01  3.6928078e-12  3.69281e-12  3.69281e-12  1.05024e-46
5.025000000e-01  3.8254715e-12  3.82547e-12  3.82547e-12  1.61615e-46
5.050125000e-01  3.9095285e-12  3.90953e-12  3.90953e-12  2.51314e-46
5.075375625e-01  3.9721242e-12  3.97212e-12  3.97212e-12  3.92134e-46
5.100752503e-01  4.0350147e-12  4.03501e-12  4.03501e-12  6.10430e-46
5.126256266e-01  4.0887734e-12  4.08877e-12  4.08877e-12  9.50379e-46
5.151887547e-01  4.1428655e-12  4.14287e-12  4.14287e-12  1.47617e-45
5.177646985e-01  4.1977704e-12  4.19777e-12  4.19777e-12  2.28719e-45
5.203535220e-01  4.2520327e-12  4.25203e-12  4.25203e-12  3.53642e-45
5.229552896e-01  4.3003674e-12  4.30037e-12  4.30037e-12  5.46402e-45
5.255700660e-01  4.3509676e-12  4.35097e-12  4.35097e-12  8.41848e-45
5.281979164e-01  4.4093995e-12  4.40940e-12  4.40940e-12  1.29159e-44
5.308389059e-01  4.4688619e-12  4.46886e-12  4.46886e-12  1.97670e-44
5.334931005e-01  4.5303023e-12  4.53030e-12  4.53030e-12  3.01710e-44
5.361605660e-01  4.5933278e-12  4.59333e-12  4.59333e-12  4.59319e-44
5.388413688e-01  4.6583090e-12  4.65831e-12  4.65831e-12  6.97400e-44
5.415355756e-01  4.7224885e-12  4.72249e-12  4.72249e-12  1.05680e-43
5.442432535e-01  4.7861818e-12  4.78618e-12  4.78618e-12  1.59817e-43
5.469644698e-01  4.8458170e-12  4.84582e-12  4.84582e-12  2.41409e-43
5.496992921e-01  4.9040506e-12  4.90405e-12  4.90405e-12  3.64000e-43
5.524477886e-01  4.9561561e-12  4.95616e-12  4.95616e-12  5.48499e-43
5.552100275e-01  5.0077847e-12  5.00778e-12  5.00778e-12  8.24839e-43
5.579860777e-01  5.0633956e-12  5.06340e-12  5.06340e-12  1.23654e-42
5.607760081e-01  5.1148749e-12  5.11487e-12  5.11487e-12  1.85167e-42
5.635798881e-01  5.1553481e-12  5.15535e-12  5.15535e-12  2.77432e-42
5.663977875e-01  5.1977429e-12  5.19774e-12  5.19774e-12  4.14589e-42
5.692297765e-01  5.2422868e-12  5.24229e-12  5.24229e-12  6.17918e-42
5.720759254e-01  5.2810598e-12  5.28106e-12  5.28106e-12  9.20286e-42
5.749363050e-01  5.3174686e-12  5.31747e-12  5.31747e-12  1.36848e-41
5.778109865e-01  5.3566534e-12  5.35665e-12  5.35665e-12  2.02931e-41
5.807000414e-01  5.3930578e-12  5.39306e-12  5.39306e-12  3.00489e-41
5.836035417e-01  5.4208768e-12  5.42088e-12  5.42088e-12  4.44901e-41
5.865215594e-01  5.4525904e-12  5.45259e-12  5.45259e-12  6.56733e-41
5.894541672e-01  5.4876857e-12  5.48769e-12  5.48769e-12  9.66653e-41
5.924014380e-01  5.5143100e-12  5.51431e-12  5.51431e-12  1.42261e-40
5.953634452e-01  5.5392004e-12  5.53920e-12  5.53920e-12  2.09009e-40
5.983402624e-01  5.5692680e-12  5.56927e-12  5.56927e-12  3.06082e-40
6.013319637e-01  5.5997550e-12  5.59976e-12  5.59976e-12  4.47277e-40
6.043386235e-01  5.6307731e-12  5.63077e-12  5.63077e-12  6.52196e-40
6.073603167e-01  5.6553709e-12  5.65537e-12  5.65537e-12  9.50400e-40
6.103971182e-01  5.6765282e-12  5.67653e-12  5.67653e-12  1.38316e-39
6.134491038e-01  5.6894259e-12  5.68943e-12  5.68943e-12  2.01243e-39
6.165163494e-01  5.7056999e-12  5.70570e-12  5.70570e-12  2.91987e-39
6.195989311e-01  5.7255191e-12  5.72552e-12  5.72552e-12  4.22472e-39
6.226969258e-01  5.7342069e-12  5.73421e-12  5.73421e-12  6.11462e-39
6.258104104e-01  5.7451404e-12  5.74514e-12  5.74514e-12  8.82784e-39
6.289394624e-01  5.7688988e-12  5.76890e-12  5.76890e-12  1.26859e-38
6.320841597e-01  5.7924257e-12  5.79243e-12  5.79243e-12  1.81951e-38
6.352445805e-01  5.8167962e-12  5.81680e-12  5.81680e-12  2.60415e-38
6.384208035e-01  5.8548816e-12  5.85488e-12  5.85488e-12  3.70964e-38
6.416129075e-01  5.8891913e-12  5.88919e-12  5.88919e-12  5.27836e-38
6.448209720e-01  5.9196699e-12  5.91967e-12  5.91967e-12  7.50192e-38
6.480450769e-01  5.9590839e-12  5.95908e-12  5.95908e-12  1.06229e-37
6.512853022e-01  5.9936873e-12  5.99369e-12  5.99369e-12  1.50285e-37
6.545417288e-01  6.0199852e-12  6.01999e-12  6.01999e-12  2.12563e-37
6.578144374e-01  6.0527498e-12  6.05275e-12  6.05275e-12  2.99701e-37
6.611035096e-01  6.0898364e-12  6.08984e-12  6.08984e-12  4.21414e-37
6.644090271e-01  6.1335403e-12  6.13354e-12  6.13354e-12  5.90689e-37
6.677310723e-01  6.1625711e-12  6.16257e-12  6.16257e-12  8.28830e-37
6.710697276e-01  6.1793443e-12  6.17934e-12  6.17934e-12  1.16363e-36
6.744250763e-01  6.1767984e-12  6.17680e-12  6.17680e-12  1.63677e-36
6.777972017e-01  6.1892023e-12  6.18920e-12  6.18920e-12  2.29133e-36
6.811861877e-01  6.2072535e-12  6.20725e-12  6.20725e-12  3.19829e-36
6.845921186e-01  6.2301031e-12  6.23010e-12  6.23010e-12  4.45204e-36
6.880150792e-01  6.2400821e-12  6.24008e-12  6.24008e-12  6.20127e-36
6.914551546e-01  6.2285080e-12  6.22851e-12  6.22851e-12  8.65714e-36
6.949124304e-01  6.1895991e-12  6.18960e-12  6.18960e-12  1.21244e-35
6.983869925e-01  6.1815899e-12  6.18159e-12  6.18159e-12  1.68513e-35
7.018789275e-01  6.1634990e-12  6.16350e-12  6.16350e-12  2.34211e-35
7.053883221e-01  6.1366442e-12  6.13664e-12  6.13664e-12  3.25433e-35
7.089152637e-01  6.1159870e-12  6.11599e-12  6.11599e-12  4.50844e-35
7.124598400e-01  6.0820465e-12  6.08205e-12  6.08205e-12  6.24900e-35
7.160221392e-01  6.0442865e-12  6.04429e-12  6.04429e-12  8.65108e-35
7.196022499e-01  6.0125243e-12  6.01252e-12  6.01252e-12  1.19419e-34
7.232002612e-01  5.9835010e-12  5.98350e-12  5.98350e-12  1.64468e-34
7.268162625e-01  5.9485569e-12  5.94856e-12  5.94856e-12  2.26328e-34
7.304503438e-01  5.9056282e-12  5.90563e-12  5.90563e-12  3.11303e-34
7.341025955e-01  5.8505964e-12  5.85060e-12  5.85060e-12  4.28246e-34
7.377731085e-01  5.8031990e-12  5.80320e-12  5.80320e-12  5.87304e-34
7.414619740e-01  5.7495499e-12  5.74955e-12  5.74955e-12  8.04783e-34
7.451692839e-01  5.6829870e-12  5.68299e-12  5.68299e-12  1.10302e-33
7.488951303e-01  5.6288343e-12  5.62883e-12  5.62883e-12  1.50609e-33
7.526396060e-01  5.5697446e-12  5.56974e-12  5.56974e-12  2.05432e-33
7.564028040e-01  5.5133558e-12  5.51336e-12  5.51336e-12  2.79597e-33
7.601848180e-01  5.4638415e-12  5.46384e-12  5.46384e-12  3.79478e-33
7.639857421e-01  5.3828512e-12  5.38285e-12  5.38285e-12  5.16540e-33
7.678056708e-01  5.3177445e-12  5.31774e-12  5.31774e-12  7.00210e-33
7.716446992e-01  5.2556587e-12  5.25566e-12  5.25566e-12  9.47124e-33
7.755029227e-01  5.1906214e-12  5.19062e-12  5.19062e-12  1.27944e-32
7.793804373e-01  5.1293908e-12  5.12939e-12  5.12939e-12  1.72447e-32
7.832773395e-01  5.0716351e-12  5.07164e-12  5.07164e-12  2.31928e-32
7.871937262e-01  5.0176347e-12  5.01763e-12  5.01763e-12  3.11245e-32
7.911296948e-01  4.9631041e-12  4.96310e-12  4.96310e-12  4.17035e-32
7.950853433e-01  4.9018787e-12  4.90188e-12  4.90188e-12  5.58374e-32
7.990607700e-01  4.8551041e-12  4.85510e-12  4.85510e-12  7.44963e-32
8.030560739e-01  4.8099681e-12  4.80997e-12  4.80997e-12  9.92114e-32
8.070713542e-01  4.7619007e-12  4.76190e-12  4.76190e-12  1.31969e-31
8.111067110e-01  4.7115257e-12  4.71153e-12  4.71153e-12  1.75321e-31
8.151622446e-01  4.6638208e-12  4.66382e-12  4.66382e-12  2.32471e-31
8.192380558e-01  4.6148260e-12  4.61483e-12  4.61483e-12  3.07825e-31
8.233342461e-01  4.5584478e-12  4.55845e-12  4.55845e-12  4.07361e-31
8.274509173e-01  4.5093883e-12  4.50939e-12  4.50939e-12  5.37756e-31
8.315881719e-01  4.4675544e-12  4.46755e-12  4.46755e-12  7.08178e-31
8.357461127e-01  4.4272317e-12  4.42723e-12  4.42723e-12  9.31042e-31
8.399248433e-01  4.3860604e-12  4.38606e-12  4.38606e-12  1.22236e-30
8.441244675e-01  4.3532991e-12  4.35330e-12  4.35330e-12  1.60081e-30
8.483450899e-01  4.3185913e-12  4.31859e-12  4.31859e-12  2.09389e-30
8.525868153e-01  4.2895753e-12  4.28958e-12  4.28958e-12  2.73300e-30
8.568497494e-01  4.2613850e-12  4.26138e-12  4.26138e-12  3.56171e-30
8.611339981e-01  4.2286449e-12  4.22864e-12  4.22864e-12  4.63767e-30
8.654396681e-01  4.1938634e-12  4.19386e-12  4.19386e-12  6.03157e-30
8.697668665e-01  4.1583001e-12  4.15830e-12  4.15830e-12  7.83409e-30
8.741157008e-01  4.1309839e-12  4.13098e-12  4.13098e-12  1.01510e-29
8.784862793e-01  4.1005229e-12  4.10052e-12  4.10052e-12  1.31398e-29
8.828787107e-01  4.0694296e-12  4.06943e-12  4.06943e-12  1.69864e-29
8.872931042e-01  4.0398414e-12  4.03984e-12  4.03984e-12  2.19250e-29
8.917295698e-01  4.0123916e-12  4.01239e-12  4.01239e-12  2.82535e-29
8.961882176e-01  3.9834532e-12  3.98345e-12  3.98345e-12  3.63658e-29
9.006691587e-01  3.9478986e-12  3.94790e-12  3.94790e-12  4.67801e-29
9.051725045e-01  3.9221421e-12  3.92214e-12  3.92214e-12  6.00273e-29
9.096983670e-01  3.8653773e-12  3.86538e-12  3.86538e-12  7.71999e-29
9.142468589e-01  3.8017943e-12  3.80179e-12  3.80179e-12  9.92283e-29
9.188180931e-01  3.7437944e-12  3.74379e-12  3.74379e-12  1.27288e-28
9.234121836e-01  3.7011310e-12  3.70113e-12  3.70113e-12  1.62780e-28
9.280292445e-01  3.6541759e-12  3.65418e-12  3.65418e-12  2.07996e-28
9.326693908e-01  3.5875894e-12  3.58759e-12  3.58759e-12  2.66010e-28
9.373327377e-01  3.5245017e-12  3.52450e-12  3.52450e-12  3.39621e-28
9.420194014e-01  3.4646681e-12  3.46467e-12  3.46467e-12  4.32875e-28
9.467294984e-01  3.3875383e-12  3.38754e-12  3.38754e-12  5.52071e-28
9.514631459e-01  3.3090989e-12  3.30910e-12  3.30910e-12  7.03262e-28
9.562204616e-01  3.2347144e-12  3.23471e-12  3.23471e-12  8.94291e-28
9.610015639e-01  3.1564361e-12  3.15644e-12  3.15644e-12  1.13621e-27
9.658065718e-01  3.0791291e-12  3.07913e-12  3.07913e-12  1.44156e-27
9.706356046e-01  3.0107380e-12  3.01074e-12  3.01074e-12  1.82490e-27
9.754887826e-01  2.9443117e-12  2.94431e-12  2.94431e-12  2.30677e-27
9.803662265e-01  2.8642707e-12  2.86427e-12  2.86427e-12  2.91642e-27
9.852680577e-01  2.8250306e-12  2.82503e-12  2.82503e-12  3.66682e-27
9.901943980e-01  2.7621705e-12  2.76217e-12  2.76217e-12  4.61611e-27
9.951453700e-01  2.6958750e-12  2.69587e-12  2.69587e-12  5.80610e-27
1.000121097e+00  2.6517601e-12  2.65176e-12  2.65176e-12  7.27721e-27
1.005121702e+00  2.6036952e-12  2.60370e-12  2.60370e-12  9.11389e-27
1.010147311e+00  2.5566122e-12  2.55661e-12  2.55661e-12  1.13994e-26
1.015198047e+00  2.5031658e-12  2.50317e-12  2.50317e-12  1.42504e-26
1.020274038e+00  2.4589247e-12  2.45892e-12  2.45892e-12  1.77767e-26
1.025375408e+00  2.4139632e-12  2.41396e-12  2.41396e-12  2.21512e-26
1.030502285e+00  2.3801141e-12  2.38011e-12  2.38011e-12  2.75390e-26
1.035654796e+00  2.3346972e-12  2.33470e-12  2.33470e-12  3.42381e-26
1.040833070e+00  2.3217430e-12  2.32174e-12  2.32174e-12  4.23778e-26
1.046037236e+00  2.3390174e-12  2.33902e-12  2.33902e-12  5.22314e-26
1.051267422e+00  2.3294863e-12  2.32949e-12  2.32949e-12  6.44792e-26
1.056523759e+00  2.3207143e-12  2.32071e-12  2.32071e-12  7.95030e-26
1.061806378e+00  2.3200495e-12  2.32005e-12  2.32005e-12  9.78357e-26
1.067115410e+00  2.3151767e-12  2.31518e-12  2.31518e-12  1.20313e-25
1.072450987e+00  2.3302446e-12  2.33024e-12  2.33024e-12  1.47486e-25
1.077813242e+00  2.3465639e-12  2.34656e-12  2.34656e-12  1.80569e-25
1.083202308e+00  2.3552818e-12  2.35528e-12  2.35528e-12  2.21002e-25
1.088618319e+00  2.3789797e-12  2.37898e-12  2.37898e-12  2.69766e-25
1.094061411e+00  2.4365858e-12  2.43659e-12  2.43659e-12  3.27748e-25
1.099531718e+00  2.4710144e-12  2.47101e-12  2.47101e-12  3.98713e-25
1.105029377e+00  2.4899990e-12  2.49000e-12  2.49000e-12  4.85303e-25
1.110554523e+00  2.5138422e-12  2.51384e-12  2.51384e-12  5.89742e-25
1.116107296e+00  2.5503983e-12  2.55040e-12  2.55040e-12  7.14887e-25
1.121687832e+00  2.5929867e-12  2.59299e-12  2.59299e-12  8.65055e-25
1.127296272e+00  2.6320608e-12  2.63206e-12  2.63206e-12  1.04600e-24
1.132932753e+00  2.6696287e-12  2.66963e-12  2.66963e-12  1.26362e-24
1.138597417e+00  2.7004492e-12  2.70045e-12  2.70045e-12  1.52597e-24
1.144290404e+00  2.7250360e-12  2.72504e-12  2.72504e-12  1.84208e-24
1.150011856e+00  2.7447109e-12  2.74471e-12  2.74471e-12  2.22253e-24
1.155761915e+00  2.7617081e-12  2.76171e-12  2.76171e-12  2.67952e-24
1.161540725e+00  2.7812363e-12  2.78124e-12  2.78124e-12  3.22614e-24
1.167348428e+00  2.8172992e-12  2.81730e-12  2.81730e-12  3.87281e-24
1.173185171e+00  2.8250347e-12  2.82503e-12  2.82503e-12  4.65939e-24
1.179051096e+00  2.8297226e-12  2.82972e-12  2.82972e-12  5.60193e-24
1.184946352e+00  2.8741279e-12  2.87413e-12  2.87413e-12  6.69707e-24
1.190871084e+00  2.8910761e-12  2.89108e-12  2.89108e-12  8.02365e-24
1.196825439e+00  2.8901021e-12  2.89010e-12  2.89010e-12  9.62357e-24
1.202809566e+00  2.9066024e-12  2.90660e-12  2.90660e-12  1.15070e-23
1.208823614e+00  2.9177854e-12  2.91779e-12  2.91779e-12  1.37538e-23
1.214867732e+00  2.9153960e-12  2.91540e-12  2.91540e-12  1.64496e-23
1.220942071e+00  2.9417279e-12  2.94173e-12  2.94173e-12  1.95862e-23
1.227046781e+00  2.9617185e-12  2.96172e-12  2.96172e-12  2.33150e-23
1.233182015e+00  2.9729823e-12  2.97298e-12  2.97298e-12  2.77557e-23
1.239347925e+00  2.9888910e-12  2.98889e-12  2.98889e-12  3.29904e-23
1.245544665e+00  3.0038775e-12  3.00388e-12  3.00388e-12  3.91780e-23
1.251772388e+00  3.0308149e-12  3.03081e-12  3.03081e-12  4.64107e-23
1.258031250e+00  3.0467811e-12  3.04678e-12  3.04678e-12  5.49996e-23
1.264321406e+00  3.0644455e-12  3.06445e-12  3.06445e-12  6.50999e-23
1.270643013e+00  3.0838958e-12  3.08390e-12  3.08390e-12  7.69620e-23
1.276996228e+00  3.1153010e-12  3.11530e-12  3.11530e-12  9.07560e-23
1.283381209e+00  3.1435112e-12  3.14351e-12  3.14351e-12  1.06960e-22
1.289798116e+00  3.1785657e-12  3.17857e-12  3.17857e-12  1.25818e-22
1.296247106e+00  3.2149146e-12  3.21491e-12  3.21491e-12  1.47826e-22
1.302728342e+00  3.2315984e-12  3.23160e-12  3.23160e-12  1.73969e-22
1.309241983e+00  3.2559728e-12  3.25597e-12  3.25597e-12  2.04326e-22
1.315788193e+00  3.3038488e-12  3.30385e-12  3.30385e-12  2.38978e-22
1.322367134e+00  3.3547785e-12  3.35478e-12  3.35478e-12  2.79097e-22
1.328978970e+00  3.3948318e-12  3.39483e-12  3.39483e-12  3.26109e-22
1.335623865e+00  3.4402652e-12  3.44027e-12  3.44027e-12  3.80364e-22
1.342301984e+00  3.4798400e-12  3.47984e-12  3.47984e-12  4.43563e-22
1.349013494e+00  3.5134110e-12  3.51341e-12  3.51341e-12  5.17192e-22
1.355758561e+00  3.5662015e-12  3.56620e-12  3.56620e-12  6.00748e-22
1.362537354e+00  3.6221951e-12  3.62220e-12  3.62220e-12  6.96732e-22
1.369350041e+00  3.6715878e-12  3.67159e-12  3.67159e-12  8.07993e-22
1.376196791e+00  3.7113845e-12  3.71138e-12  3.71138e-12  9.37423e-22
1.383077775e+00  3.7656270e-12  3.76563e-12  3.76563e-12  1.08405e-21
1.389993164e+00  3.8237826e-12  3.82378e-12  3.82378e-12  1.25149e-21
1.396943130e+00  3.8606497e-12  3.86065e-12  3.86065e-12  1.44816e-21
1.403927846e+00  3.9240468e-12  3.92405e-12  3.92405e-12  1.66684e-21
1.410947485e+00  3.9789870e-12  3.97899e-12  3.97899e-12  1.91907e-21
1.418002222e+00  4.0307523e-12  4.03075e-12  4.03075e-12  2.20823e-21
1.425092233e+00  4.0979314e-12  4.09793e-12  4.09793e-12  2.53153e-21
1.432217694e+00  4.1620336e-12  4.16203e-12  4.16203e-12  2.90030e-21
1.439378783e+00  4.2159081e-12  4.21591e-12  4.21591e-12  3.32496e-21
1.446575677e+00  4.2793618e-12  4.27936e-12  4.27936e-12  3.80096e-21
1.453808555e+00  4.3337355e-12  4.33374e-12  4.33374e-12  4.34725e-21
1.461077598e+00  4.3916584e-12  4.39166e-12  4.39166e-12  4.96312e-21
1.468382986e+00  4.4318228e-12  4.43182e-12  4.43182e-12  5.67894e-21
1.475724901e+00  4.4963809e-12  4.49638e-12  4.49638e-12  6.46037e-21
1.483103525e+00  4.5413487e-12  4.54135e-12  4.54135e-12  7.36894e-21
1.490519043e+00  4.5978490e-12  4.59785e-12  4.59785e-12  8.37644e-21
1.497971638e+00  4.6445703e-12  4.64457e-12  4.64457e-12  9.52955e-21
1.505461496e+00  4.6842826e-12  4.68428e-12  4.68428e-12  1.08452e-20
1.512988804e+00  4.7276878e-12  4.72769e-12  4.72769e-12  1.23192e-20
1.520553748e+00  4.7700522e-12  4.77005e-12  4.77005e-12  1.39812e-20
1.528156517e+00  4.7936195e-12  4.79362e-12  4.79362e-12  1.59159e-20
1.535797299e+00  4.8417821e-12  4.84178e-12  4.84178e-12  1.80001e-20
1.543476286e+00  4.8665608e-12  4.86656e-12  4.86656e-12  2.04430e-20
1.551193667e+00  4.9245591e-12  4.92456e-12  4.92456e-12  2.30137e-20
1.558949636e+00  4.9528141e-12  4.95281e-12  4.95281e-12  2.60592e-20
1.566744384e+00  4.9848768e-12  4.98488e-12  4.98488e-12  2.94494e-20
1.574578106e+00  4.9909812e-12  4.99098e-12  4.99098e-12  3.34595e-20
1.582450996e+00  5.0133713e-12  5.01337e-12  5.01337e-12  3.78267e-20
1.590363251e+00  5.0280241e-12  5.02802e-12  5.02802e-12  4.28052e-20
1.598315067e+00  5.0270497e-12  5.02705e-12  5.02705e-12  4.85891e-20
1.606306643e+00  5.0588065e-12  5.05881e-12  5.05881e-12  5.46358e-20
1.614338176e+00  5.0458705e-12  5.04587e-12  5.04587e-12  6.21050e-20
1.622409867e+00  5.0512639e-12  5.05126e-12  5.05126e-12  7.01930e-20
1.630521916e+00  5.0614625e-12  5.06146e-12  5.06146e-12  7.91594e-20
1.638674526e+00  5.0543817e-12  5.05438e-12  5.05438e-12  8.96173e-20
1.646867898e+00  5.0439936e-12  5.04399e-12  5.04399e-12  1.01469e-19
1.655102238e+00  5.0334359e-12  5.03344e-12  5.03344e-12  1.14804e-19
1.663377749e+00  5.0256102e-12  5.02561e-12  5.02561e-12  1.29689e-19
1.671694638e+00  5.0227624e-12  5.02276e-12  5.02276e-12  1.46177e-19
1.680053111e+00  5.0144352e-12  5.01444e-12  5.01444e-12  1.64889e-19
1.688453377e+00  5.0027294e-12  5.00273e-12  5.00273e-12  1.86036e-19
1.696895643e+00  4.9934574e-12  4.99346e-12  4.99346e-12  2.09583e-19
1.705380122e+00  4.9720551e-12  4.97206e-12  4.97205e-12  2.36790e-19
1.713907022e+00  4.9511022e-12  4.95110e-12  4.95110e-12  2.67303e-19
1.722476557e+00  4.9421669e-12  4.94217e-12  4.94217e-12  3.00431e-19
1.731088940e+00  4.9269290e-12  4.92693e-12  4.92693e-12  3.38062e-19
1.739744385e+00  4.9028951e-12  4.90290e-12  4.90289e-12  3.81173e-19
1.748443107e+00  4.8846628e-12  4.88466e-12  4.88466e-12  4.28708e-19
1.757185322e+00  4.8662765e-12  4.86628e-12  4.86628e-12  4.81855e-19
1.765971249e+00  4.8390392e-12  4.83904e-12  4.83904e-12  5.42740e-19
1.774801105e+00  4.8235002e-12  4.82350e-12  4.82350e-12  6.08630e-19
1.783675111e+00  4.7983122e-12  4.79831e-12  4.79831e-12  6.84169e-19
1.792593486e+00  4.7777653e-12  4.77777e-12  4.77776e-12  7.67417e-19
1.801556454e+00  4.7429011e-12  4.74290e-12  4.74290e-12  8.64260e-19
1.810564236e+00  4.7153001e-12  4.71530e-12  4.71530e-12  9.70404e-19
1.819617057e+00  4.6884391e-12  4.68844e-12  4.68844e-12  1.08863e-18
1.828715142e+00  4.6616943e-12  4.66169e-12  4.66169e-12  1.22043e-18
1.837858718e+00  4.6388013e-12  4.63880e-12  4.63880e-12  1.36557e-18
1.847048012e+00  4.6158303e-12  4.61583e-12  4.61583e-12  1.52702e-18
1.856283252e+00  4.5914281e-12  4.59143e-12  4.59143e-12  1.70731e-18
1.865564668e+00  4.5637498e-12  4.56375e-12  4.56375e-12  1.90982e-18
1.874892491e+00  4.5380671e-12  4.53807e-12  4.53806e-12  2.13358e-18
1.884266954e+00  4.5104985e-12  4.51050e-12  4.51050e-12  2.38364e-18
1.893688289e+00  4.4854943e-12  4.48549e-12  4.48549e-12  2.65904e-18
1.903156730e+00  4.4535779e-12  4.45358e-12  4.45357e-12  2.97163e-18
1.912672514e+00  4.4239618e-12  4.42396e-12  4.42396e-12  3.31636e-18
1.922235876e+00  4.4111294e-12  4.41113e-12  4.41113e-12  3.67698e-18
1.931847056e+00  4.3782282e-12  4.37823e-12  4.37822e-12  4.10346e-18
1.941506291e+00  4.3753704e-12  4.37537e-12  4.37537e-12  4.52757e-18
1.951213822e+00  4.3367486e-12  4.33675e-12  4.33674e-12  5.05730e-18
1.960969892e+00  4.3099723e-12  4.30997e-12  4.30997e-12  5.62164e-18
1.970774741e+00  4.2841073e-12  4.28411e-12  4.28410e-12  6.24327e-18
1.980628615e+00  4.2700723e-12  4.27007e-12  4.27007e-12  6.89935e-18
1.990531758e+00  4.2416983e-12  4.24170e-12  4.24169e-12  7.66046e-18
2.000484417e+00  4.2162403e-12  4.21624e-12  4.21623e-12  8.49150e-18
2.010486839e+00  4.1860602e-12  4.18606e-12  4.18605e-12  9.42417e-18
2.020539273e+00  4.1705381e-12  4.17054e-12  4.17053e-12  1.03955e-17
2.030641969e+00  4.1461164e-12  4.14612e-12  4.14610e-12  1.14991e-17
2.040795179e+00  4.1222192e-12  4.12222e-12  4.12221e-12  1.27103e-17
2.050999155e+00  4.1082355e-12  4.10824e-12  4.10822e-12  1.39868e-17
2.061254151e+00  4.0900728e-12  4.09007e-12  4.09006e-12  1.54074e-17
2.071560421e+00  4.0614944e-12  4.06149e-12  4.06148e-12  1.70328e-17
2.081918224e+00  4.0383267e-12  4.03833e-12  4.03831e-12  1.87791e-17
2.092327815e+00  4.0177405e-12  4.01774e-12  4.01772e-12  2.06716e-17
2.102789454e+00  4.0057553e-12  4.00576e-12  4.00573e-12  2.26625e-17
2.113303401e+00  3.9819421e-12  3.98194e-12  3.98192e-12  2.49508e-17
2.123869918e+00  3.9487604e-12  3.94876e-12  3.94873e-12  2.75622e-17
2.134489268e+00  3.9400704e-12  3.94007e-12  3.94004e-12  3.01234e-17
2.145161714e+00  3.9168477e-12  3.91685e-12  3.91681e-12  3.31037e-17
2.155887523e+00  3.9047423e-12  3.90474e-12  3.90471e-12  3.61882e-17
2.166666960e+00  3.8831795e-12  3.88318e-12  3.88314e-12  3.96972e-17
2.177500295e+00  3.8722626e-12  3.87226e-12  3.87222e-12  4.33224e-17
2.188387796e+00  3.8472806e-12  3.84728e-12  3.84723e-12  4.75427e-17
2.199329735e+00  3.8286543e-12  3.82865e-12  3.82860e-12  5.20015e-17
2.210326384e+00  3.8082201e-12  3.80822e-12  3.80816e-12  5.68938e-17
2.221378016e+00  3.7891380e-12  3.78914e-12  3.78908e-12  6.21757e-17
2.232484906e+00  3.7624953e-12  3.76250e-12  3.76243e-12  6.81459e-17
2.243647331e+00  3.7509599e-12  3.75096e-12  3.75089e-12  7.41388e-17
2.254865567e+00  3.7349275e-12  3.73493e-12  3.73485e-12  8.07791e-17
2.266139895e+00  3.7169441e-12  3.71694e-12  3.71686e-12  8.80463e-17
2.277470595e+00  3.6953081e-12  3.69531e-12  3.69521e-12  9.60829e-17
2.288857948e+00  3.6729210e-12  3.67292e-12  3.67282e-12  1.04839e-16
2.300302237e+00  3.6519766e-12  3.65198e-12  3.65186e-12  1.14259e-16
2.311803748e+00  3.6297172e-12  3.62972e-12  3.62959e-12  1.24543e-16
2.323362767e+00  3.6074712e-12  3.60747e-12  3.60734e-12  1.35687e-16
2.334979581e+00  3.5910770e-12  3.59108e-12  3.59093e-12  1.47332e-16
2.346654479e+00  3.5665387e-12  3.56654e-12  3.56638e-12  1.60544e-16
2.358387751e+00  3.5424942e-12  3.54249e-12  3.54232e-12  1.74819e-16
2.370179690e+00  3.5264672e-12  3.52647e-12  3.52628e-12  1.89507e-16
2.382030589e+00  3.5055198e-12  3.50552e-12  3.50531e-12  2.05842e-16
2.393940742e+00  3.4885924e-12  3.48859e-12  3.48837e-12  2.23016e-16
2.405910445e+00  3.4641356e-12  3.46414e-12  3.46389e-12  2.42453e-16
2.417939997e+00  3.4547634e-12  3.45476e-12  3.45450e-12  2.61387e-16
2.430029697e+00  3.4276174e-12  3.42762e-12  3.42733e-12  2.84316e-16
2.442179846e+00  3.4044751e-12  3.40448e-12  3.40417e-12  3.08471e-16
2.454390745e+00  3.3743143e-12  3.37431e-12  3.37398e-12  3.35800e-16
2.466662699e+00  3.3517892e-12  3.35179e-12  3.35143e-12  3.63907e-16
2.478996012e+00  3.3322519e-12  3.33225e-12  3.33186e-12  3.93557e-16
2.491390992e+00  3.3060573e-12  3.30606e-12  3.30563e-12  4.26993e-16
2.503847947e+00  3.2795575e-12  3.27956e-12  3.27909e-12  4.63168e-16
2.516367187e+00  3.2581692e-12  3.25817e-12  3.25767e-12  5.00788e-16
2.528949023e+00  3.2372717e-12  3.23727e-12  3.23673e-12  5.41088e-16
2.541593768e+00  3.2163088e-12  3.21631e-12  3.21572e-12  5.84408e-16
2.554301737e+00  3.1959771e-12  3.19598e-12  3.19535e-12  6.30708e-16
2.567073246e+00  3.1750868e-12  3.17509e-12  3.17441e-12  6.80610e-16
2.579908612e+00  3.1535552e-12  3.15356e-12  3.15282e-12  7.34435e-16
2.592808155e+00  3.1323180e-12  3.13232e-12  3.13153e-12  7.92064e-16
2.605772196e+00  3.1107952e-12  3.11080e-12  3.10994e-12  8.54021e-16
2.618801057e+00  3.0885664e-12  3.08857e-12  3.08765e-12  9.20852e-16
2.631895062e+00  3.0662654e-12  3.06627e-12  3.06527e-12  9.92579e-16
2.645054537e+00  3.0432857e-12  3.04329e-12  3.04222e-12  1.06993e-15
2.658279810e+00  3.0203452e-12  3.02035e-12  3.01919e-12  1.15286e-15
2.671571209e+00  2.9941110e-12  2.99411e-12  2.99287e-12  1.24426e-15
2.684929065e+00  2.9564278e-12  2.95643e-12  2.95508e-12  1.35187e-15
2.698353710e+00  2.8859162e-12  2.88592e-12  2.88442e-12  1.49753e-15
2.711845479e+00  2.8116279e-12  2.81163e-12  2.80997e-12  1.66121e-15
2.725404706e+00  2.7497165e-12  2.74972e-12  2.74789e-12  1.82825e-15
2.739031730e+00  2.6819766e-12  2.68198e-12  2.67996e-12  2.01750e-15
2.752726889e+00  2.6161718e-12  2.61617e-12  2.61395e-12  2.22244e-15
2.766490523e+00  2.5656861e-12  2.56569e-12  2.56326e-12  2.42641e-15
2.780322976e+00  2.5194958e-12  2.51950e-12  2.51685e-12  2.64191e-15
2.794224591e+00  2.4775580e-12  2.47756e-12  2.47469e-12  2.86896e-15
2.808195713e+00  2.4470097e-12  2.44701e-12  2.44391e-12  3.09553e-15
2.822236692e+00  2.4286257e-12  2.42863e-12  2.42531e-12  3.31712e-15
2.836347875e+00  2.4058326e-12  2.40583e-12  2.40227e-12  3.56189e-15
2.850529615e+00  2.3879378e-12  2.38794e-12  2.38412e-12  3.81325e-15
2.864782263e+00  2.3699546e-12  2.36995e-12  2.36587e-12  4.08114e-15
2.879106174e+00  2.3519714e-12  2.35197e-12  2.34761e-12  4.36636e-15
2.893501705e+00  2.3348131e-12  2.33481e-12  2.33015e-12  4.66777e-15
2.907969214e+00  2.3183015e-12  2.31830e-12  2.31332e-12  4.98646e-15
2.922509060e+00  2.3024657e-12  2.30247e-12  2.29714e-12  5.32304e-15
2.937121605e+00  2.2868523e-12  2.28685e-12  2.28117e-12  5.67965e-15
2.951807213e+00  2.2731714e-12  2.27317e-12  2.26712e-12  6.05128e-15
2.966566249e+00  2.2604332e-12  2.26043e-12  2.25399e-12  6.44136e-15
2.981399080e+00  2.2487755e-12  2.24878e-12  2.24193e-12  6.84968e-15
2.996306076e+00  2.2380979e-12  2.23810e-12  2.23082e-12  7.27687e-15
3.011287606e+00  2.2268370e-12  2.22684e-12  2.21911e-12  7.73046e-15
3.026344044e+00  2.2151623e-12  2.21516e-12  2.20695e-12  8.21135e-15
3.041475764e+00  2.2027069e-12  2.20271e-12  2.19398e-12  8.72321e-15
3.056683143e+00  2.1888526e-12  2.18885e-12  2.17958e-12  9.27184e-15
3.071966559e+00  2.1738607e-12  2.17386e-12  2.16400e-12  9.85884e-15
3.087326392e+00  2.1589483e-12  2.15895e-12  2.14847e-12  1.04792e-14
3.102763024e+00  2.1456245e-12  2.14562e-12  2.13450e-12  1.11239e-14
3.118276839e+00  2.1336361e-12  2.13364e-12  2.12184e-12  1.17942e-14
3.133868223e+00  2.1219424e-12  2.12194e-12  2.10944e-12  1.24983e-14
3.149537564e+00  2.1103246e-12  2.11032e-12  2.09709e-12  1.32394e-14
3.165285252e+00  2.0987138e-12  2.09871e-12  2.08469e-12  1.40198e-14
3.181111678e+00  2.0875366e-12  2.08754e-12  2.07270e-12  1.48370e-14
3.197017237e+00  2.0763669e-12  2.07637e-12  2.06067e-12  1.56967e-14
3.213002323e+00  2.0646194e-12  2.06462e-12  2.04801e-12  1.66076e-14
3.229067334e+00  2.0528629e-12  2.05286e-12  2.03530e-12  1.75660e-14
3.245212671e+00  2.0405233e-12  2.04052e-12  2.02194e-12  1.85818e-14
3.261438734e+00  2.0270127e-12  2.02701e-12  2.00735e-12  1.96673e-14
3.277745928e+00  2.0127353e-12  2.01274e-12  1.99191e-12  2.08223e-14
3.294134658e+00  1.9971201e-12  1.99712e-12  1.97506e-12  2.20611e-14
3.310605331e+00  1.9797161e-12  1.97972e-12  1.95632e-12  2.33991e-14
3.327158358e+00  1.9617520e-12  1.96175e-12  1.93693e-12  2.48235e-14
3.343794149e+00  1.9421214e-12  1.94212e-12  1.91576e-12  2.63624e-14
3.360513120e+00  1.9194393e-12  1.91944e-12  1.89138e-12  2.80556e-14
3.377315686e+00  1.8961782e-12  1.89618e-12  1.86631e-12  2.98661e-14
3.394202264e+00  1.8811925e-12  1.88119e-12  1.84960e-12  3.15932e-14
3.411173276e+00  1.8559681e-12  1.85597e-12  1.82230e-12  3.36724e-14
3.428229142e+00  1.8506982e-12  1.85070e-12  1.81535e-12  3.53473e-14
3.445370288e+00  1.8467552e-12  1.84676e-12  1.80970e-12  3.70550e-14
3.462597139e+00  1.8358236e-12  1.83582e-12  1.79678e-12  3.90442e-14
3.479910125e+00  1.8187121e-12  1.81871e-12  1.77738e-12  4.13326e-14
3.497309675e+00  1.7988432e-12  1.79884e-12  1.75500e-12  4.38452e-14
3.514796224e+00  1.7918277e-12  1.79183e-12  1.74580e-12  4.60326e-14
3.532370205e+00  1.7830921e-12  1.78309e-12  1.73471e-12  4.83840e-14
3.550032056e+00  1.7694510e-12  1.76945e-12  1.71840e-12  5.10494e-14
3.567782216e+00  1.7549332e-12  1.75493e-12  1.70104e-12  5.38940e-14
3.585621127e+00  1.7397203e-12  1.73972e-12  1.68280e-12  5.69244e-14
3.603549233e+00  1.7237936e-12  1.72379e-12  1.66364e-12  6.01564e-14
3.621566979e+00  1.7071098e-12  1.70711e-12  1.64350e-12  6.36086e-14
3.639674814e+00  1.6902825e-12  1.69028e-12  1.62302e-12  6.72644e-14
3.657873188e+00  1.6741958e-12  1.67420e-12  1.60311e-12  7.10838e-14
3.676162554e+00  1.6587377e-12  1.65874e-12  1.58366e-12  7.50783e-14
3.694543367e+00  1.6421991e-12  1.64220e-12  1.56283e-12  7.93701e-14
3.713016084e+00  1.6253144e-12  1.62531e-12  1.54138e-12  8.39334e-14
3.731581164e+00  1.6089910e-12  1.60899e-12  1.52027e-12  8.87185e-14
3.750239070e+00  1.5929293e-12  1.59293e-12  1.49917e-12  9.37589e-14
3.768990265e+00  1.5767955e-12  1.57680e-12  1.47770e-12  9.90973e-14
3.787835216e+00  1.5611128e-12  1.56111e-12  1.45641e-12  1.04706e-13
3.806774393e+00  1.5462085e-12  1.54621e-12  1.43564e-12  1.10565e-13
3.825808265e+00  1.5330890e-12  1.53309e-12  1.41651e-12  1.16576e-13
3.844937306e+00  1.5223022e-12  1.52230e-12  1.39963e-12  1.22668e-13
3.864161992e+00  1.5127523e-12  1.51275e-12  1.38381e-12  1.28943e-13
3.883482802e+00  1.5037239e-12  1.50372e-12  1.36824e-12  1.35484e-13
3.902900216e+00  1.4949277e-12  1.49493e-12  1.35259e-12  1.42339e-13
3.922414717e+00  1.4859812e-12  1.48598e-12  1.33640e-12  1.49578e-13
3.942026791e+00  1.4765278e-12  1.47653e-12  1.31924e-12  1.57285e-13
3.961736925e+00  1.4656770e-12  1.46568e-12  1.30004e-12  1.65642e-13
3.981545610e+00  1.4529213e-12  1.45292e-12  1.27811e-12  1.74807e-13
4.001453338e+00  1.4391537e-12  1.43915e-12  1.25444e-12  1.84718e-13
4.021460604e+00  1.4305398e-12  1.43054e-12  1.23627e-12  1.94268e-13
4.041567907e+00  1.4294868e-12  1.42949e-12  1.22666e-12  2.02825e-13
4.061775747e+00  1.4280827e-12  1.42808e-12  1.21623e-12  2.11856e-13
4.082084626e+00  1.4240407e-12  1.42404e-12  1.20211e-12  2.21933e-13
4.102495049e+00  1.4184460e-12  1.41845e-12  1.18551e-12  2.32938e-13
4.123007524e+00  1.4126112e-12  1.41261e-12  1.16797e-12  2.44646e-13
4.143622562e+00  1.4073160e-12  1.40732e-12  1.15041e-12  2.56904e-13
4.164340674e+00  1.4024809e-12  1.40248e-12  1.13271e-12  2.69766e-13
4.185162378e+00  1.3977430e-12  1.39774e-12  1.11435e-12  2.83389e-13
4.206088190e+00  1.3940284e-12  1.39403e-12  1.09650e-12  2.97524e-13
4.227118631e+00  1.3919639e-12  1.39196e-12  1.08001e-12  3.11953e-13
4.248254224e+00  1.3891951e-12  1.38920e-12  1.06164e-12  3.27560e-13
4.269495495e+00  1.3874829e-12  1.38748e-12  1.04372e-12  3.43758e-13
4.290842972e+00  1.3874528e-12  1.38745e-12  1.02717e-12  3.60283e-13
4.312297187e+00  1.3879248e-12  1.38792e-12  1.01027e-12  3.77659e-13
4.333858673e+00  1.3891101e-12  1.38911e-12  9.93263e-13  3.95847e-13
4.355527967e+00  1.3910634e-12  1.39106e-12  9.76188e-13  4.14875e-13
4.377305606e+00  1.3938649e-12  1.39386e-12  9.59110e-13  4.34755e-13
4.399192134e+00  1.3978706e-12  1.39787e-12  9.42556e-13  4.55315e-13
4.421188095e+00  1.4029468e-12  1.40295e-12  9.26288e-13  4.76659e-13
4.443294036e+00  1.4093453e-12  1.40935e-12  9.10715e-13  4.98630e-13
4.465510506e+00  1.4167389e-12  1.41674e-12  8.95249e-13  5.21490e-13
4.487838058e+00  1.4246878e-12  1.42469e-12  8.78997e-13  5.45690e-13
4.510277249e+00  1.4335878e-12  1.43359e-12  8.62566e-13  5.71022e-13
4.532828635e+00  1.4438803e-12  1.44388e-12  8.46762e-13  5.97118e-13
4.555492778e+00  1.4551870e-12  1.45519e-12  8.30761e-13  6.24426e-13
4.578270242e+00  1.4673747e-12  1.46737e-12  8.14119e-13  6.53256e-13
4.601161593e+00  1.4813821e-12  1.48138e-12  7.98918e-13  6.82464e-13
4.624167401e+00  1.4967996e-12  1.49680e-12  7.84258e-13  7.12541e-13
4.647288238e+00  1.5136569e-12  1.51366e-12  7.70223e-13  7.43434e-13
4.670524679e+00  1.5317822e-12  1.53178e-12  7.56307e-13  7.75475e-13
4.693877303e+00  1.5509372e-12  1.55094e-12  7.41568e-13  8.09369e-13
4.717346689e+00  1.5715359e-12  1.57154e-12  7.27132e-13  8.44404e-13
4.740933423e+00  1.5935935e-12  1.59359e-12  7.12975e-13  8.80618e-13
4.764638090e+00  1.6167475e-12  1.61675e-12  6.97076e-13  9.19672e-13
4.788461280e+00  1.6412258e-12  1.64123e-12  6.79373e-13  9.61853e-13
4.812403587e+00  1.6670926e-12  1.66709e-12  6.58205e-13  1.00889e-12
4.836465604e+00  1.6946158e-12  1.69462e-12  6.31054e-13  1.06356e-12
4.860647933e+00  1.7243284e-12  1.72433e-12  5.91189e-13  1.13314e-12
4.884951172e+00  1.7579443e-12  1.75794e-12  5.22153e-13  1.23579e-12
4.909375928e+00  1.7979780e-12  1.79798e-12  4.55835e-13  1.34214e-12
4.933922808e+00  1.8425034e-12  1.84250e-12  4.13554e-13  1.42895e-12
4.958592422e+00  1.8881273e-12  1.88813e-12  3.98284e-13  1.48984e-12
4.983385384e+00  1.9313892e-12  1.93139e-12  4.08998e-13  1.52239e-12
5.008302311e+00  1.9748367e-12  1.97484e-12  4.18437e-13  1.55640e-12
5.033343822e+00  2.0201890e-12  2.02019e-12  4.21026e-13  1.59916e-12
5.058510541e+00  2.0682614e-12  2.06826e-12  4.17435e-13  1.65083e-12
5.083803094e+00  2.1202014e-12  2.12020e-12  4.07300e-13  1.71290e-12
5.109222110e+00  2.1765540e-12  2.17655e-12  3.91942e-13  1.78461e-12
5.134768220e+00  2.2373590e-12  2.23736e-12  3.73225e-13  1.86413e-12
5.160442061e+00  2.3028201e-12  2.30282e-12  3.52035e-13  1.95078e-12
5.186244272e+00  2.3716647e-12  2.37166e-12  3.31325e-13  2.04034e-12
5.212175493e+00  2.4436704e-12  2.44367e-12  3.11477e-13  2.13219e-12
5.238236370e+00  2.5109899e-12  2.51099e-12  3.02744e-13  2.20825e-12
5.264427552e+00  2.5749505e-12  2.57495e-12  3.00908e-13  2.27404e-12
5.290749690e+00  2.6415287e-12  2.64153e-12  2.97780e-13  2.34375e-12
5.317203438e+00  2.7129518e-12  2.71295e-12  2.91392e-13  2.42156e-12
5.343789456e+00  2.7905232e-12  2.79052e-12  2.81243e-13  2.50928e-12
5.370508403e+00  2.8764419e-12  2.87644e-12  2.66227e-13  2.61021e-12
5.397360945e+00  2.9652750e-12  2.96528e-12  2.51863e-13  2.71341e-12
5.424347750e+00  3.0611060e-12  3.06111e-12  2.34974e-13  2.82613e-12
5.451469488e+00  3.1525219e-12  3.15252e-12  2.24352e-13  2.92817e-12
5.478726836e+00  3.2346208e-12  3.23462e-12  2.22267e-13  3.01235e-12
5.506120470e+00  3.3163888e-12  3.31639e-12  2.21541e-13  3.09485e-12
5.533651072e+00  3.4076379e-12  3.40764e-12  2.16060e-13  3.19158e-12
5.561319328e+00  3.5183397e-12  3.51834e-12  2.00974e-13  3.31737e-12
5.589125924e+00  3.6580300e-12  3.65803e-12  1.72774e-13  3.48526e-12
5.617071554e+00  3.7874785e-12  3.78748e-12  1.53531e-13  3.63395e-12
5.645156912e+00  3.8785951e-12  3.87860e-12  1.55489e-13  3.72311e-12
5.673382696e+00  3.9428504e-12  3.94285e-12  1.70265e-13  3.77259e-12
5.701749610e+00  3.9944888e-12  3.99449e-12  1.89757e-13  3.80473e-12
5.730258358e+00  4.0466206e-12  4.04662e-12  2.07803e-13  3.83882e-12
5.758909650e+00  4.1174581e-12  4.11746e-12  2.17375e-13  3.90008e-12
5.787704198e+00  4.2234632e-12  4.22346e-12  2.13428e-13  4.01003e-12
5.816642719e+00  4.3420603e-12  4.34206e-12  2.05857e-13  4.13620e-12
5.845725932e+00  4.4609421e-12  4.46094e-12  1.99364e-13  4.26158e-12
5.874954562e+00  4.5804932e-12  4.58049e-12  1.93705e-13  4.38679e-12
5.904329335e+00  4.6896938e-12  4.68969e-12  1.92226e-13  4.49747e-12
5.933850982e+00  4.8056832e-12  4.80568e-12  1.89294e-13  4.61639e-12
5.963520237e+00  4.9430416e-12  4.94304e-12  1.80938e-13  4.76210e-12
5.993337838e+00  5.0789856e-12  5.07899e-12  1.74075e-13  4.90491e-12
6.023304527e+00  5.1456373e-12  5.14564e-12  1.86346e-13  4.95929e-12
6.053421050e+00  5.0920456e-12  5.09205e-12  2.28255e-13  4.86379e-12
6.083688155e+00  5.0455275e-12  5.04553e-12  2.65450e-13  4.78008e-12
6.114106596e+00  5.0470561e-12  5.04706e-12  2.88855e-13  4.75820e-12
6.144677129e+00  5.1036435e-12  5.10364e-12  2.98403e-13  4.80524e-12
6.175400514e+00  5.1972651e-12  5.19727e-12  2.99483e-13  4.89778e-12
6.206277517e+00  5.3112822e-12  5.31128e-12  2.96459e-13  5.01482e-12
6.237308904e+00  5.4391411e-12  5.43914e-12  2.91085e-13  5.14806e-12
6.268495449e+00  5.5694425e-12  5.56944e-12  2.85805e-13  5.28364e-12
6.299837926e+00  5.6821073e-12  5.68211e-12  2.84310e-13  5.39780e-12
6.331337116e+00  5.7764279e-12  5.77643e-12  2.86325e-13  5.49010e-12
6.362993801e+00  5.8873951e-12  5.88740e-12  2.85488e-13  5.60191e-12
6.394808770e+00  6.0162011e-12  6.01620e-12  2.81898e-13  5.73430e-12
6.426782814e+00  6.1369369e-12  6.13694e-12  2.79962e-13  5.85697e-12
6.458916728e+00  6.2637610e-12  6.26376e-12  2.77339e-13  5.98642e-12
6.491211312e+00  6.3961650e-12  6.39616e-12  2.74175e-13  6.12199e-12
6.523667368e+00  6.5323789e-12  6.53238e-12  2.70780e-13  6.26160e-12
6.556285705e+00  6.6584841e-12  6.65848e-12  2.69105e-13  6.38938e-12
6.589067134e+00  6.7850249e-12  6.78502e-12  2.67572e-13  6.51745e-12
6.622012469e+00  6.9282798e-12  6.92828e-12  2.64062e-13  6.66422e-12
6.655122532e+00  7.0984073e-12  7.09841e-12  2.57498e-13  6.84091e-12
6.688398144e+00  7.2948795e-12  7.29488e-12  2.48246e-13  7.04663e-12
6.721840135e+00  7.5132253e-12  7.51323e-12  2.37098e-13  7.27613e-12
6.755449336e+00  7.7499111e-12  7.74991e-12  2.24653e-13  7.52526e-12
6.789226583e+00  7.9727057e-12  7.97271e-12  2.14591e-13  7.75812e-12
6.823172715e+00  8.1508113e-12  8.15081e-12  2.09981e-13  7.94083e-12
6.857288579e+00  8.3040761e-12  8.30408e-12  2.08290e-13  8.09579e-12
6.891575022e+00  8.4785941e-12  8.47859e-12  2.04653e-13  8.27394e-12
6.926032897e+00  8.7007150e-12  8.70072e-12  1.96698e-13  8.50402e-12
6.960663062e+00  8.9390043e-12  8.93900e-12  1.87770e-13  8.75123e-12
6.995466377e+00  9.1986423e-12  9.19864e-12  1.77498e-13  9.02114e-12
7.030443709e+00  9.4779968e-12  9.47800e-12  1.66160e-13  9.31184e-12
7.065595927e+00  9.7003923e-12  9.70039e-12  1.60436e-13  9.53996e-12
7.100923907e+00  9.8860554e-12  9.88606e-12  1.58168e-13  9.72789e-12
7.136428526e+00  1.0092909e-11  1.00929e-11  1.54384e-13  9.93853e-12
7.172110669e+00  1.0325850e-11  1.03259e-11  1.48832e-13  1.01770e-11
7.207971222e+00  1.0557949e-11  1.05579e-11  1.43720e-13  1.04142e-11
7.244011079e+00  1.0768174e-11  1.07682e-11  1.40572e-13  1.06276e-11
7.280231134e+00  1.0973780e-11  1.09738e-11  1.37988e-13  1.08358e-11
7.316632290e+00  1.1226694e-11  1.12267e-11  1.32293e-13  1.10944e-11
7.353215451e+00  1.1508628e-11  1.15086e-11  1.24990e-13  1.13836e-11
7.389981528e+00  1.1785987e-11  1.17860e-11  1.18438e-13  1.16675e-11
7.426931436e+00  1.2062784e-11  1.20628e-11  1.12329e-13  1.19505e-11
7.464066093e+00  1.2345345e-11  1.23453e-11  1.06237e-13  1.22391e-11
7.501386424e+00  1.2621225e-11  1.26212e-11  1.00925e-13  1.25203e-11
7.538893356e+00  1.2877346e-11  1.28773e-11  9.71130e-14  1.27802e-11
7.576587822e+00  1.3108648e-11  1.31086e-11  9.49778e-14  1.30137e-11
7.614470762e+00  1.3308085e-11  1.33081e-11  9.47857e-14  1.32133e-11
7.652543115e+00  1.3506059e-11  1.35061e-11  9.47231e-14  1.34113e-11
7.690805831e+00  1.3723720e-11  1.37237e-11  9.36516e-14  1.36301e-11
7.729259860e+00  1.3962002e-11  1.39620e-11  9.15988e-14  1.38704e-11
7.767906159e+00  1.4221998e-11  1.42220e-11  8.85839e-14  1.41334e-11
7.806745690e+00  1.4475290e-11  1.44753e-11  8.60804e-14  1.43892e-11
7.845779419e+00  1.4706925e-11  1.47069e-11  8.47691e-14  1.46222e-11
7.885008316e+00  1.4946207e-11  1.49462e-11  8.31900e-14  1.48630e-11
7.924433357e+00  1.5203626e-11  1.52036e-11  8.08841e-14  1.51227e-11
7.964055524e+00  1.5471855e-11  1.54719e-11  7.82312e-14  1.53936e-11
8.003875802e+00  1.5765012e-11  1.57650e-11  7.46449e-14  1.56904e-11
8.043895181e+00  1.6077145e-11  1.60771e-11  7.04469e-14  1.60067e-11
8.084114657e+00  1.6406719e-11  1.64067e-11  6.57476e-14  1.63410e-11
8.124535230e+00  1.6744516e-11  1.67445e-11  6.09581e-14  1.66836e-11
8.165157906e+00  1.7075741e-11  1.70757e-11  5.66711e-14  1.70191e-11
8.205983696e+00  1.7391392e-11  1.73914e-11  5.32005e-14  1.73382e-11
8.247013614e+00  1.7679390e-11  1.76794e-11  5.09449e-14  1.76284e-11
8.288248682e+00  1.7956593e-11  1.79566e-11  4.92034e-14  1.79074e-11
8.329689926e+00  1.8248842e-11  1.82488e-11  4.70162e-14  1.82018e-11
8.371338375e+00  1.8561644e-11  1.85616e-11  4.42218e-14  1.85174e-11
8.413195067e+00  1.8874759e-11  1.88748e-11  4.15540e-14  1.88332e-11
8.455261042e+00  1.9175641e-11  1.91756e-11  3.94244e-14  1.91362e-11
8.497537348e+00  1.9465836e-11  1.94658e-11  3.77471e-14  1.94281e-11
8.540025034e+00  1.9757937e-11  1.97579e-11  3.60906e-14  1.97218e-11
8.582725160e+00  2.0062988e-11  2.00630e-11  3.41094e-14  2.00289e-11
8.625638785e+00  2.0373082e-11  2.03731e-11  3.20664e-14  2.03410e-11
8.668766979e+00  2.0687876e-11  2.06879e-11  2.99762e-14  2.06579e-11
8.712110814e+00  2.0999536e-11  2.09995e-11  2.80709e-14  2.09715e-11
8.755671368e+00  2.1311278e-11  2.13113e-11  2.62473e-14  2.12850e-11
8.799449725e+00  2.1614891e-11  2.16149e-11  2.47295e-14  2.15902e-11
8.843446974e+00  2.1899536e-11  2.18995e-11  2.37941e-14  2.18757e-11
8.887664209e+00  2.2145331e-11  2.21453e-11  2.39350e-14  2.21214e-11
8.932102530e+00  2.2348943e-11  2.23489e-11  2.51701e-14  2.23238e-11
8.976763042e+00  2.2494077e-11  2.24941e-11  2.78460e-14  2.24662e-11
9.021646857e+00  2.2532547e-11  2.25325e-11  3.30771e-14  2.24995e-11
9.066755092e+00  2.2462489e-11  2.24625e-11  4.07458e-14  2.24217e-11
9.112088867e+00  2.2275220e-11  2.22752e-11  5.09036e-14  2.22243e-11
9.157649312e+00  2.1973880e-11  2.19739e-11  6.33150e-14  2.19106e-11
9.203437558e+00  2.1643581e-11  2.16436e-11  7.58693e-14  2.15677e-11
9.249454746e+00  2.1225817e-11  2.12258e-11  8.98678e-14  2.11359e-11
9.295702020e+00  2.0636823e-11  2.06368e-11  1.07065e-13  2.05298e-11
9.342180530e+00  2.0168478e-11  2.01685e-11  1.20926e-13  2.00476e-11
9.388891432e+00  2.0119759e-11  2.01198e-11  1.25277e-13  1.99945e-11
9.435835890e+00  2.0304128e-11  2.03041e-11  1.24559e-13  2.01796e-11
9.483015069e+00  2.0504628e-11  2.05046e-11  1.23498e-13  2.03811e-11
9.530430144e+00  2.0698355e-11  2.06984e-11  1.22571e-13  2.05758e-11
9.578082295e+00  2.0921463e-11  2.09215e-11  1.21061e-13  2.08004e-11
9.625972707e+00  2.1146122e-11  2.11461e-11  1.19538e-13  2.10266e-11
9.674102570e+00  2.1330867e-11  2.13309e-11  1.18784e-13  2.12121e-11
9.722473083e+00  2.1482951e-11  2.14830e-11  1.18622e-13  2.13643e-11
9.771085448e+00  2.1611075e-11  2.16111e-11  1.18860e-13  2.14922e-11
9.819940876e+00  2.1717064e-11  2.17171e-11  1.19441e-13  2.15976e-11
9.869040580e+00  2.1853572e-11  2.18536e-11  1.19424e-13  2.17341e-11
9.918385783e+00  2.2011834e-11  2.20118e-11  1.18990e-13  2.18928e-11
9.967977712e+00  2.2182715e-11  2.21827e-11  1.18317e-13  2.20644e-11
1.001781760e+01  2.2314411e-11  2.23144e-11  1.18274e-13  2.21961e-11
1.006790669e+01  2.2216949e-11  2.22169e-11  1.21914e-13  2.20950e-11
1.011824622e+01  2.1663786e-11  2.16638e-11  1.32653e-13  2.15311e-11
1.016883745e+01  2.1438314e-11  2.14383e-11  1.37825e-13  2.13005e-11
1.021968164e+01  2.2341606e-11  2.23416e-11  1.25391e-13  2.22162e-11
1.027078005e+01  2.3351297e-11  2.33513e-11  1.11743e-13  2.32396e-11
1.032213395e+01  2.3725993e-11  2.37260e-11  1.07964e-13  2.36180e-11
1.037374462e+01  2.3363025e-11  2.33630e-11  1.15039e-13  2.32480e-11
1.042561334e+01  2.2459804e-11  2.24598e-11  1.29573e-13  2.23302e-11
1.047774141e+01  2.0249607e-11  2.02496e-11  1.61976e-13  2.00876e-11
1.053013012e+01  1.9206744e-11  1.92067e-11  1.77054e-13  1.90297e-11
1.058278077e+01  1.9274650e-11  1.92747e-11  1.76447e-13  1.90982e-11
1.063569467e+01  1.9595266e-11  1.95953e-11  1.72426e-13  1.94228e-11
1.068887314e+01  2.0021998e-11  2.00220e-11  1.67092e-13  1.98549e-11
1.074231751e+01  2.0508673e-11  2.05087e-11  1.61110e-13  2.03476e-11
1.079602910e+01  2.0969270e-11  2.09693e-11  1.55608e-13  2.08137e-11
1.085000924e+01  2.1538134e-11  2.15381e-11  1.48884e-13  2.13893e-11
1.090425929e+01  2.2083055e-11  2.20831e-11  1.42628e-13  2.19404e-11
1.095878058e+01  2.2563440e-11  2.25634e-11  1.37311e-13  2.24261e-11
1.101357449e+01  2.3011818e-11  2.30118e-11  1.32502e-13  2.28793e-11
1.106864236e+01  2.3388637e-11  2.33886e-11  1.28641e-13  2.32600e-11
1.112398557e+01  2.3820917e-11  2.38209e-11  1.24222e-13  2.36967e-11
1.117960550e+01  2.4255952e-11  2.42560e-11  1.19870e-13  2.41361e-11
1.123550353e+01  2.4681884e-11  2.46819e-11  1.15716e-13  2.45662e-11
1.129168104e+01  2.5194017e-11  2.51940e-11  1.10706e-13  2.50833e-11
1.134813945e+01  2.5929083e-11  2.59291e-11  1.03402e-13  2.58257e-11
1.140488015e+01  2.6854395e-11  2.68544e-11  9.42629e-14  2.67601e-11
1.146190455e+01  2.7930583e-11  2.79306e-11  8.37878e-14  2.78468e-11
1.151921407e+01  2.9250235e-11  2.92502e-11  7.10871e-14  2.91791e-11
1.157681014e+01  3.0634545e-11  3.06345e-11  5.80833e-14  3.05765e-11
1.163469419e+01  3.1615050e-11  3.16151e-11  4.94813e-14  3.15656e-11
1.169286766e+01  3.2239588e-11  3.22396e-11  4.46155e-14  3.21950e-11
1.175133200e+01  3.2812267e-11  3.28123e-11  4.03696e-14  3.27719e-11
1.181008866e+01  3.3339046e-11  3.33390e-11  3.66605e-14  3.33024e-11
1.186913910e+01  3.3303644e-11  3.33036e-11  3.83285e-14  3.32653e-11
1.192848480e+01  3.3236946e-11  3.32369e-11  4.02106e-14  3.31967e-11
1.198812722e+01  3.3540830e-11  3.35408e-11  3.86214e-14  3.35022e-11
1.204806786e+01  3.3968402e-11  3.39684e-11  3.59365e-14  3.39325e-11
1.210830820e+01  3.4356296e-11  3.43563e-11  3.36544e-14  3.43226e-11
1.216884974e+01  3.4700790e-11  3.47008e-11  3.17912e-14  3.46690e-11
1.222969399e+01  3.5042034e-11  3.50420e-11  2.99830e-14  3.50121e-11
1.229084246e+01  3.5340792e-11  3.53408e-11  2.85617e-14  3.53122e-11
1.235229667e+01  3.5582529e-11  3.55825e-11  2.76334e-14  3.55549e-11
1.241405815e+01  3.5803599e-11  3.58036e-11  2.68768e-14  3.57767e-11
1.247612845e+01  3.6010710e-11  3.60107e-11  2.62303e-14  3.59845e-11
1.253850909e+01  3.6210701e-11  3.62107e-11  2.56344e-14  3.61851e-11
1.260120163e+01  3.6400336e-11  3.64003e-11  2.51127e-14  3.63752e-11
1.266420764e+01  3.6585394e-11  3.65854e-11  2.46170e-14  3.65608e-11
1.272752868e+01  3.6767402e-11  3.67674e-11  2.41345e-14  3.67433e-11
1.279116632e+01  3.6944339e-11  3.69443e-11  2.36800e-14  3.69207e-11
1.285512215e+01  3.7116548e-11  3.71165e-11  2.32499e-14  3.70933e-11
1.291939776e+01  3.7289185e-11  3.72892e-11  2.28049e-14  3.72664e-11
1.298399475e+01  3.7468699e-11  3.74687e-11  2.22985e-14  3.74464e-11
1.304891473e+01  3.7653153e-11  3.76532e-11  2.17472e-14  3.76314e-11
1.311415930e+01  3.7841390e-11  3.78414e-11  2.11609e-14  3.78202e-11
1.317973010e+01  3.8033045e-11  3.80330e-11  2.05437e-14  3.80125e-11
1.324562875e+01  3.8224074e-11  3.82241e-11  1.99248e-14  3.82041e-11
1.331185689e+01  3.8405868e-11  3.84059e-11  1.93635e-14  3.83865e-11
1.337841618e+01  3.8583674e-11  3.85837e-11  1.88221e-14  3.85649e-11
1.344530826e+01  3.8760753e-11  3.87608e-11  1.82781e-14  3.87425e-11
1.351253480e+01  3.8932963e-11  3.89330e-11  1.77591e-14  3.89152e-11
1.358009747e+01  3.9109802e-11  3.91098e-11  1.72022e-14  3.90926e-11
1.364799796e+01  3.9292979e-11  3.92930e-11  1.65981e-14  3.92764e-11
1.371623795e+01  3.9469195e-11  3.94692e-11  1.60330e-14  3.94532e-11
1.378481914e+01  3.9635462e-11  3.96355e-11  1.55243e-14  3.96199e-11
1.385374323e+01  3.9827785e-11  3.98278e-11  1.48470e-14  3.98129e-11
1.392301195e+01  4.0016502e-11  4.00165e-11  1.41888e-14  4.00023e-11
1.399262701e+01  4.0202425e-11  4.02024e-11  1.35443e-14  4.01889e-11
1.406259015e+01  4.0383835e-11  4.03838e-11  1.29233e-14  4.03709e-11
1.413290310e+01  4.0557729e-11  4.05577e-11  1.23428e-14  4.05454e-11
1.420356761e+01  4.0710024e-11  4.07100e-11  1.18838e-14  4.06981e-11
1.427458545e+01  4.0865275e-11  4.08653e-11  1.14003e-14  4.08539e-11
1.434595838e+01  4.1042291e-11  4.10423e-11  1.07863e-14  4.10315e-11
1.441768817e+01  4.1210838e-11  4.12108e-11  1.02167e-14  4.12006e-11
1.448977661e+01  4.1376004e-11  4.13760e-11  9.66160e-15  4.13663e-11
1.456222549e+01  4.1509413e-11  4.15094e-11  9.27683e-15  4.15001e-11
1.463503662e+01  4.1644885e-11  4.16449e-11  8.87273e-15  4.16360e-11
1.470821180e+01  4.1783297e-11  4.17833e-11  8.44529e-15  4.17749e-11
1.478175286e+01  4.1912144e-11  4.19121e-11  8.06191e-15  4.19041e-11
1.485566163e+01  4.2022291e-11  4.20223e-11  7.76920e-15  4.20145e-11
1.492993994e+01  4.2105851e-11  4.21059e-11  7.60525e-15  4.20982e-11
1.500458964e+01  4.2152723e-11  4.21527e-11  7.61779e-15  4.21451e-11
1.507961258e+01  4.2161017e-11  4.21610e-11  7.81067e-15  4.21532e-11
1.515501065e+01  4.2113176e-11  4.21132e-11  8.26633e-15  4.21049e-11
1.523078570e+01  4.1913524e-11  4.19135e-11  9.45221e-15  4.19041e-11
1.530693963e+01  4.1557591e-11  4.15576e-11  1.13667e-14  4.15462e-11
1.538347433e+01  4.1214893e-11  4.12149e-11  1.31608e-14  4.12017e-11
1.546039170e+01  4.0754315e-11  4.07543e-11  1.54699e-14  4.07388e-11
1.553769366e+01  4.0134840e-11  4.01348e-11  1.84728e-14  4.01164e-11
1.561538212e+01  3.9738451e-11  3.97385e-11  2.03460e-14  3.97181e-11
1.569345903e+01  3.9381600e-11  3.93816e-11  2.19811e-14  3.93596e-11
1.577192633e+01  3.9060105e-11  3.90601e-11  2.34047e-14  3.90367e-11
1.585078596e+01  3.8943394e-11  3.89434e-11  2.38488e-14  3.89195e-11
1.593003989e+01  3.8916745e-11  3.89167e-11  2.38623e-14  3.88929e-11
1.600969009e+01  3.8971580e-11  3.89716e-11  2.34969e-14  3.89481e-11
1.608973854e+01  3.9088250e-11  3.90882e-11  2.28512e-14  3.90654e-11
1.617018723e+01  3.9328125e-11  3.93281e-11  2.16646e-14  3.93065e-11
1.625103817e+01  3.9554688e-11  3.95547e-11  2.05464e-14  3.95341e-11
1.633229336e+01  3.9842884e-11  3.98429e-11  1.91724e-14  3.98237e-11
1.641395483e+01  4.0139359e-11  4.01394e-11  1.77776e-14  4.01216e-11
1.649602460e+01  4.0390232e-11  4.03902e-11  1.65901e-14  4.03736e-11
1.657850473e+01  4.0729207e-11  4.07292e-11  1.50457e-14  4.07142e-11
1.666139725e+01  4.0931983e-11  4.09320e-11  1.40824e-14  4.09179e-11
1.674470424e+01  4.1197636e-11  4.11976e-11  1.28684e-14  4.11848e-11
1.682842776e+01  4.1370262e-11  4.13703e-11  1.20435e-14  4.13582e-11
1.691256990e+01  4.1458227e-11  4.14582e-11  1.15631e-14  4.14467e-11
1.699713274e+01  4.1406344e-11  4.14063e-11  1.16371e-14  4.13947e-11
1.708211841e+01  4.1178475e-11  4.11785e-11  1.23924e-14  4.11661e-11
1.716752900e+01  4.0853764e-11  4.08538e-11  1.35010e-14  4.08403e-11
1.725336665e+01  4.0382043e-11  4.03820e-11  1.51472e-14  4.03669e-11
1.733963348e+01  3.9849990e-11  3.98500e-11  1.69837e-14  3.98330e-11
1.742633165e+01  3.9184134e-11  3.91841e-11  1.92844e-14  3.91648e-11
1.751346330e+01  3.8523159e-11  3.85232e-11  2.15145e-14  3.85016e-11
1.760103062e+01  3.7761901e-11  3.77619e-11  2.40682e-14  3.77378e-11
1.768903577e+01  3.7163943e-11  3.71639e-11  2.59625e-14  3.71380e-11
1.777748095e+01  3.6565880e-11  3.65659e-11  2.78135e-14  3.65381e-11
1.786636836e+01  3.6191633e-11  3.61916e-11  2.88096e-14  3.61628e-11
1.795570020e+01  3.5814100e-11  3.58141e-11  2.97903e-14  3.57843e-11
1.804547870e+01  3.5431605e-11  3.54316e-11  3.07620e-14  3.54008e-11
1.813570609e+01  3.4891584e-11  3.48916e-11  3.22644e-14  3.48593e-11
1.822638462e+01  3.4421113e-11  3.44211e-11  3.34878e-14  3.43876e-11
1.831751655e+01  3.4170702e-11  3.41707e-11  3.39167e-14  3.41368e-11
1.840910413e+01  3.4180876e-11  3.41809e-11  3.34320e-14  3.41474e-11
1.850114965e+01  3.4134085e-11  3.41341e-11  3.31414e-14  3.41009e-11
1.859365540e+01  3.3863813e-11  3.38638e-11  3.36038e-14  3.38302e-11
1.868662368e+01  3.3215690e-11  3.32157e-11  3.53187e-14  3.31804e-11
1.878005679e+01  3.2327436e-11  3.23274e-11  3.77960e-14  3.22896e-11
1.887395708e+01  3.1552712e-11  3.15527e-11  3.98494e-14  3.15129e-11
1.896832686e+01  3.1227288e-11  3.12273e-11  4.03897e-14  3.11869e-11
1.906316850e+01  3.1371526e-11  3.13715e-11  3.93883e-14  3.13321e-11
1.915848434e+01  3.1891648e-11  3.18916e-11  3.71849e-14  3.18545e-11
1.925427676e+01  3.2316003e-11  3.23160e-11  3.53156e-14  3.22807e-11
1.935054815e+01  3.2762797e-11  3.27628e-11  3.33981e-14  3.27294e-11
1.944730089e+01  3.3232287e-11  3.32323e-11  3.14327e-14  3.32009e-11
1.954453739e+01  3.3548750e-11  3.35487e-11  2.99689e-14  3.35188e-11
1.964226008e+01  3.3760572e-11  3.37606e-11  2.88452e-14  3.37317e-11
1.974047138e+01  3.3694180e-11  3.36942e-11  2.85865e-14  3.36656e-11
1.983917374e+01  3.3600994e-11  3.36010e-11  2.84070e-14  3.35726e-11
1.993836960e+01  3.3842572e-11  3.38426e-11  2.72123e-14  3.38154e-11
2.003806145e+01  3.4522754e-11  3.45228e-11  2.47147e-14  3.44980e-11
2.013825176e+01  3.5348289e-11  3.53483e-11  2.18168e-14  3.53265e-11
2.023894302e+01  3.6160210e-11  3.61602e-11  1.89974e-14  3.61412e-11
2.034013773e+01  3.6891512e-11  3.68915e-11  1.64512e-14  3.68751e-11
2.044183842e+01  3.7514237e-11  3.75142e-11  1.42536e-14  3.75000e-11
2.054404761e+01  3.7959339e-11  3.79593e-11  1.25962e-14  3.79467e-11
2.064676785e+01  3.8288949e-11  3.82889e-11  1.12890e-14  3.82777e-11
2.075000169e+01  3.8265554e-11  3.82656e-11  1.10000e-14  3.82546e-11
2.085375170e+01  3.7907876e-11  3.79079e-11  1.16538e-14  3.78962e-11
2.095802046e+01  3.7400596e-11  3.74006e-11  1.27125e-14  3.73879e-11
2.106281056e+01  3.6834119e-11  3.68341e-11  1.39156e-14  3.68202e-11
2.116812461e+01  3.6396236e-11  3.63962e-11  1.47415e-14  3.63815e-11
2.127396524e+01  3.6076945e-11  3.60769e-11  1.52256e-14  3.60617e-11
2.138033506e+01  3.5959063e-11  3.59591e-11  1.51500e-14  3.59439e-11
2.148723674e+01  3.6027042e-11  3.60270e-11  1.45686e-14  3.60125e-11
2.159467292e+01  3.6183042e-11  3.61830e-11  1.37548e-14  3.61693e-11
2.170264629e+01  3.6256659e-11  3.62567e-11  1.31677e-14  3.62435e-11
2.181115952e+01  3.6032587e-11  3.60326e-11  1.33727e-14  3.60192e-11
2.192021532e+01  3.5414375e-11  3.54144e-11  1.46070e-14  3.53998e-11
2.202981639e+01  3.4624584e-11  3.46246e-11  1.62683e-14  3.46083e-11
2.213996547e+01  3.3625346e-11  3.36253e-11  1.84462e-14  3.36069e-11
2.225066530e+01  3.2539733e-11  3.25397e-11  2.08132e-14  3.25189e-11
2.236191863e+01  3.1572667e-11  3.15727e-11  2.28415e-14  3.15498e-11
2.247372822e+01  3.0889209e-11  3.08892e-11  2.41184e-14  3.08651e-11
2.258609686e+01  3.0461649e-11  3.04616e-11  2.47289e-14  3.04369e-11
2.269902735e+01  3.0175647e-11  3.01756e-11  2.49731e-14  3.01507e-11
2.281252248e+01  2.9838372e-11  2.98384e-11  2.53385e-14  2.98130e-11
2.292658510e+01  2.9281247e-11  2.92812e-11  2.62399e-14  2.92550e-11
2.304121802e+01  2.8420740e-11  2.84207e-11  2.78721e-14  2.83929e-11
2.315642411e+01  2.7413248e-11  2.74132e-11  2.98392e-14  2.73834e-11
2.327220623e+01  2.6425047e-11  2.64250e-11  3.17313e-14  2.63933e-11
2.338856726e+01  2.5575496e-11  2.55755e-11  3.32620e-14  2.55422e-11
2.350551010e+01  2.4922075e-11  2.49221e-11  3.43006e-14  2.48878e-11
2.362303765e+01  2.4432883e-11  2.44329e-11  3.49324e-14  2.43980e-11
2.374115284e+01  2.4075622e-11  2.40756e-11  3.52416e-14  2.40404e-11
2.385985860e+01  2.3872242e-11  2.38722e-11  3.51825e-14  2.38371e-11
2.397915789e+01  2.3792224e-11  2.37922e-11  3.48335e-14  2.37574e-11
2.409905368e+01  2.3883152e-11  2.38832e-11  3.40894e-14  2.38491e-11
2.421954895e+01  2.4335656e-11  2.43357e-11  3.25177e-14  2.43031e-11
2.434064670e+01  2.5185151e-11  2.51852e-11  3.00522e-14  2.51551e-11
2.446234993e+01  2.6166511e-11  2.61665e-11  2.73138e-14  2.61392e-11
2.458466168e+01  2.7019912e-11  2.70199e-11  2.48961e-14  2.69950e-11
2.470758499e+01  2.7629887e-11  2.76299e-11  2.30537e-14  2.76068e-11
2.483112291e+01  2.7961030e-11  2.79610e-11  2.18555e-14  2.79392e-11
2.495527853e+01  2.8131896e-11  2.81319e-11  2.10265e-14  2.81109e-11
