# ------------------------------------------------------------------------
# Radiance spectrum
# NASA-GSFC Planetary Spectrum Generator (PSG) (Villanueva et al. 2018, 2022)
# Synthesized on Sat Dec 23 00:40:10 2023
# Doppler velocities [km/s] (vobs,vrot+vorb,vwidth,vrfl,vstr): 0.00000,-0.00000,0.00000,-119.41115,-0.00000
# Spectral unit: Wavelength [um]
# Radiance unit: Spectral irradiance [W/m2/um]
# Wave/freq Total Object Reflected Thermal
5.000000000e-01  5.7578142e-13  5.75781e-13  5.75781e-13  1.90217e-46
5.025000000e-01  6.0812378e-13  6.08124e-13  6.08124e-13  2.98971e-46
5.050125000e-01  6.2937398e-13  6.29374e-13  6.29374e-13  4.69568e-46
5.075375625e-01  6.4927833e-13  6.49278e-13  6.49278e-13  7.35959e-46
5.100752503e-01  6.6966808e-13  6.69668e-13  6.69668e-13  1.15076e-45
5.126256266e-01  6.9529481e-13  6.95295e-13  6.95295e-13  1.79396e-45
5.151887547e-01  7.2142548e-13  7.21425e-13  7.21425e-13  2.79017e-45
5.177646985e-01  7.4749736e-13  7.47497e-13  7.47497e-13  4.32989e-45
5.203535220e-01  7.7414704e-13  7.74147e-13  7.74147e-13  6.70375e-45
5.229552896e-01  8.0178846e-13  8.01788e-13  8.01788e-13  1.03546e-44
5.255700660e-01  8.2960769e-13  8.29608e-13  8.29608e-13  1.59580e-44
5.281979164e-01  8.5667760e-13  8.56678e-13  8.56678e-13  2.45421e-44
5.308389059e-01  8.8515766e-13  8.85158e-13  8.85158e-13  3.76539e-44
5.334931005e-01  9.1600782e-13  9.16008e-13  9.16008e-13  5.76268e-44
5.361605660e-01  9.4661824e-13  9.46618e-13  9.46618e-13  8.80057e-44
5.388413688e-01  9.7645073e-13  9.76451e-13  9.76451e-13  1.34123e-43
5.415355756e-01  1.0068679e-12  1.00687e-12  1.00687e-12  2.03952e-43
5.442432535e-01  1.0377839e-12  1.03778e-12  1.03778e-12  3.09454e-43
5.469644698e-01  1.0657430e-12  1.06574e-12  1.06574e-12  4.68709e-43
5.496992921e-01  1.0926271e-12  1.09263e-12  1.09263e-12  7.08512e-43
5.524477886e-01  1.1237110e-12  1.12371e-12  1.12371e-12  1.06817e-42
5.552100275e-01  1.1553635e-12  1.15536e-12  1.15536e-12  1.60690e-42
5.579860777e-01  1.1835643e-12  1.18356e-12  1.18356e-12  2.41334e-42
5.607760081e-01  1.2119073e-12  1.21191e-12  1.21191e-12  3.61687e-42
5.635798881e-01  1.2401076e-12  1.24011e-12  1.24011e-12  5.40946e-42
5.663977875e-01  1.2685263e-12  1.26853e-12  1.26853e-12  8.07356e-42
5.692297765e-01  1.2971587e-12  1.29716e-12  1.29716e-12  1.20246e-41
5.720759254e-01  1.3235354e-12  1.32354e-12  1.32354e-12  1.78775e-41
5.749363050e-01  1.3491272e-12  1.34913e-12  1.34913e-12  2.65277e-41
5.778109865e-01  1.3761207e-12  1.37612e-12  1.37612e-12  3.92765e-41
5.807000414e-01  1.4021176e-12  1.40212e-12  1.40212e-12  5.80419e-41
5.836035417e-01  1.4240700e-12  1.42407e-12  1.42407e-12  8.56420e-41
5.865215594e-01  1.4476763e-12  1.44768e-12  1.44768e-12  1.26088e-40
5.894541672e-01  1.4728644e-12  1.47286e-12  1.47286e-12  1.85229e-40
5.924014380e-01  1.4965795e-12  1.49658e-12  1.49658e-12  2.71619e-40
5.953634452e-01  1.5195868e-12  1.51959e-12  1.51959e-12  3.97544e-40
5.983402624e-01  1.5387496e-12  1.53875e-12  1.53875e-12  5.80968e-40
6.013319637e-01  1.5578372e-12  1.55784e-12  1.55784e-12  8.47361e-40
6.043386235e-01  1.5767427e-12  1.57674e-12  1.57674e-12  1.23351e-39
6.073603167e-01  1.5978140e-12  1.59781e-12  1.59781e-12  1.79170e-39
6.103971182e-01  1.6195407e-12  1.61954e-12  1.61954e-12  2.59725e-39
6.134491038e-01  1.6403759e-12  1.64038e-12  1.64038e-12  3.75810e-39
6.165163494e-01  1.6576963e-12  1.65770e-12  1.65770e-12  5.42957e-39
6.195989311e-01  1.6713351e-12  1.67134e-12  1.67134e-12  7.83273e-39
6.226969258e-01  1.6895478e-12  1.68955e-12  1.68955e-12  1.12722e-38
6.258104104e-01  1.7073252e-12  1.70733e-12  1.70733e-12  1.61921e-38
6.289394624e-01  1.7217846e-12  1.72178e-12  1.72178e-12  2.32242e-38
6.320841597e-01  1.7395031e-12  1.73950e-12  1.73950e-12  3.32356e-38
6.352445805e-01  1.7584863e-12  1.75849e-12  1.75849e-12  4.74675e-38
6.384208035e-01  1.7724847e-12  1.77248e-12  1.77248e-12  6.77051e-38
6.416129075e-01  1.7868501e-12  1.78685e-12  1.78685e-12  9.63885e-38
6.448209720e-01  1.8013684e-12  1.80137e-12  1.80137e-12  1.36969e-37
6.480450769e-01  1.8157115e-12  1.81571e-12  1.81571e-12  1.94281e-37
6.512853022e-01  1.8296554e-12  1.82966e-12  1.82966e-12  2.75084e-37
6.545417288e-01  1.8431934e-12  1.84319e-12  1.84319e-12  3.88803e-37
6.578144374e-01  1.8572073e-12  1.85721e-12  1.85721e-12  5.48514e-37
6.611035096e-01  1.8700291e-12  1.87003e-12  1.87003e-12  7.72539e-37
6.644090271e-01  1.8806342e-12  1.88063e-12  1.88063e-12  1.08637e-36
6.677310723e-01  1.8949557e-12  1.89496e-12  1.89496e-12  1.52437e-36
6.710697276e-01  1.9088600e-12  1.90886e-12  1.90886e-12  2.13526e-36
6.744250763e-01  1.9200731e-12  1.92007e-12  1.92007e-12  2.98655e-36
6.777972017e-01  1.9278795e-12  1.92788e-12  1.92788e-12  4.17140e-36
6.811861877e-01  1.9357819e-12  1.93578e-12  1.93578e-12  5.81607e-36
6.845921186e-01  1.9452730e-12  1.94527e-12  1.94527e-12  8.09372e-36
6.880150792e-01  1.9536082e-12  1.95361e-12  1.95361e-12  1.12452e-35
6.914551546e-01  1.9612373e-12  1.96124e-12  1.96124e-12  1.55980e-35
6.949124304e-01  1.9679216e-12  1.96792e-12  1.96792e-12  2.16007e-35
6.983869925e-01  1.9793509e-12  1.97935e-12  1.97935e-12  2.98477e-35
7.018789275e-01  1.9881050e-12  1.98811e-12  1.98811e-12  4.11848e-35
7.053883221e-01  1.9941577e-12  1.99416e-12  1.99416e-12  5.67480e-35
7.089152637e-01  1.9992450e-12  1.99925e-12  1.99925e-12  7.80684e-35
7.124598400e-01  2.0035947e-12  2.00359e-12  2.00359e-12  1.07227e-34
7.160221392e-01  2.0080282e-12  2.00803e-12  2.00803e-12  1.47030e-34
7.196022499e-01  2.0139693e-12  2.01397e-12  2.01397e-12  2.01243e-34
7.232002612e-01  2.0189370e-12  2.01894e-12  2.01894e-12  2.75018e-34
7.268162625e-01  2.0244728e-12  2.02447e-12  2.02447e-12  3.75200e-34
7.304503438e-01  2.0303434e-12  2.03034e-12  2.03034e-12  5.11023e-34
7.341025955e-01  2.0339173e-12  2.03392e-12  2.03392e-12  6.95043e-34
7.377731085e-01  2.0348178e-12  2.03482e-12  2.03482e-12  9.44054e-34
7.414619740e-01  2.0339895e-12  2.03399e-12  2.03399e-12  1.28043e-33
7.451692839e-01  2.0319046e-12  2.03190e-12  2.03190e-12  1.73410e-33
7.488951303e-01  2.0275895e-12  2.02759e-12  2.02759e-12  2.34527e-33
7.526396060e-01  2.0229710e-12  2.02297e-12  2.02297e-12  3.16690e-33
7.564028040e-01  2.0197502e-12  2.01975e-12  2.01975e-12  4.26903e-33
7.601848180e-01  2.0189125e-12  2.01891e-12  2.01891e-12  5.74431e-33
7.639857421e-01  2.0116951e-12  2.01170e-12  2.01170e-12  7.72216e-33
7.678056708e-01  2.0100361e-12  2.01004e-12  2.01004e-12  1.03592e-32
7.716446992e-01  2.0049125e-12  2.00491e-12  2.00491e-12  1.38799e-32
7.755029227e-01  1.9934880e-12  1.99349e-12  1.99349e-12  1.85800e-32
7.793804373e-01  1.9887519e-12  1.98875e-12  1.98875e-12  2.48172e-32
7.832773395e-01  1.9768404e-12  1.97684e-12  1.97684e-12  3.31207e-32
7.871937262e-01  1.9705360e-12  1.97054e-12  1.97054e-12  4.41112e-32
7.911296948e-01  1.9669064e-12  1.96691e-12  1.96691e-12  5.86449e-32
7.950853433e-01  1.9559574e-12  1.95596e-12  1.95596e-12  7.79047e-32
7.990607700e-01  1.9516427e-12  1.95164e-12  1.95164e-12  1.03269e-31
8.030560739e-01  1.9401167e-12  1.94012e-12  1.94012e-12  1.36782e-31
8.070713542e-01  1.9292935e-12  1.92929e-12  1.92929e-12  1.80891e-31
8.111067110e-01  1.9198002e-12  1.91980e-12  1.91980e-12  2.38840e-31
8.151622446e-01  1.9062995e-12  1.90630e-12  1.90630e-12  3.15012e-31
8.192380558e-01  1.9039626e-12  1.90396e-12  1.90396e-12  4.14430e-31
8.233342461e-01  1.8787002e-12  1.87870e-12  1.87870e-12  5.45617e-31
8.274509173e-01  1.8654810e-12  1.86548e-12  1.86548e-12  7.16475e-31
8.315881719e-01  1.8584767e-12  1.85848e-12  1.85848e-12  9.38934e-31
8.357461127e-01  1.8434731e-12  1.84347e-12  1.84347e-12  1.22963e-30
8.399248433e-01  1.8338232e-12  1.83382e-12  1.83382e-12  1.60723e-30
8.441244675e-01  1.8247908e-12  1.82479e-12  1.82479e-12  2.09769e-30
8.483450899e-01  1.8145037e-12  1.81450e-12  1.81450e-12  2.73429e-30
8.525868153e-01  1.8053401e-12  1.80534e-12  1.80534e-12  3.55873e-30
8.568497494e-01  1.7948010e-12  1.79480e-12  1.79480e-12  4.62588e-30
8.611339981e-01  1.7826370e-12  1.78264e-12  1.78264e-12  6.00562e-30
8.654396681e-01  1.7738596e-12  1.77386e-12  1.77386e-12  7.78369e-30
8.697668665e-01  1.7685992e-12  1.76860e-12  1.76860e-12  1.00711e-29
8.741157008e-01  1.7553330e-12  1.75533e-12  1.75533e-12  1.30225e-29
8.784862793e-01  1.7414535e-12  1.74145e-12  1.74145e-12  1.68170e-29
8.828787107e-01  1.7329785e-12  1.73298e-12  1.73298e-12  2.16770e-29
8.872931042e-01  1.7232697e-12  1.72327e-12  1.72327e-12  2.79072e-29
8.917295698e-01  1.7138331e-12  1.71383e-12  1.71383e-12  3.58790e-29
8.961882176e-01  1.7086796e-12  1.70868e-12  1.70868e-12  4.60484e-29
9.006691587e-01  1.6976641e-12  1.69766e-12  1.69766e-12  5.90541e-29
9.051725045e-01  1.6889314e-12  1.68893e-12  1.68893e-12  7.56174e-29
9.096983670e-01  1.6814805e-12  1.68148e-12  1.68148e-12  9.66881e-29
9.142468589e-01  1.6746863e-12  1.67469e-12  1.67469e-12  1.23462e-28
9.188180931e-01  1.6627970e-12  1.66280e-12  1.66280e-12  1.57519e-28
9.234121836e-01  1.6578217e-12  1.65782e-12  1.65782e-12  2.00583e-28
9.280292445e-01  1.6515061e-12  1.65151e-12  1.65151e-12  2.55126e-28
9.326693908e-01  1.6409826e-12  1.64098e-12  1.64098e-12  3.24211e-28
9.373327377e-01  1.6327488e-12  1.63275e-12  1.63275e-12  4.11393e-28
9.420194014e-01  1.6245579e-12  1.62456e-12  1.62456e-12  5.21358e-28
9.467294984e-01  1.6144185e-12  1.61442e-12  1.61442e-12  6.60004e-28
9.514631459e-01  1.6096805e-12  1.60968e-12  1.60968e-12  8.34061e-28
9.562204616e-01  1.6054818e-12  1.60548e-12  1.60548e-12  1.05266e-27
9.610015639e-01  1.6012006e-12  1.60120e-12  1.60120e-12  1.32691e-27
9.658065718e-01  1.5887715e-12  1.58877e-12  1.58877e-12  1.67181e-27
9.706356046e-01  1.5847099e-12  1.58471e-12  1.58471e-12  2.10215e-27
9.754887826e-01  1.5818075e-12  1.58181e-12  1.58181e-12  2.63976e-27
9.803662265e-01  1.5742481e-12  1.57425e-12  1.57425e-12  3.31227e-27
9.852680577e-01  1.5624202e-12  1.56242e-12  1.56242e-12  4.15273e-27
9.901943980e-01  1.5594192e-12  1.55942e-12  1.55942e-12  5.19595e-27
9.951453700e-01  1.5507965e-12  1.55080e-12  1.55080e-12  6.49686e-27
1.000121097e+00  1.5429742e-12  1.54297e-12  1.54297e-12  8.11322e-27
1.005121702e+00  1.5369333e-12  1.53693e-12  1.53693e-12  1.01181e-26
1.010147311e+00  1.5320537e-12  1.53205e-12  1.53205e-12  1.26021e-26
1.015198047e+00  1.5245342e-12  1.52453e-12  1.52453e-12  1.56815e-26
1.020274038e+00  1.5263725e-12  1.52637e-12  1.52637e-12  1.94735e-26
1.025375408e+00  1.5259255e-12  1.52593e-12  1.52593e-12  2.41596e-26
1.030502285e+00  1.5235704e-12  1.52357e-12  1.52357e-12  2.99441e-26
1.035654796e+00  1.5174924e-12  1.51749e-12  1.51749e-12  3.70840e-26
1.040833070e+00  1.5191277e-12  1.51913e-12  1.51913e-12  4.58405e-26
1.046037236e+00  1.5149793e-12  1.51498e-12  1.51498e-12  5.66311e-26
1.051267422e+00  1.5067738e-12  1.50677e-12  1.50677e-12  6.99093e-26
1.056523759e+00  1.5047995e-12  1.50480e-12  1.50480e-12  8.61531e-26
1.061806378e+00  1.4984155e-12  1.49842e-12  1.49842e-12  1.06097e-25
1.067115410e+00  1.4949853e-12  1.49499e-12  1.49499e-12  1.30475e-25
1.072450987e+00  1.4960514e-12  1.49605e-12  1.49605e-12  1.60208e-25
1.077813242e+00  1.4912866e-12  1.49129e-12  1.49129e-12  1.96608e-25
1.083202308e+00  1.4937536e-12  1.49375e-12  1.49375e-12  2.40848e-25
1.088618319e+00  1.4966088e-12  1.49661e-12  1.49661e-12  2.94708e-25
1.094061411e+00  1.4946153e-12  1.49462e-12  1.49462e-12  3.60388e-25
1.099531718e+00  1.4969444e-12  1.49694e-12  1.49694e-12  4.40046e-25
1.105029377e+00  1.4908975e-12  1.49090e-12  1.49090e-12  5.37165e-25
1.110554523e+00  1.4959044e-12  1.49590e-12  1.49590e-12  6.54317e-25
1.116107296e+00  1.4949189e-12  1.49492e-12  1.49492e-12  7.96629e-25
1.121687832e+00  1.4971516e-12  1.49715e-12  1.49715e-12  9.68560e-25
1.127296272e+00  1.4920286e-12  1.49203e-12  1.49203e-12  1.17720e-24
1.132932753e+00  1.4893103e-12  1.48931e-12  1.48931e-12  1.42894e-24
1.138597417e+00  1.4885119e-12  1.48851e-12  1.48851e-12  1.73238e-24
1.144290404e+00  1.4964790e-12  1.49648e-12  1.49648e-12  2.09626e-24
1.150011856e+00  1.4969042e-12  1.49690e-12  1.49690e-12  2.53582e-24
1.155761915e+00  1.4964408e-12  1.49644e-12  1.49644e-12  3.06466e-24
1.161540725e+00  1.5021305e-12  1.50213e-12  1.50213e-12  3.69772e-24
1.167348428e+00  1.5016167e-12  1.50162e-12  1.50162e-12  4.45974e-24
1.173185171e+00  1.5046979e-12  1.50470e-12  1.50470e-12  5.37140e-24
1.179051096e+00  1.5066552e-12  1.50666e-12  1.50666e-12  6.46360e-24
1.184946352e+00  1.5144504e-12  1.51445e-12  1.51445e-12  7.76545e-24
1.190871084e+00  1.5170082e-12  1.51701e-12  1.51701e-12  9.32508e-24
1.196825439e+00  1.5115436e-12  1.51154e-12  1.51154e-12  1.11959e-23
1.202809566e+00  1.5154081e-12  1.51541e-12  1.51541e-12  1.34160e-23
1.208823614e+00  1.5281762e-12  1.52818e-12  1.52818e-12  1.60458e-23
1.214867732e+00  1.5343894e-12  1.53439e-12  1.53439e-12  1.91849e-23
1.220942071e+00  1.5447343e-12  1.54473e-12  1.54473e-12  2.29058e-23
1.227046781e+00  1.5550444e-12  1.55504e-12  1.55504e-12  2.73217e-23
1.233182015e+00  1.5630961e-12  1.56310e-12  1.56310e-12  3.25647e-23
1.239347925e+00  1.5669172e-12  1.56692e-12  1.56692e-12  3.87935e-23
1.245544665e+00  1.5691980e-12  1.56920e-12  1.56920e-12  4.61767e-23
1.251772388e+00  1.5786411e-12  1.57864e-12  1.57864e-12  5.48708e-23
1.258031250e+00  1.5812533e-12  1.58125e-12  1.58125e-12  6.51869e-23
1.264321406e+00  1.5873701e-12  1.58737e-12  1.58737e-12  7.73402e-23
1.270643013e+00  1.5952123e-12  1.59521e-12  1.59521e-12  9.16554e-23
1.276996228e+00  1.6033505e-12  1.60335e-12  1.60335e-12  1.08514e-22
1.283381209e+00  1.6051903e-12  1.60519e-12  1.60519e-12  1.28442e-22
1.289798116e+00  1.6173746e-12  1.61737e-12  1.61737e-12  1.51716e-22
1.296247106e+00  1.6219872e-12  1.62199e-12  1.62199e-12  1.79189e-22
1.302728342e+00  1.6288324e-12  1.62883e-12  1.62883e-12  2.11389e-22
1.309241983e+00  1.6341591e-12  1.63416e-12  1.63416e-12  2.49188e-22
1.315788193e+00  1.6438140e-12  1.64381e-12  1.64381e-12  2.93337e-22
1.322367134e+00  1.6495084e-12  1.64951e-12  1.64951e-12  3.45144e-22
1.328978970e+00  1.6555999e-12  1.65560e-12  1.65560e-12  4.05714e-22
1.335623865e+00  1.6622919e-12  1.66229e-12  1.66229e-12  4.76452e-22
1.342301984e+00  1.6689497e-12  1.66895e-12  1.66895e-12  5.59021e-22
1.349013494e+00  1.6746368e-12  1.67464e-12  1.67464e-12  6.55387e-22
1.355758561e+00  1.6837118e-12  1.68371e-12  1.68371e-12  7.67380e-22
1.362537354e+00  1.6904608e-12  1.69046e-12  1.69046e-12  8.97954e-22
1.369350041e+00  1.6924463e-12  1.69245e-12  1.69245e-12  1.05040e-21
1.376196791e+00  1.7000542e-12  1.70005e-12  1.70005e-12  1.22685e-21
1.383077775e+00  1.7074088e-12  1.70741e-12  1.70741e-12  1.43172e-21
1.389993164e+00  1.7127877e-12  1.71279e-12  1.71279e-12  1.66975e-21
1.396943130e+00  1.7268166e-12  1.72682e-12  1.72682e-12  1.94365e-21
1.403927846e+00  1.7194222e-12  1.71942e-12  1.71942e-12  2.26633e-21
1.410947485e+00  1.7120015e-12  1.71200e-12  1.71200e-12  2.64036e-21
1.418002222e+00  1.7045554e-12  1.70456e-12  1.70456e-12  3.07356e-21
1.425092233e+00  1.6970850e-12  1.69709e-12  1.69709e-12  3.57486e-21
1.432217694e+00  1.6895912e-12  1.68959e-12  1.68959e-12  4.15450e-21
1.439378783e+00  1.6820749e-12  1.68207e-12  1.68207e-12  4.82414e-21
1.446575677e+00  1.6745372e-12  1.67454e-12  1.67454e-12  5.59715e-21
1.453808555e+00  1.6669788e-12  1.66698e-12  1.66698e-12  6.48874e-21
1.461077598e+00  1.6594008e-12  1.65940e-12  1.65940e-12  7.51626e-21
1.468382986e+00  1.6518042e-12  1.65180e-12  1.65180e-12  8.69949e-21
1.475724901e+00  1.6441897e-12  1.64419e-12  1.64419e-12  1.00609e-20
1.483103525e+00  1.6365583e-12  1.63656e-12  1.63656e-12  1.16261e-20
1.490519043e+00  1.6289109e-12  1.62891e-12  1.62891e-12  1.34241e-20
1.497971638e+00  1.6212484e-12  1.62125e-12  1.62125e-12  1.54880e-20
1.505461496e+00  1.6135716e-12  1.61357e-12  1.61357e-12  1.78551e-20
1.512988804e+00  1.6058814e-12  1.60588e-12  1.60588e-12  2.05680e-20
1.520553748e+00  1.5981787e-12  1.59818e-12  1.59818e-12  2.36745e-20
1.528156517e+00  1.5904643e-12  1.59046e-12  1.59046e-12  2.72293e-20
1.535797299e+00  1.5827390e-12  1.58274e-12  1.58274e-12  3.12936e-20
1.543476286e+00  1.5750038e-12  1.57500e-12  1.57500e-12  3.59370e-20
1.551193667e+00  1.5672593e-12  1.56726e-12  1.56726e-12  4.12379e-20
1.558949636e+00  1.5595064e-12  1.55951e-12  1.55951e-12  4.72849e-20
1.566744384e+00  1.5517458e-12  1.55175e-12  1.55175e-12  5.41776e-20
1.574578106e+00  1.5439785e-12  1.54398e-12  1.54398e-12  6.20285e-20
1.582450996e+00  1.5362051e-12  1.53621e-12  1.53621e-12  7.09640e-20
1.590363251e+00  1.5284265e-12  1.52843e-12  1.52843e-12  8.11263e-20
1.598315067e+00  1.5206433e-12  1.52064e-12  1.52064e-12  9.26752e-20
1.606306643e+00  1.5128563e-12  1.51286e-12  1.51286e-12  1.05790e-19
1.614338176e+00  1.5050663e-12  1.50507e-12  1.50507e-12  1.20673e-19
1.622409867e+00  1.4972740e-12  1.49727e-12  1.49727e-12  1.37549e-19
1.630521916e+00  1.4894802e-12  1.48948e-12  1.48948e-12  1.56671e-19
1.638674526e+00  1.4816854e-12  1.48169e-12  1.48169e-12  1.78323e-19
1.646867898e+00  1.4738905e-12  1.47389e-12  1.47389e-12  2.02821e-19
1.655102238e+00  1.4660961e-12  1.46610e-12  1.46610e-12  2.30520e-19
1.663377749e+00  1.4583029e-12  1.45830e-12  1.45830e-12  2.61815e-19
1.671694638e+00  1.4505116e-12  1.45051e-12  1.45051e-12  2.97149e-19
1.680053111e+00  1.4427228e-12  1.44272e-12  1.44272e-12  3.37014e-19
1.688453377e+00  1.4349372e-12  1.43494e-12  1.43494e-12  3.81960e-19
1.696895643e+00  1.4271555e-12  1.42716e-12  1.42716e-12  4.32598e-19
1.705380122e+00  1.4193782e-12  1.41938e-12  1.41938e-12  4.89609e-19
1.713907022e+00  1.4116061e-12  1.41161e-12  1.41161e-12  5.53751e-19
1.722476557e+00  1.4038396e-12  1.40384e-12  1.40384e-12  6.25866e-19
1.731088940e+00  1.3960795e-12  1.39608e-12  1.39608e-12  7.06890e-19
1.739744385e+00  1.3883263e-12  1.38833e-12  1.38833e-12  7.97860e-19
1.748443107e+00  1.3805806e-12  1.38058e-12  1.38058e-12  8.99927e-19
1.757185322e+00  1.3728430e-12  1.37284e-12  1.37284e-12  1.01437e-18
1.765971249e+00  1.3651140e-12  1.36511e-12  1.36511e-12  1.14260e-18
1.774801105e+00  1.3573943e-12  1.35739e-12  1.35739e-12  1.28618e-18
1.783675111e+00  1.3496844e-12  1.34968e-12  1.34968e-12  1.44684e-18
1.792593486e+00  1.3419848e-12  1.34198e-12  1.34198e-12  1.62650e-18
1.801556454e+00  1.3342961e-12  1.33430e-12  1.33429e-12  1.82727e-18
1.810564236e+00  1.3266187e-12  1.32662e-12  1.32662e-12  2.05148e-18
1.819617057e+00  1.3189533e-12  1.31895e-12  1.31895e-12  2.30170e-18
1.828715142e+00  1.3113002e-12  1.31130e-12  1.31130e-12  2.58077e-18
1.837858718e+00  1.3036601e-12  1.30366e-12  1.30366e-12  2.89181e-18
1.847048012e+00  1.2960334e-12  1.29603e-12  1.29603e-12  3.23827e-18
1.856283252e+00  1.2884206e-12  1.28842e-12  1.28842e-12  3.62393e-18
1.865564668e+00  1.2808222e-12  1.28082e-12  1.28082e-12  4.05294e-18
1.874892491e+00  1.2732387e-12  1.27324e-12  1.27323e-12  4.52988e-18
1.884266954e+00  1.2656704e-12  1.26567e-12  1.26567e-12  5.05977e-18
1.893688289e+00  1.2581179e-12  1.25812e-12  1.25811e-12  5.64811e-18
1.903156730e+00  1.2505816e-12  1.25058e-12  1.25058e-12  6.30095e-18
1.912672514e+00  1.2430620e-12  1.24306e-12  1.24305e-12  7.02489e-18
1.922235876e+00  1.2355594e-12  1.23556e-12  1.23555e-12  7.82720e-18
1.931847056e+00  1.2280743e-12  1.22807e-12  1.22807e-12  8.71579e-18
1.941506291e+00  1.2206072e-12  1.22061e-12  1.22060e-12  9.69935e-18
1.951213822e+00  1.2131583e-12  1.21316e-12  1.21315e-12  1.07874e-17
1.960969892e+00  1.2057282e-12  1.20573e-12  1.20572e-12  1.19902e-17
1.970774741e+00  1.1983172e-12  1.19832e-12  1.19830e-12  1.33191e-17
1.980628615e+00  1.1909257e-12  1.19093e-12  1.19091e-12  1.47865e-17
1.990531758e+00  1.1835541e-12  1.18355e-12  1.18354e-12  1.64058e-17
2.000484417e+00  1.1762028e-12  1.17620e-12  1.17618e-12  1.81917e-17
2.010486839e+00  1.1688721e-12  1.16887e-12  1.16885e-12  2.01601e-17
2.020539273e+00  1.1615623e-12  1.16156e-12  1.16154e-12  2.23285e-17
2.030641969e+00  1.1542740e-12  1.15427e-12  1.15425e-12  2.47156e-17
2.040795179e+00  1.1470073e-12  1.14701e-12  1.14698e-12  2.73421e-17
2.050999155e+00  1.1397626e-12  1.13976e-12  1.13973e-12  3.02302e-17
2.061254151e+00  1.1325404e-12  1.13254e-12  1.13251e-12  3.34043e-17
2.071560421e+00  1.1253408e-12  1.12534e-12  1.12530e-12  3.68905e-17
2.081918224e+00  1.1181644e-12  1.11816e-12  1.11812e-12  4.07175e-17
2.092327815e+00  1.1110112e-12  1.11101e-12  1.11097e-12  4.49160e-17
2.102789454e+00  1.1038818e-12  1.10388e-12  1.10383e-12  4.95196e-17
2.113303401e+00  1.0967764e-12  1.09678e-12  1.09672e-12  5.45644e-17
2.123869918e+00  1.0896953e-12  1.08970e-12  1.08964e-12  6.00898e-17
2.134489268e+00  1.0826388e-12  1.08264e-12  1.08257e-12  6.61379e-17
2.145161714e+00  1.0756072e-12  1.07561e-12  1.07553e-12  7.27547e-17
2.155887523e+00  1.0686009e-12  1.06860e-12  1.06852e-12  7.99895e-17
2.166666960e+00  1.0616201e-12  1.06162e-12  1.06153e-12  8.78958e-17
2.177500295e+00  1.0546652e-12  1.05467e-12  1.05457e-12  9.65311e-17
2.188387796e+00  1.0477364e-12  1.04774e-12  1.04763e-12  1.05957e-16
2.199329735e+00  1.0408340e-12  1.04083e-12  1.04072e-12  1.16242e-16
2.210326384e+00  1.0339583e-12  1.03396e-12  1.03383e-12  1.27456e-16
2.221378016e+00  1.0271096e-12  1.02711e-12  1.02697e-12  1.39678e-16
2.232484906e+00  1.0202882e-12  1.02029e-12  1.02014e-12  1.52990e-16
2.243647331e+00  1.0134944e-12  1.01349e-12  1.01333e-12  1.67483e-16
2.254865567e+00  1.0067285e-12  1.00673e-12  1.00655e-12  1.83253e-16
2.266139895e+00  9.9999078e-13  9.99991e-13  9.99790e-13  2.00403e-16
2.277470595e+00  9.9328152e-13  9.93282e-13  9.93062e-13  2.19044e-16
2.288857948e+00  9.8660102e-13  9.86601e-13  9.86362e-13  2.39295e-16
2.300302237e+00  9.7994960e-13  9.79950e-13  9.79688e-13  2.61284e-16
2.311803748e+00  9.7332754e-13  9.73328e-13  9.73042e-13  2.85148e-16
2.323362767e+00  9.6673517e-13  9.66735e-13  9.66424e-13  3.11033e-16
2.334979581e+00  9.6017280e-13  9.60173e-13  9.59834e-13  3.39095e-16
2.346654479e+00  9.5364073e-13  9.53641e-13  9.53271e-13  3.69503e-16
2.358387751e+00  9.4713931e-13  9.47139e-13  9.46737e-13  4.02437e-16
2.370179690e+00  9.4066885e-13  9.40669e-13  9.40231e-13  4.38086e-16
2.382030589e+00  9.3422971e-13  9.34230e-13  9.33753e-13  4.76657e-16
2.393940742e+00  9.2782222e-13  9.27822e-13  9.27304e-13  5.18368e-16
2.405910445e+00  9.2144674e-13  9.21447e-13  9.20883e-13  5.63451e-16
2.417939997e+00  9.1510365e-13  9.15104e-13  9.14491e-13  6.12156e-16
2.430029697e+00  9.0879331e-13  9.08793e-13  9.08129e-13  6.64747e-16
2.442179846e+00  9.0251614e-13  9.02516e-13  9.01795e-13  7.21506e-16
2.454390745e+00  8.9627252e-13  8.96273e-13  8.95490e-13  7.82735e-16
2.466662699e+00  8.9006288e-13  8.90063e-13  8.89214e-13  8.48752e-16
2.478996012e+00  8.8388765e-13  8.83888e-13  8.82968e-13  9.19898e-16
2.491390992e+00  8.7774729e-13  8.77747e-13  8.76751e-13  9.96534e-16
2.503847947e+00  8.7164227e-13  8.71642e-13  8.70563e-13  1.07905e-15
2.516367187e+00  8.6557307e-13  8.65573e-13  8.64405e-13  1.16784e-15
2.528949023e+00  8.5954021e-13  8.59540e-13  8.58277e-13  1.26335e-15
2.541593768e+00  8.5354422e-13  8.53544e-13  8.52178e-13  1.36603e-15
2.554301737e+00  8.4758565e-13  8.47586e-13  8.46109e-13  1.47638e-15
2.567073246e+00  8.4166508e-13  8.41665e-13  8.40070e-13  1.59490e-15
2.579908612e+00  8.3578313e-13  8.35783e-13  8.34061e-13  1.72215e-15
2.592808155e+00  8.2994042e-13  8.29940e-13  8.28082e-13  1.85870e-15
2.605772196e+00  8.2413762e-13  8.24138e-13  8.22132e-13  2.00517e-15
2.618801057e+00  8.1837543e-13  8.18375e-13  8.16213e-13  2.16221e-15
2.631895062e+00  8.1265458e-13  8.12655e-13  8.10324e-13  2.33049e-15
2.645054537e+00  8.0697582e-13  8.06976e-13  8.04465e-13  2.51075e-15
2.658279810e+00  8.0133997e-13  8.01340e-13  7.98636e-13  2.70375e-15
2.671571209e+00  7.9574785e-13  7.95748e-13  7.92838e-13  2.91030e-15
2.684929065e+00  7.9020036e-13  7.90200e-13  7.87069e-13  3.13124e-15
2.698353710e+00  7.8469841e-13  7.84698e-13  7.81331e-13  3.36748e-15
2.711845479e+00  7.7924297e-13  7.79243e-13  7.75623e-13  3.61997e-15
2.725404706e+00  7.7383507e-13  7.73835e-13  7.69945e-13  3.88969e-15
2.739031730e+00  7.6847575e-13  7.68476e-13  7.64298e-13  4.17771e-15
2.752726889e+00  7.6316615e-13  7.63166e-13  7.58681e-13  4.48513e-15
2.766490523e+00  7.5790743e-13  7.57907e-13  7.53094e-13  4.81311e-15
2.780322976e+00  7.5270082e-13  7.52701e-13  7.47538e-13  5.16287e-15
2.794224591e+00  7.4754761e-13  7.47548e-13  7.42012e-13  5.53571e-15
2.808195713e+00  7.4244915e-13  7.42449e-13  7.36516e-13  5.93297e-15
2.822236692e+00  7.3740685e-13  7.37407e-13  7.31051e-13  6.35608e-15
2.836347875e+00  7.3242219e-13  7.32422e-13  7.25616e-13  6.80651e-15
2.850529615e+00  7.2749673e-13  7.27497e-13  7.20211e-13  7.28585e-15
2.864782263e+00  7.2263209e-13  7.22632e-13  7.14836e-13  7.79572e-15
2.879106174e+00  7.1782998e-13  7.17830e-13  7.09492e-13  8.33784e-15
2.893501705e+00  7.1309216e-13  7.13092e-13  7.04178e-13  8.91402e-15
2.907969214e+00  7.0842052e-13  7.08421e-13  6.98894e-13  9.52614e-15
2.922509060e+00  7.0381698e-13  7.03817e-13  6.93641e-13  1.01762e-14
2.937121605e+00  6.9928360e-13  6.99284e-13  6.88417e-13  1.08662e-14
2.951807213e+00  6.9482249e-13  6.94822e-13  6.83224e-13  1.15983e-14
2.966566249e+00  6.9043589e-13  6.90436e-13  6.78061e-13  1.23749e-14
2.981399080e+00  6.8612611e-13  6.86126e-13  6.72928e-13  1.31982e-14
2.996306076e+00  6.8189558e-13  6.81896e-13  6.67825e-13  1.40707e-14
3.011287606e+00  6.7774683e-13  6.77747e-13  6.62752e-13  1.49950e-14
3.026344044e+00  6.7368249e-13  6.73682e-13  6.57709e-13  1.59737e-14
3.041475764e+00  6.6970533e-13  6.69705e-13  6.52696e-13  1.70098e-14
3.056683143e+00  6.6581821e-13  6.65818e-13  6.47712e-13  1.81060e-14
3.071966559e+00  6.6202413e-13  6.62024e-13  6.42759e-13  1.92654e-14
3.087326392e+00  6.5832618e-13  6.58326e-13  6.37835e-13  2.04913e-14
3.102763024e+00  6.5472762e-13  6.54728e-13  6.32941e-13  2.17868e-14
3.118276839e+00  6.5123183e-13  6.51232e-13  6.28076e-13  2.31554e-14
3.133868223e+00  6.4784230e-13  6.47842e-13  6.23242e-13  2.46008e-14
3.149537564e+00  6.4456270e-13  6.44563e-13  6.18436e-13  2.61265e-14
3.165285252e+00  6.4139680e-13  6.41397e-13  6.13660e-13  2.77365e-14
3.181111678e+00  6.3834857e-13  6.38349e-13  6.08914e-13  2.94348e-14
3.197017237e+00  6.3542208e-13  6.35422e-13  6.04197e-13  3.12254e-14
3.213002323e+00  6.3262159e-13  6.32622e-13  5.99509e-13  3.31129e-14
3.229067334e+00  6.2995150e-13  6.29952e-13  5.94850e-13  3.51015e-14
3.245212671e+00  6.2741640e-13  6.27416e-13  5.90220e-13  3.71960e-14
3.261438734e+00  6.2502102e-13  6.25021e-13  5.85620e-13  3.94012e-14
3.277745928e+00  6.2277027e-13  6.22770e-13  5.81048e-13  4.17220e-14
3.294134658e+00  6.2066926e-13  6.20669e-13  5.76506e-13  4.41637e-14
3.310605331e+00  6.1872324e-13  6.18723e-13  5.71992e-13  4.67316e-14
3.327158358e+00  6.1693767e-13  6.16938e-13  5.67506e-13  4.94312e-14
3.343794149e+00  6.1531821e-13  6.15318e-13  5.63050e-13  5.22683e-14
3.360513120e+00  6.1387068e-13  6.13871e-13  5.58622e-13  5.52488e-14
3.377315686e+00  6.1260112e-13  6.12601e-13  5.54222e-13  5.83787e-14
3.394202264e+00  6.1151577e-13  6.11516e-13  5.49851e-13  6.16644e-14
3.411173276e+00  6.1062107e-13  6.10621e-13  5.45509e-13  6.51126e-14
3.428229142e+00  6.0992366e-13  6.09924e-13  5.41194e-13  6.87297e-14
3.445370288e+00  6.0943040e-13  6.09430e-13  5.36907e-13  7.25230e-14
3.462597139e+00  6.0914838e-13  6.09148e-13  5.32649e-13  7.64994e-14
3.479910125e+00  6.0908489e-13  6.09085e-13  5.28418e-13  8.06664e-14
3.497309675e+00  6.0924746e-13  6.09247e-13  5.24216e-13  8.50316e-14
3.514796224e+00  6.0964382e-13  6.09644e-13  5.20041e-13  8.96029e-14
3.532370205e+00  6.1028196e-13  6.10282e-13  5.15894e-13  9.43883e-14
3.550032056e+00  6.1117009e-13  6.11170e-13  5.11774e-13  9.93962e-14
3.567782216e+00  6.1231666e-13  6.12317e-13  5.07682e-13  1.04635e-13
3.585621127e+00  6.1373036e-13  6.13730e-13  5.03617e-13  1.10114e-13
3.603549233e+00  6.1542013e-13  6.15420e-13  4.99579e-13  1.15841e-13
3.621566979e+00  6.1739515e-13  6.17395e-13  4.95568e-13  1.21827e-13
3.639674814e+00  6.1966484e-13  6.19665e-13  4.91585e-13  1.28080e-13
3.657873188e+00  6.2223889e-13  6.22239e-13  4.87628e-13  1.34610e-13
3.676162554e+00  6.2512723e-13  6.25127e-13  4.83699e-13  1.41429e-13
3.694543367e+00  6.2834005e-13  6.28340e-13  4.79796e-13  1.48544e-13
3.713016084e+00  6.3188782e-13  6.31888e-13  4.75919e-13  1.55968e-13
3.731581164e+00  6.3578123e-13  6.35781e-13  4.72070e-13  1.63712e-13
3.750239070e+00  6.4003127e-13  6.40031e-13  4.68246e-13  1.71785e-13
3.768990265e+00  6.4464917e-13  6.44649e-13  4.64449e-13  1.80200e-13
3.787835216e+00  6.4964644e-13  6.49646e-13  4.60678e-13  1.88968e-13
3.806774393e+00  6.5503485e-13  6.55035e-13  4.56933e-13  1.98102e-13
3.825808265e+00  6.6082645e-13  6.60826e-13  4.53214e-13  2.07612e-13
3.844937306e+00  6.6703353e-13  6.67034e-13  4.49521e-13  2.17513e-13
3.864161992e+00  6.7366869e-13  6.73669e-13  4.45854e-13  2.27815e-13
3.883482802e+00  6.8074477e-13  6.80745e-13  4.42212e-13  2.38533e-13
3.902900216e+00  6.8827489e-13  6.88275e-13  4.38596e-13  2.49679e-13
3.922414717e+00  6.9627244e-13  6.96272e-13  4.35005e-13  2.61268e-13
3.942026791e+00  7.0475108e-13  7.04751e-13  4.31439e-13  2.73312e-13
3.961736925e+00  7.1372474e-13  7.13725e-13  4.27899e-13  2.85826e-13
3.981545610e+00  7.2320761e-13  7.23208e-13  4.24384e-13  2.98824e-13
4.001453338e+00  7.3321416e-13  7.33214e-13  4.20893e-13  3.12321e-13
4.021460604e+00  7.4375912e-13  7.43759e-13  4.17428e-13  3.26331e-13
4.041567907e+00  7.5485748e-13  7.54857e-13  4.13987e-13  3.40871e-13
4.061775747e+00  7.6652450e-13  7.66525e-13  4.10571e-13  3.55954e-13
4.082084626e+00  7.7877570e-13  7.78776e-13  4.07179e-13  3.71597e-13
4.102495049e+00  7.9162684e-13  7.91627e-13  4.03811e-13  3.87816e-13
4.123007524e+00  8.0509396e-13  8.05094e-13  4.00468e-13  4.04626e-13
4.143622562e+00  8.1919333e-13  8.19193e-13  3.97149e-13  4.22045e-13
4.164340674e+00  8.3394148e-13  8.33941e-13  3.93854e-13  4.40088e-13
4.185162378e+00  8.4935518e-13  8.49355e-13  3.90582e-13  4.58773e-13
4.206088190e+00  8.6545145e-13  8.65451e-13  3.87335e-13  4.78117e-13
4.227118631e+00  8.8224753e-13  8.82248e-13  3.84111e-13  4.98137e-13
4.248254224e+00  8.9976089e-13  8.99761e-13  3.80910e-13  5.18851e-13
4.269495495e+00  9.1800924e-13  9.18009e-13  3.77733e-13  5.40276e-13
4.290842972e+00  9.3701051e-13  9.37011e-13  3.74579e-13  5.62431e-13
4.312297187e+00  9.5678283e-13  9.56783e-13  3.71449e-13  5.85334e-13
4.333858673e+00  9.7734454e-13  9.77345e-13  3.68341e-13  6.09004e-13
4.355527967e+00  9.9871421e-13  9.98714e-13  3.65256e-13  6.33458e-13
4.377305606e+00  1.0209106e-12  1.02091e-12  3.62194e-13  6.58716e-13
4.399192134e+00  1.0439525e-12  1.04395e-12  3.59155e-13  6.84798e-13
4.421188095e+00  1.0678593e-12  1.06786e-12  3.56138e-13  7.11721e-13
4.443294036e+00  1.0926500e-12  1.09265e-12  3.53144e-13  7.39506e-13
4.465510506e+00  1.1183442e-12  1.11834e-12  3.50172e-13  7.68173e-13
4.487838058e+00  1.1449616e-12  1.14496e-12  3.47222e-13  7.97740e-13
4.510277249e+00  1.1725217e-12  1.17252e-12  3.44294e-13  8.28228e-13
4.532828635e+00  1.2010446e-12  1.20104e-12  3.41388e-13  8.59657e-13
4.555492778e+00  1.2305503e-12  1.23055e-12  3.38504e-13  8.92047e-13
4.578270242e+00  1.2610590e-12  1.26106e-12  3.35641e-13  9.25418e-13
4.601161593e+00  1.2925908e-12  1.29259e-12  3.32800e-13  9.59791e-13
4.624167401e+00  1.3251661e-12  1.32517e-12  3.29980e-13  9.95186e-13
4.647288238e+00  1.3588054e-12  1.35881e-12  3.27182e-13  1.03162e-12
4.670524679e+00  1.3935293e-12  1.39353e-12  3.24405e-13  1.06912e-12
4.693877303e+00  1.4293582e-12  1.42936e-12  3.21649e-13  1.10771e-12
4.717346689e+00  1.4663130e-12  1.46631e-12  3.18914e-13  1.14740e-12
4.740933423e+00  1.5044142e-12  1.50441e-12  3.16200e-13  1.18821e-12
4.764638090e+00  1.5436825e-12  1.54368e-12  3.13506e-13  1.23018e-12
4.788461280e+00  1.5841388e-12  1.58414e-12  3.10833e-13  1.27331e-12
4.812403587e+00  1.6258038e-12  1.62580e-12  3.08181e-13  1.31762e-12
4.836465604e+00  1.6686983e-12  1.66870e-12  3.05549e-13  1.36315e-12
4.860647933e+00  1.7128429e-12  1.71284e-12  3.02937e-13  1.40991e-12
4.884951172e+00  1.7582584e-12  1.75826e-12  3.00345e-13  1.45791e-12
4.909375928e+00  1.8049654e-12  1.80497e-12  2.97773e-13  1.50719e-12
4.933922808e+00  1.8529845e-12  1.85298e-12  2.95221e-13  1.55776e-12
4.958592422e+00  1.9023363e-12  1.90234e-12  2.92689e-13  1.60965e-12
4.983385384e+00  1.9530412e-12  1.95304e-12  2.90176e-13  1.66287e-12
5.008302311e+00  2.0051195e-12  2.00512e-12  2.87683e-13  1.71744e-12
5.033343822e+00  2.0585914e-12  2.05859e-12  2.85209e-13  1.77338e-12
5.058510541e+00  2.1134770e-12  2.11348e-12  2.82754e-13  1.83072e-12
5.083803094e+00  2.1697963e-12  2.16980e-12  2.80319e-13  1.88948e-12
5.109222110e+00  2.2275691e-12  2.22757e-12  2.77902e-13  1.94967e-12
5.134768220e+00  2.2868149e-12  2.28681e-12  2.75505e-13  2.01131e-12
5.160442061e+00  2.3475532e-12  2.34755e-12  2.73126e-13  2.07443e-12
5.186244272e+00  2.4098032e-12  2.40980e-12  2.70766e-13  2.13904e-12
5.212175493e+00  2.4735839e-12  2.47358e-12  2.68424e-13  2.20516e-12
5.238236370e+00  2.5389140e-12  2.53891e-12  2.66101e-13  2.27281e-12
5.264427552e+00  2.6058121e-12  2.60581e-12  2.63796e-13  2.34202e-12
5.290749690e+00  2.6742963e-12  2.67430e-12  2.61509e-13  2.41279e-12
5.317203438e+00  2.7443847e-12  2.74438e-12  2.59241e-13  2.48514e-12
5.343789456e+00  2.8160948e-12  2.81609e-12  2.56990e-13  2.55910e-12
5.370508403e+00  2.8894441e-12  2.88944e-12  2.54757e-13  2.63469e-12
5.397360945e+00  2.9644495e-12  2.96445e-12  2.52542e-13  2.71191e-12
5.424347750e+00  3.0411277e-12  3.04113e-12  2.50344e-13  2.79078e-12
5.451469488e+00  3.1194950e-12  3.11949e-12  2.48164e-13  2.87133e-12
5.478726836e+00  3.1995673e-12  3.19957e-12  2.46002e-13  2.95357e-12
5.506120470e+00  3.2813602e-12  3.28136e-12  2.43856e-13  3.03750e-12
5.533651072e+00  3.3648888e-12  3.36489e-12  2.41728e-13  3.12316e-12
5.561319328e+00  3.4501677e-12  3.45017e-12  2.39617e-13  3.21055e-12
5.589125924e+00  3.5372113e-12  3.53721e-12  2.37522e-13  3.29969e-12
5.617071554e+00  3.6260334e-12  3.62603e-12  2.35445e-13  3.39059e-12
5.645156912e+00  3.7166474e-12  3.71665e-12  2.33384e-13  3.48326e-12
5.673382696e+00  3.8090660e-12  3.80907e-12  2.31340e-13  3.57773e-12
5.701749610e+00  3.9033016e-12  3.90330e-12  2.29312e-13  3.67399e-12
5.730258358e+00  3.9993662e-12  3.99937e-12  2.27301e-13  3.77207e-12
5.758909650e+00  4.0972711e-12  4.09727e-12  2.25306e-13  3.87197e-12
5.787704198e+00  4.1970269e-12  4.19703e-12  2.23327e-13  3.97370e-12
5.816642719e+00  4.2986441e-12  4.29864e-12  2.21364e-13  4.07728e-12
5.845725932e+00  4.4021322e-12  4.40213e-12  2.19417e-13  4.18272e-12
5.874954562e+00  4.5075004e-12  4.50750e-12  2.17485e-13  4.29001e-12
5.904329335e+00  4.6147572e-12  4.61476e-12  2.15570e-13  4.39919e-12
5.933850982e+00  4.7239104e-12  4.72391e-12  2.13670e-13  4.51024e-12
5.963520237e+00  4.8349674e-12  4.83497e-12  2.11786e-13  4.62318e-12
5.993337838e+00  4.9479348e-12  4.94793e-12  2.09916e-13  4.73802e-12
6.023304527e+00  5.0628186e-12  5.06282e-12  2.08063e-13  4.85476e-12
6.053421050e+00  5.1796242e-12  5.17962e-12  2.06224e-13  4.97340e-12
6.083688155e+00  5.2983563e-12  5.29836e-12  2.04400e-13  5.09396e-12
6.114106596e+00  5.4190189e-12  5.41902e-12  2.02592e-13  5.21643e-12
6.144677129e+00  5.5416153e-12  5.54162e-12  2.00798e-13  5.34082e-12
6.175400514e+00  5.6661483e-12  5.66615e-12  1.99019e-13  5.46713e-12
6.206277517e+00  5.7926198e-12  5.79262e-12  1.97255e-13  5.59537e-12
6.237308904e+00  5.9210309e-12  5.92103e-12  1.95505e-13  5.72553e-12
6.268495449e+00  6.0513822e-12  6.05138e-12  1.93769e-13  5.85761e-12
6.299837926e+00  6.1836736e-12  6.18367e-12  1.92048e-13  5.99163e-12
6.331337116e+00  6.3179040e-12  6.31790e-12  1.90341e-13  6.12756e-12
6.362993801e+00  6.4540718e-12  6.45407e-12  1.88649e-13  6.26542e-12
6.394808770e+00  6.5921745e-12  6.59217e-12  1.86970e-13  6.40520e-12
6.426782814e+00  6.7322089e-12  6.73221e-12  1.85305e-13  6.54690e-12
6.458916728e+00  6.8741712e-12  6.87417e-12  1.83654e-13  6.69052e-12
6.491211312e+00  7.0180564e-12  7.01806e-12  1.82017e-13  6.83604e-12
6.523667368e+00  7.1638592e-12  7.16386e-12  1.80393e-13  6.98347e-12
6.556285705e+00  7.3115733e-12  7.31157e-12  1.78783e-13  7.13279e-12
6.589067134e+00  7.4611916e-12  7.46119e-12  1.77187e-13  7.28400e-12
6.622012469e+00  7.6127063e-12  7.61271e-12  1.75603e-13  7.43710e-12
6.655122532e+00  7.7661087e-12  7.76611e-12  1.74033e-13  7.59208e-12
6.688398144e+00  7.9213894e-12  7.92139e-12  1.72476e-13  7.74891e-12
6.721840135e+00  8.0785383e-12  8.07854e-12  1.70932e-13  7.90761e-12
6.755449336e+00  8.2375443e-12  8.23754e-12  1.69401e-13  8.06814e-12
6.789226583e+00  8.3983955e-12  8.39840e-12  1.67883e-13  8.23051e-12
6.823172715e+00  8.5610795e-12  8.56108e-12  1.66378e-13  8.39470e-12
6.857288579e+00  8.7255829e-12  8.72558e-12  1.64885e-13  8.56070e-12
6.891575022e+00  8.8918914e-12  8.89189e-12  1.63405e-13  8.72849e-12
6.926032897e+00  9.0599901e-12  9.05999e-12  1.61937e-13  8.89805e-12
6.960663062e+00  9.2298633e-12  9.22986e-12  1.60482e-13  9.06938e-12
6.995466377e+00  9.4014943e-12  9.40149e-12  1.59039e-13  9.24246e-12
7.030443709e+00  9.5748659e-12  9.57487e-12  1.57608e-13  9.41726e-12
7.065595927e+00  9.7499599e-12  9.74996e-12  1.56190e-13  9.59377e-12
7.100923907e+00  9.9267575e-12  9.92676e-12  1.54783e-13  9.77197e-12
7.136428526e+00  1.0105239e-11  1.01052e-11  1.53388e-13  9.95185e-12
7.172110669e+00  1.0285384e-11  1.02854e-11  1.52005e-13  1.01334e-11
7.207971222e+00  1.0467171e-11  1.04672e-11  1.50634e-13  1.03165e-11
7.244011079e+00  1.0650578e-11  1.06506e-11  1.49274e-13  1.05013e-11
7.280231134e+00  1.0835583e-11  1.08356e-11  1.47926e-13  1.06877e-11
7.316632290e+00  1.1022163e-11  1.10222e-11  1.46590e-13  1.08756e-11
7.353215451e+00  1.1210292e-11  1.12103e-11  1.45265e-13  1.10650e-11
7.389981528e+00  1.1399946e-11  1.13999e-11  1.43951e-13  1.12560e-11
7.426931436e+00  1.1591100e-11  1.15911e-11  1.42648e-13  1.14485e-11
7.464066093e+00  1.1783726e-11  1.17837e-11  1.41357e-13  1.16424e-11
7.501386424e+00  1.1977799e-11  1.19778e-11  1.40077e-13  1.18377e-11
7.538893356e+00  1.2173290e-11  1.21733e-11  1.38807e-13  1.20345e-11
7.576587822e+00  1.2370171e-11  1.23702e-11  1.37549e-13  1.22326e-11
7.614470762e+00  1.2568413e-11  1.25684e-11  1.36301e-13  1.24321e-11
7.652543115e+00  1.2767985e-11  1.27680e-11  1.35064e-13  1.26329e-11
7.690805831e+00  1.2968859e-11  1.29689e-11  1.33837e-13  1.28350e-11
7.729259860e+00  1.3171002e-11  1.31710e-11  1.32621e-13  1.30384e-11
7.767906159e+00  1.3374382e-11  1.33744e-11  1.31416e-13  1.32430e-11
7.806745690e+00  1.3578969e-11  1.35790e-11  1.30221e-13  1.34487e-11
7.845779419e+00  1.3784728e-11  1.37847e-11  1.29036e-13  1.36557e-11
7.885008316e+00  1.3991627e-11  1.39916e-11  1.27862e-13  1.38638e-11
7.924433357e+00  1.4199631e-11  1.41996e-11  1.26697e-13  1.40729e-11
7.964055524e+00  1.4408705e-11  1.44087e-11  1.25543e-13  1.42832e-11
8.003875802e+00  1.4618816e-11  1.46188e-11  1.24399e-13  1.44944e-11
8.043895181e+00  1.4829926e-11  1.48299e-11  1.23264e-13  1.47067e-11
8.084114657e+00  1.5042000e-11  1.50420e-11  1.22139e-13  1.49199e-11
8.124535230e+00  1.5255001e-11  1.52550e-11  1.21025e-13  1.51340e-11
8.165157906e+00  1.5468892e-11  1.54689e-11  1.19919e-13  1.53490e-11
8.205983696e+00  1.5683636e-11  1.56836e-11  1.18824e-13  1.55648e-11
8.247013614e+00  1.5899194e-11  1.58992e-11  1.17738e-13  1.57815e-11
8.288248682e+00  1.6115528e-11  1.61155e-11  1.16661e-13  1.59989e-11
8.329689926e+00  1.6332598e-11  1.63326e-11  1.15594e-13  1.62170e-11
8.371338375e+00  1.6550367e-11  1.65504e-11  1.14536e-13  1.64358e-11
8.413195067e+00  1.6768793e-11  1.67688e-11  1.13487e-13  1.66553e-11
8.455261042e+00  1.6987837e-11  1.69878e-11  1.12448e-13  1.68754e-11
8.497537348e+00  1.7207459e-11  1.72075e-11  1.11417e-13  1.70960e-11
8.540025034e+00  1.7427618e-11  1.74276e-11  1.10396e-13  1.73172e-11
8.582725160e+00  1.7648272e-11  1.76483e-11  1.09383e-13  1.75389e-11
8.625638785e+00  1.7869381e-11  1.78694e-11  1.08379e-13  1.77610e-11
8.668766979e+00  1.8090903e-11  1.80909e-11  1.07384e-13  1.79835e-11
8.712110814e+00  1.8312796e-11  1.83128e-11  1.06398e-13  1.82064e-11
8.755671368e+00  1.8535018e-11  1.85350e-11  1.05421e-13  1.84296e-11
8.799449725e+00  1.8757526e-11  1.87575e-11  1.04452e-13  1.86531e-11
8.843446974e+00  1.8980279e-11  1.89803e-11  1.03491e-13  1.88768e-11
8.887664209e+00  1.9203233e-11  1.92032e-11  1.02539e-13  1.91007e-11
8.932102530e+00  1.9426346e-11  1.94263e-11  1.01595e-13  1.93248e-11
8.976763042e+00  1.9649575e-11  1.96496e-11  1.00660e-13  1.95489e-11
9.021646857e+00  1.9872876e-11  1.98729e-11  9.97328e-14  1.97731e-11
9.066755092e+00  2.0096207e-11  2.00962e-11  9.88138e-14  1.99974e-11
9.112088867e+00  2.0319523e-11  2.03195e-11  9.79030e-14  2.02216e-11
9.157649312e+00  2.0542783e-11  2.05428e-11  9.70001e-14  2.04458e-11
9.203437558e+00  2.0765941e-11  2.07659e-11  9.61053e-14  2.06698e-11
9.249454746e+00  2.0988956e-11  2.09890e-11  9.52183e-14  2.08937e-11
9.295702020e+00  2.1211782e-11  2.12118e-11  9.43392e-14  2.11174e-11
9.342180530e+00  2.1434378e-11  2.14344e-11  9.34679e-14  2.13409e-11
9.388891432e+00  2.1656699e-11  2.16567e-11  9.26043e-14  2.15641e-11
9.435835890e+00  2.1878702e-11  2.18787e-11  9.17483e-14  2.17870e-11
9.483015069e+00  2.2100344e-11  2.21003e-11  9.08999e-14  2.20094e-11
9.530430144e+00  2.2321581e-11  2.23216e-11  9.00591e-14  2.22315e-11
9.578082295e+00  2.2542371e-11  2.25424e-11  8.92257e-14  2.24531e-11
9.625972707e+00  2.2762670e-11  2.27627e-11  8.83997e-14  2.26743e-11
9.674102570e+00  2.2982435e-11  2.29824e-11  8.75810e-14  2.28949e-11
9.722473083e+00  2.3201623e-11  2.32016e-11  8.67697e-14  2.31149e-11
9.771085448e+00  2.3420193e-11  2.34202e-11  8.59655e-14  2.33342e-11
9.819940876e+00  2.3638102e-11  2.36381e-11  8.51685e-14  2.35529e-11
9.869040580e+00  2.3855306e-11  2.38553e-11  8.43786e-14  2.37709e-11
9.918385783e+00  2.4071765e-11  2.40718e-11  8.35958e-14  2.39882e-11
9.967977712e+00  2.4287437e-11  2.42874e-11  8.28199e-14  2.42046e-11
1.001781760e+01  2.4502280e-11  2.45023e-11  8.20510e-14  2.44202e-11
1.006790669e+01  2.4716252e-11  2.47163e-11  8.12889e-14  2.46350e-11
1.011824622e+01  2.4929314e-11  2.49293e-11  8.05336e-14  2.48488e-11
1.016883745e+01  2.5141424e-11  2.51414e-11  7.97851e-14  2.50616e-11
1.021968164e+01  2.5352541e-11  2.53525e-11  7.90433e-14  2.52735e-11
1.027078005e+01  2.5562627e-11  2.55626e-11  7.83081e-14  2.54843e-11
1.032213395e+01  2.5771640e-11  2.57716e-11  7.75795e-14  2.56941e-11
1.037374462e+01  2.5979543e-11  2.59795e-11  7.68575e-14  2.59027e-11
1.042561334e+01  2.6186295e-11  2.61863e-11  7.61419e-14  2.61102e-11
1.047774141e+01  2.6391858e-11  2.63919e-11  7.54327e-14  2.63164e-11
1.053013012e+01  2.6596195e-11  2.65962e-11  7.47299e-14  2.65215e-11
1.058278077e+01  2.6799267e-11  2.67993e-11  7.40334e-14  2.67252e-11
1.063569467e+01  2.7001037e-11  2.70010e-11  7.33432e-14  2.69277e-11
1.068887314e+01  2.7201468e-11  2.72015e-11  7.26592e-14  2.71288e-11
1.074231751e+01  2.7400524e-11  2.74005e-11  7.19813e-14  2.73285e-11
1.079602910e+01  2.7598168e-11  2.75982e-11  7.13096e-14  2.75269e-11
1.085000924e+01  2.7794365e-11  2.77944e-11  7.06438e-14  2.77237e-11
1.090425929e+01  2.7989081e-11  2.79891e-11  6.99841e-14  2.79191e-11
1.095878058e+01  2.8182280e-11  2.81823e-11  6.93304e-14  2.81129e-11
1.101357449e+01  2.8373928e-11  2.83739e-11  6.86825e-14  2.83052e-11
1.106864236e+01  2.8563993e-11  2.85640e-11  6.80405e-14  2.84960e-11
1.112398557e+01  2.8752440e-11  2.87524e-11  6.74043e-14  2.86850e-11
1.117960550e+01  2.8939238e-11  2.89392e-11  6.67738e-14  2.88725e-11
1.123550353e+01  2.9124354e-11  2.91244e-11  6.61490e-14  2.90582e-11
1.129168104e+01  2.9307758e-11  2.93078e-11  6.55299e-14  2.92422e-11
1.134813945e+01  2.9489417e-11  2.94894e-11  6.49164e-14  2.94245e-11
1.140488015e+01  2.9669303e-11  2.96693e-11  6.43085e-14  2.96050e-11
1.146190455e+01  2.9847385e-11  2.98474e-11  6.37060e-14  2.97837e-11
1.151921407e+01  3.0023635e-11  3.00236e-11  6.31090e-14  2.99605e-11
1.157681014e+01  3.0198023e-11  3.01980e-11  6.25175e-14  3.01355e-11
1.163469419e+01  3.0370523e-11  3.03705e-11  6.19313e-14  3.03086e-11
1.169286766e+01  3.0541105e-11  3.05411e-11  6.13504e-14  3.04798e-11
1.175133200e+01  3.0709745e-11  3.07097e-11  6.07748e-14  3.06490e-11
1.181008866e+01  3.0876416e-11  3.08764e-11  6.02044e-14  3.08162e-11
1.186913910e+01  3.1041092e-11  3.10411e-11  5.96392e-14  3.09815e-11
1.192848480e+01  3.1203749e-11  3.12037e-11  5.90791e-14  3.11447e-11
1.198812722e+01  3.1364361e-11  3.13644e-11  5.85242e-14  3.13058e-11
1.204806786e+01  3.1522907e-11  3.15229e-11  5.79743e-14  3.14649e-11
1.210830820e+01  3.1679363e-11  3.16794e-11  5.74294e-14  3.16219e-11
1.216884974e+01  3.1833706e-11  3.18337e-11  5.68895e-14  3.17768e-11
1.222969399e+01  3.1985915e-11  3.19859e-11  5.63545e-14  3.19296e-11
1.229084246e+01  3.2135969e-11  3.21360e-11  5.58243e-14  3.20801e-11
1.235229667e+01  3.2283848e-11  3.22838e-11  5.52991e-14  3.22285e-11
1.241405815e+01  3.2429532e-11  3.24295e-11  5.47786e-14  3.23748e-11
1.247612845e+01  3.2573001e-11  3.25730e-11  5.42628e-14  3.25187e-11
1.253850909e+01  3.2714238e-11  3.27142e-11  5.37518e-14  3.26605e-11
1.260120163e+01  3.2853224e-11  3.28532e-11  5.32455e-14  3.28000e-11
1.266420764e+01  3.2989944e-11  3.29899e-11  5.27438e-14  3.29372e-11
1.272752868e+01  3.3124379e-11  3.31244e-11  5.22466e-14  3.30721e-11
1.279116632e+01  3.3256515e-11  3.32565e-11  5.17541e-14  3.32048e-11
1.285512215e+01  3.3386336e-11  3.33863e-11  5.12660e-14  3.33351e-11
1.291939776e+01  3.3513828e-11  3.35138e-11  5.07824e-14  3.34630e-11
1.298399475e+01  3.3638977e-11  3.36390e-11  5.03032e-14  3.35887e-11
1.304891473e+01  3.3761771e-11  3.37618e-11  4.98285e-14  3.37119e-11
1.311415930e+01  3.3882195e-11  3.38822e-11  4.93581e-14  3.38328e-11
1.317973010e+01  3.4000240e-11  3.40002e-11  4.88920e-14  3.39513e-11
1.324562875e+01  3.4115892e-11  3.41159e-11  4.84302e-14  3.40675e-11
1.331185689e+01  3.4229143e-11  3.42291e-11  4.79726e-14  3.41812e-11
1.337841618e+01  3.4339982e-11  3.43400e-11  4.75193e-14  3.42925e-11
1.344530826e+01  3.4448399e-11  3.44484e-11  4.70701e-14  3.44013e-11
1.351253480e+01  3.4554387e-11  3.45544e-11  4.66250e-14  3.45078e-11
1.358009747e+01  3.4657936e-11  3.46579e-11  4.61840e-14  3.46118e-11
1.364799796e+01  3.4759041e-11  3.47590e-11  4.57471e-14  3.47133e-11
1.371623795e+01  3.4857694e-11  3.48577e-11  4.53143e-14  3.48124e-11
1.378481914e+01  3.4953889e-11  3.49539e-11  4.48854e-14  3.49090e-11
1.385374323e+01  3.5047620e-11  3.50476e-11  4.44604e-14  3.50032e-11
1.392301195e+01  3.5138883e-11  3.51389e-11  4.40394e-14  3.50948e-11
1.399262701e+01  3.5227674e-11  3.52277e-11  4.36223e-14  3.51841e-11
1.406259015e+01  3.5313988e-11  3.53140e-11  4.32090e-14  3.52708e-11
1.413290310e+01  3.5397823e-11  3.53978e-11  4.27995e-14  3.53550e-11
1.420356761e+01  3.5479177e-11  3.54792e-11  4.23939e-14  3.54368e-11
1.427458545e+01  3.5558048e-11  3.55580e-11  4.19919e-14  3.55161e-11
1.434595838e+01  3.5634433e-11  3.56344e-11  4.15937e-14  3.55928e-11
1.441768817e+01  3.5708334e-11  3.57083e-11  4.11992e-14  3.56671e-11
1.448977661e+01  3.5779748e-11  3.57797e-11  4.08083e-14  3.57389e-11
1.456222549e+01  3.5848678e-11  3.58487e-11  4.04210e-14  3.58083e-11
1.463503662e+01  3.5915124e-11  3.59151e-11  4.00373e-14  3.58751e-11
1.470821180e+01  3.5979088e-11  3.59791e-11  3.96572e-14  3.59394e-11
1.478175286e+01  3.6040572e-11  3.60406e-11  3.92806e-14  3.60013e-11
1.485566163e+01  3.6099578e-11  3.60996e-11  3.89074e-14  3.60607e-11
1.492993994e+01  3.6156110e-11  3.61561e-11  3.85378e-14  3.61176e-11
1.500458964e+01  3.6210171e-11  3.62102e-11  3.81715e-14  3.61720e-11
1.507961258e+01  3.6261766e-11  3.62618e-11  3.78087e-14  3.62240e-11
1.515501065e+01  3.6310900e-11  3.63109e-11  3.74492e-14  3.62735e-11
1.523078570e+01  3.6357578e-11  3.63576e-11  3.70931e-14  3.63205e-11
1.530693963e+01  3.6401805e-11  3.64018e-11  3.67403e-14  3.63651e-11
1.538347433e+01  3.6443588e-11  3.64436e-11  3.63907e-14  3.64072e-11
1.546039170e+01  3.6482934e-11  3.64829e-11  3.60444e-14  3.64469e-11
1.553769366e+01  3.6519850e-11  3.65198e-11  3.57014e-14  3.64841e-11
1.561538212e+01  3.6554344e-11  3.65543e-11  3.53615e-14  3.65190e-11
1.569345903e+01  3.6586423e-11  3.65864e-11  3.50248e-14  3.65514e-11
1.577192633e+01  3.6616097e-11  3.66161e-11  3.46912e-14  3.65814e-11
1.585078596e+01  3.6643375e-11  3.66434e-11  3.43607e-14  3.66090e-11
1.593003989e+01  3.6668266e-11  3.66683e-11  3.40333e-14  3.66342e-11
1.600969009e+01  3.6690780e-11  3.66908e-11  3.37089e-14  3.66571e-11
1.608973854e+01  3.6710928e-11  3.67109e-11  3.33876e-14  3.66775e-11
1.617018723e+01  3.6728720e-11  3.67287e-11  3.30693e-14  3.66957e-11
1.625103817e+01  3.6744167e-11  3.67442e-11  3.27539e-14  3.67114e-11
1.633229336e+01  3.6757282e-11  3.67573e-11  3.24415e-14  3.67248e-11
1.641395483e+01  3.6768075e-11  3.67681e-11  3.21320e-14  3.67359e-11
1.649602460e+01  3.6776560e-11  3.67766e-11  3.18254e-14  3.67447e-11
1.657850473e+01  3.6782749e-11  3.67827e-11  3.15216e-14  3.67512e-11
1.666139725e+01  3.6786656e-11  3.67867e-11  3.12207e-14  3.67554e-11
1.674470424e+01  3.6788293e-11  3.67883e-11  3.09226e-14  3.67574e-11
1.682842776e+01  3.6787675e-11  3.67877e-11  3.06273e-14  3.67570e-11
1.691256990e+01  3.6784815e-11  3.67848e-11  3.03347e-14  3.67545e-11
1.699713274e+01  3.6779728e-11  3.67797e-11  3.00449e-14  3.67497e-11
1.708211841e+01  3.6772430e-11  3.67724e-11  2.97578e-14  3.67427e-11
1.716752900e+01  3.6762934e-11  3.67629e-11  2.94734e-14  3.67335e-11
1.725336665e+01  3.6751257e-11  3.67513e-11  2.91916e-14  3.67221e-11
1.733963348e+01  3.6737414e-11  3.67374e-11  2.89125e-14  3.67085e-11
1.742633165e+01  3.6721421e-11  3.67214e-11  2.86360e-14  3.66928e-11
1.751346330e+01  3.6703295e-11  3.67033e-11  2.83621e-14  3.66749e-11
1.760103062e+01  3.6683051e-11  3.66831e-11  2.80908e-14  3.66550e-11
1.768903577e+01  3.6660707e-11  3.66607e-11  2.78220e-14  3.66329e-11
1.777748095e+01  3.6636280e-11  3.66363e-11  2.75557e-14  3.66087e-11
1.786636836e+01  3.6609788e-11  3.66098e-11  2.72919e-14  3.65825e-11
1.795570020e+01  3.6581247e-11  3.65812e-11  2.70306e-14  3.65542e-11
1.804547870e+01  3.6550675e-11  3.65507e-11  2.67718e-14  3.65239e-11
1.813570609e+01  3.6518091e-11  3.65181e-11  2.65154e-14  3.64916e-11
1.822638462e+01  3.6483512e-11  3.64835e-11  2.62614e-14  3.64573e-11
1.831751655e+01  3.6446958e-11  3.64470e-11  2.60098e-14  3.64209e-11
1.840910413e+01  3.6408446e-11  3.64084e-11  2.57605e-14  3.63827e-11
1.850114965e+01  3.6367996e-11  3.63680e-11  2.55136e-14  3.63425e-11
1.859365540e+01  3.6325626e-11  3.63256e-11  2.52690e-14  3.63004e-11
1.868662368e+01  3.6281356e-11  3.62814e-11  2.50267e-14  3.62563e-11
1.878005679e+01  3.6235206e-11  3.62352e-11  2.47867e-14  3.62104e-11
1.887395708e+01  3.6187193e-11  3.61872e-11  2.45490e-14  3.61626e-11
1.896832686e+01  3.6137339e-11  3.61373e-11  2.43135e-14  3.61130e-11
1.906316850e+01  3.6085663e-11  3.60857e-11  2.40802e-14  3.60616e-11
1.915848434e+01  3.6032185e-11  3.60322e-11  2.38491e-14  3.60083e-11
1.925427676e+01  3.5976924e-11  3.59769e-11  2.36202e-14  3.59533e-11
1.935054815e+01  3.5919902e-11  3.59199e-11  2.33934e-14  3.58965e-11
1.944730089e+01  3.5861139e-11  3.58611e-11  2.31688e-14  3.58380e-11
1.954453739e+01  3.5800654e-11  3.58007e-11  2.29463e-14  3.57777e-11
1.964226008e+01  3.5738469e-11  3.57385e-11  2.27259e-14  3.57157e-11
1.974047138e+01  3.5674603e-11  3.56746e-11  2.25076e-14  3.56521e-11
1.983917374e+01  3.5609079e-11  3.56091e-11  2.22913e-14  3.55868e-11
1.993836960e+01  3.5541916e-11  3.55419e-11  2.20771e-14  3.55198e-11
2.003806145e+01  3.5473135e-11  3.54731e-11  2.18649e-14  3.54513e-11
2.013825176e+01  3.5402757e-11  3.54028e-11  2.16547e-14  3.53811e-11
2.023894302e+01  3.5330804e-11  3.53308e-11  2.14465e-14  3.53094e-11
2.034013773e+01  3.5257296e-11  3.52573e-11  2.12403e-14  3.52361e-11
2.044183842e+01  3.5182254e-11  3.51823e-11  2.10360e-14  3.51612e-11
2.054404761e+01  3.5105700e-11  3.51057e-11  2.08336e-14  3.50849e-11
2.064676785e+01  3.5027655e-11  3.50277e-11  2.06332e-14  3.50070e-11
2.075000169e+01  3.4948139e-11  3.49481e-11  2.04347e-14  3.49277e-11
2.085375170e+01  3.4867174e-11  3.48672e-11  2.02380e-14  3.48469e-11
2.095802046e+01  3.4784782e-11  3.47848e-11  2.00432e-14  3.47647e-11
2.106281056e+01  3.4700984e-11  3.47010e-11  1.98502e-14  3.46811e-11
2.116812461e+01  3.4615800e-11  3.46158e-11  1.96591e-14  3.45961e-11
2.127396524e+01  3.4529252e-11  3.45293e-11  1.94698e-14  3.45098e-11
2.138033506e+01  3.4441362e-11  3.44414e-11  1.92823e-14  3.44221e-11
2.148723674e+01  3.4352151e-11  3.43522e-11  1.90965e-14  3.43331e-11
2.159467292e+01  3.4261639e-11  3.42616e-11  1.89125e-14  3.42427e-11
2.170264629e+01  3.4169848e-11  3.41698e-11  1.87303e-14  3.41511e-11
2.181115952e+01  3.4076800e-11  3.40768e-11  1.85498e-14  3.40583e-11
2.192021532e+01  3.3982515e-11  3.39825e-11  1.83710e-14  3.39641e-11
2.202981639e+01  3.3887015e-11  3.38870e-11  1.81939e-14  3.38688e-11
2.213996547e+01  3.3790321e-11  3.37903e-11  1.80185e-14  3.37723e-11
2.225066530e+01  3.3692453e-11  3.36925e-11  1.78447e-14  3.36746e-11
2.236191863e+01  3.3593434e-11  3.35934e-11  1.76726e-14  3.35758e-11
2.247372822e+01  3.3493283e-11  3.34933e-11  1.75021e-14  3.34758e-11
2.258609686e+01  3.3392021e-11  3.33920e-11  1.73333e-14  3.33747e-11
2.269902735e+01  3.3289670e-11  3.32897e-11  1.71660e-14  3.32725e-11
2.281252248e+01  3.3186251e-11  3.31863e-11  1.70004e-14  3.31693e-11
2.292658510e+01  3.3081783e-11  3.30818e-11  1.68363e-14  3.30649e-11
2.304121802e+01  3.2976288e-11  3.29763e-11  1.66738e-14  3.29596e-11
2.315642411e+01  3.2869787e-11  3.28698e-11  1.65128e-14  3.28533e-11
2.327220623e+01  3.2762299e-11  3.27623e-11  1.63533e-14  3.27459e-11
2.338856726e+01  3.2653845e-11  3.26538e-11  1.61954e-14  3.26376e-11
2.350551010e+01  3.2544445e-11  3.25444e-11  1.60390e-14  3.25284e-11
2.362303765e+01  3.2434120e-11  3.24341e-11  1.58840e-14  3.24182e-11
2.374115284e+01  3.2322890e-11  3.23229e-11  1.57306e-14  3.23072e-11
2.385985860e+01  3.2210774e-11  3.22108e-11  1.55786e-14  3.21952e-11
2.397915789e+01  3.2097793e-11  3.20978e-11  1.54280e-14  3.20824e-11
2.409905368e+01  3.1983967e-11  3.19840e-11  1.52789e-14  3.19687e-11
2.421954895e+01  3.1869315e-11  3.18693e-11  1.51312e-14  3.18542e-11
2.434064670e+01  3.1753857e-11  3.17539e-11  1.49849e-14  3.17389e-11
2.446234993e+01  3.1637612e-11  3.16376e-11  1.48400e-14  3.16228e-11
2.458466168e+01  3.1520600e-11  3.15206e-11  1.46965e-14  3.15059e-11
2.470758499e+01  3.1402840e-11  3.14028e-11  1.45544e-14  3.13883e-11
2.483112291e+01  3.1284351e-11  3.12844e-11  1.44136e-14  3.12699e-11
2.495527853e+01  3.1165152e-11  3.11652e-11  1.42742e-14  3.11509e-11
