# ------------------------------------------------------------------------
# Radiance spectrum
# NASA-GSFC Planetary Spectrum Generator (PSG) (Villanueva et al. 2018, 2022)
# Synthesized on Sat Dec 23 00:43:23 2023
# Doppler velocities [km/s] (vobs,vrot+vorb,vwidth,vrfl,vstr): 0.00000,-0.00000,0.00000,-119.41115,-0.00000
# Spectral unit: Wavelength [um]
# Radiance unit: Spectral irradiance [W/m2/um]
# Wave/freq Total Object Reflected Thermal
5.000000000e-01  5.7578142e-13  5.75781e-13  5.75781e-13  3.21028e-53
5.025000000e-01  6.0812378e-13  6.08124e-13  6.08124e-13  5.45277e-53
5.050125000e-01  6.2937398e-13  6.29374e-13  6.29374e-13  9.25155e-53
5.075375625e-01  6.4927833e-13  6.49278e-13  6.49278e-13  1.56578e-52
5.100752503e-01  6.6966808e-13  6.69668e-13  6.69668e-13  2.64275e-52
5.126256266e-01  6.9529481e-13  6.95295e-13  6.95295e-13  4.44543e-52
5.151887547e-01  7.2142548e-13  7.21425e-13  7.21425e-13  7.45755e-52
5.177646985e-01  7.4749736e-13  7.47497e-13  7.47497e-13  1.24780e-51
5.203535220e-01  7.7414704e-13  7.74147e-13  7.74147e-13  2.08221e-51
5.229552896e-01  8.0178846e-13  8.01788e-13  8.01788e-13  3.46512e-51
5.255700660e-01  8.2960769e-13  8.29608e-13  8.29608e-13  5.75147e-51
5.281979164e-01  8.5667760e-13  8.56678e-13  8.56678e-13  9.52285e-51
5.308389059e-01  8.8515766e-13  8.85158e-13  8.85158e-13  1.57239e-50
5.334931005e-01  9.1600782e-13  9.16008e-13  9.16008e-13  2.58889e-50
5.361605660e-01  9.4661824e-13  9.46618e-13  9.46618e-13  4.25186e-50
5.388413688e-01  9.7645073e-13  9.76451e-13  9.76451e-13  6.96617e-50
5.415355756e-01  1.0068679e-12  1.00687e-12  1.00687e-12  1.13838e-49
5.442432535e-01  1.0377839e-12  1.03778e-12  1.03778e-12  1.85551e-49
5.469644698e-01  1.0657430e-12  1.06574e-12  1.06574e-12  3.01806e-49
5.496992921e-01  1.0926271e-12  1.09263e-12  1.09263e-12  4.89748e-49
5.524477886e-01  1.1237110e-12  1.12371e-12  1.12371e-12  7.92345e-49
5.552100275e-01  1.1553635e-12  1.15536e-12  1.15536e-12  1.27867e-48
5.579860777e-01  1.1835643e-12  1.18356e-12  1.18356e-12  2.05936e-48
5.607760081e-01  1.2119073e-12  1.21191e-12  1.21191e-12  3.30858e-48
5.635798881e-01  1.2401076e-12  1.24011e-12  1.24011e-12  5.30281e-48
5.663977875e-01  1.2685263e-12  1.26853e-12  1.26853e-12  8.47834e-48
5.692297765e-01  1.2971587e-12  1.29716e-12  1.29716e-12  1.35226e-47
5.720759254e-01  1.3235354e-12  1.32354e-12  1.32354e-12  2.15226e-47
5.749363050e-01  1.3491272e-12  1.34913e-12  1.34913e-12  3.41772e-47
5.778109865e-01  1.3761207e-12  1.37612e-12  1.37612e-12  5.41345e-47
5.807000414e-01  1.4021176e-12  1.40212e-12  1.40212e-12  8.55539e-47
5.836035417e-01  1.4240700e-12  1.42407e-12  1.42407e-12  1.34958e-46
5.865215594e-01  1.4476763e-12  1.44768e-12  1.44768e-12  2.12350e-46
5.894541672e-01  1.4728644e-12  1.47286e-12  1.47286e-12  3.33283e-46
5.924014380e-01  1.4965795e-12  1.49658e-12  1.49658e-12  5.21968e-46
5.953634452e-01  1.5195868e-12  1.51959e-12  1.51959e-12  8.15661e-46
5.983402624e-01  1.5387496e-12  1.53875e-12  1.53875e-12  1.27225e-45
6.013319637e-01  1.5578372e-12  1.55784e-12  1.55784e-12  1.97992e-45
6.043386235e-01  1.5767427e-12  1.57674e-12  1.57674e-12  3.07426e-45
6.073603167e-01  1.5978140e-12  1.59781e-12  1.59781e-12  4.76145e-45
6.103971182e-01  1.6195407e-12  1.61954e-12  1.61954e-12  7.35742e-45
6.134491038e-01  1.6403759e-12  1.64038e-12  1.64038e-12  1.13444e-44
6.165163494e-01  1.6576963e-12  1.65770e-12  1.65770e-12  1.74599e-44
6.195989311e-01  1.6713351e-12  1.67134e-12  1.67134e-12  2.68236e-44
6.226969258e-01  1.6895478e-12  1.68955e-12  1.68955e-12  4.10964e-44
6.258104104e-01  1.7073252e-12  1.70733e-12  1.70733e-12  6.28281e-44
6.289394624e-01  1.7217846e-12  1.72178e-12  1.72178e-12  9.58766e-44
6.320841597e-01  1.7395031e-12  1.73950e-12  1.73950e-12  1.45936e-43
6.352445805e-01  1.7584863e-12  1.75849e-12  1.75849e-12  2.21620e-43
6.384208035e-01  1.7724847e-12  1.77248e-12  1.77248e-12  3.36013e-43
6.416129075e-01  1.7868501e-12  1.78685e-12  1.78685e-12  5.08334e-43
6.448209720e-01  1.8013684e-12  1.80137e-12  1.80137e-12  7.67368e-43
6.480450769e-01  1.8157115e-12  1.81571e-12  1.81571e-12  1.15595e-42
6.512853022e-01  1.8296554e-12  1.82966e-12  1.82966e-12  1.73769e-42
6.545417288e-01  1.8431934e-12  1.84319e-12  1.84319e-12  2.60679e-42
6.578144374e-01  1.8572073e-12  1.85721e-12  1.85721e-12  3.90214e-42
6.611035096e-01  1.8700291e-12  1.87003e-12  1.87003e-12  5.82970e-42
6.644090271e-01  1.8806342e-12  1.88063e-12  1.88063e-12  8.69338e-42
6.677310723e-01  1.8949557e-12  1.89496e-12  1.89496e-12  1.29317e-41
6.710697276e-01  1.9088600e-12  1.90886e-12  1.90886e-12  1.91977e-41
6.744250763e-01  1.9200731e-12  1.92007e-12  1.92007e-12  2.84494e-41
6.777972017e-01  1.9278795e-12  1.92788e-12  1.92788e-12  4.20888e-41
6.811861877e-01  1.9357819e-12  1.93578e-12  1.93578e-12  6.21398e-41
6.845921186e-01  1.9452730e-12  1.94527e-12  1.94527e-12  9.15422e-41
6.880150792e-01  1.9536082e-12  1.95361e-12  1.95361e-12  1.34601e-40
6.914551546e-01  1.9612373e-12  1.96124e-12  1.96124e-12  1.97533e-40
6.949124304e-01  1.9679216e-12  1.96792e-12  1.96792e-12  2.89336e-40
6.983869925e-01  1.9793509e-12  1.97935e-12  1.97935e-12  4.22756e-40
7.018789275e-01  1.9881050e-12  1.98811e-12  1.98811e-12  6.16652e-40
7.053883221e-01  1.9941577e-12  1.99416e-12  1.99416e-12  8.97959e-40
7.089152637e-01  1.9992450e-12  1.99925e-12  1.99925e-12  1.30516e-39
7.124598400e-01  2.0035947e-12  2.00359e-12  2.00359e-12  1.89348e-39
7.160221392e-01  2.0080282e-12  2.00803e-12  2.00803e-12  2.74163e-39
7.196022499e-01  2.0139693e-12  2.01397e-12  2.01397e-12  3.96143e-39
7.232002612e-01  2.0189370e-12  2.01894e-12  2.01894e-12  5.71354e-39
7.268162625e-01  2.0244728e-12  2.02447e-12  2.02447e-12  8.22437e-39
7.304503438e-01  2.0303434e-12  2.03034e-12  2.03034e-12  1.18157e-38
7.341025955e-01  2.0339173e-12  2.03392e-12  2.03392e-12  1.69471e-38
7.377731085e-01  2.0348178e-12  2.03482e-12  2.03482e-12  2.42678e-38
7.414619740e-01  2.0339895e-12  2.03399e-12  2.03399e-12  3.46918e-38
7.451692839e-01  2.0319046e-12  2.03190e-12  2.03190e-12  4.95069e-38
7.488951303e-01  2.0275895e-12  2.02759e-12  2.02759e-12  7.05333e-38
7.526396060e-01  2.0229710e-12  2.02297e-12  2.02297e-12  1.00307e-37
7.564028040e-01  2.0197502e-12  2.01975e-12  2.01975e-12  1.42368e-37
7.601848180e-01  2.0189125e-12  2.01891e-12  2.01891e-12  2.01648e-37
7.639857421e-01  2.0116951e-12  2.01170e-12  2.01170e-12  2.85270e-37
7.678056708e-01  2.0100361e-12  2.01004e-12  2.01004e-12  4.02621e-37
7.716446992e-01  2.0049125e-12  2.00491e-12  2.00491e-12  5.67414e-37
7.755029227e-01  1.9934880e-12  1.99349e-12  1.99349e-12  7.98713e-37
7.793804373e-01  1.9887519e-12  1.98875e-12  1.98875e-12  1.12156e-36
7.832773395e-01  1.9768404e-12  1.97684e-12  1.97684e-12  1.57321e-36
7.871937262e-01  1.9705360e-12  1.97054e-12  1.97054e-12  2.20163e-36
7.911296948e-01  1.9669064e-12  1.96691e-12  1.96691e-12  3.07488e-36
7.950853433e-01  1.9559574e-12  1.95596e-12  1.95596e-12  4.29000e-36
7.990607700e-01  1.9516427e-12  1.95164e-12  1.95164e-12  5.97108e-36
8.030560739e-01  1.9401167e-12  1.94012e-12  1.94012e-12  8.30228e-36
8.070713542e-01  1.9292935e-12  1.92929e-12  1.92929e-12  1.15229e-35
8.111067110e-01  1.9198002e-12  1.91980e-12  1.91980e-12  1.59635e-35
8.151622446e-01  1.9062995e-12  1.90630e-12  1.90630e-12  2.20861e-35
8.192380558e-01  1.9039626e-12  1.90396e-12  1.90396e-12  3.04727e-35
8.233342461e-01  1.8787002e-12  1.87870e-12  1.87870e-12  4.20642e-35
8.274509173e-01  1.8654810e-12  1.86548e-12  1.86548e-12  5.79013e-35
8.315881719e-01  1.8584767e-12  1.85848e-12  1.85848e-12  7.95212e-35
8.357461127e-01  1.8434731e-12  1.84347e-12  1.84347e-12  1.09115e-34
8.399248433e-01  1.8338232e-12  1.83382e-12  1.83382e-12  1.49398e-34
8.441244675e-01  1.8247908e-12  1.82479e-12  1.82479e-12  2.04205e-34
8.483450899e-01  1.8145037e-12  1.81450e-12  1.81450e-12  2.78695e-34
8.525868153e-01  1.8053401e-12  1.80534e-12  1.80534e-12  3.79697e-34
8.568497494e-01  1.7948010e-12  1.79480e-12  1.79480e-12  5.16532e-34
8.611339981e-01  1.7826370e-12  1.78264e-12  1.78264e-12  7.01654e-34
8.654396681e-01  1.7738596e-12  1.77386e-12  1.77386e-12  9.51294e-34
8.697668665e-01  1.7685992e-12  1.76860e-12  1.76860e-12  1.28728e-33
8.741157008e-01  1.7553330e-12  1.75533e-12  1.75533e-12  1.74045e-33
8.784862793e-01  1.7414535e-12  1.74145e-12  1.74145e-12  2.34958e-33
8.828787107e-01  1.7329785e-12  1.73298e-12  1.73298e-12  3.16532e-33
8.872931042e-01  1.7232697e-12  1.72327e-12  1.72327e-12  4.25811e-33
8.917295698e-01  1.7138331e-12  1.71383e-12  1.71383e-12  5.71911e-33
8.961882176e-01  1.7086796e-12  1.70868e-12  1.70868e-12  7.66648e-33
9.006691587e-01  1.6976641e-12  1.69766e-12  1.69766e-12  1.02667e-32
9.051725045e-01  1.6889314e-12  1.68893e-12  1.68893e-12  1.37249e-32
9.096983670e-01  1.6814805e-12  1.68148e-12  1.68148e-12  1.83177e-32
9.142468589e-01  1.6746863e-12  1.67469e-12  1.67469e-12  2.44090e-32
9.188180931e-01  1.6627970e-12  1.66280e-12  1.66280e-12  3.24922e-32
9.234121836e-01  1.6578217e-12  1.65782e-12  1.65782e-12  4.31596e-32
9.280292445e-01  1.6515061e-12  1.65151e-12  1.65151e-12  5.72508e-32
9.326693908e-01  1.6409826e-12  1.64098e-12  1.64098e-12  7.58593e-32
9.373327377e-01  1.6327488e-12  1.63275e-12  1.63275e-12  1.00347e-31
9.420194014e-01  1.6245579e-12  1.62456e-12  1.62456e-12  1.32542e-31
9.467294984e-01  1.6144185e-12  1.61442e-12  1.61442e-12  1.74844e-31
9.514631459e-01  1.6096805e-12  1.60968e-12  1.60968e-12  2.30196e-31
9.562204616e-01  1.6054818e-12  1.60548e-12  1.60548e-12  3.02617e-31
9.610015639e-01  1.6012006e-12  1.60120e-12  1.60120e-12  3.97252e-31
9.658065718e-01  1.5887715e-12  1.58877e-12  1.58877e-12  5.21126e-31
9.706356046e-01  1.5847099e-12  1.58471e-12  1.58471e-12  6.82125e-31
9.754887826e-01  1.5818075e-12  1.58181e-12  1.58181e-12  8.91502e-31
9.803662265e-01  1.5742481e-12  1.57425e-12  1.57425e-12  1.16400e-30
9.852680577e-01  1.5624202e-12  1.56242e-12  1.56242e-12  1.51826e-30
9.901943980e-01  1.5594192e-12  1.55942e-12  1.55942e-12  1.97596e-30
9.951453700e-01  1.5507965e-12  1.55080e-12  1.55080e-12  2.56939e-30
1.000121097e+00  1.5429742e-12  1.54297e-12  1.54297e-12  3.33618e-30
1.005121702e+00  1.5369333e-12  1.53693e-12  1.53693e-12  4.32513e-30
1.010147311e+00  1.5320537e-12  1.53205e-12  1.53205e-12  5.59895e-30
1.015198047e+00  1.5245342e-12  1.52453e-12  1.52453e-12  7.23983e-30
1.020274038e+00  1.5263725e-12  1.52637e-12  1.52637e-12  9.34075e-30
1.025375408e+00  1.5259255e-12  1.52593e-12  1.52593e-12  1.20376e-29
1.030502285e+00  1.5235704e-12  1.52357e-12  1.52357e-12  1.54950e-29
1.035654796e+00  1.5174924e-12  1.51749e-12  1.51749e-12  1.99258e-29
1.040833070e+00  1.5191277e-12  1.51913e-12  1.51913e-12  2.55709e-29
1.046037236e+00  1.5149793e-12  1.51498e-12  1.51498e-12  3.27898e-29
1.051267422e+00  1.5067738e-12  1.50677e-12  1.50677e-12  4.20073e-29
1.056523759e+00  1.5047995e-12  1.50480e-12  1.50480e-12  5.37139e-29
1.061806378e+00  1.4984155e-12  1.49842e-12  1.49842e-12  6.86219e-29
1.067115410e+00  1.4949853e-12  1.49499e-12  1.49499e-12  8.75295e-29
1.072450987e+00  1.4960514e-12  1.49605e-12  1.49605e-12  1.11455e-28
1.077813242e+00  1.4912866e-12  1.49129e-12  1.49129e-12  1.41817e-28
1.083202308e+00  1.4937536e-12  1.49375e-12  1.49375e-12  1.80094e-28
1.088618319e+00  1.4966088e-12  1.49661e-12  1.49661e-12  2.28404e-28
1.094061411e+00  1.4946153e-12  1.49462e-12  1.49462e-12  2.89439e-28
1.099531718e+00  1.4969444e-12  1.49694e-12  1.49694e-12  3.66171e-28
1.105029377e+00  1.4908975e-12  1.49090e-12  1.49090e-12  4.63038e-28
1.110554523e+00  1.4959044e-12  1.49590e-12  1.49590e-12  5.84174e-28
1.116107296e+00  1.4949189e-12  1.49492e-12  1.49492e-12  7.36514e-28
1.121687832e+00  1.4971516e-12  1.49715e-12  1.49715e-12  9.27142e-28
1.127296272e+00  1.4920286e-12  1.49203e-12  1.49203e-12  1.16651e-27
1.132932753e+00  1.4893103e-12  1.48931e-12  1.48931e-12  1.46555e-27
1.138597417e+00  1.4885119e-12  1.48851e-12  1.48851e-12  1.83865e-27
1.144290404e+00  1.4964790e-12  1.49648e-12  1.49648e-12  2.30196e-27
1.150011856e+00  1.4969042e-12  1.49690e-12  1.49690e-12  2.88068e-27
1.155761915e+00  1.4964408e-12  1.49644e-12  1.49644e-12  3.60087e-27
1.161540725e+00  1.5021305e-12  1.50213e-12  1.50213e-12  4.49300e-27
1.167348428e+00  1.5016167e-12  1.50162e-12  1.50162e-12  5.60295e-27
1.173185171e+00  1.5046979e-12  1.50470e-12  1.50470e-12  6.97632e-27
1.179051096e+00  1.5066552e-12  1.50666e-12  1.50666e-12  8.67708e-27
1.184946352e+00  1.5144504e-12  1.51445e-12  1.51445e-12  1.07735e-26
1.190871084e+00  1.5170082e-12  1.51701e-12  1.51701e-12  1.33678e-26
1.196825439e+00  1.5115436e-12  1.51154e-12  1.51154e-12  1.65811e-26
1.202809566e+00  1.5154081e-12  1.51541e-12  1.51541e-12  2.05236e-26
1.208823614e+00  1.5281762e-12  1.52818e-12  1.52818e-12  2.53512e-26
1.214867732e+00  1.5343894e-12  1.53439e-12  1.53439e-12  3.12993e-26
1.220942071e+00  1.5447343e-12  1.54473e-12  1.54473e-12  3.85823e-26
1.227046781e+00  1.5550444e-12  1.55504e-12  1.55504e-12  4.75060e-26
1.233182015e+00  1.5630961e-12  1.56310e-12  1.56310e-12  5.84411e-26
1.239347925e+00  1.5669172e-12  1.56692e-12  1.56692e-12  7.18442e-26
1.245544665e+00  1.5691980e-12  1.56920e-12  1.56920e-12  8.82368e-26
1.251772388e+00  1.5786411e-12  1.57864e-12  1.57864e-12  1.08167e-25
1.258031250e+00  1.5812533e-12  1.58125e-12  1.58125e-12  1.32548e-25
1.264321406e+00  1.5873701e-12  1.58737e-12  1.58737e-12  1.62184e-25
1.270643013e+00  1.5952123e-12  1.59521e-12  1.59521e-12  1.98193e-25
1.276996228e+00  1.6033505e-12  1.60335e-12  1.60335e-12  2.41922e-25
1.283381209e+00  1.6051903e-12  1.60519e-12  1.60519e-12  2.95181e-25
1.289798116e+00  1.6173746e-12  1.61737e-12  1.61737e-12  3.59369e-25
1.296247106e+00  1.6219872e-12  1.62199e-12  1.62199e-12  4.37403e-25
1.302728342e+00  1.6288324e-12  1.62883e-12  1.62883e-12  5.31681e-25
1.309241983e+00  1.6341591e-12  1.63416e-12  1.63416e-12  6.45697e-25
1.315788193e+00  1.6438140e-12  1.64381e-12  1.64381e-12  7.82952e-25
1.322367134e+00  1.6495084e-12  1.64951e-12  1.64951e-12  9.48796e-25
1.328978970e+00  1.6555999e-12  1.65560e-12  1.65560e-12  1.14851e-24
1.335623865e+00  1.6622919e-12  1.66229e-12  1.66229e-12  1.38870e-24
1.342301984e+00  1.6689497e-12  1.66895e-12  1.66895e-12  1.67739e-24
1.349013494e+00  1.6746368e-12  1.67464e-12  1.67464e-12  2.02420e-24
1.355758561e+00  1.6837118e-12  1.68371e-12  1.68371e-12  2.43924e-24
1.362537354e+00  1.6904608e-12  1.69046e-12  1.69046e-12  2.93714e-24
1.369350041e+00  1.6924463e-12  1.69245e-12  1.69245e-12  3.53502e-24
1.376196791e+00  1.7000542e-12  1.70005e-12  1.70005e-12  4.24747e-24
1.383077775e+00  1.7074088e-12  1.70741e-12  1.70741e-12  5.09848e-24
1.389993164e+00  1.7127877e-12  1.71279e-12  1.71279e-12  6.11524e-24
1.396943130e+00  1.7268166e-12  1.72682e-12  1.72682e-12  7.31983e-24
1.403927846e+00  1.7194222e-12  1.71942e-12  1.71942e-12  8.77538e-24
1.410947485e+00  1.7120015e-12  1.71200e-12  1.71200e-12  1.05101e-23
1.418002222e+00  1.7045554e-12  1.70456e-12  1.70456e-12  1.25755e-23
1.425092233e+00  1.6970850e-12  1.69709e-12  1.69709e-12  1.50323e-23
1.432217694e+00  1.6895912e-12  1.68959e-12  1.68959e-12  1.79517e-23
1.439378783e+00  1.6820749e-12  1.68207e-12  1.68207e-12  2.14176e-23
1.446575677e+00  1.6745371e-12  1.67454e-12  1.67454e-12  2.55283e-23
1.453808555e+00  1.6669788e-12  1.66698e-12  1.66698e-12  3.03992e-23
1.461077598e+00  1.6594008e-12  1.65940e-12  1.65940e-12  3.61653e-23
1.468382986e+00  1.6518042e-12  1.65180e-12  1.65180e-12  4.29848e-23
1.475724901e+00  1.6441897e-12  1.64419e-12  1.64419e-12  5.10425e-23
1.483103525e+00  1.6365583e-12  1.63656e-12  1.63656e-12  6.05544e-23
1.490519043e+00  1.6289109e-12  1.62891e-12  1.62891e-12  7.17724e-23
1.497971638e+00  1.6212483e-12  1.62125e-12  1.62125e-12  8.49903e-23
1.505461496e+00  1.6135716e-12  1.61357e-12  1.61357e-12  1.00551e-22
1.512988804e+00  1.6058814e-12  1.60588e-12  1.60588e-12  1.18851e-22
1.520553748e+00  1.5981787e-12  1.59818e-12  1.59818e-12  1.40355e-22
1.528156517e+00  1.5904643e-12  1.59046e-12  1.59046e-12  1.65601e-22
1.535797299e+00  1.5827390e-12  1.58274e-12  1.58274e-12  1.95212e-22
1.543476286e+00  1.5750037e-12  1.57500e-12  1.57500e-12  2.29913e-22
1.551193667e+00  1.5672592e-12  1.56726e-12  1.56726e-12  2.70542e-22
1.558949636e+00  1.5595063e-12  1.55951e-12  1.55951e-12  3.18068e-22
1.566744384e+00  1.5517458e-12  1.55175e-12  1.55175e-12  3.73616e-22
1.574578106e+00  1.5439784e-12  1.54398e-12  1.54398e-12  4.38480e-22
1.582450996e+00  1.5362050e-12  1.53621e-12  1.53621e-12  5.14157e-22
1.590363251e+00  1.5284264e-12  1.52843e-12  1.52843e-12  6.02374e-22
1.598315067e+00  1.5206432e-12  1.52064e-12  1.52064e-12  7.05117e-22
1.606306643e+00  1.5128562e-12  1.51286e-12  1.51286e-12  8.24678e-22
1.614338176e+00  1.5050662e-12  1.50507e-12  1.50507e-12  9.63688e-22
1.622409867e+00  1.4972739e-12  1.49727e-12  1.49727e-12  1.12517e-21
1.630521916e+00  1.4894800e-12  1.48948e-12  1.48948e-12  1.31261e-21
1.638674526e+00  1.4816852e-12  1.48169e-12  1.48169e-12  1.52998e-21
1.646867898e+00  1.4738903e-12  1.47389e-12  1.47389e-12  1.78186e-21
1.655102238e+00  1.4660959e-12  1.46610e-12  1.46610e-12  2.07348e-21
1.663377749e+00  1.4583027e-12  1.45830e-12  1.45830e-12  2.41083e-21
1.671694638e+00  1.4505113e-12  1.45051e-12  1.45051e-12  2.80075e-21
1.680053111e+00  1.4427225e-12  1.44272e-12  1.44272e-12  3.25107e-21
1.688453377e+00  1.4349369e-12  1.43494e-12  1.43494e-12  3.77071e-21
1.696895643e+00  1.4271551e-12  1.42716e-12  1.42716e-12  4.36986e-21
1.705380122e+00  1.4193778e-12  1.41938e-12  1.41938e-12  5.06012e-21
1.713907022e+00  1.4116055e-12  1.41161e-12  1.41161e-12  5.85471e-21
1.722476557e+00  1.4038390e-12  1.40384e-12  1.40384e-12  6.76865e-21
1.731088940e+00  1.3960788e-12  1.39608e-12  1.39608e-12  7.81904e-21
1.739744385e+00  1.3883255e-12  1.38833e-12  1.38833e-12  9.02528e-21
1.748443107e+00  1.3805797e-12  1.38058e-12  1.38058e-12  1.04094e-20
1.757185322e+00  1.3728420e-12  1.37284e-12  1.37284e-12  1.19964e-20
1.765971249e+00  1.3651129e-12  1.36511e-12  1.36511e-12  1.38145e-20
1.774801105e+00  1.3573931e-12  1.35739e-12  1.35739e-12  1.58958e-20
1.783675111e+00  1.3496830e-12  1.34968e-12  1.34968e-12  1.82766e-20
1.792593486e+00  1.3419832e-12  1.34198e-12  1.34198e-12  2.09978e-20
1.801556454e+00  1.3342943e-12  1.33429e-12  1.33429e-12  2.41057e-20
1.810564236e+00  1.3266167e-12  1.32662e-12  1.32662e-12  2.76526e-20
1.819617057e+00  1.3189510e-12  1.31895e-12  1.31895e-12  3.16974e-20
1.828715142e+00  1.3112977e-12  1.31130e-12  1.31130e-12  3.63064e-20
1.837858718e+00  1.3036573e-12  1.30366e-12  1.30366e-12  4.15544e-20
1.847048012e+00  1.2960302e-12  1.29603e-12  1.29603e-12  4.75255e-20
1.856283252e+00  1.2884171e-12  1.28842e-12  1.28842e-12  5.43143e-20
1.865564668e+00  1.2808182e-12  1.28082e-12  1.28082e-12  6.20270e-20
1.874892491e+00  1.2732342e-12  1.27323e-12  1.27323e-12  7.07829e-20
1.884266954e+00  1.2656654e-12  1.26567e-12  1.26567e-12  8.07157e-20
1.893688289e+00  1.2581123e-12  1.25811e-12  1.25811e-12  9.19754e-20
1.903156730e+00  1.2505754e-12  1.25058e-12  1.25058e-12  1.04730e-19
1.912672514e+00  1.2430551e-12  1.24306e-12  1.24305e-12  1.19167e-19
1.922235876e+00  1.2355517e-12  1.23555e-12  1.23555e-12  1.35498e-19
1.931847056e+00  1.2280658e-12  1.22807e-12  1.22807e-12  1.53956e-19
1.941506291e+00  1.2205976e-12  1.22060e-12  1.22060e-12  1.74805e-19
1.951213822e+00  1.2131477e-12  1.21315e-12  1.21315e-12  1.98337e-19
1.960969892e+00  1.2057164e-12  1.20572e-12  1.20572e-12  2.24879e-19
1.970774741e+00  1.1983041e-12  1.19830e-12  1.19830e-12  2.54795e-19
1.980628615e+00  1.1909112e-12  1.19091e-12  1.19091e-12  2.88489e-19
1.990531758e+00  1.1835380e-12  1.18354e-12  1.18354e-12  3.26413e-19
2.000484417e+00  1.1761849e-12  1.17618e-12  1.17618e-12  3.69068e-19
2.010486839e+00  1.1688523e-12  1.16885e-12  1.16885e-12  4.17012e-19
2.020539273e+00  1.1615405e-12  1.16154e-12  1.16154e-12  4.70862e-19
2.030641969e+00  1.1542498e-12  1.15425e-12  1.15425e-12  5.31305e-19
2.040795179e+00  1.1469805e-12  1.14698e-12  1.14698e-12  5.99103e-19
2.050999155e+00  1.1397331e-12  1.13973e-12  1.13973e-12  6.75098e-19
2.061254151e+00  1.1325077e-12  1.13251e-12  1.13251e-12  7.60224e-19
2.071560421e+00  1.1253048e-12  1.12530e-12  1.12530e-12  8.55515e-19
2.081918224e+00  1.1181246e-12  1.11812e-12  1.11812e-12  9.62114e-19
2.092327815e+00  1.1109674e-12  1.11097e-12  1.11097e-12  1.08128e-18
2.102789454e+00  1.1038335e-12  1.10383e-12  1.10383e-12  1.21441e-18
2.113303401e+00  1.0967232e-12  1.09672e-12  1.09672e-12  1.36305e-18
2.123869918e+00  1.0896367e-12  1.08964e-12  1.08964e-12  1.52888e-18
2.134489268e+00  1.0825744e-12  1.08257e-12  1.08257e-12  1.71379e-18
2.145161714e+00  1.0755364e-12  1.07554e-12  1.07553e-12  1.91982e-18
2.155887523e+00  1.0685231e-12  1.06852e-12  1.06852e-12  2.14925e-18
2.166666960e+00  1.0615346e-12  1.06153e-12  1.06153e-12  2.40456e-18
2.177500295e+00  1.0545713e-12  1.05457e-12  1.05457e-12  2.68851e-18
2.188387796e+00  1.0476334e-12  1.04763e-12  1.04763e-12  3.00408e-18
2.199329735e+00  1.0407211e-12  1.04072e-12  1.04072e-12  3.35460e-18
2.210326384e+00  1.0338346e-12  1.03383e-12  1.03383e-12  3.74369e-18
2.221378016e+00  1.0269741e-12  1.02697e-12  1.02697e-12  4.17531e-18
2.232484906e+00  1.0201399e-12  1.02014e-12  1.02014e-12  4.65382e-18
2.243647331e+00  1.0133321e-12  1.01333e-12  1.01333e-12  5.18398e-18
2.254865567e+00  1.0065510e-12  1.00655e-12  1.00655e-12  5.77101e-18
2.266139895e+00  9.9979680e-13  9.99797e-13  9.99790e-13  6.42062e-18
2.277470595e+00  9.9306961e-13  9.93070e-13  9.93062e-13  7.13902e-18
2.288857948e+00  9.8636966e-13  9.86370e-13  9.86362e-13  7.93302e-18
2.300302237e+00  9.7969712e-13  9.79697e-13  9.79688e-13  8.81006e-18
2.311803748e+00  9.7305217e-13  9.73052e-13  9.73042e-13  9.77822e-18
2.323362767e+00  9.6643499e-13  9.66435e-13  9.66424e-13  1.08463e-17
2.334979581e+00  9.5984573e-13  9.59846e-13  9.59834e-13  1.20240e-17
2.346654479e+00  9.5328455e-13  9.53285e-13  9.53271e-13  1.33218e-17
2.358387751e+00  9.4675162e-13  9.46752e-13  9.46737e-13  1.47510e-17
2.370179690e+00  9.4024709e-13  9.40247e-13  9.40231e-13  1.63240e-17
2.382030589e+00  9.3377110e-13  9.33771e-13  9.33753e-13  1.80543e-17
2.393940742e+00  9.2732380e-13  9.27324e-13  9.27304e-13  1.99566e-17
2.405910445e+00  9.2090533e-13  9.20905e-13  9.20883e-13  2.20466e-17
2.417939997e+00  9.1451583e-13  9.14516e-13  9.14491e-13  2.43417e-17
2.430029697e+00  9.0815543e-13  9.08155e-13  9.08129e-13  2.68604e-17
2.442179846e+00  9.0182425e-13  9.01824e-13  9.01795e-13  2.96230e-17
2.454390745e+00  8.9552243e-13  8.95522e-13  8.95490e-13  3.26514e-17
2.466662699e+00  8.8925009e-13  8.89250e-13  8.89214e-13  3.59693e-17
2.478996012e+00  8.8300736e-13  8.83007e-13  8.82968e-13  3.96024e-17
2.491390992e+00  8.7679434e-13  8.76794e-13  8.76751e-13  4.35783e-17
2.503847947e+00  8.7061115e-13  8.70611e-13  8.70563e-13  4.79270e-17
2.516367187e+00  8.6445791e-13  8.64458e-13  8.64405e-13  5.26807e-17
2.528949023e+00  8.5833474e-13  8.58335e-13  8.58277e-13  5.78745e-17
2.541593768e+00  8.5224173e-13  8.52242e-13  8.52178e-13  6.35458e-17
2.554301737e+00  8.4617901e-13  8.46179e-13  8.46109e-13  6.97352e-17
2.567073246e+00  8.4014667e-13  8.40147e-13  8.40070e-13  7.64864e-17
2.579908612e+00  8.3414483e-13  8.34145e-13  8.34061e-13  8.38464e-17
2.592808155e+00  8.2817358e-13  8.28174e-13  8.28082e-13  9.18658e-17
2.605772196e+00  8.2223305e-13  8.22233e-13  8.22132e-13  1.00599e-16
2.618801057e+00  8.1632333e-13  8.16323e-13  8.16213e-13  1.10104e-16
2.631895062e+00  8.1044453e-13  8.10445e-13  8.10324e-13  1.20445e-16
2.645054537e+00  8.0459676e-13  8.04597e-13  8.04465e-13  1.31688e-16
2.658279810e+00  7.9878012e-13  7.98780e-13  7.98636e-13  1.43906e-16
2.671571209e+00  7.9299473e-13  7.92995e-13  7.92838e-13  1.57176e-16
2.684929065e+00  7.8724070e-13  7.87241e-13  7.87069e-13  1.71582e-16
2.698353710e+00  7.8151814e-13  7.81518e-13  7.81331e-13  1.87213e-16
2.711845479e+00  7.7582717e-13  7.75827e-13  7.75623e-13  2.04164e-16
2.725404706e+00  7.7016791e-13  7.70168e-13  7.69945e-13  2.22537e-16
2.739031730e+00  7.6454048e-13  7.64540e-13  7.64298e-13  2.42441e-16
2.752726889e+00  7.5894501e-13  7.58945e-13  7.58681e-13  2.63994e-16
2.766490523e+00  7.5338164e-13  7.53382e-13  7.53094e-13  2.87319e-16
2.780322976e+00  7.4785050e-13  7.47850e-13  7.47538e-13  3.12550e-16
2.794224591e+00  7.4235173e-13  7.42352e-13  7.42012e-13  3.39830e-16
2.808195713e+00  7.3688548e-13  7.36885e-13  7.36516e-13  3.69309e-16
2.822236692e+00  7.3145192e-13  7.31452e-13  7.31051e-13  4.01149e-16
2.836347875e+00  7.2605120e-13  7.26051e-13  7.25616e-13  4.35523e-16
2.850529615e+00  7.2068350e-13  7.20683e-13  7.20211e-13  4.72614e-16
2.864782263e+00  7.1534899e-13  7.15349e-13  7.14836e-13  5.12617e-16
2.879106174e+00  7.1004787e-13  7.10048e-13  7.09492e-13  5.55740e-16
2.893501705e+00  7.0478034e-13  7.04780e-13  7.04178e-13  6.02203e-16
2.907969214e+00  6.9954662e-13  6.99547e-13  6.98894e-13  6.52242e-16
2.922509060e+00  6.9434691e-13  6.94347e-13  6.93641e-13  7.06106e-16
2.937121605e+00  6.8918147e-13  6.89181e-13  6.88417e-13  7.64060e-16
2.951807213e+00  6.8405055e-13  6.84051e-13  6.83224e-13  8.26384e-16
2.966566249e+00  6.7895439e-13  6.78954e-13  6.78061e-13  8.93377e-16
2.981399080e+00  6.7389330e-13  6.73893e-13  6.72928e-13  9.65354e-16
2.996306076e+00  6.6886755e-13  6.68868e-13  6.67825e-13  1.04265e-15
3.011287606e+00  6.6387748e-13  6.63877e-13  6.62752e-13  1.12562e-15
3.026344044e+00  6.5892340e-13  6.58923e-13  6.57709e-13  1.21464e-15
3.041475764e+00  6.5400567e-13  6.54006e-13  6.52696e-13  1.31011e-15
3.056683143e+00  6.4912466e-13  6.49125e-13  6.47712e-13  1.41244e-15
3.071966559e+00  6.4428077e-13  6.44281e-13  6.42759e-13  1.52208e-15
3.087326392e+00  6.3947441e-13  6.39474e-13  6.37835e-13  1.63950e-15
3.102763024e+00  6.3470602e-13  6.34706e-13  6.32941e-13  1.76520e-15
3.118276839e+00  6.2997607e-13  6.29976e-13  6.28076e-13  1.89969e-15
3.133868223e+00  6.2528505e-13  6.25285e-13  6.23242e-13  2.04354e-15
3.149537564e+00  6.2063348e-13  6.20633e-13  6.18436e-13  2.19731e-15
3.165285252e+00  6.1602191e-13  6.16022e-13  6.13660e-13  2.36162e-15
3.181111678e+00  6.1145093e-13  6.11451e-13  6.08914e-13  2.53712e-15
3.197017237e+00  6.0692113e-13  6.06921e-13  6.04197e-13  2.72449e-15
3.213002323e+00  6.0243318e-13  6.02433e-13  5.99509e-13  2.92445e-15
3.229067334e+00  5.9798774e-13  5.97988e-13  5.94850e-13  3.13773e-15
3.245212671e+00  5.9358555e-13  5.93586e-13  5.90220e-13  3.36515e-15
3.261438734e+00  5.8922736e-13  5.89227e-13  5.85620e-13  3.60752e-15
3.277745928e+00  5.8491396e-13  5.84914e-13  5.81048e-13  3.86572e-15
3.294134658e+00  5.8064619e-13  5.80646e-13  5.76506e-13  4.14067e-15
3.310605331e+00  5.7642495e-13  5.76425e-13  5.71992e-13  4.43333e-15
3.327158358e+00  5.7225115e-13  5.72251e-13  5.67506e-13  4.74471e-15
3.343794149e+00  5.6812577e-13  5.68126e-13  5.63050e-13  5.07587e-15
3.360513120e+00  5.6404984e-13  5.64050e-13  5.58622e-13  5.42791e-15
3.377315686e+00  5.6002444e-13  5.60024e-13  5.54222e-13  5.80200e-15
3.394202264e+00  5.5605069e-13  5.56051e-13  5.49851e-13  6.19936e-15
3.411173276e+00  5.5212977e-13  5.52130e-13  5.45509e-13  6.62126e-15
3.428229142e+00  5.4826294e-13  5.48263e-13  5.41194e-13  7.06902e-15
3.445370288e+00  5.4445149e-13  5.44451e-13  5.36907e-13  7.54405e-15
3.462597139e+00  5.4069679e-13  5.40697e-13  5.32649e-13  8.04779e-15
3.479910125e+00  5.3700026e-13  5.37000e-13  5.28418e-13  8.58177e-15
3.497309675e+00  5.3336340e-13  5.33363e-13  5.24216e-13  9.14758e-15
3.514796224e+00  5.2978776e-13  5.29788e-13  5.20041e-13  9.74687e-15
3.532370205e+00  5.2627498e-13  5.26275e-13  5.15894e-13  1.03814e-14
3.550032056e+00  5.2282677e-13  5.22827e-13  5.11774e-13  1.10529e-14
3.567782216e+00  5.1944489e-13  5.19445e-13  5.07682e-13  1.17633e-14
3.585621127e+00  5.1613122e-13  5.16131e-13  5.03617e-13  1.25145e-14
3.603549233e+00  5.1288768e-13  5.12888e-13  4.99579e-13  1.33087e-14
3.621566979e+00  5.0971630e-13  5.09716e-13  4.95568e-13  1.41478e-14
3.639674814e+00  5.0661918e-13  5.06619e-13  4.91585e-13  1.50342e-14
3.657873188e+00  5.0359850e-13  5.03599e-13  4.87628e-13  1.59701e-14
3.676162554e+00  5.0065657e-13  5.00657e-13  4.83699e-13  1.69578e-14
3.694543367e+00  4.9779574e-13  4.97796e-13  4.79796e-13  1.80000e-14
3.713016084e+00  4.9501849e-13  4.95018e-13  4.75919e-13  1.90991e-14
3.731581164e+00  4.9232738e-13  4.92327e-13  4.72070e-13  2.02579e-14
3.750239070e+00  4.8972509e-13  4.89725e-13  4.68246e-13  2.14790e-14
3.768990265e+00  4.8721437e-13  4.87214e-13  4.64449e-13  2.27655e-14
3.787835216e+00  4.8479811e-13  4.84798e-13  4.60678e-13  2.41202e-14
3.806774393e+00  4.8247929e-13  4.82479e-13  4.56933e-13  2.55463e-14
3.825808265e+00  4.8026101e-13  4.80261e-13  4.53214e-13  2.70469e-14
3.844937306e+00  4.7814646e-13  4.78146e-13  4.49521e-13  2.86254e-14
3.864161992e+00  4.7613898e-13  4.76139e-13  4.45854e-13  3.02853e-14
3.883482802e+00  4.7424200e-13  4.74242e-13  4.42212e-13  3.20300e-14
3.902900216e+00  4.7245909e-13  4.72459e-13  4.38596e-13  3.38633e-14
3.922414717e+00  4.7079392e-13  4.70794e-13  4.35005e-13  3.57890e-14
3.942026791e+00  4.6925032e-13  4.69250e-13  4.31439e-13  3.78109e-14
3.961736925e+00  4.6783223e-13  4.67832e-13  4.27899e-13  3.99332e-14
3.981545610e+00  4.6654370e-13  4.66544e-13  4.24384e-13  4.21600e-14
4.001453338e+00  4.6538895e-13  4.65389e-13  4.20893e-13  4.44956e-14
4.021460604e+00  4.6437232e-13  4.64372e-13  4.17428e-13  4.69446e-14
4.041567907e+00  4.6349829e-13  4.63498e-13  4.13987e-13  4.95114e-14
4.061775747e+00  4.6277147e-13  4.62771e-13  4.10571e-13  5.22009e-14
4.082084626e+00  4.6219663e-13  4.62197e-13  4.07179e-13  5.50179e-14
4.102495049e+00  4.6177867e-13  4.61779e-13  4.03811e-13  5.79674e-14
4.123007524e+00  4.6152265e-13  4.61523e-13  4.00468e-13  6.10547e-14
4.143622562e+00  4.6143378e-13  4.61434e-13  3.97149e-13  6.42850e-14
4.164340674e+00  4.6151740e-13  4.61517e-13  3.93854e-13  6.76638e-14
4.185162378e+00  4.6177902e-13  4.61779e-13  3.90582e-13  7.11968e-14
4.206088190e+00  4.6222431e-13  4.62224e-13  3.87335e-13  7.48896e-14
4.227118631e+00  4.6285910e-13  4.62859e-13  3.84111e-13  7.87484e-14
4.248254224e+00  4.6368935e-13  4.63689e-13  3.80910e-13  8.27791e-14
4.269495495e+00  4.6472121e-13  4.64721e-13  3.77733e-13  8.69880e-14
4.290842972e+00  4.6596098e-13  4.65961e-13  3.74579e-13  9.13816e-14
4.312297187e+00  4.6741513e-13  4.67415e-13  3.71449e-13  9.59664e-14
4.333858673e+00  4.6909028e-13  4.69090e-13  3.68341e-13  1.00749e-13
4.355527967e+00  4.7099324e-13  4.70993e-13  3.65256e-13  1.05737e-13
4.377305606e+00  4.7313096e-13  4.73131e-13  3.62194e-13  1.10937e-13
4.399192134e+00  4.7551058e-13  4.75511e-13  3.59155e-13  1.16356e-13
4.421188095e+00  4.7813940e-13  4.78139e-13  3.56138e-13  1.22001e-13
4.443294036e+00  4.8102489e-13  4.81025e-13  3.53144e-13  1.27881e-13
4.465510506e+00  4.8417468e-13  4.84175e-13  3.50172e-13  1.34003e-13
4.487838058e+00  4.8759659e-13  4.87597e-13  3.47222e-13  1.40375e-13
4.510277249e+00  4.9129860e-13  4.91299e-13  3.44294e-13  1.47005e-13
4.532828635e+00  4.9528887e-13  4.95289e-13  3.41388e-13  1.53901e-13
4.555492778e+00  4.9957572e-13  4.99576e-13  3.38504e-13  1.61072e-13
4.578270242e+00  5.0416764e-13  5.04168e-13  3.35641e-13  1.68527e-13
4.601161593e+00  5.0907331e-13  5.09073e-13  3.32800e-13  1.76273e-13
4.624167401e+00  5.1430155e-13  5.14302e-13  3.29980e-13  1.84321e-13
4.647288238e+00  5.1986139e-13  5.19861e-13  3.27182e-13  1.92679e-13
4.670524679e+00  5.2576199e-13  5.25762e-13  3.24405e-13  2.01357e-13
4.693877303e+00  5.3201270e-13  5.32013e-13  3.21649e-13  2.10364e-13
4.717346689e+00  5.3862303e-13  5.38623e-13  3.18914e-13  2.19709e-13
4.740933423e+00  5.4560266e-13  5.45603e-13  3.16200e-13  2.29403e-13
4.764638090e+00  5.5296143e-13  5.52961e-13  3.13506e-13  2.39455e-13
4.788461280e+00  5.6070934e-13  5.60709e-13  3.10833e-13  2.49876e-13
4.812403587e+00  5.6885656e-13  5.68857e-13  3.08181e-13  2.60676e-13
4.836465604e+00  5.7741341e-13  5.77413e-13  3.05549e-13  2.71865e-13
4.860647933e+00  5.8639037e-13  5.86390e-13  3.02937e-13  2.83454e-13
4.884951172e+00  5.9579808e-13  5.95798e-13  3.00345e-13  2.95453e-13
4.909375928e+00  6.0564731e-13  6.05647e-13  2.97773e-13  3.07874e-13
4.933922808e+00  6.1594901e-13  6.15949e-13  2.95221e-13  3.20728e-13
4.958592422e+00  6.2671424e-13  6.26714e-13  2.92689e-13  3.34026e-13
4.983385384e+00  6.3795422e-13  6.37954e-13  2.90176e-13  3.47778e-13
5.008302311e+00  6.4968032e-13  6.49680e-13  2.87683e-13  3.61998e-13
5.033343822e+00  6.6190403e-13  6.61904e-13  2.85209e-13  3.76695e-13
5.058510541e+00  6.7463697e-13  6.74637e-13  2.82754e-13  3.91883e-13
5.083803094e+00  6.8789088e-13  6.87891e-13  2.80319e-13  4.07572e-13
5.109222110e+00  7.0167764e-13  7.01678e-13  2.77902e-13  4.23775e-13
5.134768220e+00  7.1600924e-13  7.16009e-13  2.75505e-13  4.40505e-13
5.160442061e+00  7.3089779e-13  7.30898e-13  2.73126e-13  4.57772e-13
5.186244272e+00  7.4635548e-13  7.46355e-13  2.70766e-13  4.75590e-13
5.212175493e+00  7.6239464e-13  7.62395e-13  2.68424e-13  4.93971e-13
5.238236370e+00  7.7902767e-13  7.79028e-13  2.66101e-13  5.12927e-13
5.264427552e+00  7.9626708e-13  7.96267e-13  2.63796e-13  5.32471e-13
5.290749690e+00  8.1412546e-13  8.14125e-13  2.61509e-13  5.52616e-13
5.317203438e+00  8.3261547e-13  8.32615e-13  2.59241e-13  5.73375e-13
5.343789456e+00  8.5174985e-13  8.51750e-13  2.56990e-13  5.94760e-13
5.370508403e+00  8.7154142e-13  8.71541e-13  2.54757e-13  6.16784e-13
5.397360945e+00  8.9200305e-13  8.92003e-13  2.52542e-13  6.39461e-13
5.424347750e+00  9.1314766e-13  9.13148e-13  2.50344e-13  6.62803e-13
5.451469488e+00  9.3498822e-13  9.34988e-13  2.48164e-13  6.86824e-13
5.478726836e+00  9.5753774e-13  9.57538e-13  2.46002e-13  7.11536e-13
5.506120470e+00  9.8080928e-13  9.80809e-13  2.43856e-13  7.36953e-13
5.533651072e+00  1.0048159e-12  1.00482e-12  2.41728e-13  7.63088e-13
5.561319328e+00  1.0295707e-12  1.02957e-12  2.39617e-13  7.89954e-13
5.589125924e+00  1.0550867e-12  1.05509e-12  2.37522e-13  8.17564e-13
5.617071554e+00  1.0813771e-12  1.08138e-12  2.35445e-13  8.45932e-13
5.645156912e+00  1.1084550e-12  1.10845e-12  2.33384e-13  8.75071e-13
5.673382696e+00  1.1363334e-12  1.13633e-12  2.31340e-13  9.04993e-13
5.701749610e+00  1.1650254e-12  1.16503e-12  2.29312e-13  9.35713e-13
5.730258358e+00  1.1945439e-12  1.19454e-12  2.27301e-13  9.67243e-13
5.758909650e+00  1.2249021e-12  1.22490e-12  2.25306e-13  9.99596e-13
5.787704198e+00  1.2561128e-12  1.25611e-12  2.23327e-13  1.03279e-12
5.816642719e+00  1.2881889e-12  1.28819e-12  2.21364e-13  1.06683e-12
5.845725932e+00  1.3211432e-12  1.32114e-12  2.19417e-13  1.10173e-12
5.874954562e+00  1.3549884e-12  1.35499e-12  2.17485e-13  1.13750e-12
5.904329335e+00  1.3897372e-12  1.38974e-12  2.15570e-13  1.17417e-12
5.933850982e+00  1.4254021e-12  1.42540e-12  2.13670e-13  1.21173e-12
5.963520237e+00  1.4619956e-12  1.46200e-12  2.11786e-13  1.25021e-12
5.993337838e+00  1.4995299e-12  1.49953e-12  2.09916e-13  1.28961e-12
6.023304527e+00  1.5380174e-12  1.53802e-12  2.08063e-13  1.32995e-12
6.053421050e+00  1.5774700e-12  1.57747e-12  2.06224e-13  1.37125e-12
6.083688155e+00  1.6178997e-12  1.61790e-12  2.04400e-13  1.41350e-12
6.114106596e+00  1.6593182e-12  1.65932e-12  2.02592e-13  1.45673e-12
6.144677129e+00  1.7017372e-12  1.70174e-12  2.00798e-13  1.50094e-12
6.175400514e+00  1.7451681e-12  1.74517e-12  1.99019e-13  1.54615e-12
6.206277517e+00  1.7896222e-12  1.78962e-12  1.97255e-13  1.59237e-12
6.237308904e+00  1.8351104e-12  1.83511e-12  1.95505e-13  1.63961e-12
6.268495449e+00  1.8816438e-12  1.88164e-12  1.93769e-13  1.68787e-12
6.299837926e+00  1.9292328e-12  1.92923e-12  1.92048e-13  1.73718e-12
6.331337116e+00  1.9778880e-12  1.97789e-12  1.90341e-13  1.78755e-12
6.362993801e+00  2.0276195e-12  2.02762e-12  1.88649e-13  1.83897e-12
6.394808770e+00  2.0784373e-12  2.07844e-12  1.86970e-13  1.89147e-12
6.426782814e+00  2.1303510e-12  2.13035e-12  1.85305e-13  1.94505e-12
6.458916728e+00  2.1833702e-12  2.18337e-12  1.83654e-13  1.99972e-12
6.491211312e+00  2.2375039e-12  2.23750e-12  1.82017e-13  2.05549e-12
6.523667368e+00  2.2927610e-12  2.29276e-12  1.80393e-13  2.11237e-12
6.556285705e+00  2.3491502e-12  2.34915e-12  1.78783e-13  2.17037e-12
6.589067134e+00  2.4066796e-12  2.40668e-12  1.77187e-13  2.22949e-12
6.622012469e+00  2.4653574e-12  2.46536e-12  1.75603e-13  2.28975e-12
6.655122532e+00  2.5251912e-12  2.52519e-12  1.74033e-13  2.35116e-12
6.688398144e+00  2.5861883e-12  2.58619e-12  1.72476e-13  2.41371e-12
6.721840135e+00  2.6483557e-12  2.64836e-12  1.70932e-13  2.47742e-12
6.755449336e+00  2.7117001e-12  2.71170e-12  1.69401e-13  2.54230e-12
6.789226583e+00  2.7762277e-12  2.77623e-12  1.67883e-13  2.60834e-12
6.823172715e+00  2.8419446e-12  2.84194e-12  1.66378e-13  2.67557e-12
6.857288579e+00  2.9088563e-12  2.90886e-12  1.64885e-13  2.74397e-12
6.891575022e+00  2.9769680e-12  2.97697e-12  1.63405e-13  2.81356e-12
6.926032897e+00  3.0462844e-12  3.04628e-12  1.61937e-13  2.88435e-12
6.960663062e+00  3.1168101e-12  3.11681e-12  1.60482e-13  2.95633e-12
6.995466377e+00  3.1885491e-12  3.18855e-12  1.59039e-13  3.02951e-12
7.030443709e+00  3.2615049e-12  3.26150e-12  1.57608e-13  3.10390e-12
7.065595927e+00  3.3356807e-12  3.33568e-12  1.56190e-13  3.17949e-12
7.100923907e+00  3.4110794e-12  3.41108e-12  1.54783e-13  3.25630e-12
7.136428526e+00  3.4877032e-12  3.48770e-12  1.53388e-13  3.33432e-12
7.172110669e+00  3.5655541e-12  3.56555e-12  1.52005e-13  3.41355e-12
7.207971222e+00  3.6446335e-12  3.64463e-12  1.50634e-13  3.49400e-12
7.244011079e+00  3.7249425e-12  3.72494e-12  1.49274e-13  3.57567e-12
7.280231134e+00  3.8064816e-12  3.80648e-12  1.47926e-13  3.65856e-12
7.316632290e+00  3.8892510e-12  3.88925e-12  1.46590e-13  3.74266e-12
7.353215451e+00  3.9732502e-12  3.97325e-12  1.45265e-13  3.82799e-12
7.389981528e+00  4.0584785e-12  4.05848e-12  1.43951e-13  3.91453e-12
7.426931436e+00  4.1449346e-12  4.14493e-12  1.42648e-13  4.00229e-12
7.464066093e+00  4.2326166e-12  4.23262e-12  1.41357e-13  4.09126e-12
7.501386424e+00  4.3215225e-12  4.32152e-12  1.40077e-13  4.18145e-12
7.538893356e+00  4.4116493e-12  4.41165e-12  1.38807e-13  4.27284e-12
7.576587822e+00  4.5029940e-12  4.50299e-12  1.37549e-13  4.36545e-12
7.614470762e+00  4.5955528e-12  4.59555e-12  1.36301e-13  4.45925e-12
7.652543115e+00  4.6893215e-12  4.68932e-12  1.35064e-13  4.55426e-12
7.690805831e+00  4.7842953e-12  4.78430e-12  1.33837e-13  4.65046e-12
7.729259860e+00  4.8804692e-12  4.88047e-12  1.32621e-13  4.74785e-12
7.767906159e+00  4.9778374e-12  4.97784e-12  1.31416e-13  4.84642e-12
7.806745690e+00  5.0763938e-12  5.07639e-12  1.30221e-13  4.94617e-12
7.845779419e+00  5.1761315e-12  5.17613e-12  1.29036e-13  5.04710e-12
7.885008316e+00  5.2770435e-12  5.27704e-12  1.27862e-13  5.14918e-12
7.924433357e+00  5.3791220e-12  5.37912e-12  1.26697e-13  5.25242e-12
7.964055524e+00  5.4823589e-12  5.48236e-12  1.25543e-13  5.35682e-12
8.003875802e+00  5.5867454e-12  5.58675e-12  1.24399e-13  5.46235e-12
8.043895181e+00  5.6922724e-12  5.69227e-12  1.23264e-13  5.56901e-12
8.084114657e+00  5.7989300e-12  5.79893e-12  1.22139e-13  5.67679e-12
8.124535230e+00  5.9067083e-12  5.90671e-12  1.21025e-13  5.78568e-12
8.165157906e+00  6.0155963e-12  6.01560e-12  1.19919e-13  5.89568e-12
8.205983696e+00  6.1255830e-12  6.12558e-12  1.18824e-13  6.00676e-12
8.247013614e+00  6.2366566e-12  6.23666e-12  1.17738e-13  6.11892e-12
8.288248682e+00  6.3488049e-12  6.34880e-12  1.16661e-13  6.23214e-12
8.329689926e+00  6.4620154e-12  6.46202e-12  1.15594e-13  6.34642e-12
8.371338375e+00  6.5762748e-12  6.57627e-12  1.14536e-13  6.46174e-12
8.413195067e+00  6.6915695e-12  6.69157e-12  1.13487e-13  6.57808e-12
8.455261042e+00  6.8078854e-12  6.80789e-12  1.12448e-13  6.69544e-12
8.497537348e+00  6.9252079e-12  6.92521e-12  1.11417e-13  6.81379e-12
8.540025034e+00  7.0435220e-12  7.04352e-12  1.10396e-13  6.93313e-12
8.582725160e+00  7.1628120e-12  7.16281e-12  1.09383e-13  7.05343e-12
8.625638785e+00  7.2830622e-12  7.28306e-12  1.08379e-13  7.17468e-12
8.668766979e+00  7.4042560e-12  7.40426e-12  1.07384e-13  7.29687e-12
8.712110814e+00  7.5263765e-12  7.52638e-12  1.06398e-13  7.41998e-12
8.755671368e+00  7.6494065e-12  7.64941e-12  1.05421e-13  7.54399e-12
8.799449725e+00  7.7733281e-12  7.77333e-12  1.04452e-13  7.66888e-12
8.843446974e+00  7.8981233e-12  7.89812e-12  1.03491e-13  7.79463e-12
8.887664209e+00  8.0237733e-12  8.02377e-12  1.02539e-13  7.92123e-12
8.932102530e+00  8.1502593e-12  8.15026e-12  1.01595e-13  8.04866e-12
8.976763042e+00  8.2775617e-12  8.27756e-12  1.00660e-13  8.17690e-12
9.021646857e+00  8.4056607e-12  8.40566e-12  9.97328e-14  8.30593e-12
9.066755092e+00  8.5345361e-12  8.53454e-12  9.88138e-14  8.43572e-12
9.112088867e+00  8.6641674e-12  8.66417e-12  9.79030e-14  8.56626e-12
9.157649312e+00  8.7945335e-12  8.79453e-12  9.70001e-14  8.69753e-12
9.203437558e+00  8.9256131e-12  8.92561e-12  9.61053e-14  8.82951e-12
9.249454746e+00  9.0573845e-12  9.05738e-12  9.52183e-14  8.96217e-12
9.295702020e+00  9.1898257e-12  9.18983e-12  9.43392e-14  9.09549e-12
9.342180530e+00  9.3229142e-12  9.32291e-12  9.34679e-14  9.22945e-12
9.388891432e+00  9.4566274e-12  9.45663e-12  9.26043e-14  9.36402e-12
9.435835890e+00  9.5909422e-12  9.59094e-12  9.17483e-14  9.49919e-12
9.483015069e+00  9.7258354e-12  9.72584e-12  9.08999e-14  9.63494e-12
9.530430144e+00  9.8612831e-12  9.86128e-12  9.00591e-14  9.77122e-12
9.578082295e+00  9.9972616e-12  9.99726e-12  8.92257e-14  9.90804e-12
9.625972707e+00  1.0133747e-11  1.01337e-11  8.83997e-14  1.00453e-11
9.674102570e+00  1.0270714e-11  1.02707e-11  8.75810e-14  1.01831e-11
9.722473083e+00  1.0408138e-11  1.04081e-11  8.67697e-14  1.03214e-11
9.771085448e+00  1.0545994e-11  1.05460e-11  8.59655e-14  1.04600e-11
9.819940876e+00  1.0684258e-11  1.06843e-11  8.51685e-14  1.05991e-11
9.869040580e+00  1.0822903e-11  1.08229e-11  8.43786e-14  1.07385e-11
9.918385783e+00  1.0961904e-11  1.09619e-11  8.35958e-14  1.08783e-11
9.967977712e+00  1.1101236e-11  1.11012e-11  8.28199e-14  1.10184e-11
1.001781760e+01  1.1240871e-11  1.12409e-11  8.20510e-14  1.11588e-11
1.006790669e+01  1.1380784e-11  1.13808e-11  8.12889e-14  1.12995e-11
1.011824622e+01  1.1520949e-11  1.15209e-11  8.05336e-14  1.14404e-11
1.016883745e+01  1.1661338e-11  1.16613e-11  7.97851e-14  1.15816e-11
1.021968164e+01  1.1801926e-11  1.18019e-11  7.90433e-14  1.17229e-11
1.027078005e+01  1.1942685e-11  1.19427e-11  7.83081e-14  1.18644e-11
1.032213395e+01  1.2083588e-11  1.20836e-11  7.75795e-14  1.20060e-11
1.037374462e+01  1.2224608e-11  1.22246e-11  7.68575e-14  1.21478e-11
1.042561334e+01  1.2365719e-11  1.23657e-11  7.61419e-14  1.22896e-11
1.047774141e+01  1.2506893e-11  1.25069e-11  7.54327e-14  1.24315e-11
1.053013012e+01  1.2648102e-11  1.26481e-11  7.47299e-14  1.25734e-11
1.058278077e+01  1.2789319e-11  1.27893e-11  7.40334e-14  1.27153e-11
1.063569467e+01  1.2930517e-11  1.29305e-11  7.33432e-14  1.28572e-11
1.068887314e+01  1.3071668e-11  1.30717e-11  7.26592e-14  1.29990e-11
1.074231751e+01  1.3212745e-11  1.32127e-11  7.19813e-14  1.31408e-11
1.079602910e+01  1.3353721e-11  1.33537e-11  7.13096e-14  1.32824e-11
1.085000924e+01  1.3494567e-11  1.34946e-11  7.06438e-14  1.34239e-11
1.090425929e+01  1.3635256e-11  1.36353e-11  6.99841e-14  1.35653e-11
1.095878058e+01  1.3775761e-11  1.37758e-11  6.93304e-14  1.37064e-11
1.101357449e+01  1.3916054e-11  1.39161e-11  6.86825e-14  1.38474e-11
1.106864236e+01  1.4056108e-11  1.40561e-11  6.80405e-14  1.39881e-11
1.112398557e+01  1.4195896e-11  1.41959e-11  6.74043e-14  1.41285e-11
1.117960550e+01  1.4335390e-11  1.43354e-11  6.67738e-14  1.42686e-11
1.123550353e+01  1.4474562e-11  1.44746e-11  6.61490e-14  1.44084e-11
1.129168104e+01  1.4613387e-11  1.46134e-11  6.55299e-14  1.45479e-11
1.134813945e+01  1.4751836e-11  1.47518e-11  6.49164e-14  1.46869e-11
1.140488015e+01  1.4889884e-11  1.48899e-11  6.43085e-14  1.48256e-11
1.146190455e+01  1.5027502e-11  1.50275e-11  6.37060e-14  1.49638e-11
1.151921407e+01  1.5164665e-11  1.51647e-11  6.31090e-14  1.51016e-11
1.157681014e+01  1.5301346e-11  1.53013e-11  6.25175e-14  1.52388e-11
1.163469419e+01  1.5437518e-11  1.54375e-11  6.19313e-14  1.53756e-11
1.169286766e+01  1.5573156e-11  1.55732e-11  6.13504e-14  1.55118e-11
1.175133200e+01  1.5708233e-11  1.57082e-11  6.07748e-14  1.56475e-11
1.181008866e+01  1.5842724e-11  1.58427e-11  6.02044e-14  1.57825e-11
1.186913910e+01  1.5976602e-11  1.59766e-11  5.96392e-14  1.59170e-11
1.192848480e+01  1.6109843e-11  1.61098e-11  5.90791e-14  1.60508e-11
1.198812722e+01  1.6242420e-11  1.62424e-11  5.85242e-14  1.61839e-11
1.204806786e+01  1.6374310e-11  1.63743e-11  5.79743e-14  1.63163e-11
1.210830820e+01  1.6505487e-11  1.65055e-11  5.74294e-14  1.64481e-11
1.216884974e+01  1.6635926e-11  1.66359e-11  5.68895e-14  1.65790e-11
1.222969399e+01  1.6765604e-11  1.67656e-11  5.63545e-14  1.67092e-11
1.229084246e+01  1.6894497e-11  1.68945e-11  5.58243e-14  1.68387e-11
1.235229667e+01  1.7022579e-11  1.70226e-11  5.52991e-14  1.69673e-11
1.241405815e+01  1.7149829e-11  1.71498e-11  5.47786e-14  1.70951e-11
1.247612845e+01  1.7276223e-11  1.72762e-11  5.42628e-14  1.72220e-11
1.253850909e+01  1.7401737e-11  1.74017e-11  5.37518e-14  1.73480e-11
1.260120163e+01  1.7526349e-11  1.75263e-11  5.32455e-14  1.74731e-11
1.266420764e+01  1.7650037e-11  1.76500e-11  5.27438e-14  1.75973e-11
1.272752868e+01  1.7772779e-11  1.77728e-11  5.22466e-14  1.77205e-11
1.279116632e+01  1.7894553e-11  1.78946e-11  5.17541e-14  1.78428e-11
1.285512215e+01  1.8015337e-11  1.80153e-11  5.12660e-14  1.79641e-11
1.291939776e+01  1.8135111e-11  1.81351e-11  5.07824e-14  1.80843e-11
1.298399475e+01  1.8253853e-11  1.82539e-11  5.03032e-14  1.82036e-11
1.304891473e+01  1.8371544e-11  1.83715e-11  4.98285e-14  1.83217e-11
1.311415930e+01  1.8488163e-11  1.84882e-11  4.93581e-14  1.84388e-11
1.317973010e+01  1.8603690e-11  1.86037e-11  4.88920e-14  1.85548e-11
1.324562875e+01  1.8718107e-11  1.87181e-11  4.84302e-14  1.86697e-11
1.331185689e+01  1.8831393e-11  1.88314e-11  4.79726e-14  1.87834e-11
1.337841618e+01  1.8943532e-11  1.89435e-11  4.75193e-14  1.88960e-11
1.344530826e+01  1.9054503e-11  1.90545e-11  4.70701e-14  1.90074e-11
1.351253480e+01  1.9164290e-11  1.91643e-11  4.66250e-14  1.91177e-11
1.358009747e+01  1.9272874e-11  1.92729e-11  4.61840e-14  1.92267e-11
1.364799796e+01  1.9380240e-11  1.93802e-11  4.57471e-14  1.93345e-11
1.371623795e+01  1.9486369e-11  1.94864e-11  4.53143e-14  1.94411e-11
1.378481914e+01  1.9591246e-11  1.95912e-11  4.48854e-14  1.95464e-11
1.385374323e+01  1.9694855e-11  1.96949e-11  4.44604e-14  1.96504e-11
1.392301195e+01  1.9797180e-11  1.97972e-11  4.40394e-14  1.97531e-11
1.399262701e+01  1.9898205e-11  1.98982e-11  4.36223e-14  1.98546e-11
1.406259015e+01  1.9997918e-11  1.99979e-11  4.32090e-14  1.99547e-11
1.413290310e+01  2.0096302e-11  2.00963e-11  4.27995e-14  2.00535e-11
1.420356761e+01  2.0193344e-11  2.01933e-11  4.23939e-14  2.01509e-11
1.427458545e+01  2.0289030e-11  2.02890e-11  4.19919e-14  2.02470e-11
1.434595838e+01  2.0383348e-11  2.03833e-11  4.15937e-14  2.03418e-11
1.441768817e+01  2.0476284e-11  2.04763e-11  4.11992e-14  2.04351e-11
1.448977661e+01  2.0567827e-11  2.05678e-11  4.08083e-14  2.05270e-11
1.456222549e+01  2.0657964e-11  2.06580e-11  4.04210e-14  2.06175e-11
1.463503662e+01  2.0746684e-11  2.07467e-11  4.00373e-14  2.07066e-11
1.470821180e+01  2.0833976e-11  2.08340e-11  3.96572e-14  2.07943e-11
1.478175286e+01  2.0919829e-11  2.09198e-11  3.92806e-14  2.08805e-11
1.485566163e+01  2.1004234e-11  2.10042e-11  3.89074e-14  2.09653e-11
1.492993994e+01  2.1087179e-11  2.10872e-11  3.85378e-14  2.10486e-11
1.500458964e+01  2.1168657e-11  2.11687e-11  3.81715e-14  2.11305e-11
1.507961258e+01  2.1248657e-11  2.12487e-11  3.78087e-14  2.12108e-11
1.515501065e+01  2.1327171e-11  2.13272e-11  3.74492e-14  2.12897e-11
1.523078570e+01  2.1404192e-11  2.14042e-11  3.70931e-14  2.13671e-11
1.530693963e+01  2.1479711e-11  2.14797e-11  3.67403e-14  2.14430e-11
1.538347433e+01  2.1553721e-11  2.15537e-11  3.63907e-14  2.15173e-11
1.546039170e+01  2.1626216e-11  2.16262e-11  3.60444e-14  2.15902e-11
1.553769366e+01  2.1697188e-11  2.16972e-11  3.57014e-14  2.16615e-11
1.561538212e+01  2.1766632e-11  2.17666e-11  3.53615e-14  2.17313e-11
1.569345903e+01  2.1834541e-11  2.18345e-11  3.50248e-14  2.17995e-11
1.577192633e+01  2.1900911e-11  2.19009e-11  3.46912e-14  2.18662e-11
1.585078596e+01  2.1965737e-11  2.19657e-11  3.43607e-14  2.19314e-11
1.593003989e+01  2.2029015e-11  2.20290e-11  3.40333e-14  2.19950e-11
1.600969009e+01  2.2090739e-11  2.20907e-11  3.37089e-14  2.20570e-11
1.608973854e+01  2.2150907e-11  2.21509e-11  3.33876e-14  2.21175e-11
1.617018723e+01  2.2209515e-11  2.22095e-11  3.30693e-14  2.21764e-11
1.625103817e+01  2.2266560e-11  2.22666e-11  3.27539e-14  2.22338e-11
1.633229336e+01  2.2322040e-11  2.23220e-11  3.24415e-14  2.22896e-11
1.641395483e+01  2.2375953e-11  2.23760e-11  3.21320e-14  2.23438e-11
1.649602460e+01  2.2428297e-11  2.24283e-11  3.18254e-14  2.23965e-11
1.657850473e+01  2.2479070e-11  2.24791e-11  3.15216e-14  2.24475e-11
1.666139725e+01  2.2528271e-11  2.25283e-11  3.12207e-14  2.24971e-11
1.674470424e+01  2.2575900e-11  2.25759e-11  3.09226e-14  2.25450e-11
1.682842776e+01  2.2621957e-11  2.26220e-11  3.06273e-14  2.25913e-11
1.691256990e+01  2.2666442e-11  2.26664e-11  3.03347e-14  2.26361e-11
1.699713274e+01  2.2709354e-11  2.27094e-11  3.00449e-14  2.26793e-11
1.708211841e+01  2.2750696e-11  2.27507e-11  2.97578e-14  2.27209e-11
1.716752900e+01  2.2790468e-11  2.27905e-11  2.94734e-14  2.27610e-11
1.725336665e+01  2.2828671e-11  2.28287e-11  2.91916e-14  2.27995e-11
1.733963348e+01  2.2865307e-11  2.28653e-11  2.89125e-14  2.28364e-11
1.742633165e+01  2.2900379e-11  2.29004e-11  2.86360e-14  2.28717e-11
1.751346330e+01  2.2933889e-11  2.29339e-11  2.83621e-14  2.29055e-11
1.760103062e+01  2.2965840e-11  2.29658e-11  2.80908e-14  2.29377e-11
1.768903577e+01  2.2996236e-11  2.29962e-11  2.78220e-14  2.29684e-11
1.777748095e+01  2.3025078e-11  2.30251e-11  2.75557e-14  2.29975e-11
1.786636836e+01  2.3052372e-11  2.30524e-11  2.72919e-14  2.30251e-11
1.795570020e+01  2.3078122e-11  2.30781e-11  2.70306e-14  2.30511e-11
1.804547870e+01  2.3102331e-11  2.31023e-11  2.67718e-14  2.30756e-11
1.813570609e+01  2.3125006e-11  2.31250e-11  2.65154e-14  2.30985e-11
1.822638462e+01  2.3146149e-11  2.31461e-11  2.62614e-14  2.31199e-11
1.831751655e+01  2.3165768e-11  2.31658e-11  2.60098e-14  2.31398e-11
1.840910413e+01  2.3183867e-11  2.31839e-11  2.57605e-14  2.31581e-11
1.850114965e+01  2.3200452e-11  2.32005e-11  2.55136e-14  2.31749e-11
1.859365540e+01  2.3215530e-11  2.32155e-11  2.52690e-14  2.31903e-11
1.868662368e+01  2.3229107e-11  2.32291e-11  2.50267e-14  2.32041e-11
1.878005679e+01  2.3241190e-11  2.32412e-11  2.47867e-14  2.32164e-11
1.887395708e+01  2.3251785e-11  2.32518e-11  2.45490e-14  2.32272e-11
1.896832686e+01  2.3260899e-11  2.32609e-11  2.43135e-14  2.32366e-11
1.906316850e+01  2.3268541e-11  2.32685e-11  2.40802e-14  2.32445e-11
1.915848434e+01  2.3274718e-11  2.32747e-11  2.38491e-14  2.32509e-11
1.925427676e+01  2.3279437e-11  2.32794e-11  2.36202e-14  2.32558e-11
1.935054815e+01  2.3282708e-11  2.32827e-11  2.33934e-14  2.32593e-11
1.944730089e+01  2.3284537e-11  2.32845e-11  2.31688e-14  2.32614e-11
1.954453739e+01  2.3284935e-11  2.32849e-11  2.29463e-14  2.32620e-11
1.964226008e+01  2.3283909e-11  2.32839e-11  2.27259e-14  2.32612e-11
1.974047138e+01  2.3281469e-11  2.32815e-11  2.25076e-14  2.32590e-11
1.983917374e+01  2.3277624e-11  2.32776e-11  2.22913e-14  2.32553e-11
1.993836960e+01  2.3272384e-11  2.32724e-11  2.20771e-14  2.32503e-11
2.003806145e+01  2.3265757e-11  2.32658e-11  2.18649e-14  2.32439e-11
2.013825176e+01  2.3257754e-11  2.32578e-11  2.16547e-14  2.32361e-11
2.023894302e+01  2.3248386e-11  2.32484e-11  2.14465e-14  2.32269e-11
2.034013773e+01  2.3237661e-11  2.32377e-11  2.12403e-14  2.32164e-11
2.044183842e+01  2.3225591e-11  2.32256e-11  2.10360e-14  2.32046e-11
2.054404761e+01  2.3212186e-11  2.32122e-11  2.08336e-14  2.31914e-11
2.064676785e+01  2.3197457e-11  2.31975e-11  2.06332e-14  2.31768e-11
2.075000169e+01  2.3181414e-11  2.31814e-11  2.04347e-14  2.31610e-11
2.085375170e+01  2.3164069e-11  2.31641e-11  2.02380e-14  2.31438e-11
2.095802046e+01  2.3145432e-11  2.31454e-11  2.00432e-14  2.31254e-11
2.106281056e+01  2.3125516e-11  2.31255e-11  1.98502e-14  2.31057e-11
2.116812461e+01  2.3104331e-11  2.31043e-11  1.96591e-14  2.30847e-11
2.127396524e+01  2.3081889e-11  2.30819e-11  1.94698e-14  2.30624e-11
2.138033506e+01  2.3058202e-11  2.30582e-11  1.92823e-14  2.30389e-11
2.148723674e+01  2.3033282e-11  2.30333e-11  1.90965e-14  2.30142e-11
2.159467292e+01  2.3007140e-11  2.30071e-11  1.89125e-14  2.29882e-11
2.170264629e+01  2.2979789e-11  2.29798e-11  1.87303e-14  2.29611e-11
2.181115952e+01  2.2951241e-11  2.29512e-11  1.85498e-14  2.29327e-11
2.192021532e+01  2.2921508e-11  2.29215e-11  1.83710e-14  2.29031e-11
2.202981639e+01  2.2890602e-11  2.28906e-11  1.81939e-14  2.28724e-11
2.213996547e+01  2.2858536e-11  2.28585e-11  1.80185e-14  2.28405e-11
2.225066530e+01  2.2825323e-11  2.28253e-11  1.78447e-14  2.28075e-11
2.236191863e+01  2.2790975e-11  2.27910e-11  1.76726e-14  2.27733e-11
2.247372822e+01  2.2755505e-11  2.27555e-11  1.75021e-14  2.27380e-11
2.258609686e+01  2.2718926e-11  2.27189e-11  1.73333e-14  2.27016e-11
2.269902735e+01  2.2681250e-11  2.26812e-11  1.71660e-14  2.26641e-11
2.281252248e+01  2.2642490e-11  2.26425e-11  1.70004e-14  2.26255e-11
2.292658510e+01  2.2602661e-11  2.26027e-11  1.68363e-14  2.25858e-11
2.304121802e+01  2.2561773e-11  2.25618e-11  1.66738e-14  2.25451e-11
2.315642411e+01  2.2519842e-11  2.25198e-11  1.65128e-14  2.25033e-11
2.327220623e+01  2.2476879e-11  2.24769e-11  1.63533e-14  2.24605e-11
2.338856726e+01  2.2432899e-11  2.24329e-11  1.61954e-14  2.24167e-11
2.350551010e+01  2.2387914e-11  2.23879e-11  1.60390e-14  2.23719e-11
2.362303765e+01  2.2341937e-11  2.23419e-11  1.58840e-14  2.23261e-11
2.374115284e+01  2.2294983e-11  2.22950e-11  1.57306e-14  2.22793e-11
2.385985860e+01  2.2247063e-11  2.22471e-11  1.55786e-14  2.22315e-11
2.397915789e+01  2.2198193e-11  2.21982e-11  1.54280e-14  2.21828e-11
2.409905368e+01  2.2148384e-11  2.21484e-11  1.52789e-14  2.21331e-11
2.421954895e+01  2.2097651e-11  2.20977e-11  1.51312e-14  2.20825e-11
2.434064670e+01  2.2046007e-11  2.20460e-11  1.49849e-14  2.20310e-11
2.446234993e+01  2.1993466e-11  2.19935e-11  1.48400e-14  2.19786e-11
2.458466168e+01  2.1940040e-11  2.19400e-11  1.46965e-14  2.19253e-11
2.470758499e+01  2.1885744e-11  2.18857e-11  1.45544e-14  2.18712e-11
2.483112291e+01  2.1830590e-11  2.18306e-11  1.44136e-14  2.18162e-11
2.495527853e+01  2.1774593e-11  2.17746e-11  1.42742e-14  2.17603e-11
