# ------------------------------------------------------------------------
# Radiance spectrum
# NASA-GSFC Planetary Spectrum Generator (PSG) (Villanueva et al. 2018, 2022)
# Synthesized on Sat Dec 23 00:38:49 2023
# Doppler velocities [km/s] (vobs,vrot+vorb,vwidth,vrfl,vstr): 0.00000,-0.00000,0.00000,-119.41115,-0.00000
# Spectral unit: Wavelength [um]
# Radiance unit: Spectral irradiance [W/m2/um]
# Wave/freq Total Object Reflected Thermal
5.000000000e-01  5.7578142e-13  5.75781e-13  5.75781e-13  9.22779e-45
5.025000000e-01  6.0812378e-13  6.08124e-13  6.08124e-13  1.42262e-44
5.050125000e-01  6.2937398e-13  6.29374e-13  6.29374e-13  2.19186e-44
5.075375625e-01  6.4927833e-13  6.49278e-13  6.49278e-13  3.37027e-44
5.100752503e-01  6.6966808e-13  6.69668e-13  6.69668e-13  5.17051e-44
5.126256266e-01  6.9529481e-13  6.95295e-13  6.95295e-13  7.90933e-44
5.151887547e-01  7.2142548e-13  7.21425e-13  7.21425e-13  1.20719e-43
5.177646985e-01  7.4749736e-13  7.47497e-13  7.47497e-13  1.83858e-43
5.203535220e-01  7.7414704e-13  7.74147e-13  7.74147e-13  2.79398e-43
5.229552896e-01  8.0178846e-13  8.01788e-13  8.01788e-13  4.23625e-43
5.255700660e-01  8.2960769e-13  8.29608e-13  8.29608e-13  6.40926e-43
5.281979164e-01  8.5667760e-13  8.56678e-13  8.56678e-13  9.67744e-43
5.308389059e-01  8.8515766e-13  8.85158e-13  8.85158e-13  1.45787e-42
5.334931005e-01  9.1600782e-13  9.16008e-13  9.16008e-13  2.19096e-42
5.361605660e-01  9.4661824e-13  9.46618e-13  9.46618e-13  3.28594e-42
5.388413688e-01  9.7645073e-13  9.76451e-13  9.76451e-13  4.91847e-42
5.415355756e-01  1.0068679e-12  1.00687e-12  1.00687e-12  7.34637e-42
5.442432535e-01  1.0377839e-12  1.03778e-12  1.03778e-12  1.09495e-41
5.469644698e-01  1.0657430e-12  1.06574e-12  1.06574e-12  1.62929e-41
5.496992921e-01  1.0926271e-12  1.09263e-12  1.09263e-12  2.41977e-41
5.524477886e-01  1.1237110e-12  1.12371e-12  1.12371e-12  3.58458e-41
5.552100275e-01  1.1553635e-12  1.15536e-12  1.15536e-12  5.29903e-41
5.579860777e-01  1.1835643e-12  1.18356e-12  1.18356e-12  7.82118e-41
5.607760081e-01  1.2119073e-12  1.21191e-12  1.21191e-12  1.15205e-40
5.635798881e-01  1.2401076e-12  1.24011e-12  1.24011e-12  1.69361e-40
5.663977875e-01  1.2685263e-12  1.26853e-12  1.26853e-12  2.48476e-40
5.692297765e-01  1.2971587e-12  1.29716e-12  1.29716e-12  3.63820e-40
5.720759254e-01  1.3235354e-12  1.32354e-12  1.32354e-12  5.31809e-40
5.749363050e-01  1.3491272e-12  1.34913e-12  1.34913e-12  7.75918e-40
5.778109865e-01  1.3761207e-12  1.37612e-12  1.37612e-12  1.12968e-39
5.807000414e-01  1.4021176e-12  1.40212e-12  1.40212e-12  1.64175e-39
5.836035417e-01  1.4240700e-12  1.42407e-12  1.42407e-12  2.38249e-39
5.865215594e-01  1.4476763e-12  1.44768e-12  1.44768e-12  3.45009e-39
5.894541672e-01  1.4728644e-12  1.47286e-12  1.47286e-12  4.98560e-39
5.924014380e-01  1.4965795e-12  1.49658e-12  1.49658e-12  7.19205e-39
5.953634452e-01  1.5195868e-12  1.51959e-12  1.51959e-12  1.03562e-38
5.983402624e-01  1.5387496e-12  1.53875e-12  1.53875e-12  1.48909e-38
6.013319637e-01  1.5578372e-12  1.55784e-12  1.55784e-12  2.13712e-38
6.043386235e-01  1.5767427e-12  1.57674e-12  1.57674e-12  3.06148e-38
6.073603167e-01  1.5978140e-12  1.59781e-12  1.59781e-12  4.37637e-38
6.103971182e-01  1.6195407e-12  1.61954e-12  1.61954e-12  6.24391e-38
6.134491038e-01  1.6403759e-12  1.64038e-12  1.64038e-12  8.89286e-38
6.165163494e-01  1.6576963e-12  1.65770e-12  1.65770e-12  1.26474e-37
6.195989311e-01  1.6713351e-12  1.67134e-12  1.67134e-12  1.79617e-37
6.226969258e-01  1.6895478e-12  1.68955e-12  1.68955e-12  2.54493e-37
6.258104104e-01  1.7073252e-12  1.70733e-12  1.70733e-12  3.59944e-37
6.289394624e-01  1.7217846e-12  1.72178e-12  1.72178e-12  5.08360e-37
6.320841597e-01  1.7395031e-12  1.73950e-12  1.73950e-12  7.16419e-37
6.352445805e-01  1.7584863e-12  1.75849e-12  1.75849e-12  1.00768e-36
6.384208035e-01  1.7724847e-12  1.77248e-12  1.77248e-12  1.41563e-36
6.416129075e-01  1.7868501e-12  1.78685e-12  1.78685e-12  1.98510e-36
6.448209720e-01  1.8013684e-12  1.80137e-12  1.80137e-12  2.77871e-36
6.480450769e-01  1.8157115e-12  1.81571e-12  1.81571e-12  3.88283e-36
6.512853022e-01  1.8296554e-12  1.82966e-12  1.82966e-12  5.41641e-36
6.545417288e-01  1.8431934e-12  1.84319e-12  1.84319e-12  7.54289e-36
6.578144374e-01  1.8572073e-12  1.85721e-12  1.85721e-12  1.04855e-35
6.611035096e-01  1.8700291e-12  1.87003e-12  1.87003e-12  1.45528e-35
6.644090271e-01  1.8806342e-12  1.88063e-12  1.88063e-12  2.01679e-35
6.677310723e-01  1.8949557e-12  1.89496e-12  1.89496e-12  2.78908e-35
6.710697276e-01  1.9088600e-12  1.90886e-12  1.90886e-12  3.85071e-35
6.744250763e-01  1.9200731e-12  1.92007e-12  1.92007e-12  5.30897e-35
6.777972017e-01  1.9278795e-12  1.92788e-12  1.92788e-12  7.30979e-35
6.811861877e-01  1.9357819e-12  1.93578e-12  1.93578e-12  1.00477e-34
6.845921186e-01  1.9452730e-12  1.94527e-12  1.94527e-12  1.37857e-34
6.880150792e-01  1.9536082e-12  1.95361e-12  1.95361e-12  1.88851e-34
6.914551546e-01  1.9612373e-12  1.96124e-12  1.96124e-12  2.58301e-34
6.949124304e-01  1.9679216e-12  1.96792e-12  1.96792e-12  3.52745e-34
6.983869925e-01  1.9793509e-12  1.97935e-12  1.97935e-12  4.80695e-34
7.018789275e-01  1.9881050e-12  1.98811e-12  1.98811e-12  6.54170e-34
7.053883221e-01  1.9941577e-12  1.99416e-12  1.99416e-12  8.89056e-34
7.089152637e-01  1.9992450e-12  1.99925e-12  1.99925e-12  1.20645e-33
7.124598400e-01  2.0035947e-12  2.00359e-12  2.00359e-12  1.63464e-33
7.160221392e-01  2.0080282e-12  2.00803e-12  2.00803e-12  2.21125e-33
7.196022499e-01  2.0139693e-12  2.01397e-12  2.01397e-12  2.98604e-33
7.232002612e-01  2.0189370e-12  2.01894e-12  2.01894e-12  4.02632e-33
7.268162625e-01  2.0244728e-12  2.02447e-12  2.02447e-12  5.42015e-33
7.304503438e-01  2.0303434e-12  2.03034e-12  2.03034e-12  7.28482e-33
7.341025955e-01  2.0339173e-12  2.03392e-12  2.03392e-12  9.77798e-33
7.377731085e-01  2.0348178e-12  2.03482e-12  2.03482e-12  1.31076e-32
7.414619740e-01  2.0339895e-12  2.03399e-12  2.03399e-12  1.75468e-32
7.451692839e-01  2.0319046e-12  2.03190e-12  2.03190e-12  2.34562e-32
7.488951303e-01  2.0275895e-12  2.02759e-12  2.02759e-12  3.13148e-32
7.526396060e-01  2.0229710e-12  2.02297e-12  2.02297e-12  4.17438e-32
7.564028040e-01  2.0197502e-12  2.01975e-12  2.01975e-12  5.55538e-32
7.601848180e-01  2.0189125e-12  2.01891e-12  2.01891e-12  7.38038e-32
7.639857421e-01  2.0116951e-12  2.01170e-12  2.01170e-12  9.79633e-32
7.678056708e-01  2.0100361e-12  2.01004e-12  2.01004e-12  1.29766e-31
7.716446992e-01  2.0049125e-12  2.00491e-12  2.00491e-12  1.71696e-31
7.755029227e-01  1.9934880e-12  1.99349e-12  1.99349e-12  2.26978e-31
7.793804373e-01  1.9887519e-12  1.98875e-12  1.98875e-12  2.99422e-31
7.832773395e-01  1.9768404e-12  1.97684e-12  1.97684e-12  3.94684e-31
7.871937262e-01  1.9705360e-12  1.97054e-12  1.97054e-12  5.19212e-31
7.911296948e-01  1.9669064e-12  1.96691e-12  1.96691e-12  6.81865e-31
7.950853433e-01  1.9559574e-12  1.95596e-12  1.95596e-12  8.94812e-31
7.990607700e-01  1.9516427e-12  1.95164e-12  1.95164e-12  1.17183e-30
8.030560739e-01  1.9401167e-12  1.94012e-12  1.94012e-12  1.53347e-30
8.070713542e-01  1.9292935e-12  1.92929e-12  1.92929e-12  2.00373e-30
8.111067110e-01  1.9198002e-12  1.91980e-12  1.91980e-12  2.61418e-30
8.151622446e-01  1.9062995e-12  1.90630e-12  1.90630e-12  3.40709e-30
8.192380558e-01  1.9039626e-12  1.90396e-12  1.90396e-12  4.42958e-30
8.233342461e-01  1.8787002e-12  1.87870e-12  1.87870e-12  5.76343e-30
8.274509173e-01  1.8654810e-12  1.86548e-12  1.86548e-12  7.47998e-30
8.315881719e-01  1.8584767e-12  1.85848e-12  1.85848e-12  9.68872e-30
8.357461127e-01  1.8434731e-12  1.84347e-12  1.84347e-12  1.25419e-29
8.399248433e-01  1.8338232e-12  1.83382e-12  1.83382e-12  1.62050e-29
8.441244675e-01  1.8247908e-12  1.82479e-12  1.82479e-12  2.09084e-29
8.483450899e-01  1.8145037e-12  1.81450e-12  1.81450e-12  2.69436e-29
8.525868153e-01  1.8053401e-12  1.80534e-12  1.80534e-12  3.46706e-29
8.568497494e-01  1.7948010e-12  1.79480e-12  1.79480e-12  4.45597e-29
8.611339981e-01  1.7826370e-12  1.78264e-12  1.78264e-12  5.72020e-29
8.654396681e-01  1.7738596e-12  1.77386e-12  1.77386e-12  7.33109e-29
8.697668665e-01  1.7685992e-12  1.76860e-12  1.76860e-12  9.38022e-29
8.741157008e-01  1.7553330e-12  1.75533e-12  1.75533e-12  1.19953e-28
8.784862793e-01  1.7414535e-12  1.74145e-12  1.74145e-12  1.53203e-28
8.828787107e-01  1.7329785e-12  1.73298e-12  1.73298e-12  1.95319e-28
8.872931042e-01  1.7232697e-12  1.72327e-12  1.72327e-12  2.48720e-28
8.917295698e-01  1.7138331e-12  1.71383e-12  1.71383e-12  3.16307e-28
8.961882176e-01  1.7086796e-12  1.70868e-12  1.70868e-12  4.01588e-28
9.006691587e-01  1.6976641e-12  1.69766e-12  1.69766e-12  5.09491e-28
9.051725045e-01  1.6889314e-12  1.68893e-12  1.68893e-12  6.45434e-28
9.096983670e-01  1.6814805e-12  1.68148e-12  1.68148e-12  8.16527e-28
9.142468589e-01  1.6746863e-12  1.67469e-12  1.67469e-12  1.03162e-27
9.188180931e-01  1.6627970e-12  1.66280e-12  1.66280e-12  1.30236e-27
9.234121836e-01  1.6578217e-12  1.65782e-12  1.65782e-12  1.64109e-27
9.280292445e-01  1.6515061e-12  1.65151e-12  1.65151e-12  2.06561e-27
9.326693908e-01  1.6409826e-12  1.64098e-12  1.64098e-12  2.59778e-27
9.373327377e-01  1.6327488e-12  1.63275e-12  1.63275e-12  3.26239e-27
9.420194014e-01  1.6245579e-12  1.62456e-12  1.62456e-12  4.09205e-27
9.467294984e-01  1.6144185e-12  1.61442e-12  1.61442e-12  5.12744e-27
9.514631459e-01  1.6096805e-12  1.60968e-12  1.60968e-12  6.41390e-27
9.562204616e-01  1.6054818e-12  1.60548e-12  1.60548e-12  8.01315e-27
9.610015639e-01  1.6012006e-12  1.60120e-12  1.60120e-12  9.99934e-27
9.658065718e-01  1.5887715e-12  1.58877e-12  1.58877e-12  1.24725e-26
9.706356046e-01  1.5847099e-12  1.58471e-12  1.58471e-12  1.55270e-26
9.754887826e-01  1.5818075e-12  1.58181e-12  1.58181e-12  1.93050e-26
9.803662265e-01  1.5742481e-12  1.57425e-12  1.57425e-12  2.39845e-26
9.852680577e-01  1.5624202e-12  1.56242e-12  1.56242e-12  2.97757e-26
9.901943980e-01  1.5594192e-12  1.55942e-12  1.55942e-12  3.68924e-26
9.951453700e-01  1.5507965e-12  1.55080e-12  1.55080e-12  4.56814e-26
1.000121097e+00  1.5429742e-12  1.54297e-12  1.54297e-12  5.64957e-26
1.005121702e+00  1.5369333e-12  1.53693e-12  1.53693e-12  6.97792e-26
1.010147311e+00  1.5320537e-12  1.53205e-12  1.53205e-12  8.60794e-26
1.015198047e+00  1.5245342e-12  1.52453e-12  1.52453e-12  1.06094e-25
1.020274038e+00  1.5263725e-12  1.52637e-12  1.52637e-12  1.30502e-25
1.025375408e+00  1.5259255e-12  1.52593e-12  1.52593e-12  1.60381e-25
1.030502285e+00  1.5235704e-12  1.52357e-12  1.52357e-12  1.96918e-25
1.035654796e+00  1.5174924e-12  1.51749e-12  1.51749e-12  2.41597e-25
1.040833070e+00  1.5191277e-12  1.51913e-12  1.51913e-12  2.95873e-25
1.046037236e+00  1.5149793e-12  1.51498e-12  1.51498e-12  3.62144e-25
1.051267422e+00  1.5067738e-12  1.50677e-12  1.50677e-12  4.42947e-25
1.056523759e+00  1.5047995e-12  1.50480e-12  1.50480e-12  5.40877e-25
1.061806378e+00  1.4984155e-12  1.49842e-12  1.49842e-12  6.60024e-25
1.067115410e+00  1.4949853e-12  1.49499e-12  1.49499e-12  8.04331e-25
1.072450987e+00  1.4960514e-12  1.49605e-12  1.49605e-12  9.78728e-25
1.077813242e+00  1.4912866e-12  1.49129e-12  1.49129e-12  1.19034e-24
1.083202308e+00  1.4937536e-12  1.49375e-12  1.49375e-12  1.44518e-24
1.088618319e+00  1.4966088e-12  1.49661e-12  1.49661e-12  1.75266e-24
1.094061411e+00  1.4946153e-12  1.49462e-12  1.49462e-12  2.12434e-24
1.099531718e+00  1.4969444e-12  1.49694e-12  1.49694e-12  2.57110e-24
1.105029377e+00  1.4908975e-12  1.49090e-12  1.49090e-12  3.11111e-24
1.110554523e+00  1.4959044e-12  1.49590e-12  1.49590e-12  3.75664e-24
1.116107296e+00  1.4949189e-12  1.49492e-12  1.49492e-12  4.53411e-24
1.121687832e+00  1.4971516e-12  1.49715e-12  1.49715e-12  5.46518e-24
1.127296272e+00  1.4920286e-12  1.49203e-12  1.49203e-12  6.58551e-24
1.132932753e+00  1.4893103e-12  1.48931e-12  1.48931e-12  7.92564e-24
1.138597417e+00  1.4885119e-12  1.48851e-12  1.48851e-12  9.52713e-24
1.144290404e+00  1.4964790e-12  1.49648e-12  1.49648e-12  1.14309e-23
1.150011856e+00  1.4969042e-12  1.49690e-12  1.49690e-12  1.37116e-23
1.155761915e+00  1.4964408e-12  1.49644e-12  1.49644e-12  1.64326e-23
1.161540725e+00  1.5021305e-12  1.50213e-12  1.50213e-12  1.96621e-23
1.167348428e+00  1.5016167e-12  1.50162e-12  1.50162e-12  2.35177e-23
1.173185171e+00  1.5046979e-12  1.50470e-12  1.50470e-12  2.80918e-23
1.179051096e+00  1.5066552e-12  1.50666e-12  1.50666e-12  3.35268e-23
1.184946352e+00  1.5144504e-12  1.51445e-12  1.51445e-12  3.99510e-23
1.190871084e+00  1.5170082e-12  1.51701e-12  1.51701e-12  4.75854e-23
1.196825439e+00  1.5115436e-12  1.51154e-12  1.51154e-12  5.66709e-23
1.202809566e+00  1.5154081e-12  1.51541e-12  1.51541e-12  6.73628e-23
1.208823614e+00  1.5281762e-12  1.52818e-12  1.52818e-12  7.99227e-23
1.214867732e+00  1.5343894e-12  1.53439e-12  1.53439e-12  9.47982e-23
1.220942071e+00  1.5447343e-12  1.54473e-12  1.54473e-12  1.12288e-22
1.227046781e+00  1.5550444e-12  1.55504e-12  1.55504e-12  1.32880e-22
1.233182015e+00  1.5630961e-12  1.56310e-12  1.56310e-12  1.57139e-22
1.239347925e+00  1.5669172e-12  1.56692e-12  1.56692e-12  1.85735e-22
1.245544665e+00  1.5691980e-12  1.56920e-12  1.56920e-12  2.19368e-22
1.251772388e+00  1.5786411e-12  1.57864e-12  1.57864e-12  2.58658e-22
1.258031250e+00  1.5812533e-12  1.58125e-12  1.58125e-12  3.04926e-22
1.264321406e+00  1.5873701e-12  1.58737e-12  1.58737e-12  3.59009e-22
1.270643013e+00  1.5952123e-12  1.59521e-12  1.59521e-12  4.22223e-22
1.276996228e+00  1.6033505e-12  1.60335e-12  1.60335e-12  4.96102e-22
1.283381209e+00  1.6051903e-12  1.60519e-12  1.60519e-12  5.82782e-22
1.289798116e+00  1.6173746e-12  1.61737e-12  1.61737e-12  6.83223e-22
1.296247106e+00  1.6219872e-12  1.62199e-12  1.62199e-12  8.00923e-22
1.302728342e+00  1.6288324e-12  1.62883e-12  1.62883e-12  9.37838e-22
1.309241983e+00  1.6341591e-12  1.63416e-12  1.63416e-12  1.09737e-21
1.315788193e+00  1.6438140e-12  1.64381e-12  1.64381e-12  1.28230e-21
1.322367134e+00  1.6495084e-12  1.64951e-12  1.64951e-12  1.49774e-21
1.328978970e+00  1.6555999e-12  1.65560e-12  1.65560e-12  1.74777e-21
1.335623865e+00  1.6622919e-12  1.66229e-12  1.66229e-12  2.03764e-21
1.342301984e+00  1.6689497e-12  1.66895e-12  1.66895e-12  2.37354e-21
1.349013494e+00  1.6746368e-12  1.67464e-12  1.67464e-12  2.76276e-21
1.355758561e+00  1.6837118e-12  1.68371e-12  1.68371e-12  3.21179e-21
1.362537354e+00  1.6904608e-12  1.69046e-12  1.69046e-12  3.73162e-21
1.369350041e+00  1.6924463e-12  1.69245e-12  1.69245e-12  4.33431e-21
1.376196791e+00  1.7000542e-12  1.70005e-12  1.70005e-12  5.02682e-21
1.383077775e+00  1.7074088e-12  1.70741e-12  1.70741e-12  5.82525e-21
1.389993164e+00  1.7127877e-12  1.71279e-12  1.71279e-12  6.74643e-21
1.396943130e+00  1.7268166e-12  1.72682e-12  1.72682e-12  7.79873e-21
1.403927846e+00  1.7194222e-12  1.71942e-12  1.71942e-12  9.03081e-21
1.410947485e+00  1.7120015e-12  1.71200e-12  1.71200e-12  1.04491e-20
1.418002222e+00  1.7045555e-12  1.70456e-12  1.70456e-12  1.20805e-20
1.425092233e+00  1.6970850e-12  1.69709e-12  1.69709e-12  1.39555e-20
1.432217694e+00  1.6895912e-12  1.68959e-12  1.68959e-12  1.61088e-20
1.439378783e+00  1.6820749e-12  1.68207e-12  1.68207e-12  1.85796e-20
1.446575677e+00  1.6745372e-12  1.67454e-12  1.67454e-12  2.14126e-20
1.453808555e+00  1.6669788e-12  1.66698e-12  1.66698e-12  2.46584e-20
1.461077598e+00  1.6594009e-12  1.65940e-12  1.65940e-12  2.83740e-20
1.468382986e+00  1.6518042e-12  1.65180e-12  1.65180e-12  3.26244e-20
1.475724901e+00  1.6441897e-12  1.64419e-12  1.64419e-12  3.74826e-20
1.483103525e+00  1.6365583e-12  1.63656e-12  1.63656e-12  4.30314e-20
1.490519043e+00  1.6289109e-12  1.62891e-12  1.62891e-12  4.93640e-20
1.497971638e+00  1.6212484e-12  1.62125e-12  1.62125e-12  5.65856e-20
1.505461496e+00  1.6135716e-12  1.61357e-12  1.61357e-12  6.48148e-20
1.512988804e+00  1.6058815e-12  1.60588e-12  1.60588e-12  7.41851e-20
1.520553748e+00  1.5981788e-12  1.59818e-12  1.59818e-12  8.48467e-20
1.528156517e+00  1.5904644e-12  1.59046e-12  1.59046e-12  9.69686e-20
1.535797299e+00  1.5827391e-12  1.58274e-12  1.58274e-12  1.10740e-19
1.543476286e+00  1.5750039e-12  1.57500e-12  1.57500e-12  1.26375e-19
1.551193667e+00  1.5672594e-12  1.56726e-12  1.56726e-12  1.44112e-19
1.558949636e+00  1.5595065e-12  1.55951e-12  1.55951e-12  1.64219e-19
1.566744384e+00  1.5517460e-12  1.55175e-12  1.55175e-12  1.86995e-19
1.574578106e+00  1.5439787e-12  1.54398e-12  1.54398e-12  2.12777e-19
1.582450996e+00  1.5362053e-12  1.53621e-12  1.53621e-12  2.41940e-19
1.590363251e+00  1.5284266e-12  1.52843e-12  1.52843e-12  2.74904e-19
1.598315067e+00  1.5206435e-12  1.52064e-12  1.52064e-12  3.12138e-19
1.606306643e+00  1.5128566e-12  1.51286e-12  1.51286e-12  3.54164e-19
1.614338176e+00  1.5050666e-12  1.50507e-12  1.50507e-12  4.01567e-19
1.622409867e+00  1.4972743e-12  1.49727e-12  1.49727e-12  4.54995e-19
1.630521916e+00  1.4894805e-12  1.48948e-12  1.48948e-12  5.15174e-19
1.638674526e+00  1.4816858e-12  1.48169e-12  1.48169e-12  5.82908e-19
1.646867898e+00  1.4738910e-12  1.47389e-12  1.47389e-12  6.59094e-19
1.655102238e+00  1.4660966e-12  1.46610e-12  1.46610e-12  7.44726e-19
1.663377749e+00  1.4583035e-12  1.45830e-12  1.45830e-12  8.40910e-19
1.671694638e+00  1.4505123e-12  1.45051e-12  1.45051e-12  9.48873e-19
1.680053111e+00  1.4427236e-12  1.44272e-12  1.44272e-12  1.06997e-18
1.688453377e+00  1.4349381e-12  1.43494e-12  1.43494e-12  1.20572e-18
1.696895643e+00  1.4271564e-12  1.42716e-12  1.42716e-12  1.35778e-18
1.705380122e+00  1.4193793e-12  1.41938e-12  1.41938e-12  1.52800e-18
1.713907022e+00  1.4116072e-12  1.41161e-12  1.41161e-12  1.71842e-18
1.722476557e+00  1.4038409e-12  1.40384e-12  1.40384e-12  1.93130e-18
1.731088940e+00  1.3960809e-12  1.39608e-12  1.39608e-12  2.16913e-18
1.739744385e+00  1.3883279e-12  1.38833e-12  1.38833e-12  2.43465e-18
1.748443107e+00  1.3805824e-12  1.38058e-12  1.38058e-12  2.73091e-18
1.757185322e+00  1.3728450e-12  1.37285e-12  1.37284e-12  3.06124e-18
1.765971249e+00  1.3651163e-12  1.36512e-12  1.36511e-12  3.42932e-18
1.774801105e+00  1.3573969e-12  1.35740e-12  1.35739e-12  3.83921e-18
1.783675111e+00  1.3496873e-12  1.34969e-12  1.34968e-12  4.29535e-18
1.792593486e+00  1.3419880e-12  1.34199e-12  1.34198e-12  4.80264e-18
1.801556454e+00  1.3342996e-12  1.33430e-12  1.33429e-12  5.36647e-18
1.810564236e+00  1.3266226e-12  1.32662e-12  1.32662e-12  5.99274e-18
1.819617057e+00  1.3189576e-12  1.31896e-12  1.31895e-12  6.68792e-18
1.828715142e+00  1.3113051e-12  1.31131e-12  1.31130e-12  7.45911e-18
1.837858718e+00  1.3036655e-12  1.30367e-12  1.30366e-12  8.31409e-18
1.847048012e+00  1.2960395e-12  1.29604e-12  1.29603e-12  9.26139e-18
1.856283252e+00  1.2884273e-12  1.28843e-12  1.28842e-12  1.03103e-17
1.865564668e+00  1.2808296e-12  1.28083e-12  1.28082e-12  1.14711e-17
1.874892491e+00  1.2732469e-12  1.27325e-12  1.27323e-12  1.27548e-17
1.884266954e+00  1.2656795e-12  1.26568e-12  1.26567e-12  1.41736e-17
1.893688289e+00  1.2581280e-12  1.25813e-12  1.25811e-12  1.57408e-17
1.903156730e+00  1.2505928e-12  1.25059e-12  1.25058e-12  1.74709e-17
1.912672514e+00  1.2430743e-12  1.24307e-12  1.24305e-12  1.93796e-17
1.922235876e+00  1.2355730e-12  1.23557e-12  1.23555e-12  2.14842e-17
1.931847056e+00  1.2280894e-12  1.22809e-12  1.22807e-12  2.38033e-17
1.941506291e+00  1.2206238e-12  1.22062e-12  1.22060e-12  2.63574e-17
1.951213822e+00  1.2131767e-12  1.21318e-12  1.21315e-12  2.91686e-17
1.960969892e+00  1.2057485e-12  1.20575e-12  1.20572e-12  3.22609e-17
1.970774741e+00  1.1983396e-12  1.19834e-12  1.19830e-12  3.56605e-17
1.980628615e+00  1.1909503e-12  1.19095e-12  1.19091e-12  3.93958e-17
1.990531758e+00  1.1835812e-12  1.18358e-12  1.18354e-12  4.34976e-17
2.000484417e+00  1.1762326e-12  1.17623e-12  1.17618e-12  4.79991e-17
2.010486839e+00  1.1689048e-12  1.16890e-12  1.16885e-12  5.29367e-17
2.020539273e+00  1.1615984e-12  1.16160e-12  1.16154e-12  5.83494e-17
2.030641969e+00  1.1543135e-12  1.15431e-12  1.15425e-12  6.42796e-17
2.040795179e+00  1.1470507e-12  1.14705e-12  1.14698e-12  7.07732e-17
2.050999155e+00  1.1398103e-12  1.13981e-12  1.13973e-12  7.78796e-17
2.061254151e+00  1.1325926e-12  1.13259e-12  1.13251e-12  8.56524e-17
2.071560421e+00  1.1253981e-12  1.12540e-12  1.12530e-12  9.41495e-17
2.081918224e+00  1.1182271e-12  1.11823e-12  1.11812e-12  1.03433e-16
2.092327815e+00  1.1110799e-12  1.11108e-12  1.11097e-12  1.13570e-16
2.102789454e+00  1.1039569e-12  1.10396e-12  1.10383e-12  1.24634e-16
2.113303401e+00  1.0968585e-12  1.09686e-12  1.09672e-12  1.36702e-16
2.123869918e+00  1.0897850e-12  1.08979e-12  1.08964e-12  1.49859e-16
2.134489268e+00  1.0827368e-12  1.08274e-12  1.08257e-12  1.64194e-16
2.145161714e+00  1.0757143e-12  1.07571e-12  1.07553e-12  1.79806e-16
2.155887523e+00  1.0687177e-12  1.06872e-12  1.06852e-12  1.96798e-16
2.166666960e+00  1.0617475e-12  1.06175e-12  1.06153e-12  2.15283e-16
2.177500295e+00  1.0548040e-12  1.05480e-12  1.05457e-12  2.35382e-16
2.188387796e+00  1.0478876e-12  1.04789e-12  1.04763e-12  2.57224e-16
2.199329735e+00  1.0409987e-12  1.04100e-12  1.04072e-12  2.80948e-16
2.210326384e+00  1.0341375e-12  1.03414e-12  1.03383e-12  3.06702e-16
2.221378016e+00  1.0273046e-12  1.02730e-12  1.02697e-12  3.34647e-16
2.232484906e+00  1.0205002e-12  1.02050e-12  1.02014e-12  3.64952e-16
2.243647331e+00  1.0137247e-12  1.01372e-12  1.01333e-12  3.97800e-16
2.254865567e+00  1.0069787e-12  1.00698e-12  1.00655e-12  4.33386e-16
2.266139895e+00  1.0002623e-12  1.00026e-12  9.99790e-13  4.71920e-16
2.277470595e+00  9.9357610e-13  9.93576e-13  9.93062e-13  5.13623e-16
2.288857948e+00  9.8692046e-13  9.86920e-13  9.86362e-13  5.58735e-16
2.300302237e+00  9.8029582e-13  9.80296e-13  9.79688e-13  6.07510e-16
2.311803748e+00  9.7370261e-13  9.73703e-13  9.73042e-13  6.60218e-16
2.323362767e+00  9.6714129e-13  9.67141e-13  9.66424e-13  7.17149e-16
2.334979581e+00  9.6061231e-13  9.60612e-13  9.59834e-13  7.78610e-16
2.346654479e+00  9.5411616e-13  9.54116e-13  9.53271e-13  8.44930e-16
2.358387751e+00  9.4765333e-13  9.47653e-13  9.46737e-13  9.16459e-16
2.370179690e+00  9.4122433e-13  9.41224e-13  9.40231e-13  9.93566e-16
2.382030589e+00  9.3482970e-13  9.34830e-13  9.33753e-13  1.07665e-15
2.393940742e+00  9.2846997e-13  9.28470e-13  9.27304e-13  1.16613e-15
2.405910445e+00  9.2214573e-13  9.22146e-13  9.20883e-13  1.26244e-15
2.417939997e+00  9.1585756e-13  9.15858e-13  9.14491e-13  1.36607e-15
2.430029697e+00  9.0960609e-13  9.09606e-13  9.08129e-13  1.47752e-15
2.442179846e+00  9.0339195e-13  9.03392e-13  9.01795e-13  1.59732e-15
2.454390745e+00  8.9721582e-13  8.97216e-13  8.95490e-13  1.72604e-15
2.466662699e+00  8.9107839e-13  8.91078e-13  8.89214e-13  1.86426e-15
2.478996012e+00  8.8498039e-13  8.84980e-13  8.82968e-13  2.01264e-15
2.491390992e+00  8.7892259e-13  8.78923e-13  8.76751e-13  2.17184e-15
2.503847947e+00  8.7290578e-13  8.72906e-13  8.70563e-13  2.34256e-15
2.516367187e+00  8.6693080e-13  8.66931e-13  8.64405e-13  2.52557e-15
2.528949023e+00  8.6099852e-13  8.60999e-13  8.58277e-13  2.72165e-15
2.541593768e+00  8.5510984e-13  8.55110e-13  8.52178e-13  2.93165e-15
2.554301737e+00  8.4926572e-13  8.49266e-13  8.46109e-13  3.15645e-15
2.567073246e+00  8.4346717e-13  8.43467e-13  8.40070e-13  3.39698e-15
2.579908612e+00  8.3771522e-13  8.37715e-13  8.34061e-13  3.65424e-15
2.592808155e+00  8.3201098e-13  8.32011e-13  8.28082e-13  3.92926e-15
2.605772196e+00  8.2635559e-13  8.26356e-13  8.22132e-13  4.22314e-15
2.618801057e+00  8.2075025e-13  8.20750e-13  8.16213e-13  4.53703e-15
2.631895062e+00  8.1519624e-13  8.15196e-13  8.10324e-13  4.87215e-15
2.645054537e+00  8.0969485e-13  8.09695e-13  8.04465e-13  5.22978e-15
2.658279810e+00  8.0424748e-13  8.04247e-13  7.98636e-13  5.61127e-15
2.671571209e+00  7.9885558e-13  7.98856e-13  7.92838e-13  6.01802e-15
2.684929065e+00  7.9352066e-13  7.93521e-13  7.87069e-13  6.45154e-15
2.698353710e+00  7.8824430e-13  7.88244e-13  7.81331e-13  6.91337e-15
2.711845479e+00  7.8302818e-13  7.83028e-13  7.75623e-13  7.40517e-15
2.725404706e+00  7.7787402e-13  7.77874e-13  7.69945e-13  7.92865e-15
2.739031730e+00  7.7278366e-13  7.72784e-13  7.64298e-13  8.48562e-15
2.752726889e+00  7.6775900e-13  7.67759e-13  7.58681e-13  9.07798e-15
2.766490523e+00  7.6280202e-13  7.62802e-13  7.53094e-13  9.70770e-15
2.780322976e+00  7.5791481e-13  7.57915e-13  7.47538e-13  1.03769e-14
2.794224591e+00  7.5309956e-13  7.53100e-13  7.42012e-13  1.10877e-14
2.808195713e+00  7.4835852e-13  7.48359e-13  7.36516e-13  1.18423e-14
2.822236692e+00  7.4369410e-13  7.43694e-13  7.31051e-13  1.26433e-14
2.836347875e+00  7.3910876e-13  7.39109e-13  7.25616e-13  1.34931e-14
2.850529615e+00  7.3460510e-13  7.34605e-13  7.20211e-13  1.43942e-14
2.864782263e+00  7.3018583e-13  7.30186e-13  7.14836e-13  1.53495e-14
2.879106174e+00  7.2585376e-13  7.25854e-13  7.09492e-13  1.63616e-14
2.893501705e+00  7.2161186e-13  7.21612e-13  7.04178e-13  1.74337e-14
2.907969214e+00  7.1746318e-13  7.17463e-13  6.98894e-13  1.85688e-14
2.922509060e+00  7.1341093e-13  7.13411e-13  6.93641e-13  1.97701e-14
2.937121605e+00  7.0945844e-13  7.09458e-13  6.88417e-13  2.10410e-14
2.951807213e+00  7.0560918e-13  7.05609e-13  6.83224e-13  2.23850e-14
2.966566249e+00  7.0186677e-13  7.01867e-13  6.78061e-13  2.38058e-14
2.981399080e+00  6.9823497e-13  6.98235e-13  6.72928e-13  2.53070e-14
2.996306076e+00  6.9471770e-13  6.94718e-13  6.67825e-13  2.68928e-14
3.011287606e+00  6.9131902e-13  6.91319e-13  6.62752e-13  2.85672e-14
3.026344044e+00  6.8804315e-13  6.88043e-13  6.57709e-13  3.03344e-14
3.041475764e+00  6.8489450e-13  6.84895e-13  6.52696e-13  3.21989e-14
3.056683143e+00  6.8187763e-13  6.81878e-13  6.47712e-13  3.41654e-14
3.071966559e+00  6.7899727e-13  6.78997e-13  6.42759e-13  3.62386e-14
3.087326392e+00  6.7625835e-13  6.76258e-13  6.37835e-13  3.84234e-14
3.102763024e+00  6.7366595e-13  6.73666e-13  6.32941e-13  4.07251e-14
3.118276839e+00  6.7122536e-13  6.71225e-13  6.28076e-13  4.31490e-14
3.133868223e+00  6.6894207e-13  6.68942e-13  6.23242e-13  4.57006e-14
3.149537564e+00  6.6682175e-13  6.66822e-13  6.18436e-13  4.83856e-14
3.165285252e+00  6.6487028e-13  6.64870e-13  6.13660e-13  5.12100e-14
3.181111678e+00  6.6309374e-13  6.63094e-13  6.08914e-13  5.41799e-14
3.197017237e+00  6.6149843e-13  6.61498e-13  6.04197e-13  5.73018e-14
3.213002323e+00  6.6009087e-13  6.60091e-13  5.99509e-13  6.05821e-14
3.229067334e+00  6.5887777e-13  6.58878e-13  5.94850e-13  6.40278e-14
3.245212671e+00  6.5786610e-13  6.57866e-13  5.90220e-13  6.76457e-14
3.261438734e+00  6.5706305e-13  6.57063e-13  5.85620e-13  7.14432e-14
3.277745928e+00  6.5647604e-13  6.56476e-13  5.81048e-13  7.54278e-14
3.294134658e+00  6.5611272e-13  6.56113e-13  5.76506e-13  7.96072e-14
3.310605331e+00  6.5598099e-13  6.55981e-13  5.71992e-13  8.39894e-14
3.327158358e+00  6.5608900e-13  6.56089e-13  5.67506e-13  8.85826e-14
3.343794149e+00  6.5644515e-13  6.56445e-13  5.63050e-13  9.33952e-14
3.360513120e+00  6.5705809e-13  6.57058e-13  5.58622e-13  9.84362e-14
3.377315686e+00  6.5793673e-13  6.57937e-13  5.54222e-13  1.03714e-13
3.394202264e+00  6.5909026e-13  6.59090e-13  5.49851e-13  1.09239e-13
3.411173276e+00  6.6052810e-13  6.60528e-13  5.45509e-13  1.15020e-13
3.428229142e+00  6.6225998e-13  6.62260e-13  5.41194e-13  1.21066e-13
3.445370288e+00  6.6429587e-13  6.64296e-13  5.36907e-13  1.27388e-13
3.462597139e+00  6.6664605e-13  6.66646e-13  5.32649e-13  1.33997e-13
3.479910125e+00  6.6932105e-13  6.69321e-13  5.28418e-13  1.40903e-13
3.497309675e+00  6.7233171e-13  6.72332e-13  5.24216e-13  1.48116e-13
3.514796224e+00  6.7568913e-13  6.75689e-13  5.20041e-13  1.55648e-13
3.532370205e+00  6.7940473e-13  6.79405e-13  5.15894e-13  1.63511e-13
3.550032056e+00  6.8349019e-13  6.83490e-13  5.11774e-13  1.71716e-13
3.567782216e+00  6.8795750e-13  6.87958e-13  5.07682e-13  1.80276e-13
3.585621127e+00  6.9281896e-13  6.92819e-13  5.03617e-13  1.89202e-13
3.603549233e+00  6.9808714e-13  6.98087e-13  4.99579e-13  1.98508e-13
3.621566979e+00  7.0377494e-13  7.03775e-13  4.95568e-13  2.08206e-13
3.639674814e+00  7.0989553e-13  7.09896e-13  4.91585e-13  2.18311e-13
3.657873188e+00  7.1646241e-13  7.16462e-13  4.87628e-13  2.28834e-13
3.676162554e+00  7.2348938e-13  7.23489e-13  4.83699e-13  2.39791e-13
3.694543367e+00  7.3099053e-13  7.30991e-13  4.79796e-13  2.51195e-13
3.713016084e+00  7.3898026e-13  7.38980e-13  4.75919e-13  2.63061e-13
3.731581164e+00  7.4747330e-13  7.47473e-13  4.72070e-13  2.75404e-13
3.750239070e+00  7.5648465e-13  7.56485e-13  4.68246e-13  2.88239e-13
3.768990265e+00  7.6602965e-13  7.66030e-13  4.64449e-13  3.01581e-13
3.787835216e+00  7.7612392e-13  7.76124e-13  4.60678e-13  3.15446e-13
3.806774393e+00  7.8678339e-13  7.86783e-13  4.56933e-13  3.29850e-13
3.825808265e+00  7.9802430e-13  7.98024e-13  4.53214e-13  3.44810e-13
3.844937306e+00  8.0986320e-13  8.09863e-13  4.49521e-13  3.60342e-13
3.864161992e+00  8.2231692e-13  8.22317e-13  4.45854e-13  3.76463e-13
3.883482802e+00  8.3540260e-13  8.35403e-13  4.42212e-13  3.93191e-13
3.902900216e+00  8.4913768e-13  8.49138e-13  4.38596e-13  4.10542e-13
3.922414717e+00  8.6353989e-13  8.63540e-13  4.35005e-13  4.28535e-13
3.942026791e+00  8.7862723e-13  8.78627e-13  4.31439e-13  4.47188e-13
3.961736925e+00  8.9441803e-13  8.94418e-13  4.27899e-13  4.66519e-13
3.981545610e+00  9.1093086e-13  9.10931e-13  4.24384e-13  4.86547e-13
4.001453338e+00  9.2818461e-13  9.28185e-13  4.20893e-13  5.07291e-13
4.021460604e+00  9.4619840e-13  9.46198e-13  4.17428e-13  5.28771e-13
4.041567907e+00  9.6499165e-13  9.64992e-13  4.13987e-13  5.51005e-13
4.061775747e+00  9.8458405e-13  9.84584e-13  4.10571e-13  5.74013e-13
4.082084626e+00  1.0049955e-12  1.00500e-12  4.07179e-13  5.97817e-13
4.102495049e+00  1.0262463e-12  1.02625e-12  4.03811e-13  6.22435e-13
4.123007524e+00  1.0483567e-12  1.04836e-12  4.00468e-13  6.47889e-13
4.143622562e+00  1.0713476e-12  1.07135e-12  3.97149e-13  6.74199e-13
4.164340674e+00  1.0952397e-12  1.09524e-12  3.93854e-13  7.01386e-13
4.185162378e+00  1.1200543e-12  1.12005e-12  3.90582e-13  7.29472e-13
4.206088190e+00  1.1458126e-12  1.14581e-12  3.87335e-13  7.58478e-13
4.227118631e+00  1.1725364e-12  1.17254e-12  3.84111e-13  7.88426e-13
4.248254224e+00  1.2002472e-12  1.20025e-12  3.80910e-13  8.19337e-13
4.269495495e+00  1.2289672e-12  1.22897e-12  3.77733e-13  8.51234e-13
4.290842972e+00  1.2587184e-12  1.25872e-12  3.74579e-13  8.84139e-13
4.312297187e+00  1.2895231e-12  1.28952e-12  3.71449e-13  9.18074e-13
4.333858673e+00  1.3214039e-12  1.32140e-12  3.68341e-13  9.53063e-13
4.355527967e+00  1.3543834e-12  1.35438e-12  3.65256e-13  9.89127e-13
4.377305606e+00  1.3884844e-12  1.38848e-12  3.62194e-13  1.02629e-12
4.399192134e+00  1.4237297e-12  1.42373e-12  3.59155e-13  1.06457e-12
4.421188095e+00  1.4601424e-12  1.46014e-12  3.56138e-13  1.10400e-12
4.443294036e+00  1.4977457e-12  1.49775e-12  3.53144e-13  1.14460e-12
4.465510506e+00  1.5365628e-12  1.53656e-12  3.50172e-13  1.18639e-12
4.487838058e+00  1.5766170e-12  1.57662e-12  3.47222e-13  1.22940e-12
4.510277249e+00  1.6179317e-12  1.61793e-12  3.44294e-13  1.27364e-12
4.532828635e+00  1.6605304e-12  1.66053e-12  3.41388e-13  1.31914e-12
4.555492778e+00  1.7044365e-12  1.70444e-12  3.38504e-13  1.36593e-12
4.578270242e+00  1.7496736e-12  1.74967e-12  3.35641e-13  1.41403e-12
4.601161593e+00  1.7962653e-12  1.79627e-12  3.32800e-13  1.46347e-12
4.624167401e+00  1.8442350e-12  1.84423e-12  3.29980e-13  1.51425e-12
4.647288238e+00  1.8936063e-12  1.89361e-12  3.27182e-13  1.56642e-12
4.670524679e+00  1.9444028e-12  1.94440e-12  3.24405e-13  1.62000e-12
4.693877303e+00  1.9966479e-12  1.99665e-12  3.21649e-13  1.67500e-12
4.717346689e+00  2.0503649e-12  2.05036e-12  3.18914e-13  1.73145e-12
4.740933423e+00  2.1055774e-12  2.10558e-12  3.16200e-13  1.78938e-12
4.764638090e+00  2.1623084e-12  2.16231e-12  3.13506e-13  1.84880e-12
4.788461280e+00  2.2205811e-12  2.22058e-12  3.10833e-13  1.90975e-12
4.812403587e+00  2.2804186e-12  2.28042e-12  3.08181e-13  1.97224e-12
4.836465604e+00  2.3418437e-12  2.34184e-12  3.05549e-13  2.03630e-12
4.860647933e+00  2.4048792e-12  2.40488e-12  3.02937e-13  2.10194e-12
4.884951172e+00  2.4695477e-12  2.46955e-12  3.00345e-13  2.16920e-12
4.909375928e+00  2.5358714e-12  2.53587e-12  2.97773e-13  2.23810e-12
4.933922808e+00  2.6038725e-12  2.60387e-12  2.95221e-13  2.30865e-12
4.958592422e+00  2.6735731e-12  2.67357e-12  2.92689e-13  2.38088e-12
4.983385384e+00  2.7449948e-12  2.74499e-12  2.90176e-13  2.45482e-12
5.008302311e+00  2.8181590e-12  2.81816e-12  2.87683e-13  2.53048e-12
5.033343822e+00  2.8930869e-12  2.89309e-12  2.85209e-13  2.60788e-12
5.058510541e+00  2.9697994e-12  2.96980e-12  2.82754e-13  2.68705e-12
5.083803094e+00  3.0483171e-12  3.04832e-12  2.80319e-13  2.76800e-12
5.109222110e+00  3.1286601e-12  3.12866e-12  2.77902e-13  2.85076e-12
5.134768220e+00  3.2108485e-12  3.21085e-12  2.75505e-13  2.93534e-12
5.160442061e+00  3.2949016e-12  3.29490e-12  2.73126e-13  3.02178e-12
5.186244272e+00  3.3808387e-12  3.38084e-12  2.70766e-13  3.11007e-12
5.212175493e+00  3.4686784e-12  3.46868e-12  2.68424e-13  3.20025e-12
5.238236370e+00  3.5584392e-12  3.55844e-12  2.66101e-13  3.29234e-12
5.264427552e+00  3.6501390e-12  3.65014e-12  2.63796e-13  3.38634e-12
5.290749690e+00  3.7437951e-12  3.74380e-12  2.61509e-13  3.48229e-12
5.317203438e+00  3.8394245e-12  3.83942e-12  2.59241e-13  3.58018e-12
5.343789456e+00  3.9370438e-12  3.93704e-12  2.56990e-13  3.68005e-12
5.370508403e+00  4.0366690e-12  4.03667e-12  2.54757e-13  3.78191e-12
5.397360945e+00  4.1383154e-12  4.13832e-12  2.52542e-13  3.88577e-12
5.424347750e+00  4.2419980e-12  4.24200e-12  2.50344e-13  3.99165e-12
5.451469488e+00  4.3477313e-12  4.34773e-12  2.48164e-13  4.09957e-12
5.478726836e+00  4.4555290e-12  4.45553e-12  2.46002e-13  4.20953e-12
5.506120470e+00  4.5654043e-12  4.56540e-12  2.43856e-13  4.32155e-12
5.533651072e+00  4.6773699e-12  4.67737e-12  2.41728e-13  4.43564e-12
5.561319328e+00  4.7914377e-12  4.79144e-12  2.39617e-13  4.55182e-12
5.589125924e+00  4.9076192e-12  4.90762e-12  2.37522e-13  4.67010e-12
5.617071554e+00  5.0259251e-12  5.02593e-12  2.35445e-13  4.79048e-12
5.645156912e+00  5.1463654e-12  5.14637e-12  2.33384e-13  4.91298e-12
5.673382696e+00  5.2689495e-12  5.26895e-12  2.31340e-13  5.03761e-12
5.701749610e+00  5.3936861e-12  5.39369e-12  2.29312e-13  5.16437e-12
5.730258358e+00  5.5205832e-12  5.52058e-12  2.27301e-13  5.29328e-12
5.758909650e+00  5.6496481e-12  5.64965e-12  2.25306e-13  5.42434e-12
5.787704198e+00  5.7808873e-12  5.78089e-12  2.23327e-13  5.55756e-12
5.816642719e+00  5.9143066e-12  5.91431e-12  2.21364e-13  5.69294e-12
5.845725932e+00  6.0499110e-12  6.04991e-12  2.19417e-13  5.83049e-12
5.874954562e+00  6.1877049e-12  6.18770e-12  2.17485e-13  5.97022e-12
5.904329335e+00  6.3276917e-12  6.32769e-12  2.15570e-13  6.11212e-12
5.933850982e+00  6.4698741e-12  6.46987e-12  2.13670e-13  6.25620e-12
5.963520237e+00  6.6142540e-12  6.61425e-12  2.11786e-13  6.40247e-12
5.993337838e+00  6.7608325e-12  6.76083e-12  2.09916e-13  6.55092e-12
6.023304527e+00  6.9096099e-12  6.90961e-12  2.08063e-13  6.70155e-12
6.053421050e+00  7.0605856e-12  7.06059e-12  2.06224e-13  6.85436e-12
6.083688155e+00  7.2137583e-12  7.21376e-12  2.04400e-13  7.00936e-12
6.114106596e+00  7.3691256e-12  7.36913e-12  2.02592e-13  7.16653e-12
6.144677129e+00  7.5266845e-12  7.52668e-12  2.00798e-13  7.32589e-12
6.175400514e+00  7.6864310e-12  7.68643e-12  1.99019e-13  7.48741e-12
6.206277517e+00  7.8483604e-12  7.84836e-12  1.97255e-13  7.65111e-12
6.237308904e+00  8.0124668e-12  8.01247e-12  1.95505e-13  7.81696e-12
6.268495449e+00  8.1787438e-12  8.17874e-12  1.93769e-13  7.98497e-12
6.299837926e+00  8.3471839e-12  8.34718e-12  1.92048e-13  8.15514e-12
6.331337116e+00  8.5177787e-12  8.51778e-12  1.90341e-13  8.32744e-12
6.362993801e+00  8.6905190e-12  8.69052e-12  1.88649e-13  8.50187e-12
6.394808770e+00  8.8653947e-12  8.86539e-12  1.86970e-13  8.67842e-12
6.426782814e+00  9.0423947e-12  9.04239e-12  1.85305e-13  8.85709e-12
6.458916728e+00  9.2215071e-12  9.22151e-12  1.83654e-13  9.03785e-12
6.491211312e+00  9.4027192e-12  9.40272e-12  1.82017e-13  9.22070e-12
6.523667368e+00  9.5860171e-12  9.58602e-12  1.80393e-13  9.40562e-12
6.556285705e+00  9.7713863e-12  9.77139e-12  1.78783e-13  9.59260e-12
6.589067134e+00  9.9588112e-12  9.95881e-12  1.77187e-13  9.78162e-12
6.622012469e+00  1.0148275e-11  1.01483e-11  1.75603e-13  9.97267e-12
6.655122532e+00  1.0339762e-11  1.03398e-11  1.74033e-13  1.01657e-11
6.688398144e+00  1.0533252e-11  1.05333e-11  1.72476e-13  1.03608e-11
6.721840135e+00  1.0728726e-11  1.07287e-11  1.70932e-13  1.05578e-11
6.755449336e+00  1.0926166e-11  1.09262e-11  1.69401e-13  1.07568e-11
6.789226583e+00  1.1125549e-11  1.11255e-11  1.67883e-13  1.09577e-11
6.823172715e+00  1.1326854e-11  1.13269e-11  1.66378e-13  1.11605e-11
6.857288579e+00  1.1530058e-11  1.15301e-11  1.64885e-13  1.13652e-11
6.891575022e+00  1.1735139e-11  1.17351e-11  1.63405e-13  1.15717e-11
6.926032897e+00  1.1942071e-11  1.19421e-11  1.61937e-13  1.17801e-11
6.960663062e+00  1.2150829e-11  1.21508e-11  1.60482e-13  1.19903e-11
6.995466377e+00  1.2361387e-11  1.23614e-11  1.59039e-13  1.22023e-11
7.030443709e+00  1.2573719e-11  1.25737e-11  1.57608e-13  1.24161e-11
7.065595927e+00  1.2787796e-11  1.27878e-11  1.56190e-13  1.26316e-11
7.100923907e+00  1.3003591e-11  1.30036e-11  1.54783e-13  1.28488e-11
7.136428526e+00  1.3221073e-11  1.32211e-11  1.53388e-13  1.30677e-11
7.172110669e+00  1.3440212e-11  1.34402e-11  1.52005e-13  1.32882e-11
7.207971222e+00  1.3660978e-11  1.36610e-11  1.50634e-13  1.35103e-11
7.244011079e+00  1.3883339e-11  1.38833e-11  1.49274e-13  1.37341e-11
7.280231134e+00  1.4107262e-11  1.41073e-11  1.47926e-13  1.39593e-11
7.316632290e+00  1.4332714e-11  1.43327e-11  1.46590e-13  1.41861e-11
7.353215451e+00  1.4559660e-11  1.45597e-11  1.45265e-13  1.44144e-11
7.389981528e+00  1.4788067e-11  1.47881e-11  1.43951e-13  1.46441e-11
7.426931436e+00  1.5017899e-11  1.50179e-11  1.42648e-13  1.48753e-11
7.464066093e+00  1.5249119e-11  1.52491e-11  1.41357e-13  1.51078e-11
7.501386424e+00  1.5481691e-11  1.54817e-11  1.40077e-13  1.53416e-11
7.538893356e+00  1.5715577e-11  1.57156e-11  1.38807e-13  1.55768e-11
7.576587822e+00  1.5950739e-11  1.59507e-11  1.37549e-13  1.58132e-11
7.614470762e+00  1.6187138e-11  1.61871e-11  1.36301e-13  1.60508e-11
7.652543115e+00  1.6424735e-11  1.64247e-11  1.35064e-13  1.62897e-11
7.690805831e+00  1.6663490e-11  1.66635e-11  1.33837e-13  1.65297e-11
7.729259860e+00  1.6903361e-11  1.69034e-11  1.32621e-13  1.67707e-11
7.767906159e+00  1.7144308e-11  1.71443e-11  1.31416e-13  1.70129e-11
7.806745690e+00  1.7386290e-11  1.73863e-11  1.30221e-13  1.72561e-11
7.845779419e+00  1.7629263e-11  1.76293e-11  1.29036e-13  1.75002e-11
7.885008316e+00  1.7873184e-11  1.78732e-11  1.27862e-13  1.77453e-11
7.924433357e+00  1.8118012e-11  1.81180e-11  1.26697e-13  1.79913e-11
7.964055524e+00  1.8363701e-11  1.83637e-11  1.25543e-13  1.82382e-11
8.003875802e+00  1.8610207e-11  1.86102e-11  1.24399e-13  1.84858e-11
8.043895181e+00  1.8857486e-11  1.88575e-11  1.23264e-13  1.87342e-11
8.084114657e+00  1.9105493e-11  1.91055e-11  1.22139e-13  1.89834e-11
8.124535230e+00  1.9354181e-11  1.93542e-11  1.21025e-13  1.92332e-11
8.165157906e+00  1.9603506e-11  1.96035e-11  1.19919e-13  1.94836e-11
8.205983696e+00  1.9853420e-11  1.98534e-11  1.18824e-13  1.97346e-11
8.247013614e+00  2.0103878e-11  2.01039e-11  1.17738e-13  1.99861e-11
8.288248682e+00  2.0354832e-11  2.03548e-11  1.16661e-13  2.02382e-11
8.329689926e+00  2.0606234e-11  2.06062e-11  1.15594e-13  2.04906e-11
8.371338375e+00  2.0858038e-11  2.08580e-11  1.14536e-13  2.07435e-11
8.413195067e+00  2.1110195e-11  2.11102e-11  1.13487e-13  2.09967e-11
8.455261042e+00  2.1362658e-11  2.13627e-11  1.12448e-13  2.12502e-11
8.497537348e+00  2.1615378e-11  2.16154e-11  1.11417e-13  2.15040e-11
8.540025034e+00  2.1868307e-11  2.18683e-11  1.10396e-13  2.17579e-11
8.582725160e+00  2.2121396e-11  2.21214e-11  1.09383e-13  2.20120e-11
8.625638785e+00  2.2374596e-11  2.23746e-11  1.08379e-13  2.22662e-11
8.668766979e+00  2.2627859e-11  2.26279e-11  1.07384e-13  2.25205e-11
8.712110814e+00  2.2881135e-11  2.28811e-11  1.06398e-13  2.27747e-11
8.755671368e+00  2.3134375e-11  2.31344e-11  1.05421e-13  2.30290e-11
8.799449725e+00  2.3387530e-11  2.33875e-11  1.04452e-13  2.32831e-11
8.843446974e+00  2.3640551e-11  2.36406e-11  1.03491e-13  2.35371e-11
8.887664209e+00  2.3893388e-11  2.38934e-11  1.02539e-13  2.37908e-11
8.932102530e+00  2.4145993e-11  2.41460e-11  1.01595e-13  2.40444e-11
8.976763042e+00  2.4398316e-11  2.43983e-11  1.00660e-13  2.42977e-11
9.021646857e+00  2.4650307e-11  2.46503e-11  9.97328e-14  2.45506e-11
9.066755092e+00  2.4901918e-11  2.49019e-11  9.88138e-14  2.48031e-11
9.112088867e+00  2.5153099e-11  2.51531e-11  9.79030e-14  2.50552e-11
9.157649312e+00  2.5403802e-11  2.54038e-11  9.70001e-14  2.53068e-11
9.203437558e+00  2.5653978e-11  2.56540e-11  9.61053e-14  2.55579e-11
9.249454746e+00  2.5903577e-11  2.59036e-11  9.52183e-14  2.58084e-11
9.295702020e+00  2.6152552e-11  2.61526e-11  9.43392e-14  2.60582e-11
9.342180530e+00  2.6400853e-11  2.64009e-11  9.34679e-14  2.63074e-11
9.388891432e+00  2.6648433e-11  2.66484e-11  9.26043e-14  2.65558e-11
9.435835890e+00  2.6895244e-11  2.68952e-11  9.17483e-14  2.68035e-11
9.483015069e+00  2.7141237e-11  2.71412e-11  9.08999e-14  2.70503e-11
9.530430144e+00  2.7386366e-11  2.73864e-11  9.00591e-14  2.72963e-11
9.578082295e+00  2.7630583e-11  2.76306e-11  8.92257e-14  2.75414e-11
9.625972707e+00  2.7873841e-11  2.78738e-11  8.83997e-14  2.77854e-11
9.674102570e+00  2.8116094e-11  2.81161e-11  8.75810e-14  2.80285e-11
9.722473083e+00  2.8357295e-11  2.83573e-11  8.67697e-14  2.82705e-11
9.771085448e+00  2.8597398e-11  2.85974e-11  8.59655e-14  2.85114e-11
9.819940876e+00  2.8836358e-11  2.88364e-11  8.51685e-14  2.87512e-11
9.869040580e+00  2.9074129e-11  2.90741e-11  8.43786e-14  2.89898e-11
9.918385783e+00  2.9310667e-11  2.93107e-11  8.35958e-14  2.92271e-11
9.967977712e+00  2.9545927e-11  2.95459e-11  8.28199e-14  2.94631e-11
1.001781760e+01  2.9779865e-11  2.97799e-11  8.20510e-14  2.96978e-11
1.006790669e+01  3.0012438e-11  3.00124e-11  8.12889e-14  2.99311e-11
1.011824622e+01  3.0243602e-11  3.02436e-11  8.05336e-14  3.01631e-11
1.016883745e+01  3.0473316e-11  3.04733e-11  7.97851e-14  3.03935e-11
1.021968164e+01  3.0701535e-11  3.07015e-11  7.90433e-14  3.06225e-11
1.027078005e+01  3.0928220e-11  3.09282e-11  7.83081e-14  3.08499e-11
1.032213395e+01  3.1153329e-11  3.11533e-11  7.75795e-14  3.10757e-11
1.037374462e+01  3.1376821e-11  3.13768e-11  7.68575e-14  3.13000e-11
1.042561334e+01  3.1598657e-11  3.15987e-11  7.61419e-14  3.15225e-11
1.047774141e+01  3.1818796e-11  3.18188e-11  7.54327e-14  3.17434e-11
1.053013012e+01  3.2037200e-11  3.20372e-11  7.47299e-14  3.19625e-11
1.058278077e+01  3.2253831e-11  3.22538e-11  7.40334e-14  3.21798e-11
1.063569467e+01  3.2468650e-11  3.24686e-11  7.33432e-14  3.23953e-11
1.068887314e+01  3.2681621e-11  3.26816e-11  7.26592e-14  3.26090e-11
1.074231751e+01  3.2892706e-11  3.28927e-11  7.19813e-14  3.28207e-11
1.079602910e+01  3.3101871e-11  3.31019e-11  7.13096e-14  3.30306e-11
1.085000924e+01  3.3309079e-11  3.33091e-11  7.06438e-14  3.32384e-11
1.090425929e+01  3.3514296e-11  3.35143e-11  6.99841e-14  3.34443e-11
1.095878058e+01  3.3717488e-11  3.37175e-11  6.93304e-14  3.36482e-11
1.101357449e+01  3.3918622e-11  3.39186e-11  6.86825e-14  3.38499e-11
1.106864236e+01  3.4117664e-11  3.41177e-11  6.80405e-14  3.40496e-11
1.112398557e+01  3.4314583e-11  3.43146e-11  6.74043e-14  3.42472e-11
1.117960550e+01  3.4509348e-11  3.45093e-11  6.67738e-14  3.44426e-11
1.123550353e+01  3.4701927e-11  3.47019e-11  6.61490e-14  3.46358e-11
1.129168104e+01  3.4892291e-11  3.48923e-11  6.55299e-14  3.48268e-11
1.134813945e+01  3.5080410e-11  3.50804e-11  6.49164e-14  3.50155e-11
1.140488015e+01  3.5266256e-11  3.52663e-11  6.43085e-14  3.52019e-11
1.146190455e+01  3.5449802e-11  3.54498e-11  6.37060e-14  3.53861e-11
1.151921407e+01  3.5631019e-11  3.56310e-11  6.31090e-14  3.55679e-11
1.157681014e+01  3.5809882e-11  3.58099e-11  6.25175e-14  3.57474e-11
1.163469419e+01  3.5986364e-11  3.59864e-11  6.19313e-14  3.59244e-11
1.169286766e+01  3.6160441e-11  3.61604e-11  6.13504e-14  3.60991e-11
1.175133200e+01  3.6332089e-11  3.63321e-11  6.07748e-14  3.62713e-11
1.181008866e+01  3.6501283e-11  3.65013e-11  6.02044e-14  3.64411e-11
1.186913910e+01  3.6668002e-11  3.66680e-11  5.96392e-14  3.66084e-11
1.192848480e+01  3.6832223e-11  3.68322e-11  5.90791e-14  3.67731e-11
1.198812722e+01  3.6993924e-11  3.69939e-11  5.85242e-14  3.69354e-11
1.204806786e+01  3.7153086e-11  3.71531e-11  5.79743e-14  3.70951e-11
1.210830820e+01  3.7309689e-11  3.73097e-11  5.74294e-14  3.72523e-11
1.216884974e+01  3.7463713e-11  3.74637e-11  5.68895e-14  3.74068e-11
1.222969399e+01  3.7615140e-11  3.76151e-11  5.63545e-14  3.75588e-11
1.229084246e+01  3.7763952e-11  3.77640e-11  5.58243e-14  3.77081e-11
1.235229667e+01  3.7910133e-11  3.79101e-11  5.52991e-14  3.78548e-11
1.241405815e+01  3.8053667e-11  3.80537e-11  5.47786e-14  3.79989e-11
1.247612845e+01  3.8194538e-11  3.81945e-11  5.42628e-14  3.81403e-11
1.253850909e+01  3.8332732e-11  3.83327e-11  5.37518e-14  3.82790e-11
1.260120163e+01  3.8468234e-11  3.84682e-11  5.32455e-14  3.84150e-11
1.266420764e+01  3.8601033e-11  3.86010e-11  5.27438e-14  3.85483e-11
1.272752868e+01  3.8731114e-11  3.87311e-11  5.22466e-14  3.86789e-11
1.279116632e+01  3.8858467e-11  3.88585e-11  5.17541e-14  3.88067e-11
1.285512215e+01  3.8983081e-11  3.89831e-11  5.12660e-14  3.89318e-11
1.291939776e+01  3.9104945e-11  3.91049e-11  5.07824e-14  3.90542e-11
1.298399475e+01  3.9224050e-11  3.92241e-11  5.03032e-14  3.91737e-11
1.304891473e+01  3.9340388e-11  3.93404e-11  4.98285e-14  3.92906e-11
1.311415930e+01  3.9453950e-11  3.94539e-11  4.93581e-14  3.94046e-11
1.317973010e+01  3.9564728e-11  3.95647e-11  4.88920e-14  3.95158e-11
1.324562875e+01  3.9672717e-11  3.96727e-11  4.84302e-14  3.96243e-11
1.331185689e+01  3.9777910e-11  3.97779e-11  4.79726e-14  3.97299e-11
1.337841618e+01  3.9880303e-11  3.98803e-11  4.75193e-14  3.98328e-11
1.344530826e+01  3.9979890e-11  3.99799e-11  4.70701e-14  3.99328e-11
1.351253480e+01  4.0076668e-11  4.00767e-11  4.66250e-14  4.00300e-11
1.358009747e+01  4.0170633e-11  4.01706e-11  4.61840e-14  4.01244e-11
1.364799796e+01  4.0261783e-11  4.02618e-11  4.57471e-14  4.02160e-11
1.371623795e+01  4.0350117e-11  4.03501e-11  4.53143e-14  4.03048e-11
1.378481914e+01  4.0435633e-11  4.04356e-11  4.48854e-14  4.03907e-11
1.385374323e+01  4.0518331e-11  4.05183e-11  4.44604e-14  4.04739e-11
1.392301195e+01  4.0598211e-11  4.05982e-11  4.40394e-14  4.05542e-11
1.399262701e+01  4.0675273e-11  4.06753e-11  4.36223e-14  4.06317e-11
1.406259015e+01  4.0749519e-11  4.07495e-11  4.32090e-14  4.07063e-11
1.413290310e+01  4.0820951e-11  4.08210e-11  4.27995e-14  4.07782e-11
1.420356761e+01  4.0889572e-11  4.08896e-11  4.23939e-14  4.08472e-11
1.427458545e+01  4.0955386e-11  4.09554e-11  4.19919e-14  4.09134e-11
1.434595838e+01  4.1018395e-11  4.10184e-11  4.15937e-14  4.09768e-11
1.441768817e+01  4.1078604e-11  4.10786e-11  4.11992e-14  4.10374e-11
1.448977661e+01  4.1136020e-11  4.11360e-11  4.08083e-14  4.10952e-11
1.456222549e+01  4.1190646e-11  4.11906e-11  4.04210e-14  4.11502e-11
1.463503662e+01  4.1242490e-11  4.12425e-11  4.00373e-14  4.12025e-11
1.470821180e+01  4.1291558e-11  4.12916e-11  3.96572e-14  4.12519e-11
1.478175286e+01  4.1337858e-11  4.13379e-11  3.92806e-14  4.12986e-11
1.485566163e+01  4.1381397e-11  4.13814e-11  3.89074e-14  4.13425e-11
1.492993994e+01  4.1422184e-11  4.14222e-11  3.85378e-14  4.13836e-11
1.500458964e+01  4.1460229e-11  4.14602e-11  3.81715e-14  4.14221e-11
1.507961258e+01  4.1495539e-11  4.14955e-11  3.78087e-14  4.14577e-11
1.515501065e+01  4.1528126e-11  4.15281e-11  3.74492e-14  4.14907e-11
1.523078570e+01  4.1558000e-11  4.15580e-11  3.70931e-14  4.15209e-11
1.530693963e+01  4.1585172e-11  4.15852e-11  3.67403e-14  4.15484e-11
1.538347433e+01  4.1609653e-11  4.16097e-11  3.63907e-14  4.15733e-11
1.546039170e+01  4.1631456e-11  4.16315e-11  3.60444e-14  4.15954e-11
1.553769366e+01  4.1650592e-11  4.16506e-11  3.57014e-14  4.16149e-11
1.561538212e+01  4.1667075e-11  4.16671e-11  3.53615e-14  4.16317e-11
1.569345903e+01  4.1680918e-11  4.16809e-11  3.50248e-14  4.16459e-11
1.577192633e+01  4.1692135e-11  4.16921e-11  3.46912e-14  4.16574e-11
1.585078596e+01  4.1700740e-11  4.17007e-11  3.43607e-14  4.16664e-11
1.593003989e+01  4.1706747e-11  4.17067e-11  3.40333e-14  4.16727e-11
1.600969009e+01  4.1710172e-11  4.17102e-11  3.37089e-14  4.16765e-11
1.608973854e+01  4.1711030e-11  4.17110e-11  3.33876e-14  4.16776e-11
1.617018723e+01  4.1709336e-11  4.17093e-11  3.30693e-14  4.16763e-11
1.625103817e+01  4.1705108e-11  4.17051e-11  3.27539e-14  4.16724e-11
1.633229336e+01  4.1698361e-11  4.16984e-11  3.24415e-14  4.16659e-11
1.641395483e+01  4.1689112e-11  4.16891e-11  3.21320e-14  4.16570e-11
1.649602460e+01  4.1677379e-11  4.16774e-11  3.18254e-14  4.16456e-11
1.657850473e+01  4.1663180e-11  4.16632e-11  3.15216e-14  4.16317e-11
1.666139725e+01  4.1646531e-11  4.16465e-11  3.12207e-14  4.16153e-11
1.674470424e+01  4.1627452e-11  4.16275e-11  3.09226e-14  4.15965e-11
1.682842776e+01  4.1605961e-11  4.16060e-11  3.06273e-14  4.15753e-11
1.691256990e+01  4.1582077e-11  4.15821e-11  3.03347e-14  4.15517e-11
1.699713274e+01  4.1555820e-11  4.15558e-11  3.00449e-14  4.15258e-11
1.708211841e+01  4.1527207e-11  4.15272e-11  2.97578e-14  4.14974e-11
1.716752900e+01  4.1496260e-11  4.14963e-11  2.94734e-14  4.14668e-11
1.725336665e+01  4.1462999e-11  4.14630e-11  2.91916e-14  4.14338e-11
1.733963348e+01  4.1427443e-11  4.14274e-11  2.89125e-14  4.13985e-11
1.742633165e+01  4.1389613e-11  4.13896e-11  2.86360e-14  4.13610e-11
1.751346330e+01  4.1349530e-11  4.13495e-11  2.83621e-14  4.13212e-11
1.760103062e+01  4.1307215e-11  4.13072e-11  2.80908e-14  4.12791e-11
1.768903577e+01  4.1262689e-11  4.12627e-11  2.78220e-14  4.12349e-11
1.777748095e+01  4.1215973e-11  4.12160e-11  2.75557e-14  4.11884e-11
1.786636836e+01  4.1167089e-11  4.11671e-11  2.72919e-14  4.11398e-11
1.795570020e+01  4.1116059e-11  4.11161e-11  2.70306e-14  4.10890e-11
1.804547870e+01  4.1062905e-11  4.10629e-11  2.67718e-14  4.10361e-11
1.813570609e+01  4.1007649e-11  4.10076e-11  2.65154e-14  4.09811e-11
1.822638462e+01  4.0950314e-11  4.09503e-11  2.62614e-14  4.09241e-11
1.831751655e+01  4.0890921e-11  4.08909e-11  2.60098e-14  4.08649e-11
1.840910413e+01  4.0829494e-11  4.08295e-11  2.57605e-14  4.08037e-11
1.850114965e+01  4.0766056e-11  4.07661e-11  2.55136e-14  4.07405e-11
1.859365540e+01  4.0700628e-11  4.07006e-11  2.52690e-14  4.06754e-11
1.868662368e+01  4.0633235e-11  4.06332e-11  2.50267e-14  4.06082e-11
1.878005679e+01  4.0563900e-11  4.05639e-11  2.47867e-14  4.05391e-11
1.887395708e+01  4.0492645e-11  4.04926e-11  2.45490e-14  4.04681e-11
1.896832686e+01  4.0419495e-11  4.04195e-11  2.43135e-14  4.03952e-11
1.906316850e+01  4.0344473e-11  4.03445e-11  2.40802e-14  4.03204e-11
1.915848434e+01  4.0267602e-11  4.02676e-11  2.38491e-14  4.02438e-11
1.925427676e+01  4.0188906e-11  4.01889e-11  2.36202e-14  4.01653e-11
1.935054815e+01  4.0108409e-11  4.01084e-11  2.33934e-14  4.00850e-11
1.944730089e+01  4.0026134e-11  4.00261e-11  2.31688e-14  4.00030e-11
1.954453739e+01  3.9942107e-11  3.99421e-11  2.29463e-14  3.99192e-11
1.964226008e+01  3.9856349e-11  3.98563e-11  2.27259e-14  3.98336e-11
1.974047138e+01  3.9768886e-11  3.97689e-11  2.25076e-14  3.97464e-11
1.983917374e+01  3.9679742e-11  3.96797e-11  2.22913e-14  3.96575e-11
1.993836960e+01  3.9588940e-11  3.95889e-11  2.20771e-14  3.95669e-11
2.003806145e+01  3.9496504e-11  3.94965e-11  2.18649e-14  3.94746e-11
2.013825176e+01  3.9402459e-11  3.94025e-11  2.16547e-14  3.93808e-11
2.023894302e+01  3.9306829e-11  3.93068e-11  2.14465e-14  3.92854e-11
2.034013773e+01  3.9209638e-11  3.92096e-11  2.12403e-14  3.91884e-11
2.044183842e+01  3.9110910e-11  3.91109e-11  2.10360e-14  3.90899e-11
2.054404761e+01  3.9010669e-11  3.90107e-11  2.08336e-14  3.89898e-11
2.064676785e+01  3.8908940e-11  3.89089e-11  2.06332e-14  3.88883e-11
2.075000169e+01  3.8805745e-11  3.88057e-11  2.04347e-14  3.87853e-11
2.085375170e+01  3.8701110e-11  3.87011e-11  2.02380e-14  3.86809e-11
2.095802046e+01  3.8595058e-11  3.85951e-11  2.00432e-14  3.85750e-11
2.106281056e+01  3.8487614e-11  3.84876e-11  1.98502e-14  3.84678e-11
2.116812461e+01  3.8378801e-11  3.83788e-11  1.96591e-14  3.83591e-11
2.127396524e+01  3.8268643e-11  3.82686e-11  1.94698e-14  3.82492e-11
2.138033506e+01  3.8157165e-11  3.81572e-11  1.92823e-14  3.81379e-11
2.148723674e+01  3.8044389e-11  3.80444e-11  1.90965e-14  3.80253e-11
2.159467292e+01  3.7930340e-11  3.79303e-11  1.89125e-14  3.79114e-11
2.170264629e+01  3.7815041e-11  3.78150e-11  1.87303e-14  3.77963e-11
2.181115952e+01  3.7698516e-11  3.76985e-11  1.85498e-14  3.76800e-11
2.192021532e+01  3.7580789e-11  3.75808e-11  1.83710e-14  3.75624e-11
2.202981639e+01  3.7461883e-11  3.74619e-11  1.81939e-14  3.74437e-11
2.213996547e+01  3.7341820e-11  3.73418e-11  1.80185e-14  3.73238e-11
2.225066530e+01  3.7220626e-11  3.72206e-11  1.78447e-14  3.72028e-11
2.236191863e+01  3.7098322e-11  3.70983e-11  1.76726e-14  3.70806e-11
2.247372822e+01  3.6974932e-11  3.69749e-11  1.75021e-14  3.69574e-11
2.258609686e+01  3.6850479e-11  3.68505e-11  1.73333e-14  3.68331e-11
2.269902735e+01  3.6724985e-11  3.67250e-11  1.71660e-14  3.67078e-11
2.281252248e+01  3.6598474e-11  3.65985e-11  1.70004e-14  3.65815e-11
2.292658510e+01  3.6470968e-11  3.64710e-11  1.68363e-14  3.64541e-11
2.304121802e+01  3.6342490e-11  3.63425e-11  1.66738e-14  3.63258e-11
2.315642411e+01  3.6213062e-11  3.62131e-11  1.65128e-14  3.61965e-11
2.327220623e+01  3.6082706e-11  3.60827e-11  1.63533e-14  3.60664e-11
2.338856726e+01  3.5951445e-11  3.59514e-11  1.61954e-14  3.59352e-11
2.350551010e+01  3.5819301e-11  3.58193e-11  1.60390e-14  3.58033e-11
2.362303765e+01  3.5686295e-11  3.56863e-11  1.58840e-14  3.56704e-11
2.374115284e+01  3.5552449e-11  3.55524e-11  1.57306e-14  3.55367e-11
2.385985860e+01  3.5417786e-11  3.54178e-11  1.55786e-14  3.54022e-11
2.397915789e+01  3.5282326e-11  3.52823e-11  1.54280e-14  3.52669e-11
2.409905368e+01  3.5146091e-11  3.51461e-11  1.52789e-14  3.51308e-11
2.421954895e+01  3.5009103e-11  3.50091e-11  1.51312e-14  3.49940e-11
2.434064670e+01  3.4871381e-11  3.48714e-11  1.49849e-14  3.48564e-11
2.446234993e+01  3.4732948e-11  3.47329e-11  1.48400e-14  3.47181e-11
2.458466168e+01  3.4593823e-11  3.45938e-11  1.46965e-14  3.45791e-11
2.470758499e+01  3.4454028e-11  3.44540e-11  1.45544e-14  3.44395e-11
2.483112291e+01  3.4313583e-11  3.43136e-11  1.44136e-14  3.42992e-11
2.495527853e+01  3.4172508e-11  3.41725e-11  1.42742e-14  3.41582e-11
