# ------------------------------------------------------------------------
# Radiance spectrum
# NASA-GSFC Planetary Spectrum Generator (PSG) (Villanueva et al. 2018, 2022)
# Synthesized on Sat Dec 23 00:41:43 2023
# Doppler velocities [km/s] (vobs,vrot+vorb,vwidth,vrfl,vstr): 0.00000,-0.00000,0.00000,-119.41115,-0.00000
# Spectral unit: Wavelength [um]
# Radiance unit: Spectral irradiance [W/m2/um]
# Wave/freq Total Object Reflected Thermal
5.000000000e-01  5.7578142e-13  5.75781e-13  5.75781e-13  1.39823e-48
5.025000000e-01  6.0812378e-13  6.08124e-13  6.08124e-13  2.25202e-48
5.050125000e-01  6.2937398e-13  6.29374e-13  6.29374e-13  3.62413e-48
5.075375625e-01  6.4927833e-13  6.49278e-13  6.49278e-13  5.81927e-48
5.100752503e-01  6.6966808e-13  6.69668e-13  6.69668e-13  9.32090e-48
5.126256266e-01  6.9529481e-13  6.95295e-13  6.95295e-13  1.48830e-47
5.151887547e-01  7.2142548e-13  7.21425e-13  7.21425e-13  2.37063e-47
5.177646985e-01  7.4749736e-13  7.47497e-13  7.47497e-13  3.76714e-47
5.203535220e-01  7.7414704e-13  7.74147e-13  7.74147e-13  5.97177e-47
5.229552896e-01  8.0178846e-13  8.01788e-13  8.01788e-13  9.44322e-47
5.255700660e-01  8.2960769e-13  8.29608e-13  8.29608e-13  1.48975e-46
5.281979164e-01  8.5667760e-13  8.56678e-13  8.56678e-13  2.34502e-46
5.308389059e-01  8.8515766e-13  8.85158e-13  8.85158e-13  3.68207e-46
5.334931005e-01  9.1600782e-13  9.16008e-13  9.16008e-13  5.76641e-46
5.361605660e-01  9.4661824e-13  9.46618e-13  9.46618e-13  9.01033e-46
5.388413688e-01  9.7645073e-13  9.76451e-13  9.76451e-13  1.40486e-45
5.415355756e-01  1.0068679e-12  1.00687e-12  1.00687e-12  2.18528e-45
5.442432535e-01  1.0377839e-12  1.03778e-12  1.03778e-12  3.39138e-45
5.469644698e-01  1.0657430e-12  1.06574e-12  1.06574e-12  5.25335e-45
5.496992921e-01  1.0926271e-12  1.09263e-12  1.09263e-12  8.12052e-45
5.524477886e-01  1.1237110e-12  1.12371e-12  1.12371e-12  1.25179e-44
5.552100275e-01  1.1553635e-12  1.15536e-12  1.15536e-12  1.92526e-44
5.579860777e-01  1.1835643e-12  1.18356e-12  1.18356e-12  2.95582e-44
5.607760081e-01  1.2119073e-12  1.21191e-12  1.21191e-12  4.52798e-44
5.635798881e-01  1.2401076e-12  1.24011e-12  1.24011e-12  6.92135e-44
5.663977875e-01  1.2685263e-12  1.26853e-12  1.26853e-12  1.05565e-43
5.692297765e-01  1.2971587e-12  1.29716e-12  1.29716e-12  1.60656e-43
5.720759254e-01  1.3235354e-12  1.32354e-12  1.32354e-12  2.44038e-43
5.749363050e-01  1.3491272e-12  1.34913e-12  1.34913e-12  3.69936e-43
5.778109865e-01  1.3761207e-12  1.37612e-12  1.37612e-12  5.59490e-43
5.807000414e-01  1.4021176e-12  1.40212e-12  1.40212e-12  8.44474e-43
5.836035417e-01  1.4240700e-12  1.42407e-12  1.42407e-12  1.27254e-42
5.865215594e-01  1.4476763e-12  1.44768e-12  1.44768e-12  1.91316e-42
5.894541672e-01  1.4728644e-12  1.47286e-12  1.47286e-12  2.86971e-42
5.924014380e-01  1.4965795e-12  1.49658e-12  1.49658e-12  4.29628e-42
5.953634452e-01  1.5195868e-12  1.51959e-12  1.51959e-12  6.41916e-42
5.983402624e-01  1.5387496e-12  1.53875e-12  1.53875e-12  9.57546e-42
6.013319637e-01  1.5578372e-12  1.55784e-12  1.55784e-12  1.42543e-41
6.043386235e-01  1.5767427e-12  1.57674e-12  1.57674e-12  2.11762e-41
6.073603167e-01  1.5978140e-12  1.59781e-12  1.59781e-12  3.13872e-41
6.103971182e-01  1.6195407e-12  1.61954e-12  1.61954e-12  4.64236e-41
6.134491038e-01  1.6403759e-12  1.64038e-12  1.64038e-12  6.85314e-41
6.165163494e-01  1.6576963e-12  1.65770e-12  1.65770e-12  1.01004e-40
6.195989311e-01  1.6713351e-12  1.67134e-12  1.67134e-12  1.48626e-40
6.226969258e-01  1.6895478e-12  1.68955e-12  1.68955e-12  2.18151e-40
6.258104104e-01  1.7073252e-12  1.70733e-12  1.70733e-12  3.19577e-40
6.289394624e-01  1.7217846e-12  1.72178e-12  1.72178e-12  4.67406e-40
6.320841597e-01  1.7395031e-12  1.73950e-12  1.73950e-12  6.82020e-40
6.352445805e-01  1.7584863e-12  1.75849e-12  1.75849e-12  9.93084e-40
6.384208035e-01  1.7724847e-12  1.77248e-12  1.77248e-12  1.44400e-39
6.416129075e-01  1.7868501e-12  1.78685e-12  1.78685e-12  2.09548e-39
6.448209720e-01  1.8013684e-12  1.80137e-12  1.80137e-12  3.03496e-39
6.480450769e-01  1.8157115e-12  1.81571e-12  1.81571e-12  4.38725e-39
6.512853022e-01  1.8296554e-12  1.82966e-12  1.82966e-12  6.33020e-39
6.545417288e-01  1.8431934e-12  1.84319e-12  1.84319e-12  9.11659e-39
6.578144374e-01  1.8572073e-12  1.85721e-12  1.85721e-12  1.31039e-38
6.611035096e-01  1.8700291e-12  1.87003e-12  1.87003e-12  1.88018e-38
6.644090271e-01  1.8806342e-12  1.88063e-12  1.88063e-12  2.69331e-38
6.677310723e-01  1.8949557e-12  1.89496e-12  1.89496e-12  3.84934e-38
6.710697276e-01  1.9088600e-12  1.90886e-12  1.90886e-12  5.49156e-38
6.744250763e-01  1.9200731e-12  1.92007e-12  1.92007e-12  7.82212e-38
6.777972017e-01  1.9278795e-12  1.92788e-12  1.92788e-12  1.11252e-37
6.811861877e-01  1.9357819e-12  1.93578e-12  1.93578e-12  1.57937e-37
6.845921186e-01  1.9452730e-12  1.94527e-12  1.94527e-12  2.23767e-37
6.880150792e-01  1.9536082e-12  1.95361e-12  1.95361e-12  3.16495e-37
6.914551546e-01  1.9612373e-12  1.96124e-12  1.96124e-12  4.46872e-37
6.949124304e-01  1.9679216e-12  1.96792e-12  1.96792e-12  6.29880e-37
6.983869925e-01  1.9793509e-12  1.97935e-12  1.97935e-12  8.85807e-37
7.018789275e-01  1.9881050e-12  1.98811e-12  1.98811e-12  1.24384e-36
7.053883221e-01  1.9941577e-12  1.99416e-12  1.99416e-12  1.74398e-36
7.089152637e-01  1.9992450e-12  1.99925e-12  1.99925e-12  2.44112e-36
7.124598400e-01  2.0035947e-12  2.00359e-12  2.00359e-12  3.41119e-36
7.160221392e-01  2.0080282e-12  2.00803e-12  2.00803e-12  4.75836e-36
7.196022499e-01  2.0139693e-12  2.01397e-12  2.01397e-12  6.62498e-36
7.232002612e-01  2.0189370e-12  2.01894e-12  2.01894e-12  9.20875e-36
7.268162625e-01  2.0244728e-12  2.02447e-12  2.02447e-12  1.27774e-35
7.304503438e-01  2.0303434e-12  2.03034e-12  2.03034e-12  1.76979e-35
7.341025955e-01  2.0339173e-12  2.03392e-12  2.03392e-12  2.44771e-35
7.377731085e-01  2.0348178e-12  2.03482e-12  2.03482e-12  3.38045e-35
7.414619740e-01  2.0339895e-12  2.03399e-12  2.03399e-12  4.66153e-35
7.451692839e-01  2.0319046e-12  2.03190e-12  2.03190e-12  6.41807e-35
7.488951303e-01  2.0275895e-12  2.02759e-12  2.02759e-12  8.82361e-35
7.526396060e-01  2.0229710e-12  2.02297e-12  2.02297e-12  1.21109e-34
7.564028040e-01  2.0197502e-12  2.01975e-12  2.01975e-12  1.65929e-34
7.601848180e-01  2.0189125e-12  2.01891e-12  2.01891e-12  2.26907e-34
7.639857421e-01  2.0116951e-12  2.01170e-12  2.01170e-12  3.09978e-34
7.678056708e-01  2.0100361e-12  2.01004e-12  2.01004e-12  4.22537e-34
7.716446992e-01  2.0049125e-12  2.00491e-12  2.00491e-12  5.75227e-34
7.755029227e-01  1.9934880e-12  1.99349e-12  1.99349e-12  7.82304e-34
7.793804373e-01  1.9887519e-12  1.98875e-12  1.98875e-12  1.06152e-33
7.832773395e-01  1.9768404e-12  1.97684e-12  1.97684e-12  1.43907e-33
7.871937262e-01  1.9705360e-12  1.97054e-12  1.97054e-12  1.94675e-33
7.911296948e-01  1.9669064e-12  1.96691e-12  1.96691e-12  2.62865e-33
7.950853433e-01  1.9559574e-12  1.95596e-12  1.95596e-12  3.54630e-33
7.990607700e-01  1.9516427e-12  1.95164e-12  1.95164e-12  4.77373e-33
8.030560739e-01  1.9401167e-12  1.94012e-12  1.94012e-12  6.42037e-33
8.070713542e-01  1.9292935e-12  1.92929e-12  1.92929e-12  8.62097e-33
8.111067110e-01  1.9198002e-12  1.91980e-12  1.91980e-12  1.15564e-32
8.151622446e-01  1.9062995e-12  1.90630e-12  1.90630e-12  1.54734e-32
8.192380558e-01  1.9039626e-12  1.90396e-12  1.90396e-12  2.06643e-32
8.233342461e-01  1.8787002e-12  1.87870e-12  1.87870e-12  2.76145e-32
8.274509173e-01  1.8654810e-12  1.86548e-12  1.86548e-12  3.68041e-32
8.315881719e-01  1.8584767e-12  1.85848e-12  1.85848e-12  4.89491e-32
8.357461127e-01  1.8434731e-12  1.84347e-12  1.84347e-12  6.50530e-32
8.399248433e-01  1.8338232e-12  1.83382e-12  1.83382e-12  8.62823e-32
8.441244675e-01  1.8247908e-12  1.82479e-12  1.82479e-12  1.14263e-31
8.483450899e-01  1.8145037e-12  1.81450e-12  1.81450e-12  1.51111e-31
8.525868153e-01  1.8053401e-12  1.80534e-12  1.80534e-12  1.99527e-31
8.568497494e-01  1.7948010e-12  1.79480e-12  1.79480e-12  2.63103e-31
8.611339981e-01  1.7826370e-12  1.78264e-12  1.78264e-12  3.46485e-31
8.654396681e-01  1.7738596e-12  1.77386e-12  1.77386e-12  4.55486e-31
8.697668665e-01  1.7685992e-12  1.76860e-12  1.76860e-12  5.97720e-31
8.741157008e-01  1.7553330e-12  1.75533e-12  1.75533e-12  7.83827e-31
8.784862793e-01  1.7414535e-12  1.74145e-12  1.74145e-12  1.02647e-30
8.828787107e-01  1.7329785e-12  1.73298e-12  1.73298e-12  1.34165e-30
8.872931042e-01  1.7232697e-12  1.72327e-12  1.72327e-12  1.75132e-30
8.917295698e-01  1.7138331e-12  1.71383e-12  1.71383e-12  2.28283e-30
8.961882176e-01  1.7086796e-12  1.70868e-12  1.70868e-12  2.97029e-30
9.006691587e-01  1.6976641e-12  1.69766e-12  1.69766e-12  3.86151e-30
9.051725045e-01  1.6889314e-12  1.68893e-12  1.68893e-12  5.01212e-30
9.096983670e-01  1.6814805e-12  1.68148e-12  1.68148e-12  6.49586e-30
9.142468589e-01  1.6746863e-12  1.67469e-12  1.67469e-12  8.40680e-30
9.188180931e-01  1.6627970e-12  1.66280e-12  1.66280e-12  1.08702e-29
9.234121836e-01  1.6578217e-12  1.65782e-12  1.65782e-12  1.40273e-29
9.280292445e-01  1.6515061e-12  1.65151e-12  1.65151e-12  1.80793e-29
9.326693908e-01  1.6409826e-12  1.64098e-12  1.64098e-12  2.32796e-29
9.373327377e-01  1.6327488e-12  1.63275e-12  1.63275e-12  2.99292e-29
9.420194014e-01  1.6245579e-12  1.62456e-12  1.62456e-12  3.84270e-29
9.467294984e-01  1.6144185e-12  1.61442e-12  1.61442e-12  4.92813e-29
9.514631459e-01  1.6096805e-12  1.60968e-12  1.60968e-12  6.30869e-29
9.562204616e-01  1.6054818e-12  1.60548e-12  1.60548e-12  8.06504e-29
9.610015639e-01  1.6012006e-12  1.60120e-12  1.60120e-12  1.02970e-28
9.658065718e-01  1.5887715e-12  1.58877e-12  1.58877e-12  1.31395e-28
9.706356046e-01  1.5847099e-12  1.58471e-12  1.58471e-12  1.67322e-28
9.754887826e-01  1.5818075e-12  1.58181e-12  1.58181e-12  2.12776e-28
9.803662265e-01  1.5742481e-12  1.57425e-12  1.57425e-12  2.70348e-28
9.852680577e-01  1.5624202e-12  1.56242e-12  1.56242e-12  3.43199e-28
9.901943980e-01  1.5594192e-12  1.55942e-12  1.55942e-12  4.34775e-28
9.951453700e-01  1.5507965e-12  1.55080e-12  1.55080e-12  5.50380e-28
1.000121097e+00  1.5429742e-12  1.54297e-12  1.54297e-12  6.95803e-28
1.005121702e+00  1.5369333e-12  1.53693e-12  1.53693e-12  8.78410e-28
1.010147311e+00  1.5320537e-12  1.53205e-12  1.53205e-12  1.10745e-27
1.015198047e+00  1.5245342e-12  1.52453e-12  1.52453e-12  1.39483e-27
1.020274038e+00  1.5263725e-12  1.52637e-12  1.52637e-12  1.75310e-27
1.025375408e+00  1.5259255e-12  1.52593e-12  1.52593e-12  2.20118e-27
1.030502285e+00  1.5235704e-12  1.52357e-12  1.52357e-12  2.76092e-27
1.035654796e+00  1.5174924e-12  1.51749e-12  1.51749e-12  3.46002e-27
1.040833070e+00  1.5191277e-12  1.51913e-12  1.51913e-12  4.32779e-27
1.046037236e+00  1.5149793e-12  1.51498e-12  1.51498e-12  5.40968e-27
1.051267422e+00  1.5067738e-12  1.50677e-12  1.50677e-12  6.75656e-27
1.056523759e+00  1.5047995e-12  1.50480e-12  1.50480e-12  8.42384e-27
1.061806378e+00  1.4984155e-12  1.49842e-12  1.49842e-12  1.04946e-26
1.067115410e+00  1.4949853e-12  1.49499e-12  1.49499e-12  1.30553e-26
1.072450987e+00  1.4960514e-12  1.49605e-12  1.49605e-12  1.62151e-26
1.077813242e+00  1.4912866e-12  1.49129e-12  1.49129e-12  2.01273e-26
1.083202308e+00  1.4937536e-12  1.49375e-12  1.49375e-12  2.49375e-26
1.088618319e+00  1.4966088e-12  1.49661e-12  1.49661e-12  3.08604e-26
1.094061411e+00  1.4946153e-12  1.49462e-12  1.49462e-12  3.81641e-26
1.099531718e+00  1.4969444e-12  1.49694e-12  1.49694e-12  4.71231e-26
1.105029377e+00  1.4908975e-12  1.49090e-12  1.49090e-12  5.81662e-26
1.110554523e+00  1.4959044e-12  1.49590e-12  1.49590e-12  7.16398e-26
1.116107296e+00  1.4949189e-12  1.49492e-12  1.49492e-12  8.81864e-26
1.121687832e+00  1.4971516e-12  1.49715e-12  1.49715e-12  1.08400e-25
1.127296272e+00  1.4920286e-12  1.49203e-12  1.49203e-12  1.33193e-25
1.132932753e+00  1.4893103e-12  1.48931e-12  1.48931e-12  1.63439e-25
1.138597417e+00  1.4885119e-12  1.48851e-12  1.48851e-12  2.00295e-25
1.144290404e+00  1.4964790e-12  1.49648e-12  1.49648e-12  2.44982e-25
1.150011856e+00  1.4969042e-12  1.49690e-12  1.49690e-12  2.99533e-25
1.155761915e+00  1.4964408e-12  1.49644e-12  1.49644e-12  3.65868e-25
1.161540725e+00  1.5021305e-12  1.50213e-12  1.50213e-12  4.46136e-25
1.167348428e+00  1.5016167e-12  1.50162e-12  1.50162e-12  5.43767e-25
1.173185171e+00  1.5046979e-12  1.50470e-12  1.50470e-12  6.61816e-25
1.179051096e+00  1.5066552e-12  1.50666e-12  1.50666e-12  8.04726e-25
1.184946352e+00  1.5144504e-12  1.51445e-12  1.51445e-12  9.76883e-25
1.190871084e+00  1.5170082e-12  1.51701e-12  1.51701e-12  1.18524e-24
1.196825439e+00  1.5115436e-12  1.51154e-12  1.51154e-12  1.43771e-24
1.202809566e+00  1.5154081e-12  1.51541e-12  1.51541e-12  1.74049e-24
1.208823614e+00  1.5281762e-12  1.52818e-12  1.52818e-12  2.10291e-24
1.214867732e+00  1.5343894e-12  1.53439e-12  1.53439e-12  2.53986e-24
1.220942071e+00  1.5447343e-12  1.54473e-12  1.54473e-12  3.06313e-24
1.227046781e+00  1.5550444e-12  1.55504e-12  1.55504e-12  3.69040e-24
1.233182015e+00  1.5630961e-12  1.56310e-12  1.56310e-12  4.44261e-24
1.239347925e+00  1.5669172e-12  1.56692e-12  1.56692e-12  5.34508e-24
1.245544665e+00  1.5691980e-12  1.56920e-12  1.56920e-12  6.42541e-24
1.251772388e+00  1.5786411e-12  1.57864e-12  1.57864e-12  7.71047e-24
1.258031250e+00  1.5812533e-12  1.58125e-12  1.58125e-12  9.24997e-24
1.264321406e+00  1.5873701e-12  1.58737e-12  1.58737e-12  1.10816e-23
1.270643013e+00  1.5952123e-12  1.59521e-12  1.59521e-12  1.32603e-23
1.276996228e+00  1.6033505e-12  1.60335e-12  1.60335e-12  1.58512e-23
1.283381209e+00  1.6051903e-12  1.60519e-12  1.60519e-12  1.89425e-23
1.289798116e+00  1.6173746e-12  1.61737e-12  1.61737e-12  2.25890e-23
1.296247106e+00  1.6219872e-12  1.62199e-12  1.62199e-12  2.69334e-23
1.302728342e+00  1.6288324e-12  1.62883e-12  1.62883e-12  3.20744e-23
1.309241983e+00  1.6341591e-12  1.63416e-12  1.63416e-12  3.81661e-23
1.315788193e+00  1.6438140e-12  1.64381e-12  1.64381e-12  4.53492e-23
1.322367134e+00  1.6495084e-12  1.64951e-12  1.64951e-12  5.38564e-23
1.328978970e+00  1.6555999e-12  1.65560e-12  1.65560e-12  6.38957e-23
1.335623865e+00  1.6622919e-12  1.66229e-12  1.66229e-12  7.57293e-23
1.342301984e+00  1.6689497e-12  1.66895e-12  1.66895e-12  8.96700e-23
1.349013494e+00  1.6746368e-12  1.67464e-12  1.67464e-12  1.06089e-22
1.355758561e+00  1.6837118e-12  1.68371e-12  1.68371e-12  1.25348e-22
1.362537354e+00  1.6904608e-12  1.69046e-12  1.69046e-12  1.48005e-22
1.369350041e+00  1.6924463e-12  1.69245e-12  1.69245e-12  1.74692e-22
1.376196791e+00  1.7000542e-12  1.70005e-12  1.70005e-12  2.05866e-22
1.383077775e+00  1.7074088e-12  1.70741e-12  1.70741e-12  2.42387e-22
1.389993164e+00  1.7127877e-12  1.71279e-12  1.71279e-12  2.85193e-22
1.396943130e+00  1.7268166e-12  1.72682e-12  1.72682e-12  3.34907e-22
1.403927846e+00  1.7194222e-12  1.71942e-12  1.71942e-12  3.93939e-22
1.410947485e+00  1.7120015e-12  1.71200e-12  1.71200e-12  4.62967e-22
1.418002222e+00  1.7045554e-12  1.70456e-12  1.70456e-12  5.43613e-22
1.425092233e+00  1.6970850e-12  1.69709e-12  1.69709e-12  6.37750e-22
1.432217694e+00  1.6895912e-12  1.68959e-12  1.68959e-12  7.47540e-22
1.439378783e+00  1.6820749e-12  1.68207e-12  1.68207e-12  8.75472e-22
1.446575677e+00  1.6745372e-12  1.67454e-12  1.67454e-12  1.02442e-21
1.453808555e+00  1.6669788e-12  1.66698e-12  1.66698e-12  1.19767e-21
1.461077598e+00  1.6594008e-12  1.65940e-12  1.65940e-12  1.39904e-21
1.468382986e+00  1.6518042e-12  1.65180e-12  1.65180e-12  1.63288e-21
1.475724901e+00  1.6441897e-12  1.64419e-12  1.64419e-12  1.90420e-21
1.483103525e+00  1.6365583e-12  1.63656e-12  1.63656e-12  2.21874e-21
1.490519043e+00  1.6289109e-12  1.62891e-12  1.62891e-12  2.58308e-21
1.497971638e+00  1.6212483e-12  1.62125e-12  1.62125e-12  3.00475e-21
1.505461496e+00  1.6135716e-12  1.61357e-12  1.61357e-12  3.49236e-21
1.512988804e+00  1.6058814e-12  1.60588e-12  1.60588e-12  4.05577e-21
1.520553748e+00  1.5981787e-12  1.59818e-12  1.59818e-12  4.70621e-21
1.528156517e+00  1.5904643e-12  1.59046e-12  1.59046e-12  5.45652e-21
1.535797299e+00  1.5827390e-12  1.58274e-12  1.58274e-12  6.32133e-21
1.543476286e+00  1.5750037e-12  1.57500e-12  1.57500e-12  7.31730e-21
1.551193667e+00  1.5672592e-12  1.56726e-12  1.56726e-12  8.46341e-21
1.558949636e+00  1.5595063e-12  1.55951e-12  1.55951e-12  9.78121e-21
1.566744384e+00  1.5517458e-12  1.55175e-12  1.55175e-12  1.12952e-20
1.574578106e+00  1.5439785e-12  1.54398e-12  1.54398e-12  1.30333e-20
1.582450996e+00  1.5362051e-12  1.53621e-12  1.53621e-12  1.50270e-20
1.590363251e+00  1.5284264e-12  1.52843e-12  1.52843e-12  1.73121e-20
1.598315067e+00  1.5206432e-12  1.52064e-12  1.52064e-12  1.99291e-20
1.606306643e+00  1.5128562e-12  1.51286e-12  1.51286e-12  2.29240e-20
1.614338176e+00  1.5050662e-12  1.50507e-12  1.50507e-12  2.63487e-20
1.622409867e+00  1.4972739e-12  1.49727e-12  1.49727e-12  3.02617e-20
1.630521916e+00  1.4894800e-12  1.48948e-12  1.48948e-12  3.47294e-20
1.638674526e+00  1.4816853e-12  1.48169e-12  1.48169e-12  3.98263e-20
1.646867898e+00  1.4738903e-12  1.47389e-12  1.47389e-12  4.56368e-20
1.655102238e+00  1.4660959e-12  1.46610e-12  1.46610e-12  5.22558e-20
1.663377749e+00  1.4583027e-12  1.45830e-12  1.45830e-12  5.97899e-20
1.671694638e+00  1.4505114e-12  1.45051e-12  1.45051e-12  6.83594e-20
1.680053111e+00  1.4427226e-12  1.44272e-12  1.44272e-12  7.80993e-20
1.688453377e+00  1.4349370e-12  1.43494e-12  1.43494e-12  8.91611e-20
1.696895643e+00  1.4271552e-12  1.42716e-12  1.42716e-12  1.01715e-19
1.705380122e+00  1.4193779e-12  1.41938e-12  1.41938e-12  1.15952e-19
1.713907022e+00  1.4116056e-12  1.41161e-12  1.41161e-12  1.32086e-19
1.722476557e+00  1.4038391e-12  1.40384e-12  1.40384e-12  1.50356e-19
1.731088940e+00  1.3960789e-12  1.39608e-12  1.39608e-12  1.71030e-19
1.739744385e+00  1.3883257e-12  1.38833e-12  1.38833e-12  1.94407e-19
1.748443107e+00  1.3805799e-12  1.38058e-12  1.38058e-12  2.20823e-19
1.757185322e+00  1.3728422e-12  1.37284e-12  1.37284e-12  2.50650e-19
1.765971249e+00  1.3651132e-12  1.36511e-12  1.36511e-12  2.84306e-19
1.774801105e+00  1.3573934e-12  1.35739e-12  1.35739e-12  3.22255e-19
1.783675111e+00  1.3496833e-12  1.34968e-12  1.34968e-12  3.65014e-19
1.792593486e+00  1.3419836e-12  1.34198e-12  1.34198e-12  4.13161e-19
1.801556454e+00  1.3342947e-12  1.33429e-12  1.33429e-12  4.67334e-19
1.810564236e+00  1.3266172e-12  1.32662e-12  1.32662e-12  5.28248e-19
1.819617057e+00  1.3189515e-12  1.31895e-12  1.31895e-12  5.96694e-19
1.828715142e+00  1.3112983e-12  1.31130e-12  1.31130e-12  6.73549e-19
1.837858718e+00  1.3036580e-12  1.30366e-12  1.30366e-12  7.59788e-19
1.847048012e+00  1.2960310e-12  1.29603e-12  1.29603e-12  8.56492e-19
1.856283252e+00  1.2884180e-12  1.28842e-12  1.28842e-12  9.64858e-19
1.865564668e+00  1.2808193e-12  1.28082e-12  1.28082e-12  1.08621e-18
1.874892491e+00  1.2732353e-12  1.27324e-12  1.27323e-12  1.22201e-18
1.884266954e+00  1.2656667e-12  1.26567e-12  1.26567e-12  1.37388e-18
1.893688289e+00  1.2581138e-12  1.25811e-12  1.25811e-12  1.54362e-18
1.903156730e+00  1.2505770e-12  1.25058e-12  1.25058e-12  1.73318e-18
1.912672514e+00  1.2430569e-12  1.24306e-12  1.24305e-12  1.94477e-18
1.922235876e+00  1.2355537e-12  1.23555e-12  1.23555e-12  2.18076e-18
1.931847056e+00  1.2280680e-12  1.22807e-12  1.22807e-12  2.44383e-18
1.941506291e+00  1.2206002e-12  1.22060e-12  1.22060e-12  2.73687e-18
1.951213822e+00  1.2131506e-12  1.21315e-12  1.21315e-12  3.06309e-18
1.960969892e+00  1.2057196e-12  1.20572e-12  1.20572e-12  3.42603e-18
1.970774741e+00  1.1983077e-12  1.19831e-12  1.19830e-12  3.82955e-18
1.980628615e+00  1.1909152e-12  1.19092e-12  1.19091e-12  4.27790e-18
1.990531758e+00  1.1835425e-12  1.18354e-12  1.18354e-12  4.77576e-18
2.000484417e+00  1.1761899e-12  1.17619e-12  1.17618e-12  5.32825e-18
2.010486839e+00  1.1688578e-12  1.16886e-12  1.16885e-12  5.94097e-18
2.020539273e+00  1.1615466e-12  1.16155e-12  1.16154e-12  6.62007e-18
2.030641969e+00  1.1542566e-12  1.15426e-12  1.15425e-12  7.37228e-18
2.040795179e+00  1.1469881e-12  1.14699e-12  1.14698e-12  8.20496e-18
2.050999155e+00  1.1397415e-12  1.13974e-12  1.13973e-12  9.12614e-18
2.061254151e+00  1.1325171e-12  1.13252e-12  1.13251e-12  1.01446e-17
2.071560421e+00  1.1253152e-12  1.12532e-12  1.12530e-12  1.12700e-17
2.081918224e+00  1.1181361e-12  1.11814e-12  1.11812e-12  1.25127e-17
2.092327815e+00  1.1109802e-12  1.11098e-12  1.11097e-12  1.38842e-17
2.102789454e+00  1.1038477e-12  1.10385e-12  1.10383e-12  1.53969e-17
2.113303401e+00  1.0967389e-12  1.09674e-12  1.09672e-12  1.70644e-17
2.123869918e+00  1.0896541e-12  1.08965e-12  1.08964e-12  1.89013e-17
2.134489268e+00  1.0825936e-12  1.08259e-12  1.08257e-12  2.09239e-17
2.145161714e+00  1.0755576e-12  1.07556e-12  1.07553e-12  2.31494e-17
2.155887523e+00  1.0685465e-12  1.06855e-12  1.06852e-12  2.55968e-17
2.166666960e+00  1.0615605e-12  1.06156e-12  1.06153e-12  2.82867e-17
2.177500295e+00  1.0545999e-12  1.05460e-12  1.05457e-12  3.12414e-17
2.188387796e+00  1.0476649e-12  1.04766e-12  1.04763e-12  3.44852e-17
2.199329735e+00  1.0407558e-12  1.04076e-12  1.04072e-12  3.80442e-17
2.210326384e+00  1.0338728e-12  1.03387e-12  1.03383e-12  4.19469e-17
2.221378016e+00  1.0270161e-12  1.02702e-12  1.02697e-12  4.62241e-17
2.232484906e+00  1.0201861e-12  1.02019e-12  1.02014e-12  5.09089e-17
2.243647331e+00  1.0133830e-12  1.01338e-12  1.01333e-12  5.60375e-17
2.254865567e+00  1.0066069e-12  1.00661e-12  1.00655e-12  6.16487e-17
2.266139895e+00  9.9985816e-13  9.99858e-13  9.99790e-13  6.77846e-17
2.277470595e+00  9.9313696e-13  9.93137e-13  9.93062e-13  7.44904e-17
2.288857948e+00  9.8644354e-13  9.86444e-13  9.86362e-13  8.18151e-17
2.300302237e+00  9.7977812e-13  9.79778e-13  9.79688e-13  8.98115e-17
2.311803748e+00  9.7314093e-13  9.73141e-13  9.73042e-13  9.85363e-17
2.323362767e+00  9.6653219e-13  9.66532e-13  9.66424e-13  1.08051e-16
2.334979581e+00  9.5995212e-13  9.59952e-13  9.59834e-13  1.18421e-16
2.346654479e+00  9.5340095e-13  9.53401e-13  9.53271e-13  1.29717e-16
2.358387751e+00  9.4687889e-13  9.46879e-13  9.46737e-13  1.42017e-16
2.370179690e+00  9.4038617e-13  9.40386e-13  9.40231e-13  1.55400e-16
2.382030589e+00  9.3392300e-13  9.33923e-13  9.33753e-13  1.69957e-16
2.393940742e+00  9.2748963e-13  9.27490e-13  9.27304e-13  1.85780e-16
2.405910445e+00  9.2108626e-13  9.21086e-13  9.20883e-13  2.02971e-16
2.417939997e+00  9.1471313e-13  9.14713e-13  9.14491e-13  2.21638e-16
2.430029697e+00  9.0837047e-13  9.08370e-13  9.08129e-13  2.41899e-16
2.442179846e+00  9.0205851e-13  9.02059e-13  9.01795e-13  2.63878e-16
2.454390745e+00  8.9577749e-13  8.95777e-13  8.95490e-13  2.87707e-16
2.466662699e+00  8.8952766e-13  8.89528e-13  8.89214e-13  3.13530e-16
2.478996012e+00  8.8330925e-13  8.83309e-13  8.82968e-13  3.41499e-16
2.491390992e+00  8.7712253e-13  8.77123e-13  8.76751e-13  3.71778e-16
2.503847947e+00  8.7096776e-13  8.70968e-13  8.70563e-13  4.04539e-16
2.516367187e+00  8.6484520e-13  8.64845e-13  8.64405e-13  4.39971e-16
2.528949023e+00  8.5875513e-13  8.58755e-13  8.58277e-13  4.78270e-16
2.541593768e+00  8.5269783e-13  8.52698e-13  8.52178e-13  5.19649e-16
2.554301737e+00  8.4667360e-13  8.46674e-13  8.46109e-13  5.64332e-16
2.567073246e+00  8.4068274e-13  8.40683e-13  8.40070e-13  6.12561e-16
2.579908612e+00  8.3472557e-13  8.34726e-13  8.34061e-13  6.64590e-16
2.592808155e+00  8.2880241e-13  8.28802e-13  8.28082e-13  7.20693e-16
2.605772196e+00  8.2291361e-13  8.22914e-13  8.22132e-13  7.81159e-16
2.618801057e+00  8.1705952e-13  8.17060e-13  8.16213e-13  8.46295e-16
2.631895062e+00  8.1124051e-13  8.11241e-13  8.10324e-13  9.16429e-16
2.645054537e+00  8.0545698e-13  8.05457e-13  8.04465e-13  9.91909e-16
2.658279810e+00  7.9970932e-13  7.99709e-13  7.98636e-13  1.07310e-15
2.671571209e+00  7.9399796e-13  7.93998e-13  7.92838e-13  1.16040e-15
2.684929065e+00  7.8832334e-13  7.88323e-13  7.87069e-13  1.25422e-15
2.698353710e+00  7.8268593e-13  7.82686e-13  7.81331e-13  1.35500e-15
2.711845479e+00  7.7708621e-13  7.77086e-13  7.75623e-13  1.46321e-15
2.725404706e+00  7.7152471e-13  7.71525e-13  7.69945e-13  1.57933e-15
2.739031730e+00  7.6600194e-13  7.66002e-13  7.64298e-13  1.70390e-15
2.752726889e+00  7.6051848e-13  7.60518e-13  7.58681e-13  1.83746e-15
2.766490523e+00  7.5507492e-13  7.55075e-13  7.53094e-13  1.98060e-15
2.780322976e+00  7.4967189e-13  7.49672e-13  7.47538e-13  2.13394e-15
2.794224591e+00  7.4431002e-13  7.44310e-13  7.42012e-13  2.29812e-15
2.808195713e+00  7.3899001e-13  7.38990e-13  7.36516e-13  2.47384e-15
2.822236692e+00  7.3371259e-13  7.33713e-13  7.31051e-13  2.66182e-15
2.836347875e+00  7.2847850e-13  7.28478e-13  7.25616e-13  2.86282e-15
2.850529615e+00  7.2328855e-13  7.23289e-13  7.20211e-13  3.07766e-15
2.864782263e+00  7.1814356e-13  7.18144e-13  7.14836e-13  3.30719e-15
2.879106174e+00  7.1304443e-13  7.13044e-13  7.09492e-13  3.55230e-15
2.893501705e+00  7.0799207e-13  7.07992e-13  7.04178e-13  3.81393e-15
2.907969214e+00  7.0298746e-13  7.02987e-13  6.98894e-13  4.09308e-15
2.922509060e+00  6.9803160e-13  6.98032e-13  6.93641e-13  4.39080e-15
2.937121605e+00  6.9312558e-13  6.93126e-13  6.88417e-13  4.70817e-15
2.951807213e+00  6.8827051e-13  6.88271e-13  6.83224e-13  5.04635e-15
2.966566249e+00  6.8346757e-13  6.83468e-13  6.78061e-13  5.40656e-15
2.981399080e+00  6.7871800e-13  6.78718e-13  6.72928e-13  5.79006e-15
2.996306076e+00  6.7402309e-13  6.74023e-13  6.67825e-13  6.19818e-15
3.011287606e+00  6.6938419e-13  6.69384e-13  6.62752e-13  6.63233e-15
3.026344044e+00  6.6480274e-13  6.64803e-13  6.57709e-13  7.09398e-15
3.041475764e+00  6.6028022e-13  6.60280e-13  6.52696e-13  7.58465e-15
3.056683143e+00  6.5581819e-13  6.55818e-13  6.47712e-13  8.10596e-15
3.071966559e+00  6.5141829e-13  6.51418e-13  6.42759e-13  8.65960e-15
3.087326392e+00  6.4708222e-13  6.47082e-13  6.37835e-13  9.24731e-15
3.102763024e+00  6.4281178e-13  6.42812e-13  6.32941e-13  9.87096e-15
3.118276839e+00  6.3860883e-13  6.38609e-13  6.28076e-13  1.05325e-14
3.133868223e+00  6.3447534e-13  6.34475e-13  6.23242e-13  1.12338e-14
3.149537564e+00  6.3041333e-13  6.30413e-13  6.18436e-13  1.19772e-14
3.165285252e+00  6.2642495e-13  6.26425e-13  6.13660e-13  1.27647e-14
3.181111678e+00  6.2251242e-13  6.22512e-13  6.08914e-13  1.35986e-14
3.197017237e+00  6.1867806e-13  6.18678e-13  6.04197e-13  1.44814e-14
3.213002323e+00  6.1492429e-13  6.14924e-13  5.99509e-13  1.54156e-14
3.229067334e+00  6.1125365e-13  6.11254e-13  5.94850e-13  1.64036e-14
3.245212671e+00  6.0766876e-13  6.07669e-13  5.90220e-13  1.74484e-14
3.261438734e+00  6.0417237e-13  6.04172e-13  5.85620e-13  1.85525e-14
3.277745928e+00  6.0076732e-13  6.00767e-13  5.81048e-13  1.97191e-14
3.294134658e+00  5.9745660e-13  5.97457e-13  5.76506e-13  2.09511e-14
3.310605331e+00  5.9424329e-13  5.94243e-13  5.71992e-13  2.22517e-14
3.327158358e+00  5.9113060e-13  5.91131e-13  5.67506e-13  2.36242e-14
3.343794149e+00  5.8812188e-13  5.88122e-13  5.63050e-13  2.50720e-14
3.360513120e+00  5.8522060e-13  5.85221e-13  5.58622e-13  2.65987e-14
3.377315686e+00  5.8243037e-13  5.82430e-13  5.54222e-13  2.82079e-14
3.394202264e+00  5.7975491e-13  5.79755e-13  5.49851e-13  2.99036e-14
3.411173276e+00  5.7719813e-13  5.77198e-13  5.45509e-13  3.16896e-14
3.428229142e+00  5.7476404e-13  5.74764e-13  5.41194e-13  3.35701e-14
3.445370288e+00  5.7245681e-13  5.72457e-13  5.36907e-13  3.55494e-14
3.462597139e+00  5.7028078e-13  5.70281e-13  5.32649e-13  3.76318e-14
3.479910125e+00  5.6824043e-13  5.68240e-13  5.28418e-13  3.98219e-14
3.497309675e+00  5.6634039e-13  5.66340e-13  5.24216e-13  4.21246e-14
3.514796224e+00  5.6458546e-13  5.64585e-13  5.20041e-13  4.45446e-14
3.532370205e+00  5.6298061e-13  5.62981e-13  5.15894e-13  4.70870e-14
3.550032056e+00  5.6153097e-13  5.61531e-13  5.11774e-13  4.97571e-14
3.567782216e+00  5.6024186e-13  5.60242e-13  5.07682e-13  5.25602e-14
3.585621127e+00  5.5911875e-13  5.59119e-13  5.03617e-13  5.55021e-14
3.603549233e+00  5.5816730e-13  5.58167e-13  4.99579e-13  5.85883e-14
3.621566979e+00  5.5739336e-13  5.57393e-13  4.95568e-13  6.18249e-14
3.639674814e+00  5.5680296e-13  5.56803e-13  4.91585e-13  6.52180e-14
3.657873188e+00  5.5640231e-13  5.56402e-13  4.87628e-13  6.87739e-14
3.676162554e+00  5.5619783e-13  5.56198e-13  4.83699e-13  7.24991e-14
3.694543367e+00  5.5619611e-13  5.56196e-13  4.79796e-13  7.64004e-14
3.713016084e+00  5.5640397e-13  5.56404e-13  4.75919e-13  8.04846e-14
3.731581164e+00  5.5682840e-13  5.56828e-13  4.72070e-13  8.47589e-14
3.750239070e+00  5.5747661e-13  5.57477e-13  4.68246e-13  8.92305e-14
3.768990265e+00  5.5835601e-13  5.58356e-13  4.64449e-13  9.39071e-14
3.787835216e+00  5.5947423e-13  5.59474e-13  4.60678e-13  9.87963e-14
3.806774393e+00  5.6083910e-13  5.60839e-13  4.56933e-13  1.03906e-13
3.825808265e+00  5.6245866e-13  5.62459e-13  4.53214e-13  1.09245e-13
3.844937306e+00  5.6434118e-13  5.64341e-13  4.49521e-13  1.14820e-13
3.864161992e+00  5.6649515e-13  5.66495e-13  4.45854e-13  1.20641e-13
3.883482802e+00  5.6892926e-13  5.68929e-13  4.42212e-13  1.26717e-13
3.902900216e+00  5.7165243e-13  5.71652e-13  4.38596e-13  1.33057e-13
3.922414717e+00  5.7467383e-13  5.74674e-13  4.35005e-13  1.39669e-13
3.942026791e+00  5.7800281e-13  5.78003e-13  4.31439e-13  1.46563e-13
3.961736925e+00  5.8164899e-13  5.81649e-13  4.27899e-13  1.53750e-13
3.981545610e+00  5.8562220e-13  5.85622e-13  4.24384e-13  1.61238e-13
4.001453338e+00  5.8993248e-13  5.89932e-13  4.20893e-13  1.69039e-13
4.021460604e+00  5.9459014e-13  5.94590e-13  4.17428e-13  1.77162e-13
4.041567907e+00  5.9960569e-13  5.99606e-13  4.13987e-13  1.85619e-13
4.061775747e+00  6.0498989e-13  6.04990e-13  4.10571e-13  1.94419e-13
4.082084626e+00  6.1075372e-13  6.10754e-13  4.07179e-13  2.03575e-13
4.102495049e+00  6.1690840e-13  6.16908e-13  4.03811e-13  2.13097e-13
4.123007524e+00  6.2346537e-13  6.23465e-13  4.00468e-13  2.22997e-13
4.143622562e+00  6.3043632e-13  6.30436e-13  3.97149e-13  2.33288e-13
4.164340674e+00  6.3783317e-13  6.37833e-13  3.93854e-13  2.43980e-13
4.185162378e+00  6.4566805e-13  6.45668e-13  3.90582e-13  2.55086e-13
4.206088190e+00  6.5395334e-13  6.53953e-13  3.87335e-13  2.66619e-13
4.227118631e+00  6.6270164e-13  6.62702e-13  3.84111e-13  2.78591e-13
4.248254224e+00  6.7192578e-13  6.71926e-13  3.80910e-13  2.91016e-13
4.269495495e+00  6.8163882e-13  6.81639e-13  3.77733e-13  3.03906e-13
4.290842972e+00  6.9185403e-13  6.91854e-13  3.74579e-13  3.17275e-13
4.312297187e+00  7.0258491e-13  7.02585e-13  3.71449e-13  3.31136e-13
4.333858673e+00  7.1384519e-13  7.13845e-13  3.68341e-13  3.45504e-13
4.355527967e+00  7.2564880e-13  7.25649e-13  3.65256e-13  3.60393e-13
4.377305606e+00  7.3800988e-13  7.38010e-13  3.62194e-13  3.75816e-13
4.399192134e+00  7.5094281e-13  7.50943e-13  3.59155e-13  3.91788e-13
4.421188095e+00  7.6446213e-13  7.64462e-13  3.56138e-13  4.08324e-13
4.443294036e+00  7.7858264e-13  7.78583e-13  3.53144e-13  4.25439e-13
4.465510506e+00  7.9331929e-13  7.93319e-13  3.50172e-13  4.43148e-13
4.487838058e+00  8.0868724e-13  8.08687e-13  3.47222e-13  4.61466e-13
4.510277249e+00  8.2470185e-13  8.24702e-13  3.44294e-13  4.80408e-13
4.532828635e+00  8.4137867e-13  8.41379e-13  3.41388e-13  4.99991e-13
4.555492778e+00  8.5873340e-13  8.58733e-13  3.38504e-13  5.20230e-13
4.578270242e+00  8.7678195e-13  8.76782e-13  3.35641e-13  5.41141e-13
4.601161593e+00  8.9554037e-13  8.95540e-13  3.32800e-13  5.62740e-13
4.624167401e+00  9.1502490e-13  9.15025e-13  3.29980e-13  5.85044e-13
4.647288238e+00  9.3525191e-13  9.35252e-13  3.27182e-13  6.08070e-13
4.670524679e+00  9.5623793e-13  9.56238e-13  3.24405e-13  6.31833e-13
4.693877303e+00  9.7799965e-13  9.78000e-13  3.21649e-13  6.56351e-13
4.717346689e+00  1.0005539e-12  1.00055e-12  3.18914e-13  6.81640e-13
4.740933423e+00  1.0239175e-12  1.02392e-12  3.16200e-13  7.07718e-13
4.764638090e+00  1.0481077e-12  1.04811e-12  3.13506e-13  7.34601e-13
4.788461280e+00  1.0731416e-12  1.07314e-12  3.10833e-13  7.62308e-13
4.812403587e+00  1.0990364e-12  1.09904e-12  3.08181e-13  7.90856e-13
4.836465604e+00  1.1258096e-12  1.12581e-12  3.05549e-13  8.20261e-13
4.860647933e+00  1.1534785e-12  1.15348e-12  3.02937e-13  8.50542e-13
4.884951172e+00  1.1820609e-12  1.18206e-12  3.00345e-13  8.81716e-13
4.909375928e+00  1.2115741e-12  1.21157e-12  2.97773e-13  9.13801e-13
4.933922808e+00  1.2420360e-12  1.24204e-12  2.95221e-13  9.46815e-13
4.958592422e+00  1.2734643e-12  1.27346e-12  2.92689e-13  9.80776e-13
4.983385384e+00  1.3058766e-12  1.30588e-12  2.90176e-13  1.01570e-12
5.008302311e+00  1.3392909e-12  1.33929e-12  2.87683e-13  1.05161e-12
5.033343822e+00  1.3737248e-12  1.37372e-12  2.85209e-13  1.08852e-12
5.058510541e+00  1.4091963e-12  1.40920e-12  2.82754e-13  1.12644e-12
5.083803094e+00  1.4457231e-12  1.44572e-12  2.80319e-13  1.16540e-12
5.109222110e+00  1.4833230e-12  1.48332e-12  2.77902e-13  1.20542e-12
5.134768220e+00  1.5220139e-12  1.52201e-12  2.75505e-13  1.24651e-12
5.160442061e+00  1.5618134e-12  1.56181e-12  2.73126e-13  1.28869e-12
5.186244272e+00  1.6027392e-12  1.60274e-12  2.70766e-13  1.33197e-12
5.212175493e+00  1.6448090e-12  1.64481e-12  2.68424e-13  1.37639e-12
5.238236370e+00  1.6880403e-12  1.68804e-12  2.66101e-13  1.42194e-12
5.264427552e+00  1.7324507e-12  1.73245e-12  2.63796e-13  1.46865e-12
5.290749690e+00  1.7780573e-12  1.77806e-12  2.61509e-13  1.51655e-12
5.317203438e+00  1.8248776e-12  1.82488e-12  2.59241e-13  1.56564e-12
5.343789456e+00  1.8729287e-12  1.87293e-12  2.56990e-13  1.61594e-12
5.370508403e+00  1.9222275e-12  1.92223e-12  2.54757e-13  1.66747e-12
5.397360945e+00  1.9727910e-12  1.97279e-12  2.52542e-13  1.72025e-12
5.424347750e+00  2.0246357e-12  2.02464e-12  2.50344e-13  1.77429e-12
5.451469488e+00  2.0777784e-12  2.07778e-12  2.48164e-13  1.82961e-12
5.478726836e+00  2.1322351e-12  2.13224e-12  2.46002e-13  1.88623e-12
5.506120470e+00  2.1880222e-12  2.18802e-12  2.43856e-13  1.94417e-12
5.533651072e+00  2.2451555e-12  2.24516e-12  2.41728e-13  2.00343e-12
5.561319328e+00  2.3036507e-12  2.30365e-12  2.39617e-13  2.06403e-12
5.589125924e+00  2.3635233e-12  2.36352e-12  2.37522e-13  2.12600e-12
5.617071554e+00  2.4247884e-12  2.42479e-12  2.35445e-13  2.18934e-12
5.645156912e+00  2.4874610e-12  2.48746e-12  2.33384e-13  2.25408e-12
5.673382696e+00  2.5515557e-12  2.55156e-12  2.31340e-13  2.32022e-12
5.701749610e+00  2.6170868e-12  2.61709e-12  2.29312e-13  2.38777e-12
5.730258358e+00  2.6840685e-12  2.68407e-12  2.27301e-13  2.45677e-12
5.758909650e+00  2.7525144e-12  2.75251e-12  2.25306e-13  2.52721e-12
5.787704198e+00  2.8224379e-12  2.82244e-12  2.23327e-13  2.59911e-12
5.816642719e+00  2.8938520e-12  2.89385e-12  2.21364e-13  2.67249e-12
5.845725932e+00  2.9667694e-12  2.96677e-12  2.19417e-13  2.74735e-12
5.874954562e+00  3.0412025e-12  3.04120e-12  2.17485e-13  2.82372e-12
5.904329335e+00  3.1171631e-12  3.11716e-12  2.15570e-13  2.90159e-12
5.933850982e+00  3.1946628e-12  3.19466e-12  2.13670e-13  2.98099e-12
5.963520237e+00  3.2737126e-12  3.27371e-12  2.11786e-13  3.06193e-12
5.993337838e+00  3.3543232e-12  3.35432e-12  2.09916e-13  3.14441e-12
6.023304527e+00  3.4365050e-12  3.43650e-12  2.08063e-13  3.22844e-12
6.053421050e+00  3.5202676e-12  3.52027e-12  2.06224e-13  3.31404e-12
6.083688155e+00  3.6056203e-12  3.60562e-12  2.04400e-13  3.40122e-12
6.114106596e+00  3.6925722e-12  3.69257e-12  2.02592e-13  3.48998e-12
6.144677129e+00  3.7811315e-12  3.78113e-12  2.00798e-13  3.58033e-12
6.175400514e+00  3.8713061e-12  3.87131e-12  1.99019e-13  3.67229e-12
6.206277517e+00  3.9631033e-12  3.96310e-12  1.97255e-13  3.76585e-12
6.237308904e+00  4.0565301e-12  4.05653e-12  1.95505e-13  3.86103e-12
6.268495449e+00  4.1515928e-12  4.15159e-12  1.93769e-13  3.95782e-12
6.299837926e+00  4.2482971e-12  4.24830e-12  1.92048e-13  4.05625e-12
6.331337116e+00  4.3466483e-12  4.34665e-12  1.90341e-13  4.15631e-12
6.362993801e+00  4.4466511e-12  4.44665e-12  1.88649e-13  4.25800e-12
6.394808770e+00  4.5483095e-12  4.54831e-12  1.86970e-13  4.36134e-12
6.426782814e+00  4.6516272e-12  4.65163e-12  1.85305e-13  4.46632e-12
6.458916728e+00  4.7566070e-12  4.75661e-12  1.83654e-13  4.57295e-12
6.491211312e+00  4.8632513e-12  4.86325e-12  1.82017e-13  4.68123e-12
6.523667368e+00  4.9715619e-12  4.97156e-12  1.80393e-13  4.79117e-12
6.556285705e+00  5.0815400e-12  5.08154e-12  1.78783e-13  4.90276e-12
6.589067134e+00  5.1931859e-12  5.19319e-12  1.77187e-13  5.01600e-12
6.622012469e+00  5.3064997e-12  5.30650e-12  1.75603e-13  5.13090e-12
6.655122532e+00  5.4214807e-12  5.42148e-12  1.74033e-13  5.24745e-12
6.688398144e+00  5.5381273e-12  5.53813e-12  1.72476e-13  5.36565e-12
6.721840135e+00  5.6564377e-12  5.65644e-12  1.70932e-13  5.48551e-12
6.755449336e+00  5.7764092e-12  5.77641e-12  1.69401e-13  5.60701e-12
6.789226583e+00  5.8980384e-12  5.89804e-12  1.67883e-13  5.73016e-12
6.823172715e+00  6.0213214e-12  6.02132e-12  1.66378e-13  5.85494e-12
6.857288579e+00  6.1462535e-12  6.14625e-12  1.64885e-13  5.98137e-12
6.891575022e+00  6.2728295e-12  6.27283e-12  1.63405e-13  6.10942e-12
6.926032897e+00  6.4010434e-12  6.40104e-12  1.61937e-13  6.23911e-12
6.960663062e+00  6.5308884e-12  6.53089e-12  1.60482e-13  6.37041e-12
6.995466377e+00  6.6623574e-12  6.66236e-12  1.59039e-13  6.50332e-12
7.030443709e+00  6.7954422e-12  6.79544e-12  1.57608e-13  6.63783e-12
7.065595927e+00  6.9301343e-12  6.93013e-12  1.56190e-13  6.77394e-12
7.100923907e+00  7.0664242e-12  7.06642e-12  1.54783e-13  6.91164e-12
7.136428526e+00  7.2043019e-12  7.20430e-12  1.53388e-13  7.05091e-12
7.172110669e+00  7.3437568e-12  7.34376e-12  1.52005e-13  7.19175e-12
7.207971222e+00  7.4847772e-12  7.48478e-12  1.50634e-13  7.33414e-12
7.244011079e+00  7.6273513e-12  7.62735e-12  1.49274e-13  7.47808e-12
7.280231134e+00  7.7714661e-12  7.77147e-12  1.47926e-13  7.62354e-12
7.316632290e+00  7.9171084e-12  7.91711e-12  1.46590e-13  7.77052e-12
7.353215451e+00  8.0642638e-12  8.06426e-12  1.45265e-13  7.91900e-12
7.389981528e+00  8.2129177e-12  8.21292e-12  1.43951e-13  8.06897e-12
7.426931436e+00  8.3630546e-12  8.36305e-12  1.42648e-13  8.22041e-12
7.464066093e+00  8.5146583e-12  8.51466e-12  1.41357e-13  8.37330e-12
7.501386424e+00  8.6677119e-12  8.66771e-12  1.40077e-13  8.52764e-12
7.538893356e+00  8.8221982e-12  8.82220e-12  1.38807e-13  8.68339e-12
7.576587822e+00  8.9780988e-12  8.97810e-12  1.37549e-13  8.84055e-12
7.614470762e+00  9.1353951e-12  9.13540e-12  1.36301e-13  8.99909e-12
7.652543115e+00  9.2940677e-12  9.29407e-12  1.35064e-13  9.15900e-12
7.690805831e+00  9.4540963e-12  9.45410e-12  1.33837e-13  9.32026e-12
7.729259860e+00  9.6154605e-12  9.61546e-12  1.32621e-13  9.48284e-12
7.767906159e+00  9.7781388e-12  9.77814e-12  1.31416e-13  9.64672e-12
7.806745690e+00  9.9421093e-12  9.94211e-12  1.30221e-13  9.81189e-12
7.845779419e+00  1.0107350e-11  1.01073e-11  1.29036e-13  9.97831e-12
7.885008316e+00  1.0273836e-11  1.02738e-11  1.27862e-13  1.01460e-11
7.924433357e+00  1.0441546e-11  1.04415e-11  1.26697e-13  1.03148e-11
7.964055524e+00  1.0610453e-11  1.06105e-11  1.25543e-13  1.04849e-11
8.003875802e+00  1.0780535e-11  1.07805e-11  1.24399e-13  1.06561e-11
8.043895181e+00  1.0951764e-11  1.09518e-11  1.23264e-13  1.08285e-11
8.084114657e+00  1.1124115e-11  1.11241e-11  1.22139e-13  1.10020e-11
8.124535230e+00  1.1297562e-11  1.12976e-11  1.21025e-13  1.11765e-11
8.165157906e+00  1.1472077e-11  1.14721e-11  1.19919e-13  1.13522e-11
8.205983696e+00  1.1647633e-11  1.16476e-11  1.18824e-13  1.15288e-11
8.247013614e+00  1.1824200e-11  1.18242e-11  1.17738e-13  1.17065e-11
8.288248682e+00  1.2001752e-11  1.20018e-11  1.16661e-13  1.18851e-11
8.329689926e+00  1.2180258e-11  1.21803e-11  1.15594e-13  1.20647e-11
8.371338375e+00  1.2359690e-11  1.23597e-11  1.14536e-13  1.22452e-11
8.413195067e+00  1.2540015e-11  1.25400e-11  1.13487e-13  1.24265e-11
8.455261042e+00  1.2721206e-11  1.27212e-11  1.12448e-13  1.26088e-11
8.497537348e+00  1.2903229e-11  1.29032e-11  1.11417e-13  1.27918e-11
8.540025034e+00  1.3086054e-11  1.30861e-11  1.10396e-13  1.29757e-11
8.582725160e+00  1.3269649e-11  1.32696e-11  1.09383e-13  1.31603e-11
8.625638785e+00  1.3453982e-11  1.34540e-11  1.08379e-13  1.33456e-11
8.668766979e+00  1.3639020e-11  1.36390e-11  1.07384e-13  1.35316e-11
8.712110814e+00  1.3824730e-11  1.38247e-11  1.06398e-13  1.37183e-11
8.755671368e+00  1.4011078e-11  1.40111e-11  1.05421e-13  1.39057e-11
8.799449725e+00  1.4198031e-11  1.41980e-11  1.04452e-13  1.40936e-11
8.843446974e+00  1.4385556e-11  1.43856e-11  1.03491e-13  1.42821e-11
8.887664209e+00  1.4573616e-11  1.45736e-11  1.02539e-13  1.44711e-11
8.932102530e+00  1.4762179e-11  1.47622e-11  1.01595e-13  1.46606e-11
8.976763042e+00  1.4951208e-11  1.49512e-11  1.00660e-13  1.48505e-11
9.021646857e+00  1.5140669e-11  1.51407e-11  9.97328e-14  1.50409e-11
9.066755092e+00  1.5330527e-11  1.53305e-11  9.88138e-14  1.52317e-11
9.112088867e+00  1.5520745e-11  1.55207e-11  9.79030e-14  1.54228e-11
9.157649312e+00  1.5711287e-11  1.57113e-11  9.70001e-14  1.56143e-11
9.203437558e+00  1.5902118e-11  1.59021e-11  9.61053e-14  1.58060e-11
9.249454746e+00  1.6093201e-11  1.60932e-11  9.52183e-14  1.59980e-11
9.295702020e+00  1.6284499e-11  1.62845e-11  9.43392e-14  1.61902e-11
9.342180530e+00  1.6475977e-11  1.64760e-11  9.34679e-14  1.63825e-11
9.388891432e+00  1.6667597e-11  1.66676e-11  9.26043e-14  1.65750e-11
9.435835890e+00  1.6859322e-11  1.68593e-11  9.17483e-14  1.67676e-11
9.483015069e+00  1.7051115e-11  1.70511e-11  9.08999e-14  1.69602e-11
9.530430144e+00  1.7242940e-11  1.72429e-11  9.00591e-14  1.71529e-11
9.578082295e+00  1.7434758e-11  1.74348e-11  8.92257e-14  1.73455e-11
9.625972707e+00  1.7626533e-11  1.76265e-11  8.83997e-14  1.75381e-11
9.674102570e+00  1.7818228e-11  1.78182e-11  8.75810e-14  1.77306e-11
9.722473083e+00  1.8009804e-11  1.80098e-11  8.67697e-14  1.79230e-11
9.771085448e+00  1.8201225e-11  1.82012e-11  8.59655e-14  1.81153e-11
9.819940876e+00  1.8392454e-11  1.83925e-11  8.51685e-14  1.83073e-11
9.869040580e+00  1.8583452e-11  1.85835e-11  8.43786e-14  1.84991e-11
9.918385783e+00  1.8774183e-11  1.87742e-11  8.35958e-14  1.86906e-11
9.967977712e+00  1.8964610e-11  1.89646e-11  8.28199e-14  1.88818e-11
1.001781760e+01  1.9154695e-11  1.91547e-11  8.20510e-14  1.90726e-11
1.006790669e+01  1.9344401e-11  1.93444e-11  8.12889e-14  1.92631e-11
1.011824622e+01  1.9533691e-11  1.95337e-11  8.05336e-14  1.94532e-11
1.016883745e+01  1.9722529e-11  1.97225e-11  7.97851e-14  1.96427e-11
1.021968164e+01  1.9910877e-11  1.99109e-11  7.90433e-14  1.98318e-11
1.027078005e+01  2.0098699e-11  2.00987e-11  7.83081e-14  2.00204e-11
1.032213395e+01  2.0285959e-11  2.02860e-11  7.75795e-14  2.02084e-11
1.037374462e+01  2.0472620e-11  2.04726e-11  7.68575e-14  2.03958e-11
1.042561334e+01  2.0658645e-11  2.06586e-11  7.61419e-14  2.05825e-11
1.047774141e+01  2.0844000e-11  2.08440e-11  7.54327e-14  2.07686e-11
1.053013012e+01  2.1028648e-11  2.10286e-11  7.47299e-14  2.09539e-11
1.058278077e+01  2.1212555e-11  2.12126e-11  7.40334e-14  2.11385e-11
1.063569467e+01  2.1395684e-11  2.13957e-11  7.33432e-14  2.13223e-11
1.068887314e+01  2.1578000e-11  2.15780e-11  7.26592e-14  2.15053e-11
1.074231751e+01  2.1759470e-11  2.17595e-11  7.19813e-14  2.16875e-11
1.079602910e+01  2.1940058e-11  2.19401e-11  7.13096e-14  2.18687e-11
1.085000924e+01  2.2119731e-11  2.21197e-11  7.06438e-14  2.20491e-11
1.090425929e+01  2.2298454e-11  2.22985e-11  6.99841e-14  2.22285e-11
1.095878058e+01  2.2476195e-11  2.24762e-11  6.93304e-14  2.24069e-11
1.101357449e+01  2.2652919e-11  2.26529e-11  6.86825e-14  2.25842e-11
1.106864236e+01  2.2828595e-11  2.28286e-11  6.80405e-14  2.27606e-11
1.112398557e+01  2.3003188e-11  2.30032e-11  6.74043e-14  2.29358e-11
1.117960550e+01  2.3176669e-11  2.31767e-11  6.67738e-14  2.31099e-11
1.123550353e+01  2.3349003e-11  2.33490e-11  6.61490e-14  2.32829e-11
1.129168104e+01  2.3520162e-11  2.35202e-11  6.55299e-14  2.34546e-11
1.134813945e+01  2.3690112e-11  2.36901e-11  6.49164e-14  2.36252e-11
1.140488015e+01  2.3858824e-11  2.38588e-11  6.43085e-14  2.37945e-11
1.146190455e+01  2.4026267e-11  2.40263e-11  6.37060e-14  2.39626e-11
1.151921407e+01  2.4192412e-11  2.41924e-11  6.31090e-14  2.41293e-11
1.157681014e+01  2.4357230e-11  2.43572e-11  6.25175e-14  2.42947e-11
1.163469419e+01  2.4520691e-11  2.45207e-11  6.19313e-14  2.44588e-11
1.169286766e+01  2.4682767e-11  2.46828e-11  6.13504e-14  2.46214e-11
1.175133200e+01  2.4843431e-11  2.48434e-11  6.07748e-14  2.47827e-11
1.181008866e+01  2.5002654e-11  2.50027e-11  6.02044e-14  2.49424e-11
1.186913910e+01  2.5160409e-11  2.51604e-11  5.96392e-14  2.51008e-11
1.192848480e+01  2.5316671e-11  2.53167e-11  5.90791e-14  2.52576e-11
1.198812722e+01  2.5471413e-11  2.54714e-11  5.85242e-14  2.54129e-11
1.204806786e+01  2.5624609e-11  2.56246e-11  5.79743e-14  2.55666e-11
1.210830820e+01  2.5776234e-11  2.57762e-11  5.74294e-14  2.57188e-11
1.216884974e+01  2.5926264e-11  2.59263e-11  5.68895e-14  2.58694e-11
1.222969399e+01  2.6074675e-11  2.60747e-11  5.63545e-14  2.60183e-11
1.229084246e+01  2.6221443e-11  2.62214e-11  5.58243e-14  2.61656e-11
1.235229667e+01  2.6366546e-11  2.63665e-11  5.52991e-14  2.63112e-11
1.241405815e+01  2.6509960e-11  2.65100e-11  5.47786e-14  2.64552e-11
1.247612845e+01  2.6651664e-11  2.66517e-11  5.42628e-14  2.65974e-11
1.253850909e+01  2.6791636e-11  2.67916e-11  5.37518e-14  2.67379e-11
1.260120163e+01  2.6929855e-11  2.69299e-11  5.32455e-14  2.68766e-11
1.266420764e+01  2.7066302e-11  2.70663e-11  5.27438e-14  2.70136e-11
1.272752868e+01  2.7200956e-11  2.72010e-11  5.22466e-14  2.71487e-11
1.279116632e+01  2.7333799e-11  2.73338e-11  5.17541e-14  2.72820e-11
1.285512215e+01  2.7464810e-11  2.74648e-11  5.12660e-14  2.74135e-11
1.291939776e+01  2.7593973e-11  2.75940e-11  5.07824e-14  2.75432e-11
1.298399475e+01  2.7721270e-11  2.77213e-11  5.03032e-14  2.76710e-11
1.304891473e+01  2.7846684e-11  2.78467e-11  4.98285e-14  2.77969e-11
1.311415930e+01  2.7970197e-11  2.79702e-11  4.93581e-14  2.79208e-11
1.317973010e+01  2.8091796e-11  2.80918e-11  4.88920e-14  2.80429e-11
1.324562875e+01  2.8211463e-11  2.82115e-11  4.84302e-14  2.81630e-11
1.331185689e+01  2.8329185e-11  2.83292e-11  4.79726e-14  2.82812e-11
1.337841618e+01  2.8444947e-11  2.84449e-11  4.75193e-14  2.83974e-11
1.344530826e+01  2.8558735e-11  2.85587e-11  4.70701e-14  2.85117e-11
1.351253480e+01  2.8670537e-11  2.86705e-11  4.66250e-14  2.86239e-11
1.358009747e+01  2.8780339e-11  2.87803e-11  4.61840e-14  2.87342e-11
1.364799796e+01  2.8888131e-11  2.88881e-11  4.57471e-14  2.88424e-11
1.371623795e+01  2.8993901e-11  2.89939e-11  4.53143e-14  2.89486e-11
1.378481914e+01  2.9097637e-11  2.90976e-11  4.48854e-14  2.90528e-11
1.385374323e+01  2.9199330e-11  2.91993e-11  4.44604e-14  2.91549e-11
1.392301195e+01  2.9298969e-11  2.92990e-11  4.40394e-14  2.92549e-11
1.399262701e+01  2.9396547e-11  2.93965e-11  4.36223e-14  2.93529e-11
1.406259015e+01  2.9492053e-11  2.94921e-11  4.32090e-14  2.94488e-11
1.413290310e+01  2.9585481e-11  2.95855e-11  4.27995e-14  2.95427e-11
1.420356761e+01  2.9676822e-11  2.96768e-11  4.23939e-14  2.96344e-11
1.427458545e+01  2.9766071e-11  2.97661e-11  4.19919e-14  2.97241e-11
1.434595838e+01  2.9853219e-11  2.98532e-11  4.15937e-14  2.98116e-11
1.441768817e+01  2.9938262e-11  2.99383e-11  4.11992e-14  2.98971e-11
1.448977661e+01  3.0021194e-11  3.00212e-11  4.08083e-14  2.99804e-11
1.456222549e+01  3.0102011e-11  3.01020e-11  4.04210e-14  3.00616e-11
1.463503662e+01  3.0180707e-11  3.01807e-11  4.00373e-14  3.01407e-11
1.470821180e+01  3.0257280e-11  3.02573e-11  3.96572e-14  3.02176e-11
1.478175286e+01  3.0331727e-11  3.03317e-11  3.92806e-14  3.02924e-11
1.485566163e+01  3.0404044e-11  3.04040e-11  3.89074e-14  3.03651e-11
1.492993994e+01  3.0474229e-11  3.04742e-11  3.85378e-14  3.04357e-11
1.500458964e+01  3.0542281e-11  3.05423e-11  3.81715e-14  3.05041e-11
1.507961258e+01  3.0608199e-11  3.06082e-11  3.78087e-14  3.05704e-11
1.515501065e+01  3.0671981e-11  3.06720e-11  3.74492e-14  3.06345e-11
1.523078570e+01  3.0733629e-11  3.07336e-11  3.70931e-14  3.06965e-11
1.530693963e+01  3.0793141e-11  3.07931e-11  3.67403e-14  3.07564e-11
1.538347433e+01  3.0850520e-11  3.08505e-11  3.63907e-14  3.08141e-11
1.546039170e+01  3.0905766e-11  3.09058e-11  3.60444e-14  3.08697e-11
1.553769366e+01  3.0958881e-11  3.09589e-11  3.57014e-14  3.09232e-11
1.561538212e+01  3.1009867e-11  3.10099e-11  3.53615e-14  3.09745e-11
1.569345903e+01  3.1058727e-11  3.10587e-11  3.50248e-14  3.10237e-11
1.577192633e+01  3.1105464e-11  3.11055e-11  3.46912e-14  3.10708e-11
1.585078596e+01  3.1150082e-11  3.11501e-11  3.43607e-14  3.11157e-11
1.593003989e+01  3.1192585e-11  3.11926e-11  3.40333e-14  3.11586e-11
1.600969009e+01  3.1232977e-11  3.12330e-11  3.37089e-14  3.11993e-11
1.608973854e+01  3.1271264e-11  3.12713e-11  3.33876e-14  3.12379e-11
1.617018723e+01  3.1307450e-11  3.13074e-11  3.30693e-14  3.12744e-11
1.625103817e+01  3.1341541e-11  3.13415e-11  3.27539e-14  3.13088e-11
1.633229336e+01  3.1373543e-11  3.13735e-11  3.24415e-14  3.13411e-11
1.641395483e+01  3.1403464e-11  3.14035e-11  3.21320e-14  3.13713e-11
1.649602460e+01  3.1431310e-11  3.14313e-11  3.18254e-14  3.13995e-11
1.657850473e+01  3.1457088e-11  3.14571e-11  3.15216e-14  3.14256e-11
1.666139725e+01  3.1480807e-11  3.14808e-11  3.12207e-14  3.14496e-11
1.674470424e+01  3.1502473e-11  3.15025e-11  3.09226e-14  3.14716e-11
1.682842776e+01  3.1522097e-11  3.15221e-11  3.06273e-14  3.14915e-11
1.691256990e+01  3.1539686e-11  3.15397e-11  3.03347e-14  3.15094e-11
1.699713274e+01  3.1555250e-11  3.15552e-11  3.00449e-14  3.15252e-11
1.708211841e+01  3.1568798e-11  3.15688e-11  2.97578e-14  3.15390e-11
1.716752900e+01  3.1580341e-11  3.15803e-11  2.94734e-14  3.15509e-11
1.725336665e+01  3.1589888e-11  3.15899e-11  2.91916e-14  3.15607e-11
1.733963348e+01  3.1597451e-11  3.15975e-11  2.89125e-14  3.15685e-11
1.742633165e+01  3.1603039e-11  3.16030e-11  2.86360e-14  3.15744e-11
1.751346330e+01  3.1606665e-11  3.16067e-11  2.83621e-14  3.15783e-11
1.760103062e+01  3.1608340e-11  3.16083e-11  2.80908e-14  3.15802e-11
1.768903577e+01  3.1608075e-11  3.16081e-11  2.78220e-14  3.15803e-11
1.777748095e+01  3.1605883e-11  3.16059e-11  2.75557e-14  3.15783e-11
1.786636836e+01  3.1601776e-11  3.16018e-11  2.72919e-14  3.15745e-11
1.795570020e+01  3.1595766e-11  3.15958e-11  2.70306e-14  3.15687e-11
1.804547870e+01  3.1587868e-11  3.15879e-11  2.67718e-14  3.15611e-11
1.813570609e+01  3.1578093e-11  3.15781e-11  2.65154e-14  3.15516e-11
1.822638462e+01  3.1566456e-11  3.15665e-11  2.62614e-14  3.15402e-11
1.831751655e+01  3.1552970e-11  3.15530e-11  2.60098e-14  3.15270e-11
1.840910413e+01  3.1537648e-11  3.15376e-11  2.57605e-14  3.15119e-11
1.850114965e+01  3.1520506e-11  3.15205e-11  2.55136e-14  3.14950e-11
1.859365540e+01  3.1501558e-11  3.15016e-11  2.52690e-14  3.14763e-11
1.868662368e+01  3.1480817e-11  3.14808e-11  2.50267e-14  3.14558e-11
1.878005679e+01  3.1458300e-11  3.14583e-11  2.47867e-14  3.14335e-11
1.887395708e+01  3.1434021e-11  3.14340e-11  2.45490e-14  3.14095e-11
1.896832686e+01  3.1407995e-11  3.14080e-11  2.43135e-14  3.13837e-11
1.906316850e+01  3.1380238e-11  3.13802e-11  2.40802e-14  3.13562e-11
1.915848434e+01  3.1350765e-11  3.13508e-11  2.38491e-14  3.13269e-11
1.925427676e+01  3.1319593e-11  3.13196e-11  2.36202e-14  3.12960e-11
1.935054815e+01  3.1286737e-11  3.12867e-11  2.33934e-14  3.12633e-11
1.944730089e+01  3.1252213e-11  3.12522e-11  2.31688e-14  3.12290e-11
1.954453739e+01  3.1216037e-11  3.12160e-11  2.29463e-14  3.11931e-11
1.964226008e+01  3.1178227e-11  3.11782e-11  2.27259e-14  3.11555e-11
1.974047138e+01  3.1138798e-11  3.11388e-11  2.25076e-14  3.11163e-11
1.983917374e+01  3.1097768e-11  3.10978e-11  2.22913e-14  3.10755e-11
1.993836960e+01  3.1055153e-11  3.10552e-11  2.20771e-14  3.10331e-11
2.003806145e+01  3.1010970e-11  3.10110e-11  2.18649e-14  3.09891e-11
2.013825176e+01  3.0965237e-11  3.09652e-11  2.16547e-14  3.09436e-11
2.023894302e+01  3.0917970e-11  3.09180e-11  2.14465e-14  3.08965e-11
2.034013773e+01  3.0869187e-11  3.08692e-11  2.12403e-14  3.08479e-11
2.044183842e+01  3.0818905e-11  3.08189e-11  2.10360e-14  3.07979e-11
2.054404761e+01  3.0767143e-11  3.07671e-11  2.08336e-14  3.07463e-11
2.064676785e+01  3.0713916e-11  3.07139e-11  2.06332e-14  3.06933e-11
2.075000169e+01  3.0659244e-11  3.06592e-11  2.04347e-14  3.06388e-11
2.085375170e+01  3.0603144e-11  3.06031e-11  2.02380e-14  3.05829e-11
2.095802046e+01  3.0545633e-11  3.05456e-11  2.00432e-14  3.05256e-11
2.106281056e+01  3.0486730e-11  3.04867e-11  1.98502e-14  3.04669e-11
2.116812461e+01  3.0426453e-11  3.04265e-11  1.96591e-14  3.04068e-11
2.127396524e+01  3.0364820e-11  3.03648e-11  1.94698e-14  3.03453e-11
2.138033506e+01  3.0301848e-11  3.03018e-11  1.92823e-14  3.02826e-11
2.148723674e+01  3.0237556e-11  3.02376e-11  1.90965e-14  3.02185e-11
2.159467292e+01  3.0171962e-11  3.01720e-11  1.89125e-14  3.01530e-11
2.170264629e+01  3.0105084e-11  3.01051e-11  1.87303e-14  3.00864e-11
2.181115952e+01  3.0036940e-11  3.00369e-11  1.85498e-14  3.00184e-11
2.192021532e+01  2.9967549e-11  2.99675e-11  1.83710e-14  2.99492e-11
2.202981639e+01  2.9896929e-11  2.98969e-11  1.81939e-14  2.98787e-11
2.213996547e+01  2.9825098e-11  2.98251e-11  1.80185e-14  2.98071e-11
2.225066530e+01  2.9752075e-11  2.97521e-11  1.78447e-14  2.97342e-11
2.236191863e+01  2.9677877e-11  2.96779e-11  1.76726e-14  2.96602e-11
2.247372822e+01  2.9602523e-11  2.96025e-11  1.75021e-14  2.95850e-11
2.258609686e+01  2.9526031e-11  2.95260e-11  1.73333e-14  2.95087e-11
2.269902735e+01  2.9448420e-11  2.94484e-11  1.71660e-14  2.94313e-11
2.281252248e+01  2.9369707e-11  2.93697e-11  1.70004e-14  2.93527e-11
2.292658510e+01  2.9289911e-11  2.92899e-11  1.68363e-14  2.92731e-11
2.304121802e+01  2.9209051e-11  2.92091e-11  1.66738e-14  2.91924e-11
2.315642411e+01  2.9127143e-11  2.91271e-11  1.65128e-14  2.91106e-11
2.327220623e+01  2.9044207e-11  2.90442e-11  1.63533e-14  2.90279e-11
2.338856726e+01  2.8960260e-11  2.89603e-11  1.61954e-14  2.89441e-11
2.350551010e+01  2.8875321e-11  2.88753e-11  1.60390e-14  2.88593e-11
2.362303765e+01  2.8789408e-11  2.87894e-11  1.58840e-14  2.87735e-11
2.374115284e+01  2.8702538e-11  2.87025e-11  1.57306e-14  2.86868e-11
2.385985860e+01  2.8614729e-11  2.86147e-11  1.55786e-14  2.85992e-11
2.397915789e+01  2.8526000e-11  2.85260e-11  1.54280e-14  2.85106e-11
2.409905368e+01  2.8436368e-11  2.84364e-11  1.52789e-14  2.84211e-11
2.421954895e+01  2.8345851e-11  2.83459e-11  1.51312e-14  2.83307e-11
2.434064670e+01  2.8254466e-11  2.82545e-11  1.49849e-14  2.82395e-11
2.446234993e+01  2.8162231e-11  2.81622e-11  1.48400e-14  2.81474e-11
2.458466168e+01  2.8069164e-11  2.80692e-11  1.46965e-14  2.80545e-11
2.470758499e+01  2.7975282e-11  2.79753e-11  1.45544e-14  2.79607e-11
2.483112291e+01  2.7880603e-11  2.78806e-11  1.44136e-14  2.78662e-11
2.495527853e+01  2.7785143e-11  2.77851e-11  1.42742e-14  2.77709e-11
