# ------------------------------------------------------------------------
# Radiance spectrum
# NASA-GSFC Planetary Spectrum Generator (PSG) (Villanueva et al. 2018, 2022)
# Synthesized on Sat Dec 23 00:41:03 2023
# Doppler velocities [km/s] (vobs,vrot+vorb,vwidth,vrfl,vstr): 0.00000,-0.00000,0.00000,-119.41115,-0.00000
# Spectral unit: Wavelength [um]
# Radiance unit: Spectral irradiance [W/m2/um]
# Wave/freq Total Object Reflected Thermal
5.000000000e-01  5.7578142e-13  5.75781e-13  5.75781e-13  2.04342e-47
5.025000000e-01  6.0812378e-13  6.08124e-13  6.08124e-13  3.24755e-47
5.050125000e-01  6.2937398e-13  6.29374e-13  6.29374e-13  5.15730e-47
5.075375625e-01  6.4927833e-13  6.49278e-13  6.49278e-13  8.17240e-47
5.100752503e-01  6.6966808e-13  6.69668e-13  6.69668e-13  1.29190e-46
5.126256266e-01  6.9529481e-13  6.95295e-13  6.95295e-13  2.03602e-46
5.151887547e-01  7.2142548e-13  7.21425e-13  7.21425e-13  3.20112e-46
5.177646985e-01  7.4749736e-13  7.47497e-13  7.47497e-13  5.02142e-46
5.203535220e-01  7.7414704e-13  7.74147e-13  7.74147e-13  7.85819e-46
5.229552896e-01  8.0178846e-13  8.01788e-13  8.01788e-13  1.22679e-45
5.255700660e-01  8.2960769e-13  8.29608e-13  8.29608e-13  1.91084e-45
5.281979164e-01  8.5667760e-13  8.56678e-13  8.56678e-13  2.96991e-45
5.308389059e-01  8.8515766e-13  8.85158e-13  8.85158e-13  4.60473e-45
5.334931005e-01  9.1600782e-13  9.16008e-13  9.16008e-13  7.12130e-45
5.361605660e-01  9.4661824e-13  9.46618e-13  9.46618e-13  1.09891e-44
5.388413688e-01  9.7645073e-13  9.76451e-13  9.76451e-13  1.69220e-44
5.415355756e-01  1.0068679e-12  1.00687e-12  1.00687e-12  2.59985e-44
5.442432535e-01  1.0377839e-12  1.03778e-12  1.03778e-12  3.98536e-44
5.469644698e-01  1.0657430e-12  1.06574e-12  1.06574e-12  6.09822e-44
5.496992921e-01  1.0926271e-12  1.09263e-12  1.09263e-12  9.31222e-44
5.524477886e-01  1.1237110e-12  1.12371e-12  1.12371e-12  1.41818e-43
5.552100275e-01  1.1553635e-12  1.15536e-12  1.15536e-12  2.15498e-43
5.579860777e-01  1.1835643e-12  1.18356e-12  1.18356e-12  3.26898e-43
5.607760081e-01  1.2119073e-12  1.21191e-12  1.21191e-12  4.94820e-43
5.635798881e-01  1.2401076e-12  1.24011e-12  1.24011e-12  7.47422e-43
5.663977875e-01  1.2685263e-12  1.26853e-12  1.26853e-12  1.12656e-42
5.692297765e-01  1.2971587e-12  1.29716e-12  1.29716e-12  1.69440e-42
5.720759254e-01  1.3235354e-12  1.32354e-12  1.32354e-12  2.54381e-42
5.749363050e-01  1.3491272e-12  1.34913e-12  1.34913e-12  3.81145e-42
5.778109865e-01  1.3761207e-12  1.37612e-12  1.37612e-12  5.69792e-42
5.807000414e-01  1.4021176e-12  1.40212e-12  1.40212e-12  8.50151e-42
5.836035417e-01  1.4240700e-12  1.42407e-12  1.42407e-12  1.26646e-41
5.865215594e-01  1.4476763e-12  1.44768e-12  1.44768e-12  1.88238e-41
5.894541672e-01  1.4728644e-12  1.47286e-12  1.47286e-12  2.79160e-41
5.924014380e-01  1.4965795e-12  1.49658e-12  1.49658e-12  4.13230e-41
5.953634452e-01  1.5195868e-12  1.51959e-12  1.51959e-12  6.10502e-41
5.983402624e-01  1.5387496e-12  1.53875e-12  1.53875e-12  9.00537e-41
6.013319637e-01  1.5578372e-12  1.55784e-12  1.55784e-12  1.32570e-40
6.043386235e-01  1.5767427e-12  1.57674e-12  1.57674e-12  1.94773e-40
6.073603167e-01  1.5978140e-12  1.59781e-12  1.59781e-12  2.85522e-40
6.103971182e-01  1.6195407e-12  1.61954e-12  1.61954e-12  4.17691e-40
6.134491038e-01  1.6403759e-12  1.64038e-12  1.64038e-12  6.09900e-40
6.165163494e-01  1.6576963e-12  1.65770e-12  1.65770e-12  8.89170e-40
6.195989311e-01  1.6713351e-12  1.67134e-12  1.67134e-12  1.29432e-39
6.226969258e-01  1.6895478e-12  1.68955e-12  1.68955e-12  1.87943e-39
6.258104104e-01  1.7073252e-12  1.70733e-12  1.70733e-12  2.72391e-39
6.289394624e-01  1.7217846e-12  1.72178e-12  1.72178e-12  3.94168e-39
6.320841597e-01  1.7395031e-12  1.73950e-12  1.73950e-12  5.69084e-39
6.352445805e-01  1.7584863e-12  1.75849e-12  1.75849e-12  8.19939e-39
6.384208035e-01  1.7724847e-12  1.77248e-12  1.77248e-12  1.17978e-38
6.416129075e-01  1.7868501e-12  1.78685e-12  1.78685e-12  1.69426e-38
6.448209720e-01  1.8013684e-12  1.80137e-12  1.80137e-12  2.42847e-38
6.480450769e-01  1.8157115e-12  1.81571e-12  1.81571e-12  3.47440e-38
6.512853022e-01  1.8296554e-12  1.82966e-12  1.82966e-12  4.96173e-38
6.545417288e-01  1.8431934e-12  1.84319e-12  1.84319e-12  7.07293e-38
6.578144374e-01  1.8572073e-12  1.85721e-12  1.85721e-12  1.00633e-37
6.611035096e-01  1.8700291e-12  1.87003e-12  1.87003e-12  1.42934e-37
6.644090271e-01  1.8806342e-12  1.88063e-12  1.88063e-12  2.02693e-37
6.677310723e-01  1.8949557e-12  1.89496e-12  1.89496e-12  2.86799e-37
6.710697276e-01  1.9088600e-12  1.90886e-12  1.90886e-12  4.05087e-37
6.744250763e-01  1.9200731e-12  1.92007e-12  1.92007e-12  5.71293e-37
6.777972017e-01  1.9278795e-12  1.92788e-12  1.92788e-12  8.04536e-37
6.811861877e-01  1.9357819e-12  1.93578e-12  1.93578e-12  1.13096e-36
6.845921186e-01  1.9452730e-12  1.94527e-12  1.94527e-12  1.58674e-36
6.880150792e-01  1.9536082e-12  1.95361e-12  1.95361e-12  2.22252e-36
6.914551546e-01  1.9612373e-12  1.96124e-12  1.96124e-12  3.10778e-36
6.949124304e-01  1.9679216e-12  1.96792e-12  1.96792e-12  4.33845e-36
6.983869925e-01  1.9793509e-12  1.97935e-12  1.97935e-12  6.04291e-36
7.018789275e-01  1.9881050e-12  1.98811e-12  1.98811e-12  8.40472e-36
7.053883221e-01  1.9941577e-12  1.99416e-12  1.99416e-12  1.16727e-35
7.089152637e-01  1.9992450e-12  1.99925e-12  1.99925e-12  1.61850e-35
7.124598400e-01  2.0035947e-12  2.00359e-12  2.00359e-12  2.24048e-35
7.160221392e-01  2.0080282e-12  2.00803e-12  2.00803e-12  3.09618e-35
7.196022499e-01  2.0139693e-12  2.01397e-12  2.01397e-12  4.27077e-35
7.232002612e-01  2.0189370e-12  2.01894e-12  2.01894e-12  5.88160e-35
7.268162625e-01  2.0244728e-12  2.02447e-12  2.02447e-12  8.08594e-35
7.304503438e-01  2.0303434e-12  2.03034e-12  2.03034e-12  1.10975e-34
7.341025955e-01  2.0339173e-12  2.03392e-12  2.03392e-12  1.52088e-34
7.377731085e-01  2.0348178e-12  2.03482e-12  2.03482e-12  2.08144e-34
7.414619740e-01  2.0339895e-12  2.03399e-12  2.03399e-12  2.84440e-34
7.451692839e-01  2.0319046e-12  2.03190e-12  2.03190e-12  3.88113e-34
7.488951303e-01  2.0275895e-12  2.02759e-12  2.02759e-12  5.28824e-34
7.526396060e-01  2.0229710e-12  2.02297e-12  2.02297e-12  7.19402e-34
7.564028040e-01  2.0197502e-12  2.01975e-12  2.01975e-12  9.76940e-34
7.601848180e-01  2.0189125e-12  2.01891e-12  2.01891e-12  1.32423e-33
7.639857421e-01  2.0116951e-12  2.01170e-12  2.01170e-12  1.79322e-33
7.678056708e-01  2.0100361e-12  2.01004e-12  2.01004e-12  2.42313e-33
7.716446992e-01  2.0049125e-12  2.00491e-12  2.00491e-12  3.27022e-33
7.755029227e-01  1.9934880e-12  1.99349e-12  1.99349e-12  4.40919e-33
7.793804373e-01  1.9887519e-12  1.98875e-12  1.98875e-12  5.93163e-33
7.832773395e-01  1.9768404e-12  1.97684e-12  1.97684e-12  7.97283e-33
7.871937262e-01  1.9705360e-12  1.97054e-12  1.97054e-12  1.06940e-32
7.911296948e-01  1.9669064e-12  1.96691e-12  1.96691e-12  1.43180e-32
7.950853433e-01  1.9559574e-12  1.95596e-12  1.95596e-12  1.91541e-32
7.990607700e-01  1.9516427e-12  1.95164e-12  1.95164e-12  2.55682e-32
8.030560739e-01  1.9401167e-12  1.94012e-12  1.94012e-12  3.41017e-32
8.070713542e-01  1.9292935e-12  1.92929e-12  1.92929e-12  4.54114e-32
8.111067110e-01  1.9198002e-12  1.91980e-12  1.91980e-12  6.03728e-32
8.151622446e-01  1.9062995e-12  1.90630e-12  1.90630e-12  8.01737e-32
8.192380558e-01  1.9039626e-12  1.90396e-12  1.90396e-12  1.06197e-31
8.233342461e-01  1.8787002e-12  1.87870e-12  1.87870e-12  1.40764e-31
8.274509173e-01  1.8654810e-12  1.86548e-12  1.86548e-12  1.86094e-31
8.315881719e-01  1.8584767e-12  1.85848e-12  1.85848e-12  2.45516e-31
8.357461127e-01  1.8434731e-12  1.84347e-12  1.84347e-12  3.23681e-31
8.399248433e-01  1.8338232e-12  1.83382e-12  1.83382e-12  4.25897e-31
8.441244675e-01  1.8247908e-12  1.82479e-12  1.82479e-12  5.59549e-31
8.483450899e-01  1.8145037e-12  1.81450e-12  1.81450e-12  7.34169e-31
8.525868153e-01  1.8053401e-12  1.80534e-12  1.80534e-12  9.61804e-31
8.568497494e-01  1.7948010e-12  1.79480e-12  1.79480e-12  1.25838e-30
8.611339981e-01  1.7826370e-12  1.78264e-12  1.78264e-12  1.64433e-30
8.654396681e-01  1.7738596e-12  1.77386e-12  1.77386e-12  2.14494e-30
8.697668665e-01  1.7685992e-12  1.76860e-12  1.76860e-12  2.79313e-30
8.741157008e-01  1.7553330e-12  1.75533e-12  1.75533e-12  3.63481e-30
8.784862793e-01  1.7414535e-12  1.74145e-12  1.74145e-12  4.72382e-30
8.828787107e-01  1.7329785e-12  1.73298e-12  1.73298e-12  6.12755e-30
8.872931042e-01  1.7232697e-12  1.72327e-12  1.72327e-12  7.93840e-30
8.917295698e-01  1.7138331e-12  1.71383e-12  1.71383e-12  1.02701e-29
8.961882176e-01  1.7086796e-12  1.70868e-12  1.70868e-12  1.32633e-29
9.006691587e-01  1.6976641e-12  1.69766e-12  1.69766e-12  1.71150e-29
9.051725045e-01  1.6889314e-12  1.68893e-12  1.68893e-12  2.20508e-29
9.096983670e-01  1.6814805e-12  1.68148e-12  1.68148e-12  2.83686e-29
9.142468589e-01  1.6746863e-12  1.67469e-12  1.67469e-12  3.64457e-29
9.188180931e-01  1.6627970e-12  1.66280e-12  1.66280e-12  4.67824e-29
9.234121836e-01  1.6578217e-12  1.65782e-12  1.65782e-12  5.99333e-29
9.280292445e-01  1.6515061e-12  1.65151e-12  1.65151e-12  7.66898e-29
9.326693908e-01  1.6409826e-12  1.64098e-12  1.64098e-12  9.80411e-29
9.373327377e-01  1.6327488e-12  1.63275e-12  1.63275e-12  1.25147e-28
9.420194014e-01  1.6245579e-12  1.62456e-12  1.62456e-12  1.59541e-28
9.467294984e-01  1.6144185e-12  1.61442e-12  1.61442e-12  2.03162e-28
9.514631459e-01  1.6096805e-12  1.60968e-12  1.60968e-12  2.58249e-28
9.562204616e-01  1.6054818e-12  1.60548e-12  1.60548e-12  3.27839e-28
9.610015639e-01  1.6012006e-12  1.60120e-12  1.60120e-12  4.15657e-28
9.658065718e-01  1.5887715e-12  1.58877e-12  1.58877e-12  5.26731e-28
9.706356046e-01  1.5847099e-12  1.58471e-12  1.58471e-12  6.66134e-28
9.754887826e-01  1.5818075e-12  1.58181e-12  1.58181e-12  8.41289e-28
9.803662265e-01  1.5742481e-12  1.57425e-12  1.57425e-12  1.06164e-27
9.852680577e-01  1.5624202e-12  1.56242e-12  1.56242e-12  1.33858e-27
9.901943980e-01  1.5594192e-12  1.55942e-12  1.55942e-12  1.68431e-27
9.951453700e-01  1.5507965e-12  1.55080e-12  1.55080e-12  2.11784e-27
1.000121097e+00  1.5429742e-12  1.54297e-12  1.54297e-12  2.65953e-27
1.005121702e+00  1.5369333e-12  1.53693e-12  1.53693e-12  3.33518e-27
1.010147311e+00  1.5320537e-12  1.53205e-12  1.53205e-12  4.17698e-27
1.015198047e+00  1.5245342e-12  1.52453e-12  1.52453e-12  5.22627e-27
1.020274038e+00  1.5263725e-12  1.52637e-12  1.52637e-12  6.52565e-27
1.025375408e+00  1.5259255e-12  1.52593e-12  1.52593e-12  8.14015e-27
1.030502285e+00  1.5235704e-12  1.52357e-12  1.52357e-12  1.01439e-26
1.035654796e+00  1.5174924e-12  1.51749e-12  1.51749e-12  1.26304e-26
1.040833070e+00  1.5191277e-12  1.51913e-12  1.51913e-12  1.56967e-26
1.046037236e+00  1.5149793e-12  1.51498e-12  1.51498e-12  1.94953e-26
1.051267422e+00  1.5067738e-12  1.50677e-12  1.50677e-12  2.41943e-26
1.056523759e+00  1.5047995e-12  1.50480e-12  1.50480e-12  2.99738e-26
1.061806378e+00  1.4984155e-12  1.49842e-12  1.49842e-12  3.71068e-26
1.067115410e+00  1.4949853e-12  1.49499e-12  1.49499e-12  4.58721e-26
1.072450987e+00  1.4960514e-12  1.49605e-12  1.49605e-12  5.66192e-26
1.077813242e+00  1.4912866e-12  1.49129e-12  1.49129e-12  6.98441e-26
1.083202308e+00  1.4937536e-12  1.49375e-12  1.49375e-12  8.60018e-26
1.088618319e+00  1.4966088e-12  1.49661e-12  1.49661e-12  1.05775e-25
1.094061411e+00  1.4946153e-12  1.49462e-12  1.49462e-12  1.30009e-25
1.099531718e+00  1.4969444e-12  1.49694e-12  1.49694e-12  1.59553e-25
1.105029377e+00  1.4908975e-12  1.49090e-12  1.49090e-12  1.95752e-25
1.110554523e+00  1.4959044e-12  1.49590e-12  1.49590e-12  2.39644e-25
1.116107296e+00  1.4949189e-12  1.49492e-12  1.49492e-12  2.93228e-25
1.121687832e+00  1.4971516e-12  1.49715e-12  1.49715e-12  3.58291e-25
1.127296272e+00  1.4920286e-12  1.49203e-12  1.49203e-12  4.37631e-25
1.132932753e+00  1.4893103e-12  1.48931e-12  1.48931e-12  5.33840e-25
1.138597417e+00  1.4885119e-12  1.48851e-12  1.48851e-12  6.50381e-25
1.144290404e+00  1.4964790e-12  1.49648e-12  1.49648e-12  7.90835e-25
1.150011856e+00  1.4969042e-12  1.49690e-12  1.49690e-12  9.61315e-25
1.155761915e+00  1.4964408e-12  1.49644e-12  1.49644e-12  1.16741e-24
1.161540725e+00  1.5021305e-12  1.50213e-12  1.50213e-12  1.41534e-24
1.167348428e+00  1.5016167e-12  1.50162e-12  1.50162e-12  1.71519e-24
1.173185171e+00  1.5046979e-12  1.50470e-12  1.50470e-12  2.07565e-24
1.179051096e+00  1.5066552e-12  1.50666e-12  1.50666e-12  2.50955e-24
1.184946352e+00  1.5144504e-12  1.51445e-12  1.51445e-12  3.02923e-24
1.190871084e+00  1.5170082e-12  1.51701e-12  1.51701e-12  3.65471e-24
1.196825439e+00  1.5115436e-12  1.51154e-12  1.51154e-12  4.40843e-24
1.202809566e+00  1.5154081e-12  1.51541e-12  1.51541e-12  5.30715e-24
1.208823614e+00  1.5281762e-12  1.52818e-12  1.52818e-12  6.37679e-24
1.214867732e+00  1.5343894e-12  1.53439e-12  1.53439e-12  7.65940e-24
1.220942071e+00  1.5447343e-12  1.54473e-12  1.54473e-12  9.18682e-24
1.227046781e+00  1.5550444e-12  1.55504e-12  1.55504e-12  1.10078e-23
1.233182015e+00  1.5630961e-12  1.56310e-12  1.56310e-12  1.31797e-23
1.239347925e+00  1.5669172e-12  1.56692e-12  1.56692e-12  1.57714e-23
1.245544665e+00  1.5691980e-12  1.56920e-12  1.56920e-12  1.88573e-23
1.251772388e+00  1.5786411e-12  1.57864e-12  1.57864e-12  2.25078e-23
1.258031250e+00  1.5812533e-12  1.58125e-12  1.58125e-12  2.68582e-23
1.264321406e+00  1.5873701e-12  1.58737e-12  1.58737e-12  3.20065e-23
1.270643013e+00  1.5952123e-12  1.59521e-12  1.59521e-12  3.80976e-23
1.276996228e+00  1.6033505e-12  1.60335e-12  1.60335e-12  4.53026e-23
1.283381209e+00  1.6051903e-12  1.60519e-12  1.60519e-12  5.38554e-23
1.289798116e+00  1.6173746e-12  1.61737e-12  1.61737e-12  6.38899e-23
1.296247106e+00  1.6219872e-12  1.62199e-12  1.62199e-12  7.57845e-23
1.302728342e+00  1.6288324e-12  1.62883e-12  1.62883e-12  8.97867e-23
1.309241983e+00  1.6341591e-12  1.63416e-12  1.63416e-12  1.06294e-22
1.315788193e+00  1.6438140e-12  1.64381e-12  1.64381e-12  1.25657e-22
1.322367134e+00  1.6495084e-12  1.64951e-12  1.64951e-12  1.48474e-22
1.328978970e+00  1.6555999e-12  1.65560e-12  1.65560e-12  1.75265e-22
1.335623865e+00  1.6622919e-12  1.66229e-12  1.66229e-12  2.06684e-22
1.342301984e+00  1.6689497e-12  1.66895e-12  1.66895e-12  2.43512e-22
1.349013494e+00  1.6746368e-12  1.67464e-12  1.67464e-12  2.86672e-22
1.355758561e+00  1.6837118e-12  1.68371e-12  1.68371e-12  3.37043e-22
1.362537354e+00  1.6904608e-12  1.69046e-12  1.69046e-12  3.96011e-22
1.369350041e+00  1.6924463e-12  1.69245e-12  1.69245e-12  4.65133e-22
1.376196791e+00  1.7000542e-12  1.70005e-12  1.70005e-12  5.45472e-22
1.383077775e+00  1.7074088e-12  1.70741e-12  1.70741e-12  6.39134e-22
1.389993164e+00  1.7127877e-12  1.71279e-12  1.71279e-12  7.48387e-22
1.396943130e+00  1.7268166e-12  1.72682e-12  1.72682e-12  8.74635e-22
1.403927846e+00  1.7194222e-12  1.71942e-12  1.71942e-12  1.02390e-21
1.410947485e+00  1.7120015e-12  1.71200e-12  1.71200e-12  1.19761e-21
1.418002222e+00  1.7045554e-12  1.70456e-12  1.70456e-12  1.39959e-21
1.425092233e+00  1.6970850e-12  1.69709e-12  1.69709e-12  1.63425e-21
1.432217694e+00  1.6895912e-12  1.68959e-12  1.68959e-12  1.90664e-21
1.439378783e+00  1.6820749e-12  1.68207e-12  1.68207e-12  2.22256e-21
1.446575677e+00  1.6745372e-12  1.67454e-12  1.67454e-12  2.58866e-21
1.453808555e+00  1.6669788e-12  1.66698e-12  1.66698e-12  3.01255e-21
1.461077598e+00  1.6594008e-12  1.65940e-12  1.65940e-12  3.50295e-21
1.468382986e+00  1.6518042e-12  1.65180e-12  1.65180e-12  4.06982e-21
1.475724901e+00  1.6441897e-12  1.64419e-12  1.64419e-12  4.72455e-21
1.483103525e+00  1.6365583e-12  1.63656e-12  1.63656e-12  5.48012e-21
1.490519043e+00  1.6289109e-12  1.62891e-12  1.62891e-12  6.35137e-21
1.497971638e+00  1.6212483e-12  1.62125e-12  1.62125e-12  7.35519e-21
1.505461496e+00  1.6135716e-12  1.61357e-12  1.61357e-12  8.51080e-21
1.512988804e+00  1.6058814e-12  1.60588e-12  1.60588e-12  9.84010e-21
1.520553748e+00  1.5981787e-12  1.59818e-12  1.59818e-12  1.13680e-20
1.528156517e+00  1.5904643e-12  1.59046e-12  1.59046e-12  1.31227e-20
1.535797299e+00  1.5827390e-12  1.58274e-12  1.58274e-12  1.51363e-20
1.543476286e+00  1.5750037e-12  1.57500e-12  1.57500e-12  1.74451e-20
1.551193667e+00  1.5672592e-12  1.56726e-12  1.56726e-12  2.00905e-20
1.558949636e+00  1.5595063e-12  1.55951e-12  1.55951e-12  2.31191e-20
1.566744384e+00  1.5517458e-12  1.55175e-12  1.55175e-12  2.65836e-20
1.574578106e+00  1.5439785e-12  1.54398e-12  1.54398e-12  3.05439e-20
1.582450996e+00  1.5362051e-12  1.53621e-12  1.53621e-12  3.50672e-20
1.590363251e+00  1.5284264e-12  1.52843e-12  1.52843e-12  4.02298e-20
1.598315067e+00  1.5206432e-12  1.52064e-12  1.52064e-12  4.61174e-20
1.606306643e+00  1.5128563e-12  1.51286e-12  1.51286e-12  5.28269e-20
1.614338176e+00  1.5050663e-12  1.50507e-12  1.50507e-12  6.04671e-20
1.622409867e+00  1.4972740e-12  1.49727e-12  1.49727e-12  6.91607e-20
1.630521916e+00  1.4894801e-12  1.48948e-12  1.48948e-12  7.90454e-20
1.638674526e+00  1.4816853e-12  1.48169e-12  1.48169e-12  9.02762e-20
1.646867898e+00  1.4738904e-12  1.47389e-12  1.47389e-12  1.03027e-19
1.655102238e+00  1.4660960e-12  1.46610e-12  1.46610e-12  1.17492e-19
1.663377749e+00  1.4583028e-12  1.45830e-12  1.45830e-12  1.33891e-19
1.671694638e+00  1.4505115e-12  1.45051e-12  1.45051e-12  1.52469e-19
1.680053111e+00  1.4427227e-12  1.44272e-12  1.44272e-12  1.73499e-19
1.688453377e+00  1.4349371e-12  1.43494e-12  1.43494e-12  1.97288e-19
1.696895643e+00  1.4271553e-12  1.42716e-12  1.42716e-12  2.24179e-19
1.705380122e+00  1.4193780e-12  1.41938e-12  1.41938e-12  2.54554e-19
1.713907022e+00  1.4116058e-12  1.41161e-12  1.41161e-12  2.88841e-19
1.722476557e+00  1.4038393e-12  1.40384e-12  1.40384e-12  3.27515e-19
1.731088940e+00  1.3960791e-12  1.39608e-12  1.39608e-12  3.71109e-19
1.739744385e+00  1.3883259e-12  1.38833e-12  1.38833e-12  4.20212e-19
1.748443107e+00  1.3805802e-12  1.38058e-12  1.38058e-12  4.75482e-19
1.757185322e+00  1.3728425e-12  1.37284e-12  1.37284e-12  5.37652e-19
1.765971249e+00  1.3651135e-12  1.36511e-12  1.36511e-12  6.07534e-19
1.774801105e+00  1.3573937e-12  1.35739e-12  1.35739e-12  6.86030e-19
1.783675111e+00  1.3496837e-12  1.34968e-12  1.34968e-12  7.74143e-19
1.792593486e+00  1.3419840e-12  1.34198e-12  1.34198e-12  8.72982e-19
1.801556454e+00  1.3342952e-12  1.33430e-12  1.33429e-12  9.83780e-19
1.810564236e+00  1.3266178e-12  1.32662e-12  1.32662e-12  1.10790e-18
1.819617057e+00  1.3189522e-12  1.31895e-12  1.31895e-12  1.24685e-18
1.828715142e+00  1.3112990e-12  1.31130e-12  1.31130e-12  1.40229e-18
1.837858718e+00  1.3036588e-12  1.30366e-12  1.30366e-12  1.57608e-18
1.847048012e+00  1.2960320e-12  1.29603e-12  1.29603e-12  1.77024e-18
1.856283252e+00  1.2884190e-12  1.28842e-12  1.28842e-12  1.98702e-18
1.865564668e+00  1.2808204e-12  1.28082e-12  1.28082e-12  2.22891e-18
1.874892491e+00  1.2732366e-12  1.27324e-12  1.27323e-12  2.49862e-18
1.884266954e+00  1.2656681e-12  1.26567e-12  1.26567e-12  2.79917e-18
1.893688289e+00  1.2581154e-12  1.25812e-12  1.25811e-12  3.13387e-18
1.903156730e+00  1.2505788e-12  1.25058e-12  1.25058e-12  3.50636e-18
1.912672514e+00  1.2430589e-12  1.24306e-12  1.24305e-12  3.92064e-18
1.922235876e+00  1.2355559e-12  1.23556e-12  1.23555e-12  4.38111e-18
1.931847056e+00  1.2280705e-12  1.22807e-12  1.22807e-12  4.89258e-18
1.941506291e+00  1.2206029e-12  1.22060e-12  1.22060e-12  5.46037e-18
1.951213822e+00  1.2131536e-12  1.21315e-12  1.21315e-12  6.09026e-18
1.960969892e+00  1.2057230e-12  1.20572e-12  1.20572e-12  6.78862e-18
1.970774741e+00  1.1983115e-12  1.19831e-12  1.19830e-12  7.56241e-18
1.980628615e+00  1.1909194e-12  1.19092e-12  1.19091e-12  8.41926e-18
1.990531758e+00  1.1835471e-12  1.18355e-12  1.18354e-12  9.36748e-18
2.000484417e+00  1.1761950e-12  1.17619e-12  1.17618e-12  1.04162e-17
2.010486839e+00  1.1688635e-12  1.16886e-12  1.16885e-12  1.15753e-17
2.020539273e+00  1.1615529e-12  1.16155e-12  1.16154e-12  1.28558e-17
2.030641969e+00  1.1542635e-12  1.15426e-12  1.15425e-12  1.42693e-17
2.040795179e+00  1.1469958e-12  1.14700e-12  1.14698e-12  1.58289e-17
2.050999155e+00  1.1397500e-12  1.13975e-12  1.13973e-12  1.75486e-17
2.061254151e+00  1.1325264e-12  1.13253e-12  1.13251e-12  1.94436e-17
2.071560421e+00  1.1253255e-12  1.12533e-12  1.12530e-12  2.15307e-17
2.081918224e+00  1.1181475e-12  1.11815e-12  1.11812e-12  2.38280e-17
2.092327815e+00  1.1109927e-12  1.11099e-12  1.11097e-12  2.63552e-17
2.102789454e+00  1.1038614e-12  1.10386e-12  1.10383e-12  2.91336e-17
2.113303401e+00  1.0967540e-12  1.09675e-12  1.09672e-12  3.21864e-17
2.123869918e+00  1.0896707e-12  1.08967e-12  1.08964e-12  3.55389e-17
2.134489268e+00  1.0826119e-12  1.08261e-12  1.08257e-12  3.92183e-17
2.145161714e+00  1.0755777e-12  1.07558e-12  1.07553e-12  4.32543e-17
2.155887523e+00  1.0685686e-12  1.06857e-12  1.06852e-12  4.76787e-17
2.166666960e+00  1.0615848e-12  1.06158e-12  1.06153e-12  5.25264e-17
2.177500295e+00  1.0546265e-12  1.05463e-12  1.05457e-12  5.78348e-17
2.188387796e+00  1.0476941e-12  1.04769e-12  1.04763e-12  6.36444e-17
2.199329735e+00  1.0407877e-12  1.04079e-12  1.04072e-12  6.99990e-17
2.210326384e+00  1.0339078e-12  1.03391e-12  1.03383e-12  7.69459e-17
2.221378016e+00  1.0270545e-12  1.02705e-12  1.02697e-12  8.45362e-17
2.232484906e+00  1.0202281e-12  1.02023e-12  1.02014e-12  9.28249e-17
2.243647331e+00  1.0134288e-12  1.01343e-12  1.01333e-12  1.01871e-16
2.254865567e+00  1.0066570e-12  1.00666e-12  1.00655e-12  1.11739e-16
2.266139895e+00  9.9991288e-13  9.99913e-13  9.99790e-13  1.22498e-16
2.277470595e+00  9.9319669e-13  9.93197e-13  9.93062e-13  1.34220e-16
2.288857948e+00  9.8650871e-13  9.86509e-13  9.86362e-13  1.46987e-16
2.300302237e+00  9.7984920e-13  9.79849e-13  9.79688e-13  1.60883e-16
2.311803748e+00  9.7321840e-13  9.73218e-13  9.73042e-13  1.76001e-16
2.323362767e+00  9.6661658e-13  9.66617e-13  9.66424e-13  1.92440e-16
2.334979581e+00  9.6004401e-13  9.60044e-13  9.59834e-13  2.10304e-16
2.346654479e+00  9.5350094e-13  9.53501e-13  9.53271e-13  2.29709e-16
2.358387751e+00  9.4698765e-13  9.46988e-13  9.46737e-13  2.50774e-16
2.370179690e+00  9.4050440e-13  9.40504e-13  9.40231e-13  2.73632e-16
2.382030589e+00  9.3405147e-13  9.34051e-13  9.33753e-13  2.98422e-16
2.393940742e+00  9.2762914e-13  9.27629e-13  9.27304e-13  3.25293e-16
2.405910445e+00  9.2123769e-13  9.21238e-13  9.20883e-13  3.54405e-16
2.417939997e+00  9.1487742e-13  9.14877e-13  9.14491e-13  3.85929e-16
2.430029697e+00  9.0854861e-13  9.08549e-13  9.08129e-13  4.20047e-16
2.442179846e+00  9.0225159e-13  9.02252e-13  9.01795e-13  4.56955e-16
2.454390745e+00  8.9598664e-13  8.95987e-13  8.95490e-13  4.96861e-16
2.466662699e+00  8.8975411e-13  8.89754e-13  8.89214e-13  5.39987e-16
2.478996012e+00  8.8355432e-13  8.83554e-13  8.82968e-13  5.86569e-16
2.491390992e+00  8.7738762e-13  8.77388e-13  8.76751e-13  6.36860e-16
2.503847947e+00  8.7125435e-13  8.71254e-13  8.70563e-13  6.91128e-16
2.516367187e+00  8.6515489e-13  8.65155e-13  8.64405e-13  7.49660e-16
2.528949023e+00  8.5908962e-13  8.59090e-13  8.58277e-13  8.12760e-16
2.541593768e+00  8.5305894e-13  8.53059e-13  8.52178e-13  8.80751e-16
2.554301737e+00  8.4706325e-13  8.47063e-13  8.46109e-13  9.53977e-16
2.567073246e+00  8.4110299e-13  8.41103e-13  8.40070e-13  1.03280e-15
2.579908612e+00  8.3517860e-13  8.35179e-13  8.34061e-13  1.11762e-15
2.592808155e+00  8.2929055e-13  8.29291e-13  8.28082e-13  1.20884e-15
2.605772196e+00  8.2343934e-13  8.23439e-13  8.22132e-13  1.30689e-15
2.618801057e+00  8.1762547e-13  8.17625e-13  8.16213e-13  1.41224e-15
2.631895062e+00  8.1184947e-13  8.11849e-13  8.10324e-13  1.52539e-15
2.645054537e+00  8.0611191e-13  8.06112e-13  8.04465e-13  1.64684e-15
2.658279810e+00  8.0041337e-13  8.00413e-13  7.98636e-13  1.77716e-15
2.671571209e+00  7.9475447e-13  7.94754e-13  7.92838e-13  1.91692e-15
2.684929065e+00  7.8913585e-13  7.89136e-13  7.87069e-13  2.06674e-15
2.698353710e+00  7.8355819e-13  7.83558e-13  7.81331e-13  2.22726e-15
2.711845479e+00  7.7802219e-13  7.78022e-13  7.75623e-13  2.39919e-15
2.725404706e+00  7.7252860e-13  7.72529e-13  7.69945e-13  2.58323e-15
2.739031730e+00  7.6707821e-13  7.67078e-13  7.64298e-13  2.78017e-15
2.752726889e+00  7.6167182e-13  7.61672e-13  7.58681e-13  2.99080e-15
2.766490523e+00  7.5631030e-13  7.56310e-13  7.53094e-13  3.21598e-15
2.780322976e+00  7.5099456e-13  7.50995e-13  7.47538e-13  3.45661e-15
2.794224591e+00  7.4572553e-13  7.45726e-13  7.42012e-13  3.71363e-15
2.808195713e+00  7.4050422e-13  7.40504e-13  7.36516e-13  3.98805e-15
2.822236692e+00  7.3533168e-13  7.35332e-13  7.31051e-13  4.28091e-15
2.836347875e+00  7.3020898e-13  7.30209e-13  7.25616e-13  4.59331e-15
2.850529615e+00  7.2513729e-13  7.25137e-13  7.20211e-13  4.92641e-15
2.864782263e+00  7.2011781e-13  7.20118e-13  7.14836e-13  5.28144e-15
2.879106174e+00  7.1515180e-13  7.15152e-13  7.09492e-13  5.65967e-15
2.893501705e+00  7.1024059e-13  7.10241e-13  7.04178e-13  6.06245e-15
2.907969214e+00  7.0538556e-13  7.05386e-13  6.98894e-13  6.49119e-15
2.922509060e+00  7.0058818e-13  7.00588e-13  6.93641e-13  6.94737e-15
2.937121605e+00  6.9584996e-13  6.95850e-13  6.88417e-13  7.43255e-15
2.951807213e+00  6.9117251e-13  6.91173e-13  6.83224e-13  7.94835e-15
2.966566249e+00  6.8655749e-13  6.86557e-13  6.78061e-13  8.49647e-15
2.981399080e+00  6.8200665e-13  6.82007e-13  6.72928e-13  9.07870e-15
2.996306076e+00  6.7752182e-13  6.77522e-13  6.67825e-13  9.69691e-15
3.011287606e+00  6.7310491e-13  6.73105e-13  6.62752e-13  1.03531e-14
3.026344044e+00  6.6875794e-13  6.68758e-13  6.57709e-13  1.10492e-14
3.041475764e+00  6.6448297e-13  6.64483e-13  6.52696e-13  1.17874e-14
3.056683143e+00  6.6028220e-13  6.60282e-13  6.47712e-13  1.25700e-14
3.071966559e+00  6.5615791e-13  6.56158e-13  6.42759e-13  1.33992e-14
3.087326392e+00  6.5211248e-13  6.52112e-13  6.37835e-13  1.42776e-14
3.102763024e+00  6.4814838e-13  6.48148e-13  6.32941e-13  1.52076e-14
3.118276839e+00  6.4426821e-13  6.44268e-13  6.28076e-13  1.61918e-14
3.133868223e+00  6.4047467e-13  6.40475e-13  6.23242e-13  1.72332e-14
3.149537564e+00  6.3677056e-13  6.36771e-13  6.18436e-13  1.83344e-14
3.165285252e+00  6.3315882e-13  6.33159e-13  6.13660e-13  1.94985e-14
3.181111678e+00  6.2964250e-13  6.29643e-13  6.08914e-13  2.07287e-14
3.197017237e+00  6.2622477e-13  6.26225e-13  6.04197e-13  2.20281e-14
3.213002323e+00  6.2290894e-13  6.22909e-13  5.99509e-13  2.34002e-14
3.229067334e+00  6.1969843e-13  6.19698e-13  5.94850e-13  2.48484e-14
3.245212671e+00  6.1659682e-13  6.16597e-13  5.90220e-13  2.63764e-14
3.261438734e+00  6.1360781e-13  6.13608e-13  5.85620e-13  2.79880e-14
3.277745928e+00  6.1073527e-13  6.10735e-13  5.81048e-13  2.96870e-14
3.294134658e+00  6.0798317e-13  6.07983e-13  5.76506e-13  3.14777e-14
3.310605331e+00  6.0535569e-13  6.05356e-13  5.71992e-13  3.33641e-14
3.327158358e+00  6.0285711e-13  6.02857e-13  5.67506e-13  3.53507e-14
3.343794149e+00  6.0049190e-13  6.00492e-13  5.63050e-13  3.74420e-14
3.360513120e+00  5.9826469e-13  5.98265e-13  5.58622e-13  3.96428e-14
3.377315686e+00  5.9618025e-13  5.96180e-13  5.54222e-13  4.19578e-14
3.394202264e+00  5.9424357e-13  5.94244e-13  5.49851e-13  4.43922e-14
3.411173276e+00  5.9245975e-13  5.92460e-13  5.45509e-13  4.69512e-14
3.428229142e+00  5.9083412e-13  5.90834e-13  5.41194e-13  4.96402e-14
3.445370288e+00  5.8937217e-13  5.89372e-13  5.36907e-13  5.24647e-14
3.462597139e+00  5.8807957e-13  5.88080e-13  5.32649e-13  5.54306e-14
3.479910125e+00  5.8696219e-13  5.86962e-13  5.28418e-13  5.85437e-14
3.497309675e+00  5.8602608e-13  5.86026e-13  5.24216e-13  6.18103e-14
3.514796224e+00  5.8527750e-13  5.85278e-13  5.20041e-13  6.52366e-14
3.532370205e+00  5.8472290e-13  5.84723e-13  5.15894e-13  6.88293e-14
3.550032056e+00  5.8436894e-13  5.84369e-13  5.11774e-13  7.25950e-14
3.567782216e+00  5.8422246e-13  5.84222e-13  5.07682e-13  7.65409e-14
3.585621127e+00  5.8429056e-13  5.84291e-13  5.03617e-13  8.06739e-14
3.603549233e+00  5.8458050e-13  5.84581e-13  4.99579e-13  8.50015e-14
3.621566979e+00  5.8509980e-13  5.85100e-13  4.95568e-13  8.95313e-14
3.639674814e+00  5.8585617e-13  5.85856e-13  4.91585e-13  9.42712e-14
3.657873188e+00  5.8685754e-13  5.86858e-13  4.87628e-13  9.92291e-14
3.676162554e+00  5.8811210e-13  5.88112e-13  4.83699e-13  1.04413e-13
3.694543367e+00  5.8962823e-13  5.89628e-13  4.79796e-13  1.09832e-13
3.713016084e+00  5.9141456e-13  5.91415e-13  4.75919e-13  1.15495e-13
3.731581164e+00  5.9347994e-13  5.93480e-13  4.72070e-13  1.21410e-13
3.750239070e+00  5.9583348e-13  5.95833e-13  4.68246e-13  1.27587e-13
3.768990265e+00  5.9848451e-13  5.98485e-13  4.64449e-13  1.34036e-13
3.787835216e+00  6.0144260e-13  6.01443e-13  4.60678e-13  1.40765e-13
3.806774393e+00  6.0471755e-13  6.04718e-13  4.56933e-13  1.47785e-13
3.825808265e+00  6.0831945e-13  6.08319e-13  4.53214e-13  1.55105e-13
3.844937306e+00  6.1225858e-13  6.12259e-13  4.49521e-13  1.62738e-13
3.864161992e+00  6.1654549e-13  6.16545e-13  4.45854e-13  1.70692e-13
3.883482802e+00  6.2119100e-13  6.21191e-13  4.42212e-13  1.78979e-13
3.902900216e+00  6.2620615e-13  6.26206e-13  4.38596e-13  1.87610e-13
3.922414717e+00  6.3160223e-13  6.31602e-13  4.35005e-13  1.96597e-13
3.942026791e+00  6.3739081e-13  6.37391e-13  4.31439e-13  2.05951e-13
3.961736925e+00  6.4358368e-13  6.43584e-13  4.27899e-13  2.15685e-13
3.981545610e+00  6.5019289e-13  6.50193e-13  4.24384e-13  2.25809e-13
4.001453338e+00  6.5723076e-13  6.57231e-13  4.20893e-13  2.36337e-13
4.021460604e+00  6.6470985e-13  6.64710e-13  4.17428e-13  2.47282e-13
4.041567907e+00  6.7264295e-13  6.72643e-13  4.13987e-13  2.58656e-13
4.061775747e+00  6.8104314e-13  6.81043e-13  4.10571e-13  2.70473e-13
4.082084626e+00  6.8992372e-13  6.89924e-13  4.07179e-13  2.82745e-13
4.102495049e+00  6.9929826e-13  6.99298e-13  4.03811e-13  2.95487e-13
4.123007524e+00  7.0918056e-13  7.09181e-13  4.00468e-13  3.08713e-13
4.143622562e+00  7.1958468e-13  7.19585e-13  3.97149e-13  3.22436e-13
4.164340674e+00  7.3052490e-13  7.30525e-13  3.93854e-13  3.36671e-13
4.185162378e+00  7.4201577e-13  7.42016e-13  3.90582e-13  3.51434e-13
4.206088190e+00  7.5407207e-13  7.54072e-13  3.87335e-13  3.66737e-13
4.227118631e+00  7.6670882e-13  7.66709e-13  3.84111e-13  3.82598e-13
4.248254224e+00  7.7994124e-13  7.79941e-13  3.80910e-13  3.99031e-13
4.269495495e+00  7.9378484e-13  7.93785e-13  3.77733e-13  4.16052e-13
4.290842972e+00  8.0825530e-13  8.08255e-13  3.74579e-13  4.33676e-13
4.312297187e+00  8.2336856e-13  8.23369e-13  3.71449e-13  4.51920e-13
4.333858673e+00  8.3914075e-13  8.39141e-13  3.68341e-13  4.70800e-13
4.355527967e+00  8.5558825e-13  8.55588e-13  3.65256e-13  4.90332e-13
4.377305606e+00  8.7272761e-13  8.72728e-13  3.62194e-13  5.10533e-13
4.399192134e+00  8.9057561e-13  8.90576e-13  3.59155e-13  5.31421e-13
4.421188095e+00  9.0914922e-13  9.09149e-13  3.56138e-13  5.53011e-13
4.443294036e+00  9.2846559e-13  9.28466e-13  3.53144e-13  5.75322e-13
4.465510506e+00  9.4854208e-13  9.48542e-13  3.50172e-13  5.98370e-13
4.487838058e+00  9.6939623e-13  9.69396e-13  3.47222e-13  6.22175e-13
4.510277249e+00  9.9104572e-13  9.91046e-13  3.44294e-13  6.46752e-13
4.532828635e+00  1.0135084e-12  1.01351e-12  3.41388e-13  6.72121e-13
4.555492778e+00  1.0368024e-12  1.03680e-12  3.38504e-13  6.98299e-13
4.578270242e+00  1.0609458e-12  1.06095e-12  3.35641e-13  7.25305e-13
4.601161593e+00  1.0859569e-12  1.08596e-12  3.32800e-13  7.53157e-13
4.624167401e+00  1.1118543e-12  1.11185e-12  3.29980e-13  7.81874e-13
4.647288238e+00  1.1386565e-12  1.13866e-12  3.27182e-13  8.11474e-13
4.670524679e+00  1.1663822e-12  1.16638e-12  3.24405e-13  8.41977e-13
4.693877303e+00  1.1950502e-12  1.19505e-12  3.21649e-13  8.73401e-13
4.717346689e+00  1.2246794e-12  1.22468e-12  3.18914e-13  9.05765e-13
4.740933423e+00  1.2552889e-12  1.25529e-12  3.16200e-13  9.39089e-13
4.764638090e+00  1.2868977e-12  1.28690e-12  3.13506e-13  9.73391e-13
4.788461280e+00  1.3195250e-12  1.31953e-12  3.10833e-13  1.00869e-12
4.812403587e+00  1.3531900e-12  1.35319e-12  3.08181e-13  1.04501e-12
4.836465604e+00  1.3879120e-12  1.38791e-12  3.05549e-13  1.08236e-12
4.860647933e+00  1.4237103e-12  1.42371e-12  3.02937e-13  1.12077e-12
4.884951172e+00  1.4606041e-12  1.46060e-12  3.00345e-13  1.16026e-12
4.909375928e+00  1.4986129e-12  1.49861e-12  2.97773e-13  1.20084e-12
4.933922808e+00  1.5377560e-12  1.53776e-12  2.95221e-13  1.24254e-12
4.958592422e+00  1.5780527e-12  1.57805e-12  2.92689e-13  1.28536e-12
4.983385384e+00  1.6195223e-12  1.61952e-12  2.90176e-13  1.32935e-12
5.008302311e+00  1.6621842e-12  1.66218e-12  2.87683e-13  1.37450e-12
5.033343822e+00  1.7060575e-12  1.70606e-12  2.85209e-13  1.42085e-12
5.058510541e+00  1.7511615e-12  1.75116e-12  2.82754e-13  1.46841e-12
5.083803094e+00  1.7975152e-12  1.79752e-12  2.80319e-13  1.51720e-12
5.109222110e+00  1.8451377e-12  1.84514e-12  2.77902e-13  1.56724e-12
5.134768220e+00  1.8940479e-12  1.89405e-12  2.75505e-13  1.61854e-12
5.160442061e+00  1.9442645e-12  1.94426e-12  2.73126e-13  1.67114e-12
5.186244272e+00  1.9958064e-12  1.99581e-12  2.70766e-13  1.72504e-12
5.212175493e+00  2.0486919e-12  2.04869e-12  2.68424e-13  1.78027e-12
5.238236370e+00  2.1029396e-12  2.10294e-12  2.66101e-13  1.83684e-12
5.264427552e+00  2.1585676e-12  2.15857e-12  2.63796e-13  1.89477e-12
5.290749690e+00  2.2155940e-12  2.21559e-12  2.61509e-13  1.95408e-12
5.317203438e+00  2.2740366e-12  2.27404e-12  2.59241e-13  2.01480e-12
5.343789456e+00  2.3339131e-12  2.33391e-12  2.56990e-13  2.07692e-12
5.370508403e+00  2.3952408e-12  2.39524e-12  2.54757e-13  2.14048e-12
5.397360945e+00  2.4580369e-12  2.45804e-12  2.52542e-13  2.20550e-12
5.424347750e+00  2.5223183e-12  2.52232e-12  2.50344e-13  2.27197e-12
5.451469488e+00  2.5881018e-12  2.58810e-12  2.48164e-13  2.33994e-12
5.478726836e+00  2.6554035e-12  2.65540e-12  2.46002e-13  2.40940e-12
5.506120470e+00  2.7242397e-12  2.72424e-12  2.43856e-13  2.48038e-12
5.533651072e+00  2.7946260e-12  2.79463e-12  2.41728e-13  2.55290e-12
5.561319328e+00  2.8665779e-12  2.86658e-12  2.39617e-13  2.62696e-12
5.589125924e+00  2.9401105e-12  2.94011e-12  2.37522e-13  2.70259e-12
5.617071554e+00  3.0152385e-12  3.01524e-12  2.35445e-13  2.77979e-12
5.645156912e+00  3.0919761e-12  3.09198e-12  2.33384e-13  2.85859e-12
5.673382696e+00  3.1703376e-12  3.17034e-12  2.31340e-13  2.93900e-12
5.701749610e+00  3.2503363e-12  3.25034e-12  2.29312e-13  3.02102e-12
5.730258358e+00  3.3319854e-12  3.33199e-12  2.27301e-13  3.10468e-12
5.758909650e+00  3.4152977e-12  3.41530e-12  2.25306e-13  3.18999e-12
5.787704198e+00  3.5002855e-12  3.50029e-12  2.23327e-13  3.27696e-12
5.816642719e+00  3.5869607e-12  3.58696e-12  2.21364e-13  3.36560e-12
5.845725932e+00  3.6753345e-12  3.67533e-12  2.19417e-13  3.45592e-12
5.874954562e+00  3.7654179e-12  3.76542e-12  2.17485e-13  3.54793e-12
5.904329335e+00  3.8572213e-12  3.85722e-12  2.15570e-13  3.64165e-12
5.933850982e+00  3.9507546e-12  3.95075e-12  2.13670e-13  3.73708e-12
5.963520237e+00  4.0460271e-12  4.04603e-12  2.11786e-13  3.83424e-12
5.993337838e+00  4.1430478e-12  4.14305e-12  2.09916e-13  3.93313e-12
6.023304527e+00  4.2418248e-12  4.24182e-12  2.08063e-13  4.03376e-12
6.053421050e+00  4.3423659e-12  4.34237e-12  2.06224e-13  4.13614e-12
6.083688155e+00  4.4446784e-12  4.44468e-12  2.04400e-13  4.24028e-12
6.114106596e+00  4.5487687e-12  4.54877e-12  2.02592e-13  4.34618e-12
6.144677129e+00  4.6546430e-12  4.65464e-12  2.00798e-13  4.45384e-12
6.175400514e+00  4.7623066e-12  4.76231e-12  1.99019e-13  4.56329e-12
6.206277517e+00  4.8717643e-12  4.87176e-12  1.97255e-13  4.67451e-12
6.237308904e+00  4.9830202e-12  4.98302e-12  1.95505e-13  4.78752e-12
6.268495449e+00  5.0960780e-12  5.09608e-12  1.93769e-13  4.90231e-12
6.299837926e+00  5.2109405e-12  5.21094e-12  1.92048e-13  5.01889e-12
6.331337116e+00  5.3276100e-12  5.32761e-12  1.90341e-13  5.13727e-12
6.362993801e+00  5.4460881e-12  5.44609e-12  1.88649e-13  5.25744e-12
6.394808770e+00  5.5663757e-12  5.56638e-12  1.86970e-13  5.37941e-12
6.426782814e+00  5.6884730e-12  5.68847e-12  1.85305e-13  5.50317e-12
6.458916728e+00  5.8123797e-12  5.81238e-12  1.83654e-13  5.62873e-12
6.491211312e+00  5.9380946e-12  5.93809e-12  1.82017e-13  5.75608e-12
6.523667368e+00  6.0656159e-12  6.06562e-12  1.80393e-13  5.88522e-12
6.556285705e+00  6.1949411e-12  6.19494e-12  1.78783e-13  6.01616e-12
6.589067134e+00  6.3260669e-12  6.32607e-12  1.77187e-13  6.14888e-12
6.622012469e+00  6.4589895e-12  6.45899e-12  1.75603e-13  6.28339e-12
6.655122532e+00  6.5937042e-12  6.59370e-12  1.74033e-13  6.41967e-12
6.688398144e+00  6.7302057e-12  6.73021e-12  1.72476e-13  6.55773e-12
6.721840135e+00  6.8684877e-12  6.86849e-12  1.70932e-13  6.69756e-12
6.755449336e+00  7.0085436e-12  7.00854e-12  1.69401e-13  6.83914e-12
6.789226583e+00  7.1503657e-12  7.15037e-12  1.67883e-13  6.98248e-12
6.823172715e+00  7.2939458e-12  7.29395e-12  1.66378e-13  7.12757e-12
6.857288579e+00  7.4392748e-12  7.43927e-12  1.64885e-13  7.27439e-12
6.891575022e+00  7.5863429e-12  7.58634e-12  1.63405e-13  7.42294e-12
6.926032897e+00  7.7351397e-12  7.73514e-12  1.61937e-13  7.57320e-12
6.960663062e+00  7.8856539e-12  7.88565e-12  1.60482e-13  7.72517e-12
6.995466377e+00  8.0378735e-12  8.03787e-12  1.59039e-13  7.87883e-12
7.030443709e+00  8.1917858e-12  8.19179e-12  1.57608e-13  8.03418e-12
7.065595927e+00  8.3473773e-12  8.34738e-12  1.56190e-13  8.19119e-12
7.100923907e+00  8.5046338e-12  8.50463e-12  1.54783e-13  8.34985e-12
7.136428526e+00  8.6635404e-12  8.66354e-12  1.53388e-13  8.51015e-12
7.172110669e+00  8.8240813e-12  8.82408e-12  1.52005e-13  8.67208e-12
7.207971222e+00  8.9862403e-12  8.98624e-12  1.50634e-13  8.83561e-12
7.244011079e+00  9.1500001e-12  9.15000e-12  1.49274e-13  9.00073e-12
7.280231134e+00  9.3153429e-12  9.31534e-12  1.47926e-13  9.16742e-12
7.316632290e+00  9.4822501e-12  9.48225e-12  1.46590e-13  9.33566e-12
7.353215451e+00  9.6507024e-12  9.65070e-12  1.45265e-13  9.50544e-12
7.389981528e+00  9.8206798e-12  9.82068e-12  1.43951e-13  9.67673e-12
7.426931436e+00  9.9921617e-12  9.99216e-12  1.42648e-13  9.84951e-12
7.464066093e+00  1.0165127e-11  1.01651e-11  1.41357e-13  1.00238e-11
7.501386424e+00  1.0339552e-11  1.03396e-11  1.40077e-13  1.01995e-11
7.538893356e+00  1.0515416e-11  1.05154e-11  1.38807e-13  1.03766e-11
7.576587822e+00  1.0692695e-11  1.06927e-11  1.37549e-13  1.05551e-11
7.614470762e+00  1.0871364e-11  1.08714e-11  1.36301e-13  1.07351e-11
7.652543115e+00  1.1051399e-11  1.10514e-11  1.35064e-13  1.09163e-11
7.690805831e+00  1.1232774e-11  1.12328e-11  1.33837e-13  1.10989e-11
7.729259860e+00  1.1415464e-11  1.14155e-11  1.32621e-13  1.12828e-11
7.767906159e+00  1.1599441e-11  1.15994e-11  1.31416e-13  1.14680e-11
7.806745690e+00  1.1784678e-11  1.17847e-11  1.30221e-13  1.16545e-11
7.845779419e+00  1.1971147e-11  1.19711e-11  1.29036e-13  1.18421e-11
7.885008316e+00  1.2158820e-11  1.21588e-11  1.27862e-13  1.20310e-11
7.924433357e+00  1.2347668e-11  1.23477e-11  1.26697e-13  1.22210e-11
7.964055524e+00  1.2537661e-11  1.25377e-11  1.25543e-13  1.24121e-11
8.003875802e+00  1.2728768e-11  1.27288e-11  1.24399e-13  1.26044e-11
8.043895181e+00  1.2920959e-11  1.29210e-11  1.23264e-13  1.27977e-11
8.084114657e+00  1.3114202e-11  1.31142e-11  1.22139e-13  1.29921e-11
8.124535230e+00  1.3308466e-11  1.33085e-11  1.21025e-13  1.31874e-11
8.165157906e+00  1.3503718e-11  1.35037e-11  1.19919e-13  1.33838e-11
8.205983696e+00  1.3699924e-11  1.36999e-11  1.18824e-13  1.35811e-11
8.247013614e+00  1.3897053e-11  1.38971e-11  1.17738e-13  1.37793e-11
8.288248682e+00  1.4095069e-11  1.40951e-11  1.16661e-13  1.39784e-11
8.329689926e+00  1.4293939e-11  1.42939e-11  1.15594e-13  1.41783e-11
8.371338375e+00  1.4493628e-11  1.44936e-11  1.14536e-13  1.43791e-11
8.413195067e+00  1.4694100e-11  1.46941e-11  1.13487e-13  1.45806e-11
8.455261042e+00  1.4895320e-11  1.48953e-11  1.12448e-13  1.47829e-11
8.497537348e+00  1.5097252e-11  1.50973e-11  1.11417e-13  1.49858e-11
8.540025034e+00  1.5299860e-11  1.52999e-11  1.10396e-13  1.51895e-11
8.582725160e+00  1.5503106e-11  1.55031e-11  1.09383e-13  1.53937e-11
8.625638785e+00  1.5706953e-11  1.57070e-11  1.08379e-13  1.55986e-11
8.668766979e+00  1.5911365e-11  1.59114e-11  1.07384e-13  1.58040e-11
8.712110814e+00  1.6116304e-11  1.61163e-11  1.06398e-13  1.60099e-11
8.755671368e+00  1.6321730e-11  1.63217e-11  1.05421e-13  1.62163e-11
8.799449725e+00  1.6527607e-11  1.65276e-11  1.04452e-13  1.64232e-11
8.843446974e+00  1.6733894e-11  1.67339e-11  1.03491e-13  1.66304e-11
8.887664209e+00  1.6940555e-11  1.69406e-11  1.02539e-13  1.68380e-11
8.932102530e+00  1.7147548e-11  1.71475e-11  1.01595e-13  1.70460e-11
8.976763042e+00  1.7354836e-11  1.73548e-11  1.00660e-13  1.72542e-11
9.021646857e+00  1.7562379e-11  1.75624e-11  9.97328e-14  1.74626e-11
9.066755092e+00  1.7770136e-11  1.77701e-11  9.88138e-14  1.76713e-11
9.112088867e+00  1.7978068e-11  1.79781e-11  9.79030e-14  1.78802e-11
9.157649312e+00  1.8186135e-11  1.81861e-11  9.70001e-14  1.80891e-11
9.203437558e+00  1.8394297e-11  1.83943e-11  9.61053e-14  1.82982e-11
9.249454746e+00  1.8602514e-11  1.86025e-11  9.52183e-14  1.85073e-11
9.295702020e+00  1.8810745e-11  1.88107e-11  9.43392e-14  1.87164e-11
9.342180530e+00  1.9018950e-11  1.90190e-11  9.34679e-14  1.89255e-11
9.388891432e+00  1.9227089e-11  1.92271e-11  9.26043e-14  1.91345e-11
9.435835890e+00  1.9435121e-11  1.94351e-11  9.17483e-14  1.93434e-11
9.483015069e+00  1.9643004e-11  1.96430e-11  9.08999e-14  1.95521e-11
9.530430144e+00  1.9850700e-11  1.98507e-11  9.00591e-14  1.97606e-11
9.578082295e+00  2.0058167e-11  2.00582e-11  8.92257e-14  1.99689e-11
9.625972707e+00  2.0265366e-11  2.02654e-11  8.83997e-14  2.01770e-11
9.674102570e+00  2.0472254e-11  2.04723e-11  8.75810e-14  2.03847e-11
9.722473083e+00  2.0678793e-11  2.06788e-11  8.67697e-14  2.05920e-11
9.771085448e+00  2.0884941e-11  2.08849e-11  8.59655e-14  2.07990e-11
9.819940876e+00  2.1090659e-11  2.10907e-11  8.51685e-14  2.10055e-11
9.869040580e+00  2.1295906e-11  2.12959e-11  8.43786e-14  2.12115e-11
9.918385783e+00  2.1500642e-11  2.15006e-11  8.35958e-14  2.14170e-11
9.967977712e+00  2.1704829e-11  2.17048e-11  8.28199e-14  2.16220e-11
1.001781760e+01  2.1908425e-11  2.19084e-11  8.20510e-14  2.18264e-11
1.006790669e+01  2.2111391e-11  2.21114e-11  8.12889e-14  2.20301e-11
1.011824622e+01  2.2313689e-11  2.23137e-11  8.05336e-14  2.22332e-11
1.016883745e+01  2.2515279e-11  2.25153e-11  7.97851e-14  2.24355e-11
1.021968164e+01  2.2716122e-11  2.27161e-11  7.90433e-14  2.26371e-11
1.027078005e+01  2.2916180e-11  2.29162e-11  7.83081e-14  2.28379e-11
1.032213395e+01  2.3115414e-11  2.31154e-11  7.75795e-14  2.30378e-11
1.037374462e+01  2.3313785e-11  2.33138e-11  7.68575e-14  2.32369e-11
1.042561334e+01  2.3511257e-11  2.35113e-11  7.61419e-14  2.34351e-11
1.047774141e+01  2.3707792e-11  2.37078e-11  7.54327e-14  2.36324e-11
1.053013012e+01  2.3903352e-11  2.39034e-11  7.47299e-14  2.38286e-11
1.058278077e+01  2.4097901e-11  2.40979e-11  7.40334e-14  2.40239e-11
1.063569467e+01  2.4291402e-11  2.42914e-11  7.33432e-14  2.42181e-11
1.068887314e+01  2.4483819e-11  2.44838e-11  7.26592e-14  2.44112e-11
1.074231751e+01  2.4675115e-11  2.46751e-11  7.19813e-14  2.46031e-11
1.079602910e+01  2.4865256e-11  2.48653e-11  7.13096e-14  2.47939e-11
1.085000924e+01  2.5054207e-11  2.50542e-11  7.06438e-14  2.49836e-11
1.090425929e+01  2.5241932e-11  2.52419e-11  6.99841e-14  2.51719e-11
1.095878058e+01  2.5428398e-11  2.54284e-11  6.93304e-14  2.53591e-11
1.101357449e+01  2.5613570e-11  2.56136e-11  6.86825e-14  2.55449e-11
1.106864236e+01  2.5797415e-11  2.57974e-11  6.80405e-14  2.57294e-11
1.112398557e+01  2.5979900e-11  2.59799e-11  6.74043e-14  2.59125e-11
1.117960550e+01  2.6160993e-11  2.61610e-11  6.67738e-14  2.60942e-11
1.123550353e+01  2.6340661e-11  2.63407e-11  6.61490e-14  2.62745e-11
1.129168104e+01  2.6518874e-11  2.65189e-11  6.55299e-14  2.64533e-11
1.134813945e+01  2.6695599e-11  2.66956e-11  6.49164e-14  2.66307e-11
1.140488015e+01  2.6870806e-11  2.68708e-11  6.43085e-14  2.68065e-11
1.146190455e+01  2.7044466e-11  2.70445e-11  6.37060e-14  2.69808e-11
1.151921407e+01  2.7216548e-11  2.72165e-11  6.31090e-14  2.71534e-11
1.157681014e+01  2.7387023e-11  2.73870e-11  6.25175e-14  2.73245e-11
1.163469419e+01  2.7555864e-11  2.75559e-11  6.19313e-14  2.74939e-11
1.169286766e+01  2.7723041e-11  2.77230e-11  6.13504e-14  2.76617e-11
1.175133200e+01  2.7888527e-11  2.78885e-11  6.07748e-14  2.78278e-11
1.181008866e+01  2.8052296e-11  2.80523e-11  6.02044e-14  2.79921e-11
1.186913910e+01  2.8214321e-11  2.82143e-11  5.96392e-14  2.81547e-11
1.192848480e+01  2.8374575e-11  2.83746e-11  5.90791e-14  2.83155e-11
1.198812722e+01  2.8533035e-11  2.85330e-11  5.85242e-14  2.84745e-11
1.204806786e+01  2.8689675e-11  2.86897e-11  5.79743e-14  2.86317e-11
1.210830820e+01  2.8844471e-11  2.88445e-11  5.74294e-14  2.87870e-11
1.216884974e+01  2.8997399e-11  2.89974e-11  5.68895e-14  2.89405e-11
1.222969399e+01  2.9148437e-11  2.91484e-11  5.63545e-14  2.90921e-11
1.229084246e+01  2.9297562e-11  2.92976e-11  5.58243e-14  2.92417e-11
1.235229667e+01  2.9444752e-11  2.94448e-11  5.52991e-14  2.93895e-11
1.241405815e+01  2.9589987e-11  2.95900e-11  5.47786e-14  2.95352e-11
1.247612845e+01  2.9733245e-11  2.97332e-11  5.42628e-14  2.96790e-11
1.253850909e+01  2.9874507e-11  2.98745e-11  5.37518e-14  2.98208e-11
1.260120163e+01  3.0013753e-11  3.00138e-11  5.32455e-14  2.99605e-11
1.266420764e+01  3.0150964e-11  3.01510e-11  5.27438e-14  3.00982e-11
1.272752868e+01  3.0286123e-11  3.02861e-11  5.22466e-14  3.02339e-11
1.279116632e+01  3.0419212e-11  3.04192e-11  5.17541e-14  3.03675e-11
1.285512215e+01  3.0550213e-11  3.05502e-11  5.12660e-14  3.04989e-11
1.291939776e+01  3.0679111e-11  3.06791e-11  5.07824e-14  3.06283e-11
1.298399475e+01  3.0805889e-11  3.08059e-11  5.03032e-14  3.07556e-11
1.304891473e+01  3.0930533e-11  3.09305e-11  4.98285e-14  3.08807e-11
1.311415930e+01  3.1053028e-11  3.10530e-11  4.93581e-14  3.10037e-11
1.317973010e+01  3.1173360e-11  3.11734e-11  4.88920e-14  3.11245e-11
1.324562875e+01  3.1291516e-11  3.12915e-11  4.84302e-14  3.12431e-11
1.331185689e+01  3.1407484e-11  3.14075e-11  4.79726e-14  3.13595e-11
1.337841618e+01  3.1521250e-11  3.15213e-11  4.75193e-14  3.14737e-11
1.344530826e+01  3.1632805e-11  3.16328e-11  4.70701e-14  3.15857e-11
1.351253480e+01  3.1742136e-11  3.17421e-11  4.66250e-14  3.16955e-11
1.358009747e+01  3.1849234e-11  3.18492e-11  4.61840e-14  3.18031e-11
1.364799796e+01  3.1954089e-11  3.19541e-11  4.57471e-14  3.19083e-11
1.371623795e+01  3.2056692e-11  3.20567e-11  4.53143e-14  3.20114e-11
1.378481914e+01  3.2157035e-11  3.21570e-11  4.48854e-14  3.21121e-11
1.385374323e+01  3.2255110e-11  3.22551e-11  4.44604e-14  3.22106e-11
1.392301195e+01  3.2350909e-11  3.23509e-11  4.40394e-14  3.23069e-11
1.399262701e+01  3.2444426e-11  3.24444e-11  4.36223e-14  3.24008e-11
1.406259015e+01  3.2535654e-11  3.25357e-11  4.32090e-14  3.24924e-11
1.413290310e+01  3.2624589e-11  3.26246e-11  4.27995e-14  3.25818e-11
1.420356761e+01  3.2711226e-11  3.27112e-11  4.23939e-14  3.26688e-11
1.427458545e+01  3.2795559e-11  3.27956e-11  4.19919e-14  3.27536e-11
1.434595838e+01  3.2877586e-11  3.28776e-11  4.15937e-14  3.28360e-11
1.441768817e+01  3.2957303e-11  3.29573e-11  4.11992e-14  3.29161e-11
1.448977661e+01  3.3034708e-11  3.30347e-11  4.08083e-14  3.29939e-11
1.456222549e+01  3.3109798e-11  3.31098e-11  4.04210e-14  3.30694e-11
1.463503662e+01  3.3182571e-11  3.31826e-11  4.00373e-14  3.31425e-11
1.470821180e+01  3.3253028e-11  3.32530e-11  3.96572e-14  3.32134e-11
1.478175286e+01  3.3321167e-11  3.33212e-11  3.92806e-14  3.32819e-11
1.485566163e+01  3.3386989e-11  3.33870e-11  3.89074e-14  3.33481e-11
1.492993994e+01  3.3450494e-11  3.34505e-11  3.85378e-14  3.34120e-11
1.500458964e+01  3.3511683e-11  3.35117e-11  3.81715e-14  3.34735e-11
1.507961258e+01  3.3570558e-11  3.35706e-11  3.78087e-14  3.35327e-11
1.515501065e+01  3.3627121e-11  3.36271e-11  3.74492e-14  3.35897e-11
1.523078570e+01  3.3681375e-11  3.36814e-11  3.70931e-14  3.36443e-11
1.530693963e+01  3.3733322e-11  3.37333e-11  3.67403e-14  3.36966e-11
1.538347433e+01  3.3782968e-11  3.37830e-11  3.63907e-14  3.37466e-11
1.546039170e+01  3.3830315e-11  3.38303e-11  3.60444e-14  3.37943e-11
1.553769366e+01  3.3875369e-11  3.38754e-11  3.57014e-14  3.38397e-11
1.561538212e+01  3.3918134e-11  3.39181e-11  3.53615e-14  3.38828e-11
1.569345903e+01  3.3958616e-11  3.39586e-11  3.50248e-14  3.39236e-11
1.577192633e+01  3.3996821e-11  3.39968e-11  3.46912e-14  3.39621e-11
1.585078596e+01  3.4032756e-11  3.40328e-11  3.43607e-14  3.39984e-11
1.593003989e+01  3.4066427e-11  3.40664e-11  3.40333e-14  3.40324e-11
1.600969009e+01  3.4097842e-11  3.40978e-11  3.37089e-14  3.40641e-11
1.608973854e+01  3.4127008e-11  3.41270e-11  3.33876e-14  3.40936e-11
1.617018723e+01  3.4153935e-11  3.41539e-11  3.30693e-14  3.41209e-11
1.625103817e+01  3.4178629e-11  3.41786e-11  3.27539e-14  3.41459e-11
1.633229336e+01  3.4201101e-11  3.42011e-11  3.24415e-14  3.41687e-11
1.641395483e+01  3.4221360e-11  3.42214e-11  3.21320e-14  3.41892e-11
1.649602460e+01  3.4239415e-11  3.42394e-11  3.18254e-14  3.42076e-11
1.657850473e+01  3.4255277e-11  3.42553e-11  3.15216e-14  3.42238e-11
1.666139725e+01  3.4268957e-11  3.42690e-11  3.12207e-14  3.42377e-11
1.674470424e+01  3.4280465e-11  3.42805e-11  3.09226e-14  3.42495e-11
1.682842776e+01  3.4289812e-11  3.42898e-11  3.06273e-14  3.42592e-11
1.691256990e+01  3.4297010e-11  3.42970e-11  3.03347e-14  3.42667e-11
1.699713274e+01  3.4302072e-11  3.43021e-11  3.00449e-14  3.42720e-11
1.708211841e+01  3.4305009e-11  3.43050e-11  2.97578e-14  3.42753e-11
1.716752900e+01  3.4305835e-11  3.43058e-11  2.94734e-14  3.42764e-11
1.725336665e+01  3.4304561e-11  3.43046e-11  2.91916e-14  3.42754e-11
1.733963348e+01  3.4301202e-11  3.43012e-11  2.89125e-14  3.42723e-11
1.742633165e+01  3.4295771e-11  3.42958e-11  2.86360e-14  3.42671e-11
1.751346330e+01  3.4288282e-11  3.42883e-11  2.83621e-14  3.42599e-11
1.760103062e+01  3.4278749e-11  3.42787e-11  2.80908e-14  3.42507e-11
1.768903577e+01  3.4267187e-11  3.42672e-11  2.78220e-14  3.42394e-11
1.777748095e+01  3.4253610e-11  3.42536e-11  2.75557e-14  3.42261e-11
1.786636836e+01  3.4238033e-11  3.42380e-11  2.72919e-14  3.42107e-11
1.795570020e+01  3.4220472e-11  3.42205e-11  2.70306e-14  3.41934e-11
1.804547870e+01  3.4200941e-11  3.42009e-11  2.67718e-14  3.41742e-11
1.813570609e+01  3.4179458e-11  3.41795e-11  2.65154e-14  3.41529e-11
1.822638462e+01  3.4156037e-11  3.41560e-11  2.62614e-14  3.41298e-11
1.831751655e+01  3.4130696e-11  3.41307e-11  2.60098e-14  3.41047e-11
1.840910413e+01  3.4103449e-11  3.41034e-11  2.57605e-14  3.40777e-11
1.850114965e+01  3.4074315e-11  3.40743e-11  2.55136e-14  3.40488e-11
1.859365540e+01  3.4043310e-11  3.40433e-11  2.52690e-14  3.40180e-11
1.868662368e+01  3.4010451e-11  3.40105e-11  2.50267e-14  3.39854e-11
1.878005679e+01  3.3975755e-11  3.39758e-11  2.47867e-14  3.39510e-11
1.887395708e+01  3.3939240e-11  3.39392e-11  2.45490e-14  3.39147e-11
1.896832686e+01  3.3900923e-11  3.39009e-11  2.43135e-14  3.38766e-11
1.906316850e+01  3.3860822e-11  3.38608e-11  2.40802e-14  3.38367e-11
1.915848434e+01  3.3818955e-11  3.38190e-11  2.38491e-14  3.37951e-11
1.925427676e+01  3.3775340e-11  3.37753e-11  2.36202e-14  3.37517e-11
1.935054815e+01  3.3729995e-11  3.37300e-11  2.33934e-14  3.37066e-11
1.944730089e+01  3.3682939e-11  3.36829e-11  2.31688e-14  3.36598e-11
1.954453739e+01  3.3634190e-11  3.36342e-11  2.29463e-14  3.36112e-11
1.964226008e+01  3.3583767e-11  3.35838e-11  2.27259e-14  3.35610e-11
1.974047138e+01  3.3531688e-11  3.35317e-11  2.25076e-14  3.35092e-11
1.983917374e+01  3.3477973e-11  3.34780e-11  2.22913e-14  3.34557e-11
1.993836960e+01  3.3422640e-11  3.34226e-11  2.20771e-14  3.34006e-11
2.003806145e+01  3.3365708e-11  3.33657e-11  2.18649e-14  3.33438e-11
2.013825176e+01  3.3307197e-11  3.33072e-11  2.16547e-14  3.32855e-11
2.023894302e+01  3.3247126e-11  3.32471e-11  2.14465e-14  3.32257e-11
2.034013773e+01  3.3185514e-11  3.31855e-11  2.12403e-14  3.31643e-11
2.044183842e+01  3.3122380e-11  3.31224e-11  2.10360e-14  3.31013e-11
2.054404761e+01  3.3057745e-11  3.30577e-11  2.08336e-14  3.30369e-11
2.064676785e+01  3.2991627e-11  3.29916e-11  2.06332e-14  3.29710e-11
2.075000169e+01  3.2924046e-11  3.29240e-11  2.04347e-14  3.29036e-11
2.085375170e+01  3.2855022e-11  3.28550e-11  2.02380e-14  3.28348e-11
2.095802046e+01  3.2784574e-11  3.27846e-11  2.00432e-14  3.27645e-11
2.106281056e+01  3.2712722e-11  3.27127e-11  1.98502e-14  3.26929e-11
2.116812461e+01  3.2639487e-11  3.26395e-11  1.96591e-14  3.26198e-11
2.127396524e+01  3.2564886e-11  3.25649e-11  1.94698e-14  3.25454e-11
2.138033506e+01  3.2488942e-11  3.24889e-11  1.92823e-14  3.24697e-11
2.148723674e+01  3.2411673e-11  3.24117e-11  1.90965e-14  3.23926e-11
2.159467292e+01  3.2333098e-11  3.23331e-11  1.89125e-14  3.23142e-11
2.170264629e+01  3.2253239e-11  3.22532e-11  1.87303e-14  3.22345e-11
2.181115952e+01  3.2172115e-11  3.21721e-11  1.85498e-14  3.21536e-11
2.192021532e+01  3.2089745e-11  3.20897e-11  1.83710e-14  3.20714e-11
2.202981639e+01  3.2006149e-11  3.20061e-11  1.81939e-14  3.19880e-11
2.213996547e+01  3.1921348e-11  3.19213e-11  1.80185e-14  3.19033e-11
2.225066530e+01  3.1835360e-11  3.18354e-11  1.78447e-14  3.18175e-11
2.236191863e+01  3.1748207e-11  3.17482e-11  1.76726e-14  3.17305e-11
2.247372822e+01  3.1659907e-11  3.16599e-11  1.75021e-14  3.16424e-11
2.258609686e+01  3.1570480e-11  3.15705e-11  1.73333e-14  3.15531e-11
2.269902735e+01  3.1479946e-11  3.14799e-11  1.71660e-14  3.14628e-11
2.281252248e+01  3.1388324e-11  3.13883e-11  1.70004e-14  3.13713e-11
2.292658510e+01  3.1295635e-11  3.12956e-11  1.68363e-14  3.12788e-11
2.304121802e+01  3.1201897e-11  3.12019e-11  1.66738e-14  3.11852e-11
2.315642411e+01  3.1107130e-11  3.11071e-11  1.65128e-14  3.10906e-11
2.327220623e+01  3.1011354e-11  3.10114e-11  1.63533e-14  3.09950e-11
2.338856726e+01  3.0914587e-11  3.09146e-11  1.61954e-14  3.08984e-11
2.350551010e+01  3.0816850e-11  3.08169e-11  1.60390e-14  3.08008e-11
2.362303765e+01  3.0718161e-11  3.07182e-11  1.58840e-14  3.07023e-11
2.374115284e+01  3.0618539e-11  3.06185e-11  1.57306e-14  3.06028e-11
2.385985860e+01  3.0518004e-11  3.05180e-11  1.55786e-14  3.05024e-11
2.397915789e+01  3.0416575e-11  3.04166e-11  1.54280e-14  3.04011e-11
2.409905368e+01  3.0314270e-11  3.03143e-11  1.52789e-14  3.02990e-11
2.421954895e+01  3.0211108e-11  3.02111e-11  1.51312e-14  3.01960e-11
2.434064670e+01  3.0107109e-11  3.01071e-11  1.49849e-14  3.00921e-11
2.446234993e+01  3.0002290e-11  3.00023e-11  1.48400e-14  2.99874e-11
2.458466168e+01  2.9896670e-11  2.98967e-11  1.46965e-14  2.98820e-11
2.470758499e+01  2.9790268e-11  2.97903e-11  1.45544e-14  2.97757e-11
2.483112291e+01  2.9683102e-11  2.96831e-11  1.44136e-14  2.96687e-11
2.495527853e+01  2.9575190e-11  2.95752e-11  1.42742e-14  2.95609e-11
