# ------------------------------------------------------------------------
# Radiance spectrum
# NASA-GSFC Planetary Spectrum Generator (PSG) (Villanueva et al. 2018, 2022)
# Synthesized on Sat Dec 23 00:42:15 2023
# Doppler velocities [km/s] (vobs,vrot+vorb,vwidth,vrfl,vstr): 0.00000,-0.00000,0.00000,-119.41115,-0.00000
# Spectral unit: Wavelength [um]
# Radiance unit: Spectral irradiance [W/m2/um]
# Wave/freq Total Object Reflected Thermal
5.000000000e-01  5.7578142e-13  5.75781e-13  5.75781e-13  8.21252e-50
5.025000000e-01  6.0812378e-13  6.08124e-13  6.08124e-13  1.34151e-49
5.050125000e-01  6.2937398e-13  6.29374e-13  6.29374e-13  2.18938e-49
5.075375625e-01  6.4927833e-13  6.49278e-13  6.49278e-13  3.56493e-49
5.100752503e-01  6.6966808e-13  6.69668e-13  6.69668e-13  5.78994e-49
5.126256266e-01  6.9529481e-13  6.95295e-13  6.95295e-13  9.37371e-49
5.151887547e-01  7.2142548e-13  7.21425e-13  7.21425e-13  1.51376e-48
5.177646985e-01  7.4749736e-13  7.47497e-13  7.47497e-13  2.43865e-48
5.203535220e-01  7.7414704e-13  7.74147e-13  7.74147e-13  3.91883e-48
5.229552896e-01  8.0178846e-13  8.01788e-13  8.01788e-13  6.28143e-48
5.255700660e-01  8.2960769e-13  8.29608e-13  8.29608e-13  1.00441e-47
5.281979164e-01  8.5667760e-13  8.56678e-13  8.56678e-13  1.60239e-47
5.308389059e-01  8.8515766e-13  8.85158e-13  8.85158e-13  2.54983e-47
5.334931005e-01  9.1600782e-13  9.16008e-13  9.16008e-13  4.04663e-47
5.361605660e-01  9.4661824e-13  9.46618e-13  9.46618e-13  6.40722e-47
5.388413688e-01  9.7645073e-13  9.76451e-13  9.76451e-13  1.01222e-46
5.415355756e-01  1.0068679e-12  1.00687e-12  1.00687e-12  1.59526e-46
5.442432535e-01  1.0377839e-12  1.03778e-12  1.03778e-12  2.50816e-46
5.469644698e-01  1.0657430e-12  1.06574e-12  1.06574e-12  3.93588e-46
5.496992921e-01  1.0926271e-12  1.09263e-12  1.09263e-12  6.16295e-46
5.524477886e-01  1.1237110e-12  1.12371e-12  1.12371e-12  9.62296e-46
5.552100275e-01  1.1553635e-12  1.15536e-12  1.15536e-12  1.49902e-45
5.579860777e-01  1.1835643e-12  1.18356e-12  1.18356e-12  2.33084e-45
5.607760081e-01  1.2119073e-12  1.21191e-12  1.21191e-12  3.61600e-45
5.635798881e-01  1.2401076e-12  1.24011e-12  1.24011e-12  5.59726e-45
5.663977875e-01  1.2685263e-12  1.26853e-12  1.26853e-12  8.64446e-45
5.692297765e-01  1.2971587e-12  1.29716e-12  1.29716e-12  1.33205e-44
5.720759254e-01  1.3235354e-12  1.32354e-12  1.32354e-12  2.04862e-44
5.749363050e-01  1.3491272e-12  1.34913e-12  1.34913e-12  3.14402e-44
5.778109865e-01  1.3761207e-12  1.37612e-12  1.37612e-12  4.81368e-44
5.807000414e-01  1.4021176e-12  1.40212e-12  1.40212e-12  7.35481e-44
5.836035417e-01  1.4240700e-12  1.42407e-12  1.42407e-12  1.12184e-43
5.865215594e-01  1.4476763e-12  1.44768e-12  1.44768e-12  1.70710e-43
5.894541672e-01  1.4728644e-12  1.47286e-12  1.47286e-12  2.59159e-43
5.924014380e-01  1.4965795e-12  1.49658e-12  1.49658e-12  3.92659e-43
5.953634452e-01  1.5195868e-12  1.51959e-12  1.51959e-12  5.93705e-43
5.983402624e-01  1.5387496e-12  1.53875e-12  1.53875e-12  8.96182e-43
6.013319637e-01  1.5578372e-12  1.55784e-12  1.55784e-12  1.34990e-42
6.043386235e-01  1.5767427e-12  1.57674e-12  1.57674e-12  2.02907e-42
6.073603167e-01  1.5978140e-12  1.59781e-12  1.59781e-12  3.04276e-42
6.103971182e-01  1.6195407e-12  1.61954e-12  1.61954e-12  4.55299e-42
6.134491038e-01  1.6403759e-12  1.64038e-12  1.64038e-12  6.79930e-42
6.165163494e-01  1.6576963e-12  1.65770e-12  1.65770e-12  1.01369e-41
6.195989311e-01  1.6713351e-12  1.67134e-12  1.67134e-12  1.50879e-41
6.226969258e-01  1.6895478e-12  1.68955e-12  1.68955e-12  2.23993e-41
6.258104104e-01  1.7073252e-12  1.70733e-12  1.70733e-12  3.31872e-41
6.289394624e-01  1.7217846e-12  1.72178e-12  1.72178e-12  4.90888e-41
6.320841597e-01  1.7395031e-12  1.73950e-12  1.73950e-12  7.24360e-41
6.352445805e-01  1.7584863e-12  1.75849e-12  1.75849e-12  1.06657e-40
6.384208035e-01  1.7724847e-12  1.77248e-12  1.77248e-12  1.56816e-40
6.416129075e-01  1.7868501e-12  1.78685e-12  1.78685e-12  2.30093e-40
6.448209720e-01  1.8013684e-12  1.80137e-12  1.80137e-12  3.36935e-40
6.480450769e-01  1.8157115e-12  1.81571e-12  1.81571e-12  4.92419e-40
6.512853022e-01  1.8296554e-12  1.82966e-12  1.82966e-12  7.18266e-40
6.545417288e-01  1.8431934e-12  1.84319e-12  1.84319e-12  1.04569e-39
6.578144374e-01  1.8572073e-12  1.85721e-12  1.85721e-12  1.51932e-39
6.611035096e-01  1.8700291e-12  1.87003e-12  1.87003e-12  2.20346e-39
6.644090271e-01  1.8806342e-12  1.88063e-12  1.88063e-12  3.19024e-39
6.677310723e-01  1.8949557e-12  1.89496e-12  1.89496e-12  4.60821e-39
6.710697276e-01  1.9088600e-12  1.90886e-12  1.90886e-12  6.64398e-39
6.744250763e-01  1.9200731e-12  1.92007e-12  1.92007e-12  9.56357e-39
6.777972017e-01  1.9278795e-12  1.92788e-12  1.92788e-12  1.37450e-38
6.811861877e-01  1.9357819e-12  1.93578e-12  1.93578e-12  1.97170e-38
6.845921186e-01  1.9452730e-12  1.94527e-12  1.94527e-12  2.82258e-38
6.880150792e-01  1.9536082e-12  1.95361e-12  1.95361e-12  4.03358e-38
6.914551546e-01  1.9612373e-12  1.96124e-12  1.96124e-12  5.75385e-38
6.949124304e-01  1.9679216e-12  1.96792e-12  1.96792e-12  8.19336e-38
6.983869925e-01  1.9793509e-12  1.97935e-12  1.97935e-12  1.16399e-37
7.018789275e-01  1.9881050e-12  1.98811e-12  1.98811e-12  1.65106e-37
7.053883221e-01  1.9941577e-12  1.99416e-12  1.99416e-12  2.33830e-37
7.089152637e-01  1.9992450e-12  1.99925e-12  1.99925e-12  3.30591e-37
7.124598400e-01  2.0035947e-12  2.00359e-12  2.00359e-12  4.66581e-37
7.160221392e-01  2.0080282e-12  2.00803e-12  2.00803e-12  6.57320e-37
7.196022499e-01  2.0139693e-12  2.01397e-12  2.01397e-12  9.24231e-37
7.232002612e-01  2.0189370e-12  2.01894e-12  2.01894e-12  1.29734e-36
7.268162625e-01  2.0244728e-12  2.02447e-12  2.02447e-12  1.81772e-36
7.304503438e-01  2.0303434e-12  2.03034e-12  2.03034e-12  2.54227e-36
7.341025955e-01  2.0339173e-12  2.03392e-12  2.03392e-12  3.55020e-36
7.377731085e-01  2.0348178e-12  2.03482e-12  2.03482e-12  4.95039e-36
7.414619740e-01  2.0339895e-12  2.03399e-12  2.03399e-12  6.89198e-36
7.451692839e-01  2.0319046e-12  2.03190e-12  2.03190e-12  9.57965e-36
7.488951303e-01  2.0275895e-12  2.02759e-12  2.02759e-12  1.32954e-35
7.526396060e-01  2.0229710e-12  2.02297e-12  2.02297e-12  1.84213e-35
7.564028040e-01  2.0197502e-12  2.01975e-12  2.01975e-12  2.54762e-35
7.601848180e-01  2.0189125e-12  2.01891e-12  2.01891e-12  3.51649e-35
7.639857421e-01  2.0116951e-12  2.01170e-12  2.01170e-12  4.84865e-35
7.678056708e-01  2.0100361e-12  2.01004e-12  2.01004e-12  6.67059e-35
7.716446992e-01  2.0049125e-12  2.00491e-12  2.00491e-12  9.16488e-35
7.755029227e-01  1.9934880e-12  1.99349e-12  1.99349e-12  1.25786e-34
7.793804373e-01  1.9887519e-12  1.98875e-12  1.98875e-12  1.72239e-34
7.832773395e-01  1.9768404e-12  1.97684e-12  1.97684e-12  2.35623e-34
7.871937262e-01  1.9705360e-12  1.97054e-12  1.97054e-12  3.21628e-34
7.911296948e-01  1.9669064e-12  1.96691e-12  1.96691e-12  4.38195e-34
7.950853433e-01  1.9559574e-12  1.95596e-12  1.95596e-12  5.96460e-34
7.990607700e-01  1.9516427e-12  1.95164e-12  1.95164e-12  8.10056e-34
8.030560739e-01  1.9401167e-12  1.94012e-12  1.94012e-12  1.09913e-33
8.070713542e-01  1.9292935e-12  1.92929e-12  1.92929e-12  1.48888e-33
8.111067110e-01  1.9198002e-12  1.91980e-12  1.91980e-12  2.01336e-33
8.151622446e-01  1.9062995e-12  1.90630e-12  1.90630e-12  2.71931e-33
8.192380558e-01  1.9039626e-12  1.90396e-12  1.90396e-12  3.66312e-33
8.233342461e-01  1.8787002e-12  1.87870e-12  1.87870e-12  4.93748e-33
8.274509173e-01  1.8654810e-12  1.86548e-12  1.86548e-12  6.63720e-33
8.315881719e-01  1.8584767e-12  1.85848e-12  1.85848e-12  8.90295e-33
8.357461127e-01  1.8434731e-12  1.84347e-12  1.84347e-12  1.19327e-32
8.399248433e-01  1.8338232e-12  1.83382e-12  1.83382e-12  1.59609e-32
8.441244675e-01  1.8247908e-12  1.82479e-12  1.82479e-12  2.13151e-32
8.483450899e-01  1.8145037e-12  1.81450e-12  1.81450e-12  2.84253e-32
8.525868153e-01  1.8053401e-12  1.80534e-12  1.80534e-12  3.78461e-32
8.568497494e-01  1.7948010e-12  1.79480e-12  1.79480e-12  5.03197e-32
8.611339981e-01  1.7826370e-12  1.78264e-12  1.78264e-12  6.68144e-32
8.654396681e-01  1.7738596e-12  1.77386e-12  1.77386e-12  8.85559e-32
8.697668665e-01  1.7685992e-12  1.76860e-12  1.76860e-12  1.17160e-31
8.741157008e-01  1.7553330e-12  1.75533e-12  1.75533e-12  1.54890e-31
8.784862793e-01  1.7414535e-12  1.74145e-12  1.74145e-12  2.04481e-31
8.828787107e-01  1.7329785e-12  1.73298e-12  1.73298e-12  2.69420e-31
8.872931042e-01  1.7232697e-12  1.72327e-12  1.72327e-12  3.54509e-31
8.917295698e-01  1.7138331e-12  1.71383e-12  1.71383e-12  4.65784e-31
8.961882176e-01  1.7086796e-12  1.70868e-12  1.70868e-12  6.10865e-31
9.006691587e-01  1.6976641e-12  1.69766e-12  1.69766e-12  8.00424e-31
9.051725045e-01  1.6889314e-12  1.68893e-12  1.68893e-12  1.04709e-30
9.096983670e-01  1.6814805e-12  1.68148e-12  1.68148e-12  1.36768e-30
9.142468589e-01  1.6746863e-12  1.67469e-12  1.67469e-12  1.78379e-30
9.188180931e-01  1.6627970e-12  1.66280e-12  1.66280e-12  2.32434e-30
9.234121836e-01  1.6578217e-12  1.65782e-12  1.65782e-12  3.02253e-30
9.280292445e-01  1.6515061e-12  1.65151e-12  1.65151e-12  3.92550e-30
9.326693908e-01  1.6409826e-12  1.64098e-12  1.64098e-12  5.09316e-30
9.373327377e-01  1.6327488e-12  1.63275e-12  1.63275e-12  6.59768e-30
9.420194014e-01  1.6245579e-12  1.62456e-12  1.62456e-12  8.53492e-30
9.467294984e-01  1.6144185e-12  1.61442e-12  1.61442e-12  1.10280e-29
9.514631459e-01  1.6096805e-12  1.60968e-12  1.60968e-12  1.42229e-29
9.562204616e-01  1.6054818e-12  1.60548e-12  1.60548e-12  1.83178e-29
9.610015639e-01  1.6012006e-12  1.60120e-12  1.60120e-12  2.35603e-29
9.658065718e-01  1.5887715e-12  1.58877e-12  1.58877e-12  3.02856e-29
9.706356046e-01  1.5847099e-12  1.58471e-12  1.58471e-12  3.88490e-29
9.754887826e-01  1.5818075e-12  1.58181e-12  1.58181e-12  4.97628e-29
9.803662265e-01  1.5742481e-12  1.57425e-12  1.57425e-12  6.36863e-29
9.852680577e-01  1.5624202e-12  1.56242e-12  1.56242e-12  8.14314e-29
9.901943980e-01  1.5594192e-12  1.55942e-12  1.55942e-12  1.03901e-28
9.951453700e-01  1.5507965e-12  1.55080e-12  1.55080e-12  1.32468e-28
1.000121097e+00  1.5429742e-12  1.54297e-12  1.54297e-12  1.68659e-28
1.005121702e+00  1.5369333e-12  1.53693e-12  1.53693e-12  2.14429e-28
1.010147311e+00  1.5320537e-12  1.53205e-12  1.53205e-12  2.72243e-28
1.015198047e+00  1.5245342e-12  1.52453e-12  1.52453e-12  3.45291e-28
1.020274038e+00  1.5263725e-12  1.52637e-12  1.52637e-12  4.37007e-28
1.025375408e+00  1.5259255e-12  1.52593e-12  1.52593e-12  5.52507e-28
1.030502285e+00  1.5235704e-12  1.52357e-12  1.52357e-12  6.97787e-28
1.035654796e+00  1.5174924e-12  1.51749e-12  1.51749e-12  8.80480e-28
1.040833070e+00  1.5191277e-12  1.51913e-12  1.51913e-12  1.10883e-27
1.046037236e+00  1.5149793e-12  1.51498e-12  1.51498e-12  1.39544e-27
1.051267422e+00  1.5067738e-12  1.50677e-12  1.50677e-12  1.75466e-27
1.056523759e+00  1.5047995e-12  1.50480e-12  1.50480e-12  2.20237e-27
1.061806378e+00  1.4984155e-12  1.49842e-12  1.49842e-12  2.76213e-27
1.067115410e+00  1.4949853e-12  1.49499e-12  1.49499e-12  3.45901e-27
1.072450987e+00  1.4960514e-12  1.49605e-12  1.49605e-12  4.32466e-27
1.077813242e+00  1.4912866e-12  1.49129e-12  1.49129e-12  5.40351e-27
1.083202308e+00  1.4937536e-12  1.49375e-12  1.49375e-12  6.73880e-27
1.088618319e+00  1.4966088e-12  1.49661e-12  1.49661e-12  8.39382e-27
1.094061411e+00  1.4946153e-12  1.49462e-12  1.49462e-12  1.04478e-26
1.099531718e+00  1.4969444e-12  1.49694e-12  1.49694e-12  1.29839e-26
1.105029377e+00  1.4908975e-12  1.49090e-12  1.49090e-12  1.61297e-26
1.110554523e+00  1.4959044e-12  1.49590e-12  1.49590e-12  1.99931e-26
1.116107296e+00  1.4949189e-12  1.49492e-12  1.49492e-12  2.47677e-26
1.121687832e+00  1.4971516e-12  1.49715e-12  1.49715e-12  3.06377e-26
1.127296272e+00  1.4920286e-12  1.49203e-12  1.49203e-12  3.78827e-26
1.132932753e+00  1.4893103e-12  1.48931e-12  1.48931e-12  4.67769e-26
1.138597417e+00  1.4885119e-12  1.48851e-12  1.48851e-12  5.76831e-26
1.144290404e+00  1.4964790e-12  1.49648e-12  1.49648e-12  7.09907e-26
1.150011856e+00  1.4969042e-12  1.49690e-12  1.49690e-12  8.73352e-26
1.155761915e+00  1.4964408e-12  1.49644e-12  1.49644e-12  1.07332e-25
1.161540725e+00  1.5021305e-12  1.50213e-12  1.50213e-12  1.31681e-25
1.167348428e+00  1.5016167e-12  1.50162e-12  1.50162e-12  1.61475e-25
1.173185171e+00  1.5046979e-12  1.50470e-12  1.50470e-12  1.97722e-25
1.179051096e+00  1.5066552e-12  1.50666e-12  1.50666e-12  2.41866e-25
1.184946352e+00  1.5144504e-12  1.51445e-12  1.51445e-12  2.95370e-25
1.190871084e+00  1.5170082e-12  1.51701e-12  1.51701e-12  3.60509e-25
1.196825439e+00  1.5115436e-12  1.51154e-12  1.51154e-12  4.39898e-25
1.202809566e+00  1.5154081e-12  1.51541e-12  1.51541e-12  5.35685e-25
1.208823614e+00  1.5281762e-12  1.52818e-12  1.52818e-12  6.51037e-25
1.214867732e+00  1.5343894e-12  1.53439e-12  1.53439e-12  7.90913e-25
1.220942071e+00  1.5447343e-12  1.54473e-12  1.54473e-12  9.59411e-25
1.227046781e+00  1.5550444e-12  1.55504e-12  1.55504e-12  1.16258e-24
1.233182015e+00  1.5630961e-12  1.56310e-12  1.56310e-12  1.40761e-24
1.239347925e+00  1.5669172e-12  1.56692e-12  1.56692e-12  1.70326e-24
1.245544665e+00  1.5691980e-12  1.56920e-12  1.56920e-12  2.05920e-24
1.251772388e+00  1.5786411e-12  1.57864e-12  1.57864e-12  2.48507e-24
1.258031250e+00  1.5812533e-12  1.58125e-12  1.58125e-12  2.99808e-24
1.264321406e+00  1.5873701e-12  1.58737e-12  1.58737e-12  3.61195e-24
1.270643013e+00  1.5952123e-12  1.59521e-12  1.59521e-12  4.34625e-24
1.276996228e+00  1.6033505e-12  1.60335e-12  1.60335e-12  5.22434e-24
1.283381209e+00  1.6051903e-12  1.60519e-12  1.60519e-12  6.27776e-24
1.289798116e+00  1.6173746e-12  1.61737e-12  1.61737e-12  7.52751e-24
1.296247106e+00  1.6219872e-12  1.62199e-12  1.62199e-12  9.02444e-24
1.302728342e+00  1.6288324e-12  1.62883e-12  1.62883e-12  1.08056e-23
1.309241983e+00  1.6341591e-12  1.63416e-12  1.63416e-12  1.29277e-23
1.315788193e+00  1.6438140e-12  1.64381e-12  1.64381e-12  1.54437e-23
1.322367134e+00  1.6495084e-12  1.64951e-12  1.64951e-12  1.84394e-23
1.328978970e+00  1.6555999e-12  1.65560e-12  1.65560e-12  2.19936e-23
1.335623865e+00  1.6622919e-12  1.66229e-12  1.66229e-12  2.62055e-23
1.342301984e+00  1.6689497e-12  1.66895e-12  1.66895e-12  3.11939e-23
1.349013494e+00  1.6746368e-12  1.67464e-12  1.67464e-12  3.71000e-23
1.355758561e+00  1.6837118e-12  1.68371e-12  1.68371e-12  4.40648e-23
1.362537354e+00  1.6904608e-12  1.69046e-12  1.69046e-12  5.23008e-23
1.369350041e+00  1.6924463e-12  1.69245e-12  1.69245e-12  6.20516e-23
1.376196791e+00  1.7000542e-12  1.70005e-12  1.70005e-12  7.35023e-23
1.383077775e+00  1.7074088e-12  1.70741e-12  1.70741e-12  8.69864e-23
1.389993164e+00  1.7127877e-12  1.71279e-12  1.71279e-12  1.02871e-22
1.396943130e+00  1.7268166e-12  1.72682e-12  1.72682e-12  1.21418e-22
1.403927846e+00  1.7194222e-12  1.71942e-12  1.71942e-12  1.43542e-22
1.410947485e+00  1.7120015e-12  1.71200e-12  1.71200e-12  1.69544e-22
1.418002222e+00  1.7045554e-12  1.70456e-12  1.70456e-12  2.00075e-22
1.425092233e+00  1.6970850e-12  1.69709e-12  1.69709e-12  2.35892e-22
1.432217694e+00  1.6895912e-12  1.68959e-12  1.68959e-12  2.77873e-22
1.439378783e+00  1.6820749e-12  1.68207e-12  1.68207e-12  3.27033e-22
1.446575677e+00  1.6745372e-12  1.67454e-12  1.67454e-12  3.84551e-22
1.453808555e+00  1.6669788e-12  1.66698e-12  1.66698e-12  4.51786e-22
1.461077598e+00  1.6594008e-12  1.65940e-12  1.65940e-12  5.30313e-22
1.468382986e+00  1.6518042e-12  1.65180e-12  1.65180e-12  6.21946e-22
1.475724901e+00  1.6441897e-12  1.64419e-12  1.64419e-12  7.28779e-22
1.483103525e+00  1.6365583e-12  1.63656e-12  1.63656e-12  8.53228e-22
1.490519043e+00  1.6289109e-12  1.62891e-12  1.62891e-12  9.98070e-22
1.497971638e+00  1.6212483e-12  1.62125e-12  1.62125e-12  1.16650e-21
1.505461496e+00  1.6135716e-12  1.61357e-12  1.61357e-12  1.36220e-21
1.512988804e+00  1.6058814e-12  1.60588e-12  1.60588e-12  1.58938e-21
1.520553748e+00  1.5981787e-12  1.59818e-12  1.59818e-12  1.85290e-21
1.528156517e+00  1.5904643e-12  1.59046e-12  1.59046e-12  2.15829e-21
1.535797299e+00  1.5827390e-12  1.58274e-12  1.58274e-12  2.51193e-21
1.543476286e+00  1.5750037e-12  1.57500e-12  1.57500e-12  2.92108e-21
1.551193667e+00  1.5672592e-12  1.56726e-12  1.56726e-12  3.39407e-21
1.558949636e+00  1.5595063e-12  1.55951e-12  1.55951e-12  3.94042e-21
1.566744384e+00  1.5517458e-12  1.55175e-12  1.55175e-12  4.57098e-21
1.574578106e+00  1.5439784e-12  1.54398e-12  1.54398e-12  5.29814e-21
1.582450996e+00  1.5362051e-12  1.53621e-12  1.53621e-12  6.13600e-21
1.590363251e+00  1.5284264e-12  1.52843e-12  1.52843e-12  7.10065e-21
1.598315067e+00  1.5206432e-12  1.52064e-12  1.52064e-12  8.21038e-21
1.606306643e+00  1.5128562e-12  1.51286e-12  1.51286e-12  9.48598e-21
1.614338176e+00  1.5050662e-12  1.50507e-12  1.50507e-12  1.09511e-20
1.622409867e+00  1.4972739e-12  1.49727e-12  1.49727e-12  1.26325e-20
1.630521916e+00  1.4894800e-12  1.48948e-12  1.48948e-12  1.45606e-20
1.638674526e+00  1.4816853e-12  1.48169e-12  1.48169e-12  1.67699e-20
1.646867898e+00  1.4738903e-12  1.47389e-12  1.47389e-12  1.92995e-20
1.655102238e+00  1.4660959e-12  1.46610e-12  1.46610e-12  2.21934e-20
1.663377749e+00  1.4583027e-12  1.45830e-12  1.45830e-12  2.55016e-20
1.671694638e+00  1.4505113e-12  1.45051e-12  1.45051e-12  2.92805e-20
1.680053111e+00  1.4427225e-12  1.44272e-12  1.44272e-12  3.35938e-20
1.688453377e+00  1.4349369e-12  1.43494e-12  1.43494e-12  3.85133e-20
1.696895643e+00  1.4271551e-12  1.42716e-12  1.42716e-12  4.41199e-20
1.705380122e+00  1.4193778e-12  1.41938e-12  1.41938e-12  5.05047e-20
1.713907022e+00  1.4116056e-12  1.41161e-12  1.41161e-12  5.77704e-20
1.722476557e+00  1.4038391e-12  1.40384e-12  1.40384e-12  6.60323e-20
1.731088940e+00  1.3960789e-12  1.39608e-12  1.39608e-12  7.54199e-20
1.739744385e+00  1.3883256e-12  1.38833e-12  1.38833e-12  8.60787e-20
1.748443107e+00  1.3805798e-12  1.38058e-12  1.38058e-12  9.81720e-20
1.757185322e+00  1.3728421e-12  1.37284e-12  1.37284e-12  1.11883e-19
1.765971249e+00  1.3651130e-12  1.36511e-12  1.36511e-12  1.27416e-19
1.774801105e+00  1.3573932e-12  1.35739e-12  1.35739e-12  1.45001e-19
1.783675111e+00  1.3496831e-12  1.34968e-12  1.34968e-12  1.64895e-19
1.792593486e+00  1.3419834e-12  1.34198e-12  1.34198e-12  1.87384e-19
1.801556454e+00  1.3342944e-12  1.33429e-12  1.33429e-12  2.12790e-19
1.810564236e+00  1.3266169e-12  1.32662e-12  1.32662e-12  2.41469e-19
1.819617057e+00  1.3189512e-12  1.31895e-12  1.31895e-12  2.73820e-19
1.828715142e+00  1.3112980e-12  1.31130e-12  1.31130e-12  3.10289e-19
1.837858718e+00  1.3036576e-12  1.30366e-12  1.30366e-12  3.51370e-19
1.847048012e+00  1.2960306e-12  1.29603e-12  1.29603e-12  3.97614e-19
1.856283252e+00  1.2884175e-12  1.28842e-12  1.28842e-12  4.49634e-19
1.865564668e+00  1.2808187e-12  1.28082e-12  1.28082e-12  5.08112e-19
1.874892491e+00  1.2732347e-12  1.27323e-12  1.27323e-12  5.73803e-19
1.884266954e+00  1.2656660e-12  1.26567e-12  1.26567e-12  6.47546e-19
1.893688289e+00  1.2581130e-12  1.25811e-12  1.25811e-12  7.30273e-19
1.903156730e+00  1.2505761e-12  1.25058e-12  1.25058e-12  8.23015e-19
1.912672514e+00  1.2430559e-12  1.24306e-12  1.24305e-12  9.26915e-19
1.922235876e+00  1.2355526e-12  1.23555e-12  1.23555e-12  1.04324e-18
1.931847056e+00  1.2280668e-12  1.22807e-12  1.22807e-12  1.17338e-18
1.941506291e+00  1.2205988e-12  1.22060e-12  1.22060e-12  1.31888e-18
1.951213822e+00  1.2131490e-12  1.21315e-12  1.21315e-12  1.48146e-18
1.960969892e+00  1.2057179e-12  1.20572e-12  1.20572e-12  1.66299e-18
1.970774741e+00  1.1983058e-12  1.19831e-12  1.19830e-12  1.86555e-18
1.980628615e+00  1.1909130e-12  1.19091e-12  1.19091e-12  2.09144e-18
1.990531758e+00  1.1835401e-12  1.18354e-12  1.18354e-12  2.34317e-18
2.000484417e+00  1.1761872e-12  1.17619e-12  1.17618e-12  2.62352e-18
2.010486839e+00  1.1688548e-12  1.16885e-12  1.16885e-12  2.93554e-18
2.020539273e+00  1.1615433e-12  1.16154e-12  1.16154e-12  3.28259e-18
2.030641969e+00  1.1542529e-12  1.15425e-12  1.15425e-12  3.66835e-18
2.040795179e+00  1.1469840e-12  1.14698e-12  1.14698e-12  4.09688e-18
2.050999155e+00  1.1397370e-12  1.13974e-12  1.13973e-12  4.57262e-18
2.061254151e+00  1.1325121e-12  1.13251e-12  1.13251e-12  5.10043e-18
2.071560421e+00  1.1253096e-12  1.12531e-12  1.12530e-12  5.68565e-18
2.081918224e+00  1.1181300e-12  1.11813e-12  1.11812e-12  6.33412e-18
2.092327815e+00  1.1109734e-12  1.11097e-12  1.11097e-12  7.05224e-18
2.102789454e+00  1.1038401e-12  1.10384e-12  1.10383e-12  7.84699e-18
2.113303401e+00  1.0967305e-12  1.09673e-12  1.09672e-12  8.72602e-18
2.123869918e+00  1.0896449e-12  1.08964e-12  1.08964e-12  9.69768e-18
2.134489268e+00  1.0825834e-12  1.08258e-12  1.08257e-12  1.07711e-17
2.145161714e+00  1.0755464e-12  1.07555e-12  1.07553e-12  1.19561e-17
2.155887523e+00  1.0685342e-12  1.06853e-12  1.06852e-12  1.32637e-17
2.166666960e+00  1.0615469e-12  1.06155e-12  1.06153e-12  1.47056e-17
2.177500295e+00  1.0545850e-12  1.05458e-12  1.05457e-12  1.62946e-17
2.188387796e+00  1.0476485e-12  1.04765e-12  1.04763e-12  1.80448e-17
2.199329735e+00  1.0407377e-12  1.04074e-12  1.04072e-12  1.99714e-17
2.210326384e+00  1.0338529e-12  1.03385e-12  1.03383e-12  2.20908e-17
2.221378016e+00  1.0269943e-12  1.02699e-12  1.02697e-12  2.44211e-17
2.232484906e+00  1.0201622e-12  1.02016e-12  1.02014e-12  2.69817e-17
2.243647331e+00  1.0133567e-12  1.01336e-12  1.01333e-12  2.97938e-17
2.254865567e+00  1.0065781e-12  1.00658e-12  1.00655e-12  3.28804e-17
2.266139895e+00  9.9982665e-13  9.99827e-13  9.99790e-13  3.62661e-17
2.277470595e+00  9.9310245e-13  9.93102e-13  9.93062e-13  3.99781e-17
2.288857948e+00  9.8640577e-13  9.86406e-13  9.86362e-13  4.40454e-17
2.300302237e+00  9.7973681e-13  9.79737e-13  9.79688e-13  4.84994e-17
2.311803748e+00  9.7309577e-13  9.73096e-13  9.73042e-13  5.33743e-17
2.323362767e+00  9.6648285e-13  9.66483e-13  9.66424e-13  5.87068e-17
2.334979581e+00  9.5989824e-13  9.59898e-13  9.59834e-13  6.45368e-17
2.346654479e+00  9.5334214e-13  9.53342e-13  9.53271e-13  7.09069e-17
2.358387751e+00  9.4681474e-13  9.46815e-13  9.46737e-13  7.78636e-17
2.370179690e+00  9.4031622e-13  9.40316e-13  9.40231e-13  8.54566e-17
2.382030589e+00  9.3384679e-13  9.33847e-13  9.33753e-13  9.37397e-17
2.393940742e+00  9.2740662e-13  9.27407e-13  9.27304e-13  1.02771e-16
2.405910445e+00  9.2099590e-13  9.20996e-13  9.20883e-13  1.12612e-16
2.417939997e+00  9.1461482e-13  9.14615e-13  9.14491e-13  1.23330e-16
2.430029697e+00  9.0826356e-13  9.08264e-13  9.08129e-13  1.34997e-16
2.442179846e+00  9.0194232e-13  9.01942e-13  9.01795e-13  1.47691e-16
2.454390745e+00  8.9565128e-13  8.95651e-13  8.95490e-13  1.61493e-16
2.466662699e+00  8.8939062e-13  8.89391e-13  8.89214e-13  1.76494e-16
2.478996012e+00  8.8316054e-13  8.83161e-13  8.82968e-13  1.92789e-16
2.491390992e+00  8.7696124e-13  8.76961e-13  8.76751e-13  2.10481e-16
2.503847947e+00  8.7079290e-13  8.70793e-13  8.70563e-13  2.29678e-16
2.516367187e+00  8.6465573e-13  8.64656e-13  8.64405e-13  2.50499e-16
2.528949023e+00  8.5854993e-13  8.58550e-13  8.58277e-13  2.73068e-16
2.541593768e+00  8.5247571e-13  8.52476e-13  8.52178e-13  2.97522e-16
2.554301737e+00  8.4643327e-13  8.46433e-13  8.46109e-13  3.24003e-16
2.567073246e+00  8.4042285e-13  8.40423e-13  8.40070e-13  3.52665e-16
2.579908612e+00  8.3444465e-13  8.34445e-13  8.34061e-13  3.83672e-16
2.592808155e+00  8.2849892e-13  8.28499e-13  8.28082e-13  4.17199e-16
2.605772196e+00  8.2258588e-13  8.22586e-13  8.22132e-13  4.53433e-16
2.618801057e+00  8.1670580e-13  8.16706e-13  8.16213e-13  4.92574e-16
2.631895062e+00  8.1085892e-13  8.10859e-13  8.10324e-13  5.34833e-16
2.645054537e+00  8.0504550e-13  8.05046e-13  8.04465e-13  5.80436e-16
2.658279810e+00  7.9926584e-13  7.99266e-13  7.98636e-13  6.29625e-16
2.671571209e+00  7.9352021e-13  7.93520e-13  7.92838e-13  6.82654e-16
2.684929065e+00  7.8780891e-13  7.87809e-13  7.87069e-13  7.39798e-16
2.698353710e+00  7.8213227e-13  7.82132e-13  7.81331e-13  8.01344e-16
2.711845479e+00  7.7649061e-13  7.76491e-13  7.75623e-13  8.67601e-16
2.725404706e+00  7.7088427e-13  7.70884e-13  7.69945e-13  9.38896e-16
2.739031730e+00  7.6531361e-13  7.65314e-13  7.64298e-13  1.01557e-15
2.752726889e+00  7.5977902e-13  7.59779e-13  7.58681e-13  1.09800e-15
2.766490523e+00  7.5428090e-13  7.54281e-13  7.53094e-13  1.18657e-15
2.780322976e+00  7.4881965e-13  7.48820e-13  7.47538e-13  1.28170e-15
2.794224591e+00  7.4339572e-13  7.43396e-13  7.42012e-13  1.38382e-15
2.808195713e+00  7.3800957e-13  7.38010e-13  7.36516e-13  1.49339e-15
2.822236692e+00  7.3266168e-13  7.32662e-13  7.31051e-13  1.61091e-15
2.836347875e+00  7.2735257e-13  7.27353e-13  7.25616e-13  1.73689e-15
2.850529615e+00  7.2208276e-13  7.22083e-13  7.20211e-13  1.87188e-15
2.864782263e+00  7.1685284e-13  7.16853e-13  7.14836e-13  2.01647e-15
2.879106174e+00  7.1166338e-13  7.11663e-13  7.09492e-13  2.17125e-15
2.893501705e+00  7.0651503e-13  7.06515e-13  7.04178e-13  2.33689e-15
2.907969214e+00  7.0140842e-13  7.01408e-13  6.98894e-13  2.51405e-15
2.922509060e+00  6.9634426e-13  6.96344e-13  6.93641e-13  2.70346e-15
2.937121605e+00  6.9132328e-13  6.91323e-13  6.88417e-13  2.90587e-15
2.951807213e+00  6.8634624e-13  6.86346e-13  6.83224e-13  3.12208e-15
2.966566249e+00  6.8141395e-13  6.81414e-13  6.78061e-13  3.35293e-15
2.981399080e+00  6.7652725e-13  6.76527e-13  6.72928e-13  3.59931e-15
2.996306076e+00  6.7168704e-13  6.71687e-13  6.67825e-13  3.86214e-15
3.011287606e+00  6.6689426e-13  6.66894e-13  6.62752e-13  4.14240e-15
3.026344044e+00  6.6214988e-13  6.62150e-13  6.57709e-13  4.44112e-15
3.041475764e+00  6.5745494e-13  6.57455e-13  6.52696e-13  4.75938e-15
3.056683143e+00  6.5281053e-13  6.52811e-13  6.47712e-13  5.09831e-15
3.071966559e+00  6.4821779e-13  6.48218e-13  6.42759e-13  5.45910e-15
3.087326392e+00  6.4367790e-13  6.43678e-13  6.37835e-13  5.84300e-15
3.102763024e+00  6.3919214e-13  6.39192e-13  6.32941e-13  6.25131e-15
3.118276839e+00  6.3476180e-13  6.34762e-13  6.28076e-13  6.68542e-15
3.133868223e+00  6.3038827e-13  6.30388e-13  6.23242e-13  7.14675e-15
3.149537564e+00  6.2607299e-13  6.26073e-13  6.18436e-13  7.63681e-15
3.165285252e+00  6.2181747e-13  6.21817e-13  6.13660e-13  8.15718e-15
3.181111678e+00  6.1762330e-13  6.17623e-13  6.08914e-13  8.70949e-15
3.197017237e+00  6.1349212e-13  6.13492e-13  6.04197e-13  9.29549e-15
3.213002323e+00  6.0942568e-13  6.09426e-13  5.99509e-13  9.91695e-15
3.229067334e+00  6.0542579e-13  6.05426e-13  5.94850e-13  1.05758e-14
3.245212671e+00  6.0149432e-13  6.01494e-13  5.90220e-13  1.12739e-14
3.261438734e+00  5.9763327e-13  5.97633e-13  5.85620e-13  1.20134e-14
3.277745928e+00  5.9384470e-13  5.93845e-13  5.81048e-13  1.27965e-14
3.294134658e+00  5.9013075e-13  5.90131e-13  5.76506e-13  1.36252e-14
3.310605331e+00  5.8649367e-13  5.86494e-13  5.71992e-13  1.45021e-14
3.327158358e+00  5.8293582e-13  5.82936e-13  5.67506e-13  1.54294e-14
3.343794149e+00  5.7945962e-13  5.79460e-13  5.63050e-13  1.64097e-14
3.360513120e+00  5.7606763e-13  5.76068e-13  5.58622e-13  1.74457e-14
3.377315686e+00  5.7276248e-13  5.72762e-13  5.54222e-13  1.85401e-14
3.394202264e+00  5.6954695e-13  5.69547e-13  5.49851e-13  1.96956e-14
3.411173276e+00  5.6642389e-13  5.66424e-13  5.45509e-13  2.09154e-14
3.428229142e+00  5.6339629e-13  5.63396e-13  5.41194e-13  2.22024e-14
3.445370288e+00  5.6046725e-13  5.60467e-13  5.36907e-13  2.35598e-14
3.462597139e+00  5.5763999e-13  5.57640e-13  5.32649e-13  2.49910e-14
3.479910125e+00  5.5491785e-13  5.54918e-13  5.28418e-13  2.64994e-14
3.497309675e+00  5.5230431e-13  5.52304e-13  5.24216e-13  2.80885e-14
3.514796224e+00  5.4980298e-13  5.49803e-13  5.20041e-13  2.97621e-14
3.532370205e+00  5.4741759e-13  5.47418e-13  5.15894e-13  3.15240e-14
3.550032056e+00  5.4515201e-13  5.45152e-13  5.11774e-13  3.33781e-14
3.567782216e+00  5.4301025e-13  5.43010e-13  5.07682e-13  3.53286e-14
3.585621127e+00  5.4099649e-13  5.40996e-13  5.03617e-13  3.73798e-14
3.603549233e+00  5.3911502e-13  5.39115e-13  4.99579e-13  3.95360e-14
3.621566979e+00  5.3737029e-13  5.37370e-13  4.95568e-13  4.18018e-14
3.639674814e+00  5.3576692e-13  5.35767e-13  4.91585e-13  4.41819e-14
3.657873188e+00  5.3430967e-13  5.34310e-13  4.87628e-13  4.66812e-14
3.676162554e+00  5.3300346e-13  5.33003e-13  4.83699e-13  4.93047e-14
3.694543367e+00  5.3185339e-13  5.31853e-13  4.79796e-13  5.20577e-14
3.713016084e+00  5.3086470e-13  5.30865e-13  4.75919e-13  5.49453e-14
3.731581164e+00  5.3004281e-13  5.30043e-13  4.72070e-13  5.79733e-14
3.750239070e+00  5.2939332e-13  5.29393e-13  4.68246e-13  6.11473e-14
3.768990265e+00  5.2892199e-13  5.28922e-13  4.64449e-13  6.44731e-14
3.787835216e+00  5.2863478e-13  5.28635e-13  4.60678e-13  6.79568e-14
3.806774393e+00  5.2853780e-13  5.28538e-13  4.56933e-13  7.16048e-14
3.825808265e+00  5.2863736e-13  5.28637e-13  4.53214e-13  7.54232e-14
3.844937306e+00  5.2893996e-13  5.28940e-13  4.49521e-13  7.94189e-14
3.864161992e+00  5.2945228e-13  5.29452e-13  4.45854e-13  8.35986e-14
3.883482802e+00  5.3018119e-13  5.30181e-13  4.42212e-13  8.79692e-14
3.902900216e+00  5.3113375e-13  5.31134e-13  4.38596e-13  9.25380e-14
3.922414717e+00  5.3231724e-13  5.32317e-13  4.35005e-13  9.73123e-14
3.942026791e+00  5.3373910e-13  5.33739e-13  4.31439e-13  1.02300e-13
3.961736925e+00  5.3540700e-13  5.35407e-13  4.27899e-13  1.07508e-13
3.981545610e+00  5.3732879e-13  5.37329e-13  4.24384e-13  1.12945e-13
4.001453338e+00  5.3951254e-13  5.39513e-13  4.20893e-13  1.18619e-13
4.021460604e+00  5.4196652e-13  5.41967e-13  4.17428e-13  1.24539e-13
4.041567907e+00  5.4469920e-13  5.44699e-13  4.13987e-13  1.30712e-13
4.061775747e+00  5.4771926e-13  5.47719e-13  4.10571e-13  1.37149e-13
4.082084626e+00  5.5103559e-13  5.51036e-13  4.07179e-13  1.43857e-13
4.102495049e+00  5.5465731e-13  5.54657e-13  4.03811e-13  1.50846e-13
4.123007524e+00  5.5859371e-13  5.58594e-13  4.00468e-13  1.58126e-13
4.143622562e+00  5.6285433e-13  5.62854e-13  3.97149e-13  1.65706e-13
4.164340674e+00  5.6744892e-13  5.67449e-13  3.93854e-13  1.73595e-13
4.185162378e+00  5.7238740e-13  5.72387e-13  3.90582e-13  1.81805e-13
4.206088190e+00  5.7767997e-13  5.77680e-13  3.87335e-13  1.90345e-13
4.227118631e+00  5.8333699e-13  5.83337e-13  3.84111e-13  1.99226e-13
4.248254224e+00  5.8936905e-13  5.89369e-13  3.80910e-13  2.08459e-13
4.269495495e+00  5.9578697e-13  5.95787e-13  3.77733e-13  2.18054e-13
4.290842972e+00  6.0260175e-13  6.02602e-13  3.74579e-13  2.28022e-13
4.312297187e+00  6.0982464e-13  6.09825e-13  3.71449e-13  2.38376e-13
4.333858673e+00  6.1746707e-13  6.17467e-13  3.68341e-13  2.49126e-13
4.355527967e+00  6.2554070e-13  6.25541e-13  3.65256e-13  2.60284e-13
4.377305606e+00  6.3405738e-13  6.34057e-13  3.62194e-13  2.71863e-13
4.399192134e+00  6.4302918e-13  6.43029e-13  3.59155e-13  2.83874e-13
4.421188095e+00  6.5246837e-13  6.52468e-13  3.56138e-13  2.96330e-13
4.443294036e+00  6.6238742e-13  6.62387e-13  3.53144e-13  3.09244e-13
4.465510506e+00  6.7279902e-13  6.72799e-13  3.50172e-13  3.22627e-13
4.487838058e+00  6.8371603e-13  6.83716e-13  3.47222e-13  3.36494e-13
4.510277249e+00  6.9515153e-13  6.95152e-13  3.44294e-13  3.50858e-13
4.532828635e+00  7.0711877e-13  7.07119e-13  3.41388e-13  3.65731e-13
4.555492778e+00  7.1963120e-13  7.19631e-13  3.38504e-13  3.81128e-13
4.578270242e+00  7.3270246e-13  7.32702e-13  3.35641e-13  3.97061e-13
4.601161593e+00  7.4634637e-13  7.46346e-13  3.32800e-13  4.13546e-13
4.624167401e+00  7.6057692e-13  7.60577e-13  3.29980e-13  4.30596e-13
4.647288238e+00  7.7540828e-13  7.75408e-13  3.27182e-13  4.48226e-13
4.670524679e+00  7.9085478e-13  7.90855e-13  3.24405e-13  4.66450e-13
4.693877303e+00  8.0693092e-13  8.06931e-13  3.21649e-13  4.85282e-13
4.717346689e+00  8.2365137e-13  8.23651e-13  3.18914e-13  5.04737e-13
4.740933423e+00  8.4103094e-13  8.41031e-13  3.16200e-13  5.24831e-13
4.764638090e+00  8.5908458e-13  8.59085e-13  3.13506e-13  5.45578e-13
4.788461280e+00  8.7782740e-13  8.77827e-13  3.10833e-13  5.66994e-13
4.812403587e+00  8.9727463e-13  8.97275e-13  3.08181e-13  5.89094e-13
4.836465604e+00  9.1744165e-13  9.17442e-13  3.05549e-13  6.11893e-13
4.860647933e+00  9.3834395e-13  9.38344e-13  3.02937e-13  6.35407e-13
4.884951172e+00  9.5999712e-13  9.59997e-13  3.00345e-13  6.59652e-13
4.909375928e+00  9.8241689e-13  9.82417e-13  2.97773e-13  6.84644e-13
4.933922808e+00  1.0056191e-12  1.00562e-12  2.95221e-13  7.10398e-13
4.958592422e+00  1.0296196e-12  1.02962e-12  2.92689e-13  7.36931e-13
4.983385384e+00  1.0544344e-12  1.05443e-12  2.90176e-13  7.64259e-13
5.008302311e+00  1.0800796e-12  1.08008e-12  2.87683e-13  7.92397e-13
5.033343822e+00  1.1065713e-12  1.10657e-12  2.85209e-13  8.21363e-13
5.058510541e+00  1.1339257e-12  1.13393e-12  2.82754e-13  8.51172e-13
5.083803094e+00  1.1621591e-12  1.16216e-12  2.80319e-13  8.81841e-13
5.109222110e+00  1.1912879e-12  1.19129e-12  2.77902e-13  9.13386e-13
5.134768220e+00  1.2213282e-12  1.22133e-12  2.75505e-13  9.45824e-13
5.160442061e+00  1.2522964e-12  1.25230e-12  2.73126e-13  9.79171e-13
5.186244272e+00  1.2842090e-12  1.28421e-12  2.70766e-13  1.01344e-12
5.212175493e+00  1.3170823e-12  1.31708e-12  2.68424e-13  1.04866e-12
5.238236370e+00  1.3509326e-12  1.35093e-12  2.66101e-13  1.08483e-12
5.264427552e+00  1.3857764e-12  1.38578e-12  2.63796e-13  1.12198e-12
5.290749690e+00  1.4216299e-12  1.42163e-12  2.61509e-13  1.16012e-12
5.317203438e+00  1.4585093e-12  1.45851e-12  2.59241e-13  1.19927e-12
5.343789456e+00  1.4964310e-12  1.49643e-12  2.56990e-13  1.23944e-12
5.370508403e+00  1.5354111e-12  1.53541e-12  2.54757e-13  1.28065e-12
5.397360945e+00  1.5754658e-12  1.57547e-12  2.52542e-13  1.32292e-12
5.424347750e+00  1.6166109e-12  1.61661e-12  2.50344e-13  1.36627e-12
5.451469488e+00  1.6588625e-12  1.65886e-12  2.48164e-13  1.41070e-12
5.478726836e+00  1.7022364e-12  1.70224e-12  2.46002e-13  1.45623e-12
5.506120470e+00  1.7467483e-12  1.74675e-12  2.43856e-13  1.50289e-12
5.533651072e+00  1.7924137e-12  1.79241e-12  2.41728e-13  1.55069e-12
5.561319328e+00  1.8392482e-12  1.83925e-12  2.39617e-13  1.59963e-12
5.589125924e+00  1.8872668e-12  1.88727e-12  2.37522e-13  1.64974e-12
5.617071554e+00  1.9364849e-12  1.93648e-12  2.35445e-13  1.70104e-12
5.645156912e+00  1.9869173e-12  1.98692e-12  2.33384e-13  1.75353e-12
5.673382696e+00  2.0385788e-12  2.03858e-12  2.31340e-13  1.80724e-12
5.701749610e+00  2.0914839e-12  2.09148e-12  2.29312e-13  1.86217e-12
5.730258358e+00  2.1456469e-12  2.14565e-12  2.27301e-13  1.91835e-12
5.758909650e+00  2.2010820e-12  2.20108e-12  2.25306e-13  1.97578e-12
5.787704198e+00  2.2578030e-12  2.25780e-12  2.23327e-13  2.03448e-12
5.816642719e+00  2.3158236e-12  2.31582e-12  2.21364e-13  2.09446e-12
5.845725932e+00  2.3751571e-12  2.37516e-12  2.19417e-13  2.15574e-12
5.874954562e+00  2.4358165e-12  2.43582e-12  2.17485e-13  2.21833e-12
5.904329335e+00  2.4978147e-12  2.49781e-12  2.15570e-13  2.28224e-12
5.933850982e+00  2.5611642e-12  2.56116e-12  2.13670e-13  2.34749e-12
5.963520237e+00  2.6258772e-12  2.62588e-12  2.11786e-13  2.41409e-12
5.993337838e+00  2.6919654e-12  2.69197e-12  2.09916e-13  2.48205e-12
6.023304527e+00  2.7594404e-12  2.75944e-12  2.08063e-13  2.55138e-12
6.053421050e+00  2.8283135e-12  2.82831e-12  2.06224e-13  2.62209e-12
6.083688155e+00  2.8985953e-12  2.89860e-12  2.04400e-13  2.69419e-12
6.114106596e+00  2.9702964e-12  2.97030e-12  2.02592e-13  2.76770e-12
6.144677129e+00  3.0434268e-12  3.04343e-12  2.00798e-13  2.84263e-12
6.175400514e+00  3.1179961e-12  3.11800e-12  1.99019e-13  2.91898e-12
6.206277517e+00  3.1940137e-12  3.19401e-12  1.97255e-13  2.99676e-12
6.237308904e+00  3.2714883e-12  3.27149e-12  1.95505e-13  3.07598e-12
6.268495449e+00  3.3504283e-12  3.35043e-12  1.93769e-13  3.15666e-12
6.299837926e+00  3.4308419e-12  3.43084e-12  1.92048e-13  3.23879e-12
6.331337116e+00  3.5127363e-12  3.51274e-12  1.90341e-13  3.32239e-12
6.362993801e+00  3.5961188e-12  3.59612e-12  1.88649e-13  3.40747e-12
6.394808770e+00  3.6809959e-12  3.68100e-12  1.86970e-13  3.49403e-12
6.426782814e+00  3.7673738e-12  3.76737e-12  1.85305e-13  3.58207e-12
6.458916728e+00  3.8552580e-12  3.85526e-12  1.83654e-13  3.67160e-12
6.491211312e+00  3.9446537e-12  3.94465e-12  1.82017e-13  3.76264e-12
6.523667368e+00  4.0355656e-12  4.03557e-12  1.80393e-13  3.85517e-12
6.556285705e+00  4.1279976e-12  4.12800e-12  1.78783e-13  3.94921e-12
6.589067134e+00  4.2219534e-12  4.22195e-12  1.77187e-13  4.04477e-12
6.622012469e+00  4.3174361e-12  4.31744e-12  1.75603e-13  4.14183e-12
6.655122532e+00  4.4144481e-12  4.41445e-12  1.74033e-13  4.24041e-12
6.688398144e+00  4.5129914e-12  4.51299e-12  1.72476e-13  4.34052e-12
6.721840135e+00  4.6130674e-12  4.61307e-12  1.70932e-13  4.44214e-12
6.755449336e+00  4.7146770e-12  4.71468e-12  1.69401e-13  4.54528e-12
6.789226583e+00  4.8178203e-12  4.81782e-12  1.67883e-13  4.64994e-12
6.823172715e+00  4.9224971e-12  4.92250e-12  1.66378e-13  4.75612e-12
6.857288579e+00  5.0287065e-12  5.02871e-12  1.64885e-13  4.86382e-12
6.891575022e+00  5.1364471e-12  5.13645e-12  1.63405e-13  4.97304e-12
6.926032897e+00  5.2457166e-12  5.24572e-12  1.61937e-13  5.08378e-12
6.960663062e+00  5.3565125e-12  5.35651e-12  1.60482e-13  5.19603e-12
6.995466377e+00  5.4688316e-12  5.46883e-12  1.59039e-13  5.30979e-12
7.030443709e+00  5.5826698e-12  5.58267e-12  1.57608e-13  5.42506e-12
7.065595927e+00  5.6980227e-12  5.69802e-12  1.56190e-13  5.54183e-12
7.100923907e+00  5.8148852e-12  5.81489e-12  1.54783e-13  5.66010e-12
7.136428526e+00  5.9332516e-12  5.93325e-12  1.53388e-13  5.77986e-12
7.172110669e+00  6.0531155e-12  6.05312e-12  1.52005e-13  5.90111e-12
7.207971222e+00  6.1744699e-12  6.17447e-12  1.50634e-13  6.02384e-12
7.244011079e+00  6.2973074e-12  6.29731e-12  1.49274e-13  6.14803e-12
7.280231134e+00  6.4216195e-12  6.42162e-12  1.47926e-13  6.27369e-12
7.316632290e+00  6.5473976e-12  6.54740e-12  1.46590e-13  6.40081e-12
7.353215451e+00  6.6746321e-12  6.67463e-12  1.45265e-13  6.52937e-12
7.389981528e+00  6.8033130e-12  6.80331e-12  1.43951e-13  6.65936e-12
7.426931436e+00  6.9334295e-12  6.93343e-12  1.42648e-13  6.79078e-12
7.464066093e+00  7.0649702e-12  7.06497e-12  1.41357e-13  6.92361e-12
7.501386424e+00  7.1979232e-12  7.19792e-12  1.40077e-13  7.05785e-12
7.538893356e+00  7.3322759e-12  7.33228e-12  1.38807e-13  7.19347e-12
7.576587822e+00  7.4680151e-12  7.46802e-12  1.37549e-13  7.33047e-12
7.614470762e+00  7.6051269e-12  7.60513e-12  1.36301e-13  7.46883e-12
7.652543115e+00  7.7435969e-12  7.74360e-12  1.35064e-13  7.60853e-12
7.690805831e+00  7.8834099e-12  7.88341e-12  1.33837e-13  7.74957e-12
7.729259860e+00  8.0245504e-12  8.02455e-12  1.32621e-13  7.89193e-12
7.767906159e+00  8.1670021e-12  8.16700e-12  1.31416e-13  8.03559e-12
7.806745690e+00  8.3107479e-12  8.31075e-12  1.30221e-13  8.18053e-12
7.845779419e+00  8.4557706e-12  8.45577e-12  1.29036e-13  8.32673e-12
7.885008316e+00  8.6020519e-12  8.60205e-12  1.27862e-13  8.47419e-12
7.924433357e+00  8.7495733e-12  8.74957e-12  1.26697e-13  8.62288e-12
7.964055524e+00  8.8983155e-12  8.89832e-12  1.25543e-13  8.77277e-12
8.003875802e+00  9.0482586e-12  9.04826e-12  1.24399e-13  8.92386e-12
8.043895181e+00  9.1993824e-12  9.19938e-12  1.23264e-13  9.07612e-12
8.084114657e+00  9.3516657e-12  9.35167e-12  1.22139e-13  9.22953e-12
8.124535230e+00  9.5050873e-12  9.50509e-12  1.21025e-13  9.38406e-12
8.165157906e+00  9.6596249e-12  9.65962e-12  1.19919e-13  9.53971e-12
8.205983696e+00  9.8152562e-12  9.81526e-12  1.18824e-13  9.69643e-12
8.247013614e+00  9.9719578e-12  9.97196e-12  1.17738e-13  9.85422e-12
8.288248682e+00  1.0129706e-11  1.01297e-11  1.16661e-13  1.00130e-11
8.329689926e+00  1.0288477e-11  1.02885e-11  1.15594e-13  1.01729e-11
8.371338375e+00  1.0448247e-11  1.04482e-11  1.14536e-13  1.03337e-11
8.413195067e+00  1.0608989e-11  1.06090e-11  1.13487e-13  1.04955e-11
8.455261042e+00  1.0770678e-11  1.07707e-11  1.12448e-13  1.06582e-11
8.497537348e+00  1.0933289e-11  1.09333e-11  1.11417e-13  1.08219e-11
8.540025034e+00  1.1096794e-11  1.10968e-11  1.10396e-13  1.09864e-11
8.582725160e+00  1.1261167e-11  1.12612e-11  1.09383e-13  1.11518e-11
8.625638785e+00  1.1426381e-11  1.14264e-11  1.08379e-13  1.13180e-11
8.668766979e+00  1.1592407e-11  1.15924e-11  1.07384e-13  1.14850e-11
8.712110814e+00  1.1759217e-11  1.17592e-11  1.06398e-13  1.16528e-11
8.755671368e+00  1.1926783e-11  1.19268e-11  1.05421e-13  1.18214e-11
8.799449725e+00  1.2095075e-11  1.20951e-11  1.04452e-13  1.19906e-11
8.843446974e+00  1.2264064e-11  1.22641e-11  1.03491e-13  1.21606e-11
8.887664209e+00  1.2433721e-11  1.24337e-11  1.02539e-13  1.23312e-11
8.932102530e+00  1.2604015e-11  1.26040e-11  1.01595e-13  1.25024e-11
8.976763042e+00  1.2774915e-11  1.27749e-11  1.00660e-13  1.26743e-11
9.021646857e+00  1.2946392e-11  1.29464e-11  9.97328e-14  1.28467e-11
9.066755092e+00  1.3118413e-11  1.31184e-11  9.88138e-14  1.30196e-11
9.112088867e+00  1.3290947e-11  1.32909e-11  9.79030e-14  1.31930e-11
9.157649312e+00  1.3463963e-11  1.34640e-11  9.70001e-14  1.33670e-11
9.203437558e+00  1.3637429e-11  1.36374e-11  9.61053e-14  1.35413e-11
9.249454746e+00  1.3811312e-11  1.38113e-11  9.52183e-14  1.37161e-11
9.295702020e+00  1.3985581e-11  1.39856e-11  9.43392e-14  1.38912e-11
9.342180530e+00  1.4160201e-11  1.41602e-11  9.34679e-14  1.40667e-11
9.388891432e+00  1.4335141e-11  1.43351e-11  9.26043e-14  1.42425e-11
9.435835890e+00  1.4510368e-11  1.45104e-11  9.17483e-14  1.44186e-11
9.483015069e+00  1.4685847e-11  1.46858e-11  9.08999e-14  1.45949e-11
9.530430144e+00  1.4861546e-11  1.48615e-11  9.00591e-14  1.47715e-11
9.578082295e+00  1.5037432e-11  1.50374e-11  8.92257e-14  1.49482e-11
9.625972707e+00  1.5213469e-11  1.52135e-11  8.83997e-14  1.51251e-11
9.674102570e+00  1.5389625e-11  1.53896e-11  8.75810e-14  1.53020e-11
9.722473083e+00  1.5565865e-11  1.55659e-11  8.67697e-14  1.54791e-11
9.771085448e+00  1.5742155e-11  1.57422e-11  8.59655e-14  1.56562e-11
9.819940876e+00  1.5918462e-11  1.59185e-11  8.51685e-14  1.58333e-11
9.869040580e+00  1.6094750e-11  1.60948e-11  8.43786e-14  1.60104e-11
9.918385783e+00  1.6270987e-11  1.62710e-11  8.35958e-14  1.61874e-11
9.967977712e+00  1.6447136e-11  1.64471e-11  8.28199e-14  1.63643e-11
1.001781760e+01  1.6623165e-11  1.66232e-11  8.20510e-14  1.65411e-11
1.006790669e+01  1.6799038e-11  1.67990e-11  8.12889e-14  1.67177e-11
1.011824622e+01  1.6974722e-11  1.69747e-11  8.05336e-14  1.68942e-11
1.016883745e+01  1.7150182e-11  1.71502e-11  7.97851e-14  1.70704e-11
1.021968164e+01  1.7325384e-11  1.73254e-11  7.90433e-14  1.72463e-11
1.027078005e+01  1.7500293e-11  1.75003e-11  7.83081e-14  1.74220e-11
1.032213395e+01  1.7674876e-11  1.76749e-11  7.75795e-14  1.75973e-11
1.037374462e+01  1.7849098e-11  1.78491e-11  7.68575e-14  1.77722e-11
1.042561334e+01  1.8022926e-11  1.80229e-11  7.61419e-14  1.79468e-11
1.047774141e+01  1.8196325e-11  1.81963e-11  7.54327e-14  1.81209e-11
1.053013012e+01  1.8369262e-11  1.83693e-11  7.47299e-14  1.82945e-11
1.058278077e+01  1.8541703e-11  1.85417e-11  7.40334e-14  1.84677e-11
1.063569467e+01  1.8713614e-11  1.87136e-11  7.33432e-14  1.86403e-11
1.068887314e+01  1.8884963e-11  1.88850e-11  7.26592e-14  1.88123e-11
1.074231751e+01  1.9055717e-11  1.90557e-11  7.19813e-14  1.89837e-11
1.079602910e+01  1.9225841e-11  1.92258e-11  7.13096e-14  1.91545e-11
1.085000924e+01  1.9395305e-11  1.93953e-11  7.06438e-14  1.93247e-11
1.090425929e+01  1.9564074e-11  1.95641e-11  6.99841e-14  1.94941e-11
1.095878058e+01  1.9732117e-11  1.97321e-11  6.93304e-14  1.96628e-11
1.101357449e+01  1.9899402e-11  1.98994e-11  6.86825e-14  1.98307e-11
1.106864236e+01  2.0065896e-11  2.00659e-11  6.80405e-14  1.99979e-11
1.112398557e+01  2.0231569e-11  2.02316e-11  6.74043e-14  2.01642e-11
1.117960550e+01  2.0396389e-11  2.03964e-11  6.67738e-14  2.03296e-11
1.123550353e+01  2.0560325e-11  2.05603e-11  6.61490e-14  2.04942e-11
1.129168104e+01  2.0723346e-11  2.07233e-11  6.55299e-14  2.06578e-11
1.134813945e+01  2.0885422e-11  2.08854e-11  6.49164e-14  2.08205e-11
1.140488015e+01  2.1046522e-11  2.10465e-11  6.43085e-14  2.09822e-11
1.146190455e+01  2.1206618e-11  2.12066e-11  6.37060e-14  2.11429e-11
1.151921407e+01  2.1365680e-11  2.13657e-11  6.31090e-14  2.13026e-11
1.157681014e+01  2.1523678e-11  2.15237e-11  6.25175e-14  2.14612e-11
1.163469419e+01  2.1680584e-11  2.16806e-11  6.19313e-14  2.16187e-11
1.169286766e+01  2.1836369e-11  2.18364e-11  6.13504e-14  2.17750e-11
1.175133200e+01  2.1991006e-11  2.19910e-11  6.07748e-14  2.19302e-11
1.181008866e+01  2.2144467e-11  2.21445e-11  6.02044e-14  2.20843e-11
1.186913910e+01  2.2296724e-11  2.22967e-11  5.96392e-14  2.22371e-11
1.192848480e+01  2.2447751e-11  2.24478e-11  5.90791e-14  2.23887e-11
1.198812722e+01  2.2597522e-11  2.25975e-11  5.85242e-14  2.25390e-11
1.204806786e+01  2.2746011e-11  2.27460e-11  5.79743e-14  2.26880e-11
1.210830820e+01  2.2893191e-11  2.28932e-11  5.74294e-14  2.28358e-11
1.216884974e+01  2.3039038e-11  2.30390e-11  5.68895e-14  2.29821e-11
1.222969399e+01  2.3183528e-11  2.31835e-11  5.63545e-14  2.31272e-11
1.229084246e+01  2.3326635e-11  2.33266e-11  5.58243e-14  2.32708e-11
1.235229667e+01  2.3468337e-11  2.34683e-11  5.52991e-14  2.34130e-11
1.241405815e+01  2.3608609e-11  2.36086e-11  5.47786e-14  2.35538e-11
1.247612845e+01  2.3747429e-11  2.37474e-11  5.42628e-14  2.36932e-11
1.253850909e+01  2.3884775e-11  2.38848e-11  5.37518e-14  2.38310e-11
1.260120163e+01  2.4020624e-11  2.40206e-11  5.32455e-14  2.39674e-11
1.266420764e+01  2.4154956e-11  2.41550e-11  5.27438e-14  2.41022e-11
1.272752868e+01  2.4287748e-11  2.42877e-11  5.22466e-14  2.42355e-11
1.279116632e+01  2.4418982e-11  2.44190e-11  5.17541e-14  2.43672e-11
1.285512215e+01  2.4548636e-11  2.45486e-11  5.12660e-14  2.44974e-11
1.291939776e+01  2.4676691e-11  2.46767e-11  5.07824e-14  2.46259e-11
1.298399475e+01  2.4803128e-11  2.48031e-11  5.03032e-14  2.47528e-11
1.304891473e+01  2.4927929e-11  2.49279e-11  4.98285e-14  2.48781e-11
1.311415930e+01  2.5051076e-11  2.50511e-11  4.93581e-14  2.50017e-11
1.317973010e+01  2.5172550e-11  2.51726e-11  4.88920e-14  2.51237e-11
1.324562875e+01  2.5292336e-11  2.52923e-11  4.84302e-14  2.52439e-11
1.331185689e+01  2.5410417e-11  2.54104e-11  4.79726e-14  2.53624e-11
1.337841618e+01  2.5526777e-11  2.55268e-11  4.75193e-14  2.54793e-11
1.344530826e+01  2.5641400e-11  2.56414e-11  4.70701e-14  2.55943e-11
1.351253480e+01  2.5754271e-11  2.57543e-11  4.66250e-14  2.57076e-11
1.358009747e+01  2.5865376e-11  2.58654e-11  4.61840e-14  2.58192e-11
1.364799796e+01  2.5974701e-11  2.59747e-11  4.57471e-14  2.59290e-11
1.371623795e+01  2.6082233e-11  2.60822e-11  4.53143e-14  2.60369e-11
1.378481914e+01  2.6187959e-11  2.61880e-11  4.48854e-14  2.61431e-11
1.385374323e+01  2.6291866e-11  2.62919e-11  4.44604e-14  2.62474e-11
1.392301195e+01  2.6393944e-11  2.63939e-11  4.40394e-14  2.63499e-11
1.399262701e+01  2.6494179e-11  2.64942e-11  4.36223e-14  2.64506e-11
1.406259015e+01  2.6592562e-11  2.65926e-11  4.32090e-14  2.65494e-11
1.413290310e+01  2.6689083e-11  2.66891e-11  4.27995e-14  2.66463e-11
1.420356761e+01  2.6783731e-11  2.67837e-11  4.23939e-14  2.67413e-11
1.427458545e+01  2.6876497e-11  2.68765e-11  4.19919e-14  2.68345e-11
1.434595838e+01  2.6967373e-11  2.69674e-11  4.15937e-14  2.69258e-11
1.441768817e+01  2.7056351e-11  2.70564e-11  4.11992e-14  2.70152e-11
1.448977661e+01  2.7143422e-11  2.71434e-11  4.08083e-14  2.71026e-11
1.456222549e+01  2.7228580e-11  2.72286e-11  4.04210e-14  2.71882e-11
1.463503662e+01  2.7311817e-11  2.73118e-11  4.00373e-14  2.72718e-11
1.470821180e+01  2.7393129e-11  2.73931e-11  3.96572e-14  2.73535e-11
1.478175286e+01  2.7472508e-11  2.74725e-11  3.92806e-14  2.74332e-11
1.485566163e+01  2.7549950e-11  2.75500e-11  3.89074e-14  2.75110e-11
1.492993994e+01  2.7625450e-11  2.76255e-11  3.85378e-14  2.75869e-11
1.500458964e+01  2.7699004e-11  2.76990e-11  3.81715e-14  2.76608e-11
1.507961258e+01  2.7770609e-11  2.77706e-11  3.78087e-14  2.77328e-11
1.515501065e+01  2.7840260e-11  2.78403e-11  3.74492e-14  2.78028e-11
1.523078570e+01  2.7907955e-11  2.79080e-11  3.70931e-14  2.78709e-11
1.530693963e+01  2.7973692e-11  2.79737e-11  3.67403e-14  2.79370e-11
1.538347433e+01  2.8037469e-11  2.80375e-11  3.63907e-14  2.80011e-11
1.546039170e+01  2.8099285e-11  2.80993e-11  3.60444e-14  2.80632e-11
1.553769366e+01  2.8159139e-11  2.81591e-11  3.57014e-14  2.81234e-11
1.561538212e+01  2.8217030e-11  2.82170e-11  3.53615e-14  2.81817e-11
1.569345903e+01  2.8272959e-11  2.82730e-11  3.50248e-14  2.82379e-11
1.577192633e+01  2.8326926e-11  2.83269e-11  3.46912e-14  2.82922e-11
1.585078596e+01  2.8378931e-11  2.83789e-11  3.43607e-14  2.83446e-11
1.593003989e+01  2.8428976e-11  2.84290e-11  3.40333e-14  2.83949e-11
1.600969009e+01  2.8477064e-11  2.84771e-11  3.37089e-14  2.84434e-11
1.608973854e+01  2.8523196e-11  2.85232e-11  3.33876e-14  2.84898e-11
1.617018723e+01  2.8567374e-11  2.85674e-11  3.30693e-14  2.85343e-11
1.625103817e+01  2.8609603e-11  2.86096e-11  3.27539e-14  2.85768e-11
1.633229336e+01  2.8649884e-11  2.86499e-11  3.24415e-14  2.86174e-11
1.641395483e+01  2.8688223e-11  2.86882e-11  3.21320e-14  2.86561e-11
1.649602460e+01  2.8724624e-11  2.87246e-11  3.18254e-14  2.86928e-11
1.657850473e+01  2.8759090e-11  2.87591e-11  3.15216e-14  2.87276e-11
1.666139725e+01  2.8791628e-11  2.87916e-11  3.12207e-14  2.87604e-11
1.674470424e+01  2.8822243e-11  2.88222e-11  3.09226e-14  2.87913e-11
1.682842776e+01  2.8850940e-11  2.88509e-11  3.06273e-14  2.88203e-11
1.691256990e+01  2.8877725e-11  2.88777e-11  3.03347e-14  2.88474e-11
1.699713274e+01  2.8902606e-11  2.89026e-11  3.00449e-14  2.88726e-11
1.708211841e+01  2.8925589e-11  2.89256e-11  2.97578e-14  2.88958e-11
1.716752900e+01  2.8946681e-11  2.89467e-11  2.94734e-14  2.89172e-11
1.725336665e+01  2.8965890e-11  2.89659e-11  2.91916e-14  2.89367e-11
1.733963348e+01  2.8983225e-11  2.89832e-11  2.89125e-14  2.89543e-11
1.742633165e+01  2.8998692e-11  2.89987e-11  2.86360e-14  2.89701e-11
1.751346330e+01  2.9012301e-11  2.90123e-11  2.83621e-14  2.89839e-11
1.760103062e+01  2.9024060e-11  2.90241e-11  2.80908e-14  2.89960e-11
1.768903577e+01  2.9033980e-11  2.90340e-11  2.78220e-14  2.90062e-11
1.777748095e+01  2.9042069e-11  2.90421e-11  2.75557e-14  2.90145e-11
1.786636836e+01  2.9048337e-11  2.90483e-11  2.72919e-14  2.90210e-11
1.795570020e+01  2.9052795e-11  2.90528e-11  2.70306e-14  2.90258e-11
1.804547870e+01  2.9055452e-11  2.90555e-11  2.67718e-14  2.90287e-11
1.813570609e+01  2.9056320e-11  2.90563e-11  2.65154e-14  2.90298e-11
1.822638462e+01  2.9055409e-11  2.90554e-11  2.62614e-14  2.90291e-11
1.831751655e+01  2.9052731e-11  2.90527e-11  2.60098e-14  2.90267e-11
1.840910413e+01  2.9048297e-11  2.90483e-11  2.57605e-14  2.90225e-11
1.850114965e+01  2.9042119e-11  2.90421e-11  2.55136e-14  2.90166e-11
1.859365540e+01  2.9034208e-11  2.90342e-11  2.52690e-14  2.90089e-11
1.868662368e+01  2.9024578e-11  2.90246e-11  2.50267e-14  2.89996e-11
1.878005679e+01  2.9013240e-11  2.90132e-11  2.47867e-14  2.89885e-11
1.887395708e+01  2.9000208e-11  2.90002e-11  2.45490e-14  2.89757e-11
1.896832686e+01  2.8985493e-11  2.89855e-11  2.43135e-14  2.89612e-11
1.906316850e+01  2.8969110e-11  2.89691e-11  2.40802e-14  2.89450e-11
1.915848434e+01  2.8951071e-11  2.89511e-11  2.38491e-14  2.89272e-11
1.925427676e+01  2.8931390e-11  2.89314e-11  2.36202e-14  2.89078e-11
1.935054815e+01  2.8910081e-11  2.89101e-11  2.33934e-14  2.88867e-11
1.944730089e+01  2.8887158e-11  2.88872e-11  2.31688e-14  2.88640e-11
1.954453739e+01  2.8862635e-11  2.88626e-11  2.29463e-14  2.88397e-11
1.964226008e+01  2.8836525e-11  2.88365e-11  2.27259e-14  2.88138e-11
1.974047138e+01  2.8808844e-11  2.88088e-11  2.25076e-14  2.87863e-11
1.983917374e+01  2.8779606e-11  2.87796e-11  2.22913e-14  2.87573e-11
1.993836960e+01  2.8748825e-11  2.87488e-11  2.20771e-14  2.87267e-11
2.003806145e+01  2.8716517e-11  2.87165e-11  2.18649e-14  2.86947e-11
2.013825176e+01  2.8682697e-11  2.86827e-11  2.16547e-14  2.86610e-11
2.023894302e+01  2.8647380e-11  2.86474e-11  2.14465e-14  2.86259e-11
2.034013773e+01  2.8610581e-11  2.86106e-11  2.12403e-14  2.85893e-11
2.044183842e+01  2.8572315e-11  2.85723e-11  2.10360e-14  2.85513e-11
2.054404761e+01  2.8532599e-11  2.85326e-11  2.08336e-14  2.85118e-11
2.064676785e+01  2.8491447e-11  2.84914e-11  2.06332e-14  2.84708e-11
2.075000169e+01  2.8448876e-11  2.84489e-11  2.04347e-14  2.84284e-11
2.085375170e+01  2.8404901e-11  2.84049e-11  2.02380e-14  2.83847e-11
2.095802046e+01  2.8359538e-11  2.83595e-11  2.00432e-14  2.83395e-11
2.106281056e+01  2.8312804e-11  2.83128e-11  1.98502e-14  2.82930e-11
2.116812461e+01  2.8264714e-11  2.82647e-11  1.96591e-14  2.82451e-11
2.127396524e+01  2.8215285e-11  2.82153e-11  1.94698e-14  2.81958e-11
2.138033506e+01  2.8164534e-11  2.81645e-11  1.92823e-14  2.81453e-11
2.148723674e+01  2.8112475e-11  2.81125e-11  1.90965e-14  2.80934e-11
2.159467292e+01  2.8059127e-11  2.80591e-11  1.89125e-14  2.80402e-11
2.170264629e+01  2.8004504e-11  2.80045e-11  1.87303e-14  2.79858e-11
2.181115952e+01  2.7948625e-11  2.79486e-11  1.85498e-14  2.79301e-11
2.192021532e+01  2.7891505e-11  2.78915e-11  1.83710e-14  2.78731e-11
2.202981639e+01  2.7833161e-11  2.78332e-11  1.81939e-14  2.78150e-11
2.213996547e+01  2.7773610e-11  2.77736e-11  1.80185e-14  2.77556e-11
2.225066530e+01  2.7712868e-11  2.77129e-11  1.78447e-14  2.76950e-11
2.236191863e+01  2.7650952e-11  2.76510e-11  1.76726e-14  2.76333e-11
2.247372822e+01  2.7587879e-11  2.75879e-11  1.75021e-14  2.75704e-11
2.258609686e+01  2.7523666e-11  2.75237e-11  1.73333e-14  2.75063e-11
2.269902735e+01  2.7458329e-11  2.74583e-11  1.71660e-14  2.74412e-11
2.281252248e+01  2.7391885e-11  2.73919e-11  1.70004e-14  2.73749e-11
2.292658510e+01  2.7324352e-11  2.73244e-11  1.68363e-14  2.73075e-11
2.304121802e+01  2.7255745e-11  2.72557e-11  1.66738e-14  2.72391e-11
2.315642411e+01  2.7186082e-11  2.71861e-11  1.65128e-14  2.71696e-11
2.327220623e+01  2.7115379e-11  2.71154e-11  1.63533e-14  2.70990e-11
2.338856726e+01  2.7043653e-11  2.70437e-11  1.61954e-14  2.70275e-11
2.350551010e+01  2.6970921e-11  2.69709e-11  1.60390e-14  2.69549e-11
2.362303765e+01  2.6897200e-11  2.68972e-11  1.58840e-14  2.68813e-11
2.374115284e+01  2.6822506e-11  2.68225e-11  1.57306e-14  2.68068e-11
2.385985860e+01  2.6746856e-11  2.67469e-11  1.55786e-14  2.67313e-11
2.397915789e+01  2.6670267e-11  2.66703e-11  1.54280e-14  2.66548e-11
2.409905368e+01  2.6592755e-11  2.65928e-11  1.52789e-14  2.65775e-11
2.421954895e+01  2.6514337e-11  2.65143e-11  1.51312e-14  2.64992e-11
2.434064670e+01  2.6435030e-11  2.64350e-11  1.49849e-14  2.64200e-11
2.446234993e+01  2.6354849e-11  2.63548e-11  1.48400e-14  2.63400e-11
2.458466168e+01  2.6273812e-11  2.62738e-11  1.46965e-14  2.62591e-11
2.470758499e+01  2.6191935e-11  2.61919e-11  1.45544e-14  2.61774e-11
2.483112291e+01  2.6109234e-11  2.61092e-11  1.44136e-14  2.60948e-11
2.495527853e+01  2.6025725e-11  2.60257e-11  1.42742e-14  2.60115e-11
