# ------------------------------------------------------------------------
# Radiance spectrum
# NASA-GSFC Planetary Spectrum Generator (PSG) (Villanueva et al. 2018, 2022)
# Synthesized on Sat Dec 23 00:42:49 2023
# Doppler velocities [km/s] (vobs,vrot+vorb,vwidth,vrfl,vstr): 0.00000,-0.00000,0.00000,-119.41115,-0.00000
# Spectral unit: Wavelength [um]
# Radiance unit: Spectral irradiance [W/m2/um]
# Wave/freq Total Object Reflected Thermal
5.000000000e-01  5.7578142e-13  5.75781e-13  5.75781e-13  1.87667e-51
5.025000000e-01  6.0812378e-13  6.08124e-13  6.08124e-13  3.12371e-51
5.050125000e-01  6.2937398e-13  6.29374e-13  6.29374e-13  5.19423e-51
5.075375625e-01  6.4927833e-13  6.49278e-13  6.49278e-13  8.61656e-51
5.100752503e-01  6.6966808e-13  6.69668e-13  6.69668e-13  1.42561e-50
5.126256266e-01  6.9529481e-13  6.95295e-13  6.95295e-13  2.35094e-50
5.151887547e-01  7.2142548e-13  7.21425e-13  7.21425e-13  3.86678e-50
5.177646985e-01  7.4749736e-13  7.47497e-13  7.47497e-13  6.34405e-50
5.203535220e-01  7.7414704e-13  7.74147e-13  7.74147e-13  1.03814e-49
5.229552896e-01  8.0178846e-13  8.01788e-13  8.01788e-13  1.69436e-49
5.255700660e-01  8.2960769e-13  8.29608e-13  8.29608e-13  2.75843e-49
5.281979164e-01  8.5667760e-13  8.56678e-13  8.56678e-13  4.48010e-49
5.308389059e-01  8.8515766e-13  8.85158e-13  8.85158e-13  7.25706e-49
5.334931005e-01  9.1600782e-13  9.16008e-13  9.16008e-13  1.17228e-48
5.361605660e-01  9.4661824e-13  9.46618e-13  9.46618e-13  1.88913e-48
5.388413688e-01  9.7645073e-13  9.76451e-13  9.76451e-13  3.03723e-48
5.415355756e-01  1.0068679e-12  1.00687e-12  1.00687e-12  4.87094e-48
5.442432535e-01  1.0377839e-12  1.03778e-12  1.03778e-12  7.79248e-48
5.469644698e-01  1.0657430e-12  1.06574e-12  1.06574e-12  1.24412e-47
5.496992921e-01  1.0926271e-12  1.09263e-12  1.09263e-12  1.98186e-47
5.524477886e-01  1.1237110e-12  1.12371e-12  1.12371e-12  3.14789e-47
5.552100275e-01  1.1553635e-12  1.15536e-12  1.15536e-12  4.98779e-47
5.579860777e-01  1.1835643e-12  1.18356e-12  1.18356e-12  7.88798e-47
5.607760081e-01  1.2119073e-12  1.21191e-12  1.21191e-12  1.24451e-46
5.635798881e-01  1.2401076e-12  1.24011e-12  1.24011e-12  1.95895e-46
5.663977875e-01  1.2685263e-12  1.26853e-12  1.26853e-12  3.07631e-46
5.692297765e-01  1.2971587e-12  1.29716e-12  1.29716e-12  4.81972e-46
5.720759254e-01  1.3235354e-12  1.32354e-12  1.32354e-12  7.53588e-46
5.749363050e-01  1.3491272e-12  1.34913e-12  1.34913e-12  1.17569e-45
5.778109865e-01  1.3761207e-12  1.37612e-12  1.37612e-12  1.82972e-45
5.807000414e-01  1.4021176e-12  1.40212e-12  1.40212e-12  2.84148e-45
5.836035417e-01  1.4240700e-12  1.42407e-12  1.42407e-12  4.40487e-45
5.865215594e-01  1.4476763e-12  1.44768e-12  1.44768e-12  6.81172e-45
5.894541672e-01  1.4728644e-12  1.47286e-12  1.47286e-12  1.05081e-44
5.924014380e-01  1.4965795e-12  1.49658e-12  1.49658e-12  1.61771e-44
5.953634452e-01  1.5195868e-12  1.51959e-12  1.51959e-12  2.48511e-44
5.983402624e-01  1.5387496e-12  1.53875e-12  1.53875e-12  3.81090e-44
6.013319637e-01  1.5578372e-12  1.55784e-12  1.55784e-12  5.83117e-44
6.043386235e-01  1.5767427e-12  1.57674e-12  1.57674e-12  8.90307e-44
6.073603167e-01  1.5978140e-12  1.59781e-12  1.59781e-12  1.35602e-43
6.103971182e-01  1.6195407e-12  1.61954e-12  1.61954e-12  2.06071e-43
6.134491038e-01  1.6403759e-12  1.64038e-12  1.64038e-12  3.12516e-43
6.165163494e-01  1.6576963e-12  1.65770e-12  1.65770e-12  4.73116e-43
6.195989311e-01  1.6713351e-12  1.67134e-12  1.67134e-12  7.15013e-43
6.226969258e-01  1.6895478e-12  1.68955e-12  1.68955e-12  1.07772e-42
6.258104104e-01  1.7073252e-12  1.70733e-12  1.70733e-12  1.62106e-42
6.289394624e-01  1.7217846e-12  1.72178e-12  1.72178e-12  2.43408e-42
6.320841597e-01  1.7395031e-12  1.73950e-12  1.73950e-12  3.64583e-42
6.352445805e-01  1.7584863e-12  1.75849e-12  1.75849e-12  5.44865e-42
6.384208035e-01  1.7724847e-12  1.77248e-12  1.77248e-12  8.13050e-42
6.416129075e-01  1.7868501e-12  1.78685e-12  1.78685e-12  1.21067e-41
6.448209720e-01  1.8013684e-12  1.80137e-12  1.80137e-12  1.79900e-41
6.480450769e-01  1.8157115e-12  1.81571e-12  1.81571e-12  2.66778e-41
6.512853022e-01  1.8296554e-12  1.82966e-12  1.82966e-12  3.94821e-41
6.545417288e-01  1.8431934e-12  1.84319e-12  1.84319e-12  5.83157e-41
6.578144374e-01  1.8572073e-12  1.85721e-12  1.85721e-12  8.59543e-41
6.611035096e-01  1.8700291e-12  1.87003e-12  1.87003e-12  1.26453e-40
6.644090271e-01  1.8806342e-12  1.88063e-12  1.88063e-12  1.85705e-40
6.677310723e-01  1.8949557e-12  1.89496e-12  1.89496e-12  2.72068e-40
6.710697276e-01  1.9088600e-12  1.90886e-12  1.90886e-12  3.97820e-40
6.744250763e-01  1.9200731e-12  1.92007e-12  1.92007e-12  5.80714e-40
6.777972017e-01  1.9278795e-12  1.92788e-12  1.92788e-12  8.46327e-40
6.811861877e-01  1.9357819e-12  1.93578e-12  1.93578e-12  1.23100e-39
6.845921186e-01  1.9452730e-12  1.94527e-12  1.94527e-12  1.78672e-39
6.880150792e-01  1.9536082e-12  1.95361e-12  1.95361e-12  2.58860e-39
6.914551546e-01  1.9612373e-12  1.96124e-12  1.96124e-12  3.74339e-39
6.949124304e-01  1.9679216e-12  1.96792e-12  1.96792e-12  5.40348e-39
6.983869925e-01  1.9793509e-12  1.97935e-12  1.97935e-12  7.78101e-39
7.018789275e-01  1.9881050e-12  1.98811e-12  1.98811e-12  1.11865e-38
7.053883221e-01  1.9941577e-12  1.99416e-12  1.99416e-12  1.60564e-38
7.089152637e-01  1.9992450e-12  1.99925e-12  1.99925e-12  2.30052e-38
7.124598400e-01  2.0035947e-12  2.00359e-12  2.00359e-12  3.29019e-38
7.160221392e-01  2.0080282e-12  2.00803e-12  2.00803e-12  4.69678e-38
7.196022499e-01  2.0139693e-12  2.01397e-12  2.01397e-12  6.69122e-38
7.232002612e-01  2.0189370e-12  2.01894e-12  2.01894e-12  9.51591e-38
7.268162625e-01  2.0244728e-12  2.02447e-12  2.02447e-12  1.35074e-37
7.304503438e-01  2.0303434e-12  2.03034e-12  2.03034e-12  1.91373e-37
7.341025955e-01  2.0339173e-12  2.03392e-12  2.03392e-12  2.70707e-37
7.377731085e-01  2.0348178e-12  2.03482e-12  2.03482e-12  3.82338e-37
7.414619740e-01  2.0339895e-12  2.03399e-12  2.03399e-12  5.39121e-37
7.451692839e-01  2.0319046e-12  2.03190e-12  2.03190e-12  7.58923e-37
7.488951303e-01  2.0275895e-12  2.02759e-12  2.02759e-12  1.06666e-36
7.526396060e-01  2.0229710e-12  2.02297e-12  2.02297e-12  1.49657e-36
7.564028040e-01  2.0197502e-12  2.01975e-12  2.01975e-12  2.09573e-36
7.601848180e-01  2.0189125e-12  2.01891e-12  2.01891e-12  2.92892e-36
7.639857421e-01  2.0116951e-12  2.01170e-12  2.01170e-12  4.08874e-36
7.678056708e-01  2.0100361e-12  2.01004e-12  2.01004e-12  5.69477e-36
7.716446992e-01  2.0049125e-12  2.00491e-12  2.00491e-12  7.92055e-36
7.755029227e-01  1.9934880e-12  1.99349e-12  1.99349e-12  1.10040e-35
7.793804373e-01  1.9887519e-12  1.98875e-12  1.98875e-12  1.52516e-35
7.832773395e-01  1.9768404e-12  1.97684e-12  1.97684e-12  2.11173e-35
7.871937262e-01  1.9705360e-12  1.97054e-12  1.97054e-12  2.91734e-35
7.911296948e-01  1.9669064e-12  1.96691e-12  1.96691e-12  4.02241e-35
7.950853433e-01  1.9559574e-12  1.95596e-12  1.95596e-12  5.54064e-35
7.990607700e-01  1.9516427e-12  1.95164e-12  1.95164e-12  7.61427e-35
8.030560739e-01  1.9401167e-12  1.94012e-12  1.94012e-12  1.04538e-34
8.070713542e-01  1.9292935e-12  1.92929e-12  1.92929e-12  1.43273e-34
8.111067110e-01  1.9198002e-12  1.91980e-12  1.91980e-12  1.96013e-34
8.151622446e-01  1.9062995e-12  1.90630e-12  1.90630e-12  2.67828e-34
8.192380558e-01  1.9039626e-12  1.90396e-12  1.90396e-12  3.64969e-34
8.233342461e-01  1.8787002e-12  1.87870e-12  1.87870e-12  4.97615e-34
8.274509173e-01  1.8654810e-12  1.86548e-12  1.86548e-12  6.76598e-34
8.315881719e-01  1.8584767e-12  1.85848e-12  1.85848e-12  9.17939e-34
8.357461127e-01  1.8434731e-12  1.84347e-12  1.84347e-12  1.24431e-33
8.399248433e-01  1.8338232e-12  1.83382e-12  1.83382e-12  1.68318e-33
8.441244675e-01  1.8247908e-12  1.82479e-12  1.82479e-12  2.27311e-33
8.483450899e-01  1.8145037e-12  1.81450e-12  1.81450e-12  3.06532e-33
8.525868153e-01  1.8053401e-12  1.80534e-12  1.80534e-12  4.12670e-33
8.568497494e-01  1.7948010e-12  1.79480e-12  1.79480e-12  5.54765e-33
8.611339981e-01  1.7826370e-12  1.78264e-12  1.78264e-12  7.44740e-33
8.654396681e-01  1.7738596e-12  1.77386e-12  1.77386e-12  9.97913e-33
8.697668665e-01  1.7685992e-12  1.76860e-12  1.76860e-12  1.33466e-32
8.741157008e-01  1.7553330e-12  1.75533e-12  1.75533e-12  1.78364e-32
8.784862793e-01  1.7414535e-12  1.74145e-12  1.74145e-12  2.38017e-32
8.828787107e-01  1.7329785e-12  1.73298e-12  1.73298e-12  3.16981e-32
8.872931042e-01  1.7232697e-12  1.72327e-12  1.72327e-12  4.21554e-32
8.917295698e-01  1.7138331e-12  1.71383e-12  1.71383e-12  5.59773e-32
8.961882176e-01  1.7086796e-12  1.70868e-12  1.70868e-12  7.41910e-32
9.006691587e-01  1.6976641e-12  1.69766e-12  1.69766e-12  9.82384e-32
9.051725045e-01  1.6889314e-12  1.68893e-12  1.68893e-12  1.29861e-31
9.096983670e-01  1.6814805e-12  1.68148e-12  1.68148e-12  1.71391e-31
9.142468589e-01  1.6746863e-12  1.67469e-12  1.67469e-12  2.25857e-31
9.188180931e-01  1.6627970e-12  1.66280e-12  1.66280e-12  2.97341e-31
9.234121836e-01  1.6578217e-12  1.65782e-12  1.65782e-12  3.90634e-31
9.280292445e-01  1.6515061e-12  1.65151e-12  1.65151e-12  5.12525e-31
9.326693908e-01  1.6409826e-12  1.64098e-12  1.64098e-12  6.71747e-31
9.373327377e-01  1.6327488e-12  1.63275e-12  1.63275e-12  8.78996e-31
9.420194014e-01  1.6245579e-12  1.62456e-12  1.62456e-12  1.14855e-30
9.467294984e-01  1.6144185e-12  1.61442e-12  1.61442e-12  1.49893e-30
9.514631459e-01  1.6096805e-12  1.60968e-12  1.60968e-12  1.95247e-30
9.562204616e-01  1.6054818e-12  1.60548e-12  1.60548e-12  2.53958e-30
9.610015639e-01  1.6012006e-12  1.60120e-12  1.60120e-12  3.29866e-30
9.658065718e-01  1.5887715e-12  1.58877e-12  1.58877e-12  4.28194e-30
9.706356046e-01  1.5847099e-12  1.58471e-12  1.58471e-12  5.54641e-30
9.754887826e-01  1.5818075e-12  1.58181e-12  1.58181e-12  7.17368e-30
9.803662265e-01  1.5742481e-12  1.57425e-12  1.57425e-12  9.26975e-30
9.852680577e-01  1.5624202e-12  1.56242e-12  1.56242e-12  1.19668e-29
9.901943980e-01  1.5594192e-12  1.55942e-12  1.55942e-12  1.54152e-29
9.951453700e-01  1.5507965e-12  1.55080e-12  1.55080e-12  1.98409e-29
1.000121097e+00  1.5429742e-12  1.54297e-12  1.54297e-12  2.55014e-29
1.005121702e+00  1.5369333e-12  1.53693e-12  1.53693e-12  3.27280e-29
1.010147311e+00  1.5320537e-12  1.53205e-12  1.53205e-12  4.19425e-29
1.015198047e+00  1.5245342e-12  1.52453e-12  1.52453e-12  5.36939e-29
1.020274038e+00  1.5263725e-12  1.52637e-12  1.52637e-12  6.85881e-29
1.025375408e+00  1.5259255e-12  1.52593e-12  1.52593e-12  8.75185e-29
1.030502285e+00  1.5235704e-12  1.52357e-12  1.52357e-12  1.11549e-28
1.035654796e+00  1.5174924e-12  1.51749e-12  1.51749e-12  1.42044e-28
1.040833070e+00  1.5191277e-12  1.51913e-12  1.51913e-12  1.80514e-28
1.046037236e+00  1.5149793e-12  1.51498e-12  1.51498e-12  2.29235e-28
1.051267422e+00  1.5067738e-12  1.50677e-12  1.50677e-12  2.90847e-28
1.056523759e+00  1.5047995e-12  1.50480e-12  1.50480e-12  3.68337e-28
1.061806378e+00  1.4984155e-12  1.49842e-12  1.49842e-12  4.66082e-28
1.067115410e+00  1.4949853e-12  1.49499e-12  1.49499e-12  5.88863e-28
1.072450987e+00  1.4960514e-12  1.49605e-12  1.49605e-12  7.42747e-28
1.077813242e+00  1.4912866e-12  1.49129e-12  1.49129e-12  9.36204e-28
1.083202308e+00  1.4937536e-12  1.49375e-12  1.49375e-12  1.17778e-27
1.088618319e+00  1.4966088e-12  1.49661e-12  1.49661e-12  1.47983e-27
1.094061411e+00  1.4946153e-12  1.49462e-12  1.49462e-12  1.85792e-27
1.099531718e+00  1.4969444e-12  1.49694e-12  1.49694e-12  2.32882e-27
1.105029377e+00  1.4908975e-12  1.49090e-12  1.49090e-12  2.91791e-27
1.110554523e+00  1.4959044e-12  1.49590e-12  1.49590e-12  3.64771e-27
1.116107296e+00  1.4949189e-12  1.49492e-12  1.49492e-12  4.55723e-27
1.121687832e+00  1.4971516e-12  1.49715e-12  1.49715e-12  5.68498e-27
1.127296272e+00  1.4920286e-12  1.49203e-12  1.49203e-12  7.08849e-27
1.132932753e+00  1.4893103e-12  1.48931e-12  1.48931e-12  8.82603e-27
1.138597417e+00  1.4885119e-12  1.48851e-12  1.48851e-12  1.09745e-26
1.144290404e+00  1.4964790e-12  1.49648e-12  1.49648e-12  1.36183e-26
1.150011856e+00  1.4969042e-12  1.49690e-12  1.49690e-12  1.68919e-26
1.155761915e+00  1.4964408e-12  1.49644e-12  1.49644e-12  2.09301e-26
1.161540725e+00  1.5021305e-12  1.50213e-12  1.50213e-12  2.58879e-26
1.167348428e+00  1.5016167e-12  1.50162e-12  1.50162e-12  3.20032e-26
1.173185171e+00  1.5046979e-12  1.50470e-12  1.50470e-12  3.95037e-26
1.179051096e+00  1.5066552e-12  1.50666e-12  1.50666e-12  4.87123e-26
1.184946352e+00  1.5144504e-12  1.51445e-12  1.51445e-12  5.99643e-26
1.190871084e+00  1.5170082e-12  1.51701e-12  1.51701e-12  7.37713e-26
1.196825439e+00  1.5115436e-12  1.51154e-12  1.51154e-12  9.07301e-26
1.202809566e+00  1.5154081e-12  1.51541e-12  1.51541e-12  1.11358e-25
1.208823614e+00  1.5281762e-12  1.52818e-12  1.52818e-12  1.36398e-25
1.214867732e+00  1.5343894e-12  1.53439e-12  1.53439e-12  1.66997e-25
1.220942071e+00  1.5447343e-12  1.54473e-12  1.54473e-12  2.04148e-25
1.227046781e+00  1.5550444e-12  1.55504e-12  1.55504e-12  2.49291e-25
1.233182015e+00  1.5630961e-12  1.56310e-12  1.56310e-12  3.04154e-25
1.239347925e+00  1.5669172e-12  1.56692e-12  1.56692e-12  3.70854e-25
1.245544665e+00  1.5691980e-12  1.56920e-12  1.56920e-12  4.51768e-25
1.251772388e+00  1.5786411e-12  1.57864e-12  1.57864e-12  5.49328e-25
1.258031250e+00  1.5812533e-12  1.58125e-12  1.58125e-12  6.67726e-25
1.264321406e+00  1.5873701e-12  1.58737e-12  1.58737e-12  8.10478e-25
1.270643013e+00  1.5952123e-12  1.59521e-12  1.59521e-12  9.82524e-25
1.276996228e+00  1.6033505e-12  1.60335e-12  1.60335e-12  1.18980e-24
1.283381209e+00  1.6051903e-12  1.60519e-12  1.60519e-12  1.44027e-24
1.289798116e+00  1.6173746e-12  1.61737e-12  1.61737e-12  1.73968e-24
1.296247106e+00  1.6219872e-12  1.62199e-12  1.62199e-12  2.10090e-24
1.302728342e+00  1.6288324e-12  1.62883e-12  1.62883e-12  2.53386e-24
1.309241983e+00  1.6341591e-12  1.63416e-12  1.63416e-12  3.05342e-24
1.315788193e+00  1.6438140e-12  1.64381e-12  1.64381e-12  3.67398e-24
1.322367134e+00  1.6495084e-12  1.64951e-12  1.64951e-12  4.41808e-24
1.328978970e+00  1.6555999e-12  1.65560e-12  1.65560e-12  5.30727e-24
1.335623865e+00  1.6622919e-12  1.66229e-12  1.66229e-12  6.36853e-24
1.342301984e+00  1.6689497e-12  1.66895e-12  1.66895e-12  7.63436e-24
1.349013494e+00  1.6746368e-12  1.67464e-12  1.67464e-12  9.14363e-24
1.355758561e+00  1.6837118e-12  1.68371e-12  1.68371e-12  1.09361e-23
1.362537354e+00  1.6904608e-12  1.69046e-12  1.69046e-12  1.30704e-23
1.369350041e+00  1.6924463e-12  1.69245e-12  1.69245e-12  1.56146e-23
1.376196791e+00  1.7000542e-12  1.70005e-12  1.70005e-12  1.86235e-23
1.383077775e+00  1.7074088e-12  1.70741e-12  1.70741e-12  2.21910e-23
1.389993164e+00  1.7127877e-12  1.71279e-12  1.71279e-12  2.64224e-23
1.396943130e+00  1.7268166e-12  1.72682e-12  1.72682e-12  3.13976e-23
1.403927846e+00  1.7194222e-12  1.71942e-12  1.71942e-12  3.73694e-23
1.410947485e+00  1.7120015e-12  1.71200e-12  1.71200e-12  4.44351e-23
1.418002222e+00  1.7045554e-12  1.70456e-12  1.70456e-12  5.27874e-23
1.425092233e+00  1.6970850e-12  1.69709e-12  1.69709e-12  6.26513e-23
1.432217694e+00  1.6895912e-12  1.68959e-12  1.68959e-12  7.42894e-23
1.439378783e+00  1.6820749e-12  1.68207e-12  1.68207e-12  8.80082e-23
1.446575677e+00  1.6745372e-12  1.67454e-12  1.67454e-12  1.04165e-22
1.453808555e+00  1.6669788e-12  1.66698e-12  1.66698e-12  1.23175e-22
1.461077598e+00  1.6594008e-12  1.65940e-12  1.65940e-12  1.45522e-22
1.468382986e+00  1.6518042e-12  1.65180e-12  1.65180e-12  1.71769e-22
1.475724901e+00  1.6441897e-12  1.64419e-12  1.64419e-12  2.02567e-22
1.483103525e+00  1.6365583e-12  1.63656e-12  1.63656e-12  2.38673e-22
1.490519043e+00  1.6289109e-12  1.62891e-12  1.62891e-12  2.80964e-22
1.497971638e+00  1.6212483e-12  1.62125e-12  1.62125e-12  3.30457e-22
1.505461496e+00  1.6135716e-12  1.61357e-12  1.61357e-12  3.88325e-22
1.512988804e+00  1.6058814e-12  1.60588e-12  1.60588e-12  4.55927e-22
1.520553748e+00  1.5981787e-12  1.59818e-12  1.59818e-12  5.34830e-22
1.528156517e+00  1.5904643e-12  1.59046e-12  1.59046e-12  6.26844e-22
1.535797299e+00  1.5827390e-12  1.58274e-12  1.58274e-12  7.34053e-22
1.543476286e+00  1.5750037e-12  1.57500e-12  1.57500e-12  8.58859e-22
1.551193667e+00  1.5672592e-12  1.56726e-12  1.56726e-12  1.00403e-21
1.558949636e+00  1.5595063e-12  1.55951e-12  1.55951e-12  1.17273e-21
1.566744384e+00  1.5517458e-12  1.55175e-12  1.55175e-12  1.36862e-21
1.574578106e+00  1.5439784e-12  1.54398e-12  1.54398e-12  1.59589e-21
1.582450996e+00  1.5362050e-12  1.53621e-12  1.53621e-12  1.85934e-21
1.590363251e+00  1.5284264e-12  1.52843e-12  1.52843e-12  2.16446e-21
1.598315067e+00  1.5206432e-12  1.52064e-12  1.52064e-12  2.51757e-21
1.606306643e+00  1.5128562e-12  1.51286e-12  1.51286e-12  2.92587e-21
1.614338176e+00  1.5050662e-12  1.50507e-12  1.50507e-12  3.39759e-21
1.622409867e+00  1.4972739e-12  1.49727e-12  1.49727e-12  3.94214e-21
1.630521916e+00  1.4894800e-12  1.48948e-12  1.48948e-12  4.57024e-21
1.638674526e+00  1.4816852e-12  1.48169e-12  1.48169e-12  5.29412e-21
1.646867898e+00  1.4738903e-12  1.47389e-12  1.47389e-12  6.12773e-21
1.655102238e+00  1.4660959e-12  1.46610e-12  1.46610e-12  7.08690e-21
1.663377749e+00  1.4583027e-12  1.45830e-12  1.45830e-12  8.18968e-21
1.671694638e+00  1.4505113e-12  1.45051e-12  1.45051e-12  9.45655e-21
1.680053111e+00  1.4427225e-12  1.44272e-12  1.44272e-12  1.09108e-20
1.688453377e+00  1.4349369e-12  1.43494e-12  1.43494e-12  1.25787e-20
1.696895643e+00  1.4271551e-12  1.42716e-12  1.42716e-12  1.44903e-20
1.705380122e+00  1.4193778e-12  1.41938e-12  1.41938e-12  1.66794e-20
1.713907022e+00  1.4116055e-12  1.41161e-12  1.41161e-12  1.91844e-20
1.722476557e+00  1.4038390e-12  1.40384e-12  1.40384e-12  2.20486e-20
1.731088940e+00  1.3960788e-12  1.39608e-12  1.39608e-12  2.53210e-20
1.739744385e+00  1.3883255e-12  1.38833e-12  1.38833e-12  2.90569e-20
1.748443107e+00  1.3805797e-12  1.38058e-12  1.38058e-12  3.33186e-20
1.757185322e+00  1.3728420e-12  1.37284e-12  1.37284e-12  3.81767e-20
1.765971249e+00  1.3651129e-12  1.36511e-12  1.36511e-12  4.37101e-20
1.774801105e+00  1.3573931e-12  1.35739e-12  1.35739e-12  5.00082e-20
1.783675111e+00  1.3496830e-12  1.34968e-12  1.34968e-12  5.71712e-20
1.792593486e+00  1.3419832e-12  1.34198e-12  1.34198e-12  6.53118e-20
1.801556454e+00  1.3342943e-12  1.33429e-12  1.33429e-12  7.45566e-20
1.810564236e+00  1.3266167e-12  1.32662e-12  1.32662e-12  8.50477e-20
1.819617057e+00  1.3189510e-12  1.31895e-12  1.31895e-12  9.69442e-20
1.828715142e+00  1.3112978e-12  1.31130e-12  1.31130e-12  1.10425e-19
1.837858718e+00  1.3036574e-12  1.30366e-12  1.30366e-12  1.25689e-19
1.847048012e+00  1.2960303e-12  1.29603e-12  1.29603e-12  1.42960e-19
1.856283252e+00  1.2884172e-12  1.28842e-12  1.28842e-12  1.62489e-19
1.865564668e+00  1.2808184e-12  1.28082e-12  1.28082e-12  1.84553e-19
1.874892491e+00  1.2732343e-12  1.27323e-12  1.27323e-12  2.09466e-19
1.884266954e+00  1.2656656e-12  1.26567e-12  1.26567e-12  2.37574e-19
1.893688289e+00  1.2581125e-12  1.25811e-12  1.25811e-12  2.69265e-19
1.903156730e+00  1.2505756e-12  1.25058e-12  1.25058e-12  3.04971e-19
1.912672514e+00  1.2430553e-12  1.24306e-12  1.24305e-12  3.45172e-19
1.922235876e+00  1.2355520e-12  1.23555e-12  1.23555e-12  3.90402e-19
1.931847056e+00  1.2280660e-12  1.22807e-12  1.22807e-12  4.41257e-19
1.941506291e+00  1.2205980e-12  1.22060e-12  1.22060e-12  4.98394e-19
1.951213822e+00  1.2131481e-12  1.21315e-12  1.21315e-12  5.62548e-19
1.960969892e+00  1.2057169e-12  1.20572e-12  1.20572e-12  6.34529e-19
1.970774741e+00  1.1983046e-12  1.19830e-12  1.19830e-12  7.15240e-19
1.980628615e+00  1.1909117e-12  1.19091e-12  1.19091e-12  8.05676e-19
1.990531758e+00  1.1835386e-12  1.18354e-12  1.18354e-12  9.06942e-19
2.000484417e+00  1.1761856e-12  1.17619e-12  1.17618e-12  1.02026e-18
2.010486839e+00  1.1688530e-12  1.16885e-12  1.16885e-12  1.14698e-18
2.020539273e+00  1.1615413e-12  1.16154e-12  1.16154e-12  1.28859e-18
2.030641969e+00  1.1542507e-12  1.15425e-12  1.15425e-12  1.44674e-18
2.040795179e+00  1.1469816e-12  1.14698e-12  1.14698e-12  1.62324e-18
2.050999155e+00  1.1397342e-12  1.13973e-12  1.13973e-12  1.82010e-18
2.061254151e+00  1.1325090e-12  1.13251e-12  1.13251e-12  2.03951e-18
2.071560421e+00  1.1253062e-12  1.12531e-12  1.12530e-12  2.28392e-18
2.081918224e+00  1.1181262e-12  1.11813e-12  1.11812e-12  2.55598e-18
2.092327815e+00  1.1109692e-12  1.11097e-12  1.11097e-12  2.85863e-18
2.102789454e+00  1.1038355e-12  1.10384e-12  1.10383e-12  3.19511e-18
2.113303401e+00  1.0967254e-12  1.09673e-12  1.09672e-12  3.56895e-18
2.123869918e+00  1.0896392e-12  1.08964e-12  1.08964e-12  3.98404e-18
2.134489268e+00  1.0825771e-12  1.08258e-12  1.08257e-12  4.44464e-18
2.145161714e+00  1.0755394e-12  1.07554e-12  1.07553e-12  4.95543e-18
2.155887523e+00  1.0685264e-12  1.06853e-12  1.06852e-12  5.52151e-18
2.166666960e+00  1.0615384e-12  1.06154e-12  1.06153e-12  6.14850e-18
2.177500295e+00  1.0545755e-12  1.05458e-12  1.05457e-12  6.84251e-18
2.188387796e+00  1.0476380e-12  1.04764e-12  1.04763e-12  7.61024e-18
2.199329735e+00  1.0407262e-12  1.04073e-12  1.04072e-12  8.45900e-18
2.210326384e+00  1.0338402e-12  1.03384e-12  1.03383e-12  9.39678e-18
2.221378016e+00  1.0269804e-12  1.02698e-12  1.02697e-12  1.04323e-17
2.232484906e+00  1.0201468e-12  1.02015e-12  1.02014e-12  1.15750e-17
2.243647331e+00  1.0133398e-12  1.01334e-12  1.01333e-12  1.28353e-17
2.254865567e+00  1.0065595e-12  1.00656e-12  1.00655e-12  1.42245e-17
2.266139895e+00  9.9980613e-13  9.99806e-13  9.99790e-13  1.57548e-17
2.277470595e+00  9.9307991e-13  9.93080e-13  9.93062e-13  1.74395e-17
2.288857948e+00  9.8638102e-13  9.86381e-13  9.86362e-13  1.92932e-17
2.300302237e+00  9.7970964e-13  9.79710e-13  9.79688e-13  2.13317e-17
2.311803748e+00  9.7306597e-13  9.73066e-13  9.73042e-13  2.35719e-17
2.323362767e+00  9.6645017e-13  9.66450e-13  9.66424e-13  2.60326e-17
2.334979581e+00  9.5986244e-13  9.59862e-13  9.59834e-13  2.87338e-17
2.346654479e+00  9.5330293e-13  9.53303e-13  9.53271e-13  3.16973e-17
2.358387751e+00  9.4677182e-13  9.46772e-13  9.46737e-13  3.49469e-17
2.370179690e+00  9.4026927e-13  9.40269e-13  9.40231e-13  3.85080e-17
2.382030589e+00  9.3379546e-13  9.33795e-13  9.33753e-13  4.24083e-17
2.393940742e+00  9.2735053e-13  9.27351e-13  9.27304e-13  4.66778e-17
2.405910445e+00  9.2093464e-13  9.20935e-13  9.20883e-13  5.13488e-17
2.417939997e+00  9.1454795e-13  9.14548e-13  9.14491e-13  5.64562e-17
2.430029697e+00  9.0819060e-13  9.08191e-13  9.08129e-13  6.20377e-17
2.442179846e+00  9.0186276e-13  9.01863e-13  9.01795e-13  6.81340e-17
2.454390745e+00  8.9556457e-13  8.95565e-13  8.95490e-13  7.47889e-17
2.466662699e+00  8.8929617e-13  8.89296e-13  8.89214e-13  8.20497e-17
2.478996012e+00  8.8305772e-13  8.83058e-13  8.82968e-13  8.99672e-17
2.491390992e+00  8.7684935e-13  8.76849e-13  8.76751e-13  9.85962e-17
2.503847947e+00  8.7067122e-13  8.70671e-13  8.70563e-13  1.07995e-16
2.516367187e+00  8.6452346e-13  8.64523e-13  8.64405e-13  1.18228e-16
2.528949023e+00  8.5840623e-13  8.58406e-13  8.58277e-13  1.29363e-16
2.541593768e+00  8.5231966e-13  8.52320e-13  8.52178e-13  1.41473e-16
2.554301737e+00  8.4626391e-13  8.46264e-13  8.46109e-13  1.54635e-16
2.567073246e+00  8.4023912e-13  8.40239e-13  8.40070e-13  1.68935e-16
2.579908612e+00  8.3424544e-13  8.34245e-13  8.34061e-13  1.84463e-16
2.592808155e+00  8.2828303e-13  8.28283e-13  8.28082e-13  2.01314e-16
2.605772196e+00  8.2235204e-13  8.22352e-13  8.22132e-13  2.19593e-16
2.618801057e+00  8.1645263e-13  8.16453e-13  8.16213e-13  2.39410e-16
2.631895062e+00  8.1058497e-13  8.10585e-13  8.10324e-13  2.60885e-16
2.645054537e+00  8.0474921e-13  8.04749e-13  8.04465e-13  2.84142e-16
2.658279810e+00  7.9894553e-13  7.98946e-13  7.98636e-13  3.09319e-16
2.671571209e+00  7.9317411e-13  7.93174e-13  7.92838e-13  3.36559e-16
2.684929065e+00  7.8743513e-13  7.87435e-13  7.87069e-13  3.66017e-16
2.698353710e+00  7.8172879e-13  7.81729e-13  7.81331e-13  3.97858e-16
2.711845479e+00  7.7605526e-13  7.76055e-13  7.75623e-13  4.32257e-16
2.725404706e+00  7.7041477e-13  7.70415e-13  7.69945e-13  4.69402e-16
2.739031730e+00  7.6480753e-13  7.64808e-13  7.64298e-13  5.09491e-16
2.752726889e+00  7.5923376e-13  7.59234e-13  7.58681e-13  5.52738e-16
2.766490523e+00  7.5369369e-13  7.53694e-13  7.53094e-13  5.99368e-16
2.780322976e+00  7.4818757e-13  7.48188e-13  7.47538e-13  6.49622e-16
2.794224591e+00  7.4271565e-13  7.42716e-13  7.42012e-13  7.03755e-16
2.808195713e+00  7.3727821e-13  7.37278e-13  7.36516e-13  7.62038e-16
2.822236692e+00  7.3187553e-13  7.31876e-13  7.31051e-13  8.24761e-16
2.836347875e+00  7.2650790e-13  7.26508e-13  7.25616e-13  8.92228e-16
2.850529615e+00  7.2117565e-13  7.21176e-13  7.20211e-13  9.64765e-16
2.864782263e+00  7.1587909e-13  7.15879e-13  7.14836e-13  1.04272e-15
2.879106174e+00  7.1061858e-13  7.10619e-13  7.09492e-13  1.12645e-15
2.893501705e+00  7.0539448e-13  7.05394e-13  7.04178e-13  1.21634e-15
2.907969214e+00  7.0020719e-13  7.00207e-13  6.98894e-13  1.31281e-15
2.922509060e+00  6.9505710e-13  6.95057e-13  6.93641e-13  1.41629e-15
2.937121605e+00  6.8994465e-13  6.89945e-13  6.88417e-13  1.52723e-15
2.951807213e+00  6.8487029e-13  6.84870e-13  6.83224e-13  1.64613e-15
2.966566249e+00  6.7983450e-13  6.79835e-13  6.78061e-13  1.77348e-15
2.981399080e+00  6.7483779e-13  6.74838e-13  6.72928e-13  1.90984e-15
2.996306076e+00  6.6988068e-13  6.69881e-13  6.67825e-13  2.05578e-15
3.011287606e+00  6.6496374e-13  6.64964e-13  6.62752e-13  2.21188e-15
3.026344044e+00  6.6008756e-13  6.60088e-13  6.57709e-13  2.37880e-15
3.041475764e+00  6.5525277e-13  6.55253e-13  6.52696e-13  2.55720e-15
3.056683143e+00  6.5046001e-13  6.50460e-13  6.47712e-13  2.74779e-15
3.071966559e+00  6.4570999e-13  6.45710e-13  6.42759e-13  2.95130e-15
3.087326392e+00  6.4100343e-13  6.41003e-13  6.37835e-13  3.16853e-15
3.102763024e+00  6.3634111e-13  6.36341e-13  6.32941e-13  3.40028e-15
3.118276839e+00  6.3172382e-13  6.31724e-13  6.28076e-13  3.64744e-15
3.133868223e+00  6.2715242e-13  6.27152e-13  6.23242e-13  3.91091e-15
3.149537564e+00  6.2262781e-13  6.22628e-13  6.18436e-13  4.19163e-15
3.165285252e+00  6.1815092e-13  6.18151e-13  6.13660e-13  4.49063e-15
3.181111678e+00  6.1372275e-13  6.13723e-13  6.08914e-13  4.80895e-15
3.197017237e+00  6.0934433e-13  6.09344e-13  6.04197e-13  5.14769e-15
3.213002323e+00  6.0501675e-13  6.05017e-13  5.99509e-13  5.50802e-15
3.229067334e+00  6.0074116e-13  6.00741e-13  5.94850e-13  5.89115e-15
3.245212671e+00  5.9651876e-13  5.96519e-13  5.90220e-13  6.29836e-15
3.261438734e+00  5.9235080e-13  5.92351e-13  5.85620e-13  6.73097e-15
3.277745928e+00  5.8823861e-13  5.88239e-13  5.81048e-13  7.19038e-15
3.294134658e+00  5.8418357e-13  5.84184e-13  5.76506e-13  7.67805e-15
3.310605331e+00  5.8018713e-13  5.80187e-13  5.71992e-13  8.19551e-15
3.327158358e+00  5.7625080e-13  5.76251e-13  5.67506e-13  8.74436e-15
3.343794149e+00  5.7237617e-13  5.72376e-13  5.63050e-13  9.32627e-15
3.360513120e+00  5.6856489e-13  5.68565e-13  5.58622e-13  9.94296e-15
3.377315686e+00  5.6481871e-13  5.64819e-13  5.54222e-13  1.05963e-14
3.394202264e+00  5.6113942e-13  5.61139e-13  5.49851e-13  1.12881e-14
3.411173276e+00  5.5752893e-13  5.57529e-13  5.45509e-13  1.20204e-14
3.428229142e+00  5.5398920e-13  5.53989e-13  5.41194e-13  1.27953e-14
3.445370288e+00  5.5052230e-13  5.50522e-13  5.36907e-13  1.36148e-14
3.462597139e+00  5.4713037e-13  5.47130e-13  5.32649e-13  1.44814e-14
3.479910125e+00  5.4381565e-13  5.43816e-13  5.28418e-13  1.53972e-14
3.497309675e+00  5.4058047e-13  5.40580e-13  5.24216e-13  1.63646e-14
3.514796224e+00  5.3742726e-13  5.37427e-13  5.20041e-13  1.73864e-14
3.532370205e+00  5.3435855e-13  5.34359e-13  5.15894e-13  1.84649e-14
3.550032056e+00  5.3137698e-13  5.31377e-13  5.11774e-13  1.96031e-14
3.567782216e+00  5.2848526e-13  5.28485e-13  5.07682e-13  2.08036e-14
3.585621127e+00  5.2568625e-13  5.25686e-13  5.03617e-13  2.20696e-14
3.603549233e+00  5.2298290e-13  5.22983e-13  4.99579e-13  2.34039e-14
3.621566979e+00  5.2037828e-13  5.20378e-13  4.95568e-13  2.48098e-14
3.639674814e+00  5.1787556e-13  5.17876e-13  4.91585e-13  2.62906e-14
3.657873188e+00  5.1547806e-13  5.15478e-13  4.87628e-13  2.78496e-14
3.676162554e+00  5.1318919e-13  5.13189e-13  4.83699e-13  2.94905e-14
3.694543367e+00  5.1101251e-13  5.11013e-13  4.79796e-13  3.12168e-14
3.713016084e+00  5.0895169e-13  5.08952e-13  4.75919e-13  3.30323e-14
3.731581164e+00  5.0701055e-13  5.07011e-13  4.72070e-13  3.49410e-14
3.750239070e+00  5.0519303e-13  5.05193e-13  4.68246e-13  3.69470e-14
3.768990265e+00  5.0350320e-13  5.03503e-13  4.64449e-13  3.90543e-14
3.787835216e+00  5.0194529e-13  5.01945e-13  4.60678e-13  4.12674e-14
3.806774393e+00  5.0052366e-13  5.00524e-13  4.56933e-13  4.35906e-14
3.825808265e+00  4.9924282e-13  4.99243e-13  4.53214e-13  4.60287e-14
3.844937306e+00  4.9810742e-13  4.98107e-13  4.49521e-13  4.85864e-14
3.864161992e+00  4.9712226e-13  4.97122e-13  4.45854e-13  5.12686e-14
3.883482802e+00  4.9629231e-13  4.96292e-13  4.42212e-13  5.40803e-14
3.902900216e+00  4.9562269e-13  4.95623e-13  4.38596e-13  5.70269e-14
3.922414717e+00  4.9511866e-13  4.95119e-13  4.35005e-13  6.01137e-14
3.942026791e+00  4.9478566e-13  4.94786e-13  4.31439e-13  6.33463e-14
3.961736925e+00  4.9462929e-13  4.94629e-13  4.27899e-13  6.67303e-14
3.981545610e+00  4.9465532e-13  4.94655e-13  4.24384e-13  7.02716e-14
4.001453338e+00  4.9486967e-13  4.94870e-13  4.20893e-13  7.39764e-14
4.021460604e+00  4.9527846e-13  4.95278e-13  4.17428e-13  7.78507e-14
4.041567907e+00  4.9588796e-13  4.95888e-13  4.13987e-13  8.19011e-14
4.061775747e+00  4.9670461e-13  4.96705e-13  4.10571e-13  8.61340e-14
4.082084626e+00  4.9773505e-13  4.97735e-13  4.07179e-13  9.05563e-14
4.102495049e+00  4.9898609e-13  4.98986e-13  4.03811e-13  9.51749e-14
4.123007524e+00  5.0046470e-13  5.00465e-13  4.00468e-13  9.99968e-14
4.143622562e+00  5.0217807e-13  5.02178e-13  3.97149e-13  1.05029e-13
4.164340674e+00  5.0413354e-13  5.04134e-13  3.93854e-13  1.10280e-13
4.185162378e+00  5.0633865e-13  5.06339e-13  3.90582e-13  1.15756e-13
4.206088190e+00  5.0880112e-13  5.08801e-13  3.87335e-13  1.21466e-13
4.227118631e+00  5.1152887e-13  5.11529e-13  3.84111e-13  1.27418e-13
4.248254224e+00  5.1453000e-13  5.14530e-13  3.80910e-13  1.33620e-13
4.269495495e+00  5.1781279e-13  5.17813e-13  3.77733e-13  1.40080e-13
4.290842972e+00  5.2138573e-13  5.21386e-13  3.74579e-13  1.46806e-13
4.312297187e+00  5.2525748e-13  5.25257e-13  3.71449e-13  1.53809e-13
4.333858673e+00  5.2943692e-13  5.29437e-13  3.68341e-13  1.61096e-13
4.355527967e+00  5.3393309e-13  5.33933e-13  3.65256e-13  1.68677e-13
4.377305606e+00  5.3875524e-13  5.38755e-13  3.62194e-13  1.76561e-13
4.399192134e+00  5.4391281e-13  5.43913e-13  3.59155e-13  1.84758e-13
4.421188095e+00  5.4941542e-13  5.49415e-13  3.56138e-13  1.93277e-13
4.443294036e+00  5.5527289e-13  5.55273e-13  3.53144e-13  2.02129e-13
4.465510506e+00  5.6149524e-13  5.61495e-13  3.50172e-13  2.11324e-13
4.487838058e+00  5.6809266e-13  5.68093e-13  3.47222e-13  2.20871e-13
4.510277249e+00  5.7507554e-13  5.75076e-13  3.44294e-13  2.30782e-13
4.532828635e+00  5.8245447e-13  5.82454e-13  3.41388e-13  2.41067e-13
4.555492778e+00  5.9024019e-13  5.90240e-13  3.38504e-13  2.51737e-13
4.578270242e+00  5.9844365e-13  5.98444e-13  3.35641e-13  2.62803e-13
4.601161593e+00  6.0707599e-13  6.07076e-13  3.32800e-13  2.74276e-13
4.624167401e+00  6.1614852e-13  6.16149e-13  3.29980e-13  2.86168e-13
4.647288238e+00  6.2567271e-13  6.25673e-13  3.27182e-13  2.98491e-13
4.670524679e+00  6.3566024e-13  6.35660e-13  3.24405e-13  3.11255e-13
4.693877303e+00  6.4612294e-13  6.46123e-13  3.21649e-13  3.24474e-13
4.717346689e+00  6.5707282e-13  6.57073e-13  3.18914e-13  3.38159e-13
4.740933423e+00  6.6852205e-13  6.68522e-13  3.16200e-13  3.52322e-13
4.764638090e+00  6.8048298e-13  6.80483e-13  3.13506e-13  3.66977e-13
4.788461280e+00  6.9296809e-13  6.92968e-13  3.10833e-13  3.82135e-13
4.812403587e+00  7.0599006e-13  7.05990e-13  3.08181e-13  3.97809e-13
4.836465604e+00  7.1956168e-13  7.19562e-13  3.05549e-13  4.14013e-13
4.860647933e+00  7.3369591e-13  7.33696e-13  3.02937e-13  4.30759e-13
4.884951172e+00  7.4840585e-13  7.48406e-13  3.00345e-13  4.48061e-13
4.909375928e+00  7.6370474e-13  7.63705e-13  2.97773e-13  4.65932e-13
4.933922808e+00  7.7960596e-13  7.79606e-13  2.95221e-13  4.84385e-13
4.958592422e+00  7.9612301e-13  7.96123e-13  2.92689e-13  5.03434e-13
4.983385384e+00  8.1326950e-13  8.13270e-13  2.90176e-13  5.23094e-13
5.008302311e+00  8.3105919e-13  8.31059e-13  2.87683e-13  5.43377e-13
5.033343822e+00  8.4950593e-13  8.49506e-13  2.85209e-13  5.64297e-13
5.058510541e+00  8.6862368e-13  8.68624e-13  2.82754e-13  5.85870e-13
5.083803094e+00  8.8842649e-13  8.88426e-13  2.80319e-13  6.08108e-13
5.109222110e+00  9.0892853e-13  9.08929e-13  2.77902e-13  6.31026e-13
5.134768220e+00  9.3014403e-13  9.30144e-13  2.75505e-13  6.54639e-13
5.160442061e+00  9.5208730e-13  9.52087e-13  2.73126e-13  6.78962e-13
5.186244272e+00  9.7477274e-13  9.74773e-13  2.70766e-13  7.04007e-13
5.212175493e+00  9.9821479e-13  9.98215e-13  2.68424e-13  7.29791e-13
5.238236370e+00  1.0224280e-12  1.02243e-12  2.66101e-13  7.56327e-13
5.264427552e+00  1.0474268e-12  1.04743e-12  2.63796e-13  7.83631e-13
5.290749690e+00  1.0732260e-12  1.07323e-12  2.61509e-13  8.11717e-13
5.317203438e+00  1.0998400e-12  1.09984e-12  2.59241e-13  8.40599e-13
5.343789456e+00  1.1272836e-12  1.12728e-12  2.56990e-13  8.70294e-13
5.370508403e+00  1.1555715e-12  1.15557e-12  2.54757e-13  9.00814e-13
5.397360945e+00  1.1847182e-12  1.18472e-12  2.52542e-13  9.32176e-13
5.424347750e+00  1.2147386e-12  1.21474e-12  2.50344e-13  9.64394e-13
5.451469488e+00  1.2456471e-12  1.24565e-12  2.48164e-13  9.97483e-13
5.478726836e+00  1.2774586e-12  1.27746e-12  2.46002e-13  1.03146e-12
5.506120470e+00  1.3101875e-12  1.31019e-12  2.43856e-13  1.06633e-12
5.533651072e+00  1.3438484e-12  1.34385e-12  2.41728e-13  1.10212e-12
5.561319328e+00  1.3784559e-12  1.37846e-12  2.39617e-13  1.13884e-12
5.589125924e+00  1.4140244e-12  1.41402e-12  2.37522e-13  1.17650e-12
5.617071554e+00  1.4505682e-12  1.45057e-12  2.35445e-13  1.21512e-12
5.645156912e+00  1.4881018e-12  1.48810e-12  2.33384e-13  1.25472e-12
5.673382696e+00  1.5266392e-12  1.52664e-12  2.31340e-13  1.29530e-12
5.701749610e+00  1.5661947e-12  1.56619e-12  2.29312e-13  1.33688e-12
5.730258358e+00  1.6067821e-12  1.60678e-12  2.27301e-13  1.37948e-12
5.758909650e+00  1.6484154e-12  1.64842e-12  2.25306e-13  1.42311e-12
5.787704198e+00  1.6911083e-12  1.69111e-12  2.23327e-13  1.46778e-12
5.816642719e+00  1.7348744e-12  1.73487e-12  2.21364e-13  1.51351e-12
5.845725932e+00  1.7797271e-12  1.77973e-12  2.19417e-13  1.56031e-12
5.874954562e+00  1.8256796e-12  1.82568e-12  2.17485e-13  1.60819e-12
5.904329335e+00  1.8727452e-12  1.87275e-12  2.15570e-13  1.65718e-12
5.933850982e+00  1.9209366e-12  1.92094e-12  2.13670e-13  1.70727e-12
5.963520237e+00  1.9702666e-12  1.97027e-12  2.11786e-13  1.75848e-12
5.993337838e+00  2.0207477e-12  2.02075e-12  2.09916e-13  1.81083e-12
6.023304527e+00  2.0723920e-12  2.07239e-12  2.08063e-13  1.86433e-12
6.053421050e+00  2.1252118e-12  2.12521e-12  2.06224e-13  1.91899e-12
6.083688155e+00  2.1792187e-12  2.17922e-12  2.04400e-13  1.97482e-12
6.114106596e+00  2.2344244e-12  2.23442e-12  2.02592e-13  2.03183e-12
6.144677129e+00  2.2908399e-12  2.29084e-12  2.00798e-13  2.09004e-12
6.175400514e+00  2.3484765e-12  2.34848e-12  1.99019e-13  2.14946e-12
6.206277517e+00  2.4073447e-12  2.40734e-12  1.97255e-13  2.21009e-12
6.237308904e+00  2.4674549e-12  2.46745e-12  1.95505e-13  2.27195e-12
6.268495449e+00  2.5288174e-12  2.52882e-12  1.93769e-13  2.33505e-12
6.299837926e+00  2.5914417e-12  2.59144e-12  1.92048e-13  2.39939e-12
6.331337116e+00  2.6553375e-12  2.65534e-12  1.90341e-13  2.46500e-12
6.362993801e+00  2.7205138e-12  2.72051e-12  1.88649e-13  2.53187e-12
6.394808770e+00  2.7869793e-12  2.78698e-12  1.86970e-13  2.60001e-12
6.426782814e+00  2.8547424e-12  2.85474e-12  1.85305e-13  2.66944e-12
6.458916728e+00  2.9238112e-12  2.92381e-12  1.83654e-13  2.74016e-12
6.491211312e+00  2.9941933e-12  2.99419e-12  1.82017e-13  2.81218e-12
6.523667368e+00  3.0658959e-12  3.06590e-12  1.80393e-13  2.88550e-12
6.556285705e+00  3.1389260e-12  3.13893e-12  1.78783e-13  2.96014e-12
6.589067134e+00  3.2132899e-12  3.21329e-12  1.77187e-13  3.03610e-12
6.622012469e+00  3.2889937e-12  3.28899e-12  1.75603e-13  3.11339e-12
6.655122532e+00  3.3660429e-12  3.36604e-12  1.74033e-13  3.19201e-12
6.688398144e+00  3.4444427e-12  3.44444e-12  1.72476e-13  3.27197e-12
6.721840135e+00  3.5241979e-12  3.52420e-12  1.70932e-13  3.35327e-12
6.755449336e+00  3.6053126e-12  3.60531e-12  1.69401e-13  3.43591e-12
6.789226583e+00  3.6877907e-12  3.68779e-12  1.67883e-13  3.51991e-12
6.823172715e+00  3.7716355e-12  3.77164e-12  1.66378e-13  3.60526e-12
6.857288579e+00  3.8568499e-12  3.85685e-12  1.64885e-13  3.69196e-12
6.891575022e+00  3.9434363e-12  3.94344e-12  1.63405e-13  3.78003e-12
6.926032897e+00  4.0313964e-12  4.03140e-12  1.61937e-13  3.86946e-12
6.960663062e+00  4.1207317e-12  4.12073e-12  1.60482e-13  3.96025e-12
6.995466377e+00  4.2114431e-12  4.21144e-12  1.59039e-13  4.05240e-12
7.030443709e+00  4.3035310e-12  4.30353e-12  1.57608e-13  4.14592e-12
7.065595927e+00  4.3969951e-12  4.39700e-12  1.56190e-13  4.24081e-12
7.100923907e+00  4.4918349e-12  4.49183e-12  1.54783e-13  4.33705e-12
7.136428526e+00  4.5880491e-12  4.58805e-12  1.53388e-13  4.43466e-12
7.172110669e+00  4.6856360e-12  4.68564e-12  1.52005e-13  4.53363e-12
7.207971222e+00  4.7845933e-12  4.78459e-12  1.50634e-13  4.63396e-12
7.244011079e+00  4.8849183e-12  4.88492e-12  1.49274e-13  4.73564e-12
7.280231134e+00  4.9866075e-12  4.98661e-12  1.47926e-13  4.83868e-12
7.316632290e+00  5.0896572e-12  5.08966e-12  1.46590e-13  4.94307e-12
7.353215451e+00  5.1940628e-12  5.19406e-12  1.45265e-13  5.04880e-12
7.389981528e+00  5.2998194e-12  5.29982e-12  1.43951e-13  5.15587e-12
7.426931436e+00  5.4069214e-12  5.40692e-12  1.42648e-13  5.26427e-12
7.464066093e+00  5.5153627e-12  5.51536e-12  1.41357e-13  5.37401e-12
7.501386424e+00  5.6251367e-12  5.62514e-12  1.40077e-13  5.48506e-12
7.538893356e+00  5.7362361e-12  5.73624e-12  1.38807e-13  5.59743e-12
7.576587822e+00  5.8486531e-12  5.84865e-12  1.37549e-13  5.71110e-12
7.614470762e+00  5.9623794e-12  5.96238e-12  1.36301e-13  5.82608e-12
7.652543115e+00  6.0774060e-12  6.07741e-12  1.35064e-13  5.94234e-12
7.690805831e+00  6.1937235e-12  6.19372e-12  1.33837e-13  6.05989e-12
7.729259860e+00  6.3113219e-12  6.31132e-12  1.32621e-13  6.17870e-12
7.767906159e+00  6.4301905e-12  6.43019e-12  1.31416e-13  6.29877e-12
7.806745690e+00  6.5503182e-12  6.55032e-12  1.30221e-13  6.42010e-12
7.845779419e+00  6.6716933e-12  6.67169e-12  1.29036e-13  6.54266e-12
7.885008316e+00  6.7943035e-12  6.79430e-12  1.27862e-13  6.66644e-12
7.924433357e+00  6.9181360e-12  6.91814e-12  1.26697e-13  6.79144e-12
7.964055524e+00  7.0431774e-12  7.04318e-12  1.25543e-13  6.91763e-12
8.003875802e+00  7.1694137e-12  7.16941e-12  1.24399e-13  7.04502e-12
8.043895181e+00  7.2968306e-12  7.29683e-12  1.23264e-13  7.17357e-12
8.084114657e+00  7.4254129e-12  7.42541e-12  1.22139e-13  7.30327e-12
8.124535230e+00  7.5551453e-12  7.55515e-12  1.21025e-13  7.43412e-12
8.165157906e+00  7.6860114e-12  7.68601e-12  1.19919e-13  7.56609e-12
8.205983696e+00  7.8179949e-12  7.81799e-12  1.18824e-13  7.69917e-12
8.247013614e+00  7.9510785e-12  7.95108e-12  1.17738e-13  7.83334e-12
8.288248682e+00  8.0852446e-12  8.08524e-12  1.16661e-13  7.96858e-12
8.329689926e+00  8.2204751e-12  8.22048e-12  1.15594e-13  8.10488e-12
8.371338375e+00  8.3567512e-12  8.35675e-12  1.14536e-13  8.24222e-12
8.413195067e+00  8.4940539e-12  8.49405e-12  1.13487e-13  8.38057e-12
8.455261042e+00  8.6323635e-12  8.63236e-12  1.12448e-13  8.51992e-12
8.497537348e+00  8.7716598e-12  8.77166e-12  1.11417e-13  8.66024e-12
8.540025034e+00  8.9119223e-12  8.91192e-12  1.10396e-13  8.80153e-12
8.582725160e+00  9.0531299e-12  9.05313e-12  1.09383e-13  8.94375e-12
8.625638785e+00  9.1952611e-12  9.19526e-12  1.08379e-13  9.08688e-12
8.668766979e+00  9.3382938e-12  9.33829e-12  1.07384e-13  9.23091e-12
8.712110814e+00  9.4822058e-12  9.48221e-12  1.06398e-13  9.37581e-12
8.755671368e+00  9.6269740e-12  9.62697e-12  1.05421e-13  9.52155e-12
8.799449725e+00  9.7725752e-12  9.77258e-12  1.04452e-13  9.66812e-12
8.843446974e+00  9.9189858e-12  9.91899e-12  1.03491e-13  9.81549e-12
8.887664209e+00  1.0066182e-11  1.00662e-11  1.02539e-13  9.96364e-12
8.932102530e+00  1.0214138e-11  1.02141e-11  1.01595e-13  1.01125e-11
8.976763042e+00  1.0362830e-11  1.03628e-11  1.00660e-13  1.02622e-11
9.021646857e+00  1.0512233e-11  1.05122e-11  9.97328e-14  1.04125e-11
9.066755092e+00  1.0662321e-11  1.06623e-11  9.88138e-14  1.05635e-11
9.112088867e+00  1.0813068e-11  1.08131e-11  9.79030e-14  1.07152e-11
9.157649312e+00  1.0964448e-11  1.09644e-11  9.70001e-14  1.08674e-11
9.203437558e+00  1.1116434e-11  1.11164e-11  9.61053e-14  1.10203e-11
9.249454746e+00  1.1268998e-11  1.12690e-11  9.52183e-14  1.11738e-11
9.295702020e+00  1.1422115e-11  1.14221e-11  9.43392e-14  1.13278e-11
9.342180530e+00  1.1575756e-11  1.15758e-11  9.34679e-14  1.14823e-11
9.388891432e+00  1.1729894e-11  1.17299e-11  9.26043e-14  1.16373e-11
9.435835890e+00  1.1884499e-11  1.18845e-11  9.17483e-14  1.17928e-11
9.483015069e+00  1.2039545e-11  1.20395e-11  9.08999e-14  1.19486e-11
9.530430144e+00  1.2195002e-11  1.21950e-11  9.00591e-14  1.21049e-11
9.578082295e+00  1.2350842e-11  1.23508e-11  8.92257e-14  1.22616e-11
9.625972707e+00  1.2507035e-11  1.25070e-11  8.83997e-14  1.24186e-11
9.674102570e+00  1.2663552e-11  1.26636e-11  8.75810e-14  1.25760e-11
9.722473083e+00  1.2820364e-11  1.28204e-11  8.67697e-14  1.27336e-11
9.771085448e+00  1.2977441e-11  1.29774e-11  8.59655e-14  1.28915e-11
9.819940876e+00  1.3134753e-11  1.31348e-11  8.51685e-14  1.30496e-11
9.869040580e+00  1.3292271e-11  1.32923e-11  8.43786e-14  1.32079e-11
9.918385783e+00  1.3449964e-11  1.34500e-11  8.35958e-14  1.33664e-11
9.967977712e+00  1.3607802e-11  1.36078e-11  8.28199e-14  1.35250e-11
1.001781760e+01  1.3765754e-11  1.37658e-11  8.20510e-14  1.36837e-11
1.006790669e+01  1.3923790e-11  1.39238e-11  8.12889e-14  1.38425e-11
1.011824622e+01  1.4081880e-11  1.40819e-11  8.05336e-14  1.40013e-11
1.016883745e+01  1.4239993e-11  1.42400e-11  7.97851e-14  1.41602e-11
1.021968164e+01  1.4398099e-11  1.43981e-11  7.90433e-14  1.43191e-11
1.027078005e+01  1.4556165e-11  1.45562e-11  7.83081e-14  1.44779e-11
1.032213395e+01  1.4714163e-11  1.47142e-11  7.75795e-14  1.46366e-11
1.037374462e+01  1.4872060e-11  1.48721e-11  7.68575e-14  1.47952e-11
1.042561334e+01  1.5029827e-11  1.50298e-11  7.61419e-14  1.49537e-11
1.047774141e+01  1.5187432e-11  1.51874e-11  7.54327e-14  1.51120e-11
1.053013012e+01  1.5344845e-11  1.53448e-11  7.47299e-14  1.52701e-11
1.058278077e+01  1.5502035e-11  1.55020e-11  7.40334e-14  1.54280e-11
1.063569467e+01  1.5658970e-11  1.56590e-11  7.33432e-14  1.55856e-11
1.068887314e+01  1.5815622e-11  1.58156e-11  7.26592e-14  1.57430e-11
1.074231751e+01  1.5971958e-11  1.59720e-11  7.19813e-14  1.59000e-11
1.079602910e+01  1.6127948e-11  1.61279e-11  7.13096e-14  1.60566e-11
1.085000924e+01  1.6283563e-11  1.62836e-11  7.06438e-14  1.62129e-11
1.090425929e+01  1.6438771e-11  1.64388e-11  6.99841e-14  1.63688e-11
1.095878058e+01  1.6593543e-11  1.65935e-11  6.93304e-14  1.65242e-11
1.101357449e+01  1.6747848e-11  1.67478e-11  6.86825e-14  1.66792e-11
1.106864236e+01  1.6901657e-11  1.69017e-11  6.80405e-14  1.68336e-11
1.112398557e+01  1.7054939e-11  1.70549e-11  6.74043e-14  1.69875e-11
1.117960550e+01  1.7207666e-11  1.72077e-11  6.67738e-14  1.71409e-11
1.123550353e+01  1.7359807e-11  1.73598e-11  6.61490e-14  1.72937e-11
1.129168104e+01  1.7511334e-11  1.75113e-11  6.55299e-14  1.74458e-11
1.134813945e+01  1.7662217e-11  1.76622e-11  6.49164e-14  1.75973e-11
1.140488015e+01  1.7812428e-11  1.78124e-11  6.43085e-14  1.77481e-11
1.146190455e+01  1.7961938e-11  1.79619e-11  6.37060e-14  1.78982e-11
1.151921407e+01  1.8110719e-11  1.81107e-11  6.31090e-14  1.80476e-11
1.157681014e+01  1.8258742e-11  1.82587e-11  6.25175e-14  1.81962e-11
1.163469419e+01  1.8405980e-11  1.84060e-11  6.19313e-14  1.83440e-11
1.169286766e+01  1.8552405e-11  1.85524e-11  6.13504e-14  1.84911e-11
1.175133200e+01  1.8697989e-11  1.86980e-11  6.07748e-14  1.86372e-11
1.181008866e+01  1.8842706e-11  1.88427e-11  6.02044e-14  1.87825e-11
1.186913910e+01  1.8986529e-11  1.89865e-11  5.96392e-14  1.89269e-11
1.192848480e+01  1.9129432e-11  1.91294e-11  5.90791e-14  1.90704e-11
1.198812722e+01  1.9271387e-11  1.92714e-11  5.85242e-14  1.92129e-11
1.204806786e+01  1.9412370e-11  1.94124e-11  5.79743e-14  1.93544e-11
1.210830820e+01  1.9552355e-11  1.95524e-11  5.74294e-14  1.94949e-11
1.216884974e+01  1.9691317e-11  1.96913e-11  5.68895e-14  1.96344e-11
1.222969399e+01  1.9829230e-11  1.98292e-11  5.63545e-14  1.97729e-11
1.229084246e+01  1.9966071e-11  1.99661e-11  5.58243e-14  1.99102e-11
1.235229667e+01  2.0101814e-11  2.01018e-11  5.52991e-14  2.00465e-11
1.241405815e+01  2.0236437e-11  2.02364e-11  5.47786e-14  2.01817e-11
1.247612845e+01  2.0369917e-11  2.03699e-11  5.42628e-14  2.03157e-11
1.253850909e+01  2.0502229e-11  2.05022e-11  5.37518e-14  2.04485e-11
1.260120163e+01  2.0633351e-11  2.06334e-11  5.32455e-14  2.05801e-11
1.266420764e+01  2.0763262e-11  2.07633e-11  5.27438e-14  2.07105e-11
1.272752868e+01  2.0891938e-11  2.08919e-11  5.22466e-14  2.08397e-11
1.279116632e+01  2.1019360e-11  2.10194e-11  5.17541e-14  2.09676e-11
1.285512215e+01  2.1145505e-11  2.11455e-11  5.12660e-14  2.10942e-11
1.291939776e+01  2.1270354e-11  2.12704e-11  5.07824e-14  2.12196e-11
1.298399475e+01  2.1393885e-11  2.13939e-11  5.03032e-14  2.13436e-11
1.304891473e+01  2.1516079e-11  2.15161e-11  4.98285e-14  2.14663e-11
1.311415930e+01  2.1636917e-11  2.16369e-11  4.93581e-14  2.15876e-11
1.317973010e+01  2.1756380e-11  2.17564e-11  4.88920e-14  2.17075e-11
1.324562875e+01  2.1874449e-11  2.18744e-11  4.84302e-14  2.18260e-11
1.331185689e+01  2.1991107e-11  2.19911e-11  4.79726e-14  2.19431e-11
1.337841618e+01  2.2106335e-11  2.21063e-11  4.75193e-14  2.20588e-11
1.344530826e+01  2.2220117e-11  2.22201e-11  4.70701e-14  2.21730e-11
1.351253480e+01  2.2332435e-11  2.23324e-11  4.66250e-14  2.22858e-11
1.358009747e+01  2.2443274e-11  2.24433e-11  4.61840e-14  2.23971e-11
1.364799796e+01  2.2552617e-11  2.25526e-11  4.57471e-14  2.25069e-11
1.371623795e+01  2.2660450e-11  2.26605e-11  4.53143e-14  2.26151e-11
1.378481914e+01  2.2766758e-11  2.27668e-11  4.48854e-14  2.27219e-11
1.385374323e+01  2.2871525e-11  2.28715e-11  4.44604e-14  2.28271e-11
1.392301195e+01  2.2974738e-11  2.29747e-11  4.40394e-14  2.29307e-11
1.399262701e+01  2.3076384e-11  2.30764e-11  4.36223e-14  2.30328e-11
1.406259015e+01  2.3176449e-11  2.31764e-11  4.32090e-14  2.31332e-11
1.413290310e+01  2.3274921e-11  2.32749e-11  4.27995e-14  2.32321e-11
1.420356761e+01  2.3371788e-11  2.33718e-11  4.23939e-14  2.33294e-11
1.427458545e+01  2.3467038e-11  2.34670e-11  4.19919e-14  2.34250e-11
1.434595838e+01  2.3560660e-11  2.35607e-11  4.15937e-14  2.35191e-11
1.441768817e+01  2.3652643e-11  2.36526e-11  4.11992e-14  2.36114e-11
1.448977661e+01  2.3742977e-11  2.37430e-11  4.08083e-14  2.37022e-11
1.456222549e+01  2.3831652e-11  2.38317e-11  4.04210e-14  2.37912e-11
1.463503662e+01  2.3918658e-11  2.39187e-11  4.00373e-14  2.38786e-11
1.470821180e+01  2.4003988e-11  2.40040e-11  3.96572e-14  2.39643e-11
1.478175286e+01  2.4087632e-11  2.40876e-11  3.92806e-14  2.40484e-11
1.485566163e+01  2.4169583e-11  2.41696e-11  3.89074e-14  2.41307e-11
1.492993994e+01  2.4249832e-11  2.42498e-11  3.85378e-14  2.42113e-11
1.500458964e+01  2.4328374e-11  2.43284e-11  3.81715e-14  2.42902e-11
1.507961258e+01  2.4405202e-11  2.44052e-11  3.78087e-14  2.43674e-11
1.515501065e+01  2.4480308e-11  2.44803e-11  3.74492e-14  2.44429e-11
1.523078570e+01  2.4553688e-11  2.45537e-11  3.70931e-14  2.45166e-11
1.530693963e+01  2.4625337e-11  2.46253e-11  3.67403e-14  2.45886e-11
1.538347433e+01  2.4695249e-11  2.46952e-11  3.63907e-14  2.46589e-11
1.546039170e+01  2.4763421e-11  2.47634e-11  3.60444e-14  2.47274e-11
1.553769366e+01  2.4829848e-11  2.48298e-11  3.57014e-14  2.47941e-11
1.561538212e+01  2.4894527e-11  2.48945e-11  3.53615e-14  2.48592e-11
1.569345903e+01  2.4957455e-11  2.49575e-11  3.50248e-14  2.49224e-11
1.577192633e+01  2.5018630e-11  2.50186e-11  3.46912e-14  2.49839e-11
1.585078596e+01  2.5078048e-11  2.50780e-11  3.43607e-14  2.50437e-11
1.593003989e+01  2.5135710e-11  2.51357e-11  3.40333e-14  2.51017e-11
1.600969009e+01  2.5191612e-11  2.51916e-11  3.37089e-14  2.51579e-11
1.608973854e+01  2.5245754e-11  2.52458e-11  3.33876e-14  2.52124e-11
1.617018723e+01  2.5298137e-11  2.52981e-11  3.30693e-14  2.52651e-11
1.625103817e+01  2.5348759e-11  2.53488e-11  3.27539e-14  2.53160e-11
1.633229336e+01  2.5397621e-11  2.53976e-11  3.24415e-14  2.53652e-11
1.641395483e+01  2.5444723e-11  2.54447e-11  3.21320e-14  2.54126e-11
1.649602460e+01  2.5490068e-11  2.54901e-11  3.18254e-14  2.54582e-11
1.657850473e+01  2.5533656e-11  2.55337e-11  3.15216e-14  2.55021e-11
1.666139725e+01  2.5575489e-11  2.55755e-11  3.12207e-14  2.55443e-11
1.674470424e+01  2.5615569e-11  2.56156e-11  3.09226e-14  2.55846e-11
1.682842776e+01  2.5653900e-11  2.56539e-11  3.06273e-14  2.56233e-11
1.691256990e+01  2.5690483e-11  2.56905e-11  3.03347e-14  2.56601e-11
1.699713274e+01  2.5725323e-11  2.57253e-11  3.00449e-14  2.56953e-11
1.708211841e+01  2.5758424e-11  2.57584e-11  2.97578e-14  2.57287e-11
1.716752900e+01  2.5789789e-11  2.57898e-11  2.94734e-14  2.57603e-11
1.725336665e+01  2.5819422e-11  2.58194e-11  2.91916e-14  2.57902e-11
1.733963348e+01  2.5847329e-11  2.58473e-11  2.89125e-14  2.58184e-11
1.742633165e+01  2.5873515e-11  2.58735e-11  2.86360e-14  2.58449e-11
1.751346330e+01  2.5897985e-11  2.58980e-11  2.83621e-14  2.58696e-11
1.760103062e+01  2.5920745e-11  2.59207e-11  2.80908e-14  2.58927e-11
1.768903577e+01  2.5941801e-11  2.59418e-11  2.78220e-14  2.59140e-11
1.777748095e+01  2.5961159e-11  2.59612e-11  2.75557e-14  2.59336e-11
1.786636836e+01  2.5978826e-11  2.59788e-11  2.72919e-14  2.59515e-11
1.795570020e+01  2.5994810e-11  2.59948e-11  2.70306e-14  2.59678e-11
1.804547870e+01  2.6009117e-11  2.60091e-11  2.67718e-14  2.59823e-11
1.813570609e+01  2.6021756e-11  2.60218e-11  2.65154e-14  2.59952e-11
1.822638462e+01  2.6032733e-11  2.60327e-11  2.62614e-14  2.60065e-11
1.831751655e+01  2.6042058e-11  2.60421e-11  2.60098e-14  2.60160e-11
1.840910413e+01  2.6049739e-11  2.60497e-11  2.57605e-14  2.60240e-11
1.850114965e+01  2.6055784e-11  2.60558e-11  2.55136e-14  2.60303e-11
1.859365540e+01  2.6060203e-11  2.60602e-11  2.52690e-14  2.60349e-11
1.868662368e+01  2.6063004e-11  2.60630e-11  2.50267e-14  2.60380e-11
1.878005679e+01  2.6064198e-11  2.60642e-11  2.47867e-14  2.60394e-11
1.887395708e+01  2.6063794e-11  2.60638e-11  2.45490e-14  2.60392e-11
1.896832686e+01  2.6061802e-11  2.60618e-11  2.43135e-14  2.60375e-11
1.906316850e+01  2.6058232e-11  2.60582e-11  2.40802e-14  2.60342e-11
1.915848434e+01  2.6053096e-11  2.60531e-11  2.38491e-14  2.60292e-11
1.925427676e+01  2.6046402e-11  2.60464e-11  2.36202e-14  2.60228e-11
1.935054815e+01  2.6038163e-11  2.60382e-11  2.33934e-14  2.60148e-11
1.944730089e+01  2.6028390e-11  2.60284e-11  2.31688e-14  2.60052e-11
1.954453739e+01  2.6017093e-11  2.60171e-11  2.29463e-14  2.59941e-11
1.964226008e+01  2.6004285e-11  2.60043e-11  2.27259e-14  2.59816e-11
1.974047138e+01  2.5989976e-11  2.59900e-11  2.25076e-14  2.59675e-11
1.983917374e+01  2.5974180e-11  2.59742e-11  2.22913e-14  2.59519e-11
1.993836960e+01  2.5956908e-11  2.59569e-11  2.20771e-14  2.59348e-11
2.003806145e+01  2.5938172e-11  2.59382e-11  2.18649e-14  2.59163e-11
2.013825176e+01  2.5917984e-11  2.59180e-11  2.16547e-14  2.58963e-11
2.023894302e+01  2.5896358e-11  2.58964e-11  2.14465e-14  2.58749e-11
2.034013773e+01  2.5873306e-11  2.58733e-11  2.12403e-14  2.58521e-11
2.044183842e+01  2.5848841e-11  2.58488e-11  2.10360e-14  2.58278e-11
2.054404761e+01  2.5822976e-11  2.58230e-11  2.08336e-14  2.58021e-11
2.064676785e+01  2.5795724e-11  2.57957e-11  2.06332e-14  2.57751e-11
2.075000169e+01  2.5767099e-11  2.57671e-11  2.04347e-14  2.57467e-11
2.085375170e+01  2.5737113e-11  2.57371e-11  2.02380e-14  2.57169e-11
2.095802046e+01  2.5705781e-11  2.57058e-11  2.00432e-14  2.56857e-11
2.106281056e+01  2.5673116e-11  2.56731e-11  1.98502e-14  2.56533e-11
2.116812461e+01  2.5639133e-11  2.56391e-11  1.96591e-14  2.56195e-11
2.127396524e+01  2.5603844e-11  2.56038e-11  1.94698e-14  2.55844e-11
2.138033506e+01  2.5567264e-11  2.55673e-11  1.92823e-14  2.55480e-11
2.148723674e+01  2.5529407e-11  2.55294e-11  1.90965e-14  2.55103e-11
2.159467292e+01  2.5490287e-11  2.54903e-11  1.89125e-14  2.54714e-11
2.170264629e+01  2.5449919e-11  2.54499e-11  1.87303e-14  2.54312e-11
2.181115952e+01  2.5408317e-11  2.54083e-11  1.85498e-14  2.53898e-11
2.192021532e+01  2.5365495e-11  2.53655e-11  1.83710e-14  2.53471e-11
2.202981639e+01  2.5321468e-11  2.53215e-11  1.81939e-14  2.53033e-11
2.213996547e+01  2.5276250e-11  2.52763e-11  1.80185e-14  2.52582e-11
2.225066530e+01  2.5229857e-11  2.52299e-11  1.78447e-14  2.52120e-11
2.236191863e+01  2.5182303e-11  2.51823e-11  1.76726e-14  2.51646e-11
2.247372822e+01  2.5133602e-11  2.51336e-11  1.75021e-14  2.51161e-11
2.258609686e+01  2.5083770e-11  2.50838e-11  1.73333e-14  2.50664e-11
2.269902735e+01  2.5032821e-11  2.50328e-11  1.71660e-14  2.50157e-11
2.281252248e+01  2.4980770e-11  2.49808e-11  1.70004e-14  2.49638e-11
2.292658510e+01  2.4927632e-11  2.49276e-11  1.68363e-14  2.49108e-11
2.304121802e+01  2.4873423e-11  2.48734e-11  1.66738e-14  2.48567e-11
2.315642411e+01  2.4818157e-11  2.48182e-11  1.65128e-14  2.48016e-11
2.327220623e+01  2.4761848e-11  2.47618e-11  1.63533e-14  2.47455e-11
2.338856726e+01  2.4704513e-11  2.47045e-11  1.61954e-14  2.46883e-11
2.350551010e+01  2.4646167e-11  2.46462e-11  1.60390e-14  2.46301e-11
2.362303765e+01  2.4586823e-11  2.45868e-11  1.58840e-14  2.45709e-11
2.374115284e+01  2.4526498e-11  2.45265e-11  1.57306e-14  2.45108e-11
2.385985860e+01  2.4465206e-11  2.44652e-11  1.55786e-14  2.44496e-11
2.397915789e+01  2.4402963e-11  2.44030e-11  1.54280e-14  2.43875e-11
2.409905368e+01  2.4339783e-11  2.43398e-11  1.52789e-14  2.43245e-11
2.421954895e+01  2.4275682e-11  2.42757e-11  1.51312e-14  2.42606e-11
2.434064670e+01  2.4210674e-11  2.42107e-11  1.49849e-14  2.41957e-11
2.446234993e+01  2.4144775e-11  2.41448e-11  1.48400e-14  2.41299e-11
2.458466168e+01  2.4078000e-11  2.40780e-11  1.46965e-14  2.40633e-11
2.470758499e+01  2.4010363e-11  2.40104e-11  1.45544e-14  2.39958e-11
2.483112291e+01  2.3941880e-11  2.39419e-11  1.44136e-14  2.39275e-11
2.495527853e+01  2.3872565e-11  2.38726e-11  1.42742e-14  2.38583e-11
