# ------------------------------------------------------------------------
# Radiance spectrum
# NASA-GSFC Planetary Spectrum Generator (PSG) (Villanueva et al. 2018, 2022)
# Synthesized on Sat Jan 27 22:16:04 2024
# Doppler velocities [km/s] (vobs,vrot+vorb,vwidth,vrfl,vstr): 0.00000,-0.00000,0.00000,-119.41115,-0.00000
# Spectral unit: Wavelength [um]
# Radiance unit: Spectral irradiance [W/m2/um]
# Wave/freq Total Object Reflected Thermal
5.000000000e-01  7.6861281e-13  7.68613e-13  7.68613e-13  1.84947e-46
5.025000000e-01  7.7282714e-13  7.72827e-13  7.72827e-13  2.91939e-46
5.050125000e-01  7.7464961e-13  7.74650e-13  7.74650e-13  4.59902e-46
5.075375625e-01  7.8518824e-13  7.85188e-13  7.85188e-13  7.21896e-46
5.100752503e-01  7.9623496e-13  7.96235e-13  7.96235e-13  1.13044e-45
5.126256266e-01  8.2283409e-13  8.22834e-13  8.22834e-13  1.76226e-45
5.151887547e-01  8.4952982e-13  8.49530e-13  8.49530e-13  2.74097e-45
5.177646985e-01  8.7276544e-13  8.72765e-13  8.72765e-13  4.25572e-45
5.203535220e-01  8.9568715e-13  8.95687e-13  8.95687e-13  6.59306e-45
5.229552896e-01  9.1441811e-13  9.14418e-13  9.14418e-13  1.01972e-44
5.255700660e-01  9.3264602e-13  9.32646e-13  9.32646e-13  1.57374e-44
5.281979164e-01  9.4809442e-13  9.48094e-13  9.48094e-13  2.42429e-44
5.308389059e-01  9.6321270e-13  9.63213e-13  9.63213e-13  3.72643e-44
5.334931005e-01  9.7739241e-13  9.77392e-13  9.77392e-13  5.71605e-44
5.361605660e-01  9.9034789e-13  9.90348e-13  9.90348e-13  8.75011e-44
5.388413688e-01  1.0016121e-12  1.00161e-12  1.00161e-12  1.33683e-43
5.415355756e-01  1.0117501e-12  1.01175e-12  1.01175e-12  2.03823e-43
5.442432535e-01  1.0210838e-12  1.02108e-12  1.02108e-12  3.10121e-43
5.469644698e-01  1.0311870e-12  1.03119e-12  1.03119e-12  4.70787e-43
5.496992921e-01  1.0415414e-12  1.04154e-12  1.04154e-12  7.13129e-43
5.524477886e-01  1.0589923e-12  1.05899e-12  1.05899e-12  1.07695e-42
5.552100275e-01  1.0777164e-12  1.07772e-12  1.07772e-12  1.62266e-42
5.579860777e-01  1.0992002e-12  1.09920e-12  1.09920e-12  2.43893e-42
5.607760081e-01  1.1203696e-12  1.12037e-12  1.12037e-12  3.65827e-42
5.635798881e-01  1.1402830e-12  1.14028e-12  1.14028e-12  5.47665e-42
5.663977875e-01  1.1588128e-12  1.15881e-12  1.15881e-12  8.18323e-42
5.692297765e-01  1.1760177e-12  1.17602e-12  1.17602e-12  1.22041e-41
5.720759254e-01  1.1923384e-12  1.19234e-12  1.19234e-12  1.81651e-41
5.749363050e-01  1.2082292e-12  1.20823e-12  1.20823e-12  2.69837e-41
5.778109865e-01  1.2242543e-12  1.22425e-12  1.22425e-12  4.00008e-41
5.807000414e-01  1.2398323e-12  1.23983e-12  1.23983e-12  5.91802e-41
5.836035417e-01  1.2539766e-12  1.25398e-12  1.25398e-12  8.73933e-41
5.865215594e-01  1.2683225e-12  1.26832e-12  1.26832e-12  1.28793e-40
5.894541672e-01  1.2830689e-12  1.28307e-12  1.28307e-12  1.89416e-40
5.924014380e-01  1.2965323e-12  1.29653e-12  1.29653e-12  2.78059e-40
5.953634452e-01  1.3099852e-12  1.30999e-12  1.30999e-12  4.07376e-40
5.983402624e-01  1.3250344e-12  1.32503e-12  1.32503e-12  5.95543e-40
6.013319637e-01  1.3393798e-12  1.33938e-12  1.33938e-12  8.68985e-40
6.043386235e-01  1.3525989e-12  1.35260e-12  1.35260e-12  1.26565e-39
6.073603167e-01  1.3669220e-12  1.36692e-12  1.36692e-12  1.83957e-39
6.103971182e-01  1.3816455e-12  1.38165e-12  1.38165e-12  2.66844e-39
6.134491038e-01  1.3955313e-12  1.39553e-12  1.39553e-12  3.86366e-39
6.165163494e-01  1.4096043e-12  1.40960e-12  1.40960e-12  5.58338e-39
6.195989311e-01  1.4238656e-12  1.42387e-12  1.42387e-12  8.05297e-39
6.226969258e-01  1.4386322e-12  1.43863e-12  1.43863e-12  1.15922e-38
6.258104104e-01  1.4536982e-12  1.45370e-12  1.45370e-12  1.66547e-38
6.289394624e-01  1.4693853e-12  1.46939e-12  1.46939e-12  2.38814e-38
6.320841597e-01  1.4848452e-12  1.48485e-12  1.48485e-12  3.41807e-38
6.352445805e-01  1.5002869e-12  1.50029e-12  1.50029e-12  4.88306e-38
6.384208035e-01  1.5167880e-12  1.51679e-12  1.51679e-12  6.96223e-38
6.416129075e-01  1.5339274e-12  1.53393e-12  1.53393e-12  9.90769e-38
6.448209720e-01  1.5517115e-12  1.55171e-12  1.55171e-12  1.40724e-37
6.480450769e-01  1.5697083e-12  1.56971e-12  1.56971e-12  1.99509e-37
6.512853022e-01  1.5879176e-12  1.58792e-12  1.58792e-12  2.82329e-37
6.545417288e-01  1.6062287e-12  1.60623e-12  1.60623e-12  3.98802e-37
6.578144374e-01  1.6251952e-12  1.62520e-12  1.62520e-12  5.62274e-37
6.611035096e-01  1.6438186e-12  1.64382e-12  1.64382e-12  7.91362e-37
6.644090271e-01  1.6610831e-12  1.66108e-12  1.66108e-12  1.11196e-36
6.677310723e-01  1.6822555e-12  1.68226e-12  1.68226e-12  1.55903e-36
6.710697276e-01  1.7041054e-12  1.70411e-12  1.70411e-12  2.18185e-36
6.744250763e-01  1.7257301e-12  1.72573e-12  1.72573e-12  3.04817e-36
6.777972017e-01  1.7497410e-12  1.74974e-12  1.74974e-12  4.25000e-36
6.811861877e-01  1.7731909e-12  1.77319e-12  1.77319e-12  5.91572e-36
6.845921186e-01  1.7945780e-12  1.79458e-12  1.79458e-12  8.22180e-36
6.880150792e-01  1.8127246e-12  1.81272e-12  1.81272e-12  1.14110e-35
6.914551546e-01  1.8330217e-12  1.83302e-12  1.83302e-12  1.58065e-35
6.949124304e-01  1.8567638e-12  1.85676e-12  1.85676e-12  2.18502e-35
6.983869925e-01  1.8817731e-12  1.88177e-12  1.88177e-12  3.01495e-35
7.018789275e-01  1.9059577e-12  1.90596e-12  1.90596e-12  4.15343e-35
7.053883221e-01  1.9296563e-12  1.92966e-12  1.92966e-12  5.71249e-35
7.089152637e-01  1.9547391e-12  1.95474e-12  1.95474e-12  7.84250e-35
7.124598400e-01  1.9783878e-12  1.97839e-12  1.97839e-12  1.07504e-34
7.160221392e-01  2.0008216e-12  2.00082e-12  2.00082e-12  1.47138e-34
7.196022499e-01  2.0216707e-12  2.02167e-12  2.02167e-12  2.01085e-34
7.232002612e-01  2.0413934e-12  2.04139e-12  2.04139e-12  2.74392e-34
7.268162625e-01  2.0591433e-12  2.05914e-12  2.05914e-12  3.73885e-34
7.304503438e-01  2.0744242e-12  2.07442e-12  2.07442e-12  5.08751e-34
7.341025955e-01  2.0856575e-12  2.08566e-12  2.08566e-12  6.91427e-34
7.377731085e-01  2.0938920e-12  2.09389e-12  2.09389e-12  9.38462e-34
7.414619740e-01  2.0999476e-12  2.09995e-12  2.09995e-12  1.27199e-33
7.451692839e-01  2.1039297e-12  2.10393e-12  2.10393e-12  1.72165e-33
7.488951303e-01  2.0994161e-12  2.09942e-12  2.09942e-12  2.32854e-33
7.526396060e-01  2.0911991e-12  2.09120e-12  2.09120e-12  3.14550e-33
7.564028040e-01  2.0787724e-12  2.07877e-12  2.07877e-12  4.24414e-33
7.601848180e-01  2.0616272e-12  2.06163e-12  2.06163e-12  5.72014e-33
7.639857421e-01  2.0392525e-12  2.03925e-12  2.03925e-12  7.70126e-33
7.678056708e-01  2.0130903e-12  2.01309e-12  2.01309e-12  1.03561e-32
7.716446992e-01  1.9830042e-12  1.98300e-12  1.98300e-12  1.39097e-32
7.755029227e-01  1.9486133e-12  1.94861e-12  1.94861e-12  1.86612e-32
7.793804373e-01  1.9079393e-12  1.90794e-12  1.90794e-12  2.50121e-32
7.832773395e-01  1.8673577e-12  1.86736e-12  1.86736e-12  3.34719e-32
7.871937262e-01  1.8214583e-12  1.82146e-12  1.82146e-12  4.47466e-32
7.911296948e-01  1.7712152e-12  1.77122e-12  1.77122e-12  5.97513e-32
7.950853433e-01  1.7214402e-12  1.72144e-12  1.72144e-12  7.96614e-32
7.990607700e-01  1.6642289e-12  1.66423e-12  1.66423e-12  1.06117e-31
8.030560739e-01  1.6079889e-12  1.60799e-12  1.60799e-12  1.41131e-31
8.070713542e-01  1.5536053e-12  1.55361e-12  1.55361e-12  1.87379e-31
8.111067110e-01  1.5022148e-12  1.50221e-12  1.50221e-12  2.48342e-31
8.151622446e-01  1.4543365e-12  1.45434e-12  1.45434e-12  3.28540e-31
8.192380558e-01  1.4083749e-12  1.40837e-12  1.40837e-12  4.33919e-31
8.233342461e-01  1.3592399e-12  1.35924e-12  1.35924e-12  5.72418e-31
8.274509173e-01  1.3130413e-12  1.31304e-12  1.31304e-12  7.53818e-31
8.315881719e-01  1.2727908e-12  1.27279e-12  1.27279e-12  9.90734e-31
8.357461127e-01  1.2367636e-12  1.23676e-12  1.23676e-12  1.29975e-30
8.399248433e-01  1.1948583e-12  1.19486e-12  1.19486e-12  1.70359e-30
8.441244675e-01  1.1604464e-12  1.16045e-12  1.16045e-12  2.22824e-30
8.483450899e-01  1.1270458e-12  1.12705e-12  1.12705e-12  2.91011e-30
8.525868153e-01  1.0951654e-12  1.09517e-12  1.09517e-12  3.79478e-30
8.568497494e-01  1.0671925e-12  1.06719e-12  1.06719e-12  4.93979e-30
8.611339981e-01  1.0433880e-12  1.04339e-12  1.04339e-12  6.41905e-30
8.654396681e-01  1.0202542e-12  1.02025e-12  1.02025e-12  8.32931e-30
8.697668665e-01  1.0025570e-12  1.00256e-12  1.00256e-12  1.07881e-29
8.741157008e-01  9.7451678e-13  9.74517e-13  9.74517e-13  1.39663e-29
8.784862793e-01  9.5731076e-13  9.57311e-13  9.57311e-13  1.80393e-29
8.828787107e-01  9.4067027e-13  9.40670e-13  9.40670e-13  2.32676e-29
8.872931042e-01  9.2484939e-13  9.24849e-13  9.24849e-13  2.99690e-29
8.917295698e-01  9.1173064e-13  9.11731e-13  9.11731e-13  3.85399e-29
8.961882176e-01  9.0056434e-13  9.00564e-13  9.00564e-13  4.94882e-29
9.006691587e-01  8.9197812e-13  8.91978e-13  8.91978e-13  6.34487e-29
9.051725045e-01  8.7758322e-13  8.77583e-13  8.77583e-13  8.12814e-29
9.096983670e-01  8.7153107e-13  8.71531e-13  8.71531e-13  1.03916e-28
9.142468589e-01  8.6468112e-13  8.64681e-13  8.64681e-13  1.32690e-28
9.188180931e-01  8.5728589e-13  8.57286e-13  8.57286e-13  1.69220e-28
9.234121836e-01  8.5109763e-13  8.51098e-13  8.51098e-13  2.15509e-28
9.280292445e-01  8.4549117e-13  8.45491e-13  8.45491e-13  2.74094e-28
9.326693908e-01  8.3722072e-13  8.37221e-13  8.37221e-13  3.48242e-28
9.373327377e-01  8.2991100e-13  8.29911e-13  8.29911e-13  4.41852e-28
9.420194014e-01  8.2530685e-13  8.25307e-13  8.25307e-13  5.59790e-28
9.467294984e-01  8.2141015e-13  8.21410e-13  8.21410e-13  7.08276e-28
9.514631459e-01  8.1734880e-13  8.17349e-13  8.17349e-13  8.95045e-28
9.562204616e-01  8.1076145e-13  8.10761e-13  8.10761e-13  1.12991e-27
9.610015639e-01  8.0799198e-13  8.07992e-13  8.07992e-13  1.42417e-27
9.658065718e-01  8.0183197e-13  8.01832e-13  8.01832e-13  1.79338e-27
9.706356046e-01  8.0035102e-13  8.00351e-13  8.00351e-13  2.25465e-27
9.754887826e-01  7.9672378e-13  7.96724e-13  7.96724e-13  2.83163e-27
9.803662265e-01  7.9640033e-13  7.96400e-13  7.96400e-13  3.55096e-27
9.852680577e-01  8.0097505e-13  8.00975e-13  8.00975e-13  4.44577e-27
9.901943980e-01  7.9624139e-13  7.96241e-13  7.96241e-13  5.56388e-27
9.951453700e-01  7.9431041e-13  7.94310e-13  7.94310e-13  6.95321e-27
1.000121097e+00  8.0083081e-13  8.00831e-13  8.00831e-13  8.67279e-27
1.005121702e+00  7.9684645e-13  7.96846e-13  7.96846e-13  1.08147e-26
1.010147311e+00  7.9626553e-13  7.96266e-13  7.96266e-13  1.34658e-26
1.015198047e+00  8.0593195e-13  8.05932e-13  8.05932e-13  1.67323e-26
1.020274038e+00  8.1038860e-13  8.10389e-13  8.10389e-13  2.07763e-26
1.025375408e+00  8.1478734e-13  8.14787e-13  8.14787e-13  2.57679e-26
1.030502285e+00  8.2010281e-13  8.20103e-13  8.20103e-13  3.19195e-26
1.035654796e+00  8.3034438e-13  8.30344e-13  8.30344e-13  3.94770e-26
1.040833070e+00  8.3491908e-13  8.34919e-13  8.34919e-13  4.87924e-26
1.046037236e+00  8.3931161e-13  8.39312e-13  8.39312e-13  6.02386e-26
1.051267422e+00  8.5199141e-13  8.51991e-13  8.51991e-13  7.42310e-26
1.056523759e+00  8.6300771e-13  8.63008e-13  8.63008e-13  9.13840e-26
1.061806378e+00  8.7333258e-13  8.73333e-13  8.73333e-13  1.12381e-25
1.067115410e+00  8.8465222e-13  8.84652e-13  8.84652e-13  1.38036e-25
1.072450987e+00  9.0067909e-13  9.00679e-13  9.00679e-13  1.69287e-25
1.077813242e+00  9.1730951e-13  9.17310e-13  9.17310e-13  2.07372e-25
1.083202308e+00  9.3178870e-13  9.31789e-13  9.31789e-13  2.53793e-25
1.088618319e+00  9.4579763e-13  9.45798e-13  9.45798e-13  3.10278e-25
1.094061411e+00  9.6647428e-13  9.66474e-13  9.66474e-13  3.78689e-25
1.099531718e+00  9.8213981e-13  9.82140e-13  9.82140e-13  4.61891e-25
1.105029377e+00  9.9850948e-13  9.98509e-13  9.98509e-13  5.62725e-25
1.110554523e+00  1.0285671e-12  1.02857e-12  1.02857e-12  6.83963e-25
1.116107296e+00  1.0425201e-12  1.04252e-12  1.04252e-12  8.31665e-25
1.121687832e+00  1.0649284e-12  1.06493e-12  1.06493e-12  1.00938e-24
1.127296272e+00  1.0862306e-12  1.08623e-12  1.08623e-12  1.22390e-24
1.132932753e+00  1.1044442e-12  1.10444e-12  1.10444e-12  1.48285e-24
1.138597417e+00  1.1277524e-12  1.12775e-12  1.12775e-12  1.79383e-24
1.144290404e+00  1.1479711e-12  1.14797e-12  1.14797e-12  2.16837e-24
1.150011856e+00  1.1633826e-12  1.16338e-12  1.16338e-12  2.61956e-24
1.155761915e+00  1.1806155e-12  1.18062e-12  1.18062e-12  3.16080e-24
1.161540725e+00  1.1949237e-12  1.19492e-12  1.19492e-12  3.81098e-24
1.167348428e+00  1.2124241e-12  1.21242e-12  1.21242e-12  4.58875e-24
1.173185171e+00  1.2274684e-12  1.22747e-12  1.22747e-12  5.52090e-24
1.179051096e+00  1.2411044e-12  1.24110e-12  1.24110e-12  6.63654e-24
1.184946352e+00  1.2450223e-12  1.24502e-12  1.24502e-12  7.97716e-24
1.190871084e+00  1.2576022e-12  1.25760e-12  1.25760e-12  9.57078e-24
1.196825439e+00  1.2670958e-12  1.26710e-12  1.26710e-12  1.14747e-23
1.202809566e+00  1.2740946e-12  1.27409e-12  1.27409e-12  1.37472e-23
1.208823614e+00  1.2850368e-12  1.28504e-12  1.28504e-12  1.64468e-23
1.214867732e+00  1.2911312e-12  1.29113e-12  1.29113e-12  1.96667e-23
1.220942071e+00  1.2995810e-12  1.29958e-12  1.29958e-12  2.34884e-23
1.227046781e+00  1.3091356e-12  1.30914e-12  1.30914e-12  2.80221e-23
1.233182015e+00  1.3152272e-12  1.31523e-12  1.31523e-12  3.34102e-23
1.239347925e+00  1.3258615e-12  1.32586e-12  1.32586e-12  3.97772e-23
1.245544665e+00  1.3349218e-12  1.33492e-12  1.33492e-12  4.73195e-23
1.251772388e+00  1.3370336e-12  1.33703e-12  1.33703e-12  5.62784e-23
1.258031250e+00  1.3449804e-12  1.34498e-12  1.34498e-12  6.68294e-23
1.264321406e+00  1.3573893e-12  1.35739e-12  1.35739e-12  7.92460e-23
1.270643013e+00  1.3644180e-12  1.36442e-12  1.36442e-12  9.39334e-23
1.276996228e+00  1.3714350e-12  1.37144e-12  1.37144e-12  1.11238e-22
1.283381209e+00  1.3830844e-12  1.38308e-12  1.38308e-12  1.31543e-22
1.289798116e+00  1.3929635e-12  1.39296e-12  1.39296e-12  1.55439e-22
1.296247106e+00  1.4043068e-12  1.40431e-12  1.40431e-12  1.83475e-22
1.302728342e+00  1.4105794e-12  1.41058e-12  1.41058e-12  2.16485e-22
1.309241983e+00  1.4246078e-12  1.42461e-12  1.42461e-12  2.54985e-22
1.315788193e+00  1.4378204e-12  1.43782e-12  1.43782e-12  3.00082e-22
1.322367134e+00  1.4450492e-12  1.44505e-12  1.44505e-12  3.53062e-22
1.328978970e+00  1.4591959e-12  1.45920e-12  1.45920e-12  4.14704e-22
1.335623865e+00  1.4746239e-12  1.47462e-12  1.47462e-12  4.86594e-22
1.342301984e+00  1.4810872e-12  1.48109e-12  1.48109e-12  5.70999e-22
1.349013494e+00  1.4869029e-12  1.48690e-12  1.48690e-12  6.69496e-22
1.355758561e+00  1.4969433e-12  1.49694e-12  1.49694e-12  7.83912e-22
1.362537354e+00  1.5065156e-12  1.50652e-12  1.50652e-12  9.17115e-22
1.369350041e+00  1.5171638e-12  1.51716e-12  1.51716e-12  1.07187e-21
1.376196791e+00  1.5306112e-12  1.53061e-12  1.53061e-12  1.25123e-21
1.383077775e+00  1.5381648e-12  1.53816e-12  1.53816e-12  1.46031e-21
1.389993164e+00  1.5483130e-12  1.54831e-12  1.54831e-12  1.70233e-21
1.396943130e+00  1.5572852e-12  1.55729e-12  1.55729e-12  1.98301e-21
1.403927846e+00  1.5646923e-12  1.56469e-12  1.56469e-12  2.30840e-21
1.410947485e+00  1.5765590e-12  1.57656e-12  1.57656e-12  2.68345e-21
1.418002222e+00  1.5839548e-12  1.58395e-12  1.58395e-12  3.11842e-21
1.425092233e+00  1.5980504e-12  1.59805e-12  1.59805e-12  3.61790e-21
1.432217694e+00  1.6004782e-12  1.60048e-12  1.60048e-12  4.19970e-21
1.439378783e+00  1.5995547e-12  1.59955e-12  1.59955e-12  4.87297e-21
1.446575677e+00  1.6070739e-12  1.60707e-12  1.60707e-12  5.64367e-21
1.453808555e+00  1.6077154e-12  1.60772e-12  1.60772e-12  6.53633e-21
1.461077598e+00  1.6059375e-12  1.60594e-12  1.60594e-12  7.56622e-21
1.468382986e+00  1.6047671e-12  1.60477e-12  1.60477e-12  8.75059e-21
1.475724901e+00  1.6050606e-12  1.60506e-12  1.60506e-12  1.01103e-20
1.483103525e+00  1.5967496e-12  1.59675e-12  1.59675e-12  1.16844e-20
1.490519043e+00  1.5991939e-12  1.59919e-12  1.59919e-12  1.34747e-20
1.497971638e+00  1.5853196e-12  1.58532e-12  1.58532e-12  1.55588e-20
1.505461496e+00  1.5760203e-12  1.57602e-12  1.57602e-12  1.79409e-20
1.512988804e+00  1.5656921e-12  1.56569e-12  1.56569e-12  2.06742e-20
1.520553748e+00  1.5550983e-12  1.55510e-12  1.55510e-12  2.38062e-20
1.528156517e+00  1.5430349e-12  1.54303e-12  1.54303e-12  2.73968e-20
1.535797299e+00  1.5263779e-12  1.52638e-12  1.52638e-12  3.15235e-20
1.543476286e+00  1.5094323e-12  1.50943e-12  1.50943e-12  3.62456e-20
1.551193667e+00  1.4892720e-12  1.48927e-12  1.48927e-12  4.16613e-20
1.558949636e+00  1.4691385e-12  1.46914e-12  1.46914e-12  4.78502e-20
1.566744384e+00  1.4467657e-12  1.44677e-12  1.44677e-12  5.49338e-20
1.574578106e+00  1.4255304e-12  1.42553e-12  1.42553e-12  6.30102e-20
1.582450996e+00  1.4096402e-12  1.40964e-12  1.40964e-12  7.21701e-20
1.590363251e+00  1.3906161e-12  1.39062e-12  1.39062e-12  8.26353e-20
1.598315067e+00  1.3616613e-12  1.36166e-12  1.36166e-12  9.46741e-20
1.606306643e+00  1.3322194e-12  1.33222e-12  1.33222e-12  1.08396e-19
1.614338176e+00  1.3130388e-12  1.31304e-12  1.31304e-12  1.23849e-19
1.622409867e+00  1.2866296e-12  1.28663e-12  1.28663e-12  1.41541e-19
1.630521916e+00  1.2586813e-12  1.25868e-12  1.25868e-12  1.61679e-19
1.638674526e+00  1.2377991e-12  1.23780e-12  1.23780e-12  1.84378e-19
1.646867898e+00  1.2074147e-12  1.20741e-12  1.20741e-12  2.10386e-19
1.655102238e+00  1.1845700e-12  1.18457e-12  1.18457e-12  2.39652e-19
1.663377749e+00  1.1600254e-12  1.16003e-12  1.16003e-12  2.72863e-19
1.671694638e+00  1.1325390e-12  1.13254e-12  1.13254e-12  3.10588e-19
1.680053111e+00  1.1082360e-12  1.10824e-12  1.10824e-12  3.53134e-19
1.688453377e+00  1.0848033e-12  1.08480e-12  1.08480e-12  4.01187e-19
1.696895643e+00  1.0559717e-12  1.05597e-12  1.05597e-12  4.55809e-19
1.705380122e+00  1.0342822e-12  1.03428e-12  1.03428e-12  5.17014e-19
1.713907022e+00  1.0096345e-12  1.00963e-12  1.00963e-12  5.86282e-19
1.722476557e+00  9.8708778e-13  9.87088e-13  9.87087e-13  6.64197e-19
1.731088940e+00  9.5771308e-13  9.57713e-13  9.57712e-13  7.52681e-19
1.739744385e+00  9.4005518e-13  9.40055e-13  9.40054e-13  8.51007e-19
1.748443107e+00  9.2044124e-13  9.20441e-13  9.20440e-13  9.61806e-19
1.757185322e+00  8.9906728e-13  8.99067e-13  8.99066e-13  1.08659e-18
1.765971249e+00  8.7788169e-13  8.77882e-13  8.77880e-13  1.22673e-18
1.774801105e+00  8.5902752e-13  8.59028e-13  8.59026e-13  1.38360e-18
1.783675111e+00  8.4302070e-13  8.43021e-13  8.43019e-13  1.55889e-18
1.792593486e+00  8.2683351e-13  8.26834e-13  8.26832e-13  1.75531e-18
1.801556454e+00  8.0625835e-13  8.06258e-13  8.06256e-13  1.97645e-18
1.810564236e+00  7.8913046e-13  7.89130e-13  7.89128e-13  2.22295e-18
1.819617057e+00  7.7446779e-13  7.74468e-13  7.74465e-13  2.49772e-18
1.828715142e+00  7.6215335e-13  7.62153e-13  7.62151e-13  2.80374e-18
1.837858718e+00  7.4620246e-13  7.46202e-13  7.46199e-13  3.14692e-18
1.847048012e+00  7.3418318e-13  7.34183e-13  7.34180e-13  3.52789e-18
1.856283252e+00  7.1781692e-13  7.17817e-13  7.17813e-13  3.95503e-18
1.865564668e+00  7.0549543e-13  7.05495e-13  7.05491e-13  4.42852e-18
1.874892491e+00  6.9528817e-13  6.95288e-13  6.95283e-13  4.95408e-18
1.884266954e+00  6.8575311e-13  6.85753e-13  6.85748e-13  5.53805e-18
1.893688289e+00  6.7298075e-13  6.72981e-13  6.72975e-13  6.19004e-18
1.903156730e+00  6.6266119e-13  6.62661e-13  6.62654e-13  6.91206e-18
1.912672514e+00  6.5358916e-13  6.53589e-13  6.53581e-13  7.71215e-18
1.922235876e+00  6.4415418e-13  6.44154e-13  6.44146e-13  8.60012e-18
1.931847056e+00  6.3422052e-13  6.34221e-13  6.34211e-13  9.58529e-18
1.941506291e+00  6.2536882e-13  6.25369e-13  6.25358e-13  1.06752e-17
1.951213822e+00  6.1616201e-13  6.16162e-13  6.16150e-13  1.18825e-17
1.960969892e+00  6.0738342e-13  6.07383e-13  6.07370e-13  1.32177e-17
1.970774741e+00  6.0133874e-13  6.01339e-13  6.01324e-13  1.46880e-17
1.980628615e+00  5.9373089e-13  5.93731e-13  5.93715e-13  1.63162e-17
1.990531758e+00  5.8721946e-13  5.87219e-13  5.87201e-13  1.81112e-17
2.000484417e+00  5.8206021e-13  5.82060e-13  5.82040e-13  2.00875e-17
2.010486839e+00  5.7706686e-13  5.77067e-13  5.77045e-13  2.22659e-17
2.020539273e+00  5.7203320e-13  5.72033e-13  5.72009e-13  2.46664e-17
2.030641969e+00  5.6601574e-13  5.66016e-13  5.65988e-13  2.73142e-17
2.040795179e+00  5.6185053e-13  5.61851e-13  5.61820e-13  3.02198e-17
2.050999155e+00  5.5803713e-13  5.58037e-13  5.58004e-13  3.34134e-17
2.061254151e+00  5.5317872e-13  5.53179e-13  5.53142e-13  3.69298e-17
2.071560421e+00  5.5242801e-13  5.52428e-13  5.52387e-13  4.07653e-17
2.081918224e+00  5.4877682e-13  5.48777e-13  5.48732e-13  4.49951e-17
2.092327815e+00  5.4416459e-13  5.44165e-13  5.44115e-13  4.96439e-17
2.102789454e+00  5.4312831e-13  5.43128e-13  5.43074e-13  5.47094e-17
2.113303401e+00  5.4046927e-13  5.40469e-13  5.40409e-13  6.02744e-17
2.123869918e+00  5.3742943e-13  5.37429e-13  5.37363e-13  6.63729e-17
2.134489268e+00  5.3591547e-13  5.35915e-13  5.35842e-13  7.30287e-17
2.145161714e+00  5.3520618e-13  5.35206e-13  5.35126e-13  8.02963e-17
2.155887523e+00  5.3253683e-13  5.32537e-13  5.32449e-13  8.82685e-17
2.166666960e+00  5.3229068e-13  5.32291e-13  5.32194e-13  9.69380e-17
2.177500295e+00  5.3244713e-13  5.32447e-13  5.32341e-13  1.06393e-16
2.188387796e+00  5.3091533e-13  5.30915e-13  5.30799e-13  1.16741e-16
2.199329735e+00  5.3077111e-13  5.30771e-13  5.30643e-13  1.27995e-16
2.210326384e+00  5.3295419e-13  5.32954e-13  5.32814e-13  1.40199e-16
2.221378016e+00  5.3441566e-13  5.34416e-13  5.34262e-13  1.53502e-16
2.232484906e+00  5.3463250e-13  5.34633e-13  5.34464e-13  1.68016e-16
2.243647331e+00  5.3564370e-13  5.35644e-13  5.35460e-13  1.83777e-16
2.254865567e+00  5.3908097e-13  5.39081e-13  5.38880e-13  2.00818e-16
2.266139895e+00  5.4220604e-13  5.42206e-13  5.41987e-13  2.19334e-16
2.277470595e+00  5.4194697e-13  5.41947e-13  5.41707e-13  2.39582e-16
2.288857948e+00  5.4534995e-13  5.45350e-13  5.45089e-13  2.61380e-16
2.300302237e+00  5.4729969e-13  5.47300e-13  5.47015e-13  2.85090e-16
2.311803748e+00  5.5192132e-13  5.51921e-13  5.51611e-13  3.10626e-16
2.323362767e+00  5.5543040e-13  5.55430e-13  5.55092e-13  3.38343e-16
2.334979581e+00  5.5897112e-13  5.58971e-13  5.58603e-13  3.68338e-16
2.346654479e+00  5.6276502e-13  5.62765e-13  5.62364e-13  4.00763e-16
2.358387751e+00  5.6509014e-13  5.65090e-13  5.64654e-13  4.35943e-16
2.370179690e+00  5.7048376e-13  5.70484e-13  5.70010e-13  4.73673e-16
2.382030589e+00  5.7806298e-13  5.78063e-13  5.77549e-13  5.14170e-16
2.393940742e+00  5.8176340e-13  5.81763e-13  5.81205e-13  5.58281e-16
2.405910445e+00  5.8860953e-13  5.88610e-13  5.88004e-13  6.05470e-16
2.417939997e+00  5.9586177e-13  5.95862e-13  5.95206e-13  6.56248e-16
2.430029697e+00  6.0414738e-13  6.04147e-13  6.03437e-13  7.10759e-16
2.442179846e+00  6.1233613e-13  6.12336e-13  6.11567e-13  7.69410e-16
2.454390745e+00  6.2194669e-13  6.21947e-13  6.21114e-13  8.32211e-16
2.466662699e+00  6.3081614e-13  6.30816e-13  6.29916e-13  8.99811e-16
2.478996012e+00  6.4164247e-13  6.41642e-13  6.40670e-13  9.71975e-16
2.491390992e+00  6.4889837e-13  6.48898e-13  6.47848e-13  1.05021e-15
2.503847947e+00  6.5840831e-13  6.58408e-13  6.57275e-13  1.13358e-15
2.516367187e+00  6.6784912e-13  6.67849e-13  6.66626e-13  1.22296e-15
2.528949023e+00  6.8033111e-13  6.80331e-13  6.79013e-13  1.31778e-15
2.541593768e+00  6.9070658e-13  6.90707e-13  6.89287e-13  1.41990e-15
2.554301737e+00  7.0188686e-13  7.01887e-13  7.00358e-13  1.52884e-15
2.567073246e+00  7.1046473e-13  7.10465e-13  7.08818e-13  1.64631e-15
2.579908612e+00  7.2258791e-13  7.22588e-13  7.20818e-13  1.77039e-15
2.592808155e+00  7.3377410e-13  7.33774e-13  7.31871e-13  1.90326e-15
2.605772196e+00  7.3866004e-13  7.38660e-13  7.36612e-13  2.04820e-15
2.618801057e+00  7.4434487e-13  7.44345e-13  7.42142e-13  2.20269e-15
2.631895062e+00  7.4991090e-13  7.49911e-13  7.47543e-13  2.36774e-15
2.645054537e+00  7.5531299e-13  7.55313e-13  7.52769e-13  2.54404e-15
2.658279810e+00  7.6008741e-13  7.60087e-13  7.57355e-13  2.73259e-15
2.671571209e+00  7.6438634e-13  7.64386e-13  7.61452e-13  2.93407e-15
2.684929065e+00  7.6808192e-13  7.68082e-13  7.64933e-13  3.14941e-15
2.698353710e+00  7.6895057e-13  7.68951e-13  7.65569e-13  3.38150e-15
2.711845479e+00  7.6977337e-13  7.69773e-13  7.66144e-13  3.62909e-15
2.725404706e+00  7.6987737e-13  7.69877e-13  7.65984e-13  3.89382e-15
2.739031730e+00  7.6869895e-13  7.68699e-13  7.64521e-13  4.17746e-15
2.752726889e+00  7.6728679e-13  7.67287e-13  7.62807e-13  4.48010e-15
2.766490523e+00  7.6551552e-13  7.65516e-13  7.60712e-13  4.80306e-15
2.780322976e+00  7.6339465e-13  7.63395e-13  7.58247e-13  5.14761e-15
2.794224591e+00  7.6097701e-13  7.60977e-13  7.55462e-13  5.51501e-15
2.808195713e+00  7.5797017e-13  7.57970e-13  7.52063e-13  5.90713e-15
2.822236692e+00  7.5485881e-13  7.54859e-13  7.48534e-13  6.32472e-15
2.836347875e+00  7.5168989e-13  7.51690e-13  7.44921e-13  6.76916e-15
2.850529615e+00  7.4876127e-13  7.48761e-13  7.41520e-13  7.24138e-15
2.864782263e+00  7.4515245e-13  7.45152e-13  7.37408e-13  7.74494e-15
2.879106174e+00  7.4108854e-13  7.41089e-13  7.32807e-13  8.28132e-15
2.893501705e+00  7.3744529e-13  7.37445e-13  7.28595e-13  8.85026e-15
2.907969214e+00  7.3307507e-13  7.33075e-13  7.23618e-13  9.45662e-15
2.922509060e+00  7.2900879e-13  7.29009e-13  7.18909e-13  1.00997e-14
2.937121605e+00  7.2427994e-13  7.24280e-13  7.13495e-13  1.07845e-14
2.951807213e+00  7.1966396e-13  7.19664e-13  7.08153e-13  1.15110e-14
2.966566249e+00  7.1516212e-13  7.15162e-13  7.02881e-13  1.22814e-14
2.981399080e+00  7.1081499e-13  7.10815e-13  6.97717e-13  1.30979e-14
2.996306076e+00  7.0569001e-13  7.05690e-13  6.91723e-13  1.39668e-14
3.011287606e+00  7.0096717e-13  7.00967e-13  6.86081e-13  1.48861e-14
3.026344044e+00  6.9545546e-13  6.95455e-13  6.79591e-13  1.58641e-14
3.041475764e+00  6.9035540e-13  6.90355e-13  6.73457e-13  1.68981e-14
3.056683143e+00  6.8441982e-13  6.84420e-13  6.66422e-13  1.79981e-14
3.071966559e+00  6.7842140e-13  6.78421e-13  6.59258e-13  1.91634e-14
3.087326392e+00  6.7199717e-13  6.71997e-13  6.51597e-13  2.04001e-14
3.102763024e+00  6.6641315e-13  6.66413e-13  6.44710e-13  2.17032e-14
3.118276839e+00  6.6056200e-13  6.60562e-13  6.37478e-13  2.30839e-14
3.133868223e+00  6.5499918e-13  6.54999e-13  6.30457e-13  2.45420e-14
3.149537564e+00  6.4925858e-13  6.49259e-13  6.23173e-13  2.60852e-14
3.165285252e+00  6.4381405e-13  6.43814e-13  6.16100e-13  2.77138e-14
3.181111678e+00  6.3820757e-13  6.38208e-13  6.08771e-13  2.94362e-14
3.197017237e+00  6.3308027e-13  6.33080e-13  6.01830e-13  3.12507e-14
3.213002323e+00  6.2749258e-13  6.27493e-13  5.94321e-13  3.31720e-14
3.229067334e+00  6.2277046e-13  6.22770e-13  5.87580e-13  3.51900e-14
3.245212671e+00  6.1777655e-13  6.17777e-13  5.80454e-13  3.73230e-14
3.261438734e+00  6.1326994e-13  6.13270e-13  5.73703e-13  3.95666e-14
3.277745928e+00  6.0877891e-13  6.08779e-13  5.66846e-13  4.19324e-14
3.294134658e+00  6.0427978e-13  6.04280e-13  5.59853e-13  4.44269e-14
3.310605331e+00  5.9994752e-13  5.99948e-13  5.52894e-13  4.70535e-14
3.327158358e+00  5.9549520e-13  5.95495e-13  5.45672e-13  4.98236e-14
3.343794149e+00  5.9126027e-13  5.91260e-13  5.38522e-13  5.27380e-14
3.360513120e+00  5.8744061e-13  5.87441e-13  5.31641e-13  5.57993e-14
3.377315686e+00  5.8429065e-13  5.84291e-13  5.25283e-13  5.90076e-14
3.394202264e+00  5.8161590e-13  5.81616e-13  5.19243e-13  6.23726e-14
3.411173276e+00  5.7907360e-13  5.79074e-13  5.13165e-13  6.59090e-14
3.428229142e+00  5.7716627e-13  5.77166e-13  5.07555e-13  6.96111e-14
3.445370288e+00  5.7384458e-13  5.73845e-13  5.00302e-13  7.35430e-14
3.462597139e+00  5.7091679e-13  5.70917e-13  4.93250e-13  7.76667e-14
3.479910125e+00  5.6856648e-13  5.68566e-13  4.86583e-13  8.19840e-14
3.497309675e+00  5.6726660e-13  5.67267e-13  4.80781e-13  8.64851e-14
3.514796224e+00  5.6600478e-13  5.66005e-13  4.74794e-13  9.12113e-14
3.532370205e+00  5.6389668e-13  5.63897e-13  4.67689e-13  9.62078e-14
3.550032056e+00  5.6291078e-13  5.62911e-13  4.61500e-13  1.01411e-13
3.567782216e+00  5.6226323e-13  5.62263e-13  4.55405e-13  1.06858e-13
3.585621127e+00  5.6187797e-13  5.61878e-13  4.49315e-13  1.12563e-13
3.603549233e+00  5.6223912e-13  5.62239e-13  4.43726e-13  1.18513e-13
3.621566979e+00  5.6287503e-13  5.62875e-13  4.38136e-13  1.24739e-13
3.639674814e+00  5.6382474e-13  5.63825e-13  4.32573e-13  1.31252e-13
3.657873188e+00  5.6534147e-13  5.65341e-13  4.27295e-13  1.38046e-13
3.676162554e+00  5.6713597e-13  5.67136e-13  4.21985e-13  1.45151e-13
3.694543367e+00  5.6916939e-13  5.69169e-13  4.16588e-13  1.52581e-13
3.713016084e+00  5.7182089e-13  5.71821e-13  4.11497e-13  1.60324e-13
3.731581164e+00  5.7483709e-13  5.74837e-13  4.06429e-13  1.68408e-13
3.750239070e+00  5.7838254e-13  5.78383e-13  4.01549e-13  1.76833e-13
3.768990265e+00  5.8221460e-13  5.82215e-13  3.96582e-13  1.85632e-13
3.787835216e+00  5.8649845e-13  5.86498e-13  3.91692e-13  1.94806e-13
3.806774393e+00  5.9127011e-13  5.91270e-13  3.86905e-13  2.04365e-13
3.825808265e+00  5.9637260e-13  5.96373e-13  3.82033e-13  2.14339e-13
3.844937306e+00  6.0208450e-13  6.02085e-13  3.77370e-13  2.24715e-13
3.864161992e+00  6.0811019e-13  6.08110e-13  3.72570e-13  2.35540e-13
3.883482802e+00  6.1465458e-13  6.14655e-13  3.67846e-13  2.46808e-13
3.902900216e+00  6.2184413e-13  6.21844e-13  3.63325e-13  2.58519e-13
3.922414717e+00  6.2953115e-13  6.29531e-13  3.58824e-13  2.70707e-13
3.942026791e+00  6.3770966e-13  6.37710e-13  3.54319e-13  2.83390e-13
3.961736925e+00  6.4654801e-13  6.46548e-13  3.49985e-13  2.96563e-13
3.981545610e+00  6.5595025e-13  6.55950e-13  3.45696e-13  3.10254e-13
4.001453338e+00  6.6586967e-13  6.65870e-13  3.41376e-13  3.24494e-13
4.021460604e+00  6.7644855e-13  6.76449e-13  3.37174e-13  3.39275e-13
4.041567907e+00  6.8749905e-13  6.87499e-13  3.32845e-13  3.54654e-13
4.061775747e+00  6.9918391e-13  6.99184e-13  3.28562e-13  3.70622e-13
4.082084626e+00  7.1169426e-13  7.11694e-13  3.24538e-13  3.87156e-13
4.102495049e+00  7.2479087e-13  7.24791e-13  3.20461e-13  4.04330e-13
4.123007524e+00  7.3836641e-13  7.38366e-13  3.16169e-13  4.22198e-13
4.143622562e+00  7.5283303e-13  7.52833e-13  3.12155e-13  4.40678e-13
4.164340674e+00  7.6800204e-13  7.68002e-13  3.08160e-13  4.59842e-13
4.185162378e+00  7.8373761e-13  7.83738e-13  3.03979e-13  4.79759e-13
4.206088190e+00  8.0024026e-13  8.00240e-13  2.99844e-13  5.00397e-13
4.227118631e+00  8.1726625e-13  8.17266e-13  2.95394e-13  5.21872e-13
4.248254224e+00  8.3530476e-13  8.35305e-13  2.91262e-13  5.44043e-13
4.269495495e+00  8.5383087e-13  8.53831e-13  2.86690e-13  5.67141e-13
4.290842972e+00  8.7289487e-13  8.72895e-13  2.81690e-13  5.91205e-13
4.312297187e+00  8.9287085e-13  8.92871e-13  2.76751e-13  6.16120e-13
4.333858673e+00  9.1385189e-13  9.13852e-13  2.71981e-13  6.41871e-13
4.355527967e+00  9.3583959e-13  9.35840e-13  2.67353e-13  6.68486e-13
4.377305606e+00  9.5898308e-13  9.58983e-13  2.63079e-13  6.95904e-13
4.399192134e+00  9.8331000e-13  9.83310e-13  2.59191e-13  7.24119e-13
4.421188095e+00  1.0087579e-12  1.00876e-12  2.55577e-13  7.53181e-13
4.443294036e+00  1.0353676e-12  1.03537e-12  2.52293e-13  7.83075e-13
4.465510506e+00  1.0627588e-12  1.06276e-12  2.48634e-13  8.14125e-13
4.487838058e+00  1.0909750e-12  1.09097e-12  2.44590e-13  8.46385e-13
4.510277249e+00  1.1199008e-12  1.11990e-12  2.39830e-13  8.80071e-13
4.532828635e+00  1.1496997e-12  1.14970e-12  2.34532e-13  9.15168e-13
4.555492778e+00  1.1802758e-12  1.18028e-12  2.28334e-13  9.51941e-13
4.578270242e+00  1.2115110e-12  1.21151e-12  2.20732e-13  9.90779e-13
4.601161593e+00  1.2440865e-12  1.24409e-12  2.13045e-13  1.03104e-12
4.624167401e+00  1.2778838e-12  1.27788e-12  2.04834e-13  1.07305e-12
4.647288238e+00  1.3130414e-12  1.31304e-12  1.96248e-13  1.11679e-12
4.670524679e+00  1.3497078e-12  1.34971e-12  1.87507e-13  1.16220e-12
4.693877303e+00  1.3877664e-12  1.38777e-12  1.77996e-13  1.20977e-12
4.717346689e+00  1.4277250e-12  1.42772e-12  1.69210e-13  1.25852e-12
4.740933423e+00  1.4696068e-12  1.46961e-12  1.61336e-13  1.30827e-12
4.764638090e+00  1.5132679e-12  1.51327e-12  1.53838e-13  1.35943e-12
4.788461280e+00  1.5587978e-12  1.55880e-12  1.47238e-13  1.41156e-12
4.812403587e+00  1.6061033e-12  1.60610e-12  1.41170e-13  1.46493e-12
4.836465604e+00  1.6551285e-12  1.65513e-12  1.35122e-13  1.52001e-12
4.860647933e+00  1.7059380e-12  1.70594e-12  1.29645e-13  1.57629e-12
4.884951172e+00  1.7585079e-12  1.75851e-12  1.24146e-13  1.63436e-12
4.909375928e+00  1.8128641e-12  1.81286e-12  1.19095e-13  1.69377e-12
4.933922808e+00  1.8689913e-12  1.86899e-12  1.14501e-13  1.75449e-12
4.958592422e+00  1.9269200e-12  1.92692e-12  1.09994e-13  1.81693e-12
4.983385384e+00  1.9867512e-12  1.98675e-12  1.05181e-13  1.88157e-12
5.008302311e+00  2.0484769e-12  2.04848e-12  1.00475e-13  1.94800e-12
5.033343822e+00  2.1119794e-12  2.11198e-12  9.63926e-14  2.01559e-12
5.058510541e+00  2.1772373e-12  2.17724e-12  9.28350e-14  2.08440e-12
5.083803094e+00  2.2441918e-12  2.24419e-12  8.98390e-14  2.15435e-12
5.109222110e+00  2.3129601e-12  2.31296e-12  8.70171e-14  2.22594e-12
5.134768220e+00  2.3835989e-12  2.38360e-12  8.42688e-14  2.29933e-12
5.160442061e+00  2.4560679e-12  2.45607e-12  8.17046e-14  2.37436e-12
5.186244272e+00  2.5303409e-12  2.53034e-12  7.93678e-14  2.45097e-12
5.212175493e+00  2.6064663e-12  2.60647e-12  7.71746e-14  2.52929e-12
5.238236370e+00  2.6844393e-12  2.68444e-12  7.51375e-14  2.60930e-12
5.264427552e+00  2.7641733e-12  2.76417e-12  7.33606e-14  2.69081e-12
5.290749690e+00  2.8452627e-12  2.84526e-12  7.22660e-14  2.77300e-12
5.317203438e+00  2.9273653e-12  2.92737e-12  7.20786e-14  2.85529e-12
5.343789456e+00  3.0106388e-12  3.01064e-12  7.24747e-14  2.93816e-12
5.370508403e+00  3.0955033e-12  3.09550e-12  7.29771e-14  3.02253e-12
5.397360945e+00  3.1822900e-12  3.18229e-12  7.33024e-14  3.10899e-12
5.424347750e+00  3.2707641e-12  3.27076e-12  7.36746e-14  3.19709e-12
5.451469488e+00  3.3603639e-12  3.36036e-12  7.44986e-14  3.28587e-12
5.478726836e+00  3.4515700e-12  3.45157e-12  7.53741e-14  3.37620e-12
5.506120470e+00  3.5449369e-12  3.54494e-12  7.59431e-14  3.46899e-12
5.533651072e+00  3.6412514e-12  3.64125e-12  7.57891e-14  3.56546e-12
5.561319328e+00  3.7414681e-12  3.74147e-12  7.44967e-14  3.66697e-12
5.589125924e+00  3.8457887e-12  3.84579e-12  7.21512e-14  3.77364e-12
5.617071554e+00  3.9530479e-12  3.95305e-12  6.95239e-14  3.88352e-12
5.645156912e+00  4.0611977e-12  4.06120e-12  6.76598e-14  3.99354e-12
5.673382696e+00  4.1709802e-12  4.17098e-12  6.61203e-14  4.10486e-12
5.701749610e+00  4.2831347e-12  4.28313e-12  6.45485e-14  4.21859e-12
5.730258358e+00  4.3985324e-12  4.39853e-12  6.26001e-14  4.33593e-12
5.758909650e+00  4.5177458e-12  4.51775e-12  6.01140e-14  4.45763e-12
5.787704198e+00  4.6385958e-12  4.63860e-12  5.79929e-14  4.58060e-12
5.816642719e+00  4.7614000e-12  4.76140e-12  5.60852e-14  4.70531e-12
5.845725932e+00  4.8866083e-12  4.88661e-12  5.42191e-14  4.83239e-12
5.874954562e+00  5.0148978e-12  5.01490e-12  5.21777e-14  4.96272e-12
5.904329335e+00  5.1461515e-12  5.14615e-12  5.00291e-14  5.09612e-12
5.933850982e+00  5.2806441e-12  5.28064e-12  4.77140e-14  5.23293e-12
5.963520237e+00  5.4167717e-12  5.41677e-12  4.57205e-14  5.37105e-12
5.993337838e+00  5.5532819e-12  5.55328e-12  4.43596e-14  5.50892e-12
6.023304527e+00  5.6908023e-12  5.69080e-12  4.33961e-14  5.64741e-12
6.053421050e+00  5.8303998e-12  5.83040e-12  4.25182e-14  5.78788e-12
6.083688155e+00  5.9720550e-12  5.97205e-12  4.17239e-14  5.93033e-12
6.114106596e+00  6.1168195e-12  6.11682e-12  4.07624e-14  6.07606e-12
6.144677129e+00  6.2647193e-12  6.26472e-12  3.96500e-14  6.22507e-12
6.175400514e+00  6.4140369e-12  6.41404e-12  3.87751e-14  6.37526e-12
6.206277517e+00  6.5650767e-12  6.56508e-12  3.80507e-14  6.52703e-12
6.237308904e+00  6.7172067e-12  6.71721e-12  3.75874e-14  6.67962e-12
6.268495449e+00  6.8707333e-12  6.87073e-12  3.72991e-14  6.83343e-12
6.299837926e+00  7.0258849e-12  7.02588e-12  3.71250e-14  6.98876e-12
6.331337116e+00  7.1822315e-12  7.18223e-12  3.71289e-14  7.14510e-12
6.362993801e+00  7.3402020e-12  7.34020e-12  3.72179e-14  7.30298e-12
6.394808770e+00  7.5010755e-12  7.50108e-12  3.71710e-14  7.46390e-12
6.426782814e+00  7.6654560e-12  7.66546e-12  3.69050e-14  7.62855e-12
6.458916728e+00  7.8323275e-12  7.83233e-12  3.65977e-14  7.79573e-12
6.491211312e+00  8.0019937e-12  8.00199e-12  3.62076e-14  7.96579e-12
6.523667368e+00  8.1723559e-12  8.17236e-12  3.60428e-14  8.13631e-12
6.556285705e+00  8.3444974e-12  8.34450e-12  3.59302e-14  8.30857e-12
6.589067134e+00  8.5188453e-12  8.51885e-12  3.58062e-14  8.48304e-12
6.622012469e+00  8.6948389e-12  8.69484e-12  3.57429e-14  8.65910e-12
6.655122532e+00  8.8738157e-12  8.87382e-12  3.55658e-14  8.83825e-12
6.688398144e+00  9.0550781e-12  9.05508e-12  3.53686e-14  9.01971e-12
6.721840135e+00  9.2385401e-12  9.23854e-12  3.51620e-14  9.20338e-12
6.755449336e+00  9.4247186e-12  9.42472e-12  3.48867e-14  9.38983e-12
6.789226583e+00  9.6139109e-12  9.61391e-12  3.45151e-14  9.57940e-12
6.823172715e+00  9.8052487e-12  9.80525e-12  3.41473e-14  9.77110e-12
6.857288579e+00  1.0000496e-11  1.00005e-11  3.35999e-14  9.96690e-12
6.891575022e+00  1.0198799e-11  1.01988e-11  3.29734e-14  1.01658e-11
6.926032897e+00  1.0401277e-11  1.04013e-11  3.21659e-14  1.03691e-11
6.960663062e+00  1.0606742e-11  1.06067e-11  3.13044e-14  1.05754e-11
6.995466377e+00  1.0815020e-11  1.08150e-11  3.04092e-14  1.07846e-11
7.030443709e+00  1.1025918e-11  1.10259e-11  2.94997e-14  1.09964e-11
7.065595927e+00  1.1239440e-11  1.12394e-11  2.85766e-14  1.12109e-11
7.100923907e+00  1.1454607e-11  1.14546e-11  2.77219e-14  1.14269e-11
7.136428526e+00  1.1673138e-11  1.16731e-11  2.67904e-14  1.16463e-11
7.172110669e+00  1.1893721e-11  1.18937e-11  2.58912e-14  1.18678e-11
7.207971222e+00  1.2116321e-11  1.21163e-11  2.50234e-14  1.20913e-11
7.244011079e+00  1.2339607e-11  1.23396e-11  2.42826e-14  1.23153e-11
7.280231134e+00  1.2564307e-11  1.25643e-11  2.36049e-14  1.25407e-11
7.316632290e+00  1.2793296e-11  1.27933e-11  2.27831e-14  1.27705e-11
7.353215451e+00  1.3024679e-11  1.30247e-11  2.19571e-14  1.30027e-11
7.389981528e+00  1.3258315e-11  1.32583e-11  2.11356e-14  1.32372e-11
7.426931436e+00  1.3494316e-11  1.34943e-11  2.03104e-14  1.34740e-11
7.464066093e+00  1.3733463e-11  1.37335e-11  1.94322e-14  1.37140e-11
7.501386424e+00  1.3973093e-11  1.39731e-11  1.86665e-14  1.39544e-11
7.538893356e+00  1.4213502e-11  1.42135e-11  1.79860e-14  1.41955e-11
7.576587822e+00  1.4454592e-11  1.44546e-11  1.73886e-14  1.44372e-11
7.614470762e+00  1.4696124e-11  1.46961e-11  1.68802e-14  1.46792e-11
7.652543115e+00  1.4939146e-11  1.49391e-11  1.63953e-14  1.49228e-11
7.690805831e+00  1.5183169e-11  1.51832e-11  1.59569e-14  1.51672e-11
7.729259860e+00  1.5427969e-11  1.54280e-11  1.55715e-14  1.54124e-11
7.767906159e+00  1.5673467e-11  1.56735e-11  1.52379e-14  1.56582e-11
7.806745690e+00  1.5920351e-11  1.59204e-11  1.49165e-14  1.59054e-11
7.845779419e+00  1.6167162e-11  1.61672e-11  1.46752e-14  1.61525e-11
7.885008316e+00  1.6417300e-11  1.64173e-11  1.43472e-14  1.64030e-11
7.924433357e+00  1.6670167e-11  1.66702e-11  1.39647e-14  1.66562e-11
7.964055524e+00  1.6924633e-11  1.69246e-11  1.35805e-14  1.69111e-11
8.003875802e+00  1.7180161e-11  1.71802e-11  1.32167e-14  1.71669e-11
8.043895181e+00  1.7434143e-11  1.74341e-11  1.29809e-14  1.74212e-11
8.084114657e+00  1.7683636e-11  1.76836e-11  1.29838e-14  1.76707e-11
8.124535230e+00  1.7925529e-11  1.79255e-11  1.33324e-14  1.79122e-11
8.165157906e+00  1.8158850e-11  1.81589e-11  1.40380e-14  1.81448e-11
8.205983696e+00  1.8384947e-11  1.83849e-11  1.50215e-14  1.83699e-11
8.247013614e+00  1.8608204e-11  1.86082e-11  1.60958e-14  1.85921e-11
8.288248682e+00  1.8837565e-11  1.88376e-11  1.69241e-14  1.88206e-11
8.329689926e+00  1.9077590e-11  1.90776e-11  1.73573e-14  1.90602e-11
8.371338375e+00  1.9324278e-11  1.93243e-11  1.75601e-14  1.93067e-11
8.413195067e+00  1.9562695e-11  1.95627e-11  1.80563e-14  1.95446e-11
8.455261042e+00  1.9792230e-11  1.97922e-11  1.88443e-14  1.97734e-11
8.497537348e+00  2.0025038e-11  2.00250e-11  1.95055e-14  2.00055e-11
8.540025034e+00  2.0249468e-11  2.02495e-11  2.04176e-14  2.02291e-11
8.582725160e+00  2.0446668e-11  2.04467e-11  2.21491e-14  2.04245e-11
8.625638785e+00  2.0602203e-11  2.06022e-11  2.50827e-14  2.05771e-11
8.668766979e+00  2.0708099e-11  2.07081e-11  2.93734e-14  2.06787e-11
8.712110814e+00  2.0759244e-11  2.07592e-11  3.50762e-14  2.07242e-11
8.755671368e+00  2.0748850e-11  2.07488e-11  4.22866e-14  2.07066e-11
8.799449725e+00  2.0706874e-11  2.07069e-11  5.00637e-14  2.06568e-11
8.843446974e+00  2.0655583e-11  2.06556e-11  5.77546e-14  2.05978e-11
8.887664209e+00  2.0604713e-11  2.06047e-11  6.50956e-14  2.05396e-11
8.932102530e+00  2.0613332e-11  2.06133e-11  7.05559e-14  2.05428e-11
8.976763042e+00  2.0653233e-11  2.06532e-11  7.49682e-14  2.05783e-11
9.021646857e+00  2.0731278e-11  2.07313e-11  7.82199e-14  2.06531e-11
9.066755092e+00  2.0902862e-11  2.09029e-11  7.90187e-14  2.08238e-11
9.112088867e+00  2.1145871e-11  2.11459e-11  7.80442e-14  2.10678e-11
9.157649312e+00  2.1436044e-11  2.14360e-11  7.59746e-14  2.13601e-11
9.203437558e+00  2.1736926e-11  2.17369e-11  7.37171e-14  2.16632e-11
9.249454746e+00  2.2039181e-11  2.20392e-11  7.14945e-14  2.19677e-11
9.295702020e+00  2.2348492e-11  2.23485e-11  6.91795e-14  2.22793e-11
9.342180530e+00  2.2668277e-11  2.26683e-11  6.67042e-14  2.26016e-11
9.388891432e+00  2.2995217e-11  2.29952e-11  6.41494e-14  2.29311e-11
9.435835890e+00  2.3281813e-11  2.32818e-11  6.25103e-14  2.32193e-11
9.483015069e+00  2.3524858e-11  2.35249e-11  6.17994e-14  2.34631e-11
9.530430144e+00  2.3725801e-11  2.37258e-11  6.19334e-14  2.36639e-11
9.578082295e+00  2.3925269e-11  2.39253e-11  6.20646e-14  2.38632e-11
9.625972707e+00  2.4136627e-11  2.41366e-11  6.19346e-14  2.40747e-11
9.674102570e+00  2.4351558e-11  2.43516e-11  6.17144e-14  2.42898e-11
9.722473083e+00  2.4572072e-11  2.45721e-11  6.13709e-14  2.45107e-11
9.771085448e+00  2.4819330e-11  2.48193e-11  6.05257e-14  2.47588e-11
9.819940876e+00  2.5087672e-11  2.50877e-11  5.93072e-14  2.50284e-11
9.869040580e+00  2.5356536e-11  2.53565e-11  5.80960e-14  2.52984e-11
9.918385783e+00  2.5643526e-11  2.56435e-11  5.65892e-14  2.55869e-11
9.967977712e+00  2.5964036e-11  2.59640e-11  5.45434e-14  2.59095e-11
1.001781760e+01  2.6280973e-11  2.62810e-11  5.26024e-14  2.62284e-11
1.006790669e+01  2.6614928e-11  2.66149e-11  5.04265e-14  2.65645e-11
1.011824622e+01  2.6972776e-11  2.69728e-11  4.79190e-14  2.69249e-11
1.016883745e+01  2.7326202e-11  2.73262e-11  4.55422e-14  2.72807e-11
1.021968164e+01  2.7626355e-11  2.76264e-11  4.40418e-14  2.75823e-11
1.027078005e+01  2.7795761e-11  2.77958e-11  4.45434e-14  2.77512e-11
1.032213395e+01  2.7853326e-11  2.78533e-11  4.66602e-14  2.78067e-11
1.037374462e+01  2.7904974e-11  2.79050e-11  4.87606e-14  2.78562e-11
1.042561334e+01  2.8064600e-11  2.80646e-11  4.92104e-14  2.80154e-11
1.047774141e+01  2.8328666e-11  2.83287e-11  4.81434e-14  2.82805e-11
1.053013012e+01  2.8599049e-11  2.85990e-11  4.69957e-14  2.85521e-11
1.058278077e+01  2.8788402e-11  2.87884e-11  4.69603e-14  2.87414e-11
1.063569467e+01  2.8930371e-11  2.89304e-11  4.75303e-14  2.88828e-11
1.068887314e+01  2.9101393e-11  2.91014e-11  4.76690e-14  2.90537e-11
1.074231751e+01  2.9337636e-11  2.93376e-11  4.69297e-14  2.92907e-11
1.079602910e+01  2.9622544e-11  2.96225e-11  4.55661e-14  2.95770e-11
1.085000924e+01  2.9983600e-11  2.99836e-11  4.32653e-14  2.99403e-11
1.090425929e+01  3.0365199e-11  3.03652e-11  4.07579e-14  3.03244e-11
1.095878058e+01  3.0652104e-11  3.06521e-11  3.94488e-14  3.06127e-11
1.101357449e+01  3.0806803e-11  3.08068e-11  3.97268e-14  3.07671e-11
1.106864236e+01  3.0912134e-11  3.09121e-11  4.05450e-14  3.08716e-11
1.112398557e+01  3.0974978e-11  3.09750e-11  4.17976e-14  3.09332e-11
1.117960550e+01  3.1076833e-11  3.10768e-11  4.25389e-14  3.10343e-11
1.123550353e+01  3.1255284e-11  3.12553e-11  4.23730e-14  3.12129e-11
1.129168104e+01  3.1480469e-11  3.14805e-11  4.16699e-14  3.14388e-11
1.134813945e+01  3.1777527e-11  3.17775e-11  4.01827e-14  3.17373e-11
1.140488015e+01  3.2124838e-11  3.21248e-11  3.81782e-14  3.20867e-11
1.146190455e+01  3.2478144e-11  3.24781e-11  3.61443e-14  3.24420e-11
1.151921407e+01  3.2845721e-11  3.28457e-11  3.39974e-14  3.28117e-11
1.157681014e+01  3.3267711e-11  3.32677e-11  3.13355e-14  3.32364e-11
1.163469419e+01  3.3671164e-11  3.36712e-11  2.89124e-14  3.36423e-11
1.169286766e+01  3.4018898e-11  3.40189e-11  2.70843e-14  3.39918e-11
1.175133200e+01  3.4354922e-11  3.43549e-11  2.53980e-14  3.43295e-11
1.181008866e+01  3.4702182e-11  3.47022e-11  2.36283e-14  3.46786e-11
1.186913910e+01  3.5018978e-11  3.50190e-11  2.21720e-14  3.49968e-11
1.192848480e+01  3.5293967e-11  3.52940e-11  2.11209e-14  3.52728e-11
1.198812722e+01  3.5554512e-11  3.55545e-11  2.02073e-14  3.55343e-11
1.204806786e+01  3.5804498e-11  3.58045e-11  1.93903e-14  3.57851e-11
1.210830820e+01  3.6055846e-11  3.60558e-11  1.85599e-14  3.60373e-11
1.216884974e+01  3.6303620e-11  3.63036e-11  1.77601e-14  3.62859e-11
1.222969399e+01  3.6558064e-11  3.65581e-11  1.69011e-14  3.65412e-11
1.229084246e+01  3.6808134e-11  3.68081e-11  1.60794e-14  3.67921e-11
1.235229667e+01  3.7031774e-11  3.70318e-11  1.54787e-14  3.70163e-11
1.241405815e+01  3.7244482e-11  3.72445e-11  1.49614e-14  3.72295e-11
1.247612845e+01  3.7456999e-11  3.74570e-11  1.44367e-14  3.74426e-11
1.253850909e+01  3.7666584e-11  3.76666e-11  1.39267e-14  3.76527e-11
1.260120163e+01  3.7870056e-11  3.78701e-11  1.34561e-14  3.78566e-11
1.266420764e+01  3.8073248e-11  3.80732e-11  1.29778e-14  3.80603e-11
1.272752868e+01  3.8270218e-11  3.82702e-11  1.25377e-14  3.82577e-11
1.279116632e+01  3.8454531e-11  3.84545e-11  1.21835e-14  3.84423e-11
1.285512215e+01  3.8631223e-11  3.86312e-11  1.18737e-14  3.86193e-11
1.291939776e+01  3.8794600e-11  3.87946e-11  1.16489e-14  3.87830e-11
1.298399475e+01  3.8964225e-11  3.89642e-11  1.13625e-14  3.89529e-11
1.304891473e+01  3.9129682e-11  3.91297e-11  1.10921e-14  3.91186e-11
1.311415930e+01  3.9282018e-11  3.92820e-11  1.09008e-14  3.92711e-11
1.317973010e+01  3.9433709e-11  3.94337e-11  1.06978e-14  3.94230e-11
1.324562875e+01  3.9598637e-11  3.95986e-11  1.03872e-14  3.95883e-11
1.331185689e+01  3.9771627e-11  3.97716e-11  1.00086e-14  3.97616e-11
1.337841618e+01  3.9948657e-11  3.99487e-11  9.59166e-15  3.99391e-11
1.344530826e+01  4.0121117e-11  4.01211e-11  9.19548e-15  4.01119e-11
1.351253480e+01  4.0266634e-11  4.02666e-11  8.96677e-15  4.02577e-11
1.358009747e+01  4.0367956e-11  4.03680e-11  9.01159e-15  4.03589e-11
1.364799796e+01  4.0448411e-11  4.04484e-11  9.16976e-15  4.04392e-11
1.371623795e+01  4.0548731e-11  4.05487e-11  9.17838e-15  4.05396e-11
1.378481914e+01  4.0658653e-11  4.06587e-11  9.10725e-15  4.06495e-11
1.385374323e+01  4.0785832e-11  4.07858e-11  8.91185e-15  4.07769e-11
1.392301195e+01  4.0925796e-11  4.09258e-11  8.62402e-15  4.09172e-11
1.399262701e+01  4.1082034e-11  4.10820e-11  8.22605e-15  4.10738e-11
1.406259015e+01  4.1223382e-11  4.12234e-11  7.90809e-15  4.12155e-11
1.413290310e+01  4.1360334e-11  4.13603e-11  7.60541e-15  4.13527e-11
1.420356761e+01  4.1480116e-11  4.14801e-11  7.39203e-15  4.14727e-11
1.427458545e+01  4.1598805e-11  4.15988e-11  7.17217e-15  4.15916e-11
1.434595838e+01  4.1724517e-11  4.17245e-11  6.89985e-15  4.17176e-11
1.441768817e+01  4.1841481e-11  4.18415e-11  6.66577e-15  4.18348e-11
1.448977661e+01  4.1947077e-11  4.19471e-11  6.48322e-15  4.19406e-11
1.456222549e+01  4.2040389e-11  4.20404e-11  6.35552e-15  4.20340e-11
1.463503662e+01  4.2129108e-11  4.21291e-11  6.23900e-15  4.21229e-11
1.470821180e+01  4.2187781e-11  4.21878e-11  6.27020e-15  4.21815e-11
1.478175286e+01  4.2244342e-11  4.22443e-11  6.29564e-15  4.22380e-11
1.485566163e+01  4.2306159e-11  4.23062e-11  6.27679e-15  4.22999e-11
1.492993994e+01  4.2373280e-11  4.23733e-11  6.21490e-15  4.23671e-11
1.500458964e+01  4.2461376e-11  4.24614e-11  6.03084e-15  4.24553e-11
1.507961258e+01  4.2542736e-11  4.25427e-11  5.86961e-15  4.25369e-11
1.515501065e+01  4.2609942e-11  4.26099e-11  5.76782e-15  4.26042e-11
1.523078570e+01  4.2639407e-11  4.26394e-11  5.84094e-15  4.26336e-11
1.530693963e+01  4.2568144e-11  4.25681e-11  6.39335e-15  4.25618e-11
1.538347433e+01  4.2479287e-11  4.24793e-11  7.00493e-15  4.24723e-11
1.546039170e+01  4.2357067e-11  4.23571e-11  7.74970e-15  4.23493e-11
1.553769366e+01  4.2194417e-11  4.21944e-11  8.65709e-15  4.21858e-11
1.561538212e+01  4.2132012e-11  4.21320e-11  9.05851e-15  4.21230e-11
1.569345903e+01  4.2103924e-11  4.21039e-11  9.27740e-15  4.20946e-11
1.577192633e+01  4.2121263e-11  4.21213e-11  9.26815e-15  4.21120e-11
1.585078596e+01  4.2152078e-11  4.21521e-11  9.18388e-15  4.21429e-11
1.593003989e+01  4.2188060e-11  4.21881e-11  9.06453e-15  4.21790e-11
1.600969009e+01  4.2216030e-11  4.22160e-11  8.97026e-15  4.22071e-11
1.608973854e+01  4.2235988e-11  4.22360e-11  8.90037e-15  4.22271e-11
1.617018723e+01  4.2203426e-11  4.22034e-11  9.04948e-15  4.21944e-11
1.625103817e+01  4.2113876e-11  4.21139e-11  9.43049e-15  4.21044e-11
1.633229336e+01  4.1927596e-11  4.19276e-11  1.02074e-14  4.19174e-11
1.641395483e+01  4.1693944e-11  4.16939e-11  1.11585e-14  4.16828e-11
1.649602460e+01  4.1490180e-11  4.14902e-11  1.19527e-14  4.14782e-11
1.657850473e+01  4.1279741e-11  4.12797e-11  1.27473e-14  4.12670e-11
1.666139725e+01  4.1191176e-11  4.11912e-11  1.30108e-14  4.11782e-11
1.674470424e+01  4.1080613e-11  4.10806e-11  1.33476e-14  4.10673e-11
1.682842776e+01  4.1002842e-11  4.10028e-11  1.35335e-14  4.09893e-11
1.691256990e+01  4.0856773e-11  4.08568e-11  1.39790e-14  4.08428e-11
1.699713274e+01  4.0695440e-11  4.06954e-11  1.44656e-14  4.06810e-11
1.708211841e+01  4.0491520e-11  4.04915e-11  1.50999e-14  4.04764e-11
1.716752900e+01  4.0291430e-11  4.02914e-11  1.56966e-14  4.02757e-11
1.725336665e+01  4.0066534e-11  4.00665e-11  1.63676e-14  4.00502e-11
1.733963348e+01  3.9830139e-11  3.98301e-11  1.70598e-14  3.98131e-11
1.742633165e+01  3.9544391e-11  3.95444e-11  1.79164e-14  3.95265e-11
1.751346330e+01  3.9269793e-11  3.92698e-11  1.87052e-14  3.92511e-11
1.760103062e+01  3.9009474e-11  3.90095e-11  1.94165e-14  3.89901e-11
1.768903577e+01  3.8827307e-11  3.88273e-11  1.98164e-14  3.88075e-11
1.777748095e+01  3.8687562e-11  3.86876e-11  2.00440e-14  3.86675e-11
1.786636836e+01  3.8620973e-11  3.86210e-11  1.99926e-14  3.86010e-11
1.795570020e+01  3.8580836e-11  3.85808e-11  1.98375e-14  3.85610e-11
1.804547870e+01  3.8550864e-11  3.85509e-11  1.96397e-14  3.85312e-11
1.813570609e+01  3.8510869e-11  3.85109e-11  1.94718e-14  3.84914e-11
1.822638462e+01  3.8422325e-11  3.84223e-11  1.94680e-14  3.84029e-11
1.831751655e+01  3.8283636e-11  3.82836e-11  1.96297e-14  3.82640e-11
1.840910413e+01  3.8107225e-11  3.81072e-11  1.99101e-14  3.80873e-11
1.850114965e+01  3.7974507e-11  3.79745e-11  2.00281e-14  3.79545e-11
1.859365540e+01  3.7869660e-11  3.78697e-11  2.00414e-14  3.78496e-11
1.868662368e+01  3.7806997e-11  3.78070e-11  1.99049e-14  3.77871e-11
1.878005679e+01  3.7699313e-11  3.76993e-11  1.99126e-14  3.76794e-11
1.887395708e+01  3.7552885e-11  3.75529e-11  2.00402e-14  3.75328e-11
1.896832686e+01  3.7388733e-11  3.73887e-11  2.02162e-14  3.73685e-11
1.906316850e+01  3.7169672e-11  3.71697e-11  2.05601e-14  3.71491e-11
1.915848434e+01  3.6968709e-11  3.69687e-11  2.08327e-14  3.69479e-11
1.925427676e+01  3.6835953e-11  3.68360e-11  2.08759e-14  3.68151e-11
1.935054815e+01  3.6744790e-11  3.67448e-11  2.07794e-14  3.67240e-11
1.944730089e+01  3.6691166e-11  3.66912e-11  2.05596e-14  3.66706e-11
1.954453739e+01  3.6659854e-11  3.66599e-11  2.02669e-14  3.66396e-11
1.964226008e+01  3.6658481e-11  3.66585e-11  1.98795e-14  3.66386e-11
1.974047138e+01  3.6664172e-11  3.66642e-11  1.94701e-14  3.66447e-11
1.983917374e+01  3.6668331e-11  3.66683e-11  1.90653e-14  3.66493e-11
1.993836960e+01  3.6727783e-11  3.67278e-11  1.84935e-14  3.67093e-11
2.003806145e+01  3.6794031e-11  3.67940e-11  1.79041e-14  3.67761e-11
2.013825176e+01  3.6857667e-11  3.68577e-11  1.73255e-14  3.68403e-11
2.023894302e+01  3.6910201e-11  3.69102e-11  1.67828e-14  3.68934e-11
2.034013773e+01  3.6941098e-11  3.69411e-11  1.63059e-14  3.69248e-11
2.044183842e+01  3.6941180e-11  3.69412e-11  1.59203e-14  3.69253e-11
2.054404761e+01  3.6945247e-11  3.69452e-11  1.55235e-14  3.69297e-11
2.064676785e+01  3.6966746e-11  3.69667e-11  1.50774e-14  3.69517e-11
2.075000169e+01  3.6964804e-11  3.69648e-11  1.46993e-14  3.69501e-11
2.085375170e+01  3.6953832e-11  3.69538e-11  1.43472e-14  3.69395e-11
2.095802046e+01  3.6936399e-11  3.69364e-11  1.40134e-14  3.69224e-11
2.106281056e+01  3.6938002e-11  3.69380e-11  1.36266e-14  3.69244e-11
2.116812461e+01  3.6949345e-11  3.69493e-11  1.32137e-14  3.69361e-11
2.127396524e+01  3.6953750e-11  3.69537e-11  1.28212e-14  3.69409e-11
2.138033506e+01  3.6988532e-11  3.69885e-11  1.23471e-14  3.69762e-11
2.148723674e+01  3.7044782e-11  3.70448e-11  1.18172e-14  3.70330e-11
2.159467292e+01  3.7098016e-11  3.70980e-11  1.12986e-14  3.70867e-11
2.170264629e+01  3.7159341e-11  3.71593e-11  1.07615e-14  3.71486e-11
2.181115952e+01  3.7195078e-11  3.71951e-11  1.02956e-14  3.71848e-11
2.192021532e+01  3.7214416e-11  3.72144e-11  9.87513e-15  3.72045e-11
2.202981639e+01  3.7212593e-11  3.72126e-11  9.51184e-15  3.72031e-11
2.213996547e+01  3.7212536e-11  3.72125e-11  9.14514e-15  3.72034e-11
2.225066530e+01  3.7218277e-11  3.72183e-11  8.76479e-15  3.72095e-11
2.236191863e+01  3.7187747e-11  3.71877e-11  8.47875e-15  3.71793e-11
2.247372822e+01  3.7130123e-11  3.71301e-11  8.26188e-15  3.71219e-11
2.258609686e+01  3.7072958e-11  3.70730e-11  8.04332e-15  3.70649e-11
2.269902735e+01  3.7000235e-11  3.70002e-11  7.86332e-15  3.69924e-11
2.281252248e+01  3.6896537e-11  3.68965e-11  7.75961e-15  3.68888e-11
2.292658510e+01  3.6767730e-11  3.67677e-11  7.71622e-15  3.67600e-11
2.304121802e+01  3.6619219e-11  3.66192e-11  7.71875e-15  3.66115e-11
2.315642411e+01  3.6471766e-11  3.64718e-11  7.71568e-15  3.64641e-11
2.327220623e+01  3.6313555e-11  3.63136e-11  7.73585e-15  3.63058e-11
2.338856726e+01  3.6149422e-11  3.61494e-11  7.76720e-15  3.61417e-11
2.350551010e+01  3.6007629e-11  3.60076e-11  7.74189e-15  3.59999e-11
2.362303765e+01  3.5872752e-11  3.58728e-11  7.69775e-15  3.58651e-11
2.374115284e+01  3.5730739e-11  3.57307e-11  7.66845e-15  3.57231e-11
2.385985860e+01  3.5579354e-11  3.55794e-11  7.65903e-15  3.55717e-11
2.397915789e+01  3.5426431e-11  3.54264e-11  7.65087e-15  3.54188e-11
2.409905368e+01  3.5267000e-11  3.52670e-11  7.65554e-15  3.52593e-11
2.421954895e+01  3.5100381e-11  3.51004e-11  7.67444e-15  3.50927e-11
2.434064670e+01  3.4932017e-11  3.49320e-11  7.69487e-15  3.49243e-11
2.446234993e+01  3.4757757e-11  3.47578e-11  7.72633e-15  3.47500e-11
2.458466168e+01  3.4565930e-11  3.45659e-11  7.79512e-15  3.45581e-11
2.470758499e+01  3.4365441e-11  3.43654e-11  7.88058e-15  3.43576e-11
2.483112291e+01  3.4178989e-11  3.41790e-11  7.93161e-15  3.41711e-11
2.495527853e+01  3.4012063e-11  3.40121e-11  7.93667e-15  3.40041e-11
